,proba_0,proba_1,proba_2
0,0.186,0.062,0.752
1,0.216,0.07,0.714
2,0.988,0.006,0.006
3,0.202,0.376,0.422
4,0.216,0.048,0.736
5,0.14,0.36,0.5
6,0.122,0.174,0.704
7,0.358,0.472,0.17
8,0.088,0.13,0.782
9,0.16,0.194,0.646
10,0.1,0.746,0.154
11,0.488,0.088,0.424
12,0.326,0.32,0.354
13,0.202,0.098,0.7
14,0.118,0.072,0.81
15,0.198,0.342,0.46
16,0.238,0.052,0.71
17,0.252,0.296,0.452
18,0.33,0.45,0.22
19,0.172,0.344,0.484
20,0.22,0.25,0.53
21,0.082,0.428,0.49
22,0.202,0.064,0.734
23,0.208,0.046,0.746
24,0.256,0.166,0.578
25,0.198,0.412,0.39
26,0.152,0.36,0.488
27,0.958,0.022,0.02
28,0.358,0.106,0.536
29,0.538,0.154,0.308
30,0.042,0.048,0.91
31,0.094,0.6,0.306
32,0.396,0.03,0.574
33,0.108,0.296,0.596
34,0.154,0.07,0.776
35,0.266,0.052,0.682
36,0.174,0.448,0.378
37,0.444,0.212,0.344
38,0.308,0.526,0.166
39,0.12,0.06,0.82
40,0.274,0.194,0.532
41,0.094,0.106,0.8
42,0.068,0.534,0.398
43,0.166,0.176,0.658
44,0.146,0.078,0.776
45,0.192,0.13,0.678
46,0.096,0.116,0.788
47,0.148,0.026,0.826
48,0.178,0.262,0.56
49,0.42,0.044,0.536
50,0.072,0.132,0.796
51,0.316,0.25,0.434
52,0.15,0.128,0.722
53,0.552,0.152,0.296
54,0.062,0.058,0.88
55,0.024,0.022,0.954
56,0.118,0.188,0.694
57,0.156,0.15,0.694
58,0.29,0.088,0.622
59,0.05,0.128,0.822
60,0.218,0.188,0.594
61,0.254,0.096,0.65
62,0.214,0.402,0.384
63,0.088,0.068,0.844
64,0.08,0.272,0.648
65,0.048,0.028,0.924
66,0.034,0.066,0.9
67,0.394,0.134,0.472
68,0.116,0.584,0.3
69,0.32,0.164,0.516
70,0.734,0.16,0.106
71,0.192,0.26,0.548
72,0.49,0.006,0.504
73,0.648,0.128,0.224
74,0.08,0.69,0.23
75,0.886,0.038,0.076
76,0.216,0.122,0.662
77,0.056,0.292,0.652
78,0.13,0.096,0.774
79,0.41,0.096,0.494
80,0.198,0.082,0.72
81,0.33,0.092,0.578
82,0.544,0.15,0.306
83,0.076,0.114,0.81
84,0.102,0.388,0.51
85,0.21,0.242,0.548
86,0.638,0.074,0.288
87,0.352,0.458,0.19
88,0.084,0.282,0.634
89,0.06,0.244,0.696
90,0.196,0.54,0.264
91,0.214,0.036,0.75
92,0.2,0.15,0.65
93,0.16,0.078,0.762
94,0.164,0.448,0.388
95,0.504,0.112,0.384
96,0.72,0.076,0.204
97,0.046,0.056,0.898
98,0.26,0.126,0.614
99,0.26,0.074,0.666
100,0.098,0.43,0.472
101,0.16,0.456,0.384
102,0.354,0.064,0.582
103,0.104,0.298,0.598
104,0.134,0.098,0.768
105,0.234,0.046,0.72
106,0.094,0.478,0.428
107,0.042,0.408,0.55
108,0.168,0.126,0.706
109,0.074,0.112,0.814
110,0.138,0.17,0.692
111,0.134,0.08,0.786
112,0.164,0.28,0.556
113,0.142,0.342,0.516
114,0.676,0.13,0.194
115,0.236,0.078,0.686
116,0.198,0.136,0.666
117,0.082,0.356,0.562
118,0.276,0.118,0.606
119,0.082,0.166,0.752
120,0.208,0.122,0.67
121,0.008,0.142,0.85
122,0.192,0.094,0.714
123,0.132,0.652,0.216
124,0.058,0.044,0.898
125,0.122,0.12,0.758
126,0.166,0.014,0.82
127,0.434,0.172,0.394
128,0.596,0.114,0.29
129,0.048,0.434,0.518
130,0.602,0.086,0.312
131,0.138,0.132,0.73
132,0.144,0.252,0.604
133,0.802,0.106,0.092
134,0.106,0.132,0.762
135,0.278,0.184,0.538
136,0.044,0.134,0.822
137,0.406,0.056,0.538
138,0.2,0.232,0.568
139,0.04,0.522,0.438
140,0.108,0.11,0.782
141,0.078,0.194,0.728
142,0.118,0.628,0.254
143,0.248,0.272,0.48
144,0.594,0.188,0.218
145,0.064,0.082,0.854
146,0.346,0.162,0.492
147,0.154,0.328,0.518
148,0.216,0.09,0.694
149,0.048,0.098,0.854
150,0.188,0.326,0.486
151,0.172,0.042,0.786
152,0.568,0.156,0.276
153,0.212,0.024,0.764
154,0.294,0.288,0.418
155,0.362,0.174,0.464
156,0.124,0.508,0.368
157,0.292,0.04,0.668
158,0.038,0.196,0.766
159,0.074,0.162,0.764
160,0.216,0.174,0.61
161,0.222,0.296,0.482
162,0.204,0.298,0.498
163,0.198,0.4,0.402
164,0.19,0.222,0.588
165,0.136,0.236,0.628
166,0.212,0.398,0.39
167,0.404,0.112,0.484
168,0.17,0.424,0.406
169,0.246,0.12,0.634
170,0.108,0.186,0.706
171,0.23,0.118,0.652
172,0.174,0.068,0.758
173,0.306,0.11,0.584
174,0.088,0.31,0.602
175,0.052,0.032,0.916
176,0.162,0.486,0.352
177,0.124,0.156,0.72
178,0.072,0.358,0.57
179,0.062,0.238,0.7
180,0.132,0.216,0.652
181,0.174,0.132,0.694
182,0.142,0.162,0.696
183,0.264,0.41,0.326
184,0.36,0.05,0.59
185,0.194,0.164,0.642
186,0.754,0.076,0.17
187,0.274,0.126,0.6
188,0.264,0.104,0.632
189,0.076,0.07,0.854
190,0.188,0.116,0.696
191,0.3,0.016,0.684
192,0.334,0.246,0.42
193,0.056,0.132,0.812
194,0.116,0.38,0.504
195,0.286,0.276,0.438
196,0.322,0.176,0.502
197,0.114,0.582,0.304
198,0.38,0.066,0.554
199,0.004,0.648,0.348
200,0.108,0.098,0.794
201,0.21,0.074,0.716
202,0.024,0.362,0.614
203,0.554,0.232,0.214
204,0.092,0.548,0.36
205,0.224,0.204,0.572
206,0.292,0.428,0.28
207,0.46,0.116,0.424
208,0.236,0.43,0.334
209,0.956,0.014,0.03
210,0.052,0.098,0.85
211,0.352,0.166,0.482
212,0.064,0.518,0.418
213,0.548,0.132,0.32
214,0.118,0.234,0.648
215,0.106,0.168,0.726
216,0.15,0.344,0.506
217,0.42,0.116,0.464
218,0.324,0.264,0.412
219,0.3,0.044,0.656
220,0.194,0.228,0.578
221,0.088,0.738,0.174
222,0.48,0.154,0.366
223,0.116,0.348,0.536
224,0.104,0.16,0.736
225,0.068,0.018,0.914
226,0.2,0.444,0.356
227,0.404,0.334,0.262
228,0.058,0.036,0.906
229,0.106,0.206,0.688
230,0.464,0.246,0.29
231,0.262,0.26,0.478
232,0.092,0.136,0.772
233,0.314,0.244,0.442
234,0.2,0.498,0.302
235,0.176,0.28,0.544
236,0.146,0.522,0.332
237,0.328,0.032,0.64
238,0.16,0.432,0.408
239,0.11,0.022,0.868
240,0.332,0.116,0.552
241,0.03,0.182,0.788
242,0.54,0.14,0.32
243,0.238,0.094,0.668
244,0.08,0.164,0.756
245,0.182,0.326,0.492
246,0.218,0.532,0.25
247,0.35,0.498,0.152
248,0.288,0.022,0.69
249,0.25,0.206,0.544
250,0.388,0.038,0.574
251,0.072,0.352,0.576
252,0.526,0.152,0.322
253,0.162,0.104,0.734
254,0.23,0.038,0.732
255,0.238,0.21,0.552
256,0.268,0.166,0.566
257,0.342,0.082,0.576
258,0.136,0.218,0.646
259,0.398,0.08,0.522
260,0.072,0.198,0.73
261,0.276,0.07,0.654
262,0.4,0.092,0.508
263,0.154,0.242,0.604
264,0.144,0.26,0.596
265,0.276,0.23,0.494
266,0.384,0.086,0.53
267,0.496,0.224,0.28
268,0.258,0.122,0.62
269,0.14,0.06,0.8
270,0.08,0.184,0.736
271,0.13,0.298,0.572
272,0.166,0.06,0.774
273,0.102,0.14,0.758
274,0.452,0.316,0.232
275,0.198,0.096,0.706
276,0.238,0.362,0.4
277,0.098,0.06,0.842
278,0.274,0.172,0.554
279,0.588,0.14,0.272
280,0.53,0.152,0.318
281,0.732,0.174,0.094
282,0.056,0.274,0.67
283,0.508,0.142,0.35
284,0.404,0.048,0.548
285,0.436,0.076,0.488
286,0.15,0.19,0.66
287,0.108,0.33,0.562
288,0.71,0.124,0.166
289,0.144,0.318,0.538
290,0.162,0.094,0.744
291,0.138,0.08,0.782
292,0.042,0.11,0.848
293,0.182,0.076,0.742
294,0.332,0.08,0.588
295,0.094,0.332,0.574
296,0.09,0.748,0.162
297,0.122,0.492,0.386
298,0.206,0.134,0.66
299,0.076,0.428,0.496
300,0.148,0.148,0.704
301,0.274,0.086,0.64
302,0.134,0.254,0.612
303,0.208,0.054,0.738
304,0.294,0.036,0.67
305,0.278,0.1,0.622
306,0.188,0.304,0.508
307,0.07,0.11,0.82
308,0.024,0.184,0.792
309,0.072,0.406,0.522
310,0.116,0.368,0.516
311,0.042,0.078,0.88
312,0.266,0.218,0.516
313,0.268,0.164,0.568
314,0.192,0.672,0.136
315,0.094,0.078,0.828
316,0.134,0.356,0.51
317,0.484,0.22,0.296
318,0.226,0.164,0.61
319,0.228,0.068,0.704
320,0.162,0.146,0.692
321,0.242,0.084,0.674
322,0.148,0.114,0.738
323,0.112,0.064,0.824
324,0.198,0.136,0.666
325,0.454,0.088,0.458
326,0.246,0.182,0.572
327,0.202,0.264,0.534
328,0.076,0.442,0.482
329,0.152,0.146,0.702
330,0.13,0.504,0.366
331,0.074,0.34,0.586
332,0.494,0.174,0.332
333,0.406,0.086,0.508
334,0.024,0.486,0.49
335,0.586,0.142,0.272
336,0.076,0.344,0.58
337,0.408,0.136,0.456
338,0.186,0.012,0.802
339,0.152,0.514,0.334
340,0.304,0.056,0.64
341,0.212,0.218,0.57
342,0.204,0.246,0.55
343,0.076,0.16,0.764
344,0.264,0.268,0.468
345,0.216,0.066,0.718
346,0.318,0.112,0.57
347,0.15,0.558,0.292
348,0.126,0.316,0.558
349,0.05,0.062,0.888
350,0.06,0.75,0.19
351,0.068,0.072,0.86
352,0.21,0.078,0.712
353,0.372,0.252,0.376
354,0.132,0.228,0.64
355,0.238,0.522,0.24
356,0.122,0.168,0.71
357,0.062,0.144,0.794
358,0.046,0.11,0.844
359,0.09,0.234,0.676
360,0.148,0.514,0.338
361,0.206,0.38,0.414
362,0.046,0.118,0.836
363,0.08,0.248,0.672
364,0.128,0.558,0.314
365,0.092,0.092,0.816
366,0.188,0.18,0.632
367,0.132,0.184,0.684
368,0.12,0.116,0.764
369,0.424,0.248,0.328
370,0.256,0.224,0.52
371,0.276,0.102,0.622
372,0.25,0.206,0.544
373,0.01,0.098,0.892
374,0.116,0.632,0.252
375,0.144,0.122,0.734
376,0.084,0.144,0.772
377,0.15,0.108,0.742
378,0.284,0.42,0.296
379,0.258,0.13,0.612
380,0.49,0.168,0.342
381,0.258,0.09,0.652
382,0.062,0.34,0.598
383,0.278,0.06,0.662
384,0.588,0.264,0.148
385,0.28,0.168,0.552
386,0.678,0.078,0.244
387,0.056,0.236,0.708
388,0.396,0.086,0.518
389,0.22,0.078,0.702
390,0.196,0.288,0.516
391,0.254,0.056,0.69
392,0.606,0.112,0.282
393,0.272,0.302,0.426
394,0.23,0.266,0.504
395,0.188,0.532,0.28
396,0.168,0.556,0.276
397,0.18,0.074,0.746
398,0.126,0.242,0.632
399,0.152,0.166,0.682
400,0.146,0.474,0.38
401,0.108,0.15,0.742
402,0.052,0.218,0.73
403,0.55,0.086,0.364
404,0.2,0.236,0.564
405,0.504,0.04,0.456
406,0.318,0.076,0.606
407,0.124,0.334,0.542
408,0.498,0.242,0.26
409,0.438,0.226,0.336
410,0.076,0.184,0.74
411,0.234,0.238,0.528
412,0.468,0.274,0.258
413,0.39,0.064,0.546
414,0.148,0.234,0.618
415,0.762,0.12,0.118
416,0.076,0.048,0.876
417,0.076,0.048,0.876
418,0.624,0.068,0.308
419,0.054,0.082,0.864
420,0.284,0.028,0.688
421,0.16,0.232,0.608
422,0.702,0.054,0.244
423,0.182,0.05,0.768
424,0.084,0.68,0.236
425,0.022,0.03,0.948
426,0.12,0.126,0.754
427,0.324,0.196,0.48
428,0.206,0.462,0.332
429,0.206,0.058,0.736
430,0.264,0.048,0.688
431,0.638,0.114,0.248
432,0.298,0.18,0.522
433,0.072,0.23,0.698
434,0.044,0.148,0.808
435,0.216,0.39,0.394
436,0.178,0.338,0.484
437,0.382,0.256,0.362
438,0.038,0.026,0.936
439,0.046,0.046,0.908
440,0.252,0.266,0.482
441,0.142,0.408,0.45
442,0.04,0.098,0.862
443,0.162,0.152,0.686
444,0.09,0.13,0.78
445,0.244,0.304,0.452
446,0.098,0.382,0.52
447,0.358,0.078,0.564
448,0.096,0.032,0.872
449,0.348,0.076,0.576
450,0.07,0.146,0.784
451,0.134,0.678,0.188
452,0.026,0.408,0.566
453,0.166,0.726,0.108
454,0.122,0.176,0.702
455,0.45,0.11,0.44
456,0.216,0.056,0.728
457,0.386,0.07,0.544
458,0.274,0.282,0.444
459,0.27,0.238,0.492
460,0.33,0.07,0.6
461,0.134,0.174,0.692
462,0.33,0.036,0.634
463,0.158,0.18,0.662
464,0.194,0.064,0.742
465,0.274,0.138,0.588
466,0.096,0.406,0.498
467,0.304,0.06,0.636
468,0.066,0.396,0.538
469,0.4,0.12,0.48
470,0.922,0.024,0.054
471,0.648,0.19,0.162
472,0.146,0.146,0.708
473,0.54,0.156,0.304
474,0.316,0.522,0.162
475,0.246,0.15,0.604
476,0.35,0.022,0.628
477,0.176,0.072,0.752
478,0.248,0.562,0.19
479,0.208,0.122,0.67
480,0.28,0.17,0.55
481,0.328,0.318,0.354
482,0.276,0.542,0.182
483,0.104,0.222,0.674
484,0.31,0.076,0.614
485,0.48,0.034,0.486
486,0.082,0.282,0.636
487,0.15,0.032,0.818
488,0.126,0.33,0.544
489,0.074,0.052,0.874
490,0.046,0.532,0.422
491,0.104,0.058,0.838
492,0.108,0.37,0.522
493,0.11,0.038,0.852
494,0.074,0.578,0.348
495,0.062,0.588,0.35
496,0.192,0.174,0.634
497,0.986,0.006,0.008
498,0.496,0.222,0.282
499,0.258,0.048,0.694
500,0.15,0.182,0.668
501,0.306,0.054,0.64
502,0.054,0.232,0.714
503,0.292,0.122,0.586
504,0.078,0.11,0.812
505,0.978,0.008,0.014
506,0.148,0.086,0.766
507,0.202,0.178,0.62
508,0.208,0.328,0.464
509,0.64,0.184,0.176
510,0.088,0.52,0.392
511,0.16,0.712,0.128
512,0.074,0.23,0.696
513,0.268,0.204,0.528
514,0.398,0.356,0.246
515,0.1,0.666,0.234
516,0.704,0.1,0.196
517,0.242,0.168,0.59
518,0.24,0.268,0.492
519,0.094,0.088,0.818
520,0.158,0.188,0.654
521,0.056,0.486,0.458
522,0.298,0.06,0.642
523,0.49,0.07,0.44
524,0.16,0.242,0.598
525,0.036,0.068,0.896
526,0.192,0.258,0.55
527,0.164,0.202,0.634
528,0.128,0.088,0.784
529,0.27,0.266,0.464
530,0.304,0.326,0.37
531,0.056,0.248,0.696
532,0.156,0.266,0.578
533,0.412,0.264,0.324
534,0.214,0.11,0.676
535,0.218,0.136,0.646
536,0.16,0.116,0.724
537,0.114,0.144,0.742
538,0.738,0.062,0.2
539,0.434,0.118,0.448
540,0.23,0.474,0.296
541,0.19,0.38,0.43
542,0.366,0.192,0.442
543,0.162,0.04,0.798
544,0.308,0.16,0.532
545,0.498,0.166,0.336
546,0.652,0.246,0.102
547,0.18,0.294,0.526
548,0.222,0.452,0.326
549,0.112,0.08,0.808
550,0.074,0.144,0.782
551,0.068,0.224,0.708
552,0.064,0.356,0.58
553,0.172,0.07,0.758
554,0.24,0.252,0.508
555,0.038,0.274,0.688
556,0.48,0.146,0.374
557,0.39,0.18,0.43
558,0.336,0.124,0.54
559,0.068,0.134,0.798
560,0.152,0.068,0.78
561,0.108,0.138,0.754
562,0.664,0.124,0.212
563,0.146,0.396,0.458
564,0.132,0.462,0.406
565,0.972,0.012,0.016
566,0.174,0.136,0.69
567,0.322,0.04,0.638
568,0.146,0.206,0.648
569,0.086,0.276,0.638
570,0.316,0.098,0.586
571,0.116,0.278,0.606
572,0.064,0.222,0.714
573,0.14,0.174,0.686
574,0.146,0.402,0.452
575,0.116,0.122,0.762
576,0.184,0.048,0.768
577,0.216,0.108,0.676
578,0.344,0.094,0.562
579,0.028,0.75,0.222
580,0.16,0.044,0.796
581,0.016,0.124,0.86
582,0.716,0.042,0.242
583,0.472,0.098,0.43
584,0.134,0.196,0.67
585,0.354,0.184,0.462
586,0.292,0.196,0.512
587,0.08,0.448,0.472
588,0.144,0.034,0.822
589,0.076,0.196,0.728
590,0.128,0.282,0.59
591,0.348,0.23,0.422
592,0.162,0.274,0.564
593,0.222,0.202,0.576
594,0.1,0.506,0.394
595,0.118,0.066,0.816
596,0.186,0.394,0.42
597,0.466,0.354,0.18
598,0.204,0.052,0.744
599,0.138,0.526,0.336
600,0.29,0.104,0.606
601,0.108,0.352,0.54
602,0.264,0.1,0.636
603,0.084,0.222,0.694
604,0.094,0.19,0.716
605,0.086,0.068,0.846
606,0.082,0.03,0.888
607,0.154,0.214,0.632
608,0.23,0.3,0.47
609,0.194,0.43,0.376
610,0.46,0.438,0.102
611,0.1,0.564,0.336
612,0.114,0.188,0.698
613,0.238,0.372,0.39
614,0.116,0.348,0.536
615,0.228,0.106,0.666
616,0.11,0.12,0.77
617,0.044,0.04,0.916
618,0.136,0.53,0.334
619,0.166,0.512,0.322
620,0.11,0.658,0.232
621,0.124,0.226,0.65
622,0.298,0.206,0.496
623,0.442,0.126,0.432
624,0.234,0.068,0.698
625,0.142,0.168,0.69
626,0.258,0.246,0.496
627,0.412,0.11,0.478
628,0.06,0.178,0.762
629,0.182,0.084,0.734
630,0.264,0.118,0.618
631,0.226,0.446,0.328
632,0.134,0.178,0.688
633,0.286,0.058,0.656
634,0.154,0.426,0.42
635,0.316,0.126,0.558
636,0.242,0.458,0.3
637,0.136,0.264,0.6
638,0.376,0.118,0.506
639,0.144,0.374,0.482
640,0.62,0.092,0.288
641,0.288,0.22,0.492
642,0.098,0.57,0.332
643,0.396,0.254,0.35
644,0.984,0.012,0.004
645,0.434,0.098,0.468
646,0.13,0.066,0.804
647,0.132,0.312,0.556
648,0.118,0.138,0.744
649,0.398,0.064,0.538
650,0.172,0.188,0.64
651,0.12,0.054,0.826
652,0.244,0.166,0.59
653,0.064,0.142,0.794
654,0.136,0.354,0.51
655,0.078,0.198,0.724
656,0.422,0.2,0.378
657,0.178,0.244,0.578
658,0.06,0.07,0.87
659,0.124,0.488,0.388
660,0.292,0.366,0.342
661,0.276,0.126,0.598
662,0.114,0.322,0.564
663,0.106,0.244,0.65
664,0.214,0.472,0.314
665,0.206,0.222,0.572
666,0.288,0.262,0.45
667,0.376,0.378,0.246
668,0.214,0.068,0.718
669,0.16,0.038,0.802
670,0.204,0.65,0.146
671,0.158,0.168,0.674
672,0.184,0.116,0.7
673,0.156,0.022,0.822
674,0.212,0.07,0.718
675,0.166,0.076,0.758
676,0.386,0.194,0.42
677,0.228,0.072,0.7
678,0.12,0.212,0.668
679,0.014,0.216,0.77
680,0.096,0.14,0.764
681,0.208,0.022,0.77
682,0.222,0.182,0.596
683,0.97,0.014,0.016
684,0.262,0.102,0.636
685,0.19,0.1,0.71
686,0.194,0.124,0.682
687,0.258,0.228,0.514
688,0.5,0.168,0.332
689,0.44,0.05,0.51
690,0.15,0.182,0.668
691,0.248,0.338,0.414
692,0.03,0.22,0.75
693,0.044,0.058,0.898
694,0.192,0.1,0.708
695,0.238,0.162,0.6
696,0.13,0.142,0.728
697,0.28,0.232,0.488
698,0.088,0.06,0.852
699,0.128,0.146,0.726
700,0.118,0.166,0.716
701,0.276,0.56,0.164
702,0.392,0.3,0.308
703,0.336,0.066,0.598
704,0.598,0.168,0.234
705,0.358,0.512,0.13
706,0.258,0.134,0.608
707,0.366,0.038,0.596
708,0.306,0.54,0.154
709,0.09,0.36,0.55
710,0.062,0.05,0.888
711,0.86,0.038,0.102
712,0.186,0.086,0.728
713,0.158,0.684,0.158
714,0.566,0.018,0.416
715,0.338,0.078,0.584
716,0.284,0.19,0.526
717,0.202,0.224,0.574
718,0.188,0.03,0.782
719,0.152,0.112,0.736
720,0.382,0.194,0.424
721,0.408,0.218,0.374
722,0.076,0.026,0.898
723,0.94,0.02,0.04
724,0.132,0.444,0.424
725,0.082,0.016,0.902
726,0.22,0.282,0.498
727,0.212,0.108,0.68
728,0.068,0.15,0.782
729,0.152,0.084,0.764
730,0.352,0.052,0.596
731,0.324,0.06,0.616
732,0.208,0.302,0.49
733,0.336,0.152,0.512
734,0.12,0.098,0.782
735,0.148,0.09,0.762
736,0.452,0.18,0.368
737,0.682,0.142,0.176
738,0.136,0.464,0.4
739,0.122,0.486,0.392
740,0.122,0.272,0.606
741,0.364,0.052,0.584
742,0.06,0.442,0.498
743,0.984,0.012,0.004
744,0.116,0.306,0.578
745,0.132,0.024,0.844
746,0.302,0.24,0.458
747,0.19,0.322,0.488
748,0.296,0.33,0.374
749,0.24,0.162,0.598
750,0.086,0.042,0.872
751,0.07,0.25,0.68
752,0.122,0.2,0.678
753,0.132,0.12,0.748
754,0.126,0.19,0.684
755,0.488,0.146,0.366
756,0.436,0.12,0.444
757,0.554,0.016,0.43
758,0.234,0.088,0.678
759,0.654,0.086,0.26
760,0.06,0.134,0.806
761,0.284,0.054,0.662
762,0.1,0.378,0.522
763,0.108,0.7,0.192
764,0.264,0.112,0.624
765,0.098,0.048,0.854
766,0.07,0.114,0.816
767,0.09,0.366,0.544
768,0.096,0.312,0.592
769,0.188,0.144,0.668
770,0.338,0.03,0.632
771,0.02,0.226,0.754
772,0.966,0.014,0.02
773,0.53,0.11,0.36
774,0.34,0.338,0.322
775,0.266,0.178,0.556
776,0.308,0.362,0.33
777,0.252,0.296,0.452
778,0.23,0.22,0.55
779,0.04,0.174,0.786
780,0.166,0.352,0.482
781,0.178,0.412,0.41
782,0.17,0.356,0.474
783,0.048,0.058,0.894
784,0.168,0.348,0.484
785,0.248,0.306,0.446
786,0.548,0.184,0.268
787,0.204,0.196,0.6
788,0.218,0.12,0.662
789,0.088,0.23,0.682
790,0.168,0.39,0.442
791,0.07,0.568,0.362
792,0.132,0.474,0.394
793,0.132,0.466,0.402
794,0.146,0.108,0.746
795,0.21,0.486,0.304
796,0.296,0.408,0.296
797,0.476,0.336,0.188
798,0.12,0.166,0.714
799,0.594,0.162,0.244
800,0.136,0.464,0.4
801,0.014,0.114,0.872
802,0.256,0.066,0.678
803,0.12,0.104,0.776
804,0.33,0.056,0.614
805,0.348,0.114,0.538
806,0.032,0.144,0.824
807,0.332,0.312,0.356
808,0.112,0.402,0.486
809,0.334,0.118,0.548
810,0.056,0.252,0.692
811,0.138,0.486,0.376
812,0.092,0.064,0.844
813,0.288,0.18,0.532
814,0.082,0.122,0.796
815,0.106,0.404,0.49
816,0.09,0.052,0.858
817,0.166,0.224,0.61
818,0.05,0.06,0.89
819,0.074,0.14,0.786
820,0.22,0.202,0.578
821,0.21,0.096,0.694
822,0.084,0.07,0.846
823,0.472,0.094,0.434
824,0.418,0.11,0.472
825,0.458,0.114,0.428
826,0.27,0.328,0.402
827,0.486,0.166,0.348
828,0.29,0.026,0.684
829,0.074,0.298,0.628
830,0.384,0.078,0.538
831,0.328,0.068,0.604
832,0.07,0.258,0.672
833,0.204,0.17,0.626
834,0.102,0.17,0.728
835,0.4,0.03,0.57
836,0.242,0.546,0.212
837,0.076,0.138,0.786
838,0.14,0.558,0.302
839,0.37,0.086,0.544
840,0.564,0.084,0.352
841,0.16,0.05,0.79
842,0.596,0.172,0.232
843,0.486,0.178,0.336
844,0.336,0.2,0.464
845,0.704,0.178,0.118
846,0.564,0.22,0.216
847,0.104,0.54,0.356
848,0.028,0.074,0.898
849,0.922,0.034,0.044
850,0.036,0.034,0.93
851,0.27,0.61,0.12
852,0.134,0.088,0.778
853,0.178,0.242,0.58
854,0.096,0.128,0.776
855,0.13,0.216,0.654
856,0.32,0.048,0.632
857,0.062,0.624,0.314
858,0.436,0.044,0.52
859,0.384,0.076,0.54
860,0.056,0.494,0.45
861,0.22,0.366,0.414
862,0.17,0.434,0.396
863,0.36,0.054,0.586
864,0.408,0.046,0.546
865,0.408,0.104,0.488
866,0.088,0.17,0.742
867,0.186,0.142,0.672
868,0.234,0.492,0.274
869,0.314,0.036,0.65
870,0.168,0.064,0.768
871,0.106,0.19,0.704
872,0.128,0.182,0.69
873,0.334,0.072,0.594
874,0.086,0.47,0.444
875,0.132,0.162,0.706
876,0.214,0.552,0.234
877,0.46,0.114,0.426
878,0.66,0.226,0.114
879,0.034,0.204,0.762
880,0.502,0.014,0.484
881,0.066,0.132,0.802
882,0.124,0.194,0.682
883,0.122,0.154,0.724
884,0.156,0.184,0.66
885,0.334,0.088,0.578
886,0.058,0.212,0.73
887,0.132,0.104,0.764
888,0.048,0.13,0.822
889,0.194,0.13,0.676
890,0.062,0.138,0.8
891,0.258,0.474,0.268
892,0.162,0.514,0.324
893,0.286,0.584,0.13
894,0.2,0.276,0.524
895,0.164,0.126,0.71
896,0.166,0.6,0.234
897,0.142,0.12,0.738
898,0.476,0.034,0.49
899,0.09,0.036,0.874
900,0.192,0.326,0.482
901,0.054,0.488,0.458
902,0.398,0.094,0.508
903,0.254,0.33,0.416
904,0.446,0.252,0.302
905,0.358,0.154,0.488
906,0.166,0.432,0.402
907,0.19,0.06,0.75
908,0.082,0.576,0.342
909,0.26,0.394,0.346
910,0.874,0.046,0.08
911,0.214,0.596,0.19
912,0.628,0.136,0.236
913,0.192,0.422,0.386
914,0.12,0.06,0.82
915,0.072,0.17,0.758
916,0.404,0.028,0.568
917,0.358,0.248,0.394
918,0.154,0.354,0.492
919,0.264,0.368,0.368
920,0.25,0.048,0.702
921,0.304,0.418,0.278
922,0.28,0.076,0.644
923,0.118,0.56,0.322
924,0.102,0.134,0.764
925,0.126,0.166,0.708
926,0.01,0.254,0.736
927,0.506,0.148,0.346
928,0.574,0.13,0.296
929,0.154,0.444,0.402
930,0.166,0.078,0.756
931,0.502,0.074,0.424
932,0.074,0.234,0.692
933,0.054,0.204,0.742
934,0.422,0.118,0.46
935,0.562,0.118,0.32
936,0.202,0.22,0.578
937,0.096,0.094,0.81
938,0.17,0.11,0.72
939,0.964,0.006,0.03
940,0.188,0.04,0.772
941,0.406,0.028,0.566
942,0.174,0.238,0.588
943,0.1,0.2,0.7
944,0.37,0.324,0.306
945,0.606,0.018,0.376
946,0.224,0.208,0.568
947,0.058,0.032,0.91
948,0.594,0.234,0.172
949,0.044,0.064,0.892
950,0.066,0.258,0.676
951,0.382,0.04,0.578
952,0.134,0.054,0.812
953,0.202,0.118,0.68
954,0.44,0.068,0.492
955,0.166,0.122,0.712
956,0.154,0.678,0.168
957,0.318,0.062,0.62
958,0.332,0.04,0.628
959,0.372,0.396,0.232
960,0.168,0.08,0.752
961,0.216,0.024,0.76
962,0.402,0.038,0.56
963,0.836,0.046,0.118
964,0.632,0.274,0.094
965,0.306,0.04,0.654
966,0.968,0.006,0.026
967,0.144,0.328,0.528
968,0.028,0.128,0.844
969,0.2,0.432,0.368
970,0.138,0.118,0.744
971,0.454,0.082,0.464
972,0.224,0.178,0.598
973,0.26,0.302,0.438
974,0.092,0.076,0.832
975,0.076,0.652,0.272
976,0.456,0.08,0.464
977,0.278,0.034,0.688
978,0.07,0.05,0.88
979,0.274,0.376,0.35
980,0.328,0.072,0.6
981,0.266,0.234,0.5
982,0.218,0.618,0.164
983,0.41,0.112,0.478
984,0.28,0.108,0.612
985,0.182,0.136,0.682
986,0.06,0.288,0.652
987,0.29,0.034,0.676
988,0.164,0.628,0.208
989,0.572,0.082,0.346
990,0.104,0.248,0.648
991,0.076,0.12,0.804
992,0.16,0.144,0.696
993,0.264,0.026,0.71
994,0.562,0.138,0.3
995,0.108,0.266,0.626
996,0.458,0.132,0.41
997,0.116,0.44,0.444
998,0.074,0.354,0.572
999,0.21,0.07,0.72
1000,0.312,0.07,0.618
1001,0.218,0.148,0.634
1002,0.33,0.28,0.39
1003,0.2,0.018,0.782
1004,0.302,0.186,0.512
1005,0.17,0.064,0.766
1006,0.396,0.466,0.138
1007,0.194,0.07,0.736
1008,0.124,0.436,0.44
1009,0.502,0.128,0.37
1010,0.138,0.648,0.214
1011,0.25,0.07,0.68
1012,0.262,0.216,0.522
1013,0.31,0.088,0.602
1014,0.08,0.08,0.84
1015,0.486,0.158,0.356
1016,0.342,0.068,0.59
1017,0.122,0.11,0.768
1018,0.124,0.152,0.724
1019,0.258,0.084,0.658
1020,0.49,0.344,0.166
1021,0.172,0.204,0.624
1022,0.296,0.062,0.642
1023,0.162,0.156,0.682
1024,0.18,0.448,0.372
1025,0.234,0.31,0.456
1026,0.042,0.204,0.754
1027,0.05,0.122,0.828
1028,0.264,0.066,0.67
1029,0.218,0.252,0.53
1030,0.26,0.196,0.544
1031,0.09,0.308,0.602
1032,0.564,0.06,0.376
1033,0.096,0.048,0.856
1034,0.146,0.152,0.702
1035,0.398,0.214,0.388
1036,0.028,0.082,0.89
1037,0.266,0.328,0.406
1038,0.098,0.098,0.804
1039,0.314,0.044,0.642
1040,0.192,0.042,0.766
1041,0.088,0.082,0.83
1042,0.118,0.444,0.438
1043,0.514,0.138,0.348
1044,0.072,0.252,0.676
1045,0.216,0.306,0.478
1046,0.014,0.356,0.63
1047,0.084,0.166,0.75
1048,0.29,0.078,0.632
1049,0.15,0.284,0.566
1050,0.224,0.178,0.598
1051,0.148,0.274,0.578
1052,0.226,0.42,0.354
1053,0.458,0.174,0.368
1054,0.192,0.204,0.604
1055,0.284,0.144,0.572
1056,0.196,0.182,0.622
1057,0.11,0.146,0.744
1058,0.142,0.264,0.594
1059,0.508,0.234,0.258
1060,0.474,0.154,0.372
1061,0.076,0.042,0.882
1062,0.972,0.01,0.018
1063,0.292,0.126,0.582
1064,0.224,0.318,0.458
1065,0.228,0.228,0.544
1066,0.03,0.042,0.928
1067,0.292,0.2,0.508
1068,0.214,0.208,0.578
1069,0.226,0.52,0.254
1070,0.304,0.49,0.206
1071,0.348,0.07,0.582
1072,0.216,0.306,0.478
1073,0.836,0.086,0.078
1074,0.144,0.42,0.436
1075,0.134,0.542,0.324
1076,0.2,0.276,0.524
1077,0.722,0.154,0.124
1078,0.06,0.284,0.656
1079,0.092,0.112,0.796
1080,0.128,0.036,0.836
1081,0.514,0.184,0.302
1082,0.086,0.086,0.828
1083,0.196,0.216,0.588
1084,0.082,0.222,0.696
1085,0.276,0.226,0.498
1086,0.076,0.092,0.832
1087,0.298,0.306,0.396
1088,0.378,0.102,0.52
1089,0.592,0.15,0.258
1090,0.14,0.042,0.818
1091,0.264,0.102,0.634
1092,0.106,0.144,0.75
1093,0.396,0.114,0.49
1094,0.166,0.286,0.548
1095,0.248,0.124,0.628
1096,0.2,0.168,0.632
1097,0.642,0.252,0.106
1098,0.138,0.076,0.786
1099,0.116,0.484,0.4
1100,0.488,0.166,0.346
1101,0.344,0.05,0.606
1102,0.046,0.148,0.806
1103,0.254,0.27,0.476
1104,0.268,0.076,0.656
1105,0.256,0.042,0.702
1106,0.112,0.048,0.84
1107,0.034,0.138,0.828
1108,0.138,0.236,0.626
1109,0.308,0.044,0.648
1110,0.14,0.146,0.714
1111,0.61,0.104,0.286
1112,0.094,0.086,0.82
1113,0.27,0.406,0.324
1114,0.654,0.116,0.23
1115,0.394,0.202,0.404
1116,0.022,0.738,0.24
1117,0.184,0.202,0.614
1118,0.15,0.326,0.524
1119,0.426,0.184,0.39
1120,0.17,0.286,0.544
1121,0.24,0.434,0.326
1122,0.264,0.208,0.528
1123,0.258,0.188,0.554
1124,0.122,0.176,0.702
1125,0.056,0.234,0.71
1126,0.162,0.254,0.584
1127,0.202,0.11,0.688
1128,0.026,0.108,0.866
1129,0.098,0.384,0.518
1130,0.07,0.21,0.72
1131,0.196,0.512,0.292
1132,0.298,0.276,0.426
1133,0.35,0.096,0.554
1134,0.148,0.18,0.672
1135,0.37,0.028,0.602
1136,0.578,0.328,0.094
1137,0.678,0.148,0.174
1138,0.042,0.168,0.79
1139,0.22,0.162,0.618
1140,0.246,0.086,0.668
1141,0.342,0.054,0.604
1142,0.042,0.066,0.892
1143,0.142,0.36,0.498
1144,0.33,0.236,0.434
1145,0.144,0.19,0.666
1146,0.136,0.312,0.552
1147,0.212,0.078,0.71
1148,0.49,0.11,0.4
1149,0.11,0.292,0.598
1150,0.094,0.046,0.86
1151,0.274,0.21,0.516
1152,0.962,0.006,0.032
1153,0.19,0.19,0.62
1154,0.104,0.59,0.306
1155,0.24,0.204,0.556
1156,0.254,0.562,0.184
1157,0.362,0.26,0.378
1158,0.29,0.252,0.458
1159,0.164,0.21,0.626
1160,0.084,0.28,0.636
1161,0.094,0.14,0.766
1162,0.114,0.41,0.476
1163,0.56,0.174,0.266
1164,0.166,0.188,0.646
1165,0.08,0.22,0.7
1166,0.952,0.008,0.04
1167,0.144,0.59,0.266
1168,0.634,0.192,0.174
1169,0.274,0.142,0.584
1170,0.232,0.026,0.742
1171,0.134,0.092,0.774
1172,0.182,0.156,0.662
1173,0.26,0.254,0.486
1174,0.428,0.156,0.416
1175,0.244,0.286,0.47
1176,0.384,0.23,0.386
1177,0.394,0.082,0.524
1178,0.094,0.15,0.756
1179,0.234,0.418,0.348
1180,0.398,0.17,0.432
1181,0.266,0.24,0.494
1182,0.462,0.252,0.286
1183,0.052,0.504,0.444
1184,0.022,0.16,0.818
1185,0.26,0.296,0.444
1186,0.306,0.44,0.254
1187,0.64,0.156,0.204
1188,0.438,0.072,0.49
1189,0.182,0.062,0.756
1190,0.088,0.106,0.806
1191,0.28,0.578,0.142
1192,0.24,0.106,0.654
1193,0.022,0.05,0.928
1194,0.38,0.11,0.51
1195,0.182,0.322,0.496
1196,0.194,0.08,0.726
1197,0.156,0.04,0.804
1198,0.146,0.184,0.67
1199,0.312,0.332,0.356
1200,0.214,0.196,0.59
1201,0.1,0.238,0.662
1202,0.522,0.042,0.436
1203,0.094,0.25,0.656
1204,0.252,0.23,0.518
1205,0.914,0.022,0.064
1206,0.066,0.118,0.816
1207,0.024,0.332,0.644
1208,0.39,0.046,0.564
1209,0.672,0.156,0.172
1210,0.326,0.216,0.458
1211,0.176,0.12,0.704
1212,0.166,0.098,0.736
1213,0.724,0.102,0.174
1214,0.058,0.088,0.854
1215,0.078,0.684,0.238
1216,0.424,0.064,0.512
1217,0.102,0.04,0.858
1218,0.286,0.2,0.514
1219,0.06,0.066,0.874
1220,0.142,0.098,0.76
1221,0.072,0.258,0.67
1222,0.972,0.02,0.008
1223,0.292,0.122,0.586
1224,0.68,0.126,0.194
1225,0.288,0.274,0.438
1226,0.302,0.21,0.488
1227,0.262,0.332,0.406
1228,0.372,0.428,0.2
1229,0.144,0.542,0.314
1230,0.19,0.26,0.55
1231,0.302,0.076,0.622
1232,0.456,0.224,0.32
1233,0.114,0.178,0.708
1234,0.248,0.51,0.242
1235,0.092,0.172,0.736
1236,0.152,0.398,0.45
1237,0.122,0.266,0.612
1238,0.08,0.318,0.602
1239,0.302,0.142,0.556
1240,0.106,0.196,0.698
1241,0.06,0.054,0.886
1242,0.56,0.032,0.408
1243,0.092,0.226,0.682
1244,0.364,0.132,0.504
1245,0.082,0.254,0.664
1246,0.078,0.13,0.792
1247,0.028,0.526,0.446
1248,0.236,0.378,0.386
1249,0.254,0.166,0.58
1250,0.122,0.572,0.306
1251,0.48,0.13,0.39
1252,0.058,0.264,0.678
1253,0.118,0.104,0.778
1254,0.178,0.46,0.362
1255,0.71,0.108,0.182
1256,0.926,0.028,0.046
1257,0.318,0.15,0.532
1258,0.072,0.126,0.802
1259,0.292,0.378,0.33
1260,0.414,0.138,0.448
1261,0.048,0.294,0.658
1262,0.138,0.096,0.766
1263,0.052,0.528,0.42
1264,0.274,0.208,0.518
1265,0.144,0.382,0.474
1266,0.338,0.012,0.65
1267,0.19,0.196,0.614
1268,0.078,0.14,0.782
1269,0.026,0.136,0.838
1270,0.12,0.22,0.66
1271,0.204,0.182,0.614
1272,0.726,0.042,0.232
1273,0.114,0.402,0.484
1274,0.254,0.12,0.626
1275,0.326,0.222,0.452
1276,0.212,0.088,0.7
1277,0.054,0.18,0.766
1278,0.06,0.332,0.608
1279,0.268,0.212,0.52
1280,0.958,0.014,0.028
1281,0.152,0.16,0.688
1282,0.748,0.062,0.19
1283,0.39,0.108,0.502
1284,0.304,0.09,0.606
1285,0.316,0.468,0.216
1286,0.812,0.048,0.14
1287,0.076,0.038,0.886
1288,0.184,0.102,0.714
1289,0.258,0.08,0.662
1290,0.28,0.53,0.19
1291,0.09,0.044,0.866
1292,0.156,0.14,0.704
1293,0.378,0.114,0.508
1294,0.724,0.11,0.166
1295,0.65,0.236,0.114
1296,0.072,0.624,0.304
1297,0.554,0.03,0.416
1298,0.496,0.176,0.328
1299,0.234,0.476,0.29
1300,0.126,0.248,0.626
1301,0.236,0.214,0.55
1302,0.048,0.036,0.916
1303,0.062,0.434,0.504
1304,0.442,0.074,0.484
1305,0.162,0.24,0.598
1306,0.33,0.086,0.584
1307,0.316,0.18,0.504
1308,0.116,0.07,0.814
1309,0.092,0.526,0.382
1310,0.156,0.33,0.514
1311,0.256,0.148,0.596
1312,0.344,0.21,0.446
1313,0.208,0.196,0.596
1314,0.242,0.232,0.526
1315,0.114,0.326,0.56
1316,0.992,0.004,0.004
1317,0.282,0.25,0.468
1318,0.478,0.15,0.372
1319,0.198,0.04,0.762
1320,0.212,0.106,0.682
1321,0.154,0.11,0.736
1322,0.282,0.128,0.59
1323,0.132,0.204,0.664
1324,0.108,0.068,0.824
1325,0.132,0.086,0.782
1326,0.11,0.262,0.628
1327,0.124,0.05,0.826
1328,0.128,0.074,0.798
1329,0.192,0.196,0.612
1330,0.414,0.31,0.276
1331,0.28,0.148,0.572
1332,0.092,0.128,0.78
1333,0.342,0.02,0.638
1334,0.314,0.36,0.326
1335,0.486,0.332,0.182
1336,0.158,0.21,0.632
1337,0.612,0.28,0.108
1338,0.234,0.046,0.72
1339,0.258,0.158,0.584
1340,0.032,0.344,0.624
1341,0.36,0.08,0.56
1342,0.076,0.254,0.67
1343,0.326,0.478,0.196
1344,0.286,0.284,0.43
1345,0.118,0.286,0.596
1346,0.462,0.184,0.354
1347,0.024,0.212,0.764
1348,0.128,0.036,0.836
1349,0.186,0.014,0.8
1350,0.46,0.034,0.506
1351,0.254,0.324,0.422
1352,0.346,0.146,0.508
1353,0.31,0.062,0.628
1354,0.19,0.396,0.414
1355,0.184,0.212,0.604
1356,0.126,0.376,0.498
1357,0.082,0.044,0.874
1358,0.568,0.152,0.28
1359,0.138,0.286,0.576
1360,0.352,0.162,0.486
1361,0.25,0.094,0.656
1362,0.228,0.178,0.594
1363,0.212,0.062,0.726
1364,0.112,0.154,0.734
1365,0.09,0.528,0.382
1366,0.188,0.44,0.372
1367,0.468,0.036,0.496
1368,0.196,0.192,0.612
1369,0.406,0.098,0.496
1370,0.108,0.7,0.192
1371,0.06,0.232,0.708
1372,0.198,0.204,0.598
1373,0.248,0.1,0.652
1374,0.158,0.22,0.622
1375,0.364,0.34,0.296
1376,0.088,0.554,0.358
1377,0.246,0.168,0.586
1378,0.178,0.04,0.782
1379,0.232,0.254,0.514
1380,0.18,0.238,0.582
1381,0.18,0.138,0.682
1382,0.404,0.292,0.304
1383,0.068,0.226,0.706
1384,0.426,0.318,0.256
1385,0.11,0.12,0.77
1386,0.252,0.426,0.322
1387,0.198,0.226,0.576
1388,0.068,0.312,0.62
1389,0.202,0.136,0.662
1390,0.196,0.166,0.638
1391,0.084,0.09,0.826
1392,0.602,0.102,0.296
1393,0.166,0.514,0.32
1394,0.192,0.16,0.648
1395,0.154,0.04,0.806
1396,0.202,0.06,0.738
1397,0.4,0.154,0.446
1398,0.116,0.036,0.848
1399,0.09,0.32,0.59
1400,0.092,0.286,0.622
1401,0.14,0.128,0.732
1402,0.068,0.084,0.848
1403,0.214,0.098,0.688
1404,0.124,0.26,0.616
1405,0.154,0.058,0.788
1406,0.062,0.454,0.484
1407,0.046,0.094,0.86
1408,0.094,0.468,0.438
1409,0.214,0.078,0.708
1410,0.186,0.592,0.222
1411,0.044,0.104,0.852
1412,0.188,0.036,0.776
1413,0.096,0.1,0.804
1414,0.01,0.282,0.708
1415,0.1,0.54,0.36
1416,0.324,0.05,0.626
1417,0.14,0.534,0.326
1418,0.104,0.098,0.798
1419,0.072,0.114,0.814
1420,0.356,0.044,0.6
1421,0.052,0.036,0.912
1422,0.236,0.14,0.624
1423,0.048,0.438,0.514
1424,0.212,0.032,0.756
1425,0.266,0.076,0.658
1426,0.37,0.142,0.488
1427,0.106,0.394,0.5
1428,0.126,0.222,0.652
1429,0.14,0.416,0.444
1430,0.072,0.444,0.484
1431,0.228,0.15,0.622
1432,0.356,0.388,0.256
1433,0.388,0.034,0.578
1434,0.56,0.152,0.288
1435,0.18,0.23,0.59
1436,0.948,0.028,0.024
1437,0.154,0.274,0.572
1438,0.122,0.16,0.718
1439,0.314,0.094,0.592
1440,0.234,0.304,0.462
1441,0.106,0.216,0.678
1442,0.242,0.16,0.598
1443,0.042,0.198,0.76
1444,0.22,0.112,0.668
1445,0.262,0.094,0.644
1446,0.25,0.048,0.702
1447,0.022,0.08,0.898
1448,0.158,0.056,0.786
1449,0.202,0.04,0.758
1450,0.172,0.3,0.528
1451,0.176,0.07,0.754
1452,0.67,0.132,0.198
1453,0.148,0.258,0.594
1454,0.052,0.19,0.758
1455,0.064,0.082,0.854
1456,0.058,0.118,0.824
1457,0.206,0.09,0.704
1458,0.264,0.186,0.55
1459,0.282,0.13,0.588
1460,0.708,0.04,0.252
1461,0.05,0.036,0.914
1462,0.48,0.022,0.498
1463,0.322,0.244,0.434
1464,0.05,0.098,0.852
1465,0.086,0.104,0.81
1466,0.128,0.21,0.662
1467,0.422,0.118,0.46
1468,0.11,0.052,0.838
1469,0.082,0.708,0.21
1470,0.088,0.076,0.836
1471,0.388,0.138,0.474
1472,0.788,0.042,0.17
1473,0.432,0.028,0.54
1474,0.17,0.204,0.626
1475,0.076,0.044,0.88
1476,0.198,0.136,0.666
1477,0.23,0.194,0.576
1478,0.104,0.144,0.752
1479,0.358,0.398,0.244
1480,0.136,0.312,0.552
1481,0.038,0.156,0.806
1482,0.382,0.338,0.28
1483,0.118,0.566,0.316
1484,0.044,0.192,0.764
1485,0.208,0.292,0.5
1486,0.426,0.03,0.544
1487,0.07,0.386,0.544
1488,0.55,0.044,0.406
1489,0.186,0.138,0.676
1490,0.106,0.498,0.396
1491,0.128,0.062,0.81
1492,0.384,0.132,0.484
1493,0.15,0.358,0.492
1494,0.1,0.126,0.774
1495,0.09,0.23,0.68
1496,0.112,0.058,0.83
1497,0.082,0.188,0.73
1498,0.042,0.12,0.838
1499,0.966,0.004,0.03
1500,0.238,0.474,0.288
1501,0.206,0.154,0.64
1502,0.238,0.106,0.656
1503,0.012,0.256,0.732
1504,0.37,0.208,0.422
1505,0.028,0.156,0.816
1506,0.97,0.006,0.024
1507,0.208,0.224,0.568
1508,0.328,0.07,0.602
1509,0.152,0.09,0.758
1510,0.108,0.304,0.588
1511,0.032,0.056,0.912
1512,0.082,0.124,0.794
1513,0.418,0.354,0.228
1514,0.14,0.204,0.656
1515,0.27,0.49,0.24
1516,0.224,0.058,0.718
1517,0.368,0.252,0.38
1518,0.458,0.072,0.47
1519,0.236,0.262,0.502
1520,0.438,0.326,0.236
1521,0.144,0.728,0.128
1522,0.102,0.272,0.626
1523,0.334,0.086,0.58
1524,0.104,0.082,0.814
1525,0.212,0.096,0.692
1526,0.184,0.424,0.392
1527,0.596,0.272,0.132
1528,0.244,0.262,0.494
1529,0.384,0.19,0.426
1530,0.44,0.092,0.468
1531,0.024,0.278,0.698
1532,0.198,0.064,0.738
1533,0.058,0.544,0.398
1534,0.046,0.282,0.672
1535,0.132,0.048,0.82
1536,0.158,0.018,0.824
1537,0.166,0.064,0.77
1538,0.174,0.186,0.64
1539,0.09,0.228,0.682
1540,0.078,0.2,0.722
1541,0.25,0.508,0.242
1542,0.08,0.502,0.418
1543,0.122,0.172,0.706
1544,0.122,0.472,0.406
1545,0.066,0.166,0.768
1546,0.126,0.244,0.63
1547,0.054,0.114,0.832
1548,0.55,0.094,0.356
1549,0.144,0.742,0.114
1550,0.08,0.356,0.564
1551,0.198,0.166,0.636
1552,0.276,0.228,0.496
1553,0.242,0.518,0.24
1554,0.086,0.132,0.782
1555,0.362,0.444,0.194
1556,0.16,0.426,0.414
1557,0.086,0.154,0.76
1558,0.136,0.084,0.78
1559,0.144,0.482,0.374
1560,0.172,0.104,0.724
1561,0.2,0.074,0.726
1562,0.068,0.062,0.87
1563,0.14,0.186,0.674
1564,0.388,0.244,0.368
1565,0.084,0.47,0.446
1566,0.428,0.082,0.49
1567,0.096,0.268,0.636
1568,0.218,0.386,0.396
1569,0.294,0.178,0.528
1570,0.462,0.32,0.218
1571,0.166,0.098,0.736
1572,0.07,0.386,0.544
1573,0.27,0.538,0.192
1574,0.156,0.144,0.7
1575,0.118,0.484,0.398
1576,0.482,0.282,0.236
1577,0.458,0.158,0.384
1578,0.162,0.24,0.598
1579,0.344,0.162,0.494
1580,0.688,0.196,0.116
1581,0.258,0.488,0.254
1582,0.262,0.44,0.298
1583,0.026,0.136,0.838
1584,0.18,0.406,0.414
1585,0.118,0.014,0.868
1586,0.53,0.08,0.39
1587,0.134,0.316,0.55
1588,0.164,0.07,0.766
1589,0.1,0.228,0.672
1590,0.522,0.102,0.376
1591,0.086,0.192,0.722
1592,0.5,0.238,0.262
1593,0.156,0.216,0.628
1594,0.202,0.23,0.568
1595,0.196,0.166,0.638
1596,0.242,0.26,0.498
1597,0.026,0.242,0.732
1598,0.422,0.314,0.264
1599,0.176,0.13,0.694
1600,0.62,0.094,0.286
1601,0.206,0.18,0.614
1602,0.114,0.146,0.74
1603,0.08,0.274,0.646
1604,0.154,0.702,0.144
1605,0.5,0.15,0.35
1606,0.098,0.048,0.854
1607,0.242,0.586,0.172
1608,0.234,0.112,0.654
1609,0.092,0.196,0.712
1610,0.12,0.054,0.826
1611,0.53,0.04,0.43
1612,0.13,0.204,0.666
1613,0.374,0.04,0.586
1614,0.16,0.072,0.768
1615,0.226,0.39,0.384
1616,0.574,0.04,0.386
1617,0.44,0.236,0.324
1618,0.114,0.058,0.828
1619,0.186,0.104,0.71
1620,0.212,0.13,0.658
1621,0.16,0.042,0.798
1622,0.208,0.168,0.624
1623,0.232,0.146,0.622
1624,0.24,0.366,0.394
1625,0.276,0.092,0.632
1626,0.218,0.184,0.598
1627,0.076,0.478,0.446
1628,0.118,0.128,0.754
1629,0.086,0.16,0.754
1630,0.618,0.098,0.284
1631,0.242,0.056,0.702
1632,0.252,0.288,0.46
1633,0.214,0.232,0.554
1634,0.338,0.406,0.256
1635,0.288,0.062,0.65
1636,0.204,0.046,0.75
1637,0.338,0.066,0.596
1638,0.204,0.526,0.27
1639,0.148,0.022,0.83
1640,0.11,0.166,0.724
1641,0.166,0.388,0.446
1642,0.098,0.59,0.312
1643,0.074,0.23,0.696
1644,0.31,0.208,0.482
1645,0.73,0.178,0.092
1646,0.182,0.55,0.268
1647,0.124,0.13,0.746
1648,0.288,0.146,0.566
1649,0.236,0.098,0.666
1650,0.272,0.344,0.384
1651,0.024,0.092,0.884
1652,0.082,0.048,0.87
1653,0.112,0.166,0.722
1654,0.298,0.052,0.65
1655,0.156,0.158,0.686
1656,0.1,0.312,0.588
1657,0.22,0.07,0.71
1658,0.592,0.098,0.31
1659,0.242,0.006,0.752
1660,0.014,0.098,0.888
1661,0.178,0.316,0.506
1662,0.368,0.12,0.512
1663,0.166,0.322,0.512
1664,0.208,0.696,0.096
1665,0.214,0.274,0.512
1666,0.058,0.072,0.87
1667,0.066,0.186,0.748
1668,0.062,0.028,0.91
1669,0.234,0.412,0.354
1670,0.482,0.052,0.466
1671,0.096,0.248,0.656
1672,0.426,0.038,0.536
1673,0.086,0.826,0.088
1674,0.082,0.364,0.554
1675,0.35,0.068,0.582
1676,0.078,0.214,0.708
1677,0.094,0.674,0.232
1678,0.172,0.128,0.7
1679,0.652,0.148,0.2
1680,0.25,0.06,0.69
1681,0.366,0.084,0.55
1682,0.202,0.15,0.648
1683,0.1,0.638,0.262
1684,0.118,0.054,0.828
1685,0.286,0.284,0.43
1686,0.064,0.286,0.65
1687,0.056,0.148,0.796
1688,0.038,0.158,0.804
1689,0.706,0.19,0.104
1690,0.314,0.486,0.2
1691,0.138,0.152,0.71
1692,0.11,0.108,0.782
1693,0.048,0.056,0.896
1694,0.23,0.09,0.68
1695,0.32,0.066,0.614
1696,0.134,0.088,0.778
1697,0.15,0.188,0.662
1698,0.162,0.026,0.812
1699,0.214,0.366,0.42
1700,0.208,0.112,0.68
1701,0.04,0.102,0.858
1702,0.122,0.242,0.636
1703,0.082,0.06,0.858
1704,0.074,0.392,0.534
1705,0.978,0.016,0.006
1706,0.074,0.028,0.898
1707,0.096,0.082,0.822
1708,0.056,0.228,0.716
1709,0.044,0.214,0.742
1710,0.346,0.226,0.428
1711,0.042,0.05,0.908
1712,0.084,0.09,0.826
1713,0.168,0.116,0.716
1714,0.438,0.258,0.304
1715,0.072,0.236,0.692
1716,0.428,0.07,0.502
1717,0.128,0.04,0.832
1718,0.118,0.16,0.722
1719,0.116,0.166,0.718
1720,0.968,0.02,0.012
1721,0.106,0.67,0.224
1722,0.224,0.46,0.316
1723,0.948,0.032,0.02
1724,0.016,0.346,0.638
1725,0.04,0.132,0.828
1726,0.056,0.082,0.862
1727,0.268,0.132,0.6
1728,0.098,0.254,0.648
1729,0.37,0.244,0.386
1730,0.034,0.284,0.682
1731,0.26,0.082,0.658
1732,0.408,0.06,0.532
1733,0.254,0.114,0.632
1734,0.218,0.236,0.546
1735,0.158,0.256,0.586
1736,0.052,0.284,0.664
1737,0.3,0.126,0.574
1738,0.46,0.112,0.428
1739,0.104,0.532,0.364
1740,0.268,0.054,0.678
1741,0.152,0.178,0.67
1742,0.126,0.248,0.626
1743,0.052,0.048,0.9
1744,0.286,0.196,0.518
1745,0.266,0.208,0.526
1746,0.194,0.216,0.59
1747,0.614,0.118,0.268
1748,0.312,0.106,0.582
1749,0.156,0.128,0.716
1750,0.366,0.468,0.166
1751,0.496,0.136,0.368
1752,0.28,0.094,0.626
1753,0.104,0.028,0.868
1754,0.024,0.19,0.786
1755,0.132,0.07,0.798
1756,0.192,0.372,0.436
1757,0.154,0.752,0.094
1758,0.248,0.186,0.566
1759,0.178,0.266,0.556
1760,0.032,0.21,0.758
1761,0.006,0.254,0.74
1762,0.208,0.126,0.666
1763,0.05,0.488,0.462
1764,0.296,0.024,0.68
1765,0.226,0.224,0.55
1766,0.172,0.218,0.61
1767,0.228,0.274,0.498
1768,0.082,0.41,0.508
1769,0.574,0.25,0.176
1770,0.256,0.174,0.57
1771,0.068,0.044,0.888
1772,0.236,0.414,0.35
1773,0.138,0.236,0.626
1774,0.306,0.014,0.68
1775,0.126,0.064,0.81
1776,0.202,0.248,0.55
1777,0.178,0.162,0.66
1778,0.244,0.048,0.708
1779,0.28,0.134,0.586
1780,0.178,0.118,0.704
1781,0.33,0.074,0.596
1782,0.306,0.22,0.474
1783,0.27,0.158,0.572
1784,0.166,0.528,0.306
1785,0.168,0.172,0.66
1786,0.224,0.16,0.616
1787,0.176,0.092,0.732
1788,0.122,0.156,0.722
1789,0.148,0.272,0.58
1790,0.052,0.346,0.602
1791,0.116,0.142,0.742
1792,0.132,0.286,0.582
1793,0.086,0.074,0.84
1794,0.114,0.154,0.732
1795,0.41,0.146,0.444
1796,0.092,0.48,0.428
1797,0.104,0.13,0.766
1798,0.306,0.04,0.654
1799,0.344,0.284,0.372
1800,0.262,0.124,0.614
1801,0.336,0.084,0.58
1802,0.194,0.308,0.498
1803,0.184,0.54,0.276
1804,0.122,0.666,0.212
1805,0.08,0.216,0.704
1806,0.386,0.084,0.53
1807,0.608,0.164,0.228
1808,0.278,0.02,0.702
1809,0.342,0.09,0.568
1810,0.068,0.07,0.862
1811,0.224,0.132,0.644
1812,0.266,0.11,0.624
1813,0.11,0.122,0.768
1814,0.134,0.07,0.796
1815,0.378,0.226,0.396
1816,0.294,0.102,0.604
1817,0.136,0.044,0.82
1818,0.214,0.248,0.538
1819,0.112,0.442,0.446
1820,0.12,0.192,0.688
1821,0.456,0.054,0.49
1822,0.054,0.322,0.624
1823,0.216,0.358,0.426
1824,0.086,0.212,0.702
1825,0.128,0.1,0.772
1826,0.116,0.338,0.546
1827,0.138,0.14,0.722
1828,0.238,0.4,0.362
1829,0.294,0.276,0.43
1830,0.134,0.424,0.442
1831,0.124,0.198,0.678
1832,0.414,0.21,0.376
1833,0.474,0.118,0.408
1834,0.326,0.2,0.474
1835,0.482,0.132,0.386
1836,0.326,0.316,0.358
