,proba_0,proba_1,proba_2
0,0.18451240607122948,0.1619935537633948,0.6534940401653757
1,0.1400865924418033,0.12797944963752,0.7319339579206766
2,0.9488430035493517,0.01713313766377227,0.03402385878687607
3,0.4107840277156632,0.23931477837015244,0.34990119391418445
4,0.13368519278593938,0.25728249777036377,0.6090323094436969
5,0.43087294652640057,0.16713002008614794,0.40199703338745146
6,0.10019398015139326,0.27966247380227727,0.6201435460463295
7,0.4156894807854399,0.26219646777209615,0.322114051442464
8,0.25532813765238577,0.1276985092173357,0.6169733531302785
9,0.3401456139539808,0.1545233300994137,0.5053310559466054
10,0.17105844268063328,0.3900585915264901,0.4388829657928768
11,0.5082470997014997,0.11251110597201806,0.37924179432648214
12,0.35617167475812694,0.13479391945486802,0.509034405787005
13,0.2650445025726253,0.1597651275447579,0.5751903698826168
14,0.16166963579500346,0.15738086443366733,0.6809494997713292
15,0.26523130544827583,0.17436640954001567,0.5604022850117085
16,0.18078828876974193,0.1665432426465454,0.6526684685837126
17,0.23000594141031597,0.21753009793949069,0.5524639606501932
18,0.17459066977142787,0.19954785594284324,0.6258614742857289
19,0.17251116601920008,0.11388676078884595,0.713602073191954
20,0.1425514973347519,0.3465957790742863,0.5108527235909618
21,0.19921467565924872,0.3241903779681756,0.47659494637257555
22,0.0593618984052016,0.08319135926945473,0.8574467423253437
23,0.22753552974041943,0.15055455356509237,0.6219099166944883
24,0.3225778187747656,0.1688562316721331,0.5085659495531013
25,0.378932048747455,0.32502024849773714,0.29604770275480796
26,0.12477690751924676,0.3719075105664146,0.5033155819143388
27,0.9749875939227264,0.015698333145609596,0.009314072931663918
28,0.295178942598618,0.16692005190581483,0.5379010054955672
29,0.9702207721093202,0.0038636724876086825,0.02591555540307104
30,0.40491800011939766,0.16416681432878244,0.4309151855518199
31,0.21423946967648705,0.35381215104985675,0.4319483792736563
32,0.18757192749465992,0.18557267077667566,0.6268554017286644
33,0.23165727473725012,0.18133070771063325,0.5870120175521167
34,0.3569367335704684,0.10802009856789642,0.5350431678616351
35,0.27756192044195094,0.1390975349246597,0.5833405446333894
36,0.19929717894381008,0.17010675977297796,0.6305960612832119
37,0.844328366884043,0.04050457223449722,0.11516706088145977
38,0.4460592484826919,0.23755756634361214,0.3163831851736959
39,0.06046480754835362,0.1385108201452812,0.8010243723063651
40,0.33216921238675956,0.19633795526119857,0.4714928323520419
41,0.43381050850411024,0.10367254051421806,0.4625169509816716
42,0.018428421129400015,0.3614359079251117,0.6201356709454883
43,0.3213297964631415,0.09765702956265913,0.5810131739741993
44,0.07448495145262142,0.31043284184599407,0.6150822067013845
45,0.06840825823577452,0.17329340935284626,0.7582983324113792
46,0.4136448259212434,0.1648169496609807,0.4215382244177758
47,0.09282859201142252,0.2620298914314602,0.6451415165571173
48,0.14946816313140932,0.4163050957851887,0.43422674108340187
49,0.3956856597107654,0.12911676821658916,0.4751975720726454
50,0.19435101198332022,0.1771738183099069,0.6284751697067729
51,0.2653962176463513,0.16150485106589113,0.5730989312877576
52,0.18553606158957184,0.18874046824456533,0.6257234701658628
53,0.9788648509564283,0.003941394039492116,0.017193755004079724
54,0.4725436824707878,0.10616015187938009,0.4212961656498321
55,0.012173475819309347,0.09889009735557475,0.8889364268251159
56,0.2669506543862216,0.12173046413793746,0.6113188814758409
57,0.1411781644989399,0.12545398438125374,0.7333678511198063
58,0.4842368650555673,0.10482834451434599,0.41093479043008674
59,0.3386684697226302,0.12005086292745713,0.5412806673499126
60,0.24287280787357715,0.35014518814130124,0.4069820039851216
61,0.16122601525901473,0.17925714267282078,0.6595168420681644
62,0.4409607458176505,0.1711319387448031,0.3879073154375465
63,0.1777234541828731,0.3212967009086285,0.5009798449084983
64,0.11967662832712417,0.27344889332044603,0.6068744783524298
65,0.11467180539184754,0.263341965227804,0.6219862293803485
66,0.19049132313597936,0.16802056225957887,0.6414881146044417
67,0.12955692827220633,0.12425088071691655,0.7461921910108772
68,0.2768971998775683,0.3384941428123887,0.38460865731004307
69,0.12483118178639739,0.1275667897622738,0.7476020284513288
70,0.34024556023815045,0.15621662020366997,0.5035378195581797
71,0.047804008735122826,0.19512817877580094,0.7570678124890763
72,0.4479273770566086,0.08870302281902827,0.463369600124363
73,0.13002247792064825,0.376218000257453,0.49375952182189864
74,0.12202755484556368,0.4519408342834421,0.4260316108709943
75,0.9703334823073233,0.005213233516832364,0.02445328417584425
76,0.16193013303945542,0.16360858843101314,0.6744612785295314
77,0.05620615516887698,0.1618541861758089,0.7819396586553141
78,0.2429834443237498,0.17471768989903871,0.5822988657772115
79,0.5549389459584684,0.11343284431878277,0.33162820972274887
80,0.027006286189008924,0.04214072697351921,0.930852986837472
81,0.1259575911987062,0.15776969179392575,0.7162727170073682
82,0.9744109973366413,0.003788073753142573,0.021800928910216056
83,0.0653637055036975,0.4235768153238167,0.5110594791724857
84,0.0785226579990685,0.3588730882344124,0.562604253766519
85,0.14126781067269084,0.34464744990666246,0.5140847394206467
86,0.9866666157070012,0.006063757928615205,0.007269626364383753
87,0.49528089462565533,0.2687214507006384,0.2359976546737062
88,0.20215039921413464,0.14442489020620242,0.6534247105796629
89,0.3411984265111452,0.14293086107441733,0.5158707124144375
90,0.2767136730495949,0.2070203458859844,0.5162659810644208
91,0.4536819068220637,0.09465113132434426,0.451666961853592
92,0.27345874767362055,0.3167120125049416,0.40982923982143793
93,0.11037240755243678,0.1125013481806963,0.7771262442668669
94,0.10946440305863986,0.41180901530219716,0.47872658163916293
95,0.4384262988646166,0.24318384140190846,0.3183898597334751
96,0.5361907550683354,0.08249077371869673,0.38131847121296786
97,0.30475919742501717,0.15524042871562121,0.5400003738593616
98,0.23450487942893602,0.21080214553193918,0.5546929750391248
99,0.3329477579110645,0.11419343605605184,0.5528588060328836
100,0.06762134191843702,0.14583294115168882,0.7865457169298742
101,0.17738329406204292,0.3402733772346514,0.48234332870330565
102,0.2944132244857511,0.10766178476079977,0.5979249907534492
103,0.2066842166763958,0.3743520622615337,0.4189637210620705
104,0.2841345763684318,0.15337686986174862,0.5624885537698195
105,0.28545701496479736,0.21747381453107378,0.4970691705041288
106,0.3040074721022427,0.17749347045960373,0.5184990574381536
107,0.048349440544511985,0.36819182377786636,0.5834587356776217
108,0.04317833490471136,0.11993337945218346,0.8368882856431051
109,0.11858847594135896,0.1427428033716953,0.7386687206869458
110,0.3595715979235757,0.3084316469262501,0.33199675515017424
111,0.24661428189269133,0.1579571252090423,0.5954285928982664
112,0.1726146155716224,0.383939553002302,0.44344583142607563
113,0.30008103071389275,0.19254047102518,0.5073784982609273
114,0.1408945911371124,0.1164097353134282,0.7426956735494594
115,0.18510855420237504,0.17365443110202017,0.6412370146956047
116,0.2167523807403268,0.360555709609797,0.42269190964987624
117,0.08432089672630304,0.16510837978262752,0.7505707234910696
118,0.3093264263674001,0.16783640336083472,0.5228371702717652
119,0.08073627754124328,0.24341946914173435,0.6758442533170224
120,0.33012939218553355,0.09467612796002181,0.5751944798544446
121,0.01448147538197241,0.08450033670426667,0.9010181879137609
122,0.12181717611812369,0.14920513933425847,0.7289776845476179
123,0.2981947886246167,0.36654411934198927,0.33526109203339405
124,0.3565309644849068,0.10043978357041665,0.5430292519446764
125,0.03218332630529183,0.13306392858370072,0.8347527451110074
126,0.1542601025972034,0.27530022657925274,0.5704396708235439
127,0.1787936628292302,0.1793168374367404,0.6418894997340294
128,0.12761358283197405,0.38079697148539665,0.49158944568262924
129,0.015027620990818011,0.22422043727588023,0.7607519417333016
130,0.5668354139594557,0.23030533426319352,0.20285925177735073
131,0.3258329271690821,0.1688784573976957,0.5052886154332222
132,0.22193508228784223,0.16009229599399044,0.6179726217181674
133,0.9803668210594113,0.015657225717968144,0.003975953222620653
134,0.08735041448252835,0.07618966696349548,0.8364599185539762
135,0.3972676973669827,0.17085786967473596,0.4318744329582813
136,0.04993645244138647,0.16195199515742842,0.7881115524011851
137,0.1947056711272189,0.11041305025235168,0.6948812786204294
138,0.14117467159767638,0.1827799770807169,0.6760453513216068
139,0.2638140515840932,0.3190577919955304,0.4171281564203763
140,0.04074081194484386,0.1361475404529055,0.8231116476022508
141,0.41525248500983464,0.11282030461077136,0.47192721037939406
142,0.1741905887649232,0.37790175968144735,0.44790765155362955
143,0.3958760475387158,0.13064634782367968,0.47347760463760447
144,0.15080967657388775,0.13664382041591733,0.712546503010195
145,0.16957297892603604,0.17934215123638644,0.6510848698375775
146,0.4123683906714156,0.21151756358332102,0.37611404574526325
147,0.1642616755593828,0.16986456950558254,0.6658737549350346
148,0.3137052274478158,0.15878145996235637,0.5275133125898279
149,0.340028628818015,0.18893290868990328,0.4710384624920817
150,0.07595460457103867,0.22063273934695374,0.7034126560820076
151,0.027726570710627212,0.03725588810419525,0.9350175411851774
152,0.15229589554862027,0.35005856196831364,0.49764554248306603
153,0.323630819625623,0.22582499362851394,0.45054418674586294
154,0.07554243287840287,0.27110823715220034,0.6533493299693969
155,0.39574193623555776,0.06772098577941991,0.5365370779850224
156,0.09913575812647873,0.30832573025938925,0.5925385116141321
157,0.4332321242520083,0.10745812420142598,0.45930975154656567
158,0.0005060430557901446,0.23143842103120918,0.7680555359130007
159,0.0379352448230867,0.1445834586186331,0.8174812965582802
160,0.2842949604084249,0.18481404736961882,0.5308909922219562
161,0.11428741582178817,0.16940543318047924,0.7163071509977326
162,0.17375078940818658,0.38451654706989963,0.4417326635219138
163,0.13237602120236383,0.2868677460515045,0.5807562327461316
164,0.3738937764094888,0.18393141424926093,0.44217480934125014
165,0.04887987905164033,0.15899988064653045,0.7921202403018291
166,0.13130577257400974,0.3624536924449457,0.5062405349810446
167,0.25746242924763735,0.1582129430670962,0.5843246276852665
168,0.23125335970277747,0.36733053342954414,0.4014161068676784
169,0.18826152724018852,0.2869259503027684,0.5248125224570432
170,0.35358801208137475,0.15038938431331086,0.4960226036053144
171,0.3674106344604097,0.11100194809775017,0.5215874174418401
172,0.041337887466092904,0.041687254083526956,0.9169748584503802
173,0.3348460988919909,0.08700842600058474,0.5781454751074243
174,0.06154078894424399,0.18439315712276905,0.754066053932987
175,0.4140535652034175,0.19468166603042283,0.3912647687661597
176,0.28949247104373294,0.18468401716464436,0.5258235117916228
177,0.3985852793979026,0.09665443455272714,0.5047602860493701
178,0.1576983566374553,0.14725820493079197,0.6950434384317528
179,0.08262722687872337,0.08722424230563716,0.8301485308156396
180,0.0049649014421459066,0.047553772816789935,0.9474813257410641
181,0.20595057129332509,0.25548029427779484,0.53856913442888
182,0.23212288389825736,0.14467935626042236,0.6231977598413203
183,0.2092511578802306,0.3374036214468995,0.45334522067286986
184,0.5410493855784348,0.1448298829093959,0.31412073151216907
185,0.3552617193459785,0.09073744562638701,0.5540008350276345
186,0.4307763520434484,0.13051352864401347,0.4387101193125381
187,0.15604932410528755,0.14391053457770103,0.7000401413170115
188,0.14797172595135355,0.14736052971432922,0.7046677443343173
189,0.07006513129080313,0.1117710120974761,0.8181638566117208
190,0.33109722699887667,0.10193486953259624,0.566967903468527
191,0.2559355631121703,0.16928471040810744,0.5747797264797223
192,0.24507334350003973,0.2243116199427887,0.5306150365571716
193,0.1495431643204661,0.15151393166664756,0.6989429040128864
194,0.15623534597627037,0.3601403125460992,0.48362434147763045
195,0.2043926979377027,0.22588135751362023,0.5697259445486771
196,0.5122905394077562,0.0904413054471623,0.39726815514508157
197,0.19990060951985736,0.3011646993897151,0.4989346910904275
198,0.17126572481864816,0.16217310111196012,0.6665611740693916
199,0.00038447571301881956,0.2652481525966031,0.7343673716903781
200,0.09984408769197177,0.2875809095769051,0.6125750027311232
201,0.15948574233188367,0.15132868742551148,0.6891855702426049
202,0.028274205271823574,0.37105854640723057,0.6006672483209458
203,0.3379206276204549,0.21492383196723605,0.44715554041230904
204,0.14893177428357554,0.41338249180753,0.4376857339088945
205,0.21837735492585694,0.24917599411309438,0.5324466509610487
206,0.5122077246738932,0.2549978076859652,0.23279446764014153
207,0.3402835083068621,0.15340511559595735,0.5063113760971806
208,0.1473857525218477,0.2820119765470504,0.5706022709311018
209,0.9589168595926715,0.028014500143093157,0.013068640264235312
210,0.1706087672129743,0.18980613781492145,0.6395850949721044
211,0.26895980496656824,0.17211071937140382,0.558929475662028
212,0.22697110627812334,0.3013831297801001,0.47164576394177654
213,0.5058165847318715,0.2338932700070806,0.2602901452610478
214,0.35161400027876394,0.3205980751268584,0.32778792459437783
215,0.20680290236029614,0.21662577317768336,0.5765713244620204
216,0.22438973091510175,0.15836609975269086,0.6172441693322074
217,0.3796204566478401,0.1425636825432233,0.4778158608089365
218,0.12514165713851294,0.45154188789168037,0.4233164549698067
219,0.12556255945479008,0.11152205231455628,0.7629153882306535
220,0.0644324569054265,0.24345430495575263,0.6921132381388209
221,0.16971358330927042,0.39126878279736454,0.43901763389336496
222,0.46159425679240573,0.1564128418088724,0.38199290139872194
223,0.5027761321895199,0.21444903856026687,0.2827748292502132
224,0.1821188254178455,0.2025451933597586,0.615335981222396
225,0.13273367452858476,0.1679784322684365,0.6992878932029787
226,0.157393011104757,0.3465275594317544,0.49607942946348865
227,0.05516286760501263,0.1347826141939217,0.8100545182010657
228,0.10014156824439514,0.1416914541123588,0.758166977643246
229,0.11287656449142541,0.3340333337021234,0.5530901018064511
230,0.44807837192228894,0.10973978619291819,0.44218184188479287
231,0.08134676801924026,0.17759208450326483,0.741061147477495
232,0.24530190334535454,0.14845707648123202,0.6062410201734134
233,0.17329320532757325,0.14404702197830063,0.682659772694126
234,0.2466847452158797,0.17231334738579948,0.5810019073983208
235,0.11721930887254481,0.3915356095740149,0.4912450815534403
236,0.10436979447976813,0.31002842087293414,0.5856017846472978
237,0.25561239685719506,0.11469208290020207,0.6296955202426029
238,0.3968157322908876,0.13454122330350388,0.4686430444056085
239,0.16124444168889318,0.2882960744031473,0.5504594839079595
240,0.19336212439610778,0.19546076329527123,0.611177112308621
241,0.0598392720279055,0.15363093933593586,0.7865297886361585
242,0.42014753510175884,0.1991629259937937,0.38068953890444746
243,0.40349508306518195,0.10944691397384188,0.4870580029609762
244,0.16588104653128405,0.3031608460147507,0.5309581074539652
245,0.15797883045421124,0.3856526117238511,0.45636855782193775
246,0.2720714120142457,0.36674761946034556,0.3611809685254087
247,0.45491971972777384,0.22941091933835295,0.3156693609338734
248,0.553008587343211,0.07188544057980414,0.3751059720769849
249,0.20143012117440937,0.1705062876188742,0.6280635912067164
250,0.2471389105628919,0.17383794675304523,0.5790231426840629
251,0.2440597684025751,0.3490618434069925,0.4068783881904324
252,0.565297129125069,0.130088165612248,0.3046147052626829
253,0.17905928494895912,0.34494309641958276,0.47599761863145823
254,0.42931231707748496,0.1275977295987367,0.4430899533237782
255,0.380526652633597,0.27581438531942165,0.3436589620469813
256,0.1482666799599768,0.11809406585371966,0.7336392541863036
257,0.2928716537021021,0.1871940408978441,0.5199343054000538
258,0.2963745531851037,0.17369281178437634,0.5299326350305199
259,0.244543498519883,0.1883793714051532,0.5670771300749639
260,0.11190725160628323,0.11361652238075633,0.7744762260129605
261,0.5403051346476251,0.14699141436491592,0.31270345098745905
262,0.25443904604447026,0.20080413937659852,0.5447568145789313
263,0.30497049482261385,0.13661268731974904,0.5584168178576372
264,0.10119115719222713,0.4196869630795725,0.4791218797282003
265,0.1757797845810817,0.4000346919864675,0.4241855234324507
266,0.2943354412319724,0.14467425751593932,0.5609903012520883
267,0.5872525296941381,0.0981685033000684,0.31457896700579346
268,0.14222806938556568,0.17282911385576447,0.6849428167586699
269,0.06526203532464414,0.11111717357587866,0.8236207910994772
270,0.3160650043366528,0.13365571303958498,0.5502792826237621
271,0.09204726829460946,0.2188075286218546,0.6891452030835359
272,0.32057779134792025,0.13162905700880168,0.547793151643278
273,0.23222197831949062,0.16322145793602436,0.604556563744485
274,0.07986089298485986,0.16237214425891597,0.7577669627562241
275,0.27031730935530196,0.13451147108191688,0.5951712195627812
276,0.24834753290919565,0.1657018728142454,0.5859505942765589
277,0.05850068686752186,0.3612468598814171,0.580252453251061
278,0.2679265704292818,0.2691166854420016,0.46295674412871657
279,0.9663505059678343,0.004824326349169345,0.0288251676829965
280,0.5422864194696534,0.13708934152048266,0.3206242390098639
281,0.4480117478736088,0.24104155491378154,0.3109466972126097
282,0.0943093862348202,0.3054654477598579,0.6002251660053219
283,0.3338278150060465,0.16379367221662167,0.5023785127773318
284,0.1840895720170674,0.1880723672413724,0.6278380607415602
285,0.30583451747296053,0.07876204435106737,0.6154034381759722
286,0.042129985051719776,0.07435742599101364,0.8835125889572666
287,0.1200724530582537,0.3590092073762932,0.5209183395654531
288,0.14607140501114013,0.12003928418965612,0.7338893107992037
289,0.14221375016926832,0.42576074459643964,0.4320255052342921
290,0.1367086845008071,0.123228459745752,0.740062855753441
291,0.1555417931055168,0.12441459744561506,0.7200436094488681
292,0.0328991661046016,0.10774604038312681,0.8593547935122716
293,0.030647346761246582,0.09543589985139657,0.8739167533873569
294,0.4516609135282804,0.12248636135736637,0.4258527251143533
295,0.24093312730252317,0.34752104171184145,0.41154583098563535
296,0.1721824523453948,0.38808319065266633,0.43973435700193886
297,0.20744460072294615,0.3523847617897454,0.4401706374873085
298,0.3598803439618834,0.09728291262696717,0.5428367434111494
299,0.18711132084882995,0.3247829583440185,0.48810572080715153
300,0.22650360160590088,0.2715104833580844,0.5019859150360148
301,0.15825029653214964,0.19392332929286002,0.6478263741749903
302,0.24767774692600936,0.2016119892565099,0.5507102638174809
303,0.14316201642508974,0.13912466424380251,0.7177133193311078
304,0.3387398187703124,0.19885862884826544,0.4624015523814223
305,0.07100403012728057,0.1555951121313873,0.7734008577413322
306,0.4713784188215604,0.07817669879944847,0.4504448823789911
307,0.19498874045981707,0.16775030131454682,0.6372609582256361
308,0.06796276226004042,0.4443640577890134,0.4876731799509462
309,0.19436647273380764,0.33430121643508576,0.47133231083110655
310,0.22441104087696198,0.1961026604830764,0.5794862986399617
311,0.06196604758535982,0.11971325387685416,0.818320698537786
312,0.290795712514301,0.16649957965828938,0.5427047078274095
313,0.2503442101588164,0.14074416237853188,0.6089116274626517
314,0.19705573890588504,0.3129227171806942,0.4900215439134208
315,0.06094688697911892,0.10874036590691243,0.8303127471139686
316,0.08523739162359188,0.400662345832071,0.514100262544337
317,0.22851906904269867,0.20427781156561853,0.5672031193916827
318,0.045262466268959405,0.1553470308324826,0.7993905028985581
319,0.04057130843117179,0.12406086252565264,0.8353678290431756
320,0.3163727624764446,0.21835294976553987,0.4652742877580157
321,0.2571503925467917,0.1745229714955254,0.568326635957683
322,0.23718193476711277,0.24277638778152405,0.5200416774513632
323,0.07829311828006631,0.3598067968315333,0.5619000848884004
324,0.135443264220211,0.3480265257731658,0.5165302100066231
325,0.34846428557872,0.07413665961564889,0.5773990548056313
326,0.07691987234065754,0.14777280573437596,0.7753073219249665
327,0.06334354940344034,0.14608876085808625,0.7905676897384735
328,0.16493006031891486,0.39634877200385754,0.4387211676772275
329,0.1682410045346086,0.15812371840790088,0.6736352770574905
330,0.21298760670039807,0.23337149102532115,0.5536409022742808
331,0.18713644077151464,0.37283836745162874,0.4400251917768565
332,0.789986161220633,0.09317972907553389,0.11683410970383301
333,0.6508121847687536,0.07256086989810583,0.2766269453331405
334,0.1268052365231386,0.43622241308240656,0.4369723503944548
335,0.14214308331296982,0.3587284353913175,0.4991284812957128
336,0.29247690965849793,0.2587428236193065,0.4487802667221955
337,0.30960900125686774,0.2000438439103036,0.4903471548328287
338,0.04345287131275751,0.15721379031270744,0.7993333383745351
339,0.15701597676380838,0.33245396956596296,0.5105300536702287
340,0.43872890948402,0.11757806348893522,0.4436930270270449
341,0.13649191063099322,0.16448139035097062,0.6990266990180362
342,0.4624951525882878,0.16497658272488844,0.3725282646868237
343,0.032112555318933964,0.1967175312637928,0.7711699134172733
344,0.2901706313208889,0.2587817787387053,0.45104758994040584
345,0.5378960554376511,0.0633850318976162,0.39871891266473275
346,0.32563385279501755,0.15742933972983097,0.5169368074751515
347,0.4566201277964805,0.3240098389465312,0.2193700332569884
348,0.0768447537551582,0.16112741142448408,0.7620278348203576
349,0.05538094863743375,0.12029670698477374,0.8243223443777925
350,0.0910698414284995,0.2889193576622003,0.6200108009093003
351,0.3789295748982807,0.09832804252407634,0.522742382577643
352,0.07758898166989751,0.11030006237026871,0.8121109559598337
353,0.1448574082646809,0.3989724115388711,0.4561701801964479
354,0.4186690487074886,0.1460954762110072,0.4352354750815041
355,0.11222383191019532,0.3284580741681517,0.5593180939216531
356,0.4158640923449374,0.10195229599232906,0.48218361166273355
357,0.11943779285813981,0.1472867929652783,0.7332754141765818
358,0.0026486477468262155,0.3230149136175246,0.6743364386356492
359,0.030345395383044843,0.4545758012315779,0.5150788033853771
360,0.15381491380428783,0.3157391913240465,0.5304458948716657
361,0.3138204466866521,0.24531323901782326,0.4408663142955248
362,0.10595838548155136,0.18797992776309,0.7060616867553586
363,0.16824126373197115,0.39282936820059483,0.43892936806743404
364,0.1369022750530553,0.3951174144669352,0.4679803104800096
365,0.3818909128757188,0.09977703719906049,0.5183320499252208
366,0.32995279242034836,0.17843258432161324,0.4916146232580385
367,0.10780289388038579,0.28308352561985645,0.6091135804997577
368,0.06462129254903069,0.28592682156469984,0.6494518858862695
369,0.48934724606438185,0.19246368691913787,0.3181890670164802
370,0.5159571455407801,0.07504926417619737,0.40899359028302257
371,0.2686823405344388,0.1648630872858302,0.566454572179731
372,0.38481165679559765,0.24311632909614142,0.3720720141082609
373,0.0003607404793723012,0.2534880239023646,0.7461512356182631
374,0.17527297945032982,0.3700435824457509,0.4546834381039193
375,0.27885560494894496,0.13671662681163704,0.5844277682394181
376,0.22413621155909114,0.14959980813285864,0.6262639803080502
377,0.16140214251144525,0.17191836370871855,0.6666794937798362
378,0.19351678312324583,0.1740435369969982,0.632439679879756
379,0.517074918804344,0.16500794942109467,0.31791713177456127
380,0.2611466788654167,0.1966224116054798,0.5422309095291034
381,0.3929585815979362,0.12463302617044553,0.48240839223161835
382,0.007736465413833393,0.060622705731212624,0.9316408288549539
383,0.2745812009710347,0.19546871138814448,0.5299500876408207
384,0.613714807291394,0.13549535173218852,0.2507898409764174
385,0.07332498834387262,0.11712788106511282,0.8095471305910146
386,0.7306900618033758,0.0793510777833945,0.18995886041322982
387,0.03561502489359835,0.14127802861071956,0.8231069464956821
388,0.3642583333908808,0.09611267213584837,0.5396289944732708
389,0.042996666021717124,0.10243872874766706,0.8545646052306158
390,0.296633137446799,0.10069861462711749,0.6026682479260834
391,0.5464933148893912,0.16054824374763302,0.29295844136297566
392,0.9822454988906915,0.004364191935271812,0.013390309174036774
393,0.11977225400643743,0.4617401981886239,0.41848754780493863
394,0.3229191947082605,0.10168425624770686,0.5753965490440326
395,0.19877313399982188,0.3078430945628727,0.4933837714373055
396,0.29045168801547727,0.23858818916061783,0.47096012282390487
397,0.1999788720297041,0.12319364682801316,0.6768274811422826
398,0.015424509699740917,0.38116645266814525,0.6034090376321137
399,0.36976455310745154,0.18713258768718288,0.4431028592053655
400,0.07595995307618844,0.4487474046701007,0.47529264225371076
401,0.04302680658751062,0.10084978185098677,0.8561234115615026
402,0.03807046266024052,0.12803433611631806,0.8338952012234415
403,0.22872372968523808,0.23224319152531742,0.5390330787894445
404,0.18996475699720158,0.32857840693799956,0.4814568360647989
405,0.17420286517459538,0.11254402306327312,0.7132531117621316
406,0.1349749161677228,0.11792636007725806,0.7470987237550192
407,0.07772280053345364,0.16638408328478121,0.7558931161817651
408,0.12515903157243988,0.21982900281197826,0.6550119656155818
409,0.09372086515789228,0.10597842975260115,0.8003007050895067
410,0.0925254233406807,0.3975903738879336,0.5098842027713857
411,0.16636430330736976,0.37904176988028204,0.4545939268123482
412,0.6133441834227857,0.2897636374711485,0.09689217910606575
413,0.17966360327130132,0.19208203527317227,0.6282543614555264
414,0.14191768983446348,0.1509010704807433,0.7071812396847933
415,0.6006404239499874,0.12037828928161164,0.278981286768401
416,0.2798746356376587,0.13056417550262195,0.5895611888597193
417,0.04843173815718962,0.07847820422389193,0.8730900576189184
418,0.42526954487426255,0.13305716993286312,0.44167328519287435
419,0.005731592477410467,0.3838440011582775,0.6104244063643119
420,0.5217875485268498,0.05325368012358034,0.42495877134956966
421,0.26350966635921336,0.2670220962763634,0.4694682373644232
422,0.5613656446015476,0.08942719073695363,0.3492071646614987
423,0.24027199439320207,0.1731525432701994,0.5865754623365985
424,0.2043979929741151,0.3713120211691823,0.4242899858567025
425,0.0108372321882386,0.09795359913525993,0.8912091686765016
426,0.24543394476915154,0.16216727350071378,0.5923987817301347
427,0.08765683041325487,0.16439067493544005,0.7479524946513051
428,0.236759289540976,0.3728859645375265,0.3903547459214976
429,0.11053445906729178,0.18167584925050395,0.7077896916822043
430,0.1299532008149912,0.1823716882934382,0.6876751108915706
431,0.5577434565638588,0.12832693016856075,0.3139296132675805
432,0.43179739121378546,0.1277732483710367,0.4404293604151779
433,0.14305724860598482,0.38496857124918843,0.4719741801448267
434,0.0011061940548658577,0.20632700884550917,0.7925667970996249
435,0.2247760925128506,0.3137642121306226,0.4614596953565269
436,0.12317135121872588,0.3910131490213459,0.48581549975992816
437,0.43985863900360017,0.1795381327016714,0.38060322829472837
438,0.014079858676757474,0.10059944657276433,0.8853206947504781
439,0.18237111360247693,0.1460271457618208,0.6716017406357023
440,0.13710944598702973,0.35103213989936705,0.5118584141136032
441,0.06886923296133103,0.1721140983226447,0.7590166687160244
442,0.007400552891611213,0.0917622079546739,0.9008372391537149
443,0.2188216812008008,0.2834082584002527,0.4977700603989465
444,0.13871567112732838,0.15481311586804467,0.706471213004627
445,0.19366428695203208,0.3684183764690648,0.4379173365789032
446,0.18326580707666312,0.35122317530235764,0.4655110176209793
447,0.47437982918094157,0.17798525427373077,0.3476349165453277
448,0.2996670638146407,0.12421562744289538,0.5761173087424639
449,0.15596810298953367,0.181865983927896,0.6621659130825703
450,0.3438632418424425,0.10390389127687491,0.5522328668806826
451,0.0743196382705084,0.4451503074546052,0.4805300542748864
452,0.001889939085046244,0.27324580844639795,0.7248642524685559
453,0.3281789691473132,0.17182889686999844,0.4999921339826884
454,0.2413737021738078,0.172577162357664,0.5860491354685283
455,0.514942588866775,0.09978470560559115,0.3852727055276337
456,0.14854934253890287,0.23759410678017368,0.6138565506809235
457,0.6353847367539258,0.06702327742147648,0.2975919858245978
458,0.3534785028921149,0.10801070756728594,0.5385107895405992
459,0.4306222140598055,0.13567730852073503,0.4337004774194595
460,0.2400925284896012,0.1587287808091577,0.6011786907012411
461,0.24635976505239468,0.1831087938195191,0.5705314411280862
462,0.18321912330371326,0.1477786909022666,0.6690021857940202
463,0.1452410210729512,0.3435623861962741,0.5111965927307747
464,0.17527103120373821,0.12671606897454682,0.6980128998217149
465,0.1455571966884101,0.11796235922754772,0.7364804440840421
466,0.06746725778797043,0.334328998929322,0.5982037432827076
467,0.2921383683023188,0.17253226788554793,0.5353293638121333
468,0.143997798639525,0.3300957644057841,0.525906436954691
469,0.4530529418714033,0.18229731276746186,0.36464974536113476
470,0.9840094369647575,0.011768734882489838,0.004221828152752675
471,0.45741663789500914,0.16576556107084356,0.3768178010341473
472,0.20509787439750063,0.12028165470011558,0.6746204709023838
473,0.7265375855923467,0.08164127320198014,0.19182114120567315
474,0.40816104640176115,0.2717557062737049,0.3200832473245339
475,0.24743052721579617,0.29515841003368093,0.4574110627505229
476,0.5130760046842928,0.11361584615839675,0.3733081491573104
477,0.07011564541754721,0.10707057335253922,0.8228137812299136
478,0.2487343393032531,0.37982057498346805,0.3714450857132789
479,0.2856138348413897,0.22809274869133198,0.48629341646727825
480,0.08107513170750594,0.16109979948214861,0.7578250688103455
481,0.12280339238332821,0.39707887048208995,0.48011773713458195
482,0.355908072956239,0.31158094508687906,0.332510981956882
483,0.0653264445469854,0.31906479037458924,0.6156087650784253
484,0.4175891586087462,0.15090504635954677,0.43150579503170694
485,0.19595978384807483,0.1814093623218274,0.6226308538300978
486,0.014116026919994161,0.057799411574234856,0.928084561505771
487,0.16849052143475793,0.28140877073508164,0.5501007078301604
488,0.0871191319593924,0.2996792481177865,0.6132016199228211
489,0.23462763015961,0.13152422594339677,0.6338481438969932
490,0.002645526400662796,0.2679997445642795,0.7293547290350577
491,0.12370538390882431,0.2595546399451927,0.6167399761459831
492,0.07511100788191037,0.34656299315873657,0.5783259989593531
493,0.016580663750187363,0.04291409196874936,0.9405052442810633
494,0.205129019080896,0.35609428869952603,0.43877669221957805
495,0.26233856077292256,0.30593314817371636,0.4317282910533611
496,0.13489665706986712,0.2716031962579667,0.5935001466721661
497,0.8816589822818709,0.08174716724081758,0.03659385047731142
498,0.19774864989284022,0.22279990873047886,0.5794514413766809
499,0.10019437969049004,0.13870168353553805,0.7611039367739719
500,0.20283559095077228,0.36161759677444233,0.43554681227478553
501,0.1606307528208491,0.12649435415357782,0.7128748930255732
502,0.3401788094001765,0.1460186338861196,0.5138025567137038
503,0.21536185752791204,0.16559845109337545,0.6190396913787126
504,0.045746580118887756,0.15985980213070153,0.7943936177504108
505,0.9843155118596991,0.01111745299674391,0.0045670351435571285
506,0.02120246527483863,0.04623562108961937,0.932561913635542
507,0.18997470104869918,0.14673493919423206,0.6632903597570687
508,0.13318930084932473,0.13699370430774332,0.7298169948429319
509,0.9401133521971806,0.056407947580399145,0.003478700222420256
510,0.2396795416012513,0.3401817233848099,0.42013873501393895
511,0.2474495350752745,0.34227621146977993,0.41027425345494556
512,0.04701629292987405,0.2998114920172855,0.6531722150528404
513,0.09288952986292036,0.12579276878917053,0.781317701347909
514,0.15488257883719805,0.19707593533710918,0.6480414858256928
515,0.22892720354496607,0.35945880836663685,0.41161398808839716
516,0.5910551380578807,0.12293065303704127,0.28601420890507795
517,0.048333684107092496,0.14663660510578783,0.8050297107871196
518,0.3162026866894805,0.17586251485262844,0.5079347984578911
519,0.45200332006281796,0.13465375971885857,0.4133429202183236
520,0.23697488243016782,0.2667323350689711,0.49629278250086106
521,0.16241011956536563,0.32842455877162985,0.5091653216630045
522,0.14627120570606156,0.11553837966687129,0.7381904146270671
523,0.574199451976278,0.10772792457585358,0.3180726234478686
524,0.17447144733453546,0.3285343420118014,0.49699421065366317
525,0.0031832339250783513,0.08116453869601843,0.9156522273789033
526,0.1480877255862434,0.19316759885086987,0.6587446755628866
527,0.29350216703571014,0.1978281803704897,0.5086696525938001
528,0.062301491739518856,0.0972264457977582,0.8404720624627229
529,0.1571938163080451,0.14940891608593082,0.6933972676060242
530,0.5344068622186345,0.1812871460088142,0.2843059917725512
531,0.011257805336150608,0.051803803001157375,0.936938391662692
532,0.11643211837840417,0.2533578312254586,0.6302100503961373
533,0.4833113654319731,0.20758296062587459,0.3091056739421524
534,0.08801047174232422,0.12416056459534623,0.7878289636623296
535,0.11630889482537014,0.12215796159071002,0.7615331435839198
536,0.10781895730438579,0.15866659391709703,0.7335144487785172
537,0.005835336544162228,0.32160041689049745,0.6725642465653404
538,0.5538654174274485,0.08583181060129924,0.36030277197125227
539,0.22855607272691766,0.17172591893323666,0.5997180083398458
540,0.22697267365492524,0.3317525415331327,0.44127478481194193
541,0.36955027810862956,0.11959736289547847,0.510852358995892
542,0.2833982444584413,0.18764956183853726,0.5289521937030215
543,0.2788947601620769,0.12166861105441011,0.5994366287835129
544,0.38804592260601395,0.1291976550151483,0.4827564223788378
545,0.1621157735468821,0.3450397104674371,0.4928445159856809
546,0.3986621897048312,0.1882591845686449,0.41307862572652393
547,0.2336059211147005,0.20982277265132504,0.5565713062339744
548,0.21904432356120362,0.3826379953056701,0.3983176811331263
549,0.035601247208843466,0.10420792223115892,0.8601908305599977
550,0.06318872052757737,0.12470972011674669,0.812101559355676
551,0.13305349520796075,0.30543502485113516,0.5615114799409041
552,0.2183488727891891,0.3075411144254767,0.4741100127853342
553,0.31412306692441333,0.13902956005224013,0.5468473730233465
554,0.1693587782297742,0.24993249619177904,0.5807087255784469
555,0.00018866513432857804,0.2344305825254895,0.7653807523401819
556,0.5908035822397313,0.23341705626983314,0.1757793614904355
557,0.4961726209780734,0.10389244059641636,0.3999349384255103
558,0.5266205897624754,0.19709581777373952,0.27628359246378514
559,0.0067460074440942345,0.3554066938607786,0.6378472986951271
560,0.4964654155889442,0.1653386486262744,0.3381959357847814
561,0.21993069648240077,0.18184867654432177,0.5982206269732774
562,0.2456854017713951,0.2399513010039422,0.5143632972246627
563,0.34035419575623915,0.3367707168201567,0.32287508742360416
564,0.19964867101754366,0.45909812191841576,0.3412532070640405
565,0.9423277963797386,0.03888729928527255,0.01878490433498872
566,0.23044471815879838,0.2267650326867267,0.5427902491544749
567,0.24827624998877845,0.07013753543818162,0.68158621457304
568,0.09464060042223121,0.2539961428430351,0.6513632567347336
569,0.1156737536092496,0.28625760992080335,0.598068636469947
570,0.32596851021427514,0.13738802903057326,0.5366434607551516
571,0.08743096744257625,0.22046257231916883,0.692106460238255
572,0.07451444114757627,0.1350016972651532,0.7904838615872705
573,0.10915045516917439,0.15420582860512097,0.7366437162257046
574,0.2547995618905256,0.20070643472387523,0.5444940033855992
575,0.010631154521721815,0.37136539404101004,0.6180034514372682
576,0.25292679815683505,0.1417667377880562,0.6053064640551087
577,0.35008716602474366,0.1561749511147775,0.49373788286047887
578,0.3623081183825085,0.2762062449748211,0.36148563664267047
579,0.1006494591783132,0.24897636995277386,0.650374170868913
580,0.03878793377800307,0.09915325440369929,0.8620588118182976
581,0.21448516381523858,0.20661009377896516,0.5789047424057964
582,0.2340485581665474,0.32102795463356126,0.44492348719989133
583,0.3882882711991897,0.13982658433964085,0.47188514446116947
584,0.09926920202788288,0.14211925465029696,0.7586115433218202
585,0.05638696716966057,0.18034482905374336,0.7632682037765961
586,0.14998023649115538,0.31533362629527534,0.5346861372135693
587,0.1139004178017824,0.4636151430113506,0.4224844391868669
588,0.17576650450238132,0.281693029265035,0.5425404662325838
589,0.18260441157023263,0.14973927098048573,0.6676563174492817
590,0.1664315674972564,0.27158022491609923,0.5619882075866444
591,0.1284859224364049,0.4787541971719244,0.3927598803916707
592,0.26434180087141473,0.23218662848445168,0.5034715706441335
593,0.1084098535491073,0.13118827313316084,0.7604018733177318
594,0.15721019825626734,0.41907677616774397,0.4237130255759887
595,0.396991813476723,0.234768085896444,0.3682401006268331
596,0.4823437537359784,0.29081440803377556,0.22684183823024617
597,0.5930341869236033,0.14157122900935687,0.26539458406703986
598,0.23700486064676052,0.26281136837879265,0.5001837709744468
599,0.31838794003054227,0.37166514889604,0.30994691107341776
600,0.19513463623183355,0.13165537924484585,0.6732099845233206
601,0.2601114192972994,0.3422571489952083,0.3976314317074924
602,0.23890269364521596,0.12081451242367282,0.6402827939311113
603,0.2648117453707173,0.1914664596889412,0.5437217949403415
604,0.09381754810523775,0.42764789630119504,0.4785345555935672
605,0.29688009540422,0.1392131027591932,0.5639068018365868
606,0.009377307109405686,0.0343933400690083,0.956229352821586
607,0.1650073407738679,0.40944218816272204,0.4255504710634101
608,0.12336683498426462,0.3395970594826576,0.5370361055330778
609,0.20936083176113837,0.34159153811403525,0.44904763012482635
610,0.15403377442943703,0.38155756781348327,0.4644086577570796
611,0.1344587225524849,0.36823772920502024,0.4973035482424949
612,0.07901352252539565,0.2521749411820426,0.6688115362925618
613,0.19741394833007692,0.3301824956612256,0.47240355600869754
614,0.2578062824037358,0.3442771401717047,0.3979165774245595
615,0.14269002240954054,0.18004051529292453,0.6772694622975349
616,0.04976164521991515,0.07080895865029856,0.8794293961297862
617,0.36528431273693707,0.1434487909468039,0.491266896316259
618,0.22329878124581554,0.2324456250422417,0.5442555937119428
619,0.25466428232677774,0.34453076279215405,0.40080495488106815
620,0.17313637338331628,0.38230782142279723,0.44455580519388643
621,0.202564635286893,0.1910298732428161,0.6064054914702909
622,0.3911683445626513,0.19747056009418976,0.41136109534315907
623,0.3948674249937143,0.21601384671512652,0.38911872829115907
624,0.2765084489073647,0.23595021770814775,0.4875413333844876
625,0.07178194630101828,0.1622327849559275,0.7659852687430543
626,0.0889840322575348,0.4508811722166391,0.46013479552582615
627,0.07431321780576905,0.18351360286851387,0.7421731793257171
628,0.04360877285283543,0.37998650926320726,0.5764047178839573
629,0.45657599600615617,0.13324503436808532,0.41017896962575856
630,0.386017791501381,0.1695514976030604,0.44443071089555874
631,0.2019906054852997,0.16070820365143842,0.6373011908632619
632,0.3150115285016755,0.16974291115326565,0.5152455603450588
633,0.20333772144080925,0.14603079909511132,0.6506314794640794
634,0.046589287435626583,0.4432203569333977,0.5101903556309756
635,0.49144522308165306,0.1546413602977754,0.3539134166205715
636,0.2640872675854941,0.2205510988888712,0.5153616335256346
637,0.2841194063577254,0.13684500504938582,0.5790355885928887
638,0.3385126590682643,0.20402690970439052,0.4574604312273453
639,0.1319677926450975,0.3187089353922891,0.5493232719626134
640,0.9822703971158746,0.005085763912285603,0.012643838971839832
641,0.12177827073262816,0.4786977386008681,0.3995239906665037
