,proba_0,proba_1,proba_2,proba_3,proba_4,proba_5,proba_6
0,0.10579881686150243,0.024961821939082845,0.21240615032987786,0.36231815189542027,0.1591212292839057,0.09222116494943475,0.04317266474077639
1,0.15364533974078406,0.03128111800057555,0.01902831401845399,0.015014714884726488,0.011344975971234813,0.7305937364101722,0.03909180097405317
2,0.27028280954594913,0.03237939595151946,0.08993606213681771,0.2347971873462419,0.10376784603206207,0.16472274201909964,0.10411395696830975
3,0.018505720174981602,0.006091411405198017,0.008950770090707619,0.6599849510514054,0.28936452772228216,0.009796406115755016,0.007306213439670129
4,0.08223304602516875,0.15519633716707196,0.049200728727770135,0.0939576052821685,0.09386216118394253,0.1508959823305207,0.3746541392833576
5,0.06998646407593828,0.015842003086670636,0.09006109072369109,0.5205567182901983,0.22241225788681696,0.05623772357869265,0.024903742357991594
6,0.10534468573126737,0.16953000536735668,0.04924834539570802,0.015547001309854525,0.013052722087297651,0.49729659380493346,0.14998064630358224
7,0.4182230484479594,0.03498179299947916,0.13373650377399873,0.1413761679660707,0.05827711599431576,0.11913600344893828,0.09426936736923855
8,0.068420917244621,0.023817080827176245,0.6460532321037746,0.07363689344375692,0.04226325638106577,0.08433259145066438,0.061476028548941325
9,0.053359168860574895,0.03127784756373648,0.04419114128318097,0.4772112640143391,0.2515272354890489,0.06349236193151463,0.0789409808576053
10,0.05257564358467591,0.014641854765410677,0.03159381982178942,0.5854120663454738,0.26610269555413024,0.0318103080736834,0.017863611854837105
11,0.07601327930734572,0.023534926172373377,0.10824262372364327,0.46314548951188983,0.23158409548328646,0.05947686226864792,0.0380027235328131
12,0.09937353816710791,0.06767306649275795,0.008031098884805982,0.009177158657471702,0.008081170143225378,0.7644799339802664,0.043184033674365185
13,0.08704402978524789,0.03885877157298296,0.012553824773266376,0.013299951483516086,0.013307198345741502,0.8049382857511435,0.029997938288102023
14,0.0944568381335438,0.041135454728856206,0.066665108067667,0.009909403308782327,0.007836556161254244,0.7351782228936514,0.044818416706244604
15,0.09212331586250078,0.09681902248435385,0.0248810531699799,0.01474411757455173,0.011649610413850372,0.6429380320819208,0.11684484841284265
16,0.03794233214013611,0.06351607732587462,0.08621427735683443,0.05884830049269877,0.057835264505749176,0.04527264598953439,0.6503711021891719
17,0.07997268751791063,0.04662401795916099,0.027436250897203286,0.024982428006105954,0.01918014204199938,0.6856827464066015,0.11612172717101782
18,0.0646083261821112,0.017547570755199703,0.03261351900541407,0.5618315948592929,0.2527391923470765,0.0497628545833574,0.020896942267548423
19,0.11850311290114753,0.04174960280412895,0.030702670247602228,0.01710621127113804,0.011983606795874988,0.7031465321747205,0.07680826380538786
20,0.036359616468907306,0.015940022900177642,0.05592587146322036,0.5236814921814787,0.23672191732308337,0.04458654700762322,0.08678453265550903
21,0.021079690967976704,0.008642798275887648,0.02609475947028364,0.6300288775638258,0.2754621515228988,0.018258859585771947,0.020432862613355012
22,0.09214315148388208,0.07262579687897197,0.14774046652539147,0.026055166944652323,0.020605098755131456,0.4490834581429663,0.19174686126900406
23,0.13812488662629016,0.07676385719702934,0.009190422476777366,0.00887664061815794,0.007739373981824286,0.7217801951117655,0.03752462398815554
24,0.10805407420645094,0.0636394857489138,0.01917152576697896,0.01440869834945724,0.012722372271019635,0.7317168602646688,0.05028698339251065
25,0.19770867494284947,0.6106015827969683,0.014874235771582324,0.013606959257540994,0.011069022372544505,0.08571350308555714,0.0664260217729572
26,0.12455213529133831,0.12843831621626073,0.05123369933341033,0.03532330089944984,0.031442562484325996,0.5160058328589118,0.11300415291630274
27,0.5451668168193721,0.09270673622036936,0.07827352336744348,0.025684571675141,0.017044329072488814,0.1782335848234167,0.06289043802176897
28,0.29478723212361524,0.048018920559160905,0.03836233494847821,0.048342120280140476,0.02682564744267034,0.3941872726625929,0.149476471983342
29,0.0667139673687146,0.04134540197427264,0.1671974231182131,0.14051959628528823,0.09832503568607309,0.09747187637269251,0.3884266991947457
30,0.008143894591996177,0.003602347171597352,0.008173785827642195,0.6806685944653433,0.28457428692423026,0.005777034674128098,0.009060056345062585
31,0.014344477897660794,0.08759788940440968,0.019948940366575834,0.02374215532548102,0.04359411667095706,0.014375557231770714,0.7963968631031447
32,0.06264706931126353,0.5203705504502083,0.018494683561175312,0.020990283433486877,0.020710571870126506,0.18391429639208237,0.17287254498165713
33,0.2023135057007758,0.028918785446692446,0.2187738739331914,0.26310046655654373,0.1317421558134478,0.10509204162592957,0.050059170923419216
34,0.09334463247407174,0.11643062801250764,0.1278720666470903,0.037395792784721646,0.024678461356133385,0.1471238161471206,0.4531546025783546
35,0.04132088266448675,0.011550274423992533,0.031655710598958955,0.6104945817333977,0.2591711837451442,0.025144015230982076,0.020663351603037672
36,0.06930301528251769,0.02986580028113468,0.643869843239067,0.042483727071926006,0.02862596515542318,0.12885038347517713,0.057001265494754025
37,0.10599884369991636,0.056961069292151195,0.05938539546497461,0.009410556066100858,0.0071536341635068754,0.7023307583348296,0.058759742978520706
38,0.10511533787126813,0.10795474627643206,0.010294984238686822,0.010170286763889329,0.0084999621027544,0.6885240013498389,0.0694406813971304
39,0.13908348163289302,0.08167278341833895,0.1667044165194215,0.025842906896428295,0.018238784216841792,0.4199701351502812,0.14848749216579488
40,0.1325032187177504,0.03270518685422136,0.33530820246292115,0.14305471787424973,0.07548214168236579,0.12156574211106891,0.1593807902974225
41,0.022680364719871487,0.008547140325992816,0.027630100397853786,0.6307516115981107,0.2724663048870943,0.01996326027601206,0.01796121779506465
42,0.03896274663289041,0.012230876917682187,0.04310773485090501,0.5911711922203097,0.24960755963716352,0.03453493264238538,0.030384957098664126
43,0.049993603272364004,0.01774700674655112,0.05472736205357414,0.5278792347911392,0.2498202181890715,0.06019826089169883,0.03963431405560132
44,0.12165035264187479,0.030720067696792797,0.3498467288321636,0.15981648247458438,0.09819711724567662,0.15939060721232248,0.08037864389658521
45,0.12684269774851362,0.041447633592112884,0.43325653560575017,0.027705371362268662,0.0194751316641432,0.2959890180330887,0.05528361199412263
46,0.0737305424519267,0.1440857836581657,0.03256322900922885,0.020538410880429826,0.02026338964728042,0.5434676464921042,0.16535099786086427
47,0.10740795470291827,0.02204145991846896,0.041813529473078766,0.04838038896116096,0.0369286677897808,0.7082009388399467,0.035227060314645
48,0.08841232084051376,0.10743749424150181,0.01224461721635589,0.012476561926118434,0.011239990938688247,0.705840293524764,0.06234872131205758
49,0.060894678203065836,0.15172802133410002,0.03452759595995691,0.048345179503225824,0.040045367637189945,0.13912346119080876,0.5253356961716528
50,0.14274607327439404,0.5122861903526965,0.03313765517659174,0.025541446328085384,0.02235033703427561,0.08448811499935518,0.17945018283460148
51,0.09574861611485835,0.0456662509104451,0.022542015654480753,0.007036174746775249,0.005855262424521242,0.7853263057293043,0.037825374419614886
52,0.08866657874749123,0.16594889384622724,0.03672470035423654,0.04249820232610726,0.03474298930215249,0.11240847465331025,0.519010160770475
53,0.14587537176898938,0.022199517178776055,0.1164057564342226,0.443397087975269,0.18057999299184022,0.06144203586090537,0.030100237789996744
54,0.0608202525982557,0.03860690916955189,0.18188244799349218,0.12993171972605705,0.09243709389409561,0.1002435073703587,0.396078069248189
55,0.03546707977393866,0.36807267419094086,0.01726212038057333,0.02755106485126067,0.03387571602676314,0.04524405035837107,0.4725272944181523
56,0.024108112108438752,0.07577805118077953,0.039185924336726845,0.03347227159811121,0.04698405489753548,0.02573234393659863,0.7547392419418093
57,0.03536066495406166,0.12667371765745755,0.029262331621031805,0.03232168246151612,0.0390428948568193,0.030274675058923322,0.7070640333901903
58,0.07200168537581787,0.1186362370607402,0.01607275454755886,0.026873191552463815,0.028488034148473375,0.6594451087616909,0.07848298855325501
59,0.0788493987929634,0.04571850200893613,0.0291552151670806,0.010452509885965891,0.008792583238016233,0.774934771532388,0.052097019374649604
60,0.13447265550627055,0.26253205902430415,0.0371508270232839,0.0263443672596646,0.02146698637978477,0.2980107616477895,0.22002234315890268
61,0.29632242125238994,0.03633785059028243,0.3521180992312134,0.09726585581509418,0.05949600120966504,0.11641405364469493,0.04204571825665968
62,0.05838130439816736,0.014133390760998161,0.0392700445665422,0.5815713845473727,0.2503675111647479,0.0352360946727533,0.021040269889418563
63,0.05805200054737755,0.034099110858241896,0.024437885515583086,0.47002340345843546,0.24851405655427924,0.09232503131577793,0.07254851175030463
64,0.02854839131524628,0.2699388846120918,0.012969898892323467,0.031356293929554496,0.030321962015235952,0.02445435606529505,0.602410213170253
65,0.10991857701554225,0.032740519402589104,0.39055701343305177,0.1400684601603555,0.086490038052449,0.1458986559570387,0.09432673597897344
66,0.21850502771478622,0.04948969567493697,0.037403040539934526,0.033660468170636615,0.020232815079736104,0.4858185918117238,0.15489036100824585
67,0.02720052736228143,0.0142938809489504,0.034283676941044436,0.5647621850986716,0.2535109967415266,0.03051995489363579,0.07542877801388967
68,0.44622147943127516,0.04622742012715822,0.12131674748019086,0.09613747186258083,0.0477277021124964,0.12975328403032785,0.11261589495597073
69,0.23619544844872306,0.04664129331952872,0.24355663326577798,0.0823695196795087,0.048885861678781624,0.19412266620070276,0.14822857740697754
70,0.0399488517722056,0.01281692776471166,0.024241076999468144,0.6003463477900457,0.2625810335017751,0.039656202540258034,0.02040955963153572
71,0.07031138152492747,0.06137136197159076,0.042422921904754274,0.24516773948496534,0.17501312551747977,0.12467841243812576,0.2810350571581563
72,0.032703895688482025,0.008467408752658351,0.02155661692271766,0.6435191356749845,0.2639871176317151,0.016011948058322335,0.013753877271119892
