,proba_0,proba_1,proba_2,proba_3,proba_4,proba_5,proba_6
0,0.01618821141625991,3.8422478984010887e-07,0.41325876991512467,0.49330639511193036,0.03545680089842491,0.038684512875239996,0.0031049255582302152
1,0.1723807527716857,0.012270575763241786,0.009636480305796185,0.0069473837770088675,0.019920083120185783,0.7701006714424016,0.00874405281967994
2,0.4934620200383181,2.802538710902682e-05,0.0048285912484607235,0.2804516154142781,0.0037059450966578584,0.05846711298427079,0.15905668983090548
3,0.09099775021316035,1.396209225787423e-07,0.00020674540724214453,0.4795561574289234,0.42834334727362966,0.0008772672858766607,1.8592770245166426e-05
4,0.006193828640797446,0.39990115067545556,0.0008595354196318124,0.12302178005811719,0.07319904069311654,0.12232855120334657,0.27449611330953494
5,0.006734977596114987,2.0300943685815312e-07,0.0782332592421664,0.7370638907620994,0.091556022702095,0.08625251684851966,0.00015912983956766567
6,0.0987382075618612,0.18537169766131747,0.04822826148690573,0.0036001103527715846,0.05358661993360088,0.45426111489487747,0.1562139881086656
7,0.6792434672679345,6.054926334476221e-05,0.03304826935942449,0.03398159916128856,0.01930492442766132,0.04745005298552785,0.18691113753481864
8,0.03625237070749802,3.570969911951275e-05,0.7396665016127242,0.05526533891277899,0.014882373318627911,0.06409199511077845,0.08980571063847287
9,0.0013416260892630287,0.0003536679840267502,0.001222734473046325,0.5434179975526128,0.4459059546529671,0.004038434911786175,0.0037195843362979038
10,0.042236391015370627,2.6717054807992905e-06,0.002105246977550241,0.43258761562115605,0.5189317265229316,0.004073919872074492,6.242828543623601e-05
11,0.006150908210765363,4.708915855251591e-06,0.3564854252044782,0.02561922411564913,0.6049230018012045,0.005519584274110216,0.0012971474779374008
12,0.13076991183023315,0.07417891043391533,0.001402413297978037,0.0010304534013931502,0.016982600167087237,0.7654611466636628,0.010174564205730255
13,0.04641069459386542,0.012414111615482793,0.006977974473177261,0.0009740317353926341,0.059269946851368514,0.8701455235149415,0.0038077172157718626
14,0.03995482599656602,0.0337403055742356,0.23565903229074284,0.0010378240990693121,0.02521910298080218,0.6541688012745126,0.01022010778407137
15,0.052185963438013884,0.06474157244071091,0.018480718370421666,0.0006214481907289983,0.015081971917366353,0.7452396887690297,0.10364863687372855
16,0.0009767621869806828,0.005002566039464006,0.021760105989816363,0.01444986764510161,0.007450467020798305,0.0012795584262032416,0.9490806726916359
17,0.031388785119085265,0.008046710930066968,0.009615191619151047,0.0014910811760030648,0.012541813101691744,0.7962362934331159,0.14068012462088614
18,0.06917558584147797,2.0199253444860973e-06,0.0003879605970901394,0.5408373799442173,0.3492948527175682,0.04020830599242129,9.38949818805066e-05
19,0.10533886506855587,0.0200143756101764,0.021451199141575318,0.004441777993262463,0.010199296515800356,0.7879069356527016,0.05064755001792805
20,0.0004748550659285099,3.5057565339818655e-06,0.015252028715375865,0.8895607082660473,0.05322336413200472,0.003280078263721216,0.03820545980038842
21,0.00072463259412878,4.3199111903315083e-07,0.038257572801643734,0.5292187367401266,0.42616273755826506,0.00403589516521362,0.0015999931495029446
22,0.025949277872439246,0.02018460645024212,0.208194428220639,0.0255154014552212,0.025717947099571134,0.4098832681253722,0.28455507077651515
23,0.17475264931767004,0.08010095671891941,0.0031115611474548436,0.0001685250122546214,0.04388557877901972,0.6924826251015189,0.005498103923162467
24,0.0616865398813851,0.03660017654541743,0.011989071340683517,0.0011939082312200566,0.04777826583455891,0.8300396435045696,0.01071239466216539
25,0.2134574435245632,0.6598908560533827,0.0021611171228116616,6.234958543148759e-06,0.050022968392353,0.07133201109645367,0.0031293688518925387
26,0.04627731823174831,0.08093625191745998,0.0395180971865232,0.0031773605647426374,0.17708046867649324,0.6058806834775319,0.0471298199455008
27,0.6296792254940027,0.07737477431277312,0.14017484293629326,0.0015549238518637902,0.07003350876926771,0.07760316648212116,0.0035795581536781163
28,0.3237388466405001,0.005353553763160836,0.003348771740017882,0.06079349660891116,0.004444397324154838,0.3851772343385616,0.21714369958469357
29,0.002025284961287036,0.0006369502510465287,0.07420950390603819,0.13596313617938746,0.013573329915261263,0.005934108592652181,0.7676576861943273
30,0.0003466663117525224,3.134405302910185e-08,0.0025169553770214457,0.7381680863180134,0.2574304591345654,0.00126780431309995,0.0002699972014942195
31,0.00042675239722901777,0.036776951967664666,0.0005621855057484504,0.001980267501043325,0.00809026326373339,0.000370981622077856,0.9517925977425034
32,0.005623654529368082,0.503937609229129,0.00023753986053381203,0.00020243982049366108,0.013415455946660161,0.41486732615577465,0.06171597445804068
33,0.20071758711957077,2.0788608100268506e-05,0.23121925410050703,0.3642208936254132,0.15714306948526777,0.038676379418271956,0.008002027642868894
34,0.018377986366266225,0.03215818948959019,0.10337154439689554,0.004989089509386409,0.004848599822601183,0.0213672936373308,0.8148872967779297
35,0.021409494307844636,4.269064038965366e-07,0.0028448117834893667,0.7626259356821165,0.20749229362487603,0.005145051668469627,0.00048198602680000623
36,0.02361718013828701,0.0002589393667299887,0.724978399607646,0.028833951906538688,0.027137475902540512,0.16604898873739204,0.029125064340865828
37,0.07596668460522374,0.08418677008283248,0.19345217251147875,0.0019016596514123516,0.019462145562403835,0.6088910116707336,0.016139555915915132
38,0.14092767933163491,0.11311812207827542,0.0015942865727401332,0.0006221716521238351,0.011636496256711981,0.7047234433210742,0.027377800787439406
39,0.10552772397623325,0.04480032225946233,0.35207326969091024,0.009744083472382594,0.055840807795716395,0.2599440824110649,0.17206971039423033
40,0.04606481655857681,9.660907848378198e-05,0.48968121641543355,0.01540180302788057,0.020099476656312003,0.017742019075507882,0.4109140591878055
41,0.0009611501755584093,1.3293204724193432e-07,0.021278018118534886,0.6583627608430921,0.3115164249425907,0.007213076415955319,0.0006684365722213496
42,0.0008610180255465558,1.2889480522603808e-06,0.006961202029641774,0.890907205862026,0.08304951577651819,0.017660315217969756,0.0005594541402456174
43,0.004447227947332813,2.084766261897904e-06,0.006402871932744922,0.4294431561218631,0.533969955597411,0.02189416606017406,0.003840537574212062
44,0.00923462206333185,0.0001238711005827156,0.39774888287166754,0.3736273537179548,0.05345380810398242,0.1519874384713757,0.013824023671104978
45,0.03765630496713869,0.00164705588073337,0.5964155268495985,0.008332305613300211,0.0327810747876875,0.3126570458860317,0.010510686015509944
46,0.024130222789885858,0.05097868444655488,0.008419083201556887,0.0033429968611258204,0.04523330727223616,0.7083821490494189,0.15951355637922143
47,0.0214002019485466,0.0011200531751782371,0.004493788157753793,0.2411944333873775,0.013142757946201712,0.7172590009147045,0.0013897644702376508
48,0.040334204061388094,0.07349958277193355,0.004389824761322024,8.040318136867437e-05,0.03531521620235365,0.8253493724456662,0.02103139657596782
49,0.003559077597084999,0.08054383415502982,0.0015705418403875193,0.007626314593319209,0.002455387165490934,0.11669695419219915,0.7875478904564883
50,0.04811160223712818,0.8565019407712877,0.005936291873697977,6.41071488395002e-05,0.04375320422884887,0.01294030481745673,0.032692548922740886
51,0.0844712228711188,0.06240874028039597,0.07340634099322574,0.0005482055310800088,0.02705600559752811,0.7415944223073787,0.010515062419272608
52,0.030938749536766858,0.06405390889109747,0.0017505606001504543,0.00385603794369756,0.007106929300680116,0.019149372865373788,0.8731444408622338
53,0.27834177752316647,5.948046130407187e-07,0.03435308884870569,0.5331599698283486,0.13103910810243632,0.022263954660699053,0.0008415062320308675
54,0.0017293037213687806,0.00039290271282239653,0.09277496588995861,0.12247598339814723,0.01253180833822816,0.008632139121234084,0.7614628968182408
55,0.0020081912309389397,0.4356918046514107,6.42130322267944e-05,0.0005044541142596958,0.008461415385265899,0.011664672232027265,0.5416052493538708
56,0.000659635796618015,0.015109801497315344,0.0027415977794849142,0.013800526600331242,0.006401599057882311,0.0010107605527910556,0.9602760787155771
57,0.003499520754013921,0.05879474032512269,0.0005381045366776654,0.012931313655645744,0.006034111836648032,0.0020307574079548416,0.9161714514839371
58,0.01708712626801256,0.02850413913072444,0.000264664438854207,0.002161593390561533,0.037738854682873794,0.9024785458718689,0.011765076217104542
59,0.05779199864901586,0.03988145839890253,0.04641646883206699,0.0022885646210939604,0.025230161483728576,0.8111133157257169,0.017278032289475168
60,0.10349480709219344,0.26779800966031764,0.011262853846599127,0.0007900411161095403,0.045244899845526036,0.24559065610333555,0.3258187323359187
61,0.15564996399932,0.0004351758503058607,0.6135498212613836,0.0034930854043721026,0.19398589063274282,0.030674872822110684,0.0022111900297649948
62,0.01343720442664819,2.129782041143805e-06,0.0020784453051155864,0.7928464943406803,0.17757699516134381,0.014005247456033963,5.3483528137016883e-05
63,0.003993835984225538,7.968312964525357e-05,2.1975486904575057e-06,0.9027846044551614,0.06898936350900473,0.023490665638641328,0.0006596497346314338
64,0.00524130365104256,0.382378635239814,5.870344707930527e-05,0.000313980611610232,0.0013820800529217245,0.005498488400786448,0.6051268085967457
65,0.010176488301691041,0.00017098182761317,0.7035201315122035,0.08358761838718,0.05962266060545518,0.10041017016896181,0.042511949196895334
66,0.29349389296043416,0.008153685523414717,0.006338185660464035,0.0340043550648125,0.006023532220821418,0.3971222104853046,0.25486413808474856
67,0.0004894291274328164,1.0416579540431661e-05,0.0043634710546460575,0.8335320516387107,0.12899374724341106,0.0013168229857911627,0.03129406137046769
68,0.790850054795381,0.0016780360613641886,0.04241650527019975,0.028069122843803446,0.022870552539290358,0.02772700556722099,0.08638872292274043
69,0.27231293379811977,0.0041304919141278715,0.3205967828455991,0.06576719897747564,0.052485594619774166,0.0608591184035257,0.2238478794413777
70,0.0032465615879582192,1.8263598733381515e-06,0.0002163364638041449,0.7720932859748026,0.183097723967363,0.041266960438137226,7.730520806154368e-05
71,0.0033087695599253774,0.008573801960620325,0.00018991045173704895,0.6232743062271766,0.03359419030287929,0.03467659895551862,0.29638242254214253
72,0.07373465909887376,8.548541013361454e-08,0.002334625175449437,0.7080317770199506,0.2110331476433723,0.004518450826995544,0.00034725474994822176
