,proba_0,proba_1,proba_2,proba_3,proba_4,proba_5,proba_6,proba_7,proba_8,proba_9
0,0.21333724458929146,0.012638002669101416,0.00016280712701049414,0.01221420062356318,0.01910035544614405,1.1010361042048861e-07,0.00031546566839766265,0.00018215507373578905,0.17797769695444737,0.5640719617446981
1,0.22358984882973734,0.009668117054894131,0.00013068477180907135,0.008761601671604799,0.019226030878180363,6.718014418991321e-08,0.00020692079980938222,8.026829201546045e-05,0.168687855469077,0.5696486050527283
2,0.33360304549159336,0.001509635356756333,3.6083009043877426e-06,0.0007719295525279155,0.0008708486202697076,3.853691570144175e-09,4.037393585704797e-06,1.624803910934779e-05,0.2240653510025676,0.4391552923889941
3,0.4695753909918536,0.011083908339227259,0.0008589263698374651,0.013723894969501682,0.010035954628650453,1.5692485951701843e-06,4.4224975753800386e-05,0.0005588034097975557,0.30866232088816836,0.1854550061786147
4,0.41601642959636326,0.0021404565833978437,0.0009484519947087495,0.006803714225333121,0.00012393561796747725,1.5936405682481373e-06,6.070521073312655e-07,0.0012423742765944414,0.2559910495256475,0.316731387487312
5,0.010237330184611298,0.03291911617790082,0.02005753516164863,0.023894755062266487,0.5212971393123395,2.212084212742031e-05,0.0005211211843086956,3.4058180909717685e-07,0.016878388696854003,0.37417215279613397
6,0.25804746785004784,0.010386389472040933,5.8260564406968496e-05,0.0062016751634416415,0.017741049026598024,6.240479054431511e-08,0.0003147079675748658,0.00019141284672790542,0.17155924104141015,0.5354997336629612
7,0.1002594330757102,0.016677738553752784,0.007730140366623907,0.04050657392407448,0.036637155633117084,3.0019088134746354e-06,1.4697981863521294e-05,3.385757838728493e-05,0.17275705187583484,0.6253803491018225
8,2.861291654504089e-05,0.008584717461436816,2.4837952951979166e-08,0.0009502727613216996,4.449653871717486e-09,0.0047687798191701205,0.0018714285631052997,0.00028277895369304725,0.005663258070666108,0.9778501221664551
9,0.07688095344929959,0.08738479781928966,0.007575338048422454,0.08270967722448906,0.3397012157151831,2.4203347077418975e-05,0.0032085548993757143,7.23168773751563e-05,0.27531652495031567,0.12712641766917207
10,9.25628698381372e-09,0.035117560590281705,0.004735064507760903,8.947250016511068e-05,0.00478483275038271,8.767406414180335e-05,0.0015436886175656465,3.1200250628214537e-06,0.00020332139025747864,0.9534352562980948
11,0.36938794005250347,0.01730328573678243,0.00026789941978116886,0.015197559326030374,0.06485019736904915,2.910468629936763e-07,0.0002679062471582929,5.068894613974085e-05,0.28263258538101865,0.25004164647467386
12,0.2808341923154966,0.0070993205392885185,0.00023623547706046565,0.011024983597959436,0.006898951842607441,1.7970403125511337e-07,1.865283678835667e-05,0.00014641780480474954,0.2711362641124947,0.4226048017694686
13,0.10116787293859024,0.045571878024599714,0.0013764210427002286,0.03436369149469801,0.03703077942780484,2.9373935425254972e-06,0.00790029664523327,0.003147147982197959,0.12172869047243964,0.6477102845781936
14,0.1290331420537015,0.0032757044278736874,4.212869984393975e-06,0.0007734359231912591,0.008273455227720364,1.6043704892429958e-09,5.8529675838196884e-05,3.840944327731542e-06,0.08323316364086938,0.7753445136321231
15,0.05875843334026758,0.11944753363926254,0.0033181689627423084,0.005028057335786304,0.0005068695388351452,0.03430526175230345,0.6480961598223699,0.013877823551277313,0.007195833148732164,0.10946585890842314
16,0.13392375082712626,0.004729840353379524,0.06828042535752432,0.06249600698346843,3.9018057100023946e-05,8.362945330397637e-05,1.1723994661129516e-06,0.3988764410142336,0.16421207265696663,0.167357642897431
17,0.11509745528597859,0.01704325584947322,0.0005985947300324493,0.011315719352659272,0.05926640001347376,4.145813073573723e-07,0.0018242949990343682,7.578494553626916e-05,0.10498745810338772,0.689790622139117
18,0.30670117303249916,0.014596188860446037,0.0017344208679697564,0.03907687679004222,0.0072258231117541425,1.8950329227117392e-06,0.00010384407016548554,0.0039887217311787215,0.22491691177221254,0.4016541447308093
19,0.006309043134983077,0.13744544047308946,0.001057177588265045,0.033850528104785484,0.10624951542153668,4.613031696802956e-05,0.0952501960705261,0.0019147038649827846,0.02215614520132021,0.5957211198235431
20,0.007959054171658706,0.05022645745118724,0.3322690955842883,0.04727033052230179,0.0004476921251401947,0.0011060023980552962,0.0077147337159788705,0.09263870276042464,0.18058945751968938,0.2797784737512755
21,1.768760511498412e-08,0.07138587292904683,0.003776781668155439,0.00434120158329728,0.006341464042148096,0.001766224498185748,0.00020618783429143716,8.882104727775476e-06,7.706683238422051e-05,0.912096300820158
22,0.03513723282178032,0.040027412637920014,0.07424703111594272,0.027158705302349886,0.0020150334763028707,0.00023219516821161362,0.0013019952020278116,0.004566851776831754,0.12200918131889939,0.6933043611797337
23,0.06467949492352819,0.02989593395639954,0.03200319067851259,0.07028773330388467,0.040886928355234255,1.1192797293754468e-05,0.0003958876968364546,0.00043938094496964584,0.11461350211453873,0.6467867552288022
24,7.834053491325258e-05,0.06288420252476959,0.538709985807821,0.053518025837068314,0.016441636060682246,0.0033645195673954104,0.0012312279845591147,0.00231385618324425,0.006307586860027886,0.3151506186395189
25,0.291716185439349,0.004857534810134039,1.5589668742516695e-05,0.002779769544223175,0.005944283852068407,1.9401441280571965e-08,7.508390202511449e-05,4.2327349700252835e-05,0.15271919305769058,0.5418500129746255
26,0.19953877401408285,0.0009125535113513824,0.023464502289293813,0.018859110308481763,2.665707006881192e-06,7.702554333055505e-06,3.415798860378991e-08,0.16257772873154164,0.28350175118335524,0.31113517754256464
27,0.21555662786983204,0.0010460903459516026,0.007104634213698711,0.009744206052696854,1.4810028593123743e-05,1.4645271729271748e-06,3.221879490740484e-08,0.002066498257529201,0.4677857569114734,0.29667987957425734
28,0.0003472973587431347,0.020231449749249442,3.216372520188996e-05,0.006090901440696205,4.4165811291631865e-05,0.0002677818910594879,0.0031840433988985215,0.000296623446045944,0.006671258763205554,0.9628343144156082
29,9.334613981887237e-07,0.06694816027890382,0.009696714745632487,0.08632673167420604,0.0008533133378484525,0.10432932883002656,0.0012613569970748738,0.0611781321149522,0.000323628568106431,0.669081699991851
30,0.01073085277669373,0.23086599881861808,0.0017206996301453467,0.06499866782254476,0.08467115453961928,0.00046931294145213494,0.18740434268527242,0.0037887076082628516,0.041194520093218966,0.37415574308417243
31,0.0013615080967088965,0.062394937090116,0.09330146543059342,0.07725755304980159,0.4242615453163005,0.00015646347221379733,0.0004116505478335343,7.63662807344712e-07,0.011196447047828779,0.329657666285796
32,0.007736210064776124,0.11384802678520267,0.0014879519299597973,0.04431127413205957,0.01465750659384873,0.0005965654733783339,0.312916064949784,0.009667212155561267,0.039131295278114896,0.4556478926373147
33,0.03543339149173471,0.002397535563074503,2.3973671697711282e-05,0.002289984243219031,0.0026217360259575668,7.020811493559923e-09,5.744087932625093e-06,1.9154520036931654e-06,0.10444661983447723,0.8527790926090915
34,0.00406603386500439,0.008795693006462026,0.00011805621489969233,0.005331267042553049,4.3515752199077417e-07,0.029025341800080446,0.0017699808512905315,0.011845510960728743,0.007059896915981508,0.9319877841854777
35,0.15375241276347063,0.00671057199240343,0.00011025524965498305,0.003797377138408981,0.012563317026281499,3.3421242709771294e-08,7.035975376584093e-05,1.727084660847214e-05,0.27562711710462867,0.5473512847035348
36,0.3577586482329708,0.00640279628494703,0.029537806776437768,0.037321842492822714,0.0012172105089538379,1.0001537679133436e-05,1.1120734254221197e-06,0.0011031075195352487,0.4338501483102642,0.13279732626296392
37,0.11733266075874632,0.001280700829451128,6.216502525572719e-06,0.0012294090950698009,0.0005067085396459332,2.235699934983636e-09,2.3249278363042053e-06,8.709708158858248e-06,0.18391763266133934,0.6957156347415266
38,0.10057222461850203,0.0020318647677630233,1.4822219143170475e-05,0.0011502918635818854,0.0010768836074882876,4.154710160412718e-09,9.431492155932422e-06,4.580006261769814e-06,0.2006114108727533,0.6945284863976405
39,0.055774406547729326,0.004047016872178407,3.143038653630776e-05,0.003974847730782784,0.014958194934151077,9.548346143750402e-09,3.767168036941775e-05,2.2331218752096865e-06,0.06617382984853103,0.8550003593295002
40,0.0015794890220880739,0.20375670780776167,0.0069116161295555215,0.0440888686994527,0.09542626835285538,0.0005964771309615156,0.40464281304735544,0.004893574629832952,0.01504022631233016,0.22306395886780647
41,0.003944709837712334,0.013449323811233604,0.5706185950906644,0.04892553136780449,3.7395308267931476e-05,0.001400317648414973,5.744365963536916e-05,0.08614544004391762,0.10871214853365475,0.1667090946986946
42,0.1064240674113805,0.01480205059088138,5.5320647752117385e-05,0.005443225222521697,0.08368013969227238,4.850491955327857e-08,0.0006494035482170548,1.0558891173213522e-05,0.09009707550418158,0.6988381099867004
43,4.427161314400286e-06,0.09691278588915554,0.01366154629888213,0.09964885268015636,0.0017745896530037177,0.012847113101369984,0.0005732489965821151,0.0004882693766141105,0.002869864140678558,0.771219302702243
44,0.04564093915113988,0.004840532931521071,2.4666151966524167e-05,0.0025382924780229213,0.006179081703392628,1.3031025260949558e-08,5.836147506541926e-05,1.0295218888602238e-05,0.09492752251194483,0.8457802953470328
45,0.297350611386279,0.028351898313173446,0.012936455451599521,0.23576859547103132,0.003968076313664577,0.00012785151679965432,0.00012119747754564684,0.03882163856559037,0.2821207728729841,0.10043290263133235
46,8.381709327637255e-05,0.023000967700946715,0.0015008501682263814,0.0016138617756201058,0.0032380389031075613,1.4255863544666675e-06,0.009210020191783646,2.7847483253254572e-06,0.1471815995768621,0.8141666342554973
47,0.28889827885837077,0.011830192180046651,3.44853242404109e-05,0.004892429519118392,0.028559948143943685,2.9227473521004585e-08,0.0005004812309453866,5.381388436996553e-05,0.26587098886933763,0.3993593527621537
48,0.1588561979190936,0.0030855026664927633,9.569534378393094e-06,0.0012076818397795653,0.002591336371386003,4.033147555495279e-09,3.437810729334396e-05,7.91118172748606e-06,0.21008663689146045,0.6241207814552409
49,0.00022887449175324596,0.2733724888055206,0.0006075075328160277,0.08566320707723352,0.002188860746001063,0.04604803693205454,0.2159289711349046,0.010265307640355652,0.018495290579353733,0.347201455060007
50,0.06451051394816137,0.0354263515517772,0.00014909876498899724,0.014530007038971341,0.07678826600445017,1.0827676265836355e-06,0.009174512775490863,0.0002401551441875736,0.09530900736683967,0.7038710046375063
51,0.3063009361687521,0.00715747948576299,0.00011020949810548094,0.007781021722636402,0.011485809617863683,7.426849322976919e-08,5.973508168862103e-05,6.96189458192018e-05,0.2020349423234584,0.4650001728874199
52,0.22656575395168965,0.024822605289258386,0.013307571895552872,0.1091928168965716,0.010660597420906253,1.0080397075028075e-05,0.0002749315491607122,0.00906527653215075,0.2841264516458679,0.32197391442176676
53,0.026653730409631534,0.01648692026102329,3.672198715262845e-05,0.005466638108784351,0.04639806449084059,8.789623569699598e-08,0.001454316297508356,3.3720002286454645e-05,0.04260627693148554,0.8608635236150516
54,0.3769896288799014,0.007086124976934525,3.24085430761836e-05,0.005266276575583715,0.007924560603987304,4.870469835364396e-08,0.00012282686720330567,0.00028416675016069043,0.22855312557626184,0.37374083252219276
55,0.458353659298789,0.005695788041169964,0.00021421299965617894,0.008777474060220218,0.005272061953605746,1.9687375041496156e-07,2.240597336789637e-05,0.00016870869826214038,0.23872879123901,0.28276670086216826
56,0.12350204578088332,0.0028721172460332437,2.4976506251528535e-05,0.003188514084859036,0.0027504348502410386,1.1804162916920843e-08,1.2409798713046945e-05,1.7196543909682504e-05,0.10029836216125647,0.7673339312236898
57,0.10421609031111465,0.0016143390461714868,1.546237566383188e-05,0.0008250173042491551,0.0008804898704420414,4.009334841410302e-09,4.368363501347849e-06,1.7438946506261581e-06,0.26174922208328577,0.6306932627415863
58,0.37861219306175664,0.004434569558472997,7.71637818096165e-05,0.004847944435306477,0.0048632263552113916,5.1307285468275646e-08,1.8879522317795396e-05,7.225857158070913e-05,0.245019887335901,0.3620538260703579
59,0.02997260227346412,0.06210420388031942,0.0010260154902152555,0.03426175324927311,0.1747895377617038,2.2554848739077685e-06,0.014705048250635377,0.0004153169888881311,0.08245804608667133,0.6002652205339556
60,8.301905120887125e-05,0.02046491474344827,5.017816867807443e-06,0.06189758272553529,0.00022914702352473264,0.0016085490214451219,0.0007333682486342619,0.005288038204042106,7.368321172868033e-05,0.909616679953565
61,0.11597402166500496,0.015375682836973454,0.00045647236444533006,0.01029600848544451,0.18045113939579133,3.7119620271677937e-07,0.0005409747179295427,7.237026780359734e-06,0.07846017326483196,0.5984379190465958
62,0.06557452828647081,0.003866056060849758,3.249568112853541e-05,0.003891457414642963,0.012937744246078157,9.151712977816544e-09,5.1112606721671785e-05,4.407748863366357e-06,0.07035850770215833,0.8432836811013734
63,0.011657048265059968,0.1218708913747897,0.0015379775008752252,0.043537850065543365,0.03549876687288389,0.00020947181557106004,0.22267786547906718,0.006657464711313563,0.054163363101741906,0.5021893008131543
64,0.00024832266110004714,0.10050053699489604,0.7131225583819045,0.04387840339641761,0.007712398863727897,0.05753625514187915,0.009363024307692293,0.009933682873509452,0.012213176109694622,0.04549164126917851
65,0.14082955575339395,0.001173367731834167,1.0257208145513673e-05,0.0005293931209773561,0.00038517781380119207,2.870039674714615e-09,1.8797433761984846e-06,3.516525090291645e-06,0.42713373022533696,0.42993311900800474
66,0.02122504773047547,0.20786475806974833,0.06211200342952083,0.03280072233536503,0.04444927804806299,0.0009070592374548858,0.3091152067050105,0.016103668338255085,0.09427635470249636,0.21114590140361042
67,0.17737856328285387,0.041091526242880747,0.045820927537520366,0.1220732078962515,0.3222551009936957,4.18960841105454e-05,3.072821073802634e-05,5.4589258690723e-06,0.2492291508517935,0.04207343997428656
68,0.026610487183573575,0.11376576770546584,0.00460945435378401,0.049496442511846636,0.09167034672186421,9.67741801210277e-05,0.08250438868015617,0.002017501115588937,0.04771179767731257,0.5815170398702871
69,0.011963320409454203,0.029348553812012894,0.02439374048194196,0.017668961010536822,0.00014850832630580938,0.0012109235010875812,0.0009226225128681449,0.024165218716836013,0.12157975590742383,0.7685983953215327
70,0.12081349336355926,0.07670932387853777,0.01115479620697258,0.1117443571992073,0.1630025500428854,1.4054323016048615e-05,0.014293752303448648,0.0020069973370943845,0.2091781272212673,0.2910825481240112
71,0.4006279509539727,0.002966363203675085,0.03067151240546925,0.031409096064861274,4.736756689390437e-05,2.435947335134587e-05,4.4439580230626467e-07,0.08656087054134932,0.32020037679733127,0.1274916585972937
72,0.01068443253938856,0.20821582904554126,0.01129472980870838,0.06126149800844415,0.13503792629467662,0.0012439751797893635,0.35544084227694894,0.013281187187586434,0.016712239425259387,0.18682734023365696
73,0.0043201719363569905,0.0783063242543353,0.21251920069495397,0.30084445232085416,0.04634902358564067,0.00010724236568909596,0.002738792597848019,0.010994750928402304,0.19744171873796304,0.14637832257795627
74,0.13264272527932106,0.005820958806250725,2.6644603545739903e-05,0.0023054326245518894,0.004612075120610137,2.3058855432479566e-08,9.170387804958703e-05,1.352921283831581e-05,0.23395835830647876,0.6205285491094984
75,1.065198478744664e-05,0.2052829180649735,0.055900040051125616,0.1449796692553937,0.029036227853143658,0.26566963791798576,0.012930827180684874,2.5688189942819067e-05,0.0003829710801961204,0.28578136842176644
76,0.16096091206981025,0.008930824997539106,6.647006045118264e-05,0.00570621013338961,0.02505180430848927,3.5192097206880435e-08,0.0003158532429296851,3.103690467804771e-05,0.11615570022972384,0.6827811528608917
77,6.144164459181807e-06,0.012807355194977993,1.7512965809158946e-08,5.87649465527438e-05,2.1272541708916906e-09,0.023939965835381806,0.013035376296181057,1.9511473406538864e-05,0.0003516122116435765,0.9497812502371772
78,0.050025805076250915,0.0007478248047771289,0.04147850926732415,0.07545603520255671,1.1963656290035817e-06,1.0573652049705188e-05,2.4083054828641034e-09,0.09166815137960643,0.3923537206855765,0.34825818115792395
79,5.1059050044787555e-05,0.07436043458959758,0.6549815617821798,0.07538167945943836,0.0009161327311128502,0.007913915266943823,0.03276943339538802,0.06239248779961752,0.0555090520205202,0.035724243905157015
80,0.05122255134780737,0.004092693542003534,7.246357830452959e-05,0.005761369478498556,0.004729426379693108,2.686872610282907e-08,1.963525444826519e-05,1.570612745053769e-05,0.08932657909441609,0.8447595483286519
81,0.25592294111589337,0.0027427444531020364,3.518417886808256e-05,0.002137744257030045,0.001742271127225082,2.492337435972438e-08,1.189238690378172e-05,7.010495868456114e-05,0.11827331087739609,0.6190637817215225
82,0.2230909359706443,0.003880228305162296,5.828779241034726e-06,0.0006406448953319595,0.009684458447810754,3.5641439573434904e-09,9.0059779381017e-05,4.420646265871888e-06,0.1157199946436943,0.6468834249683244
83,0.3187695666981841,0.006616812639597244,0.00021675762323253425,0.009439828219105962,0.004507436861429501,2.2353296385378496e-07,3.531228919237755e-05,0.000526206856408227,0.20571017372571393,0.4541776815541724
84,0.0010859290037190544,0.161525996175844,0.005138506825068677,0.03132079033785915,0.007037547805419962,0.0007879333063893564,0.46033580967430404,0.0020563906448550022,0.017430326227323798,0.31328076999921683
85,0.0001626705881460812,0.057928447117459266,0.25886081380245834,0.0018130654938075508,9.844842617060985e-05,0.002122751631036259,0.6414386670058597,0.008364758770389892,0.013339631225248205,0.01587074593942408
86,0.08246575609022253,0.005213636387244207,2.8745295142106454e-05,0.0017958352116923162,0.009023373761768544,1.2185539329797408e-08,6.89488826306374e-05,7.777613907868086e-06,0.0911664901446676,0.8102294244271849
87,0.00012161505267036927,0.009193459990259462,0.023528281539902354,0.0006929813361647983,5.183499595437918e-09,0.009110590152768463,0.1644331642013311,0.0004419373269298931,0.039263688820996664,0.7532142763954773
88,0.3325301708353485,0.0029557641822947657,2.7678716559185995e-05,0.0021810819344242993,0.0018977285332706774,3.0357548761141604e-08,1.7970793975544635e-05,0.00017866051382693174,0.17417865811805183,0.4860322560146995
89,0.00170205658222564,0.10151431310247915,0.508604305160384,0.05712929971583222,0.017183742799759476,0.00273996494503928,0.1427244036752693,0.07876194180993301,0.06836470593082743,0.021275266278250504
90,0.0071576631511695,0.022626300047535217,0.7760157767751216,0.03532449808284702,0.00022455166147209747,0.014695937424596722,7.729033906770824e-05,0.006493899005661758,0.04440145441477764,0.09298262909775072
91,0.17164135415113888,0.007533179331502251,0.00041757944230023003,0.015628359210219697,0.013509779826930324,1.1211954766691852e-07,2.2807549998367976e-05,3.202632696087147e-05,0.23702712725797517,0.5541876747834266
92,3.507306470629259e-05,0.12405246083699151,0.23553292881079496,0.013427996546867847,0.0047757338855878365,0.002762815284839832,0.45039621424833076,0.003933186722891926,0.02199019898754921,0.14309339161143966
93,0.14971824071071602,0.014220700440964726,2.487473595413664e-05,0.004840656291951705,0.0553956188546345,2.2515895433317172e-08,0.0015478161804154626,3.1032038471690715e-05,0.15024414912376094,0.6239768891072354
94,0.08676554535509333,0.16975838308685703,0.05855345072645551,0.10037235043343104,0.07229145084207796,0.001850642391982112,0.032553357992159346,0.003038166871454103,0.044976208644873214,0.42984044365561636
95,0.09328756279986748,0.06945143204459642,0.0003286864040661243,0.023792019743826935,0.10716984792718622,2.1263376145472753e-06,0.0434066855012597,0.0007384844824640158,0.14281594708455986,0.5190072076745587
96,0.014632866037006377,0.02005652919379714,0.007897567102314486,0.0002339804925849278,1.294047790453369e-06,0.0006910363638593525,0.7936390455034308,0.004914254979593374,0.1144669621573486,0.043466464122274506
97,0.03355823230272046,0.0035917549172648335,1.2996218252796512e-05,0.0019797533165115976,0.010550213388495102,5.879585598839251e-09,1.9746445339038785e-05,6.971851814540838e-07,0.08849597079964558,0.8617906295470036
98,0.33813423601021947,0.011970461460078111,0.004161776645851654,0.03774625750475477,0.00021558217435305543,4.681023163914725e-05,0.00027144392079538266,0.05926497656227772,0.22761760310663148,0.3205708523833992
99,0.3575630823744242,0.0007269504039244979,6.568430588355792e-05,0.001849980511262823,5.468458377117142e-05,4.5159094818476037e-08,2.2596685992498893e-07,0.0002558764655873608,0.26073218190318126,0.3787512883260104
100,0.06447820706619449,0.011511237800898024,3.183022808969758e-05,0.0031274143923587694,0.014580275914966464,8.501680507316311e-08,0.0006864702571847851,1.8467679998258932e-05,0.10045360169584162,0.8051124099476628
101,0.01684704260627886,0.08486234680533847,0.00061039735324341,0.029526013195195197,0.1709936005802882,4.5112264658572065e-06,0.039587615687611176,0.0009897405214528874,0.04343265392478049,0.6131460780993455
102,0.07055622949071544,0.016520100525786507,0.0008684231809630148,0.025643924426976335,0.01311592169245072,8.794457822052715e-07,0.00013458053753438135,0.000564173520228359,0.2423400641161613,0.6302557030634017
103,0.2784104119499496,0.010779428720099607,0.00010413313118352413,0.00808974909264178,0.03478797489817477,5.3180202946709225e-08,0.00014795028868799746,1.4597351669444426e-05,0.25408036048334026,0.4135853409040502
104,0.3927000151015171,0.0029902720522939196,0.0003330324819066364,0.010260221427119522,0.0004711528145436472,2.7779962219780265e-07,5.252893550095773e-06,0.0027702353724938845,0.24808071723850453,0.3423888228184484
105,8.224153870839387e-06,0.08972703695627084,0.6606622839907538,0.1388930886583701,0.0026900112509733224,0.010061180643149557,0.010173777005176046,0.018919636603433158,0.039083301753537074,0.029781458984465322
106,0.2192554033271022,0.009838703125601301,0.0003160413992473437,0.013574874239941546,0.02473599535220032,2.248624950697825e-07,0.00015426922260256695,9.925722233548583e-05,0.11370617915937349,0.6183190520891008
107,0.2732186387633736,0.006406968480855715,0.0034772197191920906,0.03997965339905516,0.0004818178248372754,2.371470287041781e-06,1.6205599291798324e-05,0.017956049954220184,0.2312319386507239,0.42722913613816327
108,0.002554576898456252,0.010994316235540959,0.000865627987139418,0.3280399665088009,3.785699093679395e-05,0.002425477576890416,5.184169944719564e-05,0.020603098394230624,0.03949338918165225,0.5949338485269051
109,0.07143324731961448,0.09074799643703985,0.01069976322149268,0.046910964157444855,0.008449490171308282,0.010101975168532201,0.009706551205049783,0.05014193294226713,0.012430920490034485,0.6893771588872162
110,0.0018080224807210583,0.09825173366170471,0.5823665827351358,0.05894502703003267,0.0019828770507885566,0.004783234797580308,0.050634821025650346,0.01611984253032754,0.10044375141058336,0.0846641072774757
111,2.619983858337957e-08,0.06917567246517525,0.006354574701760154,0.0001454316582859171,0.005714586358181357,0.0005790996602228605,0.010216867167513926,2.7535616205695522e-05,0.0002478402187833801,0.9075383659540329
112,0.004259128715224809,0.07655528656853744,0.019116414457889364,0.02884223404134361,0.526461148847294,6.516853263595206e-05,0.006655261190112465,4.92168245833385e-06,0.017638411661121744,0.32040202430338244
113,0.016028083870760147,0.004110253339314534,3.0979625760542597e-06,0.003418454570590916,3.245642018870918e-05,0.000798381000750562,0.004192335090203405,0.002771764950167406,0.00012849884077516965,0.9685166739546731
114,0.14657534642471956,0.015804606893874723,0.058167498813014674,0.09922134841042392,0.0011658716447391206,2.1099296809379028e-05,0.00010544357972620693,0.0556558327064072,0.2668849675370818,0.35639798469320344
115,0.048041903264098774,0.0852183339322201,0.006235727942455046,0.09990057293147234,0.16663408639675123,9.322438739609062e-06,0.011421718310122526,0.0016843071811103996,0.24354312003155001,0.33731090757147997
116,0.013757206362353147,0.0038840389929154545,6.611243264793337e-06,0.002632588033498861,1.7430325479156384e-05,0.0007280940576021212,0.0035874818392748246,0.001901034842312195,0.00015385533835493505,0.9733316589649444
117,0.0022629902900059835,0.11031406442165885,0.08591048650993531,0.011701374105855228,0.00012611125484916143,0.025689095843556598,0.06768206679762569,0.00415232869401758,0.04375441476316122,0.6484070673193344
118,0.40771680666101595,0.012670150976433623,0.0009288472489470077,0.012909724148366782,0.022118971568729363,6.737447971809908e-07,5.0172860825220886e-05,8.476674272005269e-05,0.3702394882093753,0.1732803978387896
119,0.3206217427241609,0.006334836021963433,6.134915092707704e-05,0.004736608440232657,0.006290128537744442,8.06119705773429e-08,7.968401444928933e-05,0.0003113634545633199,0.1969305933079719,0.4646336137360164
120,0.005430020698920938,0.06258907003185772,0.02339971766891391,0.03014533255693889,0.370240532411728,2.7852749785144298e-05,0.002711624631110539,1.6064355051092392e-05,0.04175081496742014,0.4636889699282737
121,0.023831061554255722,0.002900375349330957,3.2007925803753835e-06,0.001230528831454575,0.0074873457724715835,1.832028004578147e-09,2.94164823036426e-05,7.491455002240454e-07,0.06861221311751939,0.8959051071225556
122,4.8923405112091035e-06,0.001837639750018374,9.119317095167823e-07,0.23303074159539636,2.4927559621937595e-07,0.02902853167055142,8.824975377709472e-07,0.00037818727273149834,0.00021201303723617933,0.7355059506287114
123,0.08052614390598441,0.013048809133072027,7.814704928480838e-05,0.006070769957141171,0.03713209962186346,4.162939421503071e-08,0.0005943576288697121,2.1641900480832358e-05,0.11216735978349182,0.7503606293904176
124,0.05475855642183932,0.0011267240179987658,4.21830350958285e-05,0.000401658179861787,0.0001988519601172081,8.992505354874911e-09,1.69061225866532e-06,1.3939516144147738e-06,0.28591926596926814,0.6575496668594405
125,3.2941426865467766e-05,0.005896243665729724,1.4441224724434171e-08,0.0009086032770725872,3.0742837953191655e-09,0.008368658777913178,0.0014526990185196942,0.00030238582401771334,0.0011069695685849057,0.9819314809257883
126,0.44554256844430307,0.007067573204328994,0.0003679141008710864,0.012835060049021421,0.0021036472455095764,5.587301591479449e-07,4.632610548383447e-05,0.0032274929762382723,0.2613303703675726,0.2674784887765121
127,0.011533521761320867,0.008579076047729891,0.1852008717894716,0.23388678846450664,0.0004651950059547363,3.790428605039153e-05,1.0886619808019987e-06,0.006740553539851834,0.277239300168724,0.2763157002744093
128,0.07331080420886821,0.002537014961746868,2.0877743975685044e-05,0.0013608505204269119,0.002243358096836673,6.489324235010089e-09,8.639307748928137e-06,2.165826738913757e-06,0.18532537770629967,0.735190905138034
129,7.490634727384265e-06,0.004994091141994206,3.255540897443185e-05,0.46644455454794603,7.745540217846674e-05,0.003764771062839205,6.687812212136082e-07,0.00012282696593271351,0.0014181368441919663,0.5231374492099944
130,0.02666569253032558,0.02841157017616559,0.0002914992354842386,0.014540483851221444,0.04152472909764026,5.578615064934729e-07,0.002216295504375993,0.00013809580219812558,0.059118770727295364,0.827092305213787
131,0.0038815272703591067,0.00384876692429269,3.9821363211798524e-07,0.010393413815751651,1.6481948109025124e-05,0.003949399261934584,0.0016291229134843283,0.001654481768613471,1.8665193809856403e-05,0.9746077426900132
132,0.0031325222542174804,0.1004625872130645,0.5682716398088021,0.020643470787802105,0.0005889330858856586,0.01855607375131553,0.09886496779418619,0.02782870395357352,0.0678577403377303,0.0937933610134225
133,0.41310166487037825,0.001203594395980699,0.006963937577076347,0.011966310491505651,1.2114389706497827e-05,4.701752222246619e-06,7.959275810157841e-08,0.029603780182810315,0.30364873231218625,0.23349508443537562
134,0.0031956523844775824,0.025483353447479023,0.00345243597683934,0.010968848801715171,0.0044801856639758355,3.7571978709793774e-05,0.09320844551454655,0.0005529231576889744,0.01587758515471406,0.8427429979198536
135,0.0066766858299634815,0.004191634165630504,1.1638172222952638e-06,0.006935347380855368,2.2011061866505777e-05,0.0023149684699491717,0.0025685246304314874,0.0022023325046883536,4.019958723698864e-05,0.9750471325521559
136,0.013519920170260803,0.018325147037014648,0.2064031869002144,0.043009476253964965,0.0005673512370911475,0.00011693638511995702,0.00011452414397586593,0.040723596861092025,0.1796750837340546,0.49754477727721164
137,0.01220849497211756,0.004138965917671369,1.7449022472127878e-06,0.003679509515063267,3.056743217355951e-05,0.0009817837064746444,0.0041583656193099885,0.002550924510755036,8.123031588119485e-05,0.9721684131083062
138,0.004745377919089201,0.0015438890677425415,0.10251199395451696,0.03647758730023704,5.307290720993669e-06,1.2659741097277925e-05,2.1164265939835315e-08,0.012953188033475059,0.1571145256641317,0.6846354498647232
139,0.05758945955655095,0.1298382620489529,0.007437696994187904,0.06794590725331234,0.13392948802027835,3.055867580624783e-05,0.07623335040909743,0.006090341549577248,0.1678854420500402,0.35301949344219635
140,0.0017158398465717726,0.0057276973481146035,2.1852071774299873e-07,0.005497447348921877,1.5901233194936935e-05,0.004621102066201415,0.0014403268475740047,0.00040883354179043185,5.425259239950301e-05,0.9805183806545137
141,2.747574580618107e-05,0.004978575588818831,6.0207387722499186e-09,0.00041548118153535884,1.1424603258990381e-09,0.009438629989022207,0.0012125157373449207,0.0001487787175439837,0.0009755126818279034,0.9828030231949015
142,0.00043862191900095697,0.005674057554936863,3.400831632838407e-08,0.004465026644666074,7.384438020291952e-07,0.010110565706368226,0.0011454690595282398,0.00045748213480141,0.0003178132838586157,0.9773901912447213
143,0.1080628645763693,0.010906731457382558,0.0010642769145951044,0.02666421839571492,0.008270400835066628,6.573096589356996e-07,5.147637103202787e-05,0.0007300487215649536,0.10163762667730199,0.7426116987413135
144,0.21433029301769937,0.004446198013417686,1.0611993074812622e-05,0.0014026436413701613,0.011117649884319715,4.35436678153811e-09,0.0001260007342796812,1.0834272139654986e-05,0.17168080073778927,0.5968749633515428
145,0.00332336175727695,0.1541447760759604,0.5039912753656235,0.07098358631977073,0.01750329103047486,0.0037045380238798858,0.07817911384520404,0.020283438068949368,0.0600548477745157,0.08783177173834464
146,0.2504787132484749,0.005320192684903893,2.175188996729342e-05,0.0027818515097303123,0.008036342925854001,2.494156756342858e-08,7.241198985423453e-05,6.20459021352053e-05,0.13445887459790792,0.5987677903096046
147,0.010319292841545532,0.0597346761656797,0.013377290347564566,0.0206146931848574,0.47232981752518366,5.1911620704510105e-06,0.012905409919728675,6.446374953890199e-06,0.06064302415202174,0.3500641583263943
148,0.08577893144165162,0.0042654227954090585,6.290759420970001e-05,0.002561180934146105,0.003698422392819542,2.0432573202328865e-08,2.1665436861549096e-05,1.016009614019282e-05,0.2216378340428312,0.6819634548333579
149,0.00042034955453425064,0.006529644842157774,5.4634545353679854e-08,0.00565259108240071,1.464386389038781e-06,0.00984905088635787,0.0011936842466763451,0.0005051341836108467,0.00024332952105326428,0.9756046966622746
150,0.4135491133494044,0.0024102644365428896,9.651764026634564e-05,0.0016190686418089259,0.0008331396669468036,6.057937811163158e-08,3.947255903055636e-06,7.958501472269304e-05,0.3021606514928709,0.2792476519221559
151,0.3601375025708901,0.004644491620418584,3.248841915978668e-05,0.0036820218271400983,0.005368336572422981,3.3120575753913794e-08,4.494305137292325e-05,7.724555960861136e-05,0.19780476227010346,0.4282081749883076
152,0.24215819666641775,0.0032382151526141358,6.7450551360134686e-06,0.0011534675396128883,0.005141702956944631,8.537061546183663e-09,3.0391546498283067e-05,2.5940911797300845e-05,0.1345650246404564,0.6136803069934611
153,1.2635557906383732e-05,0.05316425435216375,0.7977248916060937,0.008315251512180934,2.543326137095289e-05,0.054066422341010015,0.02434833212435789,0.0040510819710346995,0.006331534999210256,0.05196016227467132
154,0.00032345359979142743,0.026930157714765434,0.46560407343421456,0.03545002081058761,0.00015676160331374054,0.0003714620505680804,0.0016600296004603964,0.00887291326118585,0.21694410023522054,0.2436870276898924
155,0.08058166883010259,0.00473793842123515,0.0006064415248843159,0.06140658110333667,0.0009251360475807012,9.604639082329295e-07,1.0538068417362333e-06,0.0015591746828973014,0.17817862239910653,0.6720024227201068
156,0.000291586263508796,0.048323936449155475,0.005423902350995865,0.010240257246321107,0.00046243343847131394,4.017520617590582e-05,0.05729908521265352,0.001124357046358306,0.05950305500029251,0.8172912117860672
157,7.081037881056084e-09,0.03458566995357163,0.004528601298989491,8.231198818650393e-05,0.005384296139436786,0.0001148755428164798,0.001081209728032223,2.696185053236756e-06,0.0001309491793737082,0.9540893829035021
158,0.0015635131665944256,0.030452247019647934,5.733464242184273e-06,1.1616039195822683e-05,2.00477552643295e-06,0.06784314992949447,0.5301044557404574,1.229472742035546e-05,0.00018710348200357091,0.36981788165541735
159,0.09408834239817002,0.008109884326933825,0.2110442522239269,0.01361280143930007,8.174229339055929e-05,0.00018052712610930165,1.7985649556611343e-05,0.026813233564886813,0.3517833303851459,0.29426790059258
160,3.9520366187649215e-05,0.05690059111228996,0.5883991257792007,0.06767491239171258,0.0016011945522822518,0.00030488730864279535,0.00677177621972461,0.005014383058525952,0.13582568715847695,0.13746792205295652
161,0.29280168137541546,0.027917734300035857,0.009292865020272845,0.07332177283815769,0.002903692954108926,3.612322077339499e-05,0.0007399181679328843,0.061744418309493926,0.2126130524468469,0.3186287413669622
162,0.013711770593799008,0.10073873603504847,0.0009977411761513217,0.03491340559876888,0.15820461833127608,1.5104937106323592e-05,0.09263807723264743,0.0014906522142680114,0.0318635218630037,0.5654263720179308
163,0.23243194142401813,0.014979247157117813,0.0002128380410726573,0.015780603605807186,0.022671127022067836,2.514154211874346e-07,0.00033788443544224573,0.00042100079791904316,0.17821443386962535,0.5349506722315087
164,1.6349514102813284e-05,0.0032075792447771355,8.261509416483179e-07,0.0003073398867437145,1.3035746346055027e-10,0.2473633500503482,0.00024680771635244084,0.0018513489955395434,0.00013674471410334138,0.7468696535967337
165,0.001692895170710523,0.0035436286730185173,5.9061293914140594e-08,0.008022862660206269,1.0152745264584726e-05,0.010032560964105793,0.0009825531269463954,0.0004415088497341839,5.9734508964232414e-06,0.9752678052978233
166,0.001522709359420558,0.010450632751766767,6.230248491242948e-05,0.04223631490861444,9.972365855744318e-05,0.2109552475451402,0.004439492500522203,0.006738649469838127,7.751341230316591e-05,0.7234174139089248
167,0.0002677640671927916,0.15001960622504465,0.0017254665766798212,0.13773217873811752,0.3534668337258778,4.890139726928877e-05,0.002464160254733344,0.0003391216491868883,0.010793248503838985,0.34314271886205905
168,0.04034572705080797,0.009012975128406982,2.662985102120464e-05,0.0035209708729998673,0.028732644839817224,6.801272451321031e-08,0.0002673320990531503,5.917837722356179e-06,0.05688252989469136,0.8612052044127554
169,0.1927145000413226,0.005839019427610495,0.0003462087643472,0.01185076778315341,0.01249641856624725,7.969451388332104e-08,1.9737773232772208e-05,1.2804630988286013e-05,0.21659465225126812,0.5601258110673158
170,0.040406509854929204,0.004530899464375581,1.1512919685670335e-05,0.0018689994161415432,0.008734934790426661,7.00930858765698e-09,5.105538004940824e-05,2.7353270158569336e-06,0.10580037626060175,0.8385929695774659
171,0.002938813446139324,0.058364306130361324,0.6077312952549707,0.1205875885622437,0.0036249829306539477,0.004408912429432797,0.0051448165050372785,0.09174887577986211,0.059372638213179695,0.04607777074811914
172,0.07053258513230935,0.001333772236818936,1.600802987403351e-05,0.0011674738919304998,0.00063577793581033,3.225381787175055e-09,1.7902061120908027e-06,2.038708503911122e-06,0.20532144270093927,0.7209891079323199
173,0.12460787305543015,0.0009231506547688573,0.15640955768316478,0.043621575174991226,2.3366493606242905e-06,2.5549613590029343e-05,1.0488862564731677e-08,0.1637723391969792,0.2436463424777344,0.26699126500511816
174,0.06718156920713997,0.07338575155320648,0.0011161491215705734,0.0271571327722066,0.11591485215659021,4.650742298256843e-06,0.025536438932434773,0.0008237375082801574,0.10393905444525754,0.5849406635610155
175,9.284731577658686e-09,0.32618929464354696,0.025203017527831585,0.23640975130750558,0.013350765220419428,0.30675407471659355,0.03360555075868868,0.001053815643924344,0.00012811751460952616,0.057305603382148726
176,0.2661220170229129,0.030434906650847388,0.0009771760680910026,0.033277398608713725,0.019334973060960083,2.8225012494276443e-06,0.0024150383975715646,0.005085492104107923,0.1912232172804187,0.45112695830512733
177,4.4556647583592536e-05,0.24705838476622402,0.19012601727876288,0.13363404909407078,0.007696776635556387,0.039807820023701534,0.010508695415465055,0.005549321646197147,0.013021769339248987,0.35255260915318953
178,0.0001995783213727931,0.0019187017605918572,5.729761856661311e-09,0.016156987695707583,5.379740817492151e-07,0.04839464001450656,0.0002082487429501423,0.0004977832495993517,8.30958424916051e-06,0.9326152069271789
179,0.06473694480720614,0.02312364119798672,0.0017634645902828176,0.04037664910035849,0.02124659409734795,2.8925282038119698e-06,0.0004187950169529702,0.001402801523825242,0.0836446056426616,0.7632836114951743
180,0.006121247008758028,0.004160802031189455,1.0036482684337164e-06,0.008804610316789308,2.0568962673796483e-05,0.002557786770268072,0.002104339395043733,0.0022520459350128977,3.92398867445844e-05,0.9739383560452517
181,0.13785069071452602,0.004006874894879802,4.317410167029439e-05,0.005559042571268566,0.0031448937806188466,3.8242881183468004e-08,1.4670505041553002e-05,5.253377982428299e-05,0.11778934645121816,0.7315387349580713
182,0.002633598894862627,0.005225545361956933,0.0020478023470576166,0.6026756718462214,1.310796113813068e-05,0.0024294350650601103,3.037753231570155e-07,0.09793065563402693,0.07935474871713255,0.20768913039722062
183,0.10382985221480806,0.008648858994264557,0.05466701917584518,0.10159530377264647,0.00019522946687383508,1.702546351779555e-05,1.4469772038634833e-05,0.08236086715942376,0.33420324638047016,0.31446812760011156
184,0.003974592962947907,0.0762442563393737,0.6845831447277441,0.026725715375555657,0.0006887468044013852,0.012171637574664194,0.06871864874481262,0.014465959284996267,0.06575344697050095,0.04667385121500318
185,0.48214612679123026,0.004013413780920712,0.002941880086033006,0.03719844314591496,0.00017210808804573677,9.380852469629187e-06,1.9195121678620964e-06,0.01788808450134998,0.24483425662312341,0.21079438661874453
186,0.3051484065947794,0.012469210207811497,4.413634685317257e-05,0.005328220012734936,0.02965072573970098,3.896394058919948e-08,0.0005930323194275887,7.225414792913298e-05,0.2507408353084608,0.3959531403583618
