,proba_0,proba_1,proba_2,proba_3,proba_4,proba_5
0,0.4386176164890096,0.011175527720540262,0.012635919926214085,0.004714580239573482,0.005636009134791813,0.5272203464898708
1,0.05968441702320927,0.009681317057069587,0.021798214806907277,0.003971511913243569,0.0076730740492008545,0.8971914651503694
2,0.12509527626045047,0.008411673650972423,0.8498874762334775,0.006151740522768833,0.0005029561306344256,0.009950877201696521
3,5.761174241931636e-09,0.0055537913957130315,0.010696547802624542,0.35911836637979355,0.6119961097682793,0.012635178892415288
4,0.06118242840944719,0.010769073745267857,0.9197819233537918,0.004722762512477775,0.0007885323873300018,0.0027552795916852947
5,0.0004237877297995375,0.012974268712774883,0.019651866684156947,0.00955896838300198,0.01633950025078841,0.9410516082394782
6,9.227662541607819e-08,0.009418548503519949,0.0116161955157682,0.3662740392636232,0.6059715877429103,0.0067195366975529025
7,0.003755085886582646,0.0392264956918034,0.9466188188254502,0.007237038974548492,0.0013698984603731483,0.0017926621612420666
8,0.0009154326044502652,0.008870631491419808,0.01958034797440028,0.005630164583447239,0.01726177464326017,0.9477416487030221
9,4.861490659378875e-09,0.008007082110717786,0.006007392915304887,0.17273222583964945,0.7945136676155663,0.018739626657270844
10,0.758359841027509,0.1919741925952033,0.033960715999875095,0.004420293237292054,0.0026019603089182494,0.008682996831202522
11,0.06587679987484538,0.020634796430748482,0.9032093774413347,0.005890424442195301,0.0007967741983434202,0.0035918276125327343
12,0.17585966931162852,0.7102874862839609,0.05589803352790998,0.02301270562253905,0.012281453502995181,0.02266065175096654
13,0.023502247944699944,0.006682646192871131,0.9583000586611137,0.006752308306065208,0.0006499378647070839,0.004112801030542895
14,0.38389623163429176,0.5337399968695038,0.03853058836150674,0.01605515698742977,0.008721512716653071,0.01905651343061465
15,2.7182624835859417e-08,0.010359821986347897,0.02214322104658938,0.822744206232787,0.1357880163845944,0.008964707167056617
16,0.026520593778159934,0.012759046211121563,0.9519404539444194,0.00554684549351346,0.0005161417919766366,0.0027169187808090732
17,2.108179204204959e-09,0.010027488773343226,0.02938639954655249,0.8395599326999453,0.11438411060564527,0.006642066266334477
18,0.5628725423663562,0.37017621233476344,0.03689454777212244,0.008606770835708988,0.0048350980238301465,0.01661482866721866
19,0.77016642632838,0.1809299985379984,0.032032469972284205,0.0037997250222658193,0.002302944469086006,0.010768435669985995
20,0.7921781667001228,0.15707720083407434,0.02740391537356795,0.004430786432332393,0.00283550934811994,0.016074421311782806
21,0.03361330878004043,0.011800496463145283,0.005029880831403345,0.0034665946544996046,0.01029186614561044,0.9357978531253008
22,0.45749158087949,0.4652924098930936,0.04937432074350969,0.009054661198587033,0.004776770218617355,0.014010257066702406
23,1.0270876891400927e-07,0.01718522792058172,0.03582072359731726,0.4597042116129144,0.26619138545708365,0.22109834870333403
24,0.7410590357694773,0.20871218591344678,0.02997728868098791,0.004456944870064298,0.0029712081777345197,0.012823336588289071
25,7.124347040435844e-09,0.006148881495235828,0.006949622792750259,0.393774142135862,0.5877287268929884,0.005398619558816373
26,0.7506874834417164,0.1987226383900381,0.02797988173236117,0.004570362674437022,0.0034546327840839,0.014585000977363347
27,4.860361958213376e-09,0.010549036587131211,0.021649513420148814,0.8406649286868428,0.12304201563221163,0.004094500813303455
28,0.09419604424771734,0.01234657691631458,0.007963351911305639,0.003908420108704663,0.009799563692517074,0.8717860431234407
29,2.914524063144522e-09,0.00719204943553412,0.01750265462412554,0.6097412960577568,0.35835681418955995,0.0072071827784994675
30,0.013026497856883429,0.01790504419742415,0.018524370628561302,0.00729154005002354,0.01694400260419583,0.9263085446629118
31,0.02076585272596655,0.011290140594984852,0.008883551643851822,0.0040510626055431315,0.01152833643675489,0.9434810559928987
32,1.3527479543288742e-08,0.011373937300544474,0.028277440684484668,0.772161289832307,0.18629516475790864,0.0018921538972756237
33,1.0103757547968107e-09,0.010607202992603077,0.007880273545705254,0.06702073960466355,0.8940736743571738,0.020418108489478518
34,0.41275335423167486,0.5108836965334818,0.037732660007655565,0.012053771151379993,0.011836636100181739,0.014739881975626182
35,0.00475153409517092,0.008767126718700512,0.9790006828286275,0.0047754960269073094,0.000923996789513586,0.0017811635410800812
36,0.01754816189413553,0.007019935349454948,0.025668207744435286,0.003493142638084392,0.009136732184941798,0.9371338201889481
37,0.23761007586508107,0.6507730125499829,0.05077521824199975,0.020750280909480147,0.012688258747964807,0.02740315368549141
38,3.437453300405169e-08,0.011151875306870222,0.012081798209650217,0.6804260374658972,0.2868415886329884,0.009498666010060918
39,0.01085436180889881,0.008190458168777379,0.023801351883097576,0.0044617500032587505,0.010837122120784266,0.9418549560151832
40,0.35007885498422353,0.5639866048898193,0.053841997790968064,0.011838523697178648,0.006067616384071778,0.014186402253738642
41,0.06104586301015113,0.012480599966687817,0.009114987577230614,0.0037018293674925223,0.006858740268484364,0.9067979798099536
42,8.948766809435136e-09,0.018146521624198275,0.03372771587853814,0.782807240078011,0.1263107736408085,0.03900773982967741
43,0.004054153931227485,0.014092986515815238,0.9727837188077446,0.006933094720264549,0.001226406540454869,0.0009096394844934042
44,0.0036205190953964004,0.0063279309373530995,0.010149728228974739,0.002592868702153096,0.012730763633200332,0.9645781894029223
45,0.7568039806839378,0.19572407999816976,0.0264705397766777,0.0049151592019053055,0.0034342741565385757,0.012651966182770563
46,1.2299195430787313e-08,0.006845761199155291,0.012927076623737044,0.3132090094832075,0.659419075113244,0.007599065281460654
47,4.871070809038687e-09,0.026472157948404677,0.021011108821067614,0.8527844828115674,0.07268787979188088,0.02704436575600875
48,0.6975909956792751,0.2514871787177554,0.01862760325206753,0.007613005843577711,0.004585057462947337,0.020096159044377053
49,9.652939560335796e-09,0.015348951179294728,0.02274016410054693,0.8046528366324782,0.15401486598184594,0.0032431724528945837
50,0.28290057804774354,0.5983246834110885,0.05750123925530102,0.019165233080069656,0.01043789720801074,0.03167036899778657
51,0.5955987091285918,0.33293542185806774,0.03727710009713256,0.007284951690218251,0.0052437121863434,0.021660105039646087
52,0.08037669759483582,0.033955276100617826,0.8769986417843804,0.004610353013435987,0.0008827001122975459,0.003176331394432552
53,0.007398689004880803,0.015739431867270746,0.9655240038224701,0.00669700490670451,0.0006356607651381188,0.004005209633535735
54,0.07116275819432745,0.011890315897974377,0.01185852819928516,0.0046199817970428575,0.008256477670698072,0.892211938240672
55,0.11249545021549642,0.00867611430673815,0.018845813403505607,0.004122351865392648,0.006893256405311115,0.8489670138035561
56,3.934388361539837e-09,0.008079840154945749,0.006889451691872715,0.07529883667610332,0.9011806603297882,0.00855120721290181
57,0.10553272069798651,0.028775669164096695,0.8551411518774339,0.004135883297705474,0.0011975540692681183,0.005217020893509251
58,0.03161953992359422,0.013745618710910165,0.9401356472830406,0.006445443696707999,0.0009476397981053364,0.00710611058764162
59,0.0020558037738509344,0.0795746093308262,0.8943711589449929,0.017217750547201524,0.004026872648841881,0.002753804754286676
60,2.2953833423854425e-09,0.005382430516032359,0.012832909399545622,0.14629467896051948,0.8291291168691955,0.006360861959323689
61,1.1457208508153549e-08,0.018403440089791088,0.021416449914160415,0.8201935741861556,0.13408739150210652,0.005899132850577878
62,0.4965050674535513,0.4191756723464233,0.05743843489427983,0.009538571649567906,0.004701715572612056,0.012640538083565604
63,0.45226577910663684,0.47161604928211415,0.0421192999699436,0.010620968151748341,0.006730768104505688,0.016647135385051234
64,2.476560182098707e-08,0.037083472942431736,0.03895531137549547,0.817304474707329,0.10246543136294563,0.004191284846196326
65,2.1112316711509643e-08,0.008126475039540115,0.02028195204206029,0.8356916188036718,0.11575481426591235,0.020145118736498713
66,0.19696307673894423,0.6869494066218224,0.050771497396304405,0.02336492099109193,0.013489342096919888,0.028461756154917105
67,9.839004320713072e-09,0.01592821818186109,0.02356824564817898,0.19313015425744132,0.763512369802379,0.0038610022711353755
68,4.405376371953632e-09,0.012109062405548803,0.014192919580475218,0.08926780370528946,0.8778179704161807,0.006612239487129415
69,0.30927663299844826,0.5879597244034677,0.054776250091471385,0.016063128189472198,0.00911350939343841,0.022810754923701968
70,0.37021470893954955,0.013054874140781362,0.007345842219840246,0.004361047099934585,0.005480416653165447,0.599543110946729
71,1.5746061136913483e-08,0.006153851913616884,0.011179895502120887,0.8761639323339858,0.09203257165917056,0.014469732845044712
72,0.08870324658410851,0.009874666778200281,0.8913035022654806,0.004591346916055354,0.0004470404966633592,0.005080196959491754
73,0.3004354588620017,0.6094161626581969,0.052220196002073206,0.014725120809132691,0.00782829639620733,0.015374765272388147
74,0.31380493231420303,0.5828905370033172,0.05710589673491746,0.015401577351760521,0.011832094149665602,0.0189649624461362
75,2.7936834704610806e-09,0.005914494366537284,0.004130514134401612,0.12192403715074648,0.854191281160799,0.013839670393832194
76,0.7865157377544926,0.16326816139345265,0.027280561368586545,0.004136588244846102,0.0024988007181636,0.0163001505204587
77,2.1905894518525994e-09,0.004394924364955588,0.01077567078743384,0.13690915366760067,0.8427491707909718,0.005171078198448563
78,0.7177397593278846,0.23170771711346264,0.022311809653936653,0.006328863377622899,0.0036691769051637093,0.018242673621929634
79,0.2003075131897422,0.6966446849623785,0.048956198057304084,0.02578141216225008,0.010033041265588617,0.01827715036273663
80,0.7498280056468277,0.19744570881513474,0.021213303072284827,0.0055610418161256316,0.003302239159840831,0.022649701489786088
81,0.8053405460954922,0.15175445153550055,0.026915853577190525,0.003691272851430714,0.0022788042035481147,0.010019071736837889
82,0.6569628521953966,0.28631098319323733,0.03300049422385161,0.006012807985529222,0.004028735631500311,0.013684126770484969
83,0.7042340990182813,0.23752282706252137,0.033551980589915854,0.0054172807768140705,0.00388725604727253,0.015386556505194776
84,0.010599436329453716,0.012101100287991403,0.011264414057285949,0.004125180157471074,0.0123332770235432,0.9495765921442546
85,0.7677106641241099,0.18412794808748983,0.028692269702188,0.005324325841244697,0.0028822928624384855,0.011262499382529025
86,9.029540039793915e-09,0.010756220418848002,0.019392933812382305,0.11934537747828029,0.8472325322756443,0.0032729269853050006
87,0.04918283679701863,0.013058628172974433,0.013451645977902793,0.004740907518804201,0.009659496004511709,0.9099064855287883
88,0.34333411180013046,0.5731738729428871,0.03687164869669029,0.014360393424784719,0.008884472395222866,0.02337550074028463
89,5.2608839911787046e-09,0.023240148937964503,0.03191941093758965,0.7275733314040612,0.2132466171766215,0.004020486282879154
90,0.5474692611311012,0.38846517995109486,0.034676806756872326,0.008409464529068359,0.005081191389758934,0.01589809624210422
91,4.1475592199333256e-06,0.06595927866694103,0.016264689037518407,0.5711394061638934,0.3018661915617948,0.04476628701063262
92,2.2779669041745433e-08,0.023271813804536842,0.0216860435722836,0.7859515094159243,0.16586924178102036,0.003221368646565953
93,6.891310123025978e-09,0.008064537297056501,0.022436599661125035,0.5327731140249128,0.4260445982739801,0.01068114385161532
94,0.7518191307029967,0.19492571432887834,0.033977792681263025,0.004751734864269004,0.0028273867108810726,0.011698240711712033
95,0.03755403199807703,0.019954244470571182,0.9294366084163728,0.006661719903915552,0.0004918042827356659,0.005901590928327807
96,0.3286453035260409,0.5801696395663928,0.051023200883715536,0.014746087235661669,0.011202217215185191,0.014213551573004007
97,0.38069032673413267,0.5254262672655672,0.06113351192965956,0.011215359947355556,0.005756116504188344,0.015778417619096593
98,0.15251128914567363,0.02035826950638855,0.8145937957932851,0.005384553897593191,0.0008087440567609845,0.006343347600298697
99,9.398878329988018e-09,0.010306031918786568,0.012196075240749659,0.14075763660672821,0.791894688244318,0.04484555859053924
100,3.160699358731053e-08,0.014707915016032419,0.015045816253209289,0.753982811206938,0.2121401935608988,0.004123232355927801
101,0.05009029834410501,0.03766512335568557,0.9021855077999815,0.006300754177207811,0.001552062786634384,0.002206253536385972
102,0.5494063241490591,0.360190190501014,0.03289383068886972,0.01301193669582906,0.007057530757492436,0.037440187207735634
103,0.6188585665607211,0.007100295375596601,0.01045924353262635,0.005135879988445148,0.004978501721187244,0.3534675128214235
104,0.027670874031100984,0.009995072028201787,0.9538766583823884,0.004742940573158463,0.0004456514292269031,0.003268803555923498
105,0.0047647508961677805,0.04633060923366192,0.9389364003622702,0.007276267782833887,0.001250927166196931,0.001441044558869157
106,0.011695133092695018,0.013615911874744492,0.9652317905650379,0.00669523868690775,0.0007664868645021837,0.001995438916112493
107,0.07594062269872294,0.012846502164100356,0.8938691881431262,0.007678273104962917,0.0009141203144551376,0.008751293574632387
108,0.6610668397258549,0.27589391801139007,0.04298892261880391,0.005042679617701563,0.0030141697457712092,0.0119934702804785
109,1.958210002083763e-08,0.02328166821786308,0.008161101507311926,0.7243813031054271,0.18363536476222933,0.06054054282506829
110,0.0007034350653391103,0.005016856922631727,0.006562358732005649,0.002902728694496049,0.013063326174296274,0.9717512944112312
111,0.0018098472254528234,0.08005624508235132,0.8735109034371951,0.02354859011945558,0.01191076140579664,0.009163652729748508
112,0.11809822829866862,0.00900002231802734,0.02053077432581006,0.0037108057340917476,0.005203640315517694,0.8434565290078845
113,2.027243121787969e-08,0.025242202040751786,0.0312603837313954,0.8384167628602233,0.09975953000394157,0.00532110109125671
114,0.22840260965059395,0.6697529872695351,0.03553885892934157,0.025654704799902527,0.02069747061768648,0.01995336873294021
115,0.3269101618146539,0.5906130235146394,0.0395587457863772,0.014886255751274573,0.009705672613778757,0.018326140519276005
116,9.340945261010888e-09,0.03565630421143576,0.005737477103504622,0.754151653440337,0.12344386845009857,0.0810106874536788
117,0.009441108290442894,0.012792848977091473,0.9680928386314347,0.006090835881081123,0.0006726219855659601,0.0029097462343839428
118,0.48278258234892746,0.45233145781059136,0.02897274913668705,0.011151269180649489,0.006945921091899091,0.017816020431245607
119,7.484932800280684e-10,0.013312988162077113,0.005009723468117526,0.1379792196450932,0.6960704952915457,0.14762757268467322
120,0.0003134223803727351,0.0568490792724017,0.8963710664977489,0.03857339230854852,0.005846031575966362,0.0020470079649618
121,5.1292908052320225e-09,0.010135985762285374,0.019687885610174496,0.19829209176446952,0.7685541351480988,0.0033298965856809327
122,5.8478700266527335e-08,0.007535869787159206,0.02005495558953336,0.2385315461133522,0.7068367353638395,0.027040834667415452
123,0.015342235535087389,0.01599225974159316,0.9606212509207741,0.005024696881339885,0.000644892496895065,0.0023746644243102855
124,0.7105985408445008,0.23452460619321325,0.03778541978345202,0.005191000205010476,0.002947841408229106,0.008952591565594333
125,0.7236979634179004,0.22844259631693373,0.02559816883157914,0.005525557846942373,0.003704398879083879,0.013031314707560531
126,0.31380493231420303,0.5828905370033172,0.05710589673491746,0.015401577351760521,0.011832094149665602,0.0189649624461362
127,0.34820510636300467,0.5670686374641996,0.042947743450723434,0.014453348444430584,0.01352266788705146,0.01380249639059021
128,0.29794305342727967,0.6047343351637652,0.05124416587089907,0.016259328984182194,0.014195945277307971,0.015623171276565801
129,0.33365302388719115,0.5684840955330523,0.04926427173731895,0.015253777956464038,0.008388224767323444,0.024956606118649957
130,1.0056942601674833e-08,0.013586723196758561,0.01405649167150552,0.41230077593966297,0.5533781696915299,0.006677829443600595
131,0.3737618485338905,0.5436363864955146,0.034425690069126595,0.01650083954686166,0.00773654386062021,0.023938691493986534
132,2.1906716604952978e-07,0.0308236063758802,0.14128715678300285,0.3351348927658883,0.4904185353215393,0.0023355896865232626
133,0.4046306274410896,0.5094175080863574,0.04254109835253608,0.011698520074923576,0.008599081118425876,0.023113164926667446
134,0.7647452525135121,0.1794169572003972,0.029539708775735505,0.004878198843765775,0.003113577851377706,0.01830630481521156
135,0.7953159798108727,0.16239381796689936,0.024168277315439086,0.004091210093135249,0.002750067900759814,0.011280646912893776
136,0.5549163073023002,0.37352632090902305,0.03187152729414892,0.0088869709893453,0.0066355077759413204,0.024163365729241233
137,0.005793060787476618,0.004691472154149663,0.008265947516076563,0.0019591222440382356,0.007934060691421772,0.9713563366068372
138,0.6054943408192835,0.3317848842966756,0.03755093943205207,0.008802755611185724,0.0052502270096626,0.011116852831140486
139,5.488497792505853e-08,0.027005456249847678,0.08574035094302676,0.636157260411833,0.24022313533253023,0.010873742177784503
140,0.05183458453354424,0.01078672848708153,0.016267084307301515,0.004122206780548142,0.007471287690666811,0.9095181082008578
141,0.7563490895414431,0.19472463576083338,0.030510763780193625,0.003948890708593638,0.00250016131062556,0.011966458898310849
142,0.802678042824984,0.15562719527436183,0.014429284017225565,0.005599769957826119,0.004490183391569842,0.017175524534032816
143,0.7428439681701325,0.19632181254240508,0.035818276779625416,0.0053487284916811815,0.0032291995928582454,0.01643801442329757
144,0.7684355624518355,0.17808312832799628,0.022441683257072784,0.0050851313227975176,0.0037161503962321284,0.022238344244065598
145,3.549050110393425e-09,0.008634996879377407,0.008142059543320814,0.13277863615068156,0.8411513375831613,0.009292966294408737
146,0.014541349319724471,0.0075702357821168355,0.9639966445501152,0.0067007194112933995,0.0009913192924978543,0.006199731644252173
147,4.9647369987688755e-09,0.008014455762167739,0.011988513133379751,0.8720649915895745,0.10298185697319884,0.0049501775769421035
148,0.026402938983690984,0.01203224024179273,0.01618477094372094,0.004880489676780115,0.01460068225288565,0.9258988779011296
149,0.04984058298489417,0.011693842901245241,0.02222802706666465,0.005661405906138686,0.01104681528943007,0.8995293258516273
150,4.360605323578801e-09,0.013252216251075906,0.025709858539879265,0.2481779451496934,0.5416394310663042,0.17122054463244196
151,0.7787260513257216,0.17314689343118128,0.023890277295823246,0.00441288276863545,0.003378770894419399,0.016445124284219202
152,3.6662107207651162e-09,0.015775221339861343,0.022095201864791848,0.3794871577957686,0.5714062087721575,0.011236206561210048
153,0.7897985570523701,0.16212253892480086,0.022730308696562534,0.0041616510847455445,0.002985123011596503,0.018201821229924503
154,0.7219187906072668,0.2258460910981616,0.03233036240127167,0.004746868092832412,0.0033184149944181407,0.01183947280604925
155,0.7532839400968218,0.19717630437188613,0.03250430003494709,0.0040584910236458735,0.002579713161804526,0.010397251310894761
156,0.09975342425540813,0.022628619319581777,0.8404532643278817,0.016931054008564643,0.001791636450251471,0.01844200163831226
157,0.11348381143368111,0.011810041415494445,0.014210183808779728,0.004336012378946747,0.007397488236806787,0.8487624627262912
158,0.0593359578916735,0.007002661647072737,0.9251962266145328,0.004278954901982577,0.0003594225760997647,0.003826776368638575
159,0.4085306446371045,0.5039299248066977,0.03823967663876607,0.015194647811340204,0.007110050158401729,0.026995055947689816
160,0.22089345726185144,0.011072880915598082,0.016392780418899824,0.0066998532346033484,0.008517743018069346,0.7364232851509779
161,5.392894003909933e-10,0.007687079213513172,0.006788771935677995,0.07829413948617643,0.7154822276208622,0.19174778120448085
162,2.024568887232338e-08,0.008687053455121696,0.012065174420317952,0.7041584333065817,0.24976802227500045,0.025321296297289405
163,6.023453458899774e-09,0.009536917047136304,0.00943201142813386,0.2597284096444464,0.7142263971012279,0.007076258755602109
164,0.018369271317414088,0.006015183652368374,0.007307970866962538,0.0018871070210728872,0.005768503017919531,0.9606519641242626
165,0.7276096661063683,0.21772890119276286,0.03683930850058073,0.0045467412150417795,0.003057393030779514,0.010217989954466884
166,0.5016362210168614,0.40314645297559604,0.02686731630322146,0.012672672368482844,0.011612312762992223,0.04406502457284595
167,0.005942192647819932,0.011709964214649047,0.9719387576553813,0.005176650296164566,0.0009214470736898797,0.0043109881122953145
168,0.03450003288626855,0.008445576158727158,0.947347673685511,0.00470456652956114,0.0004033005534881199,0.004598850186444024
169,0.07137222773600552,0.010772420822065669,0.905324394456665,0.006114529230983274,0.0011939922846605409,0.005222435469619989
170,0.7391244954039365,0.20933849877119678,0.026848276278078988,0.005555206898367238,0.003916320026597724,0.015217202621822643
171,1.3987898653951127e-09,0.00819049947335776,0.003679771798376645,0.07468554293212076,0.8887919850655216,0.024652199331833356
172,0.0630227965963748,0.016848026136657236,0.009105803003250377,0.004770256636314179,0.006976802003763747,0.8992763156236396
173,0.7137205200029797,0.22570386531861375,0.037563104585598674,0.005164133873290359,0.0033538680052518613,0.014494508214265692
174,0.20747664934011253,0.012797924864806933,0.7705552362250775,0.0030713523480157003,0.0005081893272181106,0.005590647894769318
175,0.04694131890733386,0.009955167707789677,0.9381116434007931,0.0023293191578004535,0.0007094397025160413,0.0019531111237668232
176,0.004474512051165312,0.0053893329954753395,0.01424583731651049,0.0025102792146114695,0.01077833658046262,0.9626017018417747
177,0.003390220149927128,0.006932499231520615,0.008050321866456794,0.0031090952187841003,0.014301466748568938,0.9642163967847425
178,0.007470537562494509,0.0066267262323498385,0.025498641898802764,0.003742133351931305,0.010309810732239535,0.946352150222182
179,0.010285948886250312,0.01535519090798637,0.966665091013907,0.004753080981926786,0.0005928284311613055,0.002347859778768209
180,0.05667893978053388,0.009232112072311055,0.02238256696421201,0.004528925083694055,0.00784632026471585,0.8993311358345332
181,0.11597516236472755,0.010750582220607952,0.013475981371232343,0.00463480697833954,0.007525401274698411,0.8476380657903942
182,8.398413505136361e-09,0.011369994603297295,0.03150600064968689,0.27342377122737355,0.6811350829170157,0.0025651422042129723
183,1.7036691053904188e-10,0.012132820146228808,0.005228062180896006,0.07184555854117956,0.8230790769371668,0.087714482024162
184,0.23408908607647205,0.02558510874640277,0.7272977024179779,0.004586506631160431,0.0012545452865128193,0.0071870508414738415
185,0.005392386768440104,0.007821924308109367,0.030317653385723557,0.004947569443566278,0.01356854585226755,0.9379519202418931
186,1.1429917552142383e-08,0.02273923161416306,0.02498073223356773,0.826813622844514,0.0716233859598286,0.05384301591800904
187,0.1704591770938331,0.7164464839414579,0.05485421850352252,0.022445168059203803,0.013032671116856737,0.022762281285125863
188,0.03245486292506569,0.008427224059788099,0.01737343657914998,0.0036608175912790117,0.008161123551505715,0.9299225352932116
189,3.349680763584392e-09,0.006135240455820843,0.016291610499891557,0.8232889197089956,0.15046063900475995,0.0038235869808511576
190,0.00475153409517092,0.008767126718700512,0.9790006828286275,0.0047754960269073094,0.000923996789513586,0.0017811635410800812
191,1.2299195430787313e-08,0.006845761199155291,0.012927076623737044,0.3132090094832075,0.659419075113244,0.007599065281460654
192,1.1293331923470849e-09,0.010672248423733282,0.009796843725715931,0.2107623299966991,0.7261570260398009,0.04261155068471751
193,0.7941792840901722,0.1527304716200301,0.03558521896786024,0.004288453395486705,0.0023348731012739895,0.010881698825176723
194,0.062158711571625,0.032893695897582065,0.8974511925693871,0.004485249628420845,0.0009956089065760584,0.0020155414264088297
195,6.221217278431858e-10,0.014220318907703672,0.013673358057843851,0.11485354771198185,0.8049594563475729,0.0522933183527759
196,0.7093983442379805,0.2287250853852686,0.03563737410992447,0.004844992430320981,0.0035526626788417964,0.01784154115766371
197,0.7435268371334294,0.20417335286597546,0.03226349697888738,0.0042245318130190645,0.00273884549933995,0.013072935709348558
198,0.00475153409517092,0.008767126718700512,0.9790006828286275,0.0047754960269073094,0.000923996789513586,0.0017811635410800812
199,0.7276431629178397,0.21382112632680964,0.02717716896728941,0.00497287688184014,0.003889022909230474,0.022496641996990575
200,0.5651223634965808,0.36704556991150644,0.028564824368846404,0.013161393269854391,0.006550112114848163,0.019555736838363768
201,0.7236768418103844,0.22200921177638808,0.024884035703547903,0.005631504927231806,0.004102169687785192,0.019696236094662742
202,0.1588401964427637,0.009938074754893883,0.009821027934387284,0.00405299332285695,0.005870813567087744,0.8114768939780104
203,0.7581028426875306,0.19104900054887763,0.03649095937912866,0.003930713370498954,0.002467414338249363,0.00795906967571472
204,0.719370422468474,0.22172052451212085,0.038904078251036145,0.004546246425955667,0.0029081088684382857,0.012550619473974942
205,0.09225850630448917,0.010504835620065647,0.016036269495017984,0.004582166614605172,0.008072836912193291,0.8685453850536288
206,0.005270540392144249,0.034858765815184704,0.951345531849728,0.004616450207069399,0.0009666928351609825,0.0029420189007125425
207,0.036165905133335556,0.012727345131476891,0.016993998521779456,0.00523445854808697,0.0073178868824720815,0.9215604057828491
208,0.0011770070763435882,0.07289485420302134,0.9083341375854844,0.013583080632769955,0.002300786300130822,0.0017101342022496576
209,0.4208320446435526,0.4921330582744564,0.0439575973617198,0.012015983056155496,0.007613129326982061,0.023448187337133566
210,0.02313213565608876,0.04961397322480295,0.91786044499995,0.0066292668357900006,0.0009053185210244564,0.0018588607623437486
211,0.4360158401995522,0.48363235985881436,0.04465419601160912,0.012195307734178928,0.008160505747299315,0.015341790448546087
212,0.002243424604391362,0.0035756423247647238,0.0141701241365814,0.0025604659932193046,0.010986295224466848,0.9664640477165763
213,0.8093670347478876,0.1456252281595537,0.026193991319694195,0.0037040075364174778,0.002155237859764068,0.012954500376682774
214,4.4789489540281704e-09,0.006748481668373264,0.012720654809324685,0.1440744538561604,0.8173254865675104,0.019130918619682396
215,0.47001263379969854,0.452815173438821,0.036399683249164747,0.010810825444751697,0.005757585646798969,0.024204098420765045
216,0.005482996165886507,0.009432147162446215,0.010518926311673995,0.004239553609799912,0.012918644197976854,0.9574077325522166
217,0.38492509783493856,0.5285957305810458,0.05444732385202068,0.013471384663335865,0.005553529240550292,0.013006933828108748
218,0.03683343738515536,0.009992489189822172,0.01419631638540463,0.004317676664547391,0.010060482241619068,0.9245995981334514
219,0.0033574844957556657,0.011908597077903425,0.0036651416687266953,0.003905712983887165,0.013402935901772755,0.9637601278719542
220,0.7382853071856738,0.20908731998977148,0.03460570951419673,0.004821567732885293,0.002979094020119137,0.010221001557353653
221,6.520523969581053e-08,0.019120011283972862,0.030864463302308916,0.4183587893589774,0.46361493058465897,0.06804174026484212
222,9.054808801235372e-09,0.009756081274647445,0.01952091973970774,0.860209809628569,0.10767553641181961,0.0028376438904476374
223,0.0309440445365187,0.013434953614117071,0.946994078485286,0.005161780954008372,0.0004754907960397551,0.002989651614030048
224,0.4989922894212631,0.43710516642534186,0.029133598009848227,0.010620472402867384,0.007083363480649809,0.01706511026002958
225,2.2125846944470022e-08,0.011269223417782652,0.011325120504256788,0.43006335126002826,0.48851444137596217,0.05882784131612326
226,0.05274405773599414,0.011527176057850719,0.02154283347291588,0.0053512412568873,0.010107440362422403,0.8987272511139295
227,7.421677685507807e-09,0.012009645485331405,0.02905454811092785,0.15962818653857425,0.7154979409816422,0.08380967146184651
228,0.24391324110752052,0.6607062109243577,0.04481336886724996,0.019600217892618094,0.01109274923369672,0.019874211974556962
229,0.13092256748556375,0.028734772446148017,0.008883925240538682,0.008191317151395549,0.011143183226600977,0.8121242344497531
230,0.0016519023097042826,0.04375853334335201,0.9421895512272823,0.009341823891463775,0.0014226809224760519,0.001635508305721644
231,0.010753659457490183,0.008072933009238958,0.008526681487716476,0.002846457447882355,0.01376278708409615,0.9560374815135759
232,0.7264296011991107,0.21324053037853713,0.043264677522314096,0.004350295708719413,0.0022194003482620328,0.010495494843056678
233,2.5199528995907103e-08,0.03991787669721937,0.04472624438335149,0.8306520928759329,0.08031160733925996,0.004392153504707379
234,0.0006383264601401149,0.0663118812870917,0.8855037025952398,0.031977626575580766,0.009151557784773655,0.006416905297173831
235,0.43832033857751,0.48490629442216876,0.04473107032514993,0.010476947623561387,0.005106215127848021,0.016459133923761964
236,8.781013672541975e-09,0.00983574287910731,0.023677408951407634,0.7841075123600304,0.18056999506788785,0.0018093319605530696
237,0.7523290157291094,0.19988821849224836,0.029931866445940314,0.00416827884735827,0.0026462258325942044,0.011036394652749425
238,0.05533424975793059,0.013987575639205607,0.024747348863546497,0.006369837927331453,0.011275283141888167,0.8882857046700977
239,0.04252915125331727,0.009255684684487415,0.013495033031210555,0.0038569953027197852,0.007337908306842247,0.9235252274214227
240,0.744613227241675,0.20176316999090016,0.020038337070487744,0.005655292142888051,0.0042389711054740455,0.023691002448574815
241,0.8066386642024113,0.1471574263236778,0.028576396367737983,0.003964268128990395,0.002255726316708165,0.011407518660474498
242,0.320285973510899,0.5863806222380819,0.034814137376041596,0.022309237859262088,0.01455083578414098,0.021659193231574395
243,0.0647628923918552,0.014751317827582999,0.9145668459221185,0.002761482286057595,0.00048718351968534795,0.002670278052700345
244,1.2299195430787313e-08,0.006845761199155291,0.012927076623737044,0.3132090094832075,0.659419075113244,0.007599065281460654
245,1.0056942601674833e-08,0.013586723196758561,0.01405649167150552,0.41230077593966297,0.5533781696915299,0.006677829443600595
246,3.7181437638945586e-09,0.01115619095546643,0.018985077455530984,0.8412708795602736,0.11292826465503701,0.015659583655548162
247,0.7527882102717037,0.1967650774327289,0.033553896566536644,0.003750433870959804,0.0024866234769845845,0.01065575838108627
248,0.380414072452479,0.5493289737285901,0.03308893536323751,0.014317085226709483,0.008153973445495052,0.014696959783488787
249,1.0442155769227378e-07,0.05962939674527066,0.044807294439370246,0.17268751750231884,0.7069228026553702,0.01595288423611233
250,4.597994751682654e-09,0.009955007001967112,0.020025523811763778,0.1453577684684474,0.8207183013577735,0.003943394762053546
251,0.012449972141345972,0.025987972103751672,0.9538643634135775,0.004641319396778448,0.000794939013099859,0.002261433931446538
252,5.8573297149432325e-08,0.1300340387939775,0.038041487488999194,0.4881114868819584,0.33248645147449934,0.011326476787268325
253,6.259190374307752e-09,0.015743774845716256,0.04334241846253652,0.4356380200734599,0.49873320244095015,0.006542577918146775
254,3.569375077189443e-09,0.007700069007191996,0.012216876225108602,0.13423966123716471,0.8048401161305769,0.041003273830582596
255,0.08189680321350594,0.00820328311188626,0.8973703628856997,0.005521712020293002,0.0007985078306332427,0.00620933093798185
256,0.0005252575621003532,0.06462001438226186,0.9143841837470073,0.01682368013627113,0.002255090936963093,0.001391773235396203
257,0.6743225900320811,0.2623227603452707,0.04653684761032983,0.004541502723017095,0.003271596259004863,0.009004703030296454
258,0.3481310888171036,0.565319476006896,0.029296215999201836,0.017890718627772653,0.010525695772657063,0.028836804776368713
259,0.7432987484615293,0.19809013655913077,0.027856277697070216,0.004997679500341788,0.003338392254864287,0.022418765527063723
260,4.424038709156907e-09,0.015894983848673362,0.02278614045126644,0.8291357938973528,0.12031669180308309,0.011866385575585585
261,0.26284403174495946,0.6290509483962642,0.03623194501546815,0.032401404618967476,0.020195727998727785,0.019275942225612935
262,0.010304298642365423,0.007316287601482041,0.014248180133915817,0.0033433831976401344,0.010105191933148447,0.9546826584914482
263,0.7566724647415116,0.18655667739134923,0.028460867534817073,0.00452698847756543,0.0031602676802471507,0.020622734174509535
264,0.0362221116170201,0.009608747390304389,0.011088441629604432,0.0033445486368069684,0.008159584520033316,0.9315765662062307
265,1.6600825732742906e-08,0.010858761311026028,0.009853651834128441,0.77782858179223,0.19500209161016463,0.006456896851625216
266,0.01563440234197311,0.01571216145102893,0.9608679914254683,0.004777135020823454,0.0005907251074488343,0.0024175846532573358
267,0.001274758550983678,0.010309863561608817,0.032759440493660176,0.010454186521995585,0.021072469412161714,0.9241292814595901
268,0.38998778873596696,0.5132645797312609,0.03366153567953711,0.01513401374667462,0.013937889915637389,0.034014192190922825
269,8.086331630738561e-09,0.018285674830329394,0.01439300548188625,0.2881751635016712,0.6700352772472401,0.009110870852541418
270,0.12957718001772117,0.01640423882508017,0.018546686753363583,0.007402690436594909,0.01153867072932096,0.8165305332379191
271,7.383208501378027e-08,0.026336332830632067,0.04531028765312512,0.8213439192530098,0.10481755879454695,0.0021918276366010084
272,0.012786803670346446,0.034819895709063804,0.9441512682205344,0.005226112296602181,0.0009023455178775089,0.002113574585575522
273,1.3458087742595173e-08,0.012589136022328399,0.01931549914839047,0.19316411761767396,0.7659483875925353,0.008982846160984253
274,2.914524063144522e-09,0.00719204943553412,0.01750265462412554,0.6097412960577568,0.35835681418955995,0.0072071827784994675
275,2.4568355444514236e-09,0.004148465951077001,0.014352280427182196,0.40850985354785296,0.5689842099117344,0.004005187705317843
276,3.916814759908938e-05,0.1346070135030975,0.04074778020505874,0.24142038227780338,0.22758397960948118,0.35560167625696004
277,0.8124027043371508,0.13705644660737204,0.028095475471492704,0.003984351613272781,0.0023999766730964846,0.01606104529761507
278,6.270557829588714e-10,0.009516224054346817,0.009434463786590947,0.05747567146065652,0.9119323402380635,0.011641299833286397
279,1.2433731776585673e-08,0.00781334463645427,0.023819428418371792,0.7874953180301981,0.1757886238530749,0.0050832726281692525
280,7.979747186413194e-09,0.0028971324330203255,0.010987152025002644,0.5316043660207981,0.4491130940028035,0.005398247538628201
281,3.2488090740853887e-09,0.015321147027764222,0.032528675165120355,0.6035571554051149,0.2683048664367679,0.08028815271642348
282,6.8097466498895744e-09,0.010047539822732737,0.02297568985067818,0.8118349743014366,0.15164131071948425,0.0035004784959216653
283,0.011228583377561059,0.01993839653965632,0.9566636076102628,0.007792999670424343,0.00218091280612465,0.0021954999959707703
284,0.47341259385095563,0.44446124177830676,0.02597955450915887,0.01426126493731673,0.009244031586042551,0.03264131333821941
285,0.3153286664848093,0.6026529688572949,0.041374026518883396,0.01605829020149262,0.010760508957302775,0.013825538980216968
286,1.2316488365534664e-08,0.026479503533055438,0.03860616513580151,0.8803195110063425,0.049451436864578424,0.0051433711437335996
287,0.023325712951443086,0.024352575696490863,0.9441226794304324,0.005238811886260466,0.0008574882804735012,0.002102731754899572
288,7.048811616736791e-08,0.14150103107073758,0.08365439461571288,0.6321380979387887,0.1356503222706368,0.00705608361600781
289,0.5074970781893251,0.42170590408458897,0.03484530443306209,0.010365765280678434,0.005751920663065668,0.019834027349279727
290,0.013402786002828562,0.02859213187318281,0.9488263832792349,0.0063005444001616225,0.0008947535008617685,0.0019834009437303623
291,0.371209544113299,0.5404308239204648,0.04551317803640238,0.0139399880014476,0.008371545512870138,0.02053492041551593
292,0.38361217683380466,0.5280014575992932,0.05040881263231796,0.01217242993483599,0.006272533450397303,0.019532589549351068
293,0.06507369507029652,0.01825795394734547,0.9087754362639027,0.004136870343071436,0.0007639567095296762,0.002992087665854207
294,3.117134660467196e-09,0.0041384509450609,0.00789364216791884,0.22220560168869039,0.7573259560656213,0.008436346015573838
295,0.7595509995260049,0.18908901522476973,0.031438378198709885,0.004228340865625518,0.002959799422230401,0.01273346676265954
296,0.20094631569299543,0.021934778294838895,0.7509687823520123,0.008443260348343052,0.0019578000082453146,0.015749063303564917
297,0.06514307202958558,0.017657458974534246,0.9021842505936039,0.008235581805374207,0.0008438059681484995,0.005935830628753796
298,2.022474227610957e-08,0.019307852433187934,0.02911620478083959,0.8370712920423419,0.1123083514482447,0.002196279070643578
299,4.3225284135445485e-09,0.007092047591444034,0.013683747466786465,0.6183453484609757,0.3546887745418189,0.0061900776164464984
300,0.24000851081952698,0.6550919315469025,0.053460880875681044,0.019936025967137623,0.009349302719026079,0.022153348071725688
301,0.351308246087061,0.5579404578681084,0.054278336051183526,0.012573751654947899,0.006299745308632943,0.01759946303006618
302,0.22916347346387403,0.010660579397156865,0.014354029174839463,0.00580884478352705,0.00656703531634381,0.7334460378642588
303,0.45164203993379376,0.011236699280887056,0.01569382121794769,0.006172628767842505,0.006255390234703928,0.5089994205648251
304,0.34290269307704974,0.5712941693869116,0.04461203901299346,0.014891061871457433,0.013466316648688791,0.012833720002898837
305,0.01194729612556458,0.006405259981463576,0.013617371501779258,0.0027007950707682005,0.008311126802294132,0.9570181505181303
306,0.7442725527363225,0.20395758341828069,0.023005012949998366,0.005653868859188353,0.003909395950704882,0.0192015860855051
307,0.48524755150806537,0.44693698933702364,0.03272091097484571,0.011112778603430662,0.007844084565603714,0.016137685011030793
308,0.6400931717858543,0.2942129263173689,0.022404849087561636,0.009781397108644492,0.008314645104444372,0.025193010596126175
309,0.5741673740886472,0.35290639905577115,0.05092936509770327,0.008860108169086257,0.0038335401951300374,0.009303213393662177
310,0.3776673402261171,0.5400758228917393,0.0458279335298917,0.011887855399295119,0.0066771370720265875,0.017863910880930155
311,8.820389099783471e-09,0.05089844982516136,0.025285362208072967,0.8549334224587168,0.050817737269738456,0.018065019417921272
312,0.7386329139903237,0.2053578118759205,0.02592529325484743,0.005474282535988441,0.004041281243252661,0.02056841709966731
313,0.1437297257486235,0.608780475867272,0.18159392890689638,0.023495726877371836,0.015924112057455763,0.02647603054238043
314,0.0059353180866265325,0.014730136209537783,0.9685814033189409,0.008145071248656316,0.001303080968920781,0.0013049901673176754
315,5.429823560206426e-09,0.005187348174008612,0.010219170408715195,0.15961845087818544,0.8203755538076054,0.0045994713016617485
