,proba_0,proba_1,proba_2,proba_3,proba_4,proba_5
0,0.10534267368349574,0.36816722960022297,0.08756834938843135,0.06582424100099171,0.04781575640897589,0.3252817499178826
1,0.09511357452465727,0.246137431294779,0.09448315609965563,0.07921791476421412,0.05664368960769217,0.4284042337090012
2,0.09183557248823367,0.23103322460450407,0.39811080718313635,0.10211735785777672,0.060622946350380603,0.11628009151596885
3,0.03177787238657532,0.048222259687466386,0.09894838133595822,0.2566635146331209,0.4539328281775214,0.11045514377935763
4,0.08625783429305668,0.21289293364656103,0.4582538063896723,0.09541621977391443,0.057306701979200604,0.08987250391759506
5,0.06286837098903382,0.12364575666427295,0.10871922920569678,0.12847890258865874,0.10954924722404463,0.4667384933282931
6,0.043234451243302184,0.06900524751424217,0.1372671509463193,0.23552406797803305,0.36123091590395917,0.15373816641414448
7,0.06983505115242347,0.15744472778301025,0.5299035181351264,0.10363089963852942,0.060602561036872754,0.07858324225403811
8,0.06513973346229703,0.13136778526996254,0.10577191625439601,0.1198779546040516,0.09906171185705763,0.47878089855223543
9,0.030177379881191436,0.045780984931833114,0.09183603766076243,0.26630797623504926,0.4615633494493653,0.10433427184179814
10,0.7436242171183732,0.08057939224628906,0.0673396758843753,0.032834636118736715,0.024142052934033306,0.05148002569819213
11,0.0909490889678448,0.23229601896199614,0.4372508174989843,0.09234643012703253,0.05586649613766661,0.0912911483064755
12,0.06185093128705011,0.6793277219361423,0.08925451109844128,0.04811494082424204,0.034939947270630656,0.08651194758349322
13,0.07571493836923071,0.17129034653604663,0.460162037694837,0.12061985688334664,0.0680493447816033,0.10416347573493591
14,0.25111512226057875,0.5478011458124084,0.06751174994225295,0.03768170134358857,0.02773738172693928,0.06815289891423211
15,0.03323226837238239,0.04996328821311542,0.10737883686883874,0.4574283336384528,0.24362484019709843,0.10837243271011238
16,0.07563302254869494,0.17621248932731945,0.494992496178918,0.10592892226953989,0.06148434902155066,0.08574872065397708
17,0.02817698731891395,0.0424804575198394,0.08734127324778142,0.4029813149546162,0.3482452276668025,0.09077473929204638
18,0.31254423555285904,0.4941000941377371,0.06638162173356664,0.03621469143098381,0.026705450537869012,0.06405390660698453
19,0.7327351088913138,0.09393968413621441,0.06476903789432331,0.03228947473525903,0.023817477214311045,0.05244921712857851
20,0.5690820360995719,0.26370557366953523,0.054221383823372916,0.03123383483597924,0.02333441419952177,0.05842275737201872
21,0.0879203038741184,0.21850446730614115,0.07654932948624127,0.0730556244322194,0.05579162287645221,0.4881786520248276
22,0.45795180908913347,0.361511450117826,0.06587170423099295,0.03372500715484419,0.024795136539574426,0.05614489286762919
23,0.03292664409578603,0.04950357255619149,0.09616418310654481,0.303673123304687,0.39173140158793485,0.1260010753488562
24,0.7222442290356439,0.10804402943835481,0.05999438194109777,0.03179883609194399,0.02359480792881199,0.05432371556414765
25,0.03440678974482659,0.05285066862682801,0.10931836844765133,0.2697132755193745,0.4179445078231981,0.11576638983812154
26,0.6526766356525381,0.1760531080148081,0.05987262757411434,0.03176496921520409,0.023572958324635598,0.056059701218700145
27,0.030863300593572715,0.046224785814188867,0.0981813016495877,0.5028210913526336,0.22581097783701418,0.09609854275300292
28,0.09886983504991988,0.2728884415960657,0.08365048579818296,0.07081632186889018,0.05164818961628384,0.4221267260706573
29,0.030080930406591586,0.045633782345136424,0.09751521434251505,0.33844803217102587,0.3914008252432354,0.0969212154914953
30,0.08714823871854188,0.2098742637606987,0.09002207201398695,0.08382639286053646,0.060343679009290774,0.4687853536369454
31,0.08518720326737929,0.20482321714515642,0.08312088363544982,0.0794843285307526,0.060137849043598604,0.4872465183776629
32,0.036203777003386436,0.05561365448445107,0.12360493404525039,0.4517458318735866,0.2270178724252334,0.10581393016809201
33,0.0266737714272629,0.040153097739787126,0.08459727454375753,0.15749507777448485,0.6055234289475561,0.0855573495671518
34,0.5239252233982385,0.3022374755482333,0.06060039364070421,0.03279531926333627,0.024231378692463227,0.05621020945702446
35,0.06287762056120291,0.13415385479691108,0.5356683675085129,0.11871661484305158,0.06798387517972007,0.0805996671106017
36,0.08477192655176283,0.1974604377391849,0.10185545792943798,0.09133963343547706,0.06639826923231683,0.4581742751118207
37,0.06366027323466258,0.6853900883093305,0.07856071487710337,0.04704110089497909,0.03450495709641043,0.09084286558751396
38,0.03546732224009529,0.05375921486078432,0.11903148399689192,0.43782514369919734,0.24114614604376028,0.11277068915927085
39,0.08227112515710355,0.18844886648862072,0.10017453284702257,0.09226766178012001,0.06790292164141908,0.4689348920857141
40,0.282343143043617,0.5166690896178785,0.07530780894766793,0.03729637516693236,0.027249506067052082,0.06113407715685262
41,0.09386627208400385,0.24527935394793904,0.07894750379242817,0.07259586182487641,0.05347181159596361,0.45583919675478857
42,0.03285171887051434,0.04867009949388925,0.09960238286949888,0.4950425534454507,0.20027869711157906,0.1235545482090682
43,0.06956048910017057,0.15442738109917745,0.5188083487317404,0.11243133981756281,0.06486513030776535,0.07990731094358337
44,0.07001933919698773,0.1487463229046338,0.09656566301671637,0.10227980974642928,0.08529446973588384,0.49709439539934924
45,0.6938623917218353,0.1366951940832515,0.05807753005898533,0.03182437308965884,0.023649790561942375,0.05589072048432679
46,0.032386821908038904,0.04954051257856112,0.10587577957601971,0.3233632174368316,0.383484020678707,0.10534964782184146
47,0.03218398720947308,0.04753136176951526,0.10086880051061238,0.4948582129752632,0.20897529698533304,0.11558234054980318
48,0.3761369593215551,0.44093744760623305,0.056932958210701504,0.03400154963731149,0.025357460548127566,0.06663362467607142
49,0.03373737498421822,0.05067490283080629,0.10945912795614067,0.48822678754985904,0.21696628991575231,0.10093551676322358
50,0.05944036642043523,0.6732763514770762,0.08844698058380276,0.04906338236596028,0.0356826559470606,0.09409026320566477
51,0.5961415116665465,0.24111186910920532,0.05008041488979677,0.030456207228035718,0.022883879139620738,0.05932611796679493
52,0.09606719750209285,0.2586585030820624,0.4234167094337791,0.08472129027742395,0.052269255524969326,0.08486704417967253
53,0.06822955058284536,0.14973968242645663,0.5151411321383731,0.11445874547698064,0.06587747643421524,0.08655341294112907
54,0.09703189086256028,0.25883939393235744,0.0852665480771235,0.07374221562104281,0.05428480846222252,0.4308351430446938
55,0.09898190976859421,0.2704163738723335,0.08933922818159873,0.07490712944425931,0.053655693414827246,0.4126996653183867
56,0.032634911189127626,0.04977207484400588,0.10253752985366955,0.21773411694336456,0.4894654857000446,0.10785588146978754
57,0.09456509932645253,0.2500158875444738,0.42744115439029606,0.08710391305595742,0.05357478333018371,0.08729916235263621
58,0.07934325181263745,0.1828831934932702,0.45143347771950754,0.11633804007055903,0.06634998562750248,0.10365205127652342
59,0.08562800298961759,0.20434338637973212,0.45559788082944147,0.10109915715344597,0.05962658756536379,0.09370498508239881
60,0.03183844974565316,0.048352136827198286,0.1008553747992399,0.17199329026687052,0.5442772564242849,0.10268349193675301
61,0.03407883898999024,0.051817366548544186,0.10790134552179433,0.4501094077671071,0.24636576329097643,0.10972727788158788
62,0.38620263526274085,0.424687579074209,0.07069737630487018,0.03531122491636472,0.02582849503399112,0.05727268940782416
63,0.5380505442090373,0.28893007587470615,0.05963170712093516,0.03245081934383123,0.02399279423432849,0.05694405921716188
64,0.03995258058399064,0.061671034545697695,0.13709844531540577,0.46862993569885386,0.17313091387004179,0.11951708998601021
65,0.02939477219283711,0.04381481967553052,0.09092752625707409,0.44010249294460835,0.29640180218039786,0.09935858674955193
66,0.06626071995779331,0.6829270486066558,0.08107977175927522,0.04655184610817101,0.03408747198454033,0.08909314158356459
67,0.03772515717107194,0.05811537569301174,0.12869126713391885,0.2490413754214688,0.40987441922641105,0.11655240535411773
68,0.03186369169249042,0.0482729846127123,0.11046265552243585,0.31737009920593107,0.39501760205018327,0.09701296691624756
69,0.2990042863369668,0.5067398500146586,0.06495927788971792,0.03633644076187662,0.026789724481480662,0.06617042051529931
70,0.10537375737801909,0.362038178186824,0.07933281022631396,0.06394562924643978,0.046705456521948074,0.34260416844045505
71,0.029399704318393657,0.04390099878844036,0.0874259168108596,0.4321990245729597,0.30469179999225887,0.10238255551708819
72,0.0887573003992625,0.22233633555679957,0.4323769505459211,0.09777084575676517,0.058313077201925856,0.10044549053932568
73,0.11791266312416873,0.643003908866225,0.08994964828650848,0.04401290240541647,0.03196570885558708,0.07315516846209418
74,0.1047084993426426,0.6571951810140969,0.08529171863433165,0.044316509911938265,0.032267671790361635,0.07622041930662928
75,0.029135381418156792,0.04417735213550148,0.08510995196712244,0.16861197211678075,0.574477832597517,0.0984875097649217
76,0.5588895015650597,0.2703880219978866,0.05634354172230728,0.0318730289700706,0.023736242174061707,0.05876966357061404
77,0.029352049765515465,0.04471553984215694,0.09171303288878259,0.19997302572287257,0.5435207423985259,0.09072560938214651
78,0.3882227690659207,0.43010623126815845,0.05745540873128447,0.03384196346280589,0.025212018767929688,0.06516160870390071
79,0.07179422623843738,0.6731121423849131,0.08911555164329564,0.04832147152030485,0.03490978895891485,0.08274681925413382
80,0.31942323266899436,0.4954243635296879,0.055270512094629035,0.03426859103319523,0.025686948863951814,0.06992635180954171
81,0.6919679438677143,0.13189101293783267,0.06613151571908553,0.032684312668790384,0.024057647252815326,0.053267567553762024
82,0.7455238392102295,0.08661637702168606,0.0585471198056371,0.03152494334374418,0.023443359122997155,0.05434436149570596
83,0.7254954112591108,0.10967605534178315,0.05424050829802489,0.031135490094717073,0.023268436758425735,0.05618409824793879
84,0.08156069552440157,0.18851819145662307,0.08845922072309707,0.08745589072090755,0.06745805910786687,0.48654794246710387
85,0.548759388674401,0.27665007788585866,0.061998678352747874,0.032624138554135984,0.024067883959248044,0.05589983257360817
86,0.03546034057822193,0.0544916127956559,0.12995133915805263,0.3110194651111311,0.3662465596427681,0.10283068271417056
87,0.09387134783469189,0.24299184876884047,0.08278071983993457,0.07464923940640816,0.0547579394894332,0.45094890466069154
88,0.1403042784082735,0.6446775636706821,0.06768924912888848,0.04016024623586606,0.029798807965962872,0.07736985459032755
89,0.033227956382256965,0.050576824300170124,0.11034146571965066,0.4731879035464425,0.23500548986011338,0.0976603601913661
90,0.648058021936788,0.18065705480038677,0.06012881408090898,0.031948021823275205,0.023647762730159283,0.05556032462848192
91,0.053843822233449586,0.08815453493522316,0.20871113913722353,0.33414249872225715,0.14441944392523767,0.1707285610466089
92,0.0372788311900986,0.05722946797208083,0.12256247741717961,0.4647532143136332,0.2065188441729964,0.1116571649340113
93,0.033079645079925446,0.05055240380173976,0.10596364985087489,0.3076129859985969,0.3901501632815999,0.11264115198726318
94,0.6840176829512875,0.14372454415226507,0.06149941411555705,0.032274063028324564,0.02386466254857667,0.0546196332039892
95,0.08306664955173143,0.20074480207943685,0.4564109798003094,0.10211916968920319,0.059905961642320316,0.09775243723699839
96,0.3427427168991814,0.46125133789514977,0.07329295991084134,0.03656563608410562,0.02663023813869687,0.05951711107202486
97,0.2150695266103007,0.5728779603796231,0.07768956522912004,0.03950242363043575,0.028862525894519004,0.06599799825600157
98,0.09809390881697443,0.26731147173747566,0.3924817036880384,0.08823047354355673,0.0542970457555686,0.09958539645838585
99,0.035934043068212,0.05438208616218588,0.11459741785830962,0.1853666551058226,0.46742111433799144,0.14229868346747807
100,0.037957903942585344,0.05818755467719338,0.12768814185589233,0.4562028451227868,0.203697153091195,0.11626640131034681
101,0.08811156706433157,0.22013135611117432,0.4801719288101821,0.0847883859700083,0.05220019629066222,0.07459656575364158
102,0.07099557878085336,0.6832514251429083,0.0709652340697935,0.04494990792185294,0.03334463851510927,0.09649321556948254
103,0.10486562052805272,0.3904788985666666,0.08833866268732185,0.06542644574055351,0.04733405682792732,0.30355631564947816
104,0.0740141060059766,0.17017049654223745,0.4999970092983639,0.10762564352882777,0.06239140437322539,0.08580134025136882
105,0.07122568390470625,0.16339035168390414,0.531537945619681,0.10051910541949485,0.05906091927651346,0.07426599409569995
106,0.07147856600693564,0.16114678284509176,0.5103257841229459,0.10975190246244995,0.06332485090788215,0.08397211365469469
107,0.08877987847653421,0.2165217596588412,0.41972784847240724,0.10409073542973173,0.06150694489635349,0.10937283306613202
108,0.7219081320693285,0.10574833787381198,0.06429674284345294,0.032121777628013375,0.023692873681958344,0.052232135903435443
109,0.03933515517430681,0.061060444406998364,0.11775268242522102,0.4014397010334961,0.21401109407587215,0.16640092288410527
110,0.05842253295580264,0.1137055385745339,0.09328296900855389,0.1192751823769555,0.11635524574607164,0.4989585313380826
111,0.0962947387222774,0.2363847844664583,0.3752315769553014,0.1055796366151218,0.06224513259260389,0.1242641306482371
112,0.0997228114548442,0.275316025409967,0.09285906215773526,0.07548324708212165,0.05404106540709549,0.4025777884882361
113,0.03730067744967659,0.05673276738351094,0.12399806280758889,0.4744080461296919,0.19070959043690847,0.1168508557926235
114,0.10368577991478421,0.6546500252552927,0.08201329703397987,0.04518224518160141,0.032971512615595354,0.0814971399987467
115,0.22602328623952364,0.5716098736106952,0.06841790305213996,0.037915587711549965,0.02798969945982536,0.0680436499262661
116,0.03318230542543446,0.04987689297503128,0.0920006163016095,0.3799249422689388,0.3035342236064306,0.14148101942255562
117,0.06798440597190801,0.1502077821653103,0.5167368523144357,0.11472675190389495,0.06560011280457076,0.08474409483988019
118,0.3517372547373829,0.4617492181600974,0.06285899516734085,0.03479581871881711,0.025760993632084787,0.06309771958427728
119,0.024445386350156174,0.03685596107597228,0.06768489041530677,0.10134186623465842,0.677372301343067,0.09229959458083936
120,0.07466914681476094,0.1568007192628499,0.44906002269494355,0.13863749900317746,0.07458112560126809,0.10625148662300003
121,0.03376993381488852,0.051865805791740854,0.11827641464886157,0.3169793112751584,0.3794754061370582,0.09963312833229256
122,0.03834252138717968,0.05915158265784281,0.13248130326853977,0.2998947071638167,0.32954078735151765,0.14058909817110324
123,0.07302825473088698,0.16761784749700467,0.5127819366320253,0.10366265969891209,0.060575249972418116,0.08233405146875308
124,0.7426263078997062,0.08252537018306594,0.0666869179058337,0.03281244469303559,0.024129950301924816,0.05121900901643421
125,0.7014352316197254,0.1278308397421832,0.05884574924822188,0.032082455866352035,0.023817249737270643,0.0559884737862468
126,0.1047084993426426,0.6571951810140969,0.08529171863433165,0.044316509911938265,0.032267671790361635,0.07622041930662928
127,0.4659855453408492,0.3509082852414594,0.06618942190843664,0.03433476826137392,0.025179325880520687,0.05740265336736016
128,0.22756706924078826,0.565439798713957,0.07399973676404009,0.038895653485218375,0.028455165373340245,0.065642576422656
129,0.10506998379076204,0.6632710995443636,0.07554058289484494,0.043326848462582335,0.031858000400082284,0.08093348490736467
130,0.038200399680407573,0.058902886329160235,0.12871023641092222,0.3530545566958257,0.2929108664518151,0.12822105443186893
131,0.07299557541703403,0.6777469309364025,0.08355682401954713,0.0463032036288807,0.0337911617861983,0.0856063042119371
132,0.048619904663324644,0.0764521415956066,0.20998816263212905,0.38145216384162445,0.15443379510043723,0.1290538321668783
133,0.15352445954175792,0.6298975891341728,0.0693726630373595,0.04051374274029999,0.02998489343729966,0.07670665210911036
134,0.3360307992978215,0.477229035557528,0.06173629663823829,0.03456934773366428,0.025661850159427436,0.06477267061332033
135,0.706204868515096,0.12195105049968004,0.061046447519192144,0.032178057216798804,0.023822497951519615,0.05479707829771339
136,0.49662423781716974,0.33611282156519495,0.04962162997094142,0.031075260372711452,0.023405092081323665,0.06316095819265845
137,0.06975861683315836,0.14969405913884945,0.09078899341452143,0.09911620653131399,0.08196321686495615,0.5086789072172004
138,0.44696041511821377,0.36441434298082614,0.07174613617560308,0.035136877023866926,0.02557033934786915,0.056171889353620524
139,0.042014348176227366,0.06470088106220073,0.1569106407200809,0.3733995778761575,0.21891485326520466,0.14405969890012923
140,0.09345856908542095,0.23987727440241505,0.0860801042694542,0.07690971170393478,0.05612388633633493,0.44755045420244016
141,0.7479060090609009,0.08353426341014013,0.06008445792897983,0.0317445990020673,0.023552987644089335,0.053177682953822906
142,0.26446210429788986,0.5361327489108055,0.06396918749044918,0.036754750147903546,0.02729114924334786,0.07139005990960393
143,0.5183978370764045,0.31136543485171747,0.0560889112905836,0.03187174149310354,0.023738344465148924,0.05853773082304187
144,0.5009892513950026,0.3305236695655113,0.04957474096112859,0.031147337254175463,0.023485131851703017,0.06427986897247877
145,0.034723361900869235,0.052739527799722075,0.10710179162246079,0.18007460853004348,0.5040646500621974,0.12129606008470759
146,0.07299698481342211,0.15879269409903754,0.45859003197050735,0.12948582365078395,0.07188256197821798,0.10825190348803078
147,0.03411212832669035,0.05177586375290772,0.1065324246547804,0.4544605108300526,0.2357350312771682,0.11738404115840047
148,0.08986266087028369,0.22226843693158405,0.08885864773172251,0.08013610580448184,0.05826355897547261,0.4606105896864551
149,0.09541256646467555,0.2469056714656671,0.09368515097516149,0.07883018567233799,0.056715001254946655,0.4284514241672113
150,0.025720322713368195,0.0380157405593887,0.0798775543809185,0.254871646626878,0.5083641444122511,0.09315059130719533
151,0.6413826108891278,0.1917172978397342,0.05427253871635016,0.031114258122751818,0.023254754648682034,0.058258539783354005
152,0.03342777182076088,0.05052821661270906,0.11570900523147994,0.27785577965864794,0.4138609808385777,0.10861824583782478
153,0.5451212730142936,0.285421529854975,0.05442154535553483,0.031416075620577,0.023490496802877858,0.06012907935174163
154,0.7443411972180541,0.08490829822155725,0.062020981777240206,0.031899140657429714,0.02361504972745015,0.05321533239826821
155,0.7408052527071342,0.08439828020971793,0.0661367446407454,0.03251939614223652,0.023955453134993705,0.05218487316517244
156,0.08958318424492674,0.21621118904509784,0.39153459204040236,0.112508313363335,0.06540340549500709,0.12475931581123113
157,0.09955406429429196,0.2771864710167923,0.08378307153846101,0.07118889421703604,0.05191265583514661,0.41637484309827216
158,0.080701238442686,0.192869854266979,0.4606768871927915,0.10752732439514902,0.0622026364229062,0.09602205927948844
159,0.07093510142238245,0.6826672430674381,0.07822890572609269,0.0457262953831886,0.033601754512517214,0.08884069988838084
160,0.10375162501141731,0.3127551318448359,0.08816619355592908,0.0705587705099268,0.05111773848216873,0.3736505405957221
161,0.024323101796685075,0.036528751320045655,0.06778904728682635,0.08468565118769893,0.6919260792012857,0.09474736920745823
162,0.031123998101584692,0.046732741600741236,0.09596161848656697,0.3613284417196289,0.3557205936894422,0.10913260640203606
163,0.03582227842314074,0.054789473135649615,0.11595807267693924,0.20958003124939895,0.46119526554299434,0.12265487897187709
164,0.07949584709979567,0.1830852065986684,0.08720853194763686,0.08662663663382937,0.06748994209243814,0.49609383562763165
165,0.7359086764702505,0.0914433688866318,0.06464525828650101,0.03233379051244626,0.023839526375754507,0.051829379468415857
166,0.07916934044046453,0.6869236115263774,0.060675049780904794,0.042052905340444716,0.031696137591177224,0.09948295532063149
167,0.0668226843661516,0.14248776464518637,0.4957853976509045,0.1287757008750579,0.07160356438370759,0.09452488807899152
168,0.07848772808241977,0.18348997393475538,0.4679869037056364,0.10871505809359057,0.0628379318965859,0.0984824042870123
169,0.09006757008555233,0.22285272132918704,0.4180255388890885,0.10107589667497853,0.060205517031902835,0.10777275598929027
170,0.6351902712449385,0.19903049510191087,0.053351277280512775,0.031137513195496052,0.02327840768730689,0.058012035489834975
171,0.02901746517749303,0.0437421547849127,0.08448755008920347,0.1199044957209946,0.6208617750820694,0.10198655914532666
172,0.09601029984232717,0.2570641206935905,0.07850683530780639,0.07076945837131189,0.05184407160958497,0.445805214175379
173,0.7192405726963975,0.11496614638878405,0.05555922901645413,0.031316347936510086,0.023360287892420173,0.05555741606943434
174,0.10037074424829624,0.28542654914094784,0.37121264852925434,0.08792084410208628,0.054123484147549805,0.1009457298318657
175,0.08190141004023736,0.1985668403514889,0.4888889272285088,0.09476833283632126,0.05656568235005841,0.07930880719338546
176,0.07092149974172907,0.15136087364464423,0.09670752596150274,0.10319516207383418,0.08368785259231785,0.49412708598597216
177,0.06968561433645395,0.14953202583416347,0.0907391764560195,0.10022430536791424,0.07856443034969315,0.5112544476557555
178,0.07784406301021199,0.1725555347469641,0.10248151958927693,0.09928748009642682,0.07341178864165472,0.4744196139154655
179,0.06800185320861256,0.15214207467258378,0.5271611468779251,0.1087766118727417,0.06292853803869364,0.08098977532944325
180,0.09459727026337136,0.2422939810875331,0.09559806607347691,0.08037287457769925,0.0570577157812468,0.43008009221667237
181,0.10024776142694994,0.27976473877616465,0.08874988971787612,0.07304344096515093,0.05284148683610869,0.4053526822777497
182,0.03517748135154102,0.05401518259903352,0.12602107784188454,0.41612389945018113,0.26859370608211086,0.10006865267524934
183,0.01968854561984936,0.03029998713160504,0.052803834307077205,0.05779044168495687,0.7669385485969082,0.07247864265960381
184,0.10379399361307726,0.31542434404605074,0.3429386253515147,0.08345459360574463,0.0524881672878855,0.10190027609572731
185,0.07818312304833319,0.17195091705275364,0.10728577134655344,0.10152063001278233,0.0753468049668892,0.46571275357268777
186,0.03228116001650268,0.04739025343849411,0.09839793260590134,0.48657880339831444,0.21255796812540298,0.12279388241538433
187,0.06028809328955949,0.6748347940454885,0.09167819087753029,0.04891570891832123,0.035501305013951365,0.08878190785514918
188,0.08942659342304275,0.21903794204467686,0.09296343094671579,0.08257914314948454,0.05951212511311952,0.4564807653229605
189,0.029063133830273296,0.04379468888066866,0.0903547894348296,0.37527570525427945,0.3663038575587378,0.09520782504121134
190,0.06287762056120291,0.13415385479691108,0.5356683675085129,0.11871661484305158,0.06798387517972007,0.0805996671106017
191,0.032386821908038904,0.04954051257856112,0.10587577957601971,0.3233632174368316,0.383484020678707,0.10534964782184146
192,0.02556519838197533,0.03883795268452946,0.07217693828461996,0.13003617725346053,0.6421804403504601,0.09120329304495432
193,0.5016361022365277,0.3187174885367744,0.06677560213930446,0.03322361382132979,0.024381142749928194,0.055266050516136055
194,0.09341679604344974,0.24542906450761248,0.4534570431255075,0.08191802267276009,0.05073507981156775,0.07504399383910242
195,0.024243457256965778,0.03682266924565509,0.06874194106325335,0.11397609962859839,0.6705383174130177,0.08567751539250922
196,0.7306292293395682,0.10760157295895433,0.05196189988849091,0.030520840642297195,0.022904961423744867,0.05638149574694493
197,0.7236354660406927,0.10528548741473605,0.06141910505038734,0.03193311668080185,0.02365996220526434,0.054066862608117924
198,0.06287762056120291,0.13415385479691108,0.5356683675085129,0.11871661484305158,0.06798387517972007,0.0805996671106017
199,0.5864427012856827,0.25047830956163675,0.04848491377422975,0.03026445944616964,0.022838041300101693,0.061491574632179295
200,0.09134141553331517,0.6706920205213476,0.07730164687549843,0.04473099779301844,0.032790248071049764,0.08314367120577049
201,0.6128670240679471,0.22305388244215232,0.05025424275786016,0.030610951784968938,0.0230111325336738,0.06020276641339762
202,0.10156954450298282,0.29129244349229333,0.0852127089047883,0.0707969849333324,0.05179140591572745,0.3993369122508759
203,0.7281788566163186,0.08651393087118835,0.07604285377712568,0.03382211059593189,0.02466359872747772,0.050778649411957706
204,0.7586374099074474,0.07455637474415548,0.05891128861975694,0.0314934932707468,0.023402897131731708,0.05299853632616165
205,0.09848763897038901,0.26742795084303306,0.08839358553295656,0.07423413157154964,0.05382743207790617,0.41762926100416553
206,0.06870652308170716,0.1545741134622849,0.5398278580245871,0.10109006460129973,0.05998750203089852,0.07581393879922237
207,0.09321851821808347,0.23488754264913342,0.0944823977030312,0.08280663289579417,0.059486101254148785,0.4351188072798088
208,0.07155858973459242,0.15975954241629042,0.5144165496693733,0.10858511066019394,0.0625236582224516,0.08315654929709826
209,0.1999079377893838,0.5955884354115792,0.06497948393064212,0.0382928290636411,0.028408797521318467,0.07282251628343524
210,0.08249925272523055,0.2033655272458401,0.5080561047938275,0.08397819610805343,0.051435470672971724,0.07066544845407642
211,0.6548284814481081,0.17706530947106872,0.056768263540004034,0.03179506787889203,0.023601631708660628,0.05594124595326684
212,0.06447246709066437,0.13127570283759082,0.10021354331995332,0.1150752136289632,0.09664258883112821,0.4923204842917004
213,0.618313912133938,0.21278962977932192,0.05843742529492677,0.03164448018092813,0.02346530055461249,0.055349252056271954
214,0.03236773834181439,0.04854095022218301,0.10494444703638153,0.2136313596786763,0.48682510923049926,0.11369039549044598
215,0.13096448174909964,0.6481102232725467,0.07074511963037364,0.04092828390922756,0.03032194517375104,0.07892994626500092
216,0.07256343991033672,0.15970407734513756,0.08690864167473521,0.09307719734260113,0.0730183770087479,0.5147282667184415
217,0.1253734309200799,0.630000916022304,0.0942808821405332,0.045523036607207405,0.03277657895059437,0.07204515535928112
218,0.09161828677865913,0.22928700457524528,0.09041768203873461,0.07945899114342893,0.05887924204872563,0.4503387934152068
219,0.06683677739897251,0.14586475212049468,0.0744628919798281,0.08803524649515768,0.07344494317557256,0.5513553888299743
220,0.7315106127176702,0.0959707209154875,0.06334907123498038,0.03238565129474009,0.023915655203833302,0.05286828863328856
221,0.03727789192736869,0.056917111799923044,0.12029387414192658,0.39503496194704746,0.2502989695581452,0.14017719062558864
222,0.03345217172357807,0.05036289708306135,0.11006741949846363,0.5012141729528188,0.2035349992796318,0.10136833946244624
223,0.07728978911080409,0.18249859681421696,0.4894486518063111,0.10357387629063303,0.06044399332998559,0.08674509264804922
224,0.606680575654155,0.22422056286709943,0.05645174890256187,0.031737988248718804,0.023594907574866528,0.05731421675259796
225,0.03611728863350746,0.05561949837534393,0.10354973730200481,0.24456177285776257,0.415417488640777,0.14473421419060417
226,0.09515142398491692,0.2468375483666749,0.09017969790945449,0.07759877110321675,0.05650340688904434,0.4337291517466927
227,0.027477017788780617,0.04075336987518674,0.0945724154419954,0.30747302430353796,0.4386486039380622,0.09107556865243685
228,0.08648741557722066,0.6759729205692321,0.07984012263043558,0.044669570968011586,0.03265677736546612,0.08037319288963343
229,0.10372362501480771,0.31684516283824193,0.07923589979559627,0.06668095025799267,0.04896888614509377,0.38454547594826727
230,0.06496150987319367,0.1418562577135705,0.5409335165695442,0.1103759397334128,0.06356468006371073,0.07830809604656792
231,0.0782343128300484,0.17891825353630292,0.08692488025060364,0.0868205130909701,0.06614856048514263,0.5029534798069318
232,0.6604062984280393,0.159200339718472,0.07083049296856825,0.033196882634474456,0.024283087879680542,0.052082898370765206
233,0.0414364806326238,0.06440906321863478,0.1456558809799313,0.4684252131780186,0.15582246333737956,0.12425089865341168
234,0.08266678290850735,0.18252062612234338,0.425419317933093,0.12131477690669606,0.06829596631192535,0.11978252981743491
235,0.23182038557864618,0.5629926303809644,0.07296174559914183,0.038352253462642545,0.028137113665379496,0.0657358713132257
236,0.034423518315019795,0.05252966467695523,0.11441732664801255,0.45844660303649876,0.23860304987196798,0.10157983745154574
237,0.7441285443828054,0.083926515163335,0.06324799613779869,0.03216258804877858,0.023777319656680937,0.05275703661060152
238,0.09632009455981018,0.2533327654194761,0.09113313426776626,0.07750898210472246,0.05543373525071538,0.4262712883975102
239,0.09276581214415922,0.23257602686890433,0.0939718019951,0.0824090972169154,0.060449724131348866,0.4378275376435717
240,0.524097762330934,0.3098740360540877,0.04782874881930105,0.03068772889814155,0.023194809340841328,0.06431691455669435
241,0.6280672009196325,0.19780564503201567,0.06232885331789437,0.03246496448798849,0.02396580909084981,0.05536752715161925
242,0.06909034018503767,0.6774349169482861,0.08205002566960495,0.04775176933849734,0.03480458696219217,0.08886836089638168
243,0.08641171023700683,0.21714182858926295,0.45919957061120614,0.09608146151392556,0.05701790751698715,0.08414752153161113
244,0.032386821908038904,0.04954051257856112,0.10587577957601971,0.3233632174368316,0.383484020678707,0.10534964782184146
245,0.038200399680407573,0.058902886329160235,0.12871023641092222,0.3530545566958257,0.2929108664518151,0.12822105443186893
246,0.027436188773669757,0.040648622412407034,0.0827772814048554,0.4710315073710452,0.28305651195522014,0.0950498880828023
247,0.7468664729580682,0.0801943391265278,0.06509297562062714,0.03221960010425034,0.023782703642414853,0.05184390854811142
248,0.30876540335680064,0.4976807902170805,0.06816443881228479,0.03646791985503311,0.02677799983100443,0.0621434479277967
249,0.045302129820904195,0.07143769416135184,0.18279683425724658,0.39540573266823925,0.17772277120525343,0.12733483788700453
250,0.03226890124212227,0.04925862342743725,0.11024030069159016,0.3047465565644583,0.40832501519769504,0.09516060287669659
251,0.07357912133310046,0.17053322437673155,0.5199631726506455,0.09905913680831052,0.05842281654824587,0.0784425282829659
252,0.049672941952290946,0.08011216160718318,0.17925374651090722,0.4040889676299209,0.1406938837749998,0.14617829852469807
253,0.033017083676469446,0.05023627101316392,0.12219825508833232,0.38439325364517907,0.31441126916099854,0.09574386741585664
254,0.03336517236420772,0.05012052372992009,0.10360599193005654,0.16533130571501264,0.5207970363259362,0.12677996993486682
255,0.08574006839024424,0.20572789035388625,0.4374666009876087,0.10516831196266105,0.061838132385938126,0.1040589959196615
256,0.06828933222884472,0.14832934467488432,0.5185862182633107,0.11614909900445519,0.06558767119472925,0.08305833463377567
257,0.7568570990225845,0.06346278463175767,0.0725038784547947,0.03312239306254373,0.024247479624168712,0.04980636520415026
258,0.09408383084086723,0.6757145291685542,0.06930641831560044,0.04270568776579134,0.03167383006911666,0.08651570384006999
259,0.5317784163013318,0.3025576980424433,0.04899495355265006,0.030729776492590614,0.02317409291877143,0.06276506269221299
260,0.031022785756920714,0.04635547871180495,0.09596046631114857,0.4919606967709767,0.22973383784364634,0.10496673460550258
261,0.0615144540835835,0.6558865821696125,0.09554157271500986,0.0535218817831432,0.03822800798750653,0.09530750126114432
262,0.0781166652508583,0.17719808444786644,0.09109880775985417,0.09038866634333587,0.06737757695789427,0.4958201992401907
263,0.5984373059344938,0.23852868230454538,0.049697693332121706,0.030387056750143172,0.02287125496133702,0.060078006717358884
264,0.09068426810228941,0.22554080293502665,0.08993329994081646,0.07944881693518413,0.05855110974159547,0.4558417023450878
265,0.03470703830313956,0.05285846575409462,0.10575518673973894,0.4055193204914334,0.28085092674879514,0.1203090619627978
266,0.07206761530061385,0.1655960277750354,0.5084274454959319,0.10810131200135895,0.0624834513379955,0.0833241480890647
267,0.071008309486323,0.14694424467818315,0.11413350882675538,0.116729018295582,0.08840802825305862,0.46277689046009785
268,0.0705938231836275,0.6824003697998042,0.07258118607562844,0.04563295692895891,0.03379162997309513,0.09500003403888556
269,0.0339884568047044,0.05162564166419179,0.11221506762185524,0.309281864155473,0.3785236704723123,0.1143652992814629
270,0.10189428638586231,0.2954913076600145,0.08495193641474522,0.07065629185106936,0.050986538486195686,0.3960196392021128
271,0.04362924768176805,0.06836041657459509,0.1614268696699562,0.4377184110857479,0.1639942745018419,0.1248707804860912
272,0.0737905950725681,0.17172038199383277,0.5248445432994411,0.09633931572557132,0.05711494453954334,0.07619021936904334
273,0.034452673544930354,0.052373669337668835,0.11989063197229467,0.3118355778066908,0.37719815021651454,0.10424929712190056
274,0.030080930406591586,0.045633782345136424,0.09751521434251505,0.33844803217102587,0.3914008252432354,0.0969212154914953
275,0.03008186063667794,0.04569605182315334,0.09867610303701699,0.3002364234428991,0.4322781061769657,0.09303145488328711
276,0.06299276771454433,0.10971108844765028,0.16801442462152308,0.24899706159925358,0.15262551799073906,0.25765913962628934
277,0.48254589677512855,0.3442071404187176,0.05699708717868997,0.032208060134894995,0.023985865619881676,0.06005594987268715
278,0.02655573393077899,0.04037861558739232,0.0822931924371148,0.13599485703275221,0.631372204809932,0.0834053962020296
279,0.037750413221030656,0.05767339693782742,0.12676837277010977,0.4227335953759609,0.2226277048737261,0.1324465168213452
280,0.033683512565793966,0.05123244518466207,0.10840197048069419,0.34136741778957463,0.34702435748206184,0.11829029649721325
281,0.025112309966574903,0.036977643432235176,0.07519577481738174,0.4348988955865456,0.33444537346374836,0.09337000273351441
282,0.032409595754687964,0.049014769683175696,0.10487731718693728,0.45969354985119243,0.2536389346070418,0.10036583291696484
283,0.08861776567127509,0.2143303066115355,0.4403278673906962,0.10262761857442067,0.06053581961791892,0.09356062213415384
284,0.13293243861796747,0.6474287058672695,0.06358626722032464,0.0405077224041134,0.0302093016064978,0.08533556428382716
285,0.23792834068634805,0.547769377007197,0.08133429516571598,0.0398361627527367,0.02885931306196547,0.06427251132603652
286,0.037826177690079024,0.057393592952394525,0.12483147801270578,0.48871717396012737,0.1662638728425715,0.12496770454212189
287,0.0786380793515113,0.18686053340534875,0.5033658116444465,0.09527023559904992,0.05678663915621242,0.07907870084343081
288,0.04906677312769115,0.07839976234289749,0.18472771333077453,0.41755360100304206,0.13110462304488094,0.13914752715071393
289,0.4284133667774577,0.39352677687462345,0.059156080562705916,0.03319348342178581,0.024623942834299,0.0610863495291281
290,0.07677361582916348,0.1805507587255405,0.5014487882050799,0.10170176473415853,0.0595075177835609,0.08001755472249657
291,0.21765738480744715,0.5736312913197357,0.0711394601559729,0.03897908027396171,0.02863499331271207,0.0699577901301705
292,0.20314029176637793,0.5846872187354548,0.07372978148067258,0.0396943042451023,0.02910202715962497,0.06964637661276768
293,0.08865324090008535,0.22439521342810292,0.45922787224857137,0.08945531662697247,0.05437493888366463,0.08389341791260338
294,0.031336450710375066,0.04766356183255071,0.09493085021111915,0.18742589625275383,0.5324372903893434,0.10620595060385803
295,0.7247205233614218,0.10635386218523969,0.059401764529589125,0.031645172502525756,0.023495473775664195,0.05438320364555952
296,0.10102272957631386,0.2785487522015972,0.3443906507852054,0.0957669931877209,0.05854974762318541,0.12172112662597662
297,0.08892328231311043,0.2213426967410779,0.4259459050049377,0.10053791948184554,0.05961522808155219,0.1036349683774764
298,0.03923731071862387,0.0603058846033616,0.1343858192936016,0.49157009450430766,0.16191629113062847,0.11258459974947664
299,0.03098764643009776,0.04700552575499398,0.09851290290534291,0.3330129441892244,0.3872575978728213,0.10322338284751965
300,0.06333220883829574,0.6764120844299825,0.08978795763777347,0.048425322449596415,0.035118957035859044,0.0869234696084931
301,0.1727238521299958,0.6101239533311548,0.07707097315211853,0.04066736661269091,0.029752622665387966,0.06966123210865177
302,0.10400323844938476,0.3172057952725896,0.08875495766787767,0.06977779077756806,0.050298467581952805,0.3699597502506274
303,0.10543107637380904,0.3670662082023745,0.08890538557640325,0.06672964686859038,0.04827165554070416,0.32359602743811844
304,0.3948477232184203,0.4177601601868491,0.0681429942014464,0.03532969606946485,0.025890573559118144,0.05802885276470109
305,0.07811454990068686,0.1769925856055719,0.09150922381448048,0.09059028240215534,0.06886762470243908,0.493925733574666
306,0.40669073115278176,0.4158218977334015,0.05603302566821615,0.032872954567004266,0.024560653588377307,0.06402073729021902
307,0.4383383818377692,0.37918586680173644,0.0646370243496411,0.03400144860847277,0.025015125276467973,0.05882215312591293
308,0.10127428749730837,0.6647888809352545,0.07269300675885333,0.043065597059520073,0.03188126730754871,0.08629696044151476
309,0.4922032076938055,0.32002713715343517,0.07455304901121593,0.034710541275929596,0.025217141359335473,0.0532889235062785
310,0.2338135736921932,0.5635084475741474,0.07065916641612287,0.03784236197786824,0.027859206582445332,0.06631724375722282
311,0.036916246386074665,0.05495084614534527,0.1261565089022487,0.4889867832022942,0.1696473957490817,0.12334221961495478
312,0.6619435433733559,0.17720587451309244,0.047674008744286955,0.03014527844616294,0.02275894783907653,0.06027234708402536
313,0.08368174161385165,0.5478155566448525,0.1516386582193258,0.06707481096770478,0.045693913249231354,0.10409531930503399
314,0.07369961432544454,0.16489044424218935,0.5003604093586406,0.11233442168135488,0.06438881160708629,0.08432629878528451
315,0.0335333432956568,0.051302337238515544,0.10885424072510744,0.26373881362649226,0.43761249042620975,0.10495877468801812
316,0.09686637697097264,0.2571903022885798,0.08930897399491602,0.07582133198213276,0.05475173522540568,0.4260612795379929
317,0.7051019150899763,0.12458385623358643,0.059364968178787746,0.03197041725698858,0.02372207084711692,0.05525677239354384
318,0.0826253351890294,0.19462609695104272,0.08768559831405297,0.08387328874295395,0.06190504853731535,0.48928463226560526
319,0.09755583531826335,0.2617006777526187,0.08638632027352941,0.07477917774962116,0.05397679897547579,0.42560118993049184
320,0.06606165260015257,0.13539965666207546,0.1031344616397859,0.1138462384308381,0.09258778695922956,0.48897020370791816
321,0.5487789310287338,0.2847123457119671,0.05191370645077653,0.030939238909440153,0.023222287857790798,0.060433490041291775
322,0.5509130395880083,0.27459017609941205,0.06127041060718346,0.032529262005742667,0.02404088678474557,0.05665622491490802
323,0.10424660780803967,0.6622363402683914,0.08019210203147316,0.043567461389429435,0.03188782607528909,0.07786966242737742
324,0.06292760368164547,0.12851029327336663,0.08887562244763668,0.10858716722106447,0.09895248308531153,0.5121468302909755
