,proba_0,proba_1,proba_2,proba_3,proba_4,proba_5
0,0.9616272803752518,0.007755146612799636,0.004400840903940154,0.011055683809905207,0.003936243023756715,0.01122480527434661
1,0.8957412410823167,0.014663150984048471,0.04014873397541646,0.012315068593174341,0.027474088957511307,0.009657716407532817
2,0.9271895908164041,0.031898001020186584,0.00929626640762042,0.01339654659238052,0.007591140252011336,0.010628454911397151
3,0.72535224675309,0.11924131556173836,0.019912317875131987,0.05714697123417142,0.028676982945192976,0.04967016563067473
4,0.8059500821879338,0.03449656647482592,0.02894984150482209,0.02653685702933986,0.06044900537976916,0.04361764742330885
5,0.9648089982285485,0.004952827415273328,0.011126555024857748,0.005051465664893722,0.009548517270567792,0.00451163639585906
6,0.7875932480017916,0.13446004921060017,0.014913955405959035,0.022737271019712273,0.019953100627535594,0.02034237573440163
7,0.8656585311391308,0.1030923408271031,0.007861406214255962,0.008218119674029153,0.008030678598876394,0.007138923546604806
8,0.9532565344843391,0.023691484493736602,0.008485092690345824,0.0037178149966117014,0.008043049839059057,0.0028060234959079093
9,0.94600046741221,0.02885202120740095,0.009477601845281548,0.004263164085821333,0.007882277071001836,0.0035244683782844977
10,0.9699450440949663,0.006165859306309322,0.003953967496281664,0.00868323346257585,0.0035711479374241945,0.007680747702442925
11,0.8616567244483597,0.017088317998177574,0.029512331230959973,0.037768959112641866,0.02347956447891304,0.030494102730948103
12,0.9709378076361256,0.013336324798034939,0.0037575409774620945,0.004732248183027282,0.0027655677494355596,0.00447051065591425
13,0.9709720912923251,0.010497870257939468,0.006616559897121133,0.0035513053701377874,0.005837740549108536,0.0025244326333680876
14,0.9196050611500725,0.012589274075975484,0.02616459774517823,0.011816455145234593,0.0200886803148378,0.009735931568701403
15,0.7520559055242597,0.044226156770296496,0.03970554680314979,0.03918495991680537,0.07851576830713697,0.04631166267835187
16,0.9105612988653964,0.04806834373437459,0.011542221555017855,0.012291801994447217,0.008814666852358448,0.008721666998405557
17,0.9667972656487311,0.006069142579347497,0.012712157381784868,0.0023817105123119186,0.009962202457676142,0.00207752142014858
18,0.9713768832708559,0.006350406050265714,0.006525569532016996,0.004324923419490376,0.00729332024171015,0.004128897485660818
19,0.9248620822576871,0.01206674219729009,0.010767137619987318,0.01704863333246959,0.013274153841567295,0.021981250750998695
20,0.8282289810963115,0.05129023670134128,0.014822579365343345,0.05061191828231879,0.013474359459131844,0.04157192509555331
21,0.8037120846541608,0.030710541553771786,0.017860769912584826,0.061888832852617565,0.019908646464349006,0.06591912456251585
22,0.9040872569230499,0.024421478025955574,0.0246280024159647,0.009186994019230142,0.028114673249080593,0.009561595366718566
23,0.8674562272967682,0.08533086286386803,0.009808257346121526,0.01620624813080883,0.007994022110025851,0.01320438225240767
24,0.8744330681516611,0.03498129449008901,0.03390903492213915,0.012259134650905858,0.03434767515576941,0.010069792629435428
25,0.8600633088152754,0.017217753955676,0.05243953821681796,0.019139711570177367,0.03665403469862855,0.014485652743424374
26,0.9678574268215956,0.015114391737526288,0.004686703964639952,0.004490461180424293,0.0037936471987084627,0.004057369097105544
27,0.956430088479898,0.008114454450413686,0.00569448557252813,0.014541849280100544,0.005250703691399463,0.009968418525660322
28,0.9686665863199342,0.008907773455480203,0.00609184552128996,0.00584240588690178,0.00541332968271282,0.005078059133681092
29,0.9663574646073847,0.010043479925060125,0.008906184418232186,0.0029422957063160457,0.009087883094219781,0.002662692248787182
30,0.9872663140199276,0.003781010744423707,0.0027775812675264354,0.0020898605783011307,0.0023129492164725776,0.0017722841733487044
31,0.9742802316527849,0.01283064309055808,0.004576916457295341,0.00271100689209211,0.0032933223745364574,0.002307879532733359
32,0.8941766995631728,0.022145721061244177,0.010530852827901447,0.027679508742466538,0.012234294327988554,0.0332329234772264
33,0.8975771222998788,0.02397095590074659,0.015277799613602424,0.016677773327927053,0.02405004746714059,0.022446301390704675
34,0.9285045039324178,0.011187324540732254,0.027711730847976554,0.008161529854263496,0.01831669775913706,0.006118213065473326
35,0.9719950193203153,0.004228808013102958,0.008147438271227566,0.005625079926199732,0.005362687569360493,0.0046409668997944905
36,0.5102382880435306,0.13106147368136714,0.13824640875313823,0.021428110450350767,0.1791586800488115,0.01986703902280216
37,0.926988569643314,0.014351607194317582,0.008774545437742188,0.016329924717532567,0.013359122725390374,0.020196230281703326
38,0.9299667378524116,0.01642582233605385,0.02277459170790517,0.005718459780981833,0.020180534781839714,0.004933853540808033
39,0.886124315338169,0.023375153690245797,0.029011869931299266,0.010385122527406983,0.03851719706258738,0.01258634145029128
40,0.9157239558886514,0.024614270622404635,0.013483319589785048,0.013894813780314276,0.018103900120743897,0.014179739998100587
41,0.7523650738538188,0.05966051145728244,0.030639068457779726,0.04109173263417822,0.06260283137443659,0.05364078222250411
42,0.7618641879340091,0.14384343413456308,0.03629536902663878,0.012363877890427121,0.035896735744654025,0.009736395269707447
43,0.6987108182764311,0.03844260381938702,0.03216649817297159,0.09328169866126043,0.034834711036617325,0.10256367003333243
44,0.897843133775547,0.020984563418190105,0.029952539831902894,0.011594503459523417,0.030160120407660654,0.0094651391071757
45,0.8822173190505023,0.028609978520164205,0.02877635571663278,0.01103899413019817,0.037163289089059054,0.012194063493443376
46,0.9384139944370284,0.0127500877229031,0.009724011860123767,0.01284136547877833,0.014390956600126608,0.011879583901039867
47,0.8175729740182348,0.0393457353627802,0.06849004547668708,0.01155817333580932,0.053659970689531336,0.009373101116956892
48,0.9652397405375608,0.02158846110988829,0.003562987040572713,0.0030218150264876777,0.0033224966953098317,0.0032644995901811706
49,0.9884143298574718,0.002002474681207682,0.002062526023814384,0.0029498480561078195,0.0018321934033168638,0.0027386279780812206
50,0.01765368764929724,0.9463684364070266,0.007071449616361921,0.009221901149260617,0.009844106635505846,0.009840418542547682
51,0.002869653498101776,0.9779748617935642,0.003920275348856128,0.004832020796835857,0.005070098725700647,0.005333089836941609
52,0.05626170426211655,0.8691734253879859,0.010741154763948586,0.024454797757595657,0.014401936602919921,0.02496698122543322
53,0.039918142291989,0.8878277067786047,0.023663243205162394,0.011343258014299955,0.028601088148501798,0.008646561561442528
54,0.015043910268273186,0.9470247694611668,0.008483039830639815,0.01148913884344971,0.00782761771417704,0.010131523882293601
55,0.003170097058702994,0.9751326108939514,0.004474939609726808,0.005161798426251939,0.006499392187819434,0.005561161823547632
56,0.011095301712830918,0.9259967147898315,0.02143883368199243,0.00794402424936721,0.026823984021157547,0.006701141544820297
57,0.11961503506800923,0.8130349919936504,0.015050104517831928,0.022985222477221606,0.012876313778749301,0.01643833216453766
58,0.005599649693605393,0.9682201057715817,0.006219224841891548,0.005241905739743341,0.008816765973796365,0.005902347979381508
59,0.04567243332607359,0.9005118340000439,0.011974455326786664,0.015411702320206357,0.012305391610765614,0.014124183416124115
60,0.053190450629117265,0.8528979063438649,0.016884914529925615,0.0307790598972359,0.016306191107553714,0.029941477492302505
61,0.007013378408539539,0.9678943024672417,0.004970783120690685,0.0062468233852267,0.006871256382569873,0.007003456235731419
62,0.00647598621541513,0.9644668035338192,0.0056738008187093,0.007128837019625413,0.008213264576330278,0.00804130783610069
63,0.012337303565816762,0.9502990582917876,0.008795799058071634,0.009824922198927062,0.010658349278410544,0.008084567606986249
64,0.02031183571972771,0.9386816675058048,0.007485295831078278,0.01244661611844787,0.009008881229724604,0.012065703595216956
65,0.015811731858699662,0.924299431511728,0.012384623124652367,0.015630494198735335,0.016634213693482006,0.015239505612702637
66,0.004671168144288215,0.9699243721849371,0.007668747453642027,0.004360953731737626,0.009596146422460941,0.003778612062934027
67,0.014140431287782015,0.9595179335133556,0.004971261855585547,0.00701757436891012,0.006677687712502653,0.007675111261864313
68,0.008595771816878308,0.9658140758553228,0.006892551537928267,0.00591621064937582,0.0075328442955627465,0.005248545844931929
69,0.005679138196275119,0.9705180098674797,0.005722683639173116,0.005395008704265694,0.007400195092043424,0.0052849645007628865
70,0.025327209954673184,0.9032014416486365,0.021951018896141247,0.016749847145620014,0.01949553247828727,0.013274949876641998
71,0.06630601839613812,0.8459022237609376,0.030639621663464275,0.01494869815810758,0.030205538202121844,0.011997899819230438
72,0.02083116304494076,0.9460880664772809,0.007144557754290481,0.008577762528492138,0.008542896998468557,0.00881555319652611
73,0.00614575406237737,0.9697862234368136,0.004814462412720229,0.005881119331048552,0.0067609457312720065,0.0066114950257683035
74,0.0066490146767600585,0.9731770292180405,0.004528198230858735,0.004997887390135889,0.005608405049244694,0.005039465434960402
75,0.004174855637344228,0.9724777827462691,0.004006134274808877,0.006475620414092795,0.0055013273898062535,0.0073642795376786824
76,0.006750164510750823,0.9693313945546413,0.005622518192102534,0.004797927627898684,0.00799694390046799,0.005501051214137964
77,0.009907871597319557,0.9560895522809736,0.007484854410357336,0.008288482880942425,0.00998988555828599,0.008239353272121176
78,0.013527399432771528,0.9577221571526853,0.007642232659556076,0.005306933317863438,0.010651300578403845,0.005149976858719547
79,0.013732535120134146,0.9485575865857611,0.006497260128830591,0.01127456011267206,0.008415609351110367,0.01152244870149168
80,0.021651576528301165,0.9429669129521663,0.00896609345444358,0.009356781559758017,0.009438443886883884,0.007620191618447409
81,0.007413228191317766,0.960747956010721,0.00784959522185392,0.007229229810252829,0.010100095627435237,0.006659895138419336
82,0.008882117147755702,0.964519458447661,0.005810391831972647,0.006378136557003551,0.0077019905285778505,0.006707905487029
83,0.0651776338337424,0.8433320575931177,0.023357663713160698,0.02642892786618674,0.020869548180706087,0.02083416881308648
84,0.03021976273902749,0.9293125760878893,0.010087193730810231,0.010076725942557445,0.011257956220967721,0.009045785278747899
85,0.01115268949354632,0.9647107744517375,0.005210850832339503,0.0059940656151366905,0.006927639299329786,0.00600398030791005
86,0.01059485322177939,0.9667808029323705,0.0041475798793441316,0.005960887277318247,0.005630781900725791,0.006885094788462052
87,0.005935671378702044,0.9747953918359199,0.00488560504858283,0.004302558959889625,0.005989074634010981,0.004091698142894671
88,0.018227410557675267,0.9117035369212446,0.014945003588691278,0.02339790396405275,0.015057970765625558,0.016668174202710506
89,0.02098150756172554,0.9163141006770004,0.01037709291853581,0.024251800858907314,0.009767842484593562,0.01830765549923767
90,0.023817184377319348,0.9317338337121882,0.011979356470336563,0.012093004727665476,0.010884156205815357,0.009492464506674939
91,0.004476804009430869,0.9667112593588993,0.005115902796665182,0.007225565632402774,0.007959766299963502,0.008510701902638255
92,0.045155543006763846,0.9133766872456117,0.010404091085303277,0.00951496294038478,0.012388063995749,0.009160651726187477
93,0.00842239522964362,0.9581727924679359,0.008111925929885298,0.006831892029552597,0.011662865067496916,0.0067981292754861955
94,0.022260673323645567,0.9160696834348925,0.013542265876748076,0.01925006857720216,0.013939396460920447,0.014937912326591255
95,0.0076366461750444785,0.9486221493970909,0.006562104986469153,0.015825136283732496,0.0073907062527266264,0.013963256904936302
96,0.0332005394218788,0.908261119272771,0.014569718699500467,0.012782024617789647,0.019012243917837346,0.012174354070223286
97,0.02239553875262814,0.9090730275543935,0.01713268361484167,0.019091386217202477,0.01674104415336023,0.015566319707573842
98,0.01436781143062836,0.9252186736358274,0.010741631943257062,0.018011015486932295,0.013495213270132929,0.018165654233221723
99,0.014726823280899661,0.931589933350172,0.006919437146514853,0.016827946545448936,0.010527737485194288,0.019408122191770367
100,0.009694340338214816,0.005072993404363395,0.5386864807577072,0.007864514750012364,0.43267677557663603,0.006004895173066076
101,0.006355570669956449,0.0035351092917901635,0.5842692016398632,0.008183862191573845,0.3918979264273471,0.005758329779469689
102,0.005839190071306488,0.0039046489279474274,0.5862576440420786,0.007565476880775266,0.39177976804005604,0.004653272037835976
103,0.008678486666817743,0.005119594677430653,0.5786097566363166,0.008476296124458663,0.39331616769046734,0.005799698204508792
104,0.004753164951870121,0.0034901668231706547,0.5662053439862453,0.008197377616188387,0.4109361768583779,0.00641776976414767
105,0.010471225565658758,0.005933263011360563,0.5666356301026262,0.008361783175982962,0.40275528450577375,0.00584281363859774
106,0.05058871476582528,0.0180912126840055,0.5414281061028738,0.00877274898791617,0.3746202166965098,0.006499000762869232
107,0.00492180181379441,0.004252659498635756,0.5863944211267429,0.007847492423658441,0.39095742670773403,0.005626198429434418
108,0.007828854722324592,0.0041955269478344635,0.5783630857429264,0.006237605714506512,0.39845967630049745,0.004915250571910616
109,0.005149395936387337,0.004030914781457043,0.5539692824448549,0.005768684499553997,0.42687361145573066,0.004208110882016254
110,0.12231216616301016,0.027411083954471123,0.4265514410453561,0.013612815563506298,0.399553599573348,0.010558893700308205
111,0.026408027654805027,0.006570434640006133,0.565470711314043,0.012419765664432496,0.38035647432146286,0.00877458640525071
112,0.004814584154134215,0.003876855890992633,0.5958099106742052,0.005171862813732141,0.3869993863837624,0.003327400083173274
113,0.0050650844014327075,0.004656810763248324,0.5881486127723117,0.006095458088886335,0.39201735086868883,0.00401668310543206
114,0.004059337067776532,0.002720911480417843,0.5699061912516523,0.007372602014799243,0.4108275973673363,0.005113360818017632
115,0.01204520861872749,0.006340903410192087,0.5735002444731745,0.009832972347912942,0.39205275603936907,0.00622791511062385
116,0.005631910996505693,0.0036957320086994107,0.5921185337343872,0.008527627653330448,0.3847393373807614,0.005286858226315966
117,0.05361664583804802,0.01764264629295063,0.5306148987431256,0.015291818466448892,0.3713776796830677,0.01145631097635943
118,0.005937655432960194,0.0032741643008933883,0.5945167588791606,0.008755989872253627,0.38247434090438026,0.0050410906103520794
119,0.010462830219128597,0.0063284066184981,0.5476665719307442,0.010220357725150914,0.41764121020768624,0.007680623298792012
120,0.01725851750064513,0.007067861502937549,0.5709927898149719,0.011119750609130558,0.38553093367289,0.008030146899424741
121,0.004809395851717227,0.003250849429529795,0.5754113689175254,0.003254717414949998,0.41117724725341315,0.0020964211328641964
122,0.006166721549187312,0.0042070238628316116,0.6040658127673388,0.008271624093008287,0.3716708604419275,0.005617957285706583
123,0.013520880202360468,0.010007232870028769,0.5235359319006813,0.009491765495702971,0.4349849496604332,0.00845923987079322
124,0.17340370027439914,0.03147177588227011,0.4411288849365721,0.014039342803240847,0.33035675267078163,0.009599543432736042
125,0.024722743210519177,0.011046989069991357,0.561667374243182,0.014272294053543584,0.3789012082824483,0.00938939114031543
126,0.005033056912806991,0.0035260490670028276,0.589689088658888,0.00472275606539069,0.3940778356185926,0.0029512136773188853
127,0.05304594798034006,0.011452501512259862,0.5012898436728889,0.031342853792130476,0.3833522077298318,0.019516645312549177
128,0.027539079628991332,0.010359429190564205,0.5472337099712575,0.017393728704509122,0.3832661032506898,0.014207949253987868
129,0.0126900762782063,0.006043030922929447,0.5277389757904383,0.016693253825126913,0.4246648656389402,0.012169797544359021
130,0.004877863603280217,0.003277863455436893,0.5880631826997735,0.007778052500664349,0.3912628969756201,0.004740140765224773
131,0.005089219168785816,0.004098746602674777,0.5952087924168634,0.008824491601082231,0.38098948107975944,0.005789269130834461
132,0.010812674340918406,0.005977967489520169,0.5567151472087598,0.006436986273476381,0.41514672435636096,0.004910500330964498
133,0.014610714190346106,0.005820009925098447,0.570332044320151,0.01584575538867313,0.382863521690187,0.010527954485544538
134,0.010796886568947811,0.005681542253720924,0.5692247599183748,0.005050764141497934,0.40546476053971536,0.00378128657774308
135,0.014685298202019983,0.008090123070115904,0.5425587429473947,0.007294361469938367,0.4217396511836518,0.005631823126879269
136,0.04711981087568088,0.016010117793386198,0.49210802043111396,0.02828035874148267,0.39992929871393157,0.016552393444404477
137,0.03418827086064072,0.009097573381084542,0.5175290952477622,0.031632956933942746,0.3886423677090815,0.018909735867488304
138,0.0056035697203099056,0.0046189096218840694,0.5570129520427873,0.007028195686027419,0.42016472814993633,0.005571644779054658
139,0.010847002272102977,0.00849677520270151,0.5543003378013422,0.006631061228002474,0.4152598290450582,0.00446499445079204
140,0.01300849816119829,0.0057823015123027,0.5911210338121795,0.006168445330687193,0.3797660324349482,0.004153688748683987
141,0.010927133452229251,0.006169389698019003,0.5801244074185693,0.009875283927309363,0.38549423222000123,0.007409553283871912
142,0.04618381954494095,0.016703247948846728,0.4861405576113172,0.03244388132170882,0.3969589801867669,0.021569513386419496
143,0.006226850620338767,0.004180439399134363,0.58305144143769,0.009034925708941198,0.39185648794772665,0.0056498548861687115
144,0.011994625046638301,0.007949272174311841,0.5381956530417618,0.007001105048709509,0.4294002150652324,0.005459129623346049
145,0.013546903296797691,0.006932860724681619,0.5538473671861893,0.013404512829918525,0.4026004352991786,0.00966792066323384
146,0.01816167658752263,0.006927291772198894,0.5773978781308522,0.010852533476042503,0.37960068378564593,0.007059936247738252
147,0.02041038712165382,0.008751957665857943,0.5485259961144229,0.011821587138362582,0.40331737337759277,0.007172698582110101
148,0.03192145667954483,0.007541016295426128,0.5413993212425753,0.016971656748734975,0.3893537139282035,0.012812835105515077
149,0.006229556747338148,0.004607228072483213,0.5515307086711925,0.0073227806323278655,0.42458348327739454,0.0057262425992639435
150,0.028417453805450178,0.012035736669145721,0.011181317236541916,0.521220800957534,0.00761147880588029,0.41953321252544773
151,0.005594741386887851,0.00514436342052404,0.007129829430860042,0.5372769367477533,0.006463997785323687,0.4383901312286514
152,0.011227092788085865,0.007835249432718103,0.008516094246776278,0.5329140736838156,0.007374690658245821,0.4321327991903582
153,0.007812077282541252,0.008399950108852661,0.008867313223344593,0.5227055448846668,0.007902309927061748,0.4443128045735332
154,0.006473466227470505,0.0054445587654105565,0.006206345793551503,0.5559095138849469,0.004175000740964739,0.4217911145876555
155,0.004799353106593635,0.003698116034244682,0.007603276676370471,0.5569903558900653,0.004446354363806112,0.42246254392891996
156,0.005764493207543449,0.005136426416069977,0.007702603726530507,0.5435554398631449,0.0047149877928099465,0.4331260489939011
157,0.005286368647564153,0.004956444547380617,0.010035398559851349,0.5484745470909963,0.00617951081574713,0.4250677303384603
158,0.015537663239281215,0.018149169649729065,0.009934036274893447,0.516316327348528,0.009975483276550281,0.43008732021101787
159,0.009576722643395121,0.007312086882511941,0.012248509779505482,0.5722154081937608,0.008359423506312804,0.3902878489945138
160,0.00859397269203668,0.006929119046289633,0.009724749698346925,0.5613838986002412,0.006606592154512081,0.40676166780857365
161,0.04357719024791877,0.02098871849133135,0.013722106653365183,0.5227936329102605,0.00976789261085698,0.3891504590862675
162,0.0071363854702729,0.007449321476077016,0.011024968779454192,0.5597121594475843,0.007677502632207936,0.4069996621944033
163,0.006996752538294552,0.005824205390867176,0.015099639348547175,0.5373622533930028,0.011480685712051016,0.42323646361723694
164,0.07142601224254815,0.04148357160350426,0.015991069876466986,0.5157427383017947,0.012484195935366694,0.34287241204031943
165,0.02515469317663739,0.015379296268234945,0.011803921413494272,0.557875409244682,0.009453126465600164,0.3803335534313514
166,0.03606170863508483,0.014399614365762384,0.008174084332121169,0.5231425757801691,0.006872147246759244,0.41134986964010345
167,0.0076340661589876365,0.0053664839851263095,0.009671617687909587,0.5394360136769103,0.006900749722725368,0.43099106876834054
168,0.0064579049713920115,0.00812873907023607,0.0050809808489982325,0.520641588978868,0.004924498161302158,0.4547662879692044
169,0.006881322522223069,0.00793932589365861,0.006578148405104936,0.5390153314729406,0.005444068245318162,0.43414180346075476
170,0.005464165590198522,0.004506810772299181,0.009883817301403905,0.5586559630300743,0.006174029879136546,0.4153152134268879
171,0.010830307325478614,0.009215932416233613,0.007717401155829907,0.5646137965241663,0.0051856544105902645,0.4024369081677015
172,0.006539483134929945,0.005868614965022979,0.004706187131272592,0.500403604047207,0.004200536247625474,0.47828157447394215
173,0.008329595119379378,0.005571546679968702,0.006218156415687905,0.5259254506637275,0.004906211055256859,0.4490490400659799
174,0.007215259222219695,0.006535112491197895,0.004397930054404241,0.5298054175589306,0.0033157268504296115,0.4487305538228176
175,0.014100270041318011,0.011788359046215339,0.010313097906367424,0.5709060016371897,0.008183720511012292,0.3847085508578973
176,0.013608653217597699,0.007122375907141746,0.01059871024704224,0.5254239980730349,0.008333342967895742,0.43491291958728756
177,0.005670565544853945,0.007488823796931861,0.00980846319700447,0.5639242975257373,0.00674096156458949,0.4063668883708829
178,0.005829443528082487,0.005006574101759341,0.007601878532703095,0.5669679685971313,0.004879058124933662,0.4097150771153899
179,0.005989955529111434,0.0066543701558024505,0.011472581143219134,0.5702954787431976,0.007943839067372198,0.3976437753612973
180,0.0709131082383523,0.018307997039651,0.01385635156969356,0.48098981393801343,0.011136047911683516,0.4047966813026062
181,0.009247327256050137,0.006257572428995171,0.010481498620779182,0.5393825845467921,0.007211588527074383,0.4274194286203094
182,0.042122183901969666,0.019738303983021153,0.01717577087099485,0.5334901693757007,0.013747980714980424,0.3737255911533334
183,0.003643182774470673,0.004198836366450041,0.006573710169329763,0.5518837703056807,0.004271538363995534,0.4294289620200732
184,0.00800048763000132,0.007244994384428598,0.008821963580684291,0.5556004742496657,0.005972569825767814,0.4143595103294518
185,0.004940434546907427,0.0038670869080572674,0.005951522438478746,0.550029227819676,0.004317168609851499,0.4308945596770292
186,0.005802686476258697,0.006065704862176275,0.007282220131750445,0.5600660120871102,0.005880669649012125,0.4149027067936918
187,0.11286528122090297,0.05758221013395124,0.017072746081964754,0.46585533637866855,0.016719608847530733,0.3299048173369817
188,0.022363510714979405,0.01208594861681904,0.014478171980331649,0.5339952169378118,0.013288406542734261,0.40378874520732405
189,0.005737704779523735,0.0035190457115442165,0.007877935255511219,0.5523340420725231,0.005409980435141151,0.4251212917457559
190,0.013518690853607313,0.013784443301935482,0.012374533634745936,0.5799144643037967,0.009846907651202802,0.3705609602547115
191,0.016905029218679816,0.009781860782152868,0.02098767326994394,0.5590674320873171,0.014725864179396307,0.37853214046250977
192,0.00548063653664704,0.0064716385109742525,0.006337273905752747,0.5450633529926286,0.0045661334417559365,0.432080964612241
193,0.004324299817077432,0.003920056949721518,0.005840126852858954,0.5465110405779599,0.003670013100271611,0.43573446270211014
194,0.0562664894489659,0.017460769399094432,0.00929645690293603,0.5149464987635246,0.0070306321744489815,0.3949991533110299
195,0.017942952605525402,0.008908956120574185,0.007913427164190516,0.5505015195712688,0.005681925651808429,0.40905121888663243
196,0.01414660925859488,0.007237399597727241,0.01252187896178287,0.5411685538108295,0.008584441746519532,0.416341116624546
197,0.01740072265984956,0.015090116895128592,0.008686952715372129,0.5224367476812124,0.007461697616348804,0.42892376243208846
198,0.005037798570472247,0.004026470132799273,0.007900436926246574,0.5623335083028175,0.005674458693395015,0.4150273273742692
199,0.006640282399930233,0.007453034964094983,0.009997740884106068,0.5673916505665287,0.007800568743873729,0.4007167224414661
200,0.04889969340349122,0.029935818884941224,0.3379475562774052,0.012310040262592147,0.5542482154550142,0.016658675716555927
201,0.007233228386860228,0.004985233981816679,0.435248368296649,0.011392339226652068,0.5256327938478574,0.015508036260164894
202,0.010544439500485127,0.006898675912585384,0.43332231777567193,0.005073998438829814,0.5385945014448651,0.005566066927562628
203,0.007333210396232681,0.006271703362995662,0.41185992152918144,0.009551139676480096,0.5506836379027291,0.01430038713238112
204,0.009017136339437546,0.005501560836739263,0.4206646983315303,0.015209516915680813,0.5288010259678758,0.02080606160873621
205,0.005452465802500371,0.007965818394960387,0.42493314172707014,0.002949219178541803,0.5550011687985216,0.003698186098405587
206,0.004674661326093374,0.004791622713770165,0.44366455855390796,0.002988132137847684,0.5400412780185679,0.003839747249812639
207,0.009646329043406562,0.009030260622018964,0.42898004159221453,0.004267615329807871,0.5431282417175402,0.0049475116950121025
208,0.006267387591588873,0.006622321856603223,0.44416656529345505,0.0033256821602571447,0.5358543431376541,0.0037636999604413524
209,0.04003021494134261,0.020630499365390936,0.36279464809781287,0.009073865755695213,0.5547055969084064,0.012765174931352145
210,0.00955737872494431,0.007044312497460066,0.41871719646173666,0.006603196186788129,0.5495408892870395,0.008537026842031708
211,0.005591403693871433,0.005558256246010785,0.43913874142469517,0.005142503103680261,0.5381744119031798,0.006394683628562721
212,0.011912537615036098,0.013829103462623215,0.35952874455558387,0.006794258717065626,0.5969767862745121,0.010958569375178672
213,0.018611808017265558,0.006846215205590787,0.44163051852684826,0.010815322319984623,0.5100352958281248,0.01206084010218601
214,0.013462842664931123,0.010415377425306155,0.4466511376811809,0.006582526814566663,0.5161753444796222,0.006712770934392927
215,0.06873702883921655,0.012434842030339248,0.4062084171542114,0.019487418359316982,0.4700794010268313,0.023052892590084237
216,0.008965736443965871,0.008009404896181498,0.38319135687843425,0.008488961129078126,0.5786463497523052,0.012698190900034578
217,0.04669530468226857,0.019532005701235606,0.3842616833246005,0.01593417787678386,0.5175079937964738,0.01606883461863723
218,0.19274990362076505,0.05327964562364197,0.2490848119735144,0.026003025038251477,0.4508672325023211,0.028015381241505793
219,0.015643567001712617,0.006331444268782803,0.43962382025794017,0.013299953973927893,0.5078685729411034,0.017232641556532993
220,0.12757699391135643,0.04267510686511594,0.3219739710752064,0.016981205993700985,0.4707934950984007,0.019999227056219555
221,0.013394084981606434,0.00713392566548162,0.432774709525327,0.009879412612397031,0.5243590837528109,0.012458783462376874
222,0.034322550466040165,0.019065035672619784,0.36157331748539256,0.009696721693804934,0.5616893011527507,0.013653073529391784
223,0.00417787598530218,0.004978467231323017,0.455291753401567,0.002807347189011528,0.5293750913557941,0.0033694648370019746
224,0.008963437109934856,0.005385533112089805,0.42575576384386804,0.00846986099185965,0.539342221893906,0.012083183048341533
225,0.03878229531058213,0.018552393935389974,0.3903324724203243,0.019723231460864337,0.5077379768508032,0.02487163002203607
226,0.08748517256847844,0.03483471850067311,0.3330239197532217,0.01274276115549837,0.5148287341303732,0.017084693891755032
227,0.007758375046867023,0.005092474254769414,0.3792721568808802,0.01268488588236169,0.5742208976107853,0.020971210324336107
228,0.00797701932493338,0.009282989916437235,0.40999307591115175,0.005444244115821551,0.5600297656079084,0.007272905123747887
229,0.014832674750510231,0.020574758596342432,0.3729859412094987,0.008646541066749025,0.5696826205278538,0.01327746384904621
230,0.010417644199053638,0.007832433916802927,0.4483948896775428,0.003585206803980175,0.525793797415037,0.003976027987583916
231,0.01059112394046841,0.006156893305254934,0.3931270951484116,0.013872329910748167,0.5539831721737241,0.02226938552139272
232,0.013142679495315474,0.008480325350826828,0.4060216682381889,0.008443714721333043,0.5528660067403793,0.011045605453956319
233,0.010209087172385936,0.009085299968024377,0.43157098890841616,0.0047643900691026805,0.5395674335258515,0.004802800356219196
234,0.005151243110104543,0.004204264631817401,0.4921856942271067,0.0027083183064744235,0.49313837483173734,0.002612104892759315
235,0.04675562746271669,0.01867770309023324,0.32924546250047604,0.015126953705172443,0.5692559093696719,0.020938343871729766
236,0.037517491829614835,0.020336178402467802,0.34796032899434504,0.00978942014828928,0.5695227533527238,0.014873827272559325
237,0.0050735911733842684,0.006871329399362787,0.41302439262342056,0.003099318490306835,0.5678391016556664,0.004092266657858985
238,0.02033288347634409,0.013408354208813977,0.4469694670213845,0.005739866600266359,0.507383090143574,0.006166338549616536
239,0.0324642816783849,0.01052835607026031,0.47764241135158325,0.01945147457944424,0.4424231792536693,0.017490297066658115
240,0.008128257443706623,0.009947872290904533,0.4741926002167036,0.002933767551462985,0.5019409698559286,0.002856532641293891
241,0.00822084024877625,0.0056846286844239894,0.4059649400635268,0.009823926769697911,0.5554374264650319,0.014868237768543032
242,0.010492648303622584,0.005194632634192802,0.4322709351153434,0.01270306182966001,0.5237331403340005,0.015605581783180712
243,0.02001779752460494,0.01487822445870217,0.36306548887260337,0.008233087522778806,0.5807812807651872,0.01302412085612363
244,0.004289119860877022,0.00430504739527028,0.46598562774665947,0.0061824850655213745,0.512506397903481,0.0067313220281911505
245,0.009505706137074476,0.009713103706551205,0.37057366606497005,0.007946000404584258,0.5892939626131419,0.012967561073677957
246,0.014777122741400448,0.014497934829713332,0.37484518767008884,0.006101831309376597,0.5807013169199137,0.00907660652950766
247,0.015858919068279468,0.010024342952909002,0.42880289173020725,0.005571281765629464,0.5339036480830994,0.005838916399875389
248,0.012496722823903565,0.00664643801111399,0.385925764353895,0.01358999756558022,0.5613014034759658,0.02003967376954116
249,0.012588732327913979,0.010181550358974964,0.40095676268954905,0.007489305717274111,0.559548269816584,0.009235379089703795
250,0.0066125096054885,0.009578018099715202,0.003039969309911746,0.4277824742649037,0.004846893801514538,0.5481401349184661
251,0.015148309167378773,0.006783535833799503,0.010429120328739048,0.4539189192695517,0.013882703514358986,0.49983741188617203
252,0.008767293931843221,0.003698769077472101,0.0074644745556010205,0.4127257966661881,0.012889764187914026,0.554453901580981
253,0.017055630970945514,0.007346795115991696,0.006568363880999631,0.41122803294601695,0.009876767231145752,0.5479244098549002
254,0.01509725659055926,0.00696862977726292,0.0038344848804921544,0.4173740780468514,0.005304144302261602,0.5514214064025732
255,0.006877697602850867,0.004531408079616578,0.009891587541766842,0.4071577464439946,0.017277068362253466,0.5542644919695174
256,0.0047804143263463555,0.0053518867596156075,0.0038524945797929117,0.44568356052261165,0.005593904539364919,0.5347377392722684
257,0.0032895622855281578,0.004468369042260605,0.00183266672941537,0.4406613708215669,0.002112386491273797,0.5476356446299546
258,0.012259267007113118,0.0037204241383982178,0.007263132710647667,0.4194793520046274,0.011053397654266347,0.5462244264849473
259,0.004383876307809738,0.00475371237534103,0.002118041559151644,0.42782916001744775,0.002404075714041753,0.5585111340262082
260,0.005954308707636999,0.004201880095125465,0.0034097381403227446,0.40387909348426154,0.006475277657489451,0.5760797019151639
261,0.06208638224308941,0.01809266359671716,0.013946836094060213,0.38879206219455614,0.01895018049447013,0.49813187537710674
262,0.012056902557395966,0.007538038417847013,0.004501959813001443,0.43451966760804006,0.007257759889796199,0.5341256717139192
263,0.013985519411182023,0.012123309568238093,0.004847479700507784,0.4522474534466264,0.0061627897879755885,0.5106334480854697
264,0.01007834983751054,0.005848649736406103,0.012035287921888977,0.4350633629855148,0.017067349746953273,0.5199069997717264
265,0.04677556365969806,0.013859136986906108,0.007320748172482963,0.46043938480168006,0.008241752559831509,0.4633634138194015
266,0.005280902024391453,0.008922343858321422,0.0029730475135146214,0.4236789556547347,0.0049712312922691355,0.5541735196567688
267,0.006208014678696768,0.004049245157233008,0.007352341086652264,0.42781937149619903,0.01011836352889712,0.544452664052322
268,0.015317300211604427,0.008579621970555467,0.003394771069818534,0.4514354962166076,0.004721407030177407,0.5165514035012365
269,0.013617657083922022,0.019233745150487227,0.005286493630005905,0.41402044516697406,0.010263488489737736,0.5375781704788731
270,0.007128424659403158,0.005116338907657867,0.0034709288836357976,0.404399117534984,0.005469622306463742,0.5744155677078554
271,0.003218293743484862,0.0034701687890663266,0.002288006943286298,0.44381504497328855,0.002656080369998277,0.5445524051808754
272,0.07260719371645673,0.03342300701517572,0.010136779610837416,0.4201845206355493,0.01432410965724206,0.4493243893647389
273,0.02845674741944966,0.01527466929169903,0.009191124656505819,0.4446979743085571,0.010660237130089675,0.4917192471936986
274,0.008919417703432726,0.004865359856909774,0.004016414850594002,0.4747163876782054,0.004884612996518006,0.5025978069143396
275,0.00668846843417223,0.0033084862277602367,0.002814116440483213,0.4476448429850551,0.003360494213083221,0.5361835916994461
276,0.010386576563711874,0.004854172761893391,0.007983209391456213,0.40955210097655487,0.013527617196916595,0.5536963231094668
277,0.006428745293206987,0.004064087562620877,0.0066578683903450635,0.4351074351257761,0.010101247539468783,0.537640616088582
278,0.0758282892825636,0.0306277810166868,0.011182065000820758,0.37169361681261515,0.02059938759995425,0.4900688602873592
279,0.0055131315672561736,0.007079827925089733,0.00349407679237743,0.4743203718828608,0.004201936212550456,0.5053906556198648
280,0.010028992010685366,0.004130680801314702,0.0033286937642394393,0.4206678485766455,0.004940628140027095,0.556903156707088
281,0.004180920977590602,0.0026764181115749505,0.003647854133140956,0.41615500000248745,0.005473553328716412,0.5678662534464894
282,0.02708603065845788,0.018032607684710246,0.007033881595655258,0.46032780872418877,0.007216391000449525,0.4803032803365382
283,0.009381772734702748,0.01062098273821765,0.003582891791813601,0.42874027831592365,0.00501721915412886,0.5426568552652139
284,0.008623891369428613,0.00495288805753782,0.007753204764817055,0.41387415083339907,0.01221504737472419,0.5525808176000935
285,0.004679283523184499,0.0028511709166939717,0.007054076425733441,0.3923358535813845,0.013002836975840173,0.5800767785771629
286,0.006462384606412065,0.010621487000473797,0.003309750389840042,0.3920240685761457,0.006424868963430066,0.581157440463698
287,0.015486831515473054,0.011961715941789354,0.006986813945578145,0.4664600072250683,0.009756975940596695,0.48934765543149467
288,0.0063130858954059624,0.0041131825756182214,0.00821536135979717,0.4297038126633148,0.013721201257727298,0.537933356248136
289,0.011996567321876176,0.012356372752310711,0.004559518697066967,0.39088370748508156,0.009131322630987187,0.5710725111126775
290,0.006602079532019854,0.0038589461837362144,0.009259403581276604,0.39102989787340153,0.017785954127544516,0.5714637187020208
291,0.014237716500589435,0.015448955897646248,0.0043851137115738644,0.3937234547847815,0.009438234865302576,0.5627665242401068
292,0.007636909969397158,0.004856793594224685,0.006138116189537259,0.4403988541082329,0.007906398669547936,0.5330629274690599
293,0.023576747512390712,0.015867125423543477,0.006242737907465643,0.4491527032621698,0.009853643877813803,0.4953070420166167
294,0.00973426094453478,0.014945816712649888,0.004408663602515066,0.3945964179770732,0.009651657006002292,0.5666631837572248
295,0.033083676411099175,0.007212787992730387,0.00665720674051393,0.40132974264399496,0.011747894043730807,0.5399686921679304
296,0.013247169377753273,0.010713153947607051,0.0050224174087835395,0.42507050275655006,0.00822784286071465,0.5377189136485916
297,0.014907062653242226,0.007468857693538199,0.007461757027651454,0.489936250784257,0.007226368764505401,0.4729997030768056
298,0.011567970893021145,0.007625770436322296,0.010798294333258763,0.47148874385521095,0.01416529131943483,0.48435392916275166
299,0.005950735776159502,0.003908913106415516,0.004003607604668473,0.4120081387494311,0.006015866750771685,0.5681127380125536
