,proba_0,proba_1,proba_2,proba_3
0,8.529379052029821e-06,0.0014915275846760698,0.6271761887657488,0.37132375427052317
1,0.9992118926758022,0.0007769623156860068,1.1137147056389222e-05,7.861455330439869e-09
2,0.005275082839705571,5.378970171100035e-06,0.9723227879057286,0.0223967502843947
3,0.0009871683968300446,0.9773904859395363,3.655190294340176e-27,0.021622345663633677
4,0.9989937870480287,0.0010005176056456417,5.646228443257534e-06,4.9117882409146486e-08
5,0.0020368505912335398,1.0585676184121888e-05,0.9762907487927689,0.021661814939813343
6,0.0014229513692732886,0.9972298632119962,3.352309726090463e-28,0.0013471854187305473
7,0.0016309536949175502,0.9952641351567497,9.848831864988813e-27,0.003104911148332774
8,0.0008487970290664295,0.9768521279324837,3.1173883784590153e-28,0.02229907503844989
9,8.404687999034417e-07,0.0006354497549685405,0.14402343734294615,0.8553402724332855
10,9.591925509216977e-05,0.00012959073611443157,0.989711058566739,0.010063431442054346
11,0.0009228693756278214,0.9806477203011117,1.6655228842634697e-26,0.018429410323260613
12,0.0006269274000388416,2.7494503067235145e-05,0.9509857219612505,0.04835985613564336
13,0.00011477554921398215,9.124462032776533e-05,0.979364300407404,0.020429679423054205
14,0.0021654923292121785,8.985735100741767e-06,0.9642515308009476,0.03357399113473953
15,1.5671050758194336e-05,8.282707517038666e-05,0.005504921525863841,0.9943965803482075
16,0.0007159887005771282,0.9840111815137954,1.0113974269217595e-27,0.015272829785627499
17,4.072941400179861e-06,0.0008672238582285071,0.31774277053175504,0.6813859326686164
18,0.9992548718831411,0.0007242507052855654,2.0865797872755787e-05,1.1613700450042316e-08
19,0.9993439017697311,0.0006351785314946959,2.091282086660836e-05,6.87790763199921e-09
20,0.0008045104494549391,1.8069223250981347e-05,0.9467275178135113,0.052449902513782766
21,8.776101883147035e-06,0.00012339356267279675,0.01562620246567198,0.9842416278697721
22,6.434719047997011e-06,0.0001480452914099851,0.01972247503263351,0.9801230449569085
23,0.9991555118527321,0.0008357187280829244,8.696687529244051e-06,7.273165575329906e-08
24,0.001973767600465913,0.9975744667753936,1.4558114445582473e-27,0.000451765624140468
25,0.005395625786498465,8.659970540925497e-06,0.9902460950084981,0.004349619234462429
26,0.0001363940982438821,7.784414853385448e-05,0.9753824051373188,0.024403356615903465
27,6.563171966629348e-06,0.0001563907586030494,0.013561552693632538,0.9862754933757978
28,0.000722752960682495,2.3506541929915275e-05,0.9730228081566049,0.02623093234078278
29,0.00013434716803157367,1.5217980545641017e-05,0.007523623352644036,0.9923268114987787
30,0.0007999989042830119,2.159048082332409e-05,0.9689266932077337,0.03025171740715995
31,0.001606195819414576,0.99615794010752,2.7661937489062353e-27,0.002235864073065318
32,0.0012098974749316137,0.9964337185591817,2.678925281647869e-28,0.0023563839658866863
33,0.0014838858458603756,0.9980719854342146,3.087319412486309e-28,0.00044412871992496314
34,0.9993963807090902,0.0005756192106138952,2.7498029456899766e-05,5.020508390006543e-07
35,4.954946788966126e-07,0.001030686732441448,0.004807837204629568,0.9941609805682501
36,0.005028178003971154,8.828616660282458e-06,0.990312074165078,0.004650919214290545
37,0.9991925330188611,0.0007949467131024606,1.2450486406449357e-05,6.978163002800417e-08
38,0.002488446927218434,0.9974592058900904,1.735406810320248e-27,5.234718269108283e-05
39,8.102805191765651e-07,0.0006245078181793762,0.13887826216438134,0.86049641973692
40,2.006607241438621e-05,0.0002961873612993749,0.9865598418364702,0.013123904729816107
41,1.4866241579987397e-07,0.002795741730698405,5.135969811534057e-08,0.9972040582471876
42,0.002159807167370173,0.9976872564252685,5.5250741762382656e-27,0.00015293640736132867
43,0.001214590945299628,0.991604749478792,9.777998798019313e-28,0.007180659575908368
44,7.483919788765963e-07,0.0006584616313046311,0.13461294261519918,0.8647278473615173
45,0.0017518456062891128,0.9968711105845182,5.49248727321732e-27,0.0013770438091927587
46,0.9990946966706862,0.0008538856471225876,5.081856509025174e-05,5.991171009617121e-07
47,5.5683664777736984e-05,2.9229822949245354e-05,0.007740529717184027,0.9921745567950889
48,0.0006080928526773763,6.630325339777109e-06,0.006127149839093097,0.9932581269828897
49,4.2633174868507156e-05,0.00015549339451714997,0.9667426791194862,0.033059194311128325
50,0.002119565561411263,0.9969106916886742,1.6034782586122176e-26,0.0009697427499145341
51,0.0007846311115769892,8.006402173151768e-06,0.01677006433651118,0.9824372981497386
52,0.003381587175405876,0.9965791660875821,3.501768305005147e-26,3.924673701198374e-05
53,0.9958722613934718,0.004127689161740039,2.6161089372451667e-08,2.3283698675355457e-08
54,0.004729952487050192,5.113375262143089e-06,0.9672371696927643,0.02802776444492348
55,0.9991423631214083,0.0008498509465157495,7.741409539309575e-06,4.4522536668468666e-08
56,0.003129805338484664,5.993014223553337e-06,0.9488939570680861,0.04797024457920571
57,0.9992527086968327,0.0007365580797371684,1.0718522835148387e-05,1.4700594973396805e-08
58,1.7494049246338692e-05,0.0003384004194753938,0.9960015608795428,0.003642544651735415
59,8.95302842332566e-05,0.00012120392666574583,0.9890423487878444,0.010746917001256753
60,2.254492562680815e-06,0.0017438027189337342,0.0008551242035014049,0.9973988185850022
61,0.9991654206632511,0.0008227399072889114,1.182606853787731e-05,1.336092222314432e-08
62,0.00021114209580050776,6.449656889288376e-05,0.9755762040309905,0.02414815730431612
63,0.003342650272127859,0.9966256489451533,1.04745342101437e-26,3.170078271884412e-05
64,3.3129863119209826e-06,0.00025012549629542524,0.03623111958761483,0.9635154419297778
65,0.9991427094689312,0.0008490744918094902,7.958266181327643e-06,2.577730780306109e-07
66,0.00220949676956811,0.9977021105081237,1.2792306258554902e-27,8.839272230819473e-05
67,0.9949090501181529,0.005090913588205209,1.2619089227443417e-08,2.3674552729860452e-08
68,0.0016468931946299402,0.997766334566858,4.157635878124766e-28,0.0005867722385120697
69,0.9990115373784014,0.0009831620762037162,4.607717486919395e-06,6.928279078090016e-07
70,0.9993077511247223,0.0006755296331310642,1.6658969709409873e-05,6.027243726216781e-08
71,0.0012880501441068011,0.9864018019727117,2.858103908339181e-27,0.01231014788318153
72,3.633268079150747e-05,0.00019273539068006163,0.9854847395636882,0.014286192364840187
73,7.405362362719118e-05,2.3059018680480035e-05,0.00507759126815407,0.9948252960895383
74,0.9989523285745898,0.0008667303888936128,0.0001805671080714175,3.739284451813676e-07
75,0.0030116080032965113,0.9969455210120743,6.299172181377951e-27,4.287098462908475e-05
76,0.00238932270316955,0.997496326788203,3.475274570901862e-27,0.000114350508627428
77,9.327465316181305e-06,0.00012157115457400405,0.014914088623322077,0.9849550127567878
78,0.00027457846318480284,4.834721113438108e-05,0.969658331574319,0.030018742751361797
79,0.0011881975388494353,0.993004391908205,2.907781108848037e-28,0.005807410552945576
80,0.0015624997975053037,0.9977276000624544,3.7306662405293875e-28,0.000709900140040323
81,0.9945893856020468,0.005410581003095088,1.1801113620090512e-08,2.1593744455161988e-08
82,1.2521408323656994e-06,0.00047196893031075364,0.09345832749901839,0.9060684514298386
83,0.9990917927954036,0.0009015368890273923,6.659376767000929e-06,1.0938802005390542e-08
84,0.002157286148246467,0.997729879213042,6.99651184907015e-28,0.00011283463871161598
85,0.0016245238694662604,0.9982141316735064,2.7466111277423333e-28,0.00016134445702741462
86,0.000821382058641004,2.784441194818943e-06,0.0105604783790066,0.9886153551211575
87,0.9989829803804181,0.0010073650999927054,9.636384975622673e-06,1.8134613661273625e-08
88,0.9992486535634669,0.0007364606244108731,1.4870623668964813e-05,1.518845333560915e-08
89,0.9992378225090517,0.0007508652617786572,1.0962527512789209e-05,3.4970165696403497e-07
90,0.0006903153636802376,1.7768919911430552e-05,0.9098402682231035,0.08945164749330474
91,0.9995093843081565,0.00043536321823107755,5.293751583748587e-05,2.314957774940711e-06
92,0.99927331138105,0.0007079586370406187,1.7938224791799138e-05,7.917571175964387e-07
93,0.0016052898785349713,0.998180643572831,2.0146679148123405e-28,0.0002140665486341041
94,0.00024907184215920876,5.349659374465837e-05,0.9641956996830678,0.03550173188102836
95,7.946303768753358e-06,0.0005315400459876481,0.9802416784822205,0.01921883516802314
96,0.001940440052847825,0.9979438778748408,3.314224495357216e-28,0.0001156820723113184
97,0.0027960712208061466,0.9971416977238002,2.2358635758755496e-26,6.223105539366532e-05
98,0.005220956483946775,3.995433867613187e-06,0.9655570438341854,0.029218004248000227
99,1.1792373097842712e-06,0.00048729538413940307,0.1094741330479553,0.8900373923305956
