,proba_0,proba_1,proba_2
0,0.094,0.122,0.784
1,0.22,0.094,0.686
2,0.992,0.004,0.004
3,0.208,0.418,0.374
4,0.192,0.1,0.708
5,0.056,0.262,0.682
6,0.044,0.166,0.79
7,0.342,0.46,0.198
8,0.098,0.034,0.868
9,0.044,0.316,0.64
10,0.11,0.736,0.154
11,0.484,0.09,0.426
12,0.23,0.394,0.376
13,0.256,0.038,0.706
14,0.118,0.11,0.772
15,0.344,0.314,0.342
16,0.284,0.108,0.608
17,0.358,0.284,0.358
18,0.486,0.186,0.328
19,0.078,0.314,0.608
20,0.396,0.28,0.324
21,0.112,0.324,0.564
22,0.128,0.17,0.702
23,0.208,0.106,0.686
24,0.446,0.114,0.44
25,0.148,0.302,0.55
26,0.224,0.258,0.518
27,0.988,0.002,0.01
28,0.364,0.16,0.476
29,0.836,0.024,0.14
30,0.104,0.096,0.8
31,0.026,0.62,0.354
32,0.364,0.108,0.528
33,0.316,0.156,0.528
34,0.232,0.212,0.556
35,0.132,0.118,0.75
36,0.34,0.17,0.49
37,0.834,0.068,0.098
38,0.424,0.386,0.19
39,0.04,0.03,0.93
40,0.39,0.324,0.286
41,0.102,0.19,0.708
42,0.052,0.39,0.558
43,0.108,0.07,0.822
44,0.168,0.128,0.704
45,0.064,0.112,0.824
46,0.11,0.124,0.766
47,0.028,0.046,0.926
48,0.138,0.224,0.638
49,0.46,0.104,0.436
50,0.11,0.216,0.674
51,0.148,0.136,0.716
52,0.322,0.266,0.412
53,0.836,0.024,0.14
54,0.094,0.074,0.832
55,0.028,0.03,0.942
56,0.11,0.166,0.724
57,0.164,0.102,0.734
58,0.358,0.228,0.414
59,0.148,0.154,0.698
60,0.158,0.104,0.738
61,0.35,0.09,0.56
62,0.23,0.284,0.486
63,0.116,0.064,0.82
64,0.056,0.146,0.798
65,0.054,0.096,0.85
66,0.074,0.066,0.86
67,0.398,0.06,0.542
68,0.134,0.4,0.466
69,0.14,0.35,0.51
70,0.666,0.078,0.256
71,0.034,0.476,0.49
72,0.182,0.044,0.774
73,0.588,0.172,0.24
74,0.062,0.63,0.308
75,0.962,0.006,0.032
76,0.368,0.078,0.554
77,0.026,0.198,0.776
78,0.056,0.132,0.812
79,0.66,0.048,0.292
80,0.112,0.102,0.786
81,0.388,0.154,0.458
82,0.838,0.024,0.138
83,0.15,0.39,0.46
84,0.052,0.242,0.706
85,0.406,0.27,0.324
86,0.872,0.026,0.102
87,0.158,0.646,0.196
88,0.27,0.262,0.468
89,0.16,0.58,0.26
90,0.17,0.148,0.682
91,0.226,0.126,0.648
92,0.056,0.424,0.52
93,0.148,0.066,0.786
94,0.08,0.394,0.526
95,0.736,0.122,0.142
96,0.664,0.04,0.296
97,0.146,0.106,0.748
98,0.17,0.132,0.698
99,0.384,0.064,0.552
100,0.172,0.56,0.268
101,0.204,0.316,0.48
102,0.346,0.028,0.626
103,0.112,0.29,0.598
104,0.334,0.06,0.606
105,0.292,0.164,0.544
106,0.152,0.344,0.504
107,0.046,0.284,0.67
108,0.558,0.236,0.206
109,0.116,0.15,0.734
110,0.124,0.206,0.67
111,0.18,0.082,0.738
112,0.112,0.176,0.712
113,0.05,0.47,0.48
114,0.698,0.062,0.24
115,0.268,0.122,0.61
116,0.028,0.32,0.652
117,0.198,0.19,0.612
118,0.208,0.048,0.744
119,0.076,0.328,0.596
120,0.234,0.124,0.642
121,0.08,0.212,0.708
122,0.17,0.246,0.584
123,0.088,0.598,0.314
124,0.07,0.058,0.872
125,0.062,0.084,0.854
126,0.086,0.092,0.822
127,0.29,0.254,0.456
128,0.534,0.186,0.28
129,0.124,0.608,0.268
130,0.736,0.032,0.232
131,0.158,0.138,0.704
132,0.238,0.34,0.422
133,0.984,0.0,0.016
134,0.162,0.042,0.796
135,0.31,0.074,0.616
136,0.02,0.134,0.846
137,0.496,0.08,0.424
138,0.216,0.37,0.414
139,0.044,0.352,0.604
140,0.182,0.188,0.63
141,0.196,0.3,0.504
142,0.166,0.706,0.128
143,0.13,0.328,0.542
144,0.78,0.032,0.188
145,0.242,0.25,0.508
146,0.084,0.118,0.798
147,0.206,0.398,0.396
148,0.168,0.162,0.67
149,0.118,0.156,0.726
150,0.058,0.314,0.628
151,0.17,0.046,0.784
152,0.448,0.204,0.348
153,0.526,0.076,0.398
154,0.09,0.424,0.486
155,0.172,0.096,0.732
156,0.284,0.312,0.404
157,0.296,0.056,0.648
158,0.02,0.198,0.782
159,0.064,0.252,0.684
160,0.164,0.202,0.634
161,0.158,0.29,0.552
162,0.066,0.254,0.68
163,0.182,0.3,0.518
164,0.374,0.188,0.438
165,0.172,0.198,0.63
166,0.178,0.288,0.534
167,0.382,0.15,0.468
168,0.11,0.404,0.486
169,0.18,0.13,0.69
170,0.096,0.198,0.706
171,0.228,0.342,0.43
172,0.212,0.096,0.692
173,0.252,0.132,0.616
174,0.076,0.098,0.826
175,0.044,0.048,0.908
176,0.16,0.176,0.664
177,0.378,0.128,0.494
178,0.326,0.228,0.446
179,0.062,0.176,0.762
180,0.126,0.116,0.758
181,0.044,0.02,0.936
182,0.138,0.084,0.778
183,0.238,0.31,0.452
184,0.132,0.114,0.754
185,0.444,0.072,0.484
186,0.512,0.166,0.322
187,0.378,0.316,0.306
188,0.416,0.284,0.3
189,0.06,0.112,0.828
190,0.176,0.15,0.674
191,0.09,0.194,0.716
192,0.48,0.106,0.414
193,0.022,0.116,0.862
194,0.14,0.34,0.52
195,0.434,0.218,0.348
196,0.468,0.078,0.454
197,0.046,0.68,0.274
198,0.474,0.146,0.38
199,0.018,0.6,0.382
200,0.114,0.132,0.754
201,0.282,0.158,0.56
202,0.032,0.37,0.598
203,0.672,0.13,0.198
204,0.166,0.626,0.208
205,0.286,0.13,0.584
206,0.252,0.42,0.328
207,0.126,0.142,0.732
208,0.204,0.356,0.44
209,0.956,0.006,0.038
210,0.292,0.3,0.408
211,0.378,0.226,0.396
212,0.146,0.516,0.338
213,0.632,0.148,0.22
214,0.088,0.226,0.686
215,0.06,0.196,0.744
216,0.298,0.174,0.528
217,0.346,0.198,0.456
218,0.08,0.218,0.702
219,0.456,0.076,0.468
220,0.05,0.384,0.566
221,0.094,0.76,0.146
222,0.482,0.1,0.418
223,0.276,0.344,0.38
224,0.046,0.212,0.742
225,0.214,0.04,0.746
226,0.132,0.224,0.644
227,0.132,0.306,0.562
228,0.034,0.102,0.864
229,0.166,0.216,0.618
230,0.678,0.038,0.284
231,0.092,0.294,0.614
232,0.122,0.084,0.794
233,0.134,0.136,0.73
234,0.49,0.2,0.31
235,0.076,0.384,0.54
236,0.3,0.332,0.368
237,0.314,0.014,0.672
238,0.244,0.472,0.284
239,0.062,0.068,0.87
240,0.456,0.142,0.402
241,0.016,0.074,0.91
242,0.49,0.184,0.326
243,0.302,0.052,0.646
244,0.146,0.21,0.644
245,0.118,0.276,0.606
246,0.118,0.544,0.338
247,0.478,0.338,0.184
248,0.326,0.1,0.574
249,0.128,0.15,0.722
250,0.538,0.074,0.388
251,0.052,0.338,0.61
252,0.376,0.14,0.484
253,0.2,0.278,0.522
254,0.252,0.142,0.606
255,0.214,0.39,0.396
256,0.132,0.03,0.838
257,0.456,0.27,0.274
258,0.09,0.06,0.85
259,0.15,0.122,0.728
260,0.062,0.232,0.706
261,0.108,0.146,0.746
262,0.198,0.16,0.642
263,0.088,0.238,0.674
264,0.092,0.28,0.628
265,0.128,0.148,0.724
266,0.218,0.182,0.6
267,0.578,0.202,0.22
268,0.144,0.106,0.75
269,0.436,0.18,0.384
270,0.126,0.148,0.726
271,0.132,0.154,0.714
272,0.148,0.218,0.634
273,0.134,0.162,0.704
274,0.174,0.2,0.626
275,0.174,0.04,0.786
276,0.366,0.162,0.472
277,0.04,0.284,0.676
278,0.254,0.388,0.358
279,0.838,0.028,0.134
280,0.57,0.148,0.282
281,0.606,0.21,0.184
282,0.08,0.198,0.722
283,0.316,0.178,0.506
284,0.178,0.098,0.724
285,0.374,0.036,0.59
286,0.08,0.208,0.712
287,0.132,0.166,0.702
288,0.74,0.054,0.206
289,0.046,0.21,0.744
290,0.208,0.118,0.674
291,0.094,0.028,0.878
292,0.12,0.292,0.588
293,0.074,0.084,0.842
294,0.202,0.12,0.678
295,0.116,0.27,0.614
296,0.096,0.776,0.128
297,0.106,0.498,0.396
298,0.238,0.202,0.56
299,0.098,0.364,0.538
300,0.284,0.118,0.598
301,0.108,0.112,0.78
302,0.202,0.446,0.352
303,0.172,0.148,0.68
304,0.412,0.108,0.48
305,0.138,0.114,0.748
306,0.102,0.226,0.672
307,0.36,0.068,0.572
308,0.01,0.32,0.67
309,0.13,0.26,0.61
310,0.354,0.266,0.38
311,0.088,0.074,0.838
312,0.454,0.176,0.37
313,0.122,0.146,0.732
314,0.228,0.472,0.3
315,0.072,0.026,0.902
316,0.218,0.248,0.534
317,0.454,0.08,0.466
318,0.054,0.078,0.868
319,0.252,0.172,0.576
320,0.076,0.34,0.584
321,0.438,0.238,0.324
322,0.06,0.034,0.906
323,0.056,0.338,0.606
324,0.232,0.318,0.45
325,0.41,0.032,0.558
326,0.202,0.104,0.694
327,0.348,0.154,0.498
328,0.134,0.292,0.574
329,0.358,0.16,0.482
330,0.226,0.486,0.288
331,0.068,0.324,0.608
332,0.696,0.144,0.16
333,0.268,0.176,0.556
334,0.068,0.304,0.628
335,0.542,0.166,0.292
336,0.11,0.374,0.516
337,0.104,0.138,0.758
338,0.132,0.066,0.802
339,0.136,0.502,0.362
340,0.16,0.138,0.702
341,0.082,0.224,0.694
342,0.38,0.204,0.416
343,0.15,0.266,0.584
344,0.286,0.448,0.266
345,0.272,0.124,0.604
346,0.402,0.092,0.506
347,0.582,0.154,0.264
348,0.04,0.3,0.66
349,0.16,0.066,0.774
350,0.024,0.86,0.116
351,0.062,0.088,0.85
352,0.226,0.27,0.504
353,0.152,0.23,0.618
354,0.144,0.24,0.616
355,0.204,0.454,0.342
356,0.098,0.178,0.724
357,0.12,0.194,0.686
358,0.032,0.274,0.694
359,0.026,0.466,0.508
360,0.322,0.344,0.334
361,0.22,0.504,0.276
362,0.016,0.062,0.922
363,0.026,0.182,0.792
364,0.232,0.516,0.252
365,0.256,0.122,0.622
366,0.08,0.346,0.574
367,0.044,0.148,0.808
368,0.388,0.142,0.47
369,0.17,0.208,0.622
370,0.388,0.07,0.542
371,0.04,0.088,0.872
372,0.458,0.274,0.268
373,0.012,0.172,0.816
374,0.182,0.702,0.116
375,0.148,0.166,0.686
376,0.184,0.122,0.694
377,0.148,0.12,0.732
378,0.384,0.2,0.416
379,0.134,0.174,0.692
380,0.53,0.128,0.342
381,0.118,0.23,0.652
382,0.116,0.264,0.62
383,0.098,0.146,0.756
384,0.334,0.348,0.318
385,0.102,0.082,0.816
386,0.842,0.062,0.096
387,0.062,0.244,0.694
388,0.332,0.032,0.636
389,0.078,0.116,0.806
390,0.194,0.242,0.564
391,0.054,0.056,0.89
392,0.844,0.028,0.128
393,0.106,0.2,0.694
394,0.098,0.26,0.642
395,0.066,0.676,0.258
396,0.202,0.744,0.054
397,0.22,0.044,0.736
398,0.038,0.314,0.648
399,0.184,0.224,0.592
400,0.062,0.372,0.566
401,0.09,0.09,0.82
402,0.096,0.23,0.674
403,0.658,0.168,0.174
404,0.152,0.392,0.456
405,0.546,0.082,0.372
406,0.376,0.054,0.57
407,0.044,0.148,0.808
408,0.478,0.222,0.3
409,0.344,0.084,0.572
410,0.076,0.136,0.788
411,0.144,0.198,0.658
412,0.744,0.084,0.172
413,0.45,0.064,0.486
414,0.314,0.19,0.496
415,0.808,0.03,0.162
416,0.086,0.094,0.82
417,0.084,0.08,0.836
418,0.352,0.08,0.568
419,0.03,0.428,0.542
420,0.14,0.04,0.82
421,0.548,0.1,0.352
422,0.724,0.02,0.256
423,0.414,0.164,0.422
424,0.034,0.708,0.258
425,0.024,0.03,0.946
426,0.254,0.182,0.564
427,0.064,0.174,0.762
428,0.16,0.396,0.444
429,0.094,0.052,0.854
430,0.1,0.09,0.81
431,0.788,0.04,0.172
432,0.18,0.254,0.566
433,0.14,0.194,0.666
434,0.026,0.206,0.768
435,0.176,0.386,0.438
436,0.326,0.19,0.484
437,0.242,0.248,0.51
438,0.056,0.03,0.914
439,0.058,0.11,0.832
440,0.11,0.228,0.662
441,0.062,0.176,0.762
442,0.072,0.114,0.814
443,0.254,0.262,0.484
444,0.05,0.12,0.83
445,0.25,0.284,0.466
446,0.022,0.332,0.646
447,0.366,0.144,0.49
448,0.04,0.012,0.948
449,0.37,0.206,0.424
450,0.256,0.208,0.536
451,0.076,0.594,0.33
452,0.022,0.37,0.608
453,0.28,0.354,0.366
454,0.196,0.288,0.516
455,0.458,0.084,0.458
456,0.314,0.186,0.5
457,0.338,0.172,0.49
458,0.282,0.262,0.456
459,0.49,0.146,0.364
460,0.298,0.244,0.458
461,0.142,0.274,0.584
462,0.234,0.2,0.566
463,0.154,0.356,0.49
464,0.11,0.07,0.82
465,0.134,0.024,0.842
466,0.07,0.288,0.642
467,0.32,0.062,0.618
468,0.13,0.418,0.452
469,0.39,0.19,0.42
470,0.992,0.0,0.008
471,0.596,0.31,0.094
472,0.112,0.108,0.78
473,0.738,0.104,0.158
474,0.334,0.468,0.198
475,0.208,0.214,0.578
476,0.626,0.044,0.33
477,0.27,0.224,0.506
478,0.308,0.398,0.294
479,0.276,0.158,0.566
480,0.054,0.18,0.766
481,0.116,0.47,0.414
482,0.268,0.516,0.216
483,0.156,0.094,0.75
484,0.236,0.07,0.694
485,0.444,0.134,0.422
486,0.088,0.306,0.606
487,0.172,0.204,0.624
488,0.184,0.258,0.558
489,0.208,0.036,0.756
490,0.01,0.412,0.578
491,0.1,0.082,0.818
492,0.084,0.296,0.62
493,0.254,0.07,0.676
494,0.078,0.566,0.356
495,0.1,0.504,0.396
496,0.186,0.12,0.694
497,0.982,0.004,0.014
498,0.442,0.134,0.424
499,0.276,0.086,0.638
500,0.012,0.27,0.718
501,0.188,0.08,0.732
502,0.208,0.578,0.214
503,0.192,0.096,0.712
504,0.072,0.072,0.856
505,0.994,0.0,0.006
506,0.186,0.112,0.702
507,0.308,0.278,0.414
508,0.158,0.09,0.752
509,0.978,0.004,0.018
510,0.032,0.534,0.434
511,0.18,0.66,0.16
512,0.012,0.256,0.732
513,0.098,0.124,0.778
514,0.454,0.23,0.316
515,0.08,0.752,0.168
516,0.836,0.028,0.136
517,0.03,0.32,0.65
518,0.326,0.412,0.262
519,0.15,0.08,0.77
520,0.214,0.11,0.676
521,0.112,0.36,0.528
522,0.512,0.094,0.394
523,0.616,0.052,0.332
524,0.16,0.344,0.496
525,0.208,0.122,0.67
526,0.208,0.458,0.334
527,0.094,0.114,0.792
528,0.15,0.052,0.798
529,0.188,0.184,0.628
530,0.286,0.434,0.28
531,0.14,0.294,0.566
532,0.158,0.134,0.708
533,0.248,0.13,0.622
534,0.092,0.068,0.84
535,0.262,0.076,0.662
536,0.138,0.154,0.708
537,0.076,0.486,0.438
538,0.658,0.03,0.312
539,0.432,0.072,0.496
540,0.496,0.2,0.304
541,0.096,0.512,0.392
542,0.524,0.136,0.34
543,0.128,0.11,0.762
544,0.21,0.208,0.582
545,0.452,0.226,0.322
546,0.494,0.304,0.202
547,0.37,0.312,0.318
548,0.186,0.27,0.544
549,0.014,0.05,0.936
550,0.198,0.158,0.644
551,0.06,0.162,0.778
552,0.158,0.364,0.478
553,0.172,0.192,0.636
554,0.216,0.224,0.56
555,0.016,0.35,0.634
556,0.778,0.056,0.166
557,0.658,0.018,0.324
558,0.546,0.176,0.278
559,0.032,0.258,0.71
560,0.234,0.156,0.61
561,0.122,0.076,0.802
562,0.548,0.23,0.222
563,0.084,0.308,0.608
564,0.186,0.182,0.632
565,0.986,0.002,0.012
566,0.316,0.076,0.608
567,0.168,0.03,0.802
568,0.11,0.132,0.758
569,0.032,0.134,0.834
570,0.404,0.102,0.494
571,0.108,0.114,0.778
572,0.118,0.506,0.376
573,0.146,0.256,0.598
574,0.162,0.544,0.294
575,0.19,0.072,0.738
576,0.082,0.132,0.786
577,0.37,0.072,0.558
578,0.394,0.15,0.456
579,0.008,0.878,0.114
580,0.066,0.112,0.822
581,0.05,0.218,0.732
582,0.752,0.108,0.14
583,0.552,0.124,0.324
584,0.166,0.36,0.474
585,0.02,0.34,0.64
586,0.154,0.31,0.536
587,0.124,0.51,0.366
588,0.23,0.22,0.55
589,0.198,0.418,0.384
590,0.134,0.28,0.586
591,0.116,0.126,0.758
592,0.326,0.116,0.558
593,0.144,0.138,0.718
594,0.152,0.574,0.274
595,0.31,0.132,0.558
596,0.132,0.394,0.474
597,0.238,0.44,0.322
598,0.08,0.128,0.792
599,0.126,0.268,0.606
600,0.466,0.128,0.406
601,0.184,0.282,0.534
602,0.416,0.052,0.532
603,0.154,0.426,0.42
604,0.086,0.21,0.704
605,0.166,0.21,0.624
606,0.12,0.07,0.81
607,0.076,0.116,0.808
608,0.086,0.318,0.596
609,0.178,0.366,0.456
610,0.648,0.134,0.218
611,0.17,0.49,0.34
612,0.092,0.256,0.652
613,0.14,0.368,0.492
614,0.148,0.576,0.276
615,0.232,0.19,0.578
616,0.13,0.162,0.708
617,0.13,0.122,0.748
618,0.176,0.552,0.272
619,0.164,0.374,0.462
620,0.15,0.744,0.106
621,0.082,0.232,0.686
622,0.34,0.112,0.548
623,0.58,0.12,0.3
624,0.182,0.158,0.66
625,0.352,0.182,0.466
626,0.228,0.128,0.644
627,0.074,0.168,0.758
628,0.14,0.346,0.514
629,0.16,0.252,0.588
630,0.178,0.234,0.588
631,0.41,0.176,0.414
632,0.164,0.096,0.74
633,0.23,0.166,0.604
634,0.07,0.448,0.482
635,0.542,0.022,0.436
636,0.14,0.104,0.756
637,0.046,0.156,0.798
638,0.388,0.376,0.236
639,0.08,0.428,0.492
640,0.848,0.024,0.128
641,0.12,0.142,0.738
642,0.164,0.362,0.474
643,0.252,0.226,0.522
644,0.974,0.004,0.022
645,0.21,0.212,0.578
646,0.098,0.058,0.844
647,0.114,0.118,0.768
648,0.082,0.09,0.828
649,0.502,0.046,0.452
650,0.148,0.248,0.604
651,0.178,0.034,0.788
652,0.234,0.29,0.476
653,0.014,0.106,0.88
654,0.054,0.418,0.528
655,0.136,0.148,0.716
656,0.548,0.138,0.314
657,0.058,0.094,0.848
658,0.172,0.2,0.628
659,0.312,0.336,0.352
660,0.104,0.336,0.56
661,0.662,0.148,0.19
662,0.032,0.286,0.682
663,0.068,0.164,0.768
664,0.474,0.212,0.314
665,0.114,0.064,0.822
666,0.086,0.412,0.502
667,0.16,0.488,0.352
668,0.128,0.04,0.832
669,0.16,0.154,0.686
670,0.222,0.6,0.178
671,0.372,0.146,0.482
672,0.158,0.048,0.794
673,0.07,0.072,0.858
674,0.19,0.086,0.724
675,0.07,0.116,0.814
676,0.08,0.392,0.528
677,0.078,0.162,0.76
678,0.202,0.284,0.514
679,0.006,0.392,0.602
680,0.092,0.076,0.832
681,0.124,0.098,0.778
682,0.112,0.256,0.632
683,0.99,0.002,0.008
684,0.432,0.072,0.496
685,0.266,0.04,0.694
686,0.304,0.094,0.602
687,0.356,0.402,0.242
688,0.858,0.036,0.106
689,0.31,0.142,0.548
690,0.126,0.134,0.74
691,0.11,0.284,0.606
692,0.002,0.302,0.696
693,0.08,0.082,0.838
694,0.198,0.288,0.514
695,0.31,0.164,0.526
696,0.038,0.186,0.776
697,0.224,0.238,0.538
698,0.15,0.248,0.602
699,0.094,0.154,0.752
700,0.128,0.144,0.728
701,0.294,0.438,0.268
702,0.426,0.168,0.406
703,0.224,0.222,0.554
704,0.444,0.18,0.376
705,0.44,0.392,0.168
706,0.204,0.074,0.722
707,0.414,0.1,0.486
708,0.272,0.522,0.206
709,0.154,0.136,0.71
710,0.08,0.05,0.87
711,0.782,0.034,0.184
712,0.316,0.16,0.524
713,0.18,0.65,0.17
714,0.07,0.076,0.854
715,0.27,0.038,0.692
716,0.408,0.07,0.522
717,0.076,0.148,0.776
718,0.06,0.066,0.874
719,0.418,0.232,0.35
720,0.598,0.084,0.318
721,0.116,0.122,0.762
722,0.084,0.096,0.82
723,0.956,0.004,0.04
724,0.258,0.296,0.446
725,0.2,0.046,0.754
726,0.444,0.08,0.476
727,0.174,0.056,0.77
728,0.162,0.274,0.564
729,0.25,0.052,0.698
730,0.478,0.138,0.384
731,0.258,0.124,0.618
732,0.098,0.274,0.628
733,0.172,0.204,0.624
734,0.146,0.158,0.696
735,0.17,0.162,0.668
736,0.626,0.1,0.274
737,0.674,0.026,0.3
738,0.108,0.444,0.448
739,0.136,0.41,0.454
740,0.114,0.362,0.524
741,0.598,0.098,0.304
742,0.048,0.352,0.6
743,0.966,0.006,0.028
744,0.236,0.244,0.52
745,0.08,0.09,0.83
746,0.342,0.268,0.39
747,0.35,0.256,0.394
748,0.308,0.38,0.312
749,0.03,0.386,0.584
750,0.094,0.04,0.866
751,0.074,0.258,0.668
752,0.068,0.11,0.822
753,0.032,0.192,0.776
754,0.178,0.35,0.472
755,0.362,0.222,0.416
756,0.3,0.188,0.512
757,0.076,0.038,0.886
758,0.368,0.196,0.436
759,0.702,0.1,0.198
760,0.078,0.056,0.866
761,0.264,0.174,0.562
762,0.032,0.346,0.622
763,0.068,0.762,0.17
764,0.266,0.134,0.6
765,0.202,0.144,0.654
766,0.176,0.202,0.622
767,0.06,0.506,0.434
768,0.156,0.262,0.582
769,0.066,0.19,0.744
770,0.078,0.06,0.862
771,0.012,0.438,0.55
772,0.986,0.004,0.01
773,0.564,0.168,0.268
774,0.324,0.388,0.288
775,0.224,0.202,0.574
776,0.204,0.396,0.4
777,0.052,0.226,0.722
778,0.154,0.114,0.732
779,0.012,0.188,0.8
780,0.252,0.338,0.41
781,0.302,0.322,0.376
782,0.298,0.298,0.404
783,0.26,0.536,0.204
784,0.292,0.246,0.462
785,0.434,0.254,0.312
786,0.828,0.062,0.11
787,0.12,0.096,0.784
788,0.044,0.116,0.84
789,0.084,0.158,0.758
790,0.202,0.328,0.47
791,0.06,0.552,0.388
792,0.186,0.29,0.524
793,0.058,0.448,0.494
794,0.15,0.138,0.712
795,0.064,0.48,0.456
796,0.17,0.316,0.514
797,0.5,0.168,0.332
798,0.056,0.21,0.734
799,0.904,0.024,0.072
800,0.076,0.486,0.438
801,0.008,0.198,0.794
802,0.396,0.166,0.438
803,0.07,0.15,0.78
804,0.324,0.014,0.662
805,0.562,0.172,0.266
806,0.094,0.23,0.676
807,0.576,0.24,0.184
808,0.126,0.314,0.56
809,0.482,0.22,0.298
810,0.082,0.264,0.654
811,0.144,0.44,0.416
812,0.178,0.056,0.766
813,0.052,0.138,0.81
814,0.086,0.148,0.766
815,0.11,0.46,0.43
816,0.164,0.166,0.67
817,0.32,0.222,0.458
818,0.08,0.122,0.798
819,0.086,0.158,0.756
820,0.176,0.214,0.61
821,0.164,0.02,0.816
822,0.258,0.186,0.556
823,0.352,0.098,0.55
824,0.708,0.052,0.24
825,0.218,0.158,0.624
826,0.378,0.292,0.33
827,0.442,0.106,0.452
828,0.468,0.032,0.5
829,0.082,0.208,0.71
830,0.51,0.058,0.432
831,0.374,0.058,0.568
832,0.144,0.252,0.604
833,0.222,0.284,0.494
834,0.014,0.222,0.764
835,0.618,0.054,0.328
836,0.446,0.376,0.178
837,0.1,0.22,0.68
838,0.112,0.544,0.344
839,0.426,0.096,0.478
840,0.49,0.148,0.362
841,0.428,0.086,0.486
842,0.64,0.098,0.262
843,0.506,0.176,0.318
844,0.1,0.25,0.65
845,0.954,0.012,0.034
846,0.464,0.126,0.41
847,0.122,0.482,0.396
848,0.116,0.106,0.778
849,0.964,0.01,0.026
850,0.03,0.104,0.866
851,0.21,0.604,0.186
852,0.236,0.06,0.704
853,0.184,0.176,0.64
854,0.278,0.262,0.46
855,0.268,0.228,0.504
856,0.31,0.232,0.458
857,0.106,0.632,0.262
858,0.188,0.194,0.618
859,0.178,0.08,0.742
860,0.022,0.364,0.614
861,0.114,0.362,0.524
862,0.068,0.54,0.392
863,0.398,0.22,0.382
864,0.19,0.102,0.708
865,0.228,0.228,0.544
866,0.094,0.162,0.744
867,0.108,0.062,0.83
868,0.272,0.306,0.422
869,0.244,0.13,0.626
870,0.122,0.16,0.718
871,0.068,0.106,0.826
872,0.09,0.042,0.868
873,0.424,0.06,0.516
874,0.1,0.38,0.52
875,0.03,0.144,0.826
876,0.206,0.446,0.348
877,0.368,0.17,0.462
878,0.956,0.008,0.036
879,0.088,0.142,0.77
880,0.396,0.07,0.534
881,0.256,0.212,0.532
882,0.208,0.23,0.562
883,0.06,0.59,0.35
884,0.022,0.388,0.59
885,0.172,0.128,0.7
886,0.128,0.432,0.44
887,0.154,0.154,0.692
888,0.258,0.242,0.5
889,0.278,0.178,0.544
890,0.032,0.264,0.704
891,0.514,0.196,0.29
892,0.078,0.51,0.412
893,0.2,0.424,0.376
894,0.23,0.398,0.372
895,0.086,0.156,0.758
896,0.046,0.62,0.334
897,0.24,0.156,0.604
898,0.282,0.05,0.668
899,0.196,0.116,0.688
900,0.164,0.454,0.382
901,0.06,0.38,0.56
902,0.302,0.244,0.454
903,0.078,0.248,0.674
904,0.936,0.016,0.048
905,0.21,0.28,0.51
906,0.178,0.59,0.232
907,0.19,0.228,0.582
908,0.064,0.568,0.368
909,0.266,0.298,0.436
910,0.978,0.008,0.014
911,0.196,0.416,0.388
912,0.776,0.078,0.146
913,0.148,0.334,0.518
914,0.074,0.35,0.576
915,0.172,0.366,0.462
916,0.418,0.018,0.564
917,0.258,0.108,0.634
918,0.032,0.31,0.658
919,0.112,0.262,0.626
920,0.204,0.068,0.728
921,0.13,0.262,0.608
922,0.328,0.266,0.406
923,0.124,0.412,0.464
924,0.22,0.188,0.592
925,0.162,0.082,0.756
926,0.012,0.372,0.616
927,0.496,0.198,0.306
928,0.474,0.22,0.306
929,0.17,0.19,0.64
930,0.256,0.018,0.726
931,0.426,0.148,0.426
932,0.132,0.182,0.686
933,0.056,0.186,0.758
934,0.48,0.166,0.354
935,0.808,0.036,0.156
936,0.12,0.174,0.706
937,0.082,0.158,0.76
938,0.214,0.028,0.758
939,0.99,0.006,0.004
940,0.21,0.174,0.616
941,0.57,0.094,0.336
942,0.222,0.162,0.616
943,0.37,0.46,0.17
944,0.908,0.03,0.062
945,0.404,0.096,0.5
946,0.38,0.242,0.378
947,0.04,0.048,0.912
948,0.554,0.354,0.092
949,0.1,0.122,0.778
950,0.204,0.262,0.534
951,0.37,0.186,0.444
952,0.014,0.052,0.934
953,0.066,0.13,0.804
954,0.506,0.028,0.466
955,0.228,0.224,0.548
956,0.136,0.67,0.194
957,0.526,0.104,0.37
958,0.798,0.014,0.188
959,0.34,0.322,0.338
960,0.138,0.336,0.526
961,0.248,0.016,0.736
962,0.48,0.088,0.432
963,0.948,0.008,0.044
964,0.75,0.07,0.18
965,0.522,0.142,0.336
966,0.992,0.004,0.004
967,0.202,0.344,0.454
968,0.012,0.074,0.914
969,0.206,0.466,0.328
970,0.148,0.144,0.708
971,0.094,0.062,0.844
972,0.304,0.18,0.516
973,0.078,0.202,0.72
974,0.118,0.058,0.824
975,0.034,0.7,0.266
976,0.598,0.242,0.16
977,0.21,0.098,0.692
978,0.014,0.038,0.948
979,0.21,0.288,0.502
980,0.548,0.094,0.358
981,0.448,0.178,0.374
982,0.164,0.386,0.45
983,0.478,0.14,0.382
984,0.57,0.066,0.364
985,0.116,0.152,0.732
986,0.174,0.236,0.59
987,0.474,0.108,0.418
988,0.06,0.69,0.25
989,0.684,0.122,0.194
990,0.082,0.364,0.554
991,0.122,0.128,0.75
992,0.322,0.062,0.616
993,0.216,0.192,0.592
994,0.46,0.206,0.334
995,0.106,0.238,0.656
996,0.44,0.162,0.398
997,0.058,0.23,0.712
998,0.07,0.268,0.662
999,0.194,0.152,0.654
1000,0.242,0.038,0.72
1001,0.08,0.128,0.792
1002,0.416,0.226,0.358
1003,0.104,0.112,0.784
1004,0.146,0.292,0.562
1005,0.116,0.162,0.722
1006,0.47,0.238,0.292
1007,0.058,0.11,0.832
1008,0.048,0.406,0.546
1009,0.854,0.046,0.1
1010,0.164,0.718,0.118
1011,0.358,0.034,0.608
1012,0.098,0.052,0.85
1013,0.248,0.174,0.578
1014,0.034,0.058,0.908
1015,0.796,0.012,0.192
1016,0.272,0.044,0.684
1017,0.14,0.054,0.806
1018,0.112,0.064,0.824
1019,0.174,0.048,0.778
1020,0.282,0.384,0.334
1021,0.232,0.23,0.538
1022,0.3,0.058,0.642
1023,0.098,0.306,0.596
1024,0.206,0.354,0.44
1025,0.104,0.272,0.624
1026,0.044,0.106,0.85
1027,0.034,0.058,0.908
1028,0.452,0.04,0.508
1029,0.278,0.228,0.494
1030,0.674,0.116,0.21
1031,0.186,0.298,0.516
1032,0.142,0.07,0.788
1033,0.242,0.038,0.72
1034,0.056,0.04,0.904
1035,0.102,0.274,0.624
1036,0.078,0.146,0.776
1037,0.244,0.302,0.454
1038,0.114,0.228,0.658
1039,0.254,0.184,0.562
1040,0.306,0.09,0.604
1041,0.056,0.052,0.892
1042,0.19,0.138,0.672
1043,0.864,0.048,0.088
1044,0.038,0.074,0.888
1045,0.2,0.474,0.326
1046,0.058,0.238,0.704
1047,0.182,0.092,0.726
1048,0.25,0.192,0.558
1049,0.254,0.274,0.472
1050,0.102,0.286,0.612
1051,0.142,0.276,0.582
1052,0.324,0.406,0.27
1053,0.304,0.204,0.492
1054,0.158,0.19,0.652
1055,0.182,0.146,0.672
1056,0.16,0.234,0.606
1057,0.05,0.144,0.806
1058,0.26,0.104,0.636
1059,0.258,0.158,0.584
1060,0.776,0.066,0.158
1061,0.098,0.118,0.784
1062,0.984,0.002,0.014
1063,0.528,0.142,0.33
1064,0.114,0.224,0.662
1065,0.466,0.066,0.468
1066,0.034,0.05,0.916
1067,0.546,0.288,0.166
1068,0.086,0.224,0.69
1069,0.138,0.548,0.314
1070,0.242,0.378,0.38
1071,0.358,0.172,0.47
1072,0.51,0.306,0.184
1073,0.568,0.242,0.19
1074,0.09,0.392,0.518
1075,0.146,0.396,0.458
1076,0.174,0.174,0.652
1077,0.788,0.044,0.168
1078,0.022,0.232,0.746
1079,0.168,0.09,0.742
1080,0.1,0.128,0.772
1081,0.684,0.154,0.162
1082,0.096,0.194,0.71
1083,0.116,0.12,0.764
1084,0.026,0.324,0.65
1085,0.466,0.158,0.376
1086,0.088,0.222,0.69
1087,0.108,0.064,0.828
1088,0.558,0.02,0.422
1089,0.538,0.028,0.434
1090,0.146,0.072,0.782
1091,0.31,0.138,0.552
1092,0.144,0.25,0.606
1093,0.518,0.1,0.382
1094,0.196,0.062,0.742
1095,0.242,0.068,0.69
1096,0.172,0.058,0.77
1097,0.36,0.116,0.524
1098,0.118,0.05,0.832
1099,0.086,0.428,0.486
1100,0.548,0.192,0.26
1101,0.536,0.224,0.24
1102,0.142,0.3,0.558
1103,0.112,0.182,0.706
1104,0.212,0.176,0.612
1105,0.264,0.016,0.72
1106,0.014,0.058,0.928
1107,0.07,0.076,0.854
1108,0.126,0.362,0.512
1109,0.398,0.08,0.522
1110,0.132,0.146,0.722
1111,0.786,0.092,0.122
1112,0.284,0.054,0.662
1113,0.076,0.48,0.444
1114,0.932,0.024,0.044
1115,0.408,0.314,0.278
1116,0.018,0.664,0.318
1117,0.268,0.156,0.576
1118,0.222,0.31,0.468
1119,0.572,0.086,0.342
1120,0.094,0.24,0.666
1121,0.154,0.542,0.304
1122,0.114,0.078,0.808
1123,0.184,0.312,0.504
1124,0.106,0.136,0.758
1125,0.054,0.204,0.742
1126,0.026,0.338,0.636
1127,0.378,0.064,0.558
1128,0.026,0.268,0.706
1129,0.082,0.38,0.538
1130,0.008,0.264,0.728
1131,0.192,0.458,0.35
1132,0.2,0.35,0.45
1133,0.158,0.114,0.728
1134,0.116,0.264,0.62
1135,0.42,0.024,0.556
1136,0.464,0.34,0.196
1137,0.792,0.03,0.178
1138,0.024,0.224,0.752
1139,0.256,0.162,0.582
1140,0.122,0.182,0.696
1141,0.318,0.194,0.488
1142,0.092,0.172,0.736
1143,0.25,0.276,0.474
1144,0.428,0.134,0.438
1145,0.132,0.47,0.398
1146,0.266,0.474,0.26
1147,0.436,0.05,0.514
1148,0.516,0.196,0.288
1149,0.04,0.308,0.652
1150,0.062,0.05,0.888
1151,0.186,0.316,0.498
1152,0.968,0.004,0.028
1153,0.09,0.076,0.834
1154,0.15,0.658,0.192
1155,0.118,0.262,0.62
1156,0.138,0.402,0.46
1157,0.38,0.342,0.278
1158,0.236,0.402,0.362
1159,0.098,0.034,0.868
1160,0.11,0.23,0.66
1161,0.184,0.038,0.778
1162,0.076,0.286,0.638
1163,0.354,0.296,0.35
1164,0.036,0.364,0.6
1165,0.032,0.182,0.786
1166,0.958,0.004,0.038
1167,0.586,0.176,0.238
1168,0.978,0.002,0.02
1169,0.502,0.186,0.312
1170,0.246,0.072,0.682
1171,0.13,0.14,0.73
1172,0.088,0.208,0.704
1173,0.092,0.126,0.782
1174,0.038,0.344,0.618
1175,0.23,0.3,0.47
1176,0.38,0.164,0.456
1177,0.268,0.148,0.584
1178,0.234,0.428,0.338
1179,0.232,0.468,0.3
1180,0.472,0.208,0.32
1181,0.202,0.18,0.618
1182,0.368,0.184,0.448
1183,0.014,0.342,0.644
1184,0.028,0.32,0.652
1185,0.212,0.34,0.448
1186,0.244,0.33,0.426
1187,0.68,0.08,0.24
1188,0.404,0.112,0.484
1189,0.038,0.09,0.872
1190,0.172,0.214,0.614
1191,0.314,0.388,0.298
1192,0.158,0.03,0.812
1193,0.01,0.026,0.964
1194,0.506,0.112,0.382
1195,0.228,0.328,0.444
1196,0.206,0.164,0.63
1197,0.098,0.056,0.846
1198,0.078,0.218,0.704
1199,0.084,0.34,0.576
1200,0.128,0.198,0.674
1201,0.158,0.266,0.576
1202,0.492,0.116,0.392
1203,0.084,0.12,0.796
1204,0.488,0.096,0.416
1205,0.978,0.008,0.014
1206,0.172,0.196,0.632
1207,0.034,0.266,0.7
1208,0.4,0.104,0.496
1209,0.678,0.056,0.266
1210,0.312,0.13,0.558
1211,0.252,0.178,0.57
1212,0.256,0.152,0.592
1213,0.64,0.192,0.168
1214,0.03,0.182,0.788
1215,0.016,0.84,0.144
1216,0.162,0.064,0.774
1217,0.174,0.182,0.644
1218,0.228,0.1,0.672
1219,0.044,0.034,0.922
1220,0.062,0.114,0.824
1221,0.102,0.272,0.626
1222,0.982,0.004,0.014
1223,0.12,0.066,0.814
1224,0.85,0.026,0.124
1225,0.248,0.238,0.514
1226,0.152,0.084,0.764
1227,0.186,0.228,0.586
1228,0.238,0.522,0.24
1229,0.066,0.542,0.392
1230,0.108,0.194,0.698
1231,0.13,0.184,0.686
1232,0.178,0.312,0.51
1233,0.228,0.18,0.592
1234,0.504,0.196,0.3
1235,0.212,0.404,0.384
1236,0.168,0.398,0.434
1237,0.15,0.5,0.35
1238,0.074,0.31,0.616
1239,0.384,0.172,0.444
1240,0.138,0.216,0.646
1241,0.052,0.078,0.87
1242,0.3,0.118,0.582
1243,0.038,0.046,0.916
1244,0.322,0.204,0.474
1245,0.03,0.102,0.868
1246,0.142,0.142,0.716
1247,0.078,0.602,0.32
1248,0.118,0.318,0.564
1249,0.338,0.274,0.388
1250,0.048,0.692,0.26
1251,0.554,0.152,0.294
1252,0.076,0.228,0.696
1253,0.284,0.098,0.618
1254,0.134,0.314,0.552
1255,0.578,0.156,0.266
1256,0.982,0.004,0.014
1257,0.594,0.26,0.146
1258,0.042,0.252,0.706
1259,0.268,0.48,0.252
1260,0.234,0.058,0.708
1261,0.046,0.286,0.668
1262,0.162,0.15,0.688
1263,0.052,0.382,0.566
1264,0.486,0.122,0.392
1265,0.08,0.48,0.44
1266,0.17,0.046,0.784
1267,0.028,0.38,0.592
1268,0.222,0.188,0.59
1269,0.084,0.216,0.7
1270,0.156,0.238,0.606
1271,0.226,0.17,0.604
1272,0.914,0.018,0.068
1273,0.118,0.298,0.584
1274,0.074,0.104,0.822
1275,0.202,0.162,0.636
1276,0.118,0.092,0.79
1277,0.086,0.202,0.712
1278,0.094,0.262,0.644
1279,0.392,0.2,0.408
1280,0.998,0.0,0.002
1281,0.102,0.148,0.75
1282,0.514,0.19,0.296
1283,0.396,0.412,0.192
1284,0.144,0.034,0.822
1285,0.26,0.46,0.28
1286,0.938,0.012,0.05
1287,0.14,0.034,0.826
1288,0.278,0.094,0.628
1289,0.484,0.08,0.436
1290,0.364,0.482,0.154
1291,0.22,0.034,0.746
1292,0.154,0.112,0.734
1293,0.38,0.21,0.41
1294,0.826,0.022,0.152
1295,0.622,0.166,0.212
1296,0.016,0.796,0.188
1297,0.288,0.098,0.614
1298,0.468,0.2,0.332
1299,0.116,0.538,0.346
1300,0.256,0.334,0.41
1301,0.204,0.24,0.556
1302,0.054,0.034,0.912
1303,0.074,0.356,0.57
1304,0.372,0.232,0.396
1305,0.206,0.184,0.61
1306,0.568,0.032,0.4
1307,0.34,0.158,0.502
1308,0.234,0.082,0.684
1309,0.106,0.452,0.442
1310,0.15,0.21,0.64
1311,0.222,0.176,0.602
1312,0.092,0.268,0.64
1313,0.076,0.392,0.532
1314,0.254,0.192,0.554
1315,0.11,0.394,0.496
1316,0.974,0.004,0.022
1317,0.248,0.122,0.63
1318,0.41,0.246,0.344
1319,0.084,0.036,0.88
1320,0.346,0.112,0.542
1321,0.046,0.086,0.868
1322,0.382,0.276,0.342
1323,0.03,0.344,0.626
1324,0.196,0.062,0.742
1325,0.146,0.126,0.728
1326,0.106,0.384,0.51
1327,0.164,0.052,0.784
1328,0.082,0.186,0.732
1329,0.104,0.234,0.662
1330,0.284,0.262,0.454
1331,0.164,0.192,0.644
1332,0.282,0.034,0.684
1333,0.438,0.056,0.506
1334,0.13,0.364,0.506
1335,0.468,0.294,0.238
1336,0.276,0.23,0.494
1337,0.45,0.204,0.346
1338,0.184,0.156,0.66
1339,0.032,0.124,0.844
1340,0.074,0.244,0.682
1341,0.286,0.274,0.44
1342,0.054,0.358,0.588
1343,0.224,0.474,0.302
1344,0.096,0.182,0.722
1345,0.164,0.272,0.564
1346,0.506,0.256,0.238
1347,0.1,0.174,0.726
1348,0.074,0.114,0.812
1349,0.102,0.094,0.804
1350,0.49,0.17,0.34
1351,0.182,0.168,0.65
1352,0.296,0.108,0.596
1353,0.388,0.068,0.544
1354,0.202,0.158,0.64
1355,0.058,0.028,0.914
1356,0.11,0.262,0.628
1357,0.022,0.054,0.924
1358,0.606,0.044,0.35
1359,0.036,0.186,0.778
1360,0.25,0.102,0.648
1361,0.294,0.074,0.632
1362,0.528,0.102,0.37
1363,0.472,0.04,0.488
1364,0.05,0.226,0.724
1365,0.088,0.414,0.498
1366,0.298,0.488,0.214
1367,0.568,0.15,0.282
1368,0.166,0.156,0.678
1369,0.526,0.106,0.368
1370,0.078,0.598,0.324
1371,0.284,0.096,0.62
1372,0.094,0.27,0.636
1373,0.1,0.04,0.86
1374,0.064,0.228,0.708
1375,0.866,0.038,0.096
1376,0.104,0.446,0.45
1377,0.032,0.264,0.704
1378,0.438,0.076,0.486
1379,0.422,0.082,0.496
1380,0.172,0.38,0.448
1381,0.126,0.094,0.78
1382,0.132,0.112,0.756
1383,0.158,0.556,0.286
1384,0.238,0.258,0.504
1385,0.142,0.208,0.65
1386,0.326,0.412,0.262
1387,0.114,0.266,0.62
1388,0.196,0.26,0.544
1389,0.18,0.178,0.642
1390,0.142,0.11,0.748
1391,0.232,0.096,0.672
1392,0.446,0.09,0.464
1393,0.114,0.462,0.424
1394,0.026,0.32,0.654
1395,0.14,0.184,0.676
1396,0.188,0.032,0.78
1397,0.61,0.194,0.196
1398,0.218,0.04,0.742
1399,0.034,0.328,0.638
1400,0.05,0.172,0.778
1401,0.184,0.068,0.748
1402,0.022,0.04,0.938
1403,0.33,0.102,0.568
1404,0.168,0.506,0.326
1405,0.064,0.154,0.782
1406,0.046,0.342,0.612
1407,0.016,0.064,0.92
1408,0.046,0.316,0.638
1409,0.332,0.056,0.612
1410,0.566,0.194,0.24
1411,0.034,0.08,0.886
1412,0.186,0.088,0.726
1413,0.038,0.2,0.762
1414,0.016,0.22,0.764
1415,0.042,0.656,0.302
1416,0.578,0.176,0.246
1417,0.216,0.59,0.194
1418,0.24,0.132,0.628
1419,0.052,0.246,0.702
1420,0.51,0.166,0.324
1421,0.166,0.048,0.786
1422,0.168,0.146,0.686
1423,0.026,0.414,0.56
1424,0.148,0.126,0.726
1425,0.202,0.106,0.692
1426,0.112,0.198,0.69
1427,0.032,0.252,0.716
1428,0.258,0.248,0.494
1429,0.326,0.334,0.34
1430,0.058,0.408,0.534
1431,0.194,0.222,0.584
1432,0.274,0.476,0.25
1433,0.086,0.066,0.848
1434,0.61,0.134,0.256
1435,0.362,0.17,0.468
1436,0.978,0.008,0.014
1437,0.096,0.172,0.732
1438,0.17,0.228,0.602
1439,0.41,0.144,0.446
1440,0.238,0.222,0.54
1441,0.048,0.276,0.676
1442,0.084,0.1,0.816
1443,0.052,0.192,0.756
1444,0.452,0.16,0.388
1445,0.314,0.216,0.47
1446,0.17,0.106,0.724
1447,0.052,0.08,0.868
1448,0.16,0.208,0.632
1449,0.068,0.054,0.878
1450,0.368,0.178,0.454
1451,0.162,0.148,0.69
1452,0.48,0.168,0.352
1453,0.036,0.43,0.534
1454,0.11,0.15,0.74
1455,0.2,0.132,0.668
1456,0.126,0.162,0.712
1457,0.094,0.11,0.796
1458,0.166,0.204,0.63
1459,0.182,0.16,0.658
1460,0.794,0.088,0.118
1461,0.096,0.102,0.802
1462,0.352,0.072,0.576
1463,0.07,0.236,0.694
1464,0.012,0.058,0.93
1465,0.104,0.19,0.706
1466,0.056,0.224,0.72
1467,0.202,0.132,0.666
1468,0.292,0.084,0.624
1469,0.018,0.862,0.12
1470,0.198,0.218,0.584
1471,0.342,0.172,0.486
1472,0.928,0.014,0.058
1473,0.334,0.09,0.576
1474,0.078,0.1,0.822
1475,0.044,0.13,0.826
1476,0.138,0.284,0.578
1477,0.162,0.226,0.612
1478,0.112,0.056,0.832
1479,0.192,0.228,0.58
1480,0.042,0.116,0.842
1481,0.07,0.128,0.802
1482,0.306,0.312,0.382
1483,0.122,0.498,0.38
1484,0.044,0.188,0.768
1485,0.312,0.392,0.296
1486,0.564,0.092,0.344
1487,0.136,0.24,0.624
1488,0.43,0.06,0.51
1489,0.146,0.114,0.74
1490,0.282,0.308,0.41
1491,0.152,0.192,0.656
1492,0.654,0.03,0.316
1493,0.2,0.456,0.344
1494,0.072,0.056,0.872
1495,0.034,0.316,0.65
1496,0.212,0.058,0.73
1497,0.11,0.106,0.784
1498,0.15,0.114,0.736
1499,0.972,0.004,0.024
1500,0.22,0.334,0.446
1501,0.24,0.266,0.494
1502,0.48,0.098,0.422
1503,0.016,0.268,0.716
1504,0.874,0.05,0.076
1505,0.038,0.186,0.776
1506,0.99,0.006,0.004
1507,0.076,0.306,0.618
1508,0.424,0.076,0.5
1509,0.156,0.17,0.674
1510,0.124,0.414,0.462
1511,0.038,0.054,0.908
1512,0.08,0.154,0.766
1513,0.338,0.328,0.334
1514,0.028,0.408,0.564
1515,0.456,0.178,0.366
1516,0.146,0.178,0.676
1517,0.17,0.11,0.72
1518,0.206,0.206,0.588
1519,0.196,0.204,0.6
1520,0.356,0.222,0.422
1521,0.254,0.362,0.384
1522,0.234,0.472,0.294
1523,0.514,0.19,0.296
1524,0.284,0.09,0.626
1525,0.082,0.038,0.88
1526,0.094,0.472,0.434
1527,0.384,0.354,0.262
1528,0.126,0.216,0.658
1529,0.88,0.044,0.076
1530,0.194,0.08,0.726
1531,0.066,0.232,0.702
1532,0.134,0.148,0.718
1533,0.11,0.466,0.424
1534,0.12,0.126,0.754
1535,0.112,0.112,0.776
1536,0.102,0.026,0.872
1537,0.076,0.164,0.76
1538,0.236,0.034,0.73
1539,0.122,0.264,0.614
1540,0.046,0.156,0.798
1541,0.526,0.198,0.276
1542,0.07,0.25,0.68
1543,0.118,0.15,0.732
1544,0.18,0.282,0.538
1545,0.078,0.238,0.684
1546,0.14,0.476,0.384
1547,0.17,0.46,0.37
1548,0.408,0.218,0.374
1549,0.218,0.63,0.152
1550,0.048,0.348,0.604
1551,0.108,0.064,0.828
1552,0.388,0.3,0.312
1553,0.264,0.396,0.34
1554,0.122,0.09,0.788
1555,0.394,0.238,0.368
1556,0.152,0.434,0.414
1557,0.086,0.086,0.828
1558,0.188,0.096,0.716
1559,0.148,0.314,0.538
1560,0.198,0.264,0.538
1561,0.18,0.29,0.53
1562,0.144,0.068,0.788
1563,0.11,0.218,0.672
1564,0.466,0.238,0.296
1565,0.158,0.288,0.554
1566,0.23,0.126,0.644
1567,0.026,0.248,0.726
1568,0.084,0.482,0.434
1569,0.094,0.16,0.746
1570,0.098,0.36,0.542
1571,0.2,0.184,0.616
1572,0.034,0.432,0.534
1573,0.204,0.378,0.418
1574,0.048,0.246,0.706
1575,0.148,0.398,0.454
1576,0.314,0.316,0.37
1577,0.738,0.094,0.168
1578,0.218,0.37,0.412
1579,0.126,0.168,0.706
1580,0.444,0.286,0.27
1581,0.15,0.374,0.476
1582,0.248,0.3,0.452
1583,0.04,0.294,0.666
1584,0.082,0.416,0.502
1585,0.2,0.118,0.682
1586,0.418,0.134,0.448
1587,0.024,0.33,0.646
1588,0.25,0.164,0.586
1589,0.046,0.148,0.806
1590,0.52,0.16,0.32
1591,0.046,0.398,0.556
1592,0.322,0.146,0.532
1593,0.06,0.07,0.87
1594,0.092,0.318,0.59
1595,0.1,0.126,0.774
1596,0.408,0.224,0.368
1597,0.008,0.178,0.814
1598,0.822,0.054,0.124
1599,0.068,0.074,0.858
1600,0.912,0.03,0.058
1601,0.04,0.022,0.938
1602,0.174,0.122,0.704
1603,0.15,0.248,0.602
1604,0.114,0.418,0.468
1605,0.796,0.058,0.146
1606,0.202,0.08,0.718
1607,0.288,0.484,0.228
1608,0.038,0.222,0.74
1609,0.128,0.212,0.66
1610,0.172,0.13,0.698
1611,0.384,0.19,0.426
1612,0.244,0.25,0.506
1613,0.554,0.152,0.294
1614,0.352,0.062,0.586
1615,0.07,0.304,0.626
1616,0.6,0.08,0.32
1617,0.2,0.368,0.432
1618,0.038,0.042,0.92
1619,0.336,0.158,0.506
1620,0.156,0.054,0.79
1621,0.11,0.154,0.736
1622,0.05,0.028,0.922
1623,0.246,0.308,0.446
1624,0.292,0.504,0.204
1625,0.084,0.06,0.856
1626,0.114,0.176,0.71
1627,0.058,0.246,0.696
1628,0.188,0.062,0.75
1629,0.14,0.112,0.748
1630,0.17,0.078,0.752
1631,0.216,0.212,0.572
1632,0.212,0.304,0.484
1633,0.1,0.136,0.764
1634,0.154,0.67,0.176
1635,0.25,0.184,0.566
1636,0.078,0.038,0.884
1637,0.17,0.046,0.784
1638,0.178,0.368,0.454
1639,0.108,0.06,0.832
1640,0.128,0.112,0.76
1641,0.294,0.216,0.49
1642,0.026,0.614,0.36
1643,0.134,0.202,0.664
1644,0.11,0.178,0.712
1645,0.58,0.228,0.192
1646,0.292,0.426,0.282
1647,0.158,0.25,0.592
1648,0.192,0.118,0.69
1649,0.362,0.112,0.526
1650,0.136,0.518,0.346
1651,0.054,0.078,0.868
1652,0.446,0.128,0.426
1653,0.152,0.084,0.764
1654,0.116,0.014,0.87
1655,0.334,0.206,0.46
1656,0.068,0.354,0.578
1657,0.294,0.048,0.658
1658,0.332,0.154,0.514
1659,0.088,0.06,0.852
1660,0.076,0.258,0.666
1661,0.126,0.342,0.532
1662,0.062,0.13,0.808
1663,0.168,0.22,0.612
1664,0.228,0.466,0.306
1665,0.09,0.146,0.764
1666,0.07,0.052,0.878
1667,0.04,0.216,0.744
1668,0.026,0.05,0.924
1669,0.144,0.176,0.68
1670,0.618,0.08,0.302
1671,0.206,0.136,0.658
1672,0.562,0.132,0.306
1673,0.074,0.794,0.132
1674,0.062,0.462,0.476
1675,0.104,0.054,0.842
1676,0.11,0.22,0.67
1677,0.134,0.756,0.11
1678,0.08,0.048,0.872
1679,0.466,0.064,0.47
1680,0.216,0.124,0.66
1681,0.204,0.09,0.706
1682,0.096,0.068,0.836
1683,0.082,0.62,0.298
1684,0.134,0.054,0.812
1685,0.346,0.322,0.332
1686,0.23,0.064,0.706
1687,0.126,0.268,0.606
1688,0.07,0.118,0.812
1689,0.734,0.084,0.182
1690,0.23,0.414,0.356
1691,0.124,0.076,0.8
1692,0.032,0.284,0.684
1693,0.116,0.076,0.808
1694,0.542,0.238,0.22
1695,0.148,0.014,0.838
1696,0.26,0.074,0.666
1697,0.15,0.182,0.668
1698,0.412,0.016,0.572
1699,0.384,0.132,0.484
1700,0.526,0.106,0.368
1701,0.112,0.248,0.64
1702,0.216,0.264,0.52
1703,0.204,0.044,0.752
1704,0.086,0.266,0.648
1705,0.978,0.004,0.018
1706,0.138,0.084,0.778
1707,0.176,0.15,0.674
1708,0.102,0.158,0.74
1709,0.068,0.422,0.51
1710,0.21,0.108,0.682
1711,0.098,0.082,0.82
1712,0.07,0.184,0.746
1713,0.018,0.284,0.698
1714,0.842,0.06,0.098
1715,0.058,0.118,0.824
1716,0.602,0.032,0.366
1717,0.366,0.02,0.614
1718,0.05,0.064,0.886
1719,0.1,0.244,0.656
1720,0.966,0.008,0.026
1721,0.094,0.624,0.282
1722,0.492,0.176,0.332
1723,0.982,0.008,0.01
1724,0.046,0.292,0.662
1725,0.056,0.466,0.478
1726,0.162,0.082,0.756
1727,0.08,0.116,0.804
1728,0.116,0.168,0.716
1729,0.512,0.09,0.398
1730,0.078,0.406,0.516
1731,0.168,0.18,0.652
1732,0.506,0.146,0.348
1733,0.076,0.106,0.818
1734,0.068,0.19,0.742
1735,0.33,0.258,0.412
1736,0.05,0.23,0.72
1737,0.21,0.222,0.568
1738,0.104,0.156,0.74
1739,0.04,0.628,0.332
1740,0.086,0.124,0.79
1741,0.232,0.328,0.44
1742,0.028,0.332,0.64
1743,0.048,0.036,0.916
1744,0.192,0.452,0.356
1745,0.068,0.154,0.778
1746,0.036,0.258,0.706
1747,0.85,0.026,0.124
1748,0.17,0.144,0.686
1749,0.11,0.24,0.65
1750,0.238,0.284,0.478
1751,0.686,0.068,0.246
1752,0.2,0.194,0.606
1753,0.184,0.09,0.726
1754,0.008,0.312,0.68
1755,0.098,0.076,0.826
1756,0.084,0.27,0.646
1757,0.236,0.628,0.136
1758,0.27,0.174,0.556
1759,0.096,0.338,0.566
1760,0.024,0.272,0.704
1761,0.026,0.422,0.552
1762,0.114,0.11,0.776
1763,0.034,0.602,0.364
1764,0.314,0.208,0.478
1765,0.428,0.264,0.308
1766,0.058,0.21,0.732
1767,0.506,0.294,0.2
1768,0.166,0.426,0.408
1769,0.426,0.312,0.262
1770,0.06,0.36,0.58
1771,0.042,0.106,0.852
1772,0.334,0.418,0.248
1773,0.138,0.238,0.624
1774,0.196,0.04,0.764
1775,0.014,0.044,0.942
1776,0.086,0.478,0.436
1777,0.31,0.102,0.588
1778,0.05,0.154,0.796
1779,0.136,0.292,0.572
1780,0.264,0.138,0.598
1781,0.484,0.096,0.42
1782,0.26,0.114,0.626
1783,0.484,0.102,0.414
1784,0.096,0.632,0.272
1785,0.07,0.15,0.78
1786,0.142,0.184,0.674
1787,0.066,0.106,0.828
1788,0.19,0.038,0.772
1789,0.038,0.31,0.652
1790,0.082,0.306,0.612
1791,0.092,0.07,0.838
1792,0.186,0.162,0.652
1793,0.122,0.066,0.812
1794,0.072,0.154,0.774
1795,0.38,0.098,0.522
1796,0.184,0.35,0.466
1797,0.092,0.316,0.592
1798,0.42,0.01,0.57
1799,0.09,0.204,0.706
1800,0.112,0.12,0.768
1801,0.44,0.264,0.296
1802,0.112,0.262,0.626
1803,0.218,0.584,0.198
1804,0.122,0.74,0.138
1805,0.186,0.518,0.296
1806,0.266,0.042,0.692
1807,0.28,0.256,0.464
1808,0.312,0.14,0.548
1809,0.584,0.112,0.304
1810,0.162,0.188,0.65
1811,0.624,0.02,0.356
1812,0.456,0.174,0.37
1813,0.036,0.11,0.854
1814,0.078,0.036,0.886
1815,0.098,0.248,0.654
1816,0.448,0.104,0.448
1817,0.318,0.144,0.538
1818,0.074,0.328,0.598
1819,0.112,0.372,0.516
1820,0.086,0.042,0.872
1821,0.594,0.126,0.28
1822,0.036,0.598,0.366
1823,0.312,0.276,0.412
1824,0.296,0.128,0.576
1825,0.124,0.056,0.82
1826,0.17,0.304,0.526
1827,0.054,0.172,0.774
1828,0.124,0.334,0.542
1829,0.168,0.258,0.574
1830,0.22,0.138,0.642
1831,0.13,0.21,0.66
1832,0.392,0.132,0.476
1833,0.52,0.158,0.322
1834,0.22,0.35,0.43
1835,0.706,0.018,0.276
