,proba_0,proba_1,proba_2
0,0.09,0.06,0.85
1,0.15,0.096,0.754
2,0.984,0.006,0.01
3,0.172,0.334,0.494
4,0.248,0.086,0.666
5,0.056,0.282,0.662
6,0.054,0.18,0.766
7,0.282,0.492,0.226
8,0.082,0.068,0.85
9,0.084,0.344,0.572
10,0.098,0.722,0.18
11,0.6,0.074,0.326
12,0.244,0.348,0.408
13,0.32,0.05,0.63
14,0.166,0.07,0.764
15,0.304,0.41,0.286
16,0.246,0.136,0.618
17,0.386,0.32,0.294
18,0.49,0.24,0.27
19,0.078,0.256,0.666
20,0.348,0.29,0.362
21,0.124,0.358,0.518
22,0.062,0.13,0.808
23,0.24,0.08,0.68
24,0.492,0.074,0.434
25,0.138,0.274,0.588
26,0.22,0.278,0.502
27,0.99,0.0,0.01
28,0.4,0.212,0.388
29,0.762,0.022,0.216
30,0.086,0.108,0.806
31,0.032,0.694,0.274
32,0.118,0.036,0.846
33,0.394,0.156,0.45
34,0.3,0.226,0.474
35,0.128,0.038,0.834
36,0.294,0.242,0.464
37,0.792,0.082,0.126
38,0.424,0.438,0.138
39,0.028,0.078,0.894
40,0.36,0.38,0.26
41,0.072,0.234,0.694
42,0.028,0.452,0.52
43,0.132,0.062,0.806
44,0.214,0.1,0.686
45,0.036,0.108,0.856
46,0.102,0.16,0.738
47,0.048,0.076,0.876
48,0.11,0.232,0.658
49,0.438,0.152,0.41
50,0.13,0.184,0.686
51,0.106,0.148,0.746
52,0.388,0.168,0.444
53,0.766,0.02,0.214
54,0.18,0.072,0.748
55,0.028,0.052,0.92
56,0.178,0.168,0.654
57,0.156,0.144,0.7
58,0.418,0.212,0.37
59,0.178,0.146,0.676
60,0.116,0.098,0.786
61,0.3,0.1,0.6
62,0.18,0.328,0.492
63,0.114,0.04,0.846
64,0.054,0.172,0.774
65,0.044,0.074,0.882
66,0.058,0.086,0.856
67,0.4,0.076,0.524
68,0.128,0.364,0.508
69,0.128,0.302,0.57
70,0.792,0.064,0.144
71,0.034,0.548,0.418
72,0.04,0.062,0.898
73,0.61,0.186,0.204
74,0.048,0.642,0.31
75,0.954,0.008,0.038
76,0.302,0.084,0.614
77,0.026,0.212,0.762
78,0.03,0.142,0.828
79,0.65,0.048,0.302
80,0.222,0.08,0.698
81,0.382,0.192,0.426
82,0.76,0.022,0.218
83,0.124,0.386,0.49
84,0.084,0.202,0.714
85,0.408,0.254,0.338
86,0.866,0.022,0.112
87,0.172,0.612,0.216
88,0.208,0.316,0.476
89,0.162,0.502,0.336
90,0.164,0.122,0.714
91,0.114,0.124,0.762
92,0.076,0.386,0.538
93,0.106,0.058,0.836
94,0.052,0.488,0.46
95,0.75,0.114,0.136
96,0.654,0.046,0.3
97,0.174,0.15,0.676
98,0.226,0.18,0.594
99,0.424,0.078,0.498
100,0.086,0.47,0.444
101,0.218,0.272,0.51
102,0.26,0.05,0.69
103,0.086,0.236,0.678
104,0.366,0.072,0.562
105,0.29,0.18,0.53
106,0.098,0.294,0.608
107,0.038,0.252,0.71
108,0.53,0.25,0.22
109,0.144,0.18,0.676
110,0.128,0.134,0.738
111,0.208,0.094,0.698
112,0.128,0.22,0.652
113,0.058,0.468,0.474
114,0.704,0.052,0.244
115,0.188,0.114,0.698
116,0.032,0.304,0.664
117,0.182,0.2,0.618
118,0.234,0.072,0.694
119,0.126,0.304,0.57
120,0.22,0.124,0.656
121,0.05,0.224,0.726
122,0.212,0.212,0.576
123,0.072,0.576,0.352
124,0.082,0.054,0.864
125,0.056,0.066,0.878
126,0.06,0.068,0.872
127,0.296,0.222,0.482
128,0.52,0.234,0.246
129,0.256,0.55,0.194
130,0.682,0.054,0.264
131,0.224,0.136,0.64
132,0.304,0.26,0.436
133,0.974,0.004,0.022
134,0.178,0.056,0.766
135,0.29,0.152,0.558
136,0.01,0.154,0.836
137,0.45,0.128,0.422
138,0.236,0.396,0.368
139,0.046,0.374,0.58
140,0.19,0.214,0.596
141,0.204,0.322,0.474
142,0.146,0.728,0.126
143,0.104,0.272,0.624
144,0.74,0.038,0.222
145,0.252,0.254,0.494
146,0.18,0.096,0.724
147,0.262,0.372,0.366
148,0.106,0.172,0.722
149,0.152,0.16,0.688
150,0.038,0.308,0.654
151,0.154,0.058,0.788
152,0.47,0.2,0.33
153,0.5,0.114,0.386
154,0.048,0.452,0.5
155,0.29,0.112,0.598
156,0.268,0.324,0.408
157,0.304,0.042,0.654
158,0.008,0.242,0.75
159,0.08,0.224,0.696
160,0.178,0.27,0.552
161,0.12,0.268,0.612
162,0.036,0.298,0.666
163,0.192,0.334,0.474
164,0.37,0.18,0.45
165,0.178,0.126,0.696
166,0.192,0.268,0.54
167,0.316,0.238,0.446
168,0.156,0.44,0.404
169,0.16,0.16,0.68
170,0.068,0.29,0.642
171,0.248,0.334,0.418
172,0.094,0.066,0.84
173,0.296,0.134,0.57
174,0.078,0.114,0.808
175,0.026,0.056,0.918
176,0.174,0.136,0.69
177,0.436,0.14,0.424
178,0.25,0.252,0.498
179,0.072,0.288,0.64
180,0.108,0.098,0.794
181,0.038,0.046,0.916
182,0.214,0.082,0.704
183,0.194,0.332,0.474
184,0.222,0.12,0.658
185,0.438,0.088,0.474
186,0.578,0.158,0.264
187,0.202,0.206,0.592
188,0.224,0.198,0.578
189,0.1,0.158,0.742
190,0.158,0.124,0.718
191,0.032,0.13,0.838
192,0.448,0.098,0.454
193,0.046,0.11,0.844
194,0.124,0.462,0.414
195,0.468,0.216,0.316
196,0.546,0.076,0.378
197,0.056,0.534,0.41
198,0.542,0.128,0.33
199,0.018,0.554,0.428
200,0.07,0.132,0.798
201,0.328,0.174,0.498
202,0.016,0.312,0.672
203,0.62,0.14,0.24
204,0.198,0.56,0.242
205,0.296,0.09,0.614
206,0.262,0.338,0.4
207,0.1,0.156,0.744
208,0.2,0.4,0.4
209,0.972,0.008,0.02
210,0.308,0.266,0.426
211,0.302,0.364,0.334
212,0.068,0.568,0.364
213,0.64,0.132,0.228
214,0.092,0.154,0.754
215,0.03,0.184,0.786
216,0.312,0.25,0.438
217,0.348,0.254,0.398
218,0.052,0.222,0.726
219,0.412,0.092,0.496
220,0.036,0.426,0.538
221,0.09,0.732,0.178
222,0.464,0.13,0.406
223,0.336,0.288,0.376
224,0.022,0.162,0.816
225,0.26,0.052,0.688
226,0.098,0.208,0.694
227,0.078,0.184,0.738
228,0.046,0.136,0.818
229,0.118,0.226,0.656
230,0.684,0.026,0.29
231,0.094,0.238,0.668
232,0.088,0.116,0.796
233,0.146,0.09,0.764
234,0.496,0.254,0.25
235,0.04,0.436,0.524
236,0.266,0.332,0.402
237,0.18,0.028,0.792
238,0.206,0.494,0.3
239,0.042,0.07,0.888
240,0.544,0.126,0.33
241,0.01,0.05,0.94
242,0.484,0.156,0.36
243,0.32,0.068,0.612
244,0.208,0.242,0.55
245,0.144,0.25,0.606
246,0.128,0.642,0.23
247,0.462,0.412,0.126
248,0.314,0.098,0.588
249,0.156,0.168,0.676
250,0.604,0.132,0.264
251,0.034,0.4,0.566
252,0.49,0.104,0.406
253,0.226,0.348,0.426
254,0.242,0.156,0.602
255,0.206,0.37,0.424
256,0.202,0.05,0.748
257,0.36,0.396,0.244
258,0.128,0.046,0.826
259,0.072,0.06,0.868
260,0.046,0.162,0.792
261,0.184,0.126,0.69
262,0.224,0.186,0.59
263,0.066,0.204,0.73
264,0.064,0.348,0.588
265,0.1,0.206,0.694
266,0.232,0.236,0.532
267,0.634,0.16,0.206
268,0.224,0.084,0.692
269,0.42,0.128,0.452
270,0.174,0.132,0.694
271,0.192,0.194,0.614
272,0.208,0.222,0.57
273,0.138,0.106,0.756
274,0.148,0.33,0.522
275,0.158,0.044,0.798
276,0.438,0.224,0.338
277,0.03,0.286,0.684
278,0.238,0.266,0.496
279,0.766,0.022,0.212
280,0.616,0.116,0.268
281,0.592,0.214,0.194
282,0.082,0.29,0.628
283,0.258,0.202,0.54
284,0.256,0.114,0.63
285,0.398,0.04,0.562
286,0.072,0.162,0.766
287,0.176,0.106,0.718
288,0.74,0.056,0.204
289,0.026,0.254,0.72
290,0.178,0.142,0.68
291,0.056,0.036,0.908
292,0.096,0.304,0.6
293,0.116,0.106,0.778
294,0.176,0.174,0.65
295,0.096,0.308,0.596
296,0.09,0.772,0.138
297,0.13,0.44,0.43
298,0.34,0.18,0.48
299,0.11,0.372,0.518
300,0.342,0.212,0.446
301,0.238,0.092,0.67
302,0.202,0.444,0.354
303,0.138,0.13,0.732
304,0.264,0.062,0.674
305,0.192,0.072,0.736
306,0.176,0.24,0.584
307,0.336,0.09,0.574
308,0.014,0.36,0.626
309,0.128,0.262,0.61
310,0.422,0.22,0.358
311,0.09,0.074,0.836
312,0.5,0.22,0.28
313,0.108,0.132,0.76
314,0.21,0.406,0.384
315,0.096,0.052,0.852
316,0.22,0.28,0.5
317,0.454,0.116,0.43
318,0.056,0.074,0.87
319,0.188,0.202,0.61
320,0.122,0.312,0.566
321,0.388,0.31,0.302
322,0.048,0.048,0.904
323,0.05,0.35,0.6
324,0.284,0.27,0.446
325,0.41,0.042,0.548
326,0.17,0.066,0.764
327,0.356,0.166,0.478
328,0.096,0.236,0.668
329,0.352,0.218,0.43
330,0.254,0.464,0.282
331,0.048,0.33,0.622
332,0.762,0.116,0.122
333,0.152,0.106,0.742
334,0.076,0.3,0.624
335,0.514,0.192,0.294
336,0.1,0.306,0.594
337,0.138,0.136,0.726
338,0.152,0.052,0.796
339,0.19,0.38,0.43
340,0.192,0.196,0.612
341,0.058,0.222,0.72
342,0.644,0.132,0.224
343,0.148,0.274,0.578
344,0.262,0.31,0.428
345,0.242,0.134,0.624
346,0.458,0.118,0.424
347,0.624,0.126,0.25
348,0.04,0.254,0.706
349,0.19,0.056,0.754
350,0.016,0.9,0.084
351,0.076,0.092,0.832
352,0.118,0.162,0.72
353,0.188,0.204,0.608
354,0.15,0.286,0.564
355,0.196,0.464,0.34
356,0.114,0.178,0.708
357,0.118,0.172,0.71
358,0.022,0.272,0.706
359,0.07,0.534,0.396
360,0.264,0.366,0.37
361,0.24,0.416,0.344
362,0.012,0.038,0.95
363,0.026,0.182,0.792
364,0.228,0.514,0.258
365,0.23,0.118,0.652
366,0.108,0.33,0.562
367,0.06,0.176,0.764
368,0.388,0.138,0.474
369,0.112,0.234,0.654
370,0.482,0.05,0.468
371,0.024,0.084,0.892
372,0.58,0.202,0.218
373,0.014,0.174,0.812
374,0.112,0.744,0.144
375,0.126,0.148,0.726
376,0.186,0.142,0.672
377,0.154,0.22,0.626
378,0.34,0.258,0.402
379,0.114,0.194,0.692
380,0.54,0.108,0.352
381,0.102,0.304,0.594
382,0.092,0.326,0.582
383,0.076,0.062,0.862
384,0.338,0.392,0.27
385,0.098,0.052,0.85
386,0.848,0.032,0.12
387,0.072,0.238,0.69
388,0.22,0.044,0.736
389,0.13,0.078,0.792
390,0.3,0.268,0.432
391,0.066,0.036,0.898
392,0.764,0.024,0.212
393,0.078,0.202,0.72
394,0.13,0.292,0.578
395,0.08,0.458,0.462
396,0.19,0.76,0.05
397,0.232,0.042,0.726
398,0.034,0.39,0.576
399,0.228,0.272,0.5
400,0.046,0.492,0.462
401,0.054,0.08,0.866
402,0.108,0.178,0.714
403,0.668,0.134,0.198
404,0.198,0.404,0.398
405,0.53,0.114,0.356
406,0.484,0.058,0.458
407,0.028,0.136,0.836
408,0.508,0.224,0.268
409,0.33,0.104,0.566
410,0.09,0.12,0.79
411,0.114,0.188,0.698
412,0.79,0.058,0.152
413,0.508,0.072,0.42
414,0.242,0.184,0.574
415,0.836,0.056,0.108
416,0.108,0.104,0.788
417,0.068,0.062,0.87
418,0.288,0.092,0.62
419,0.042,0.368,0.59
420,0.1,0.038,0.862
421,0.61,0.066,0.324
422,0.636,0.032,0.332
423,0.366,0.14,0.494
424,0.04,0.776,0.184
425,0.012,0.048,0.94
426,0.144,0.13,0.726
427,0.084,0.228,0.688
428,0.206,0.428,0.366
429,0.17,0.058,0.772
430,0.042,0.062,0.896
431,0.802,0.048,0.15
432,0.118,0.24,0.642
433,0.166,0.228,0.606
434,0.012,0.21,0.778
435,0.204,0.392,0.404
436,0.364,0.198,0.438
437,0.274,0.246,0.48
438,0.026,0.062,0.912
439,0.096,0.11,0.794
440,0.082,0.254,0.664
441,0.026,0.136,0.838
442,0.038,0.142,0.82
443,0.172,0.178,0.65
444,0.018,0.124,0.858
445,0.166,0.228,0.606
446,0.034,0.366,0.6
447,0.382,0.088,0.53
448,0.072,0.038,0.89
449,0.288,0.156,0.556
450,0.356,0.214,0.43
451,0.072,0.612,0.316
452,0.008,0.32,0.672
453,0.352,0.39,0.258
454,0.13,0.272,0.598
455,0.576,0.072,0.352
456,0.254,0.208,0.538
457,0.154,0.1,0.746
458,0.33,0.256,0.414
459,0.49,0.112,0.398
460,0.284,0.246,0.47
461,0.116,0.302,0.582
462,0.304,0.206,0.49
463,0.198,0.368,0.434
464,0.13,0.074,0.796
465,0.17,0.038,0.792
466,0.076,0.268,0.656
467,0.234,0.068,0.698
468,0.112,0.47,0.418
469,0.374,0.116,0.51
470,0.986,0.004,0.01
471,0.57,0.352,0.078
472,0.084,0.086,0.83
473,0.786,0.072,0.142
474,0.274,0.496,0.23
475,0.256,0.19,0.554
476,0.58,0.038,0.382
477,0.262,0.182,0.556
478,0.31,0.464,0.226
479,0.152,0.132,0.716
480,0.048,0.138,0.814
481,0.1,0.466,0.434
482,0.242,0.554,0.204
483,0.1,0.142,0.758
484,0.26,0.062,0.678
485,0.532,0.13,0.338
486,0.11,0.192,0.698
487,0.102,0.198,0.7
488,0.148,0.304,0.548
489,0.272,0.028,0.7
490,0.014,0.332,0.654
491,0.056,0.084,0.86
492,0.076,0.284,0.64
493,0.186,0.066,0.748
494,0.086,0.54,0.374
495,0.126,0.522,0.352
496,0.082,0.102,0.816
497,0.99,0.004,0.006
498,0.45,0.154,0.396
499,0.112,0.106,0.782
500,0.026,0.238,0.736
501,0.136,0.08,0.784
502,0.18,0.548,0.272
503,0.29,0.16,0.55
504,0.064,0.07,0.866
505,0.994,0.004,0.002
506,0.118,0.106,0.776
507,0.248,0.248,0.504
508,0.124,0.078,0.798
509,0.938,0.012,0.05
510,0.046,0.58,0.374
511,0.148,0.672,0.18
512,0.024,0.21,0.766
513,0.132,0.1,0.768
514,0.456,0.228,0.316
515,0.082,0.756,0.162
516,0.832,0.044,0.124
517,0.048,0.294,0.658
518,0.32,0.464,0.216
519,0.19,0.062,0.748
520,0.208,0.112,0.68
521,0.116,0.282,0.602
522,0.404,0.092,0.504
523,0.644,0.052,0.304
524,0.186,0.296,0.518
525,0.21,0.178,0.612
526,0.21,0.466,0.324
527,0.07,0.142,0.788
528,0.13,0.05,0.82
529,0.2,0.268,0.532
530,0.248,0.392,0.36
531,0.08,0.322,0.598
532,0.158,0.204,0.638
533,0.152,0.152,0.696
534,0.108,0.064,0.828
535,0.264,0.084,0.652
536,0.19,0.256,0.554
537,0.086,0.464,0.45
538,0.616,0.034,0.35
539,0.452,0.05,0.498
540,0.292,0.286,0.422
541,0.07,0.5,0.43
542,0.564,0.134,0.302
543,0.126,0.172,0.702
544,0.21,0.214,0.576
545,0.506,0.192,0.302
546,0.488,0.336,0.176
547,0.492,0.246,0.262
548,0.094,0.258,0.648
549,0.06,0.054,0.886
550,0.18,0.176,0.644
551,0.076,0.222,0.702
552,0.092,0.416,0.492
553,0.22,0.214,0.566
554,0.298,0.25,0.452
555,0.032,0.33,0.638
556,0.758,0.068,0.174
557,0.624,0.02,0.356
558,0.58,0.142,0.278
559,0.054,0.276,0.67
560,0.216,0.212,0.572
561,0.132,0.068,0.8
562,0.502,0.21,0.288
563,0.104,0.296,0.6
564,0.158,0.214,0.628
565,0.988,0.002,0.01
566,0.366,0.092,0.542
567,0.192,0.056,0.752
568,0.156,0.222,0.622
569,0.038,0.196,0.766
570,0.336,0.076,0.588
571,0.128,0.204,0.668
572,0.11,0.486,0.404
573,0.148,0.274,0.578
574,0.238,0.544,0.218
575,0.192,0.116,0.692
576,0.136,0.084,0.78
577,0.36,0.082,0.558
578,0.458,0.124,0.418
579,0.01,0.88,0.11
580,0.122,0.072,0.806
581,0.032,0.218,0.75
582,0.822,0.056,0.122
583,0.57,0.118,0.312
584,0.168,0.314,0.518
585,0.072,0.324,0.604
586,0.138,0.332,0.53
587,0.196,0.482,0.322
588,0.13,0.144,0.726
589,0.22,0.316,0.464
590,0.128,0.348,0.524
591,0.128,0.152,0.72
592,0.316,0.118,0.566
593,0.124,0.16,0.716
594,0.206,0.51,0.284
595,0.332,0.156,0.512
596,0.208,0.384,0.408
597,0.262,0.438,0.3
598,0.07,0.106,0.824
599,0.152,0.236,0.612
600,0.444,0.08,0.476
601,0.136,0.342,0.522
602,0.422,0.064,0.514
603,0.122,0.458,0.42
604,0.076,0.256,0.668
605,0.164,0.222,0.614
606,0.134,0.06,0.806
607,0.164,0.212,0.624
608,0.042,0.39,0.568
609,0.18,0.36,0.46
610,0.684,0.134,0.182
611,0.172,0.476,0.352
612,0.152,0.26,0.588
613,0.046,0.336,0.618
614,0.186,0.556,0.258
615,0.244,0.136,0.62
616,0.05,0.154,0.796
617,0.154,0.154,0.692
618,0.238,0.596,0.166
619,0.13,0.308,0.562
620,0.132,0.752,0.116
621,0.068,0.216,0.716
622,0.356,0.154,0.49
623,0.568,0.128,0.304
624,0.11,0.162,0.728
625,0.34,0.21,0.45
626,0.222,0.128,0.65
627,0.072,0.202,0.726
628,0.114,0.308,0.578
629,0.192,0.31,0.498
630,0.132,0.204,0.664
631,0.41,0.236,0.354
632,0.124,0.13,0.746
633,0.282,0.21,0.508
634,0.104,0.414,0.482
635,0.542,0.024,0.434
636,0.134,0.096,0.77
637,0.094,0.152,0.754
638,0.45,0.318,0.232
639,0.074,0.38,0.546
640,0.79,0.024,0.186
641,0.126,0.164,0.71
642,0.126,0.366,0.508
643,0.282,0.2,0.518
644,0.96,0.004,0.036
645,0.226,0.248,0.526
646,0.1,0.058,0.842
647,0.188,0.08,0.732
648,0.118,0.15,0.732
649,0.404,0.056,0.54
650,0.166,0.278,0.556
651,0.222,0.042,0.736
652,0.2,0.148,0.652
653,0.042,0.144,0.814
654,0.076,0.528,0.396
655,0.162,0.158,0.68
656,0.558,0.108,0.334
657,0.11,0.06,0.83
658,0.134,0.234,0.632
659,0.266,0.384,0.35
660,0.058,0.468,0.474
661,0.602,0.122,0.276
662,0.076,0.266,0.658
663,0.056,0.1,0.844
664,0.314,0.234,0.452
665,0.144,0.048,0.808
666,0.038,0.482,0.48
667,0.188,0.44,0.372
668,0.132,0.046,0.822
669,0.102,0.11,0.788
670,0.184,0.644,0.172
671,0.314,0.164,0.522
672,0.148,0.056,0.796
673,0.058,0.102,0.84
674,0.282,0.116,0.602
675,0.11,0.1,0.79
676,0.084,0.464,0.452
677,0.084,0.15,0.766
678,0.158,0.31,0.532
679,0.008,0.342,0.65
680,0.118,0.134,0.748
681,0.11,0.066,0.824
682,0.128,0.244,0.628
683,0.992,0.0,0.008
684,0.462,0.084,0.454
685,0.232,0.086,0.682
686,0.354,0.076,0.57
687,0.296,0.412,0.292
688,0.804,0.048,0.148
689,0.25,0.14,0.61
690,0.114,0.172,0.714
691,0.086,0.272,0.642
692,0.014,0.258,0.728
693,0.066,0.098,0.836
694,0.212,0.354,0.434
695,0.35,0.188,0.462
696,0.07,0.192,0.738
697,0.186,0.202,0.612
698,0.156,0.226,0.618
699,0.158,0.23,0.612
700,0.124,0.114,0.762
701,0.31,0.492,0.198
702,0.484,0.232,0.284
703,0.282,0.178,0.54
704,0.448,0.25,0.302
705,0.464,0.392,0.144
706,0.182,0.082,0.736
707,0.488,0.188,0.324
708,0.222,0.594,0.184
709,0.188,0.096,0.716
710,0.136,0.056,0.808
711,0.77,0.046,0.184
712,0.288,0.226,0.486
713,0.194,0.67,0.136
714,0.042,0.064,0.894
715,0.2,0.042,0.758
716,0.424,0.082,0.494
717,0.1,0.146,0.754
718,0.026,0.076,0.898
719,0.396,0.168,0.436
720,0.656,0.05,0.294
721,0.108,0.172,0.72
722,0.056,0.08,0.864
723,0.97,0.01,0.02
724,0.226,0.334,0.44
725,0.242,0.044,0.714
726,0.478,0.066,0.456
727,0.256,0.082,0.662
728,0.114,0.196,0.69
729,0.238,0.08,0.682
730,0.462,0.178,0.36
731,0.188,0.12,0.692
732,0.076,0.236,0.688
733,0.28,0.232,0.488
734,0.134,0.15,0.716
735,0.144,0.182,0.674
736,0.626,0.096,0.278
737,0.79,0.02,0.19
738,0.088,0.412,0.5
739,0.1,0.376,0.524
740,0.122,0.428,0.45
741,0.64,0.13,0.23
742,0.036,0.388,0.576
743,0.964,0.008,0.028
744,0.27,0.318,0.412
745,0.052,0.082,0.866
746,0.28,0.32,0.4
747,0.45,0.252,0.298
748,0.306,0.35,0.344
749,0.05,0.266,0.684
750,0.078,0.042,0.88
751,0.054,0.224,0.722
752,0.118,0.194,0.688
753,0.092,0.242,0.666
754,0.12,0.38,0.5
755,0.286,0.216,0.498
756,0.31,0.23,0.46
757,0.13,0.028,0.842
758,0.284,0.164,0.552
759,0.796,0.066,0.138
760,0.104,0.048,0.848
761,0.288,0.118,0.594
762,0.028,0.354,0.618
763,0.056,0.776,0.168
764,0.282,0.186,0.532
765,0.214,0.144,0.642
766,0.176,0.204,0.62
767,0.032,0.526,0.442
768,0.188,0.276,0.536
769,0.082,0.204,0.714
770,0.096,0.068,0.836
771,0.02,0.434,0.546
772,0.99,0.0,0.01
773,0.526,0.148,0.326
774,0.314,0.382,0.304
775,0.184,0.254,0.562
776,0.268,0.382,0.35
777,0.066,0.15,0.784
778,0.128,0.102,0.77
779,0.004,0.224,0.772
780,0.304,0.336,0.36
781,0.308,0.372,0.32
782,0.25,0.394,0.356
783,0.224,0.502,0.274
784,0.322,0.252,0.426
785,0.59,0.184,0.226
786,0.848,0.046,0.106
787,0.07,0.09,0.84
788,0.024,0.154,0.822
789,0.084,0.164,0.752
790,0.24,0.376,0.384
791,0.062,0.418,0.52
792,0.202,0.27,0.528
793,0.074,0.454,0.472
794,0.122,0.152,0.726
795,0.058,0.476,0.466
796,0.184,0.268,0.548
797,0.48,0.212,0.308
798,0.024,0.18,0.796
799,0.908,0.018,0.074
800,0.104,0.476,0.42
801,0.012,0.214,0.774
802,0.446,0.148,0.406
803,0.062,0.17,0.768
804,0.4,0.038,0.562
805,0.504,0.24,0.256
806,0.1,0.272,0.628
807,0.636,0.214,0.15
808,0.118,0.35,0.532
809,0.274,0.25,0.476
810,0.056,0.228,0.716
811,0.168,0.494,0.338
812,0.212,0.068,0.72
813,0.062,0.088,0.85
814,0.13,0.2,0.67
815,0.112,0.5,0.388
816,0.182,0.164,0.654
817,0.362,0.156,0.482
818,0.112,0.138,0.75
819,0.11,0.102,0.788
820,0.13,0.254,0.616
821,0.142,0.032,0.826
822,0.35,0.134,0.516
823,0.334,0.092,0.574
824,0.648,0.036,0.316
825,0.18,0.16,0.66
826,0.324,0.344,0.332
827,0.468,0.138,0.394
828,0.456,0.044,0.5
829,0.1,0.292,0.608
830,0.498,0.066,0.436
831,0.508,0.052,0.44
832,0.13,0.16,0.71
833,0.266,0.32,0.414
834,0.048,0.21,0.742
835,0.57,0.068,0.362
836,0.534,0.348,0.118
837,0.104,0.184,0.712
838,0.166,0.508,0.326
839,0.442,0.114,0.444
840,0.512,0.154,0.334
841,0.376,0.1,0.524
842,0.78,0.064,0.156
843,0.584,0.17,0.246
844,0.15,0.192,0.658
845,0.946,0.022,0.032
846,0.494,0.152,0.354
847,0.174,0.352,0.474
848,0.092,0.1,0.808
849,0.964,0.008,0.028
850,0.034,0.144,0.822
851,0.194,0.606,0.2
852,0.272,0.058,0.67
853,0.152,0.184,0.664
854,0.268,0.208,0.524
855,0.264,0.24,0.496
856,0.322,0.206,0.472
857,0.15,0.652,0.198
858,0.236,0.264,0.5
859,0.144,0.09,0.766
860,0.02,0.3,0.68
861,0.152,0.36,0.488
862,0.036,0.608,0.356
863,0.422,0.244,0.334
864,0.23,0.142,0.628
865,0.304,0.228,0.468
866,0.088,0.198,0.714
867,0.074,0.066,0.86
868,0.278,0.304,0.418
869,0.274,0.122,0.604
870,0.09,0.104,0.806
871,0.06,0.118,0.822
872,0.074,0.044,0.882
873,0.274,0.1,0.626
874,0.106,0.4,0.494
875,0.048,0.1,0.852
876,0.244,0.45,0.306
877,0.414,0.16,0.426
878,0.924,0.02,0.056
879,0.166,0.226,0.608
880,0.208,0.05,0.742
881,0.32,0.16,0.52
882,0.242,0.29,0.468
883,0.106,0.576,0.318
884,0.04,0.286,0.674
885,0.318,0.138,0.544
886,0.128,0.38,0.492
887,0.114,0.13,0.756
888,0.316,0.19,0.494
889,0.262,0.136,0.602
890,0.034,0.294,0.672
891,0.308,0.24,0.452
892,0.068,0.532,0.4
893,0.166,0.412,0.422
894,0.238,0.28,0.482
895,0.1,0.172,0.728
896,0.044,0.646,0.31
897,0.228,0.234,0.538
898,0.346,0.05,0.604
899,0.146,0.126,0.728
900,0.18,0.364,0.456
901,0.03,0.43,0.54
902,0.316,0.208,0.476
903,0.126,0.324,0.55
904,0.906,0.03,0.064
905,0.254,0.336,0.41
906,0.22,0.462,0.318
907,0.222,0.254,0.524
908,0.104,0.646,0.25
909,0.264,0.356,0.38
910,0.978,0.008,0.014
911,0.216,0.358,0.426
912,0.818,0.064,0.118
913,0.076,0.318,0.606
914,0.07,0.38,0.55
915,0.138,0.37,0.492
916,0.592,0.006,0.402
917,0.3,0.154,0.546
918,0.05,0.304,0.646
919,0.186,0.216,0.598
920,0.292,0.076,0.632
921,0.094,0.16,0.746
922,0.238,0.296,0.466
923,0.094,0.38,0.526
924,0.18,0.214,0.606
925,0.216,0.056,0.728
926,0.006,0.386,0.608
927,0.48,0.254,0.266
928,0.524,0.196,0.28
929,0.12,0.188,0.692
930,0.264,0.028,0.708
931,0.418,0.234,0.348
932,0.068,0.214,0.718
933,0.034,0.138,0.828
934,0.492,0.134,0.374
935,0.776,0.05,0.174
936,0.102,0.21,0.688
937,0.072,0.15,0.778
938,0.132,0.062,0.806
939,0.988,0.006,0.006
940,0.26,0.212,0.528
941,0.608,0.116,0.276
942,0.294,0.178,0.528
943,0.43,0.428,0.142
944,0.908,0.028,0.064
945,0.544,0.114,0.342
946,0.482,0.194,0.324
947,0.056,0.052,0.892
948,0.512,0.402,0.086
949,0.128,0.138,0.734
950,0.25,0.144,0.606
951,0.312,0.144,0.544
952,0.06,0.054,0.886
953,0.114,0.12,0.766
954,0.478,0.046,0.476
955,0.22,0.204,0.576
956,0.146,0.652,0.202
957,0.574,0.13,0.296
958,0.842,0.022,0.136
959,0.358,0.318,0.324
960,0.132,0.358,0.51
961,0.3,0.066,0.634
962,0.408,0.142,0.45
963,0.92,0.01,0.07
964,0.786,0.068,0.146
965,0.534,0.196,0.27
966,0.98,0.004,0.016
967,0.244,0.394,0.362
968,0.036,0.13,0.834
969,0.21,0.51,0.28
970,0.108,0.134,0.758
971,0.186,0.082,0.732
972,0.334,0.206,0.46
973,0.148,0.228,0.624
974,0.162,0.082,0.756
975,0.036,0.646,0.318
976,0.534,0.236,0.23
977,0.252,0.134,0.614
978,0.028,0.032,0.94
979,0.232,0.252,0.516
980,0.412,0.09,0.498
981,0.226,0.234,0.54
982,0.208,0.29,0.502
983,0.446,0.14,0.414
984,0.578,0.05,0.372
985,0.162,0.202,0.636
986,0.186,0.138,0.676
987,0.448,0.144,0.408
988,0.084,0.568,0.348
989,0.674,0.08,0.246
990,0.094,0.394,0.512
991,0.182,0.106,0.712
992,0.342,0.06,0.598
993,0.254,0.184,0.562
994,0.482,0.2,0.318
995,0.094,0.21,0.696
996,0.458,0.166,0.376
997,0.05,0.22,0.73
998,0.064,0.178,0.758
999,0.134,0.152,0.714
1000,0.284,0.064,0.652
1001,0.112,0.122,0.766
1002,0.632,0.144,0.224
1003,0.078,0.154,0.768
1004,0.126,0.33,0.544
1005,0.14,0.124,0.736
1006,0.486,0.284,0.23
1007,0.034,0.094,0.872
1008,0.04,0.452,0.508
1009,0.816,0.048,0.136
1010,0.144,0.714,0.142
1011,0.444,0.03,0.526
1012,0.11,0.038,0.852
1013,0.266,0.098,0.636
1014,0.026,0.066,0.908
1015,0.716,0.018,0.266
1016,0.214,0.05,0.736
1017,0.102,0.082,0.816
1018,0.148,0.07,0.782
1019,0.206,0.054,0.74
1020,0.334,0.438,0.228
1021,0.196,0.262,0.542
1022,0.258,0.072,0.67
1023,0.098,0.356,0.546
1024,0.248,0.36,0.392
1025,0.032,0.346,0.622
1026,0.058,0.126,0.816
1027,0.018,0.1,0.882
1028,0.406,0.044,0.55
1029,0.254,0.26,0.486
1030,0.618,0.106,0.276
1031,0.126,0.326,0.548
1032,0.104,0.066,0.83
1033,0.272,0.036,0.692
1034,0.096,0.032,0.872
1035,0.086,0.314,0.6
1036,0.084,0.202,0.714
1037,0.254,0.336,0.41
1038,0.106,0.276,0.618
1039,0.32,0.152,0.528
1040,0.354,0.09,0.556
1041,0.138,0.078,0.784
1042,0.248,0.1,0.652
1043,0.894,0.034,0.072
1044,0.088,0.084,0.828
1045,0.252,0.428,0.32
1046,0.036,0.242,0.722
1047,0.07,0.092,0.838
1048,0.262,0.212,0.526
1049,0.328,0.208,0.464
1050,0.15,0.314,0.536
1051,0.118,0.352,0.53
1052,0.322,0.452,0.226
1053,0.3,0.194,0.506
1054,0.188,0.158,0.654
1055,0.224,0.174,0.602
1056,0.116,0.276,0.608
1057,0.064,0.126,0.81
1058,0.174,0.116,0.71
1059,0.314,0.18,0.506
1060,0.764,0.062,0.174
1061,0.128,0.052,0.82
1062,0.988,0.002,0.01
1063,0.62,0.164,0.216
1064,0.156,0.266,0.578
1065,0.534,0.074,0.392
1066,0.038,0.05,0.912
1067,0.498,0.308,0.194
1068,0.13,0.268,0.602
1069,0.194,0.508,0.298
1070,0.27,0.364,0.366
1071,0.202,0.086,0.712
1072,0.56,0.272,0.168
1073,0.578,0.29,0.132
1074,0.116,0.35,0.534
1075,0.13,0.338,0.532
1076,0.204,0.184,0.612
1077,0.836,0.048,0.116
1078,0.022,0.244,0.734
1079,0.068,0.086,0.846
1080,0.06,0.118,0.822
1081,0.746,0.116,0.138
1082,0.068,0.214,0.718
1083,0.122,0.114,0.764
1084,0.048,0.228,0.724
1085,0.28,0.212,0.508
1086,0.168,0.244,0.588
1087,0.116,0.062,0.822
1088,0.514,0.022,0.464
1089,0.504,0.02,0.476
1090,0.14,0.044,0.816
1091,0.276,0.214,0.51
1092,0.118,0.304,0.578
1093,0.436,0.134,0.43
1094,0.168,0.054,0.778
1095,0.22,0.08,0.7
1096,0.098,0.054,0.848
1097,0.414,0.13,0.456
1098,0.066,0.058,0.876
1099,0.126,0.398,0.476
1100,0.604,0.196,0.2
1101,0.426,0.17,0.404
1102,0.104,0.264,0.632
1103,0.126,0.202,0.672
1104,0.224,0.136,0.64
1105,0.198,0.024,0.778
1106,0.042,0.064,0.894
1107,0.096,0.096,0.808
1108,0.142,0.376,0.482
1109,0.348,0.132,0.52
1110,0.108,0.1,0.792
1111,0.828,0.056,0.116
1112,0.282,0.074,0.644
1113,0.07,0.5,0.43
1114,0.94,0.014,0.046
1115,0.398,0.344,0.258
1116,0.01,0.594,0.396
1117,0.234,0.21,0.556
1118,0.204,0.406,0.39
1119,0.588,0.066,0.346
1120,0.072,0.262,0.666
1121,0.168,0.49,0.342
1122,0.164,0.056,0.78
1123,0.156,0.306,0.538
1124,0.1,0.14,0.76
1125,0.036,0.21,0.754
1126,0.048,0.364,0.588
1127,0.366,0.06,0.574
1128,0.018,0.246,0.736
1129,0.078,0.418,0.504
1130,0.02,0.202,0.778
1131,0.204,0.414,0.382
1132,0.218,0.306,0.476
1133,0.184,0.07,0.746
1134,0.18,0.272,0.548
1135,0.416,0.028,0.556
1136,0.464,0.368,0.168
1137,0.794,0.028,0.178
1138,0.01,0.21,0.78
1139,0.268,0.12,0.612
1140,0.166,0.22,0.614
1141,0.272,0.178,0.55
1142,0.106,0.14,0.754
1143,0.27,0.354,0.376
1144,0.49,0.144,0.366
1145,0.122,0.476,0.402
1146,0.22,0.338,0.442
1147,0.378,0.06,0.562
1148,0.546,0.148,0.306
1149,0.046,0.338,0.616
1150,0.042,0.064,0.894
1151,0.196,0.284,0.52
1152,0.968,0.008,0.024
1153,0.058,0.096,0.846
1154,0.122,0.56,0.318
1155,0.096,0.312,0.592
1156,0.166,0.298,0.536
1157,0.338,0.346,0.316
1158,0.216,0.432,0.352
1159,0.168,0.02,0.812
1160,0.096,0.156,0.748
1161,0.238,0.056,0.706
1162,0.05,0.246,0.704
1163,0.406,0.294,0.3
1164,0.07,0.408,0.522
1165,0.018,0.156,0.826
1166,0.96,0.01,0.03
1167,0.58,0.148,0.272
1168,0.952,0.008,0.04
1169,0.474,0.226,0.3
1170,0.228,0.024,0.748
1171,0.098,0.156,0.746
1172,0.116,0.17,0.714
1173,0.068,0.156,0.776
1174,0.07,0.376,0.554
1175,0.172,0.29,0.538
1176,0.406,0.22,0.374
1177,0.352,0.17,0.478
1178,0.172,0.4,0.428
1179,0.216,0.52,0.264
1180,0.444,0.27,0.286
1181,0.308,0.152,0.54
1182,0.436,0.236,0.328
1183,0.02,0.288,0.692
1184,0.032,0.212,0.756
1185,0.166,0.296,0.538
1186,0.258,0.314,0.428
1187,0.782,0.048,0.17
1188,0.444,0.136,0.42
1189,0.034,0.078,0.888
1190,0.14,0.244,0.616
1191,0.306,0.394,0.3
1192,0.158,0.016,0.826
1193,0.01,0.024,0.966
1194,0.41,0.122,0.468
1195,0.244,0.348,0.408
1196,0.172,0.158,0.67
1197,0.092,0.078,0.83
1198,0.074,0.23,0.696
1199,0.076,0.42,0.504
1200,0.114,0.114,0.772
1201,0.132,0.296,0.572
1202,0.578,0.078,0.344
1203,0.112,0.122,0.766
1204,0.254,0.168,0.578
1205,0.966,0.012,0.022
1206,0.124,0.184,0.692
1207,0.034,0.232,0.734
1208,0.464,0.164,0.372
1209,0.684,0.05,0.266
1210,0.412,0.114,0.474
1211,0.27,0.248,0.482
1212,0.254,0.08,0.666
1213,0.676,0.16,0.164
1214,0.056,0.186,0.758
1215,0.026,0.726,0.248
1216,0.11,0.094,0.796
1217,0.234,0.158,0.608
1218,0.222,0.106,0.672
1219,0.044,0.05,0.906
1220,0.05,0.116,0.834
1221,0.1,0.266,0.634
1222,0.992,0.004,0.004
1223,0.166,0.03,0.804
1224,0.792,0.022,0.186
1225,0.2,0.242,0.558
1226,0.23,0.078,0.692
1227,0.202,0.3,0.498
1228,0.244,0.476,0.28
1229,0.138,0.48,0.382
1230,0.104,0.198,0.698
1231,0.036,0.156,0.808
1232,0.12,0.288,0.592
1233,0.212,0.176,0.612
1234,0.314,0.268,0.418
1235,0.202,0.358,0.44
1236,0.126,0.406,0.468
1237,0.192,0.508,0.3
1238,0.066,0.2,0.734
1239,0.436,0.132,0.432
1240,0.104,0.218,0.678
1241,0.046,0.066,0.888
1242,0.476,0.18,0.344
1243,0.064,0.086,0.85
1244,0.322,0.222,0.456
1245,0.028,0.16,0.812
1246,0.068,0.176,0.756
1247,0.108,0.592,0.3
1248,0.12,0.322,0.558
1249,0.288,0.236,0.476
1250,0.062,0.488,0.45
1251,0.578,0.134,0.288
1252,0.08,0.21,0.71
1253,0.276,0.1,0.624
1254,0.134,0.374,0.492
1255,0.578,0.184,0.238
1256,0.982,0.008,0.01
1257,0.558,0.26,0.182
1258,0.078,0.282,0.64
1259,0.256,0.444,0.3
1260,0.272,0.084,0.644
1261,0.074,0.328,0.598
1262,0.116,0.162,0.722
1263,0.028,0.4,0.572
1264,0.258,0.172,0.57
1265,0.042,0.51,0.448
1266,0.052,0.044,0.904
1267,0.028,0.476,0.496
1268,0.274,0.148,0.578
1269,0.06,0.206,0.734
1270,0.098,0.19,0.712
1271,0.162,0.188,0.65
1272,0.904,0.018,0.078
1273,0.082,0.26,0.658
1274,0.044,0.094,0.862
1275,0.18,0.188,0.632
1276,0.218,0.116,0.666
1277,0.104,0.188,0.708
1278,0.066,0.3,0.634
1279,0.362,0.214,0.424
1280,0.992,0.002,0.006
1281,0.112,0.138,0.75
1282,0.56,0.186,0.254
1283,0.284,0.554,0.162
1284,0.286,0.044,0.67
1285,0.514,0.332,0.154
1286,0.914,0.012,0.074
1287,0.194,0.06,0.746
1288,0.254,0.124,0.622
1289,0.468,0.064,0.468
1290,0.346,0.514,0.14
1291,0.274,0.036,0.69
1292,0.112,0.134,0.754
1293,0.44,0.198,0.362
1294,0.818,0.058,0.124
1295,0.57,0.202,0.228
1296,0.026,0.69,0.284
1297,0.396,0.196,0.408
1298,0.528,0.196,0.276
1299,0.1,0.58,0.32
1300,0.302,0.252,0.446
1301,0.182,0.206,0.612
1302,0.126,0.06,0.814
1303,0.034,0.38,0.586
1304,0.402,0.122,0.476
1305,0.332,0.192,0.476
1306,0.53,0.022,0.448
1307,0.362,0.156,0.482
1308,0.184,0.098,0.718
1309,0.16,0.34,0.5
1310,0.126,0.224,0.65
1311,0.234,0.122,0.644
1312,0.126,0.332,0.542
1313,0.07,0.346,0.584
1314,0.28,0.236,0.484
1315,0.122,0.458,0.42
1316,0.97,0.008,0.022
1317,0.16,0.126,0.714
1318,0.416,0.196,0.388
1319,0.092,0.048,0.86
1320,0.298,0.118,0.584
1321,0.1,0.162,0.738
1322,0.354,0.36,0.286
1323,0.044,0.416,0.54
1324,0.242,0.082,0.676
1325,0.1,0.134,0.766
1326,0.154,0.324,0.522
1327,0.098,0.04,0.862
1328,0.094,0.138,0.768
1329,0.082,0.286,0.632
1330,0.29,0.254,0.456
1331,0.108,0.178,0.714
1332,0.27,0.064,0.666
1333,0.39,0.088,0.522
1334,0.108,0.344,0.548
1335,0.446,0.312,0.242
1336,0.238,0.274,0.488
1337,0.454,0.238,0.308
1338,0.142,0.118,0.74
1339,0.06,0.128,0.812
1340,0.06,0.22,0.72
1341,0.358,0.308,0.334
1342,0.044,0.488,0.468
1343,0.252,0.504,0.244
1344,0.106,0.176,0.718
1345,0.092,0.248,0.66
1346,0.67,0.182,0.148
1347,0.142,0.182,0.676
1348,0.06,0.188,0.752
1349,0.092,0.056,0.852
1350,0.492,0.158,0.35
1351,0.298,0.194,0.508
1352,0.384,0.088,0.528
1353,0.424,0.076,0.5
1354,0.172,0.186,0.642
1355,0.064,0.064,0.872
1356,0.12,0.336,0.544
1357,0.064,0.058,0.878
1358,0.612,0.042,0.346
1359,0.034,0.228,0.738
1360,0.216,0.126,0.658
1361,0.346,0.058,0.596
1362,0.57,0.058,0.372
1363,0.474,0.05,0.476
1364,0.064,0.162,0.774
1365,0.084,0.354,0.562
1366,0.264,0.524,0.212
1367,0.624,0.13,0.246
1368,0.102,0.128,0.77
1369,0.468,0.136,0.396
1370,0.06,0.63,0.31
1371,0.446,0.084,0.47
1372,0.066,0.246,0.688
1373,0.082,0.054,0.864
1374,0.07,0.24,0.69
1375,0.846,0.036,0.118
1376,0.08,0.502,0.418
1377,0.07,0.274,0.656
1378,0.432,0.096,0.472
1379,0.476,0.06,0.464
1380,0.198,0.34,0.462
1381,0.146,0.074,0.78
1382,0.186,0.134,0.68
1383,0.18,0.438,0.382
1384,0.22,0.276,0.504
1385,0.106,0.148,0.746
1386,0.278,0.428,0.294
1387,0.134,0.168,0.698
1388,0.3,0.272,0.428
1389,0.142,0.222,0.636
1390,0.074,0.1,0.826
1391,0.178,0.08,0.742
1392,0.562,0.1,0.338
1393,0.14,0.384,0.476
1394,0.046,0.214,0.74
1395,0.096,0.228,0.676
1396,0.174,0.046,0.78
1397,0.584,0.188,0.228
1398,0.264,0.046,0.69
1399,0.03,0.386,0.584
1400,0.038,0.174,0.788
1401,0.142,0.088,0.77
1402,0.026,0.034,0.94
1403,0.254,0.12,0.626
1404,0.118,0.438,0.444
1405,0.074,0.226,0.7
1406,0.022,0.38,0.598
1407,0.02,0.062,0.918
1408,0.05,0.384,0.566
1409,0.374,0.054,0.572
1410,0.594,0.142,0.264
1411,0.038,0.068,0.894
1412,0.258,0.078,0.664
1413,0.048,0.166,0.786
1414,0.01,0.224,0.766
1415,0.074,0.568,0.358
1416,0.526,0.192,0.282
1417,0.23,0.534,0.236
1418,0.16,0.076,0.764
1419,0.068,0.172,0.76
1420,0.568,0.132,0.3
1421,0.212,0.078,0.71
1422,0.204,0.12,0.676
1423,0.02,0.458,0.522
1424,0.096,0.108,0.796
1425,0.216,0.136,0.648
1426,0.142,0.282,0.576
1427,0.068,0.266,0.666
1428,0.25,0.282,0.468
1429,0.256,0.392,0.352
1430,0.042,0.47,0.488
1431,0.254,0.162,0.584
1432,0.246,0.468,0.286
1433,0.018,0.09,0.892
1434,0.684,0.094,0.222
1435,0.342,0.178,0.48
1436,0.962,0.014,0.024
1437,0.11,0.146,0.744
1438,0.146,0.268,0.586
1439,0.482,0.172,0.346
1440,0.2,0.23,0.57
1441,0.04,0.312,0.648
1442,0.074,0.144,0.782
1443,0.032,0.206,0.762
1444,0.448,0.192,0.36
1445,0.296,0.158,0.546
1446,0.216,0.112,0.672
1447,0.058,0.084,0.858
1448,0.19,0.216,0.594
1449,0.034,0.062,0.904
1450,0.388,0.182,0.43
1451,0.148,0.112,0.74
1452,0.584,0.166,0.25
1453,0.046,0.438,0.516
1454,0.094,0.192,0.714
1455,0.198,0.118,0.684
1456,0.096,0.186,0.718
1457,0.078,0.056,0.866
1458,0.208,0.22,0.572
1459,0.234,0.136,0.63
1460,0.84,0.054,0.106
1461,0.052,0.126,0.822
1462,0.108,0.046,0.846
1463,0.048,0.246,0.706
1464,0.016,0.058,0.926
1465,0.098,0.216,0.686
1466,0.04,0.14,0.82
1467,0.318,0.172,0.51
1468,0.276,0.098,0.626
1469,0.028,0.862,0.11
1470,0.274,0.18,0.546
1471,0.496,0.164,0.34
1472,0.908,0.014,0.078
1473,0.408,0.152,0.44
1474,0.09,0.102,0.808
1475,0.034,0.11,0.856
1476,0.162,0.194,0.644
1477,0.156,0.23,0.614
1478,0.138,0.07,0.792
1479,0.122,0.258,0.62
1480,0.028,0.11,0.862
1481,0.076,0.182,0.742
1482,0.34,0.338,0.322
1483,0.18,0.374,0.446
1484,0.034,0.206,0.76
1485,0.302,0.36,0.338
1486,0.572,0.128,0.3
1487,0.098,0.254,0.648
1488,0.254,0.032,0.714
1489,0.154,0.106,0.74
1490,0.258,0.33,0.412
1491,0.106,0.21,0.684
1492,0.64,0.034,0.326
1493,0.2,0.402,0.398
1494,0.132,0.026,0.842
1495,0.064,0.328,0.608
1496,0.164,0.048,0.788
1497,0.084,0.148,0.768
1498,0.198,0.214,0.588
1499,0.968,0.01,0.022
1500,0.166,0.264,0.57
1501,0.308,0.166,0.526
1502,0.52,0.122,0.358
1503,0.024,0.228,0.748
1504,0.892,0.022,0.086
1505,0.02,0.256,0.724
1506,0.982,0.004,0.014
1507,0.086,0.376,0.538
1508,0.45,0.072,0.478
1509,0.102,0.226,0.672
1510,0.13,0.356,0.514
1511,0.028,0.08,0.892
1512,0.056,0.14,0.804
1513,0.278,0.398,0.324
1514,0.084,0.258,0.658
1515,0.486,0.238,0.276
1516,0.074,0.152,0.774
1517,0.092,0.08,0.828
1518,0.37,0.24,0.39
1519,0.294,0.138,0.568
1520,0.352,0.294,0.354
1521,0.312,0.45,0.238
1522,0.248,0.37,0.382
1523,0.486,0.092,0.422
1524,0.27,0.096,0.634
1525,0.082,0.066,0.852
1526,0.104,0.488,0.408
1527,0.442,0.37,0.188
1528,0.126,0.198,0.676
1529,0.892,0.032,0.076
1530,0.196,0.064,0.74
1531,0.044,0.218,0.738
1532,0.082,0.136,0.782
1533,0.114,0.416,0.47
1534,0.088,0.154,0.758
1535,0.114,0.04,0.846
1536,0.098,0.024,0.878
1537,0.118,0.194,0.688
1538,0.218,0.072,0.71
1539,0.094,0.266,0.64
1540,0.046,0.182,0.772
1541,0.326,0.254,0.42
1542,0.094,0.232,0.674
1543,0.102,0.214,0.684
1544,0.178,0.266,0.556
1545,0.078,0.312,0.61
1546,0.164,0.352,0.484
1547,0.156,0.46,0.384
1548,0.506,0.196,0.298
1549,0.186,0.648,0.166
1550,0.038,0.392,0.57
1551,0.182,0.078,0.74
1552,0.35,0.314,0.336
1553,0.278,0.438,0.284
1554,0.09,0.09,0.82
1555,0.428,0.304,0.268
1556,0.158,0.376,0.466
1557,0.074,0.054,0.872
1558,0.15,0.09,0.76
1559,0.146,0.41,0.444
1560,0.222,0.354,0.424
1561,0.188,0.338,0.474
1562,0.136,0.078,0.786
1563,0.146,0.178,0.676
1564,0.638,0.182,0.18
1565,0.142,0.266,0.592
1566,0.22,0.132,0.648
1567,0.038,0.222,0.74
1568,0.086,0.45,0.464
1569,0.136,0.126,0.738
1570,0.172,0.306,0.522
1571,0.246,0.16,0.594
1572,0.038,0.46,0.502
1573,0.17,0.442,0.388
1574,0.104,0.322,0.574
1575,0.112,0.404,0.484
1576,0.378,0.278,0.344
1577,0.732,0.09,0.178
1578,0.266,0.36,0.374
1579,0.138,0.166,0.696
1580,0.402,0.334,0.264
1581,0.154,0.372,0.474
1582,0.164,0.26,0.576
1583,0.038,0.288,0.674
1584,0.074,0.508,0.418
1585,0.132,0.15,0.718
1586,0.486,0.16,0.354
1587,0.026,0.288,0.686
1588,0.206,0.182,0.612
1589,0.036,0.14,0.824
1590,0.58,0.154,0.266
1591,0.088,0.414,0.498
1592,0.334,0.106,0.56
1593,0.09,0.092,0.818
1594,0.102,0.336,0.562
1595,0.094,0.076,0.83
1596,0.582,0.18,0.238
1597,0.002,0.236,0.762
1598,0.81,0.04,0.15
1599,0.056,0.064,0.88
1600,0.904,0.014,0.082
1601,0.046,0.044,0.91
1602,0.1,0.094,0.806
1603,0.128,0.298,0.574
1604,0.124,0.39,0.486
1605,0.776,0.064,0.16
1606,0.188,0.07,0.742
1607,0.296,0.426,0.278
1608,0.034,0.208,0.758
1609,0.124,0.196,0.68
1610,0.128,0.174,0.698
1611,0.374,0.146,0.48
1612,0.236,0.312,0.452
1613,0.604,0.124,0.272
1614,0.416,0.068,0.516
1615,0.056,0.32,0.624
1616,0.632,0.088,0.28
1617,0.138,0.356,0.506
1618,0.03,0.084,0.886
1619,0.32,0.194,0.486
1620,0.154,0.036,0.81
1621,0.134,0.202,0.664
1622,0.048,0.044,0.908
1623,0.282,0.288,0.43
1624,0.232,0.434,0.334
1625,0.094,0.05,0.856
1626,0.116,0.162,0.722
1627,0.096,0.244,0.66
1628,0.266,0.07,0.664
1629,0.142,0.132,0.726
1630,0.192,0.072,0.736
1631,0.122,0.198,0.68
1632,0.202,0.39,0.408
1633,0.152,0.16,0.688
1634,0.19,0.628,0.182
1635,0.326,0.154,0.52
1636,0.096,0.048,0.856
1637,0.162,0.08,0.758
1638,0.168,0.458,0.374
1639,0.09,0.036,0.874
1640,0.146,0.102,0.752
1641,0.332,0.2,0.468
1642,0.038,0.688,0.274
1643,0.106,0.104,0.79
1644,0.082,0.246,0.672
1645,0.612,0.232,0.156
1646,0.22,0.456,0.324
1647,0.162,0.202,0.636
1648,0.144,0.146,0.71
1649,0.434,0.118,0.448
1650,0.162,0.504,0.334
1651,0.036,0.146,0.818
1652,0.388,0.106,0.506
1653,0.194,0.076,0.73
1654,0.2,0.03,0.77
1655,0.362,0.192,0.446
1656,0.09,0.23,0.68
1657,0.218,0.052,0.73
1658,0.446,0.17,0.384
1659,0.076,0.106,0.818
1660,0.068,0.318,0.614
1661,0.114,0.262,0.624
1662,0.038,0.114,0.848
1663,0.122,0.228,0.65
1664,0.202,0.452,0.346
1665,0.06,0.166,0.774
1666,0.064,0.032,0.904
1667,0.022,0.15,0.828
1668,0.026,0.04,0.934
1669,0.108,0.164,0.728
1670,0.62,0.052,0.328
1671,0.166,0.118,0.716
1672,0.632,0.116,0.252
1673,0.072,0.82,0.108
1674,0.04,0.464,0.496
1675,0.132,0.072,0.796
1676,0.106,0.17,0.724
1677,0.084,0.788,0.128
1678,0.102,0.064,0.834
1679,0.504,0.074,0.422
1680,0.114,0.076,0.81
1681,0.224,0.104,0.672
1682,0.048,0.134,0.818
1683,0.214,0.544,0.242
1684,0.122,0.068,0.81
1685,0.324,0.324,0.352
1686,0.4,0.064,0.536
1687,0.09,0.326,0.584
1688,0.04,0.096,0.864
1689,0.788,0.072,0.14
1690,0.186,0.436,0.378
1691,0.088,0.1,0.812
1692,0.038,0.27,0.692
1693,0.162,0.054,0.784
1694,0.48,0.252,0.268
1695,0.25,0.026,0.724
1696,0.276,0.096,0.628
1697,0.166,0.118,0.716
1698,0.362,0.02,0.618
1699,0.48,0.136,0.384
1700,0.57,0.096,0.334
1701,0.144,0.282,0.574
1702,0.22,0.342,0.438
1703,0.282,0.04,0.678
1704,0.048,0.172,0.78
1705,0.964,0.004,0.032
1706,0.192,0.088,0.72
1707,0.248,0.092,0.66
1708,0.086,0.198,0.716
1709,0.07,0.404,0.526
1710,0.306,0.14,0.554
1711,0.092,0.114,0.794
1712,0.138,0.166,0.696
1713,0.03,0.284,0.686
1714,0.782,0.092,0.126
1715,0.042,0.124,0.834
1716,0.568,0.052,0.38
1717,0.366,0.03,0.604
1718,0.032,0.052,0.916
1719,0.076,0.228,0.696
1720,0.972,0.006,0.022
1721,0.082,0.67,0.248
1722,0.308,0.192,0.5
1723,0.974,0.01,0.016
1724,0.038,0.302,0.66
1725,0.052,0.444,0.504
1726,0.166,0.08,0.754
1727,0.116,0.102,0.782
1728,0.086,0.226,0.688
1729,0.536,0.092,0.372
1730,0.09,0.428,0.482
1731,0.076,0.098,0.826
1732,0.612,0.148,0.24
1733,0.182,0.096,0.722
1734,0.098,0.18,0.722
1735,0.324,0.252,0.424
1736,0.034,0.216,0.75
1737,0.246,0.148,0.606
1738,0.096,0.13,0.774
1739,0.048,0.63,0.322
1740,0.174,0.162,0.664
1741,0.162,0.266,0.572
1742,0.038,0.346,0.616
1743,0.078,0.058,0.864
1744,0.144,0.352,0.504
1745,0.108,0.166,0.726
1746,0.05,0.224,0.726
1747,0.806,0.024,0.17
1748,0.102,0.182,0.716
1749,0.11,0.264,0.626
1750,0.224,0.292,0.484
1751,0.702,0.08,0.218
1752,0.156,0.256,0.588
1753,0.17,0.106,0.724
1754,0.014,0.274,0.712
1755,0.084,0.112,0.804
1756,0.066,0.288,0.646
1757,0.194,0.674,0.132
1758,0.454,0.13,0.416
1759,0.072,0.326,0.602
1760,0.014,0.27,0.716
1761,0.026,0.418,0.556
1762,0.068,0.1,0.832
1763,0.034,0.554,0.412
1764,0.35,0.172,0.478
1765,0.452,0.246,0.302
1766,0.08,0.258,0.662
1767,0.5,0.282,0.218
1768,0.186,0.392,0.422
1769,0.466,0.28,0.254
1770,0.076,0.366,0.558
1771,0.066,0.134,0.8
1772,0.318,0.386,0.296
1773,0.114,0.24,0.646
1774,0.128,0.036,0.836
1775,0.03,0.078,0.892
1776,0.058,0.492,0.45
1777,0.14,0.114,0.746
1778,0.058,0.2,0.742
1779,0.168,0.258,0.574
1780,0.206,0.192,0.602
1781,0.426,0.084,0.49
1782,0.28,0.128,0.592
1783,0.522,0.072,0.406
1784,0.112,0.586,0.302
1785,0.062,0.114,0.824
1786,0.176,0.126,0.698
1787,0.042,0.118,0.84
1788,0.176,0.076,0.748
1789,0.042,0.354,0.604
1790,0.04,0.31,0.65
1791,0.114,0.092,0.794
1792,0.178,0.196,0.626
1793,0.102,0.068,0.83
1794,0.062,0.208,0.73
1795,0.326,0.138,0.536
1796,0.114,0.32,0.566
1797,0.088,0.256,0.656
1798,0.392,0.016,0.592
1799,0.056,0.244,0.7
1800,0.196,0.114,0.69
1801,0.502,0.23,0.268
1802,0.146,0.254,0.6
1803,0.262,0.534,0.204
1804,0.094,0.752,0.154
1805,0.188,0.452,0.36
1806,0.366,0.06,0.574
1807,0.36,0.214,0.426
1808,0.326,0.132,0.542
1809,0.564,0.066,0.37
1810,0.12,0.214,0.666
1811,0.598,0.04,0.362
1812,0.48,0.17,0.35
1813,0.028,0.102,0.87
1814,0.05,0.066,0.884
1815,0.066,0.286,0.648
1816,0.518,0.136,0.346
1817,0.282,0.158,0.56
1818,0.058,0.424,0.518
1819,0.082,0.39,0.528
1820,0.156,0.05,0.794
1821,0.586,0.16,0.254
1822,0.066,0.554,0.38
1823,0.308,0.334,0.358
1824,0.266,0.162,0.572
1825,0.138,0.124,0.738
1826,0.21,0.358,0.432
1827,0.032,0.268,0.7
1828,0.07,0.404,0.526
1829,0.192,0.288,0.52
1830,0.27,0.1,0.63
1831,0.098,0.2,0.702
1832,0.424,0.088,0.488
1833,0.534,0.132,0.334
1834,0.288,0.308,0.404
1835,0.642,0.026,0.332
1836,0.22,0.272,0.508
1837,0.344,0.212,0.444
1838,0.164,0.2,0.636
1839,0.516,0.278,0.206
