,proba_0,proba_1,proba_2
0,0.06143183470270067,0.29396714648558747,0.6446010188117121
1,0.14897985357202112,0.21805513034838295,0.6329650160795959
2,0.9999998266623776,8.958735888648485e-08,8.375026355046233e-08
3,0.32523846889734337,0.3580736918879976,0.31668783921465876
4,0.08380831875170297,0.17762425055871361,0.7385674306895835
5,0.14445037243107672,0.3416373204150512,0.5139123071538721
6,0.008628094960554989,0.1568431364163066,0.8345287686231385
7,0.363610057232442,0.21189877963305737,0.4244911631345011
8,0.19148494302905447,0.05638626547600919,0.7521287914949364
9,0.007219644319046759,0.3633520890023208,0.6294282666786324
10,0.07662087818993753,0.6454456349065932,0.27793348690346925
11,0.7179748225411422,0.046139837715988605,0.235885339742869
12,0.07893421603635019,0.2757394440359118,0.6453263399277379
13,0.14402817475143515,0.12505050940199933,0.7309213158465652
14,0.024440149688488705,0.13232084724460474,0.8432390030669067
15,0.3650522265397178,0.1993324779989996,0.4356152954612822
16,0.842137325516482,0.02559223982188335,0.1322704346616348
17,0.19726907102338617,0.24036769662427346,0.5623632323523405
18,0.7075302612824181,0.16279313053683317,0.12967660818074872
19,0.2634922555738305,0.04664639831813127,0.689861346108038
20,0.13385335662445444,0.538650039330757,0.3274966040447884
21,0.05118162039538314,0.18062624746111894,0.7681921321434977
22,0.03241822063571853,0.16500549982101967,0.8025762795432618
23,0.19908310420891018,0.14397863591323612,0.6569382598778537
24,0.46361670104413777,0.12152803541979539,0.4148552635360667
25,0.0954792360365886,0.3018527267602183,0.6026680372031928
26,0.1771621110730487,0.1825246945109775,0.6403131944159738
27,0.9999998209598564,7.872476196984425e-08,1.0031538170838694e-07
28,0.7624535852659627,0.12579321866607232,0.11175319606796487
29,0.9999998492706412,9.999463640807956e-08,5.073472247755976e-08
30,0.14445690739741116,0.1878518919276959,0.6676912006748931
31,0.06655159819824326,0.45376952897648665,0.47967887282527
32,0.1902228980488458,0.07766346688415382,0.7321136350670006
33,0.2868796353210737,0.10781473880165585,0.6053056258772704
34,0.07026956090518857,0.15283287882968533,0.7768975602651261
35,0.2948377895149495,0.11353260902477261,0.5916296014602777
36,0.8467849201494727,0.031136383363335383,0.12207869648719172
37,0.9615430284644738,0.03435022112815136,0.004106750407374863
38,0.22111270798172442,0.2771518780515947,0.5017354139666805
39,0.0007713134253536707,0.1926538964131631,0.8065747901614831
40,0.6216566507850613,0.1092060937466288,0.26913725546831013
41,0.0011403084561741172,0.16205923976789552,0.8368004517759301
42,0.05421433010036602,0.2562571751024115,0.6895284947972222
43,0.06034406671425289,0.26555424583421405,0.674101687451533
44,0.03411835218135393,0.16892474082206718,0.7969569069965786
45,0.032219954279068055,0.18660057669762858,0.7811794690233034
46,0.0031808740764520077,0.15818993273518817,0.8386291931883597
47,0.00671938869464506,0.12050110308854244,0.8727795082168128
48,0.09452522402143516,0.22982776633781163,0.6756470096407534
49,0.25276032676941423,0.16471869008229076,0.5825209831482948
50,0.06378264195001587,0.2944148008186865,0.6418025572312981
51,0.15640236081287567,0.49333826833337596,0.3502593708537482
52,0.9051193754698018,0.035336013485463495,0.05954461104473486
53,0.9999998494455948,9.999691561261524e-08,5.055748968416876e-08
54,0.08252477338029357,0.18635022524742043,0.7311250013722861
55,0.0003259505957379203,0.08619245725728955,0.9134815921469727
56,0.1599920055232722,0.024718987943971184,0.8152890065327567
57,0.24755308603265366,0.08476211485479528,0.6676847991125512
58,0.5801948596701884,0.16746189268454675,0.2523432476452648
59,0.1994445355559455,0.09333108417644793,0.7072243802676066
60,0.3441656174403266,0.09183751302061222,0.5639968695390613
61,0.13351789244692785,0.0517904129896264,0.8146916945634459
62,0.11600894949568938,0.3466929979612405,0.53729805254307
63,0.16289154087062013,0.1862076437792551,0.6509008153501246
64,0.05749543607539248,0.24980819535448484,0.6926963685701225
65,0.02907517147911768,0.1805927769541448,0.7903320515667375
66,0.09854903951674099,0.1908529922573195,0.7105979682259392
67,0.09633630797193665,0.13266987531387683,0.7709938167141864
68,0.09257152796679836,0.35669694230011745,0.5507315297330839
69,0.23881254351359532,0.055834519894393815,0.7053529365920109
70,0.7760633838511892,0.020856762083552832,0.2030798540652578
71,0.04262570024556272,0.20887078385931854,0.7485035158951188
72,0.13372172213904868,0.13592970091590117,0.7303485769450502
73,0.3905214688186741,0.43001072910584076,0.1794678020754852
74,0.04818207413536668,0.3676017517157651,0.5842161741488678
75,0.9999998467966722,9.989209257326007e-08,5.331123531965926e-08
76,0.07764161783672911,0.03934384404330377,0.8830145381199671
77,0.040209184674142154,0.3900644592915417,0.5697263560343159
78,0.045228136171118226,0.2827389326954916,0.6720329311333901
79,0.8755693670394047,0.019322303076123905,0.10510832988447151
80,0.018871830872354042,0.21632256304137415,0.7648056060862717
81,0.23100966898754263,0.04885171643230066,0.7201386145801566
82,0.9999998494331417,9.999677419468662e-08,5.0570084138418983e-08
83,0.006567677968566841,0.4428508685392125,0.5505814534922205
84,0.013240218174837086,0.2819112996019519,0.7048484822232112
85,0.12357807001978831,0.5102754557468374,0.3661464742333741
86,0.9999998473354796,9.992600250246704e-08,5.273851786259031e-08
87,0.3397294053009037,0.19074910795938416,0.4695214867397124
88,0.08811327654627589,0.1010681039061976,0.8108186195475263
89,0.7531952758699292,0.1953008714759448,0.05150385265412606
90,0.32928446883048285,0.1823812724976724,0.4883342586718446
91,0.026378342177416074,0.1846980422745629,0.788923615548021
92,0.10806081280296176,0.39568702350260776,0.49625216369443015
93,0.10489730431553027,0.04131935585050941,0.8537833398339603
94,0.067210796330139,0.24959163652338448,0.6831975671464764
95,0.1585326669393676,0.13153405494438913,0.7099332781162434
96,0.8644908771391844,0.015687117504027934,0.11982200535678776
97,0.1448563457359975,0.17924659922867114,0.6758970550353313
98,0.1528266927949962,0.18604693041961984,0.6611263767853839
99,0.2799057111001897,0.08034158043366961,0.6397527084661406
100,0.014884436102375312,0.15979877201912016,0.8253167918785044
101,0.05662076742435845,0.09067897832359727,0.8527002542520442
102,0.14718549014480714,0.18015990466823997,0.6726546051869527
103,0.07068366203345877,0.1483834800407283,0.7809328579258127
104,0.08916616070574605,0.14738008503036856,0.7634537542638852
105,0.061500940945768086,0.18001408664745985,0.758484972406772
106,0.2333142580166593,0.2753079721129798,0.4913777698703609
107,0.008183893368267338,0.30180256174633424,0.6900135448853985
108,0.11306234492022398,0.1416079336622061,0.7453297214175699
109,0.006145611461349612,0.09711435945958447,0.8967400290790657
110,0.1280827516982986,0.2920653429637353,0.579851905337966
111,0.10062979396023447,0.08450956176227,0.8148606442774957
112,0.04156629202157901,0.10769061056217212,0.8507430974162491
113,0.007160532960933288,0.3760827555912368,0.6167567114478301
114,0.38137207629107844,0.10351119680438081,0.5151167269045405
115,0.2815524621497735,0.10753877129382369,0.6109087665564026
116,0.0399363892555078,0.45321478321672015,0.5068488275277717
117,0.0670632947556574,0.07062459623791209,0.8623121090064306
118,0.17675382717274005,0.14549399812247193,0.6777521747047882
119,0.00322630181828898,0.6202850173189945,0.37648868086271664
120,0.10106010474061031,0.1828224093859653,0.7161174858734246
121,0.002703093581351103,0.3549832532296904,0.6423136531889586
122,0.06451326723567496,0.20197681101919165,0.7335099217451333
123,0.12805003875237442,0.3643535704213175,0.5075963908263079
124,0.05596840643468119,0.15559143296636083,0.7884401605989578
125,0.05113463287305836,0.05461263436983895,0.8942527327571026
126,0.06725394235431077,0.19372090612557993,0.7390251515201093
127,0.11836200915893198,0.04182570049156504,0.8398122903495028
128,0.332507287332959,0.4784360056410514,0.18905670702598945
129,0.06421949779752265,0.1938533531793692,0.7419271490231083
130,0.3030608495717529,0.19929795684164842,0.49764119358659853
131,0.08180454655251518,0.25098505883109323,0.6672103946163919
132,0.24058352571405311,0.07034969814677838,0.6890667761391687
133,0.9999989673690427,7.996081178933349e-07,2.3302283926722702e-07
134,0.3400788152694075,0.02993758357212598,0.6299836011584663
135,0.30830871004673016,0.3745547415476643,0.3171365484056055
136,0.028926397649008607,0.4397208403661789,0.5313527619848123
137,0.5376202592779509,0.06509093338992142,0.39728880733212774
138,0.13474286290359286,0.10975572327274051,0.7555014138236666
139,0.18443388330727814,0.4283143265822792,0.3872517901104425
140,0.05365918696506936,0.05987453541892066,0.8864662776160097
141,0.824886257419292,0.11778874390981135,0.0573249986708966
142,0.1736016969262329,0.6268879687190363,0.19951033435473053
143,0.4063879048232691,0.12350830763731058,0.47010378753942017
144,0.4109533523228767,0.09682990561324212,0.4922167420638811
145,0.02530783195047082,0.13913808344713788,0.8355540846023914
146,0.003271662912583634,0.23420292817004876,0.7625254089173676
147,0.15814114100768764,0.05391022787686807,0.7879486311154442
148,0.6429984865394431,0.19427061932816975,0.1627308941323873
149,0.14729951274639982,0.09375012295693304,0.7589503642966671
150,0.07661336840313825,0.25793843537191613,0.6654481962249456
151,0.014506121368159737,0.1748855804482233,0.8106082981836169
152,0.6483963962969044,0.23415765519305223,0.11744594851004343
153,0.3093842706302819,0.08411596687399646,0.6064997624957216
154,0.058126377880102865,0.34511564935564276,0.5967579727642542
155,0.074441720145791,0.21071431230171278,0.714843967552496
156,0.07391793088024003,0.6608408794736363,0.2652411896461234
157,0.44493659219108056,0.08665102425509351,0.4684123835538257
158,0.0025966893443592886,0.25136041695792805,0.7460428936977127
159,0.020732419648055406,0.2046673712874954,0.7746002090644493
160,0.20351066767191842,0.1981675530805795,0.5983217792475021
161,0.09960909112815222,0.33280388020486723,0.5675870286669802
162,0.10141968927807644,0.3012909344241089,0.5972893762978148
163,0.10411929334179164,0.2878846940173411,0.6079960126408671
164,0.4105172290628794,0.13487224610356385,0.45461052483355663
165,0.05972838936273768,0.06530959138339597,0.8749620192538664
166,0.10056476273797577,0.18183284176238432,0.7176023954996398
167,0.0926835337922243,0.3518609951768378,0.5554554710309376
168,0.03672857957257554,0.5954050159437304,0.3678664044836939
169,0.05051879854669902,0.17471194030272458,0.7747692611505762
170,0.02006841919616088,0.08782604205045295,0.8921055387533863
171,0.04267162813596449,0.3027532286974219,0.6545751431666137
172,0.006363766421865917,0.13199246178665133,0.8616437717914825
173,0.08419001909880933,0.16135812076794287,0.7544518601332478
174,0.05376501507455002,0.17099388919912584,0.7752410957263244
175,0.11773689745060992,0.18762712760804928,0.694635974941341
176,0.3374223242917634,0.5644437564891964,0.09813391921904047
177,0.6347565721124436,0.027365748913374323,0.33787767897418197
178,0.14079654872573352,0.08093908479572383,0.7782643664785427
179,0.21809535299731467,0.027982043654864765,0.7539226033478204
180,0.000514932749759273,0.13771259493091045,0.8617724723193301
181,0.04299534878287327,0.15166135080245938,0.8053433004146671
182,0.045737531470926476,0.14136790445647576,0.8128945640725977
183,0.0778735648984912,0.5733127660613605,0.3488136690401482
184,0.6404434167355667,0.04405118808017826,0.3155053951842549
185,0.25152123910262464,0.07186473418900466,0.6766140267083706
186,0.3268160167289064,0.33109210166409375,0.34209188160699966
187,0.24570028556959564,0.12932948508124878,0.6249702293491557
188,0.2193057179884728,0.12971004145769707,0.65098424055383
189,0.037250212109669806,0.1121541426379991,0.8505956452523312
190,0.13689250388315596,0.1842614519103203,0.6788460442065238
191,0.06579803438927893,0.06245680568655694,0.8717451599241641
192,0.4739802326383774,0.09662216326140566,0.4293976041002168
193,0.1439509987196665,0.200812864906655,0.6552361363736787
194,0.06300965066039005,0.4269361310767547,0.5100542182628551
195,0.24997953053710778,0.19468221879929837,0.5553382506635943
196,0.7631267533064233,0.02881644660852233,0.20805680008505445
197,0.09963886216970673,0.5358473268965902,0.3645138109337029
198,0.14664297884347724,0.24311569528580465,0.6102413258707182
199,0.0016087201892746247,0.3429353032137191,0.6554559765970059
200,0.04842671367880469,0.19085745197877682,0.7607158343424183
201,0.33813080789764444,0.08463041408284261,0.5772387780195126
202,0.005337672864842766,0.3410931401153827,0.6535691870197746
203,0.9499455821893424,0.010020670153602904,0.040033747657054954
204,0.20870611285185547,0.5549244096861875,0.2363694774619569
205,0.2356302685027596,0.14543844324645178,0.618931288250789
206,0.24024666640494313,0.27883813142853364,0.4809152021665232
207,0.24097335473158454,0.16596487760141185,0.5930617676670036
208,0.03815717843745203,0.2574400571472095,0.7044027644153384
209,0.9999998496956738,9.99990846531716e-08,5.030524158630974e-08
210,0.014080329994346325,0.13082916915526113,0.8550905008503925
211,0.13304705076121187,0.360002914548948,0.5069500346898398
212,0.22558844946452916,0.3656515625679088,0.4087599879675617
213,0.9042384742505002,0.037092356432801586,0.058669169316698175
214,0.12541486995806592,0.32171899183965647,0.5528661382022773
215,0.09708951844182963,0.25498876506960244,0.6479217164885677
216,0.6713858395408615,0.10646200282938299,0.22215215762975588
217,0.14127604894014592,0.30785082504236605,0.5508731260174878
218,0.009207650931477438,0.3084812325132687,0.6823111165552539
219,0.18919725297083606,0.1999361431059638,0.6108666039231999
220,0.055845357163400645,0.28445857004761993,0.6596960727889792
221,0.069599592536878,0.6282993723569444,0.30210103510617736
222,0.5703962775205755,0.10992124067712902,0.31968248180229525
223,0.33285141026070025,0.1422856857586634,0.5248629039806366
224,0.09351335558709362,0.27266153996126413,0.6338251044516423
225,0.14610638012796223,0.11446739104066561,0.7394262288313723
226,0.2263131274064667,0.4954860445071907,0.27820082808634283
227,0.00558828632828533,0.41570017629362144,0.578711537378093
228,0.10002540716453255,0.20665966395843072,0.6933149288770367
229,0.025777104674102227,0.19667959322978965,0.7775433020961081
230,0.8882749826396974,0.01729424741824202,0.09443076994206057
231,0.018600056604736435,0.21490210642323976,0.7664978369720239
232,0.020533447110092997,0.1971272097263106,0.7823393431635963
233,0.05056963046005087,0.5440352953465938,0.40539507419335563
234,0.897728363579241,0.035143291575193164,0.06712834484556593
235,0.06100575830351848,0.37085492215455146,0.5681393195419301
236,0.07472881093384667,0.6442095787996066,0.2810616102665464
237,0.15516085366902746,0.18922851997596635,0.6556106263550062
238,0.03148882166887287,0.300253093000572,0.6682580853305549
239,0.05125808433330071,0.1876725765100114,0.7610693391566877
240,0.2946854278358925,0.35054872162305944,0.3547658505410477
241,0.06923419472500693,0.17271882329517743,0.7580469819798158
242,0.5872591500420248,0.2038352876057917,0.20890556235218338
243,0.1251212464365692,0.08611643885185527,0.7887623147115757
244,0.05577248813803934,0.2567578934193649,0.6874696184425959
245,0.012083982324169313,0.19426534830515144,0.7936506693706792
246,0.4774841645475771,0.22438245972938045,0.2981333757230423
247,0.22207117634255266,0.26712244903890253,0.5108063746185448
248,0.4436123292027534,0.12243057889827279,0.43395709189897363
249,0.1563285164833652,0.21029411460489036,0.6333773689117443
250,0.21767229857244286,0.21971688774717715,0.56261081368038
251,0.06961739527110024,0.27542057184163127,0.6549620328872685
252,0.39501123810750927,0.27822941180358873,0.32675935008890206
253,0.07717795026991153,0.38267524646799367,0.540146803262095
254,0.5982533625954284,0.09453506176108512,0.3072115756434864
255,0.17649795447031702,0.30848837461222406,0.5150136709174588
256,0.10537308760534543,0.1589838105437515,0.7356431018509029
257,0.10188694728339837,0.416338440487363,0.4817746122292385
258,0.09258321070730155,0.18212829982639692,0.7252884894663013
259,0.09478511239522797,0.4007381878625389,0.504476699742233
260,0.13702510465749254,0.0190509826352988,0.8439239127072088
261,0.5726257140849927,0.0432013021209089,0.3841729837940982
262,0.008521523865407245,0.2299968325049317,0.7614816436296609
263,0.2685458136232203,0.1409373145140483,0.590516871862731
264,0.05538700034121234,0.22384381670838768,0.7207691829504002
265,0.009322622144640467,0.3808566341325066,0.609820743722853
266,0.1159261208590657,0.18560741113257725,0.6984664680083568
267,0.7386101976547214,0.09183044820174854,0.16955935414352988
268,0.004375620036531241,0.20462128471219282,0.791003095251276
269,0.11349681270350236,0.1109174054635501,0.7755857818329476
270,0.17933588832806868,0.07332424961908415,0.7473398620528469
271,0.003995723126831814,0.4577967423892379,0.53820753448393
272,0.19508541259088885,0.16700410141100658,0.6379104859981044
273,0.02908427312186739,0.3371127803227549,0.6338029465553775
274,0.007179198520859621,0.4643356949784351,0.5284851065007055
275,0.07850688637972997,0.1110477774770952,0.8104453361431748
276,0.7473436485302019,0.1325513889643714,0.12010496250542659
277,0.05818600940983425,0.28260842330170605,0.6592055672884597
278,0.1869182560349302,0.2345696918950581,0.5785120520700119
279,0.9999998492995923,9.999505713249616e-08,5.070535070650775e-08
280,0.6475670911556558,0.12799133702684393,0.22444157181750024
281,0.9125506919105859,0.034601946972470946,0.05284736111694338
282,0.008098446004955398,0.24706112675135838,0.7448404272436859
283,0.23218866140599553,0.3846476519501907,0.3831636866438136
284,0.07099994076728185,0.22519997418510446,0.7038000850476135
285,0.558309118350196,0.1092920539542094,0.33239882769559437
286,0.07508932738734664,0.2081760229176181,0.7167346496950354
287,0.35771136801502906,0.08548370029615338,0.5568049316888175
288,0.3978983864757587,0.10220934483580772,0.49989226868843384
289,0.010488304099346283,0.20976177801795645,0.7797499178826969
290,0.2733934432760045,0.0828045802202188,0.6438019765037768
291,0.052922401931179135,0.05537682563238791,0.8917007724364331
292,0.022825104077488213,0.3094056951425701,0.6677692007799416
293,0.007873484082481839,0.08981485005763315,0.9023116658598853
294,0.015247572715395882,0.28780855539691425,0.6969438718876899
295,0.11840361970499085,0.4236543083482131,0.4579420719467959
296,0.10153523418146301,0.6600847003724669,0.2383800654460698
297,0.06056586592509053,0.5651339222933436,0.3743002117815659
298,0.06034172653578166,0.15365575262390652,0.7860025208403115
299,0.04340029673449997,0.18265420873241606,0.773945494533084
300,0.05182189683143841,0.14587655375252032,0.8023015494160413
301,0.004515101506184649,0.19928275915269789,0.7962021393411175
302,0.7350991199005985,0.20669483279493392,0.05820604730446764
303,0.21424840381279203,0.06348177541573426,0.722269820771474
304,0.11790834221763674,0.10938215167687196,0.7727095061054912
305,0.015298763616023357,0.12269941659381227,0.8620018197901641
306,0.10501785119198308,0.18879163377532698,0.7061905150326899
307,0.10759424675690626,0.028057620826017954,0.8643481324170758
308,0.038146512924901586,0.18965267496881083,0.7722008121062874
309,0.10685462701846574,0.13181307815947244,0.7613322948220617
310,0.2561716535917253,0.133095226433619,0.6107331199746556
311,0.04303921834364231,0.16453197680262036,0.7924288048537376
312,0.902238685437884,0.03320656230311169,0.06455475225900434
313,0.021447655664151064,0.18611428311144715,0.792438061224402
314,0.06656496096319896,0.3312082182306106,0.6022268208061904
315,0.012849216077879356,0.05823256232933439,0.9289182215927864
316,0.022297327887390403,0.17947106780668182,0.7982316043059277
317,0.26154390007037936,0.19439851603469652,0.5440575838949241
318,0.0460049473903903,0.19209932075096028,0.7618957318586492
319,0.06154657165723606,0.04664519124435921,0.8918082370984046
320,0.0007622083892652187,0.2341483853802017,0.7650894062305332
321,0.08257683660372073,0.40417089175677295,0.513252271639506
322,0.09608924876258663,0.169486243513376,0.7344245077240372
323,0.06941585409440336,0.30780371410689106,0.6227804317987056
324,0.05258672666813334,0.48248724201250986,0.4649260313193569
325,0.6170285664564381,0.10100884961883089,0.28196258392473084
326,0.09269504193106598,0.2651004856057623,0.6422044724631719
327,0.09629743531969445,0.045076035374305296,0.8586265293060003
328,0.04860739605619261,0.1118757280809247,0.8395168758628828
329,0.27357152414387276,0.09793237537171656,0.6284961004844104
330,0.2736602598421339,0.29439096432430145,0.4319487758335644
331,0.05789544310667614,0.3820485227886458,0.5600560341046782
332,0.9975681404580294,0.0014893530688031378,0.0009425064731673332
333,0.7541813378057372,0.07003472677385034,0.17578393542041235
334,0.04323608968959349,0.14772813846986363,0.8090357718405428
335,0.5774305566508625,0.2787361629734815,0.1438332803756558
336,0.12682740324010028,0.4469155810320578,0.4262570157278419
337,0.009248050536070994,0.2801708798952055,0.7105810695687237
338,0.06154072593607162,0.07849697891308698,0.8599622951508411
339,0.23217328356518857,0.3797635799299454,0.3880631365048656
340,0.022158475794431007,0.23773703447544636,0.7401044897301227
341,0.0744807761827251,0.18610075043385968,0.7394184733834154
342,0.5339749713389332,0.09369565887281373,0.37232936978825304
343,0.04631681886436741,0.15638770605291144,0.797295475082721
344,0.20899012115115834,0.23375729477967255,0.5572525840691691
345,0.3510659693263917,0.13037611945148458,0.5185579112221239
346,0.08660903200330637,0.22547671465154473,0.687914253345149
347,0.678708770409402,0.047579500944333615,0.2737117286462644
348,0.1095388379181459,0.13770751006895876,0.7527536520128953
349,0.04779154960756304,0.13055501398457373,0.8216534364078635
350,0.011425313130083459,0.7387834201610132,0.24979126670890345
351,0.053619886735507424,0.15513221359582022,0.7912478996686721
352,0.09777017791799467,0.048862215990367934,0.8533676060916374
353,0.033530143337798655,0.2574996949392425,0.7089701617229589
354,0.27657267479496284,0.1365367488307504,0.5868905763742867
355,0.016748124975911022,0.30885650606806303,0.6743953689560264
356,0.06873936741915608,0.10899713151404263,0.8222635010668012
357,0.08013660899423561,0.07149949781049038,0.8483638931952737
358,0.0035038485028909155,0.4609686210059156,0.5355275304911935
359,0.014612152537621874,0.5820457850270204,0.4033420624353577
360,0.07754960908056233,0.579859284727526,0.34259110619191163
361,0.19699026173486553,0.32016984432492607,0.4828398939402085
362,0.08273240271894843,0.1531869856134983,0.7640806116675534
363,0.012803924834726236,0.1737560848463996,0.8134399903188744
364,0.384095584236252,0.42963758647733136,0.18626682928641677
365,0.4291165143443326,0.027892632624859835,0.5429908530308075
366,0.0008540301763738853,0.18445858896684336,0.8146873808567828
367,0.010694419800197407,0.17347194693709397,0.8158336332627085
368,0.0751189843332276,0.1509403589538534,0.773940656712919
369,0.6157186167789298,0.04421859286595635,0.3400627903551136
370,0.7707411777382476,0.02534664137364203,0.20391218088811036
371,0.1847065461020918,0.1595698577797778,0.6557235961181307
372,0.3470901156319423,0.18645684874227147,0.46645303562578616
373,0.0017118341403835348,0.11160096079187007,0.8866872050677463
374,0.24179242468501772,0.5753659574272219,0.18284161788776054
375,0.04908187419541026,0.24733683662512,0.7035812891794698
376,0.0954963088750875,0.09099950687906497,0.8135041842458475
377,0.0983649296572847,0.22914302530224068,0.6724920450404746
378,0.8613006682634067,0.03271190114380393,0.10598743059278923
379,0.6113348107716544,0.04169367365982805,0.3469715155685175
380,0.6156686921550392,0.09834720829438405,0.2859840995505767
381,0.0010357330349940591,0.1539097806054293,0.8450544863595765
382,0.006857991665963818,0.28356105870373627,0.7095809496302998
383,0.0914008597998001,0.37459190565924794,0.5340072345409522
384,0.5506779181665762,0.1797838356363033,0.2695382461971207
385,0.08879127463439869,0.14766233128571293,0.7635463940798884
386,0.9985719965840603,0.00033817284624729346,0.0010898305696925496
387,0.05321704011830648,0.22820740028118824,0.7185755596005053
388,0.1481839999229972,0.16491132278731352,0.6869046772896894
389,0.01263500346884762,0.10688446349563312,0.8804805330355194
390,0.015949533929379422,0.26331117910313123,0.7207392869674892
391,0.728034007519124,0.01624651162436458,0.2557194808565117
392,0.9999998493299034,9.999547907386721e-08,5.0674617730282554e-08
393,0.00890768564261945,0.3541533646020788,0.6369389497553019
394,0.10096725114723347,0.14194273297562582,0.7570900158771406
395,0.09074992558798682,0.5925354226865933,0.3167146517254198
396,0.11224178606705211,0.45029919626104054,0.4374590176719071
397,0.1949243605954609,0.07370973711550562,0.7313659022890334
398,0.038529371479222335,0.5138702987918905,0.4476003297288872
399,0.3317371542602785,0.3406059681652551,0.32765687757446627
400,0.2752353675801573,0.24531733155412933,0.4794473008657133
401,0.09838554073129621,0.018654667120387027,0.8829597921483169
402,0.05351432623768968,0.17264946569450265,0.7738362080678077
403,0.6580167504367501,0.1656822751984146,0.17630097436483527
404,0.02765723223614878,0.25393399228521296,0.718408775478638
405,0.47148150751564843,0.06944920787108456,0.45906928461326685
406,0.11769702497218226,0.13291576833378657,0.7493872066940311
407,0.05877657894955465,0.19157257635844321,0.7496508446920022
408,0.13416485486532564,0.2819718106944611,0.5838633344402128
409,0.3432521724522565,0.09958546857122293,0.5571623589765204
410,0.06853021911389047,0.12900133644702724,0.8024684444390824
411,0.043334543976358185,0.13828559671818316,0.8183798593054586
412,0.9862695026009598,0.008787587675178036,0.004942909723862312
413,0.5967523170306056,0.041320763301997465,0.36192691966739704
414,0.1673569594498145,0.08302115410105541,0.7496218864491299
415,0.7881775738695277,0.07215162000132726,0.13967080612914504
416,0.13952634051630022,0.13038104081965332,0.7300926186640464
417,0.028058595764095747,0.16356411257342332,0.808377291662481
418,0.13909935360217435,0.13104924354051126,0.7298514028573144
419,0.0011644223890611193,0.35731268591245907,0.6415228916984801
420,0.7715652307324076,0.02583046539359596,0.2026043038739965
421,0.6816822755489427,0.05339213980338651,0.2649255846476708
422,0.8560966853254438,0.015686198031333722,0.12821711664322272
423,0.2856471637716275,0.20286588153652887,0.5114869546918437
424,0.06838630503282829,0.5228985282602397,0.408715166706932
425,0.00036710892180742043,0.10162724533105517,0.8980056457471376
426,0.10006608334451451,0.467593727217042,0.43234018943844327
427,0.04274755092766737,0.19451601376221878,0.7627364353101136
428,0.03933692132711959,0.6252458902091939,0.3354171884636863
429,0.021345401466855776,0.15316088548992546,0.8254937130432186
430,0.28263678388602653,0.04731480299975816,0.6700484131142151
431,0.7669977458225856,0.06475996953913701,0.16824228463827706
432,0.4749756061711559,0.1155416073343124,0.409482786494532
433,0.05866816001621318,0.5759290391367812,0.36540280084700577
434,0.004459156228380265,0.289927266439047,0.705613577332573
435,0.06355934977114486,0.6428481998560531,0.29359245037280196
436,0.08912141958735217,0.1586997155821327,0.7521788648305152
437,0.5916155989660599,0.05515969920679172,0.3532247018271484
438,0.0003193471278335524,0.07657774946788087,0.9231029034042854
439,0.09774853803783654,0.08222189313137881,0.8200295688307849
440,0.12159822890685144,0.3393626729921898,0.5390390981009584
441,0.041520846279814366,0.19149932868469657,0.7669798250354888
442,0.0002905674431475655,0.24330731611877723,0.7564021164380752
443,0.12081915244847842,0.21455934312174965,0.6646215044297721
444,0.12305505051345995,0.17608990628298943,0.7008550432035506
445,0.04706746228057534,0.12933656232014942,0.8235959753992753
446,0.1600952004903682,0.40513172616524,0.4347730733443914
447,0.5688520065028361,0.19828610400725522,0.23286188948990857
448,0.15392544660261218,0.17848812207443696,0.6675864313229509
449,0.06897223641581393,0.19380463900124734,0.737223124582939
450,0.513607878089659,0.030940359295062708,0.45545176261527837
451,0.03627726934400549,0.3745105191614446,0.5892122114945498
452,0.004942542723695247,0.19257001105044294,0.8024874462258615
453,0.20391528100285186,0.3023636133758699,0.49372110562127824
454,0.0900628010216071,0.49971587399190825,0.4102213249864847
455,0.7481471904344531,0.03481294283677613,0.21703986672877065
456,0.021834636299225416,0.3661126671884418,0.6120526965123328
457,0.828963730380975,0.04015299614286163,0.13088327347616363
458,0.02733106033034716,0.27232450541364384,0.700344434256009
459,0.5882016780218323,0.07385706601206307,0.33794125596610447
460,0.1281979899656831,0.2821198462388391,0.589682163795478
461,0.03912955353224703,0.6041606750372274,0.35670977143052585
462,0.40571214961321134,0.06832779166408132,0.5259600587227071
463,0.0426098977968152,0.39132937657202244,0.5660607256311623
464,0.11263904267018772,0.07284009338881402,0.8145208639409981
465,0.12991535476212004,0.16586821024662265,0.7042164349912575
466,0.02332151942344241,0.23622998789990418,0.7404484926766536
467,0.10468655185684875,0.08413257416205648,0.8111808739810948
468,0.04726174174796291,0.25100242084059055,0.7017358374114468
469,0.5800266900537053,0.20027108574888883,0.21970222419740595
470,0.9999996609329908,2.1900222571669902e-07,1.200647837656572e-07
471,0.7668986812331682,0.13639711243536284,0.0967042063314688
472,0.02740652757967896,0.17802699935253993,0.7945664730677809
473,0.9982075899214888,0.0006782164848513209,0.0011141935936598833
474,0.3655534671449883,0.2149609944019251,0.41948553845308667
475,0.06714631813146316,0.20980997986803235,0.7230437020005045
476,0.620815356887297,0.04519664064226954,0.3339880024704333
477,0.08900739453411317,0.17958788714087995,0.731404718325007
478,0.04737853643152961,0.6406078964871239,0.3120135670813464
479,0.33481071290162634,0.13567003368034777,0.5295192534180256
480,0.09349523716274873,0.10057017653240803,0.8059345863048434
481,0.12199451402842289,0.17618345245519063,0.7018220335163864
482,0.06000091228889965,0.30816322800289375,0.6318358597082067
483,0.16593973637672604,0.03137157377473701,0.8026886898485373
484,0.2589573421823408,0.22922914312278986,0.5118135146948696
485,0.2159879229105515,0.3667056536906119,0.4173064233988365
486,0.0011424517602131277,0.2795631712976154,0.7192943769421715
487,0.018584187954824607,0.2287367307862155,0.7526790812589597
488,0.07377247035072035,0.7038016871164179,0.2224258425328617
489,0.23413267060400886,0.11599247056139808,0.6498748588345932
490,0.00578604187270968,0.1958216545800013,0.7983923035472889
491,0.030029217941761867,0.1645917713852838,0.805379010672954
492,0.030008996880651048,0.2970565432708393,0.6729344598485093
493,0.002548279589089023,0.17552697842635814,0.8219247419845527
494,0.05681349048485694,0.5429925095376036,0.4001939999775394
495,0.15926726694588023,0.5867835882778456,0.25394914477627434
496,0.1325744445213513,0.23451615021339256,0.6329094052652561
497,0.9999996246990073,6.638641367612647e-08,3.089145789693274e-07
498,0.4075074283239434,0.10131725975550869,0.491175311920548
499,0.21163656052727634,0.044277358675970914,0.7440860807967526
500,0.01768584234903627,0.17083041208143032,0.8114837455695334
501,0.16115108247735555,0.20643262903536305,0.6324162884872815
502,0.9639739779435776,0.022919536653939396,0.0131064854024829
503,0.29843669995443595,0.2298936916874492,0.47166960835811444
504,0.05307810128986298,0.16739880128410536,0.7795230974260319
505,0.9999998180490197,8.581328265811403e-08,9.613769785251783e-08
506,0.0008642263435238145,0.13295583322042928,0.8661799404360471
507,0.15575370049636306,0.35230877585975023,0.4919375236438867
508,0.21049822306394955,0.05470670257821507,0.7347950743578352
509,0.9999549688042977,3.5734626789551014e-05,9.296568912773423e-06
510,0.08463625543717689,0.46881984469421756,0.4465438998686051
511,0.039819915516133626,0.30779941650463893,0.6523806679792276
512,0.15133669030104976,0.5148827719790009,0.3337805377199495
513,0.04173804228899809,0.13545588649313092,0.8228060712178707
514,0.529590975083205,0.05628070100330228,0.41412832391349264
515,0.0672764261053587,0.5715215954188684,0.36120197847577307
516,0.7949443249062661,0.06546152373076719,0.13959415136296652
517,0.03188155643409669,0.18490357162638507,0.7832148719395183
518,0.13572675237491094,0.6287966769905927,0.235476570634496
519,0.40623975157060854,0.0846760029936184,0.509084245435773
520,0.12206504472042085,0.10256899847032583,0.7753659568092538
521,0.197641319510633,0.43136211877797687,0.37099656171139017
522,0.3407858224799605,0.07685566841255785,0.5823585091074819
523,0.8470704084026699,0.02396373241008968,0.12896585918724054
524,0.3755557154982878,0.23120178856135234,0.3932424959403597
525,0.004234592717315252,0.17866203536976016,0.8171033719129243
526,0.1440987521196094,0.11070653009033572,0.7451947177900546
527,0.020125824695794905,0.30901719486995005,0.670856980434255
528,0.08588488039270206,0.12894774049233704,0.7851673791149608
529,0.13811407616745086,0.28986316776770327,0.5720227560648459
530,0.3981591298251202,0.4055364987040018,0.19630437147087812
531,0.005919035333647368,0.17533291138708693,0.8187480532792656
532,0.002088901480573546,0.4562671218704411,0.5416439766489853
533,0.4921690849150839,0.3758896310361785,0.13194128404873764
534,0.15277796985377962,0.1624732525411463,0.684748777605074
535,0.09117884627656365,0.1332387564604637,0.7755823972629724
536,0.08327008391097845,0.30668132886334126,0.6100485872256801
537,0.0007871290326653365,0.48445230788052035,0.5147605630868141
538,0.8623604739023403,0.015244470863122767,0.12239505523453671
539,0.4095752362958083,0.2238590992331997,0.366565664470992
540,0.09607613992661086,0.5307704058032231,0.37315345427016566
541,0.3260276807195111,0.2652358928035699,0.408736426476919
542,0.4099928742192184,0.17845645470098503,0.41155067107979676
543,0.2429862898569071,0.07830243539973314,0.6787112747433597
544,0.060955053619904456,0.2672549606855775,0.6717899856945179
545,0.6737896946922076,0.2243344033285739,0.10187590197921823
546,0.8809288312357532,0.01497049384458013,0.10410067491966665
547,0.1835476547470828,0.1634784287560778,0.6529739164968394
548,0.19554863302921094,0.43319213110910615,0.37125923586168275
549,0.002216166455117475,0.03278882029118632,0.9649950132536962
550,0.06759092212075309,0.045022012350014795,0.8873870655292323
551,0.02505975989373291,0.2553239538235393,0.7196162862827276
552,0.20787375213749504,0.33488576038444573,0.4572404874780592
553,0.1764708493576888,0.17133262372049146,0.6521965269218198
554,0.015585486651420783,0.5824182093851246,0.40199630396345476
555,0.00032600633276186065,0.2386600905001478,0.7610139031670905
556,0.3930467997859275,0.16668842488687696,0.44026477532719543
557,0.8991813750519678,0.012233413091922279,0.08858521185610987
558,0.8760547307314854,0.045779709930973106,0.07816555933754152
559,0.008894326472473351,0.483322980178121,0.5077826933494054
560,0.5414520588508149,0.13675088687482326,0.32179705427436184
561,0.024574058400647362,0.1248195593362477,0.850606382263105
562,0.16750803116684684,0.27764142167615274,0.5548505471570001
563,0.1223072374898005,0.3501595151339098,0.5275332473762894
564,0.5080706187308269,0.04197993684403746,0.4499494444251355
565,0.9999998263959824,7.023950131281209e-08,1.0336451628411481e-07
566,0.153214958431881,0.16478409682273842,0.6820009447453805
567,0.6148789437350884,0.029295261940672876,0.3558257943242388
568,0.00171220766262541,0.46418255339605774,0.5341052389413169
569,0.013399149985961766,0.19207478162197678,0.7945260683920616
570,0.09099465120313338,0.19753862725716864,0.7114667215396977
571,0.005197340139258561,0.4962458809177222,0.4985567789430194
572,0.2448385345004941,0.47471876072658226,0.2804427047729236
573,0.05606950134302418,0.20103528309202306,0.7428952155649526
574,0.2804868166850946,0.3726751053927624,0.3468380779221429
575,0.08590747078689338,0.15604062618443923,0.7580519030286673
576,0.32530734453682114,0.10803349153882112,0.5666591639243577
577,0.36179965288295046,0.060145922250542876,0.5780544248665066
578,0.28209817744700444,0.16025912802446476,0.5576426945285309
579,0.013101271291718975,0.7809647474300448,0.20593398127823628
580,0.011314065347364751,0.09626757170636363,0.8924183629462715
581,0.07809420436668578,0.25527242523633303,0.6666333703969811
582,0.6182757651637699,0.2623064627144694,0.11941777212176066
583,0.7817140403740164,0.10161759503490209,0.11666836459108162
584,0.09047668649557004,0.21785743487085274,0.6916658786335771
585,0.04683318817715474,0.11137570400813723,0.8417911078147081
586,0.08277769694130592,0.575375772288135,0.3418465307705592
587,0.050852233298056326,0.23729398983141026,0.7118537768705332
588,0.026268711064692203,0.25927745773040156,0.7144538312049062
589,0.1912684353482349,0.648572649947067,0.1601589147046977
590,0.025664783257527683,0.22031166040440814,0.7540235563380643
591,0.007838782809441303,0.4270732799912128,0.5650879371993462
592,0.4032798707353622,0.09487852991914317,0.5018415993454947
593,0.2166987998447821,0.053062178569539487,0.7302390215856783
594,0.13330630520551284,0.6017251610345569,0.26496853375993024
595,0.19191549270936434,0.08921717315472026,0.7188673341359154
596,0.22210306871692415,0.24151602505432887,0.5363809062287467
597,0.48521313388309895,0.1920162392438815,0.3227706268730196
598,0.047323559438963665,0.1394544084409521,0.8132220321200841
599,0.53599218332197,0.0752263998129381,0.38878141686509177
600,0.25104833096585677,0.23306680526409077,0.515884863770052
601,0.08327591464835828,0.19432390960955553,0.7224001757420864
602,0.5267563181614778,0.02809610731140385,0.44514757452711845
603,0.0417249943416652,0.6938661547245428,0.26440885093379196
604,0.04687996490186664,0.20652011347713173,0.7465999216210013
605,0.14547033856613487,0.1461869896004241,0.7083426718334407
606,0.0017417949585376027,0.08539144506139328,0.912866759980069
607,0.04520075033353643,0.1637316378461381,0.7910676118203255
608,0.12365639667949672,0.331284889769888,0.5450587135506153
609,0.07058821299466152,0.5825680942838681,0.3468436927214703
610,0.25070333266425576,0.048485058122981504,0.7008116092127628
611,0.5860722369013555,0.27791260014210933,0.1360151629565352
612,0.0020486386542359937,0.5305017615344932,0.467449599811271
613,0.12984865661482572,0.3386025201190476,0.5315488232661267
614,0.04765616728743376,0.36624855859185246,0.5860952741207137
615,0.13414065712909828,0.10662269808888859,0.7592366447820135
616,0.024441741390032086,0.17124947986810982,0.8043087787418582
617,0.15397428584295128,0.177560514737833,0.6684651994192155
618,0.06452238055860125,0.6567232603982853,0.27875435904311313
619,0.07233712036284176,0.26118184179530474,0.6664810378418534
620,0.14462383063506545,0.6455797379181528,0.20979643144678173
621,0.040336989473853606,0.321502968830152,0.6381600416959944
622,0.6625397972266649,0.1504545291870225,0.18700567358631265
623,0.9423101541424606,0.0119243879435786,0.04576545791396043
624,0.23426141830923944,0.1367908606998872,0.6289477209908731
625,0.10017270307538997,0.04050838721294768,0.8593189097116624
626,0.35086318084666435,0.03698210677041099,0.6121547123829246
627,0.045621063542696585,0.2828956494672018,0.6714832869901016
628,0.005918759989197646,0.24296205407404114,0.7511191859367612
629,0.13904889148569793,0.1573146993033592,0.7036364092109431
630,0.6909190846518064,0.15212387493161292,0.1569570404165806
631,0.7134749731524856,0.11924133258170654,0.16728369426580714
632,0.0408817458679559,0.09939522717834158,0.8597230269537025
633,0.41063822067735883,0.06280565189475253,0.5265561274278885
634,0.3940405679574524,0.16901509228988187,0.4369443397526658
635,0.6295851212868797,0.02421998560539396,0.3461948931077262
636,0.2587328251278941,0.18297120654214974,0.558295968329956
637,0.12275795921934203,0.08912091710487556,0.7881211236757826
