,proba_0,proba_1,proba_2
0,0.10386511800284928,0.25809662094028235,0.6380382610568683
1,0.2502395223412007,0.1133974245423865,0.6363630531164128
2,0.9997227480415196,0.00027724464900084087,7.309479539966604e-09
3,0.49367662067678014,0.35744491543949036,0.14887846388372952
4,0.0937727291973306,0.26272687133095496,0.6435003994717143
5,0.0987551084815344,0.3001712543282524,0.6010736371902131
6,0.003806672082416953,0.2985615996594777,0.6976317282581053
7,0.6791408183487653,0.13081043712062976,0.19004874453060486
8,0.500937673260674,0.059485660499745685,0.4395766662395804
9,0.014501756039734241,0.2388643353237664,0.7466339086364993
10,0.038533418467911786,0.519494298903777,0.44197228262831123
11,0.7029679587165185,0.029298144157236666,0.2677338971262448
12,0.03382522458285975,0.20187431865001093,0.7643004567671292
13,0.26979176358553036,0.12817279917338625,0.6020354372410834
14,0.06517464355194984,0.17740147677350576,0.7574238796745445
15,0.30366847308644035,0.29607505855464594,0.40025646835891376
16,0.6784776013454189,0.094871416548149,0.22665098210643222
17,0.3443923110506407,0.32386030049033465,0.3317473884590246
18,0.8453961395868926,0.09405054044002517,0.06055331997308229
19,0.42112723061365287,0.01241385958132893,0.5664589098050182
20,0.09105728810494698,0.49209969744910675,0.41684301444594624
21,0.008980502892550259,0.2357920588257353,0.7552274382817145
22,0.0033075594028003155,0.05329789384540392,0.9433945467517958
23,0.10279062380615157,0.2311530011862238,0.6660563750076246
24,0.5561511680943109,0.1441344593333363,0.2997143725723528
25,0.1446781443509077,0.39856306385932727,0.45675879178976514
26,0.10492695620430009,0.13748791501007465,0.7575851287856252
27,0.9993184313674286,0.0006814824917489602,8.614082252865485e-08
28,0.7922698410236944,0.15529000330799278,0.05244015566831287
29,0.999999515027727,4.849722730173271e-07,1.951241696386615e-18
30,0.1078495239040927,0.2877452734593102,0.604405202636597
31,0.032595565192978175,0.44268389507040423,0.5247205397366175
32,0.1377478521377578,0.17356086642210236,0.6886912814401398
33,0.32363774875224355,0.056756143532743795,0.6196061077150126
34,0.021543943760016136,0.19670521414675798,0.7817508420932259
35,0.4491898882816705,0.029454011635785447,0.521356100082544
36,0.81185975396488,0.061539522935441765,0.12660072309967832
37,0.9627148263391125,0.03692441338235933,0.0003607602785280884
38,0.37810932853708434,0.26644509888360685,0.3554455725793088
39,5.125131851819361e-05,0.13344371594710316,0.8665050327343786
40,0.606131737389736,0.19328850083337823,0.20057976177688577
41,0.0002321221170347015,0.13002707420586979,0.8697408036770955
42,0.11376216653807336,0.29829091806192604,0.5879469154000007
43,0.07611019150833435,0.24483433637827207,0.6790554721133937
44,0.01852268704225777,0.21536879647068416,0.766108516487058
45,0.014053578536289576,0.09695066924218239,0.8889957522215279
46,0.0027012817143272304,0.1054155517657674,0.8918831665199053
47,0.0017505932145690814,0.2610221741781237,0.7372272326073073
48,0.05186480418732433,0.16329345473983067,0.784841741072845
49,0.1158129972431954,0.05415579839612289,0.8300312043606818
50,0.013371858480454791,0.1832951014380354,0.8033330400815097
51,0.22188309043243373,0.2424647778461802,0.5356521317213861
52,0.6570875534641878,0.18451062228885015,0.15840182424696198
53,0.9999991364517441,8.635482558803295e-07,1.4463909328242592e-18
54,0.05295679770687576,0.04861425793852927,0.898428944354595
55,1.8547811058712352e-05,0.08105964909112871,0.9189218030978125
56,0.13487717584028958,0.025593313665174908,0.8395295104945354
57,0.5109946396236404,0.011666967206476324,0.47733839316988325
58,0.5360437456231714,0.12393079171080952,0.3400254626660192
59,0.13056910931773105,0.0792322746263997,0.7901986160558693
60,0.5270579547652449,0.02869693118069004,0.444245114054065
61,0.12095738983381914,0.02649299275825233,0.8525496174079287
62,0.21923459976911647,0.13140254268719923,0.6493628575436844
63,0.20322690510721794,0.2062146329619243,0.5905584619308577
64,0.07455274019830108,0.3258562206957945,0.5995910391059045
65,0.0258476907336632,0.26724463572252277,0.706907673543814
66,0.03249009611062618,0.3031454976043456,0.6643644062850282
67,0.09206181538602995,0.032868683872515125,0.875069500741455
68,0.033150423312177546,0.23476595099909836,0.7320836256887241
69,0.16344096259906793,0.03631058491664029,0.8002484524842919
70,0.6751365887406271,0.03813476815743202,0.2867286431019409
71,0.008601690661683668,0.3666979718404567,0.6247003374978597
72,0.04576946072343537,0.15241876447312294,0.8018117748034417
73,0.3389397611071636,0.4163207481448298,0.24473949074800663
74,0.0624523466038887,0.5947180810185337,0.34282957237757744
75,0.999699572658487,0.00030042734151288343,6.210389140056182e-17
76,0.10931448914319397,0.02005300395310155,0.8706325069037044
77,0.022045537516979297,0.374549789548099,0.6034046729349217
78,0.008898593404981229,0.19265986753743705,0.7984415390575816
79,0.8453210650903946,0.014201858711740695,0.14047707619786462
80,0.000679502682183639,0.06995503079676138,0.929365466521055
81,0.1988755947315253,0.026443551570526854,0.7746808536979479
82,0.9999993343295069,6.656704929474559e-07,1.327436421486886e-18
83,0.05890324239240055,0.4614529601527862,0.4796437974548132
84,0.009761809403748493,0.41750473390175913,0.5727334566944923
85,0.09234759733278564,0.4708779635675248,0.43677443909968955
86,0.9999567358868215,4.326411317848872e-05,1.6867342937894078e-18
87,0.46207921324953183,0.17230726594492787,0.3656135208055401
88,0.22068112693393593,0.03286025686161446,0.7464586162044495
89,0.6537911340631941,0.26160010029104186,0.084608765645764
90,0.26898262228952613,0.17595457704569537,0.5550628006647784
91,0.010501371108756012,0.057578741835252835,0.9319198870559912
92,0.17292949996062332,0.38400550946373335,0.4430649905756433
93,0.0777581763627334,0.010467687456966995,0.9117741361802996
94,0.16030409550105126,0.20828586881390596,0.6314100356850428
95,0.37322383421090405,0.10745002566627533,0.5193261401228206
96,0.8140335621243496,0.05438802899494355,0.1315784088807067
97,0.06251466942952522,0.2659029994952182,0.6715823310752566
98,0.10574195250718667,0.2269652781790001,0.6672927693138132
99,0.04827667359034506,0.12286257791738751,0.8288607484922674
100,0.004327476007561681,0.3205909695367691,0.6750815544556692
101,0.012202803806289407,0.11727112056063192,0.8705260756330786
102,0.0670519314036921,0.10311940018104307,0.8298286684152649
103,0.08726245343747502,0.2665449657680012,0.6461925807945237
104,0.10984279653265325,0.1904252426647342,0.6997319608026126
105,0.07075761392881175,0.28140415668109325,0.6478382293900949
106,0.3032429454310525,0.3591949317336231,0.33756212283532444
107,0.006570364295358629,0.43924901408818084,0.5541806216164605
108,0.03221608174244379,0.09055030909434336,0.8772336091632128
109,0.0037555349186248533,0.15542629522282012,0.8408181698585552
110,0.31641663753331695,0.20788654844933432,0.4756968140173487
111,0.22250502656330692,0.0361650574550845,0.7413299159816086
112,0.00869831415798662,0.07929123745429524,0.9120104483877182
113,0.02769330409644843,0.31247472323127023,0.6598319726722813
114,0.3999652087090618,0.08724084666038491,0.5127939446305533
115,0.28568419998544464,0.12468935932089091,0.5896264406936644
116,0.07327163548545869,0.4253916140293016,0.5013367504852397
117,0.024094395918016622,0.08359384499480149,0.892311759087182
118,0.16489317349662952,0.028532695435264748,0.8065741310681056
119,0.00759503821108829,0.5462998090743033,0.44610515271460843
120,0.12765510453762863,0.13684299077079543,0.735501904691576
121,3.3318150800169873e-06,0.1515365692148497,0.8484600989700702
122,0.05304759064047989,0.12187819257483491,0.8250742167846853
123,0.13672727725006062,0.29151396488824827,0.5717587578616912
124,0.013674726112831924,0.06722418188924575,0.9191010919979223
125,0.023700830543226924,0.043270324108314405,0.9330288453484586
126,0.23138532607298898,0.11661247292631165,0.6520022010006993
127,0.041396707298212224,0.023755028339258008,0.9348482643625298
128,0.2634402760587734,0.4640706907668376,0.2724890331743889
129,0.005740595147954113,0.16797772550437617,0.8262816793476697
130,0.5241439227321515,0.21083928253697795,0.2650167947308706
131,0.0673542830430526,0.36740966200535097,0.5652360549515965
132,0.11167817654334256,0.062193579493579176,0.8261282439630783
133,0.960324025117323,0.0396757017423372,2.731403399406706e-07
134,0.15096608536446,0.007287949849560192,0.84174596478598
135,0.4742100941563855,0.34733802021871885,0.17845188562489572
136,0.0182653616266784,0.39171740825537105,0.5900172301179506
137,0.6543220429173047,0.00907212487092295,0.3366058322117724
138,0.1433357757168558,0.11150700086427046,0.7451572234188738
139,0.36845169249526044,0.2738343961130106,0.357713911391729
140,0.02442107974194138,0.02561859703581936,0.9499603232222392
141,0.696987507625659,0.17350731421525697,0.12950517815908394
142,0.14437516186104415,0.5610323504669232,0.29459248767203267
143,0.26919042898447243,0.10111855033074481,0.6296910206847829
144,0.5192635726290599,0.09009069659638216,0.390645730774558
145,0.03657777367108485,0.2753183689668334,0.6881038573620817
146,0.021751900159143352,0.2101119426054025,0.7681361572354541
147,0.05965094586255577,0.04986469803032871,0.8904843561071156
148,0.5600994160452675,0.22098228963447333,0.2189182943202593
149,0.08135090074162674,0.11467600068240925,0.803973098575964
150,0.01934819903908473,0.4205624145904078,0.5600893863705075
151,0.0002894899686307329,0.01886650160966234,0.9808440084217069
152,0.6251943903424959,0.24437057817722627,0.13043503148027796
153,0.37669353920743726,0.08851297208648137,0.5347934887060813
154,0.021321372587664415,0.5021548585726607,0.47652376883967484
155,0.15813191771098126,0.10496645082569543,0.7369016314633233
156,0.2321175145693127,0.48135437219212407,0.28652811323856325
157,0.2642075229279828,0.13430753964821407,0.6014849374238032
158,3.7159065392824525e-05,0.24315715189685,0.7568056890377572
159,0.005948072127994497,0.31170895441529656,0.682342973456709
160,0.127394204568864,0.21841338869486587,0.6541924067362701
161,0.13636104654827158,0.3195260863473127,0.5441128671044156
162,0.05418864982949668,0.27731765291762955,0.6684936972528739
163,0.17987108688583778,0.30947239086527883,0.5106565222488834
164,0.45346308092796156,0.1524784236018856,0.39405849547015276
165,0.02029910703897984,0.07729996205948321,0.902400930901537
166,0.12677551923006264,0.11618704005417674,0.7570374407157606
167,0.04694925303877169,0.3902902660365046,0.5627604809247237
168,0.032435716683259105,0.6291477736900833,0.3384165096266576
169,0.052707978725058204,0.2235367855980359,0.723755235676906
170,0.04441118192962048,0.09320628574210751,0.862382532328272
171,0.009616892728598215,0.3943578133399331,0.5960252939314687
172,3.2587167100151104e-05,0.01809948291682267,0.9818679299160772
173,0.07736494536591582,0.13867486662077744,0.7839601880133068
174,0.015235012263936407,0.0509878281190591,0.9337771596170045
175,0.12137840862739235,0.2619811955500488,0.6166403958225588
176,0.3872595687436615,0.42745904817196634,0.18528138308437225
177,0.62445887656982,0.023874716387047728,0.3516664070431323
178,0.19704993856378034,0.03962906419807755,0.7633209972381422
179,0.11169628506052362,0.01406786954610736,0.8742358453933691
180,1.7159453147781874e-06,0.03185938193171522,0.9681389021229699
181,0.020240846616489828,0.18223507247393184,0.7975240809095784
182,0.09079131066884562,0.17439563167463207,0.7348130576565225
183,0.06645244571817487,0.4222090860827471,0.511338468199078
184,0.7444414614711828,0.023467187179886398,0.23209135134893072
185,0.1613562389744923,0.02989074482597327,0.8087530161995344
186,0.3232281923933268,0.377496376269132,0.29927543133754114
187,0.4404317205131529,0.10824776508038633,0.4513205144064608
188,0.4255136224275507,0.11386624093481143,0.4606201366376378
189,0.016630553372160167,0.10166781723501213,0.8817016293928277
190,0.19827976450698193,0.14093326622174354,0.6607869692712744
191,0.04034920050124371,0.1072610866331076,0.8523897128656486
192,0.6796417573691443,0.05574585487472545,0.2646123877561302
193,0.14743988204395503,0.24774977614458327,0.6048103418114618
194,0.0731931070290533,0.33858969389545346,0.5882171990754932
195,0.3861699499597297,0.23637452984467797,0.37745552019559236
196,0.7343583563748691,0.019533664401696595,0.24610797922343428
197,0.028646448270480507,0.5079650566434061,0.46338849508611346
198,0.22433932748143742,0.1369467902073843,0.6387138823111782
199,0.00017569428557204401,0.3334353516909715,0.6663889540234563
200,0.06129686671813892,0.1881934016688444,0.7505097316130167
201,0.5154468232396983,0.02962002614362258,0.4549331506166792
202,0.0050814891859004676,0.4429761252846127,0.5519423855294868
203,0.8433286557831623,0.038320667061234534,0.11835067715560306
204,0.37853418158510765,0.38165003780349355,0.23981578061139872
205,0.4485891648437619,0.13130240671164337,0.42010842844459473
206,0.44582889446963375,0.22825337541463753,0.3259177301157286
207,0.29297822492896586,0.256403872604849,0.45061790246618505
208,0.09288800957218454,0.28502803694001755,0.6220839534877981
209,0.9997453487789497,0.00025465122094030923,1.0985158091847988e-13
210,0.03654716009597967,0.2576758656941784,0.7057769742098419
211,0.07129235588417297,0.44022144956890297,0.48848619454692416
212,0.27193490753472854,0.44785164613615064,0.2802134463291208
213,0.9048180215728211,0.06364945060744055,0.03153252781973822
214,0.2613598255632691,0.2293215825577847,0.5093185918789462
215,0.04260399531570888,0.3130521755969248,0.6443438290873664
216,0.7809291725798151,0.09585637017545331,0.12321445724473166
217,0.04158846996354563,0.4784635786526965,0.479947951383758
218,0.008104773706778801,0.4898443335856741,0.5020508927075471
219,0.18052047710178273,0.09553168804734946,0.7239478348508679
220,0.01597014654957546,0.45243646619646416,0.5315933872539603
221,0.035446556940897274,0.4992642389584222,0.4652892041006804
222,0.6417431590915926,0.09729746030028798,0.26095938060811946
223,0.3427715519199745,0.13889272125159383,0.5183357268284317
224,0.04155423063978336,0.32957517468707387,0.6288705946731428
225,0.04371630750106658,0.1573763061596075,0.7989073863393259
226,0.3075806969019422,0.5834486169205836,0.10897068617747427
227,0.0001774014272007861,0.2616731600501641,0.7381494385226351
228,0.020115075036137874,0.15075411687754608,0.829130808086316
229,0.030699668924404632,0.3058923112553472,0.663408019820248
230,0.8409440859469435,0.03581364121448103,0.12324227283857556
231,0.023076420571373837,0.26798772701602547,0.7089358524126006
232,0.03128367311028754,0.371941708666077,0.5967746182236354
233,0.08689435187094201,0.22897930694238355,0.6841263411866745
234,0.8401102115671076,0.08159240908489679,0.07829737934799551
235,0.03052852321575143,0.43935241388342855,0.53011906290082
236,0.24659037082660246,0.47469168573512266,0.27871794343827494
237,0.16638083035849047,0.09864389401661618,0.7349752756248933
238,0.01982251183619233,0.3459280066043423,0.6342494815594653
239,0.21332874161132143,0.1298133600836968,0.6568578983049819
240,0.672450999300718,0.1802933716301163,0.14725562906916573
241,0.0516731464137204,0.11656023061562738,0.8317666229706522
242,0.6206976421338422,0.1832930757944612,0.1960092820716967
243,0.10631422840867318,0.013754742753191815,0.879931028838135
244,0.2418423599546145,0.20178308954724408,0.5563745504981414
245,0.022786488044255187,0.2446168819089173,0.7325966300468276
246,0.4805091219437748,0.2274895541285342,0.2920013239276909
247,0.38042437500941323,0.2648715099796656,0.35470411501092103
248,0.6203313816573031,0.07075344460510363,0.3089151737375933
249,0.19835443243073053,0.061770250767523446,0.7398753168017461
250,0.36710156274653416,0.04522785498464001,0.587670582268826
251,0.13834238080973163,0.30854570887692784,0.5531119103133405
252,0.3528957990620472,0.3351729913783067,0.31193120955964604
253,0.1657924361922915,0.42508341440560365,0.4091241494021048
254,0.1584911051220306,0.1308149688235612,0.7106939260544081
255,0.2944159298195742,0.31937523040225063,0.3862088397781752
256,0.17916345979999201,0.027812157788646718,0.7930243824113613
257,0.017111016572838866,0.471397560027662,0.5114914233994992
258,0.12066592971555531,0.1607799295669139,0.7185541407175308
259,0.2277114464368841,0.21757812826113124,0.5547104253019846
260,0.2102537373600537,0.0064483193051107016,0.7832979433348356
261,0.7089612512365298,0.023626069265613,0.26741267949785735
262,0.21575546882459803,0.21821278145439715,0.5660317497210048
263,0.1763162073588565,0.11094462124780802,0.7127391713933354
264,0.14378194889371987,0.19269061141356114,0.663527439692719
265,0.017351273458620003,0.41477763915004817,0.5678710873913317
266,0.04649231897349407,0.28290996259710177,0.6705977184294042
267,0.6626014171752762,0.08813814988913761,0.24926043293558617
268,0.008278865434465012,0.14157668889164496,0.8501444456738901
269,0.06086614054794582,0.059430254526292955,0.8797036049257613
270,0.11025053523679204,0.055358328552785815,0.8343911362104222
271,0.018345691336364805,0.3567951839463846,0.6248591247172507
272,0.10155032840402481,0.19759081324087058,0.7008588583551045
273,0.04260705652607932,0.48411477676222564,0.47327816671169504
274,0.00032468055094732974,0.25776252360804197,0.7419127958410107
275,0.024158863493502346,0.042111272378978125,0.9337298641275196
276,0.7968646179163509,0.14313946502123123,0.05999591706241781
277,0.07641731229382442,0.315514827760224,0.6080678599459516
278,0.10355093876179917,0.2366841141324153,0.6597649471057855
279,0.9999992009935448,7.990064552333736e-07,9.106747701347966e-18
280,0.6102223259593169,0.15922806232539713,0.230549611715286
281,0.8747462944033043,0.09676067841186992,0.02849302718482574
282,0.0083117690105315,0.39273525634270795,0.5989529746467606
283,0.3984732194352409,0.2332838891312545,0.36824289143350464
284,0.19027339178668548,0.0898377359835092,0.7198888722298052
285,0.5794772834223272,0.03832096600366998,0.38220175057400285
286,0.0020799505462138113,0.23639979869819677,0.7615202507555894
287,0.46682620977756173,0.09450656305372884,0.43866722716870943
288,0.44360159310873004,0.08919155063285925,0.46720685625841074
289,0.011243840689465993,0.4684557836945415,0.5203003756159925
290,0.5477483900633845,0.01043169990684294,0.44181991002977267
291,0.12916304729605574,0.026088719532362352,0.8447482331715819
292,0.0006409839624141586,0.26736604814559256,0.7319929678919932
293,0.000618932675440925,0.03768768022435696,0.9616933871002021
294,0.014042724615109038,0.10794460901632878,0.8780126663685622
295,0.06333828563003747,0.37171561691280164,0.5649460974571608
296,0.05628818252732897,0.5537834426412254,0.3899283748314458
297,0.04186045707847603,0.4502526363781684,0.5078869065433556
298,0.028340632271745318,0.16832948199461842,0.8033298857336363
299,0.005905245371655721,0.23652971403511425,0.75756504059323
300,0.18866932420067425,0.06693323030958379,0.7443974454897421
301,0.008410881673014889,0.09748843624744727,0.8941006820795379
302,0.2525629792599623,0.6924558334246929,0.054981187315344876
303,0.3028343091789062,0.03875405159283536,0.6584116392282584
304,0.1452598107366404,0.09078078690927305,0.7639594023540865
305,0.03437656274217291,0.059121727445937584,0.9065017098118895
306,0.13479225005948584,0.1253448210354184,0.7398629289050958
307,0.07024689600144396,0.030476668573690777,0.8992764354248652
308,0.040904635981030314,0.3001462039917515,0.6589491600272182
309,0.032358106517235474,0.19308023960519527,0.7745616538775691
310,0.3412654112062922,0.07682062360219602,0.5819139651915117
311,0.0059957911270551185,0.19768033938548166,0.7963238694874633
312,0.8375260546674346,0.089627377018948,0.07284656831361754
313,0.027359354877296748,0.263542606145318,0.7090980389773853
314,0.1323372121254711,0.4577548150623655,0.4099079728121635
315,0.0021483055558975694,0.023130164111439998,0.9747215303326624
316,0.029972204375829543,0.26609009338512113,0.7039377022390493
317,0.2869435952672832,0.18747517148158271,0.5255812332511342
318,0.018918000617437567,0.0542593214828055,0.926822677899757
319,0.13846246155426004,0.017002456095627554,0.8445350823501124
320,0.0007204606606020189,0.2136798911471059,0.785599648192292
321,0.0175482401523733,0.44544403902899715,0.5370077208186296
322,0.05446167014009131,0.16009705479466607,0.7854412750652425
323,0.09529707487767985,0.3302432228124899,0.5744597023098303
324,0.1149340088314548,0.416168741734778,0.46889724943376715
325,0.5972480946778971,0.03824660501285922,0.36450530030924366
326,0.036931506653617586,0.28004773937620375,0.6830207539701788
327,0.035595664587550584,0.028286937610867667,0.9361173978015819
328,0.09474626334348701,0.15725952238542712,0.7479942142710859
329,0.49557034898504315,0.039611727209566974,0.4648179238053899
330,0.24829212064003517,0.36827895848285414,0.3834289208771107
331,0.05380883577152793,0.3059083714408727,0.6402827927875994
332,0.9805070932386882,0.01946705509831143,2.5851663000354352e-05
333,0.34705440845493174,0.6085277642650754,0.04441782727999289
334,0.05187702193770531,0.1976250165473567,0.7504979615149381
335,0.5601390287795636,0.2705516799465547,0.1693092912738817
336,0.04367114754749833,0.5783504923549211,0.37797836009758057
337,0.10567510004480586,0.23488914135288608,0.6594357586023081
338,0.008179206162621959,0.14142618382927494,0.8503946100081031
339,0.30740229560368065,0.3071379317946522,0.38545977260166714
340,0.018988533893640934,0.08658652428940407,0.894424941816955
341,0.15148722320331928,0.13343716657003304,0.7150756102266478
342,0.6607756770060625,0.08215865142263999,0.2570656715712975
343,0.0041028670823371315,0.13052484439151796,0.8653722885261449
344,0.10260917372207894,0.24870581152998475,0.6486850147479364
345,0.515690016253308,0.0722514929815008,0.41205849076519124
346,0.09664031861307158,0.2698958091047884,0.63346387228214
347,0.7078026641983383,0.05554847180207085,0.23664886399959104
348,0.031537535820829736,0.1010598361349026,0.8674026280442676
349,0.007162446003267312,0.1713105010193556,0.8215270529773772
350,0.015929315911186532,0.7237099244344742,0.2603607596543392
351,0.014117843987104731,0.07592466134722357,0.9099574946656718
352,0.05706697622313424,0.031808824365735,0.9111241994111308
353,0.01602212649388614,0.2005315258035748,0.7834463477025391
354,0.09521731495882459,0.21456979783943356,0.6902128872017418
355,0.020804236465168584,0.38893308324657677,0.5902626802882547
356,0.031149413982502143,0.10606656104675144,0.8627840249707464
357,0.058032551132187145,0.031205852546716036,0.9107615963210969
358,0.0007272466235731885,0.536799625959779,0.4624731274166478
359,0.021061142595124656,0.669234622153068,0.3097042352518075
360,0.3094564308203816,0.44558190032842965,0.24496166885118886
361,0.20205929073779455,0.48736902976125174,0.31057167950095377
362,0.035916660441256895,0.07750028128834113,0.8865830582704021
363,0.015227895823490923,0.4193092222936756,0.5654628818828333
364,0.6045674956773653,0.2600921265119385,0.1353403778106962
365,0.4409422685030931,0.038113737762148804,0.5209439937347581
366,0.0004124992583819505,0.15815695924731585,0.8414305414943022
367,0.00539996904769398,0.30674060866551056,0.6878594222867955
368,0.12477674619477695,0.18971122683637498,0.685512026968848
369,0.5692578527568006,0.02762903745934243,0.40311310978385684
370,0.837753534089837,0.030257384702464155,0.13198908120769895
371,0.18493712936361548,0.17087652727757385,0.6441863433588106
372,0.24489514323768447,0.29493034782192523,0.46017450894039036
373,6.582742965077063e-05,0.0985278972540258,0.9014062753163234
374,0.2571816981742161,0.5136863959838879,0.229131905841896
375,0.012481521267093693,0.13007166151538338,0.8574468172175229
376,0.22290236391865106,0.030669155450326342,0.7464284806310226
377,0.04059093129134418,0.10490466056771974,0.8545044081409361
378,0.8259606498201565,0.06421933890946954,0.10982001127037398
379,0.6168815890818388,0.024745471729269157,0.358372939188892
380,0.7441980733102393,0.07179495921645318,0.18400696747330733
381,0.0002633320364041509,0.1373714741528743,0.8623651938107216
382,5.134785816559745e-06,0.21503478303847126,0.7849600821757122
383,0.25282556338102613,0.20995886476219808,0.5372155718567756
384,0.3767306382496157,0.2109863167166925,0.41228304503369184
385,0.04014638827335673,0.035960854074151366,0.9238927576524918
386,0.9925794580032626,0.007382994004326895,3.754799241031149e-05
387,0.044262127092224726,0.3071452887810008,0.6485925841267745
388,0.04566727297352005,0.12230499521724432,0.8320277318092356
389,0.0011905836819173917,0.030949327047836275,0.9678600892702464
390,0.025660072130772104,0.3408614085285299,0.633478519340698
391,0.6018313942836352,0.008748942584279069,0.38941966313208565
392,0.9999984218006803,1.578199319647072e-06,1.5066984302114076e-18
393,0.007919357793297326,0.47463202067387833,0.5174486215328243
394,0.03192809390415378,0.2462665962782072,0.7218053098176391
395,0.017863798872292266,0.5277674342918827,0.45436876683582517
396,0.018100862308098594,0.49821341196192037,0.4836857257299811
397,0.11600667666579358,0.05213461488467581,0.8318587084495307
398,0.00259204428374351,0.36731155945886906,0.6300963962573876
399,0.326617752875906,0.43044446513142365,0.2429377819926703
400,0.26455215845416463,0.28663497002638594,0.44881287151944943
401,0.17591947286754142,0.004716042132188874,0.8193644850002697
402,0.05940844498712936,0.22172825033204638,0.7188633046808243
403,0.7631047872067322,0.13087052278291114,0.10602469001035669
404,0.02450249953229116,0.416925320564087,0.5585721799036218
405,0.6589316591485336,0.008729951068347576,0.3323383897831188
406,0.15153459020216356,0.029148012569839125,0.8193173972279973
407,0.023610353496778633,0.11703578577953995,0.8593538607236814
408,0.04076186782837958,0.1892641280780982,0.7699740040935222
409,0.2541521914740327,0.06652533006830237,0.679322478457665
410,0.16037239999302677,0.07913182536937889,0.7604957746375943
411,0.011391051461267974,0.08853265895149114,0.9000762895872408
412,0.9443644435799678,0.05550765627431424,0.00012790014571794053
413,0.5556335916126061,0.02913383842035026,0.41523256996704366
414,0.2175223931992863,0.027328546932827925,0.7551490598678858
415,0.5928427725598908,0.11300056669756077,0.29415666074254837
416,0.05980950068497466,0.11117233512088945,0.8290181641941359
417,0.0034043843028709773,0.021911557770952834,0.9746840579261762
418,0.04805860158007242,0.189653522012911,0.7622878764070166
419,0.00019924167070336127,0.39443923864662056,0.605361519682676
420,0.7447121777839035,0.03928572633221901,0.21600209588387742
421,0.6611900720195528,0.008330774737410349,0.3304791532430368
422,0.809566144018437,0.0511621878600572,0.1392716681215058
423,0.0827709630369093,0.2980143003341602,0.6192147366289306
424,0.029357181389779115,0.48067843798479803,0.48996438062542297
425,1.63969332173732e-05,0.10464857848588205,0.8953350245809006
426,0.18361812961434532,0.16964534139872364,0.6467365289869311
427,0.03526032279996673,0.08757017462203388,0.8771695025779994
428,0.030336700638626007,0.6127883858169179,0.35687491354445616
429,0.04287488230575448,0.06423846138044324,0.8928866563138024
430,0.41721452221405625,0.0784932765867634,0.5042922011991804
431,0.605469333517084,0.10987075036372655,0.28465991611918945
432,0.3078467664219948,0.09840760322359784,0.5937456303544073
433,0.12455063213808705,0.44720794772206884,0.4282414201398442
434,1.0943104255657291e-05,0.21169845872496665,0.7882905981707777
435,0.11074240333503266,0.6967431009084313,0.19251449575653612
436,0.4320925948906837,0.1434631931051951,0.4244442120041212
437,0.6360574983562803,0.029615348029160105,0.33432715361455956
438,2.649376541074747e-05,0.07205046872460251,0.9279230375099867
439,0.08421411539376637,0.04692628414783025,0.8688596004584034
440,0.20885698249164464,0.37586856540346497,0.41527445210489045
441,0.015255906250100855,0.1086860541792349,0.8760580395706642
442,6.426197665712479e-07,0.20213141248742922,0.7978679448928041
443,0.09310513149499369,0.21949748772228983,0.6873973807827165
444,0.0632408115814505,0.1225598598460682,0.8141993285724812
445,0.0056510853481031645,0.09130812264876739,0.9030407920031294
446,0.3082058053035824,0.29797613927099165,0.39381805542542603
447,0.6920559216610522,0.1551311019472112,0.1528129763917367
448,0.3370226567299371,0.14219351230057373,0.5207838309694892
449,0.28096786415129416,0.12456588181317761,0.5944662540355282
450,0.5538338449610539,0.017341505741170805,0.42882464929777525
451,0.08100361603154015,0.6315395363067758,0.2874568476616839
452,0.0006104037375205331,0.18214929522745135,0.8172403010350281
453,0.06860814465851944,0.4602752381410549,0.4711166172004257
454,0.19460506156940693,0.22014467536037355,0.5852502630702195
455,0.7203800190293247,0.02246099681499942,0.25715898415567584
456,0.046899727211665146,0.26425694061432636,0.6888433321740085
457,0.503274259204471,0.4747821779525983,0.02194356284293075
458,0.03514006237413098,0.3532167467682158,0.6116431908576531
459,0.4643386332488505,0.09504975118596844,0.44061161556518114
460,0.22091619159573578,0.40668320665368585,0.37240060175057843
461,0.07139976512478258,0.6330165987756625,0.2955836360995549
462,0.49294617347286773,0.02547964646744853,0.48157418005968383
463,0.05049844357226258,0.3352188205855249,0.6142827358422125
464,0.006698978982443878,0.10278821850579607,0.89051280251176
465,0.19113028251263584,0.027007548939888455,0.7818621685474757
466,0.05029311759232574,0.2717268267218126,0.6779800556858617
467,0.20517967808746732,0.047216284991330765,0.747604036921202
468,0.10562712884967035,0.29120314999679425,0.6031697211535354
469,0.6539415913235433,0.16990082798533523,0.17615758069112142
470,0.987348802447319,0.012650994434162701,2.031185183454538e-07
471,0.6642958345632195,0.2860320187674158,0.049672146669364634
472,0.015568528946506042,0.18684357839612264,0.7975878926573712
473,0.9908717824529195,0.009098402941854258,2.981460522625399e-05
474,0.6804369599009914,0.13620813349477354,0.18335490660423487
475,0.10040675833592354,0.4097932960174369,0.4897999456466396
476,0.5209712112579168,0.014089141133443731,0.46493964760863943
477,0.11251490398175354,0.04699521454286536,0.8404898814753812
478,0.02915082919578712,0.5958373021783344,0.3750118686258783
479,0.46217314031443224,0.1988806731667895,0.3389461865187783
480,0.03208353406111442,0.08659777675843479,0.8813186891804509
481,0.37045158288512625,0.3377764472689408,0.291771969845933
482,0.11962257883143965,0.4338372796171065,0.4465401415514537
483,0.3129177579221815,0.05935159334651175,0.6277306487313068
484,0.13518554686400036,0.3368255637369835,0.5279888893990161
485,0.48427926495980694,0.20230731368921986,0.31341342135097316
486,1.2760472680763832e-06,0.16994331018861653,0.8300554137641154
487,0.009398171917096129,0.29540988356145,0.6951919445214538
488,0.22909341025847238,0.49820440834283225,0.2727021813986954
489,0.10586851460556437,0.22501223137501797,0.6691192540194176
490,0.0006299992430835418,0.17082321264688244,0.828546788110034
491,0.024138878115413466,0.2410188620301257,0.7348422598544607
492,0.052643215184781975,0.29282356008869004,0.6545332247265281
493,7.249104381006455e-05,0.05617296889199961,0.9437545400641902
494,0.03589419019470018,0.4659427998553578,0.4981630099499421
495,0.07527677962915244,0.619445854134642,0.3052773662362055
496,0.15638436140827672,0.23387632864161179,0.6097393099501114
497,0.9979458275680679,0.002053359701292033,8.127306399221751e-07
498,0.3490822956035252,0.22842982830120856,0.42248787609526617
499,0.10097926318378733,0.05033210915810894,0.8486886276581037
500,0.03099751767311808,0.3775249748011543,0.5914775075257276
501,0.2540901345781679,0.10370233564079069,0.6422075297810415
502,0.7337609368390533,0.19235030902591327,0.0738887541350334
503,0.1879510157895848,0.17431172546900342,0.6377372587414118
504,0.05426808979043519,0.06510524521379538,0.8806266649957694
505,0.9965977248849832,0.0034021126190955544,1.6249592109598872e-07
506,8.046880807593041e-06,0.02942904945142413,0.9705629036677682
507,0.19244196129792082,0.35421761980106564,0.4533404189010135
508,0.1939271141705136,0.0322949845213837,0.7737779013081029
509,0.9456682695535086,0.054321977570318626,9.75287617270939e-06
510,0.10551124981108281,0.422762371746524,0.4717263784423933
511,0.02997356655209801,0.46886808221674753,0.5011583512311545
512,0.20332428168126615,0.70902241073262,0.08765330758611375
513,0.0050243152992493715,0.03107578910839734,0.9638998955923533
514,0.5432961144734085,0.07527901605080006,0.3814248694757914
515,0.05803584385209097,0.4883019472844704,0.4536622088634387
516,0.6186581352916758,0.11341891609917457,0.2679229486091496
517,0.04033026100626837,0.29361637103045657,0.6660533679632751
518,0.09438940092653592,0.6261475097806958,0.2794630892927682
519,0.2776263654844238,0.11529709558582503,0.6070765389297512
520,0.275473758029629,0.037776557160775236,0.6867496848095958
521,0.29107053744896827,0.30312581345583034,0.40580364909520134
522,0.6116913321855735,0.00789229721770082,0.38041637059672573
523,0.8183385888277188,0.01614950701080322,0.16551190416147796
524,0.45680535662613647,0.2560918398165399,0.2871028035573237
525,1.5408735771667953e-05,0.06902637543920599,0.9309582158250224
526,0.14663885656800313,0.11356302628741433,0.7397981171445827
527,0.06882732511992334,0.1621418044290665,0.7690308704510102
528,0.03547654877471515,0.04258460920237197,0.921938842022913
529,0.06617334655850171,0.06909145693541706,0.8647351965060811
530,0.37882040002853007,0.512137244494846,0.10904235547662408
531,4.407308937157999e-06,0.11702225588656827,0.8829733368044945
532,0.003156874295347279,0.46276632513504584,0.5340768005696069
533,0.5974546593229821,0.18483324711487487,0.21771209356214302
534,0.20964024325173955,0.02864721028075362,0.7617125464675069
535,0.07284022196818131,0.03510569601644844,0.8920540820153703
536,0.033611344830705395,0.11238955439820622,0.8539991007710884
537,2.0243699123702353e-05,0.384517681381224,0.6154620749196523
538,0.8139957260927136,0.05310974841614372,0.1328945254911427
539,0.4892960884920257,0.1907762210033022,0.3199276905046721
540,0.08264605954926328,0.39005337105564325,0.5273005693950934
541,0.3077475330718625,0.17678494428784514,0.5154675226402924
542,0.7269339903194322,0.12274930319743782,0.15031670648312995
543,0.5012519836553455,0.07944768132030322,0.4193003350243514
544,0.02629846400360808,0.0879065069164864,0.8857950290799056
545,0.6445743477851574,0.24866430696620126,0.10676134524864127
546,0.831325309231296,0.04659190163494058,0.12208278913376351
547,0.3438875082755963,0.15101016367587872,0.5051023280485248
548,0.2228515368889914,0.5270345274822393,0.25011393562876927
549,0.0008364051872962641,0.052057090517451665,0.9471065042952521
550,0.15924256725957373,0.017311602252917443,0.8234458304875089
551,0.02328239043749573,0.33188806355568934,0.644829546006815
552,0.2710202153872881,0.45712660619471723,0.27185317841799456
553,0.087847934367023,0.22143085383054953,0.6907212118024275
554,0.017131318696110176,0.509213798199889,0.47365488310400083
555,8.374063515438987e-06,0.28851424485747884,0.7114773810790058
556,0.5314176593950585,0.17692332487583987,0.29165901572910163
557,0.7944619467083719,0.022828507219890343,0.18270954607173776
558,0.797369777023073,0.06752282746569267,0.1351073955112344
559,0.0007681941052569484,0.33798703637232985,0.6612447695224132
560,0.1615296122118773,0.20774789284348172,0.630722494944641
561,0.019248085159768898,0.09271545138470179,0.8880364634555293
562,0.4123941423162449,0.23240633051136797,0.35519952717238723
563,0.21205492623768638,0.25469476646274164,0.533250307299572
564,0.3177460615514039,0.029287057054011814,0.6529668813945844
565,0.9995361937155224,0.0004634434228935781,3.628615841662993e-07
566,0.17042607747338054,0.1727161719697794,0.6568577505568401
567,0.6170667267371674,0.0106284670400774,0.3723048062227552
568,0.002984665321078285,0.48096832875031104,0.5160470059286106
569,0.007829501181434577,0.316189154967559,0.6759813438510065
570,0.0508321406831726,0.2545494191739865,0.6946184401428409
571,0.015372648941372694,0.3808247772030203,0.6038025738556071
572,0.02657134243118314,0.29887027846504066,0.6745583791037763
573,0.045127936179995214,0.11057475610858811,0.8442973077114168
574,0.2705238509143058,0.3291338520868137,0.40034229699888046
575,0.10784460452378561,0.17230351086351003,0.7198518846127044
576,0.4973359256518788,0.027756635025162773,0.47490743932295837
577,0.34189814578304656,0.02271946424361404,0.6353823899733395
578,0.5611796363351145,0.17153089740496066,0.2672894662599249
579,0.014941438079174313,0.7090238768728866,0.27603468504793927
580,0.001091798251797729,0.03135244060350138,0.9675557611447009
581,0.02114385897990633,0.30217994439525975,0.6766761966248338
582,0.7108996008771468,0.19052166335434098,0.09857873576851224
583,0.7915351603423236,0.15820135608362385,0.050263483574052505
584,0.2533572546307193,0.1451478050371884,0.6014949403320924
585,0.05413572759225944,0.23985102047910525,0.7060132519286354
586,0.24885275736418042,0.5130690275313494,0.23807821510447016
587,0.031008216775514102,0.27590940286000537,0.6930823803644804
588,0.011738558624490325,0.3031045562205246,0.6851568851549852
589,0.06420594843956733,0.4534884875707049,0.4823055639897277
590,0.062107907621308106,0.2881045770486414,0.6497875153300506
591,0.016052750550016783,0.47175195365283934,0.5121952957971438
592,0.6399479213244228,0.052231842465478434,0.30782023621009863
593,0.16451593926991892,0.03158574075751259,0.8038983199725684
594,0.24412099225846692,0.4398906748167029,0.31598833292483014
595,0.42302011185960436,0.06837210515427851,0.5086077829861172
596,0.37340753080491107,0.239758350155335,0.3868341190397538
597,0.30356833907130876,0.22858598502043967,0.4678456759082515
598,0.07118390045382156,0.2326929656623545,0.696123133883824
599,0.41160415580852083,0.04776495406662646,0.5406308901248527
600,0.250111401893674,0.18116625743098283,0.5687223406753432
601,0.03191129090818146,0.25349049553593694,0.7145982135558817
602,0.30454838716898075,0.04312325381164297,0.6523283590193764
603,0.1035541460419236,0.6906977098505515,0.20574814410752498
604,0.13921106250008575,0.17143238066786146,0.6893565568320529
605,0.0945965396820056,0.15725896009603407,0.7481445002219603
606,1.9647331294051488e-05,0.012863240158085511,0.9871171125106205
607,0.18737477767389202,0.09549922115954375,0.7171260011665642
608,0.04786594816285628,0.2938115829689747,0.658322468868169
609,0.05830400602787047,0.43065779177224267,0.5110382021998869
610,0.1971207204505744,0.04721812226782331,0.7556611572816022
611,0.7249558325377415,0.18803025134629991,0.08701391611595853
612,0.00435787658450743,0.5088697564762406,0.4867723669392521
613,0.17761763691094462,0.35309403838189374,0.46928832470716153
614,0.031236411871005357,0.4584804175051651,0.5102831706238296
615,0.19720751437312323,0.032263518577181946,0.7705289670496948
616,0.001144070670651564,0.09055721230273353,0.9082987170266149
617,0.09540438458315802,0.2794848663887145,0.6251107490281276
618,0.05255956264342395,0.6125296400461403,0.3349107973104359
619,0.015438948145792929,0.16640130741792705,0.81815974443628
620,0.10376059110663041,0.5678292935860805,0.32841011530728914
621,0.00604848397217482,0.16060156191432445,0.8333499541135008
622,0.37002361816502316,0.27566210526962814,0.35431427656534875
623,0.8403895696622027,0.03363973717924605,0.12597069315855122
624,0.3425473314240178,0.20506173392604876,0.4523909346499335
625,0.034240055851642595,0.023852989512592765,0.9419069546357647
626,0.3080872354085341,0.039490059456349036,0.6524227051351168
627,0.0628882077641006,0.24454655820418594,0.6925652340317134
628,0.006737606337461105,0.3148069583679464,0.6784554352945924
629,0.18096980359119408,0.26237974768080774,0.5566504487279983
630,0.6273693131925809,0.06745183943373759,0.30517884737368145
631,0.8003756469609437,0.11192084871200932,0.08770350432704704
632,0.09450848915836087,0.10985133246845094,0.7956401783731882
633,0.48602132280036064,0.02538839919347156,0.48859027800616767
634,0.5403274559018618,0.3203002011031651,0.13937234299497306
635,0.7132607676603175,0.06321921345014073,0.22352001888954168
