,proba_0,proba_1,proba_2
0,0.13974751691057483,0.1721412116667589,0.6881112714226661
1,0.40358461571057663,0.1197827897156299,0.47663259457379337
2,0.9998457502778465,6.648925200009661e-08,0.00015418323290142415
3,0.1313760127821373,0.2710682097252752,0.5975557774925876
4,0.16743978940224588,0.18650909116048014,0.646051119437274
5,0.40019230418913526,0.12289237019808298,0.4769153256127819
6,0.13368062840127884,0.22380887096156427,0.6425105006371568
7,0.15761206586653545,0.1849838045706111,0.6574041295628533
8,0.19170821133127486,0.11615116688172755,0.6921406217869976
9,0.16439440200703484,0.2266839667743896,0.6089216312185755
10,0.14135889061094878,0.28680506778429177,0.5718360416047592
11,0.40067590317749074,0.05742004793279579,0.5419040488897136
12,0.15300060445424782,0.36615551693179293,0.48084387861395916
13,0.24003818725984413,0.16288431327861844,0.5970774994615372
14,0.14011458091217258,0.330250875669957,0.5296345434178702
15,0.11877028523652748,0.3049513006292321,0.5762784141342404
16,0.5018274724887304,0.10741387380926988,0.39075865370199975
17,0.10071269242446093,0.22313621622598823,0.6761510913495505
18,0.4084246790163427,0.2166025946451618,0.37497272633849577
19,0.3470895808728885,0.06773264199749288,0.5851777771296186
20,0.22837690317860979,0.21797839444200026,0.55364470237939
21,0.1374272130083591,0.2709623336080526,0.5916104533835882
22,0.2953070306510117,0.14364953122593324,0.5610434381230551
23,0.14310386147161516,0.35905247220076025,0.4978436663276243
24,0.0829660664172385,0.28645037694064285,0.6305835566421188
25,0.16626743304136268,0.22008925374741564,0.6136433132112213
26,0.19001962396941954,0.25169430738070275,0.5582860686498776
27,0.9874107854185051,0.0005481259901292004,0.012041088591365587
28,0.5197744073493191,0.07582803127931789,0.4043975613713631
29,0.9999997350066607,5.0218282807283263e-08,2.1477505646542492e-07
30,0.21671711040734976,0.15092120783834861,0.6323616817543015
31,0.156730268413958,0.27945439863576144,0.5638153329502805
32,0.12392106735388687,0.21612431561271303,0.6599546170334002
33,0.33815497184550514,0.10397708425442054,0.5578679439000744
34,0.1316459869556467,0.28627161800087364,0.5820823950434796
35,0.30785171540195944,0.12088813477389349,0.5712601498241469
36,0.5789852921829192,0.07511761637591902,0.34589709144116204
37,0.5148886255248034,0.08287260856193222,0.40223876591326413
38,0.12384082551332584,0.22939133649368754,0.6467678379929863
39,0.10107348045936472,0.2470042029092262,0.6519223166314092
40,0.10392051688499848,0.3143110775937619,0.5817684055212397
41,0.25877614887656325,0.1141970958985951,0.6270267552248417
42,0.16599377148907327,0.14832650207076298,0.6856797264401634
43,0.3187891308042639,0.19936264673645093,0.48184822245928516
44,0.18206650373420244,0.1781290632967412,0.6398044329690564
45,0.22330547140047816,0.1325157316526116,0.6441787969469102
46,0.21805688751197982,0.1504801632512637,0.631462949236756
47,0.13016890009144114,0.20659963964026,0.6632314602682989
48,0.14531635717549557,0.19777457586981753,0.656909066954687
49,0.32695548284560344,0.11935615445002187,0.5536883627043746
50,0.12210900417831454,0.21606312592801202,0.6618278698936733
51,0.05841671903105524,0.29448440259336695,0.6470988783755781
52,0.4272385156549091,0.15271234617210705,0.4200491381729835
53,0.9999996986487667,5.0222009280175236e-08,2.5112922397671373e-07
54,0.3887252482969771,0.06696366728145237,0.5443110844215705
55,0.07687635436542166,0.19815140964545588,0.7249722359891224
56,0.1670704205975053,0.10476313539890195,0.7281664440035928
57,0.5585900921398989,0.039691097273017374,0.40171881058708364
58,0.3957336481601954,0.15370417075436743,0.450562181085437
59,0.23290389307427983,0.13947710832662397,0.6276189985990962
60,0.15179311167011322,0.1693070276209603,0.6788998607089264
61,0.3598329269752684,0.10485324935797839,0.5353138236667533
62,0.23404769103606216,0.26434276973987403,0.501609539224064
63,0.12276741948636537,0.18156431485260058,0.6956682656610338
64,0.12476720638345062,0.24029055083361298,0.6349422427829364
65,0.12274228112798052,0.25266519384208924,0.6245925250299298
66,0.22630817864388855,0.17549795504641258,0.598193866309699
67,0.5249317342909463,0.03362003172372052,0.44144823398533306
68,0.14458275355878247,0.27103153286434045,0.584385713576877
69,0.265212057703961,0.10023647993423812,0.6345514623618007
70,0.36534749494798224,0.09194222431840979,0.5427102807336077
71,0.1500984282498127,0.2150504196437447,0.6348511521064426
72,0.09159501746081518,0.23773352796861996,0.6706714545705647
73,0.3080283246999968,0.17176024495445247,0.5202114303455508
74,0.17722654082250117,0.27256578103383633,0.5502076781436624
75,0.9999981782499302,5.0500517378513525e-08,1.7712495524301308e-06
76,0.363497696705213,0.07647531269957383,0.5600269905952132
77,0.18232201473476475,0.22458896910726242,0.5930890161579726
78,0.1594132495218241,0.23014817833214218,0.6104385721460335
79,0.4885439490400848,0.03918891637787804,0.47226713458203734
80,0.3375361711173244,0.11486862090354263,0.5475952079791329
81,0.36989530014529703,0.07951409305636956,0.5505906067983335
82,0.9999997234161481,5.020477501764823e-08,2.2637907678766438e-07
83,0.07737392345187584,0.2745408156184308,0.6480852609296931
84,0.17743654115816038,0.21055176085582442,0.6120116979860155
85,0.22158602963019028,0.21484226403145093,0.5635717063383586
86,0.9999994075081838,5.1004177300678106e-08,5.414876387632992e-07
87,0.1406269429798396,0.20707229857600887,0.6523007584441514
88,0.17878913112489145,0.18344419814547974,0.6377666707296284
89,0.35823462923479316,0.14628813725550555,0.4954772335097012
90,0.17663121344837526,0.18318250335141215,0.6401862832002128
91,0.22492413711784776,0.25065273206035876,0.5244231308217934
92,0.14638655533551453,0.25098354070074924,0.6026299039637361
93,0.45825620503483955,0.04387162006020153,0.49787217490495883
94,0.09776364545143057,0.26552601765243344,0.6367103368961362
95,0.18254881303068435,0.1560256791368667,0.6614255078324489
96,0.360127908840805,0.09140071555733911,0.548471375601856
97,0.2351071143528303,0.16956186113817498,0.5953310245089947
98,0.15100816672703288,0.1952130345439022,0.6537787987290651
99,0.18836509306090596,0.1497149102505508,0.6619199966885434
100,0.11014946901445515,0.3246428782322998,0.5652076527532452
101,0.14458221546195288,0.2365958629427825,0.6188219215952647
102,0.42358771363275416,0.08201891300427591,0.49439337336297007
103,0.28335828961485837,0.15639508890914872,0.5602466214759928
104,0.15355436420396254,0.27818506247331987,0.5682605733227177
105,0.20046173251655638,0.21587075411495385,0.5836675133684897
106,0.1554146535525487,0.2606730593139597,0.5839122871334913
107,0.17087574708446462,0.22132560588791061,0.6077986470276249
108,0.23022774172857716,0.1529132243370836,0.6168590339343392
109,0.2348327062438325,0.1527412277813074,0.6124260659748598
110,0.22379269616991396,0.1856963569767545,0.5905109468533312
111,0.17419354812887453,0.16111489640343424,0.6646915554676911
112,0.25684220187894713,0.12397284911011312,0.61918494901094
113,0.13020809558049465,0.2899410238784826,0.579850880541023
114,0.350565982830606,0.0931922642743191,0.5562417528950749
115,0.11581362432910879,0.3719250965620623,0.5122612791088289
116,0.14232739354392573,0.2714169165291584,0.5862556899269158
117,0.2556960931606625,0.09879371507422254,0.6455101917651147
118,0.26053874554160855,0.10100773200178327,0.6384535224566079
119,0.05102708699955832,0.3999392538471892,0.5490336591532524
120,0.12926051226801408,0.2524096772956999,0.6183298104362858
121,0.0768933367635102,0.22182565237781987,0.7012810108586698
122,0.43732567254974025,0.0962328910152738,0.4664414364349857
123,0.20278284792644705,0.24942177557733497,0.5477953764962181
124,0.44939097277591333,0.059818510907868744,0.4907905163162177
125,0.36933715402289896,0.06392520836490646,0.5667376376121945
126,0.16754639241875843,0.17578501760752943,0.656668589973712
127,0.27368222057197544,0.07982023111021032,0.6464975483178141
128,0.30081154177921,0.18207456785363757,0.5171138903671526
129,0.15099637573369198,0.22230007610968794,0.6267035481566198
130,0.3423201492010205,0.16771423095048463,0.4899656198484946
131,0.20426708478026304,0.3179011741238888,0.4778317410958479
132,0.21314614412310467,0.14092459313521563,0.6459292627416797
133,0.9873757138690188,0.0004772890319434649,0.012146997099037748
134,0.3764711220293949,0.04487834180392957,0.5786505361666757
135,0.143110317557053,0.334415113766562,0.5224745686763851
136,0.1615821087762288,0.2493499585254195,0.5890679326983517
137,0.6213493062451263,0.0318232882372628,0.34682740551761077
138,0.17481768832850478,0.1741713318947645,0.6510109797767307
139,0.09828330905487544,0.2210127236168472,0.6807039673282773
140,0.26097070211555556,0.1033022666024956,0.635727031281949
141,0.4355798264583867,0.07871043399928439,0.4857097395423287
142,0.13839471340541107,0.3018202625403224,0.5597850240542663
143,0.2592653685365312,0.18778262494301123,0.5529520065204574
144,0.31055820349192953,0.10526498772072194,0.5841768087873482
145,0.10125319653494927,0.350258543820609,0.5484882596444417
146,0.08302905103046061,0.2371199111506799,0.6798510378188595
147,0.21629962027779995,0.12544738461583466,0.6582529951063651
148,0.32721336473920093,0.18232237762346684,0.4904642576373322
149,0.23147310205117427,0.15501539744939732,0.6135115004994284
150,0.10205651397507211,0.27277723803329584,0.6251662479916323
151,0.29654611322639773,0.09008309836240222,0.6133707884112
152,0.3161570934558897,0.12615879193318927,0.5576841146109208
153,0.306528313846897,0.12928341476857527,0.5641882713845277
154,0.1220272409131493,0.29324982379130554,0.584722935295545
155,0.21279393713580164,0.1838338064701331,0.6033722563940654
156,0.15709443963219286,0.3059256202653315,0.5369799401024756
157,0.2036695923307624,0.16926925068194582,0.6270611569872919
158,0.11571232736052729,0.24239532382308715,0.6418923488163853
159,0.18164288460472636,0.19910460198012309,0.6192525134151505
160,0.145000573921127,0.20185625044285468,0.6531431756360185
161,0.18312584301806747,0.25261703414679426,0.564257122835138
162,0.09759002490594876,0.2960739001698884,0.6063360749241625
163,0.12385105535577177,0.2277409084162421,0.6484080362279859
164,0.20721144008418335,0.1785676500388358,0.614220909876981
165,0.27648721626836203,0.08920028954342236,0.6343124941882156
166,0.11132137679081536,0.24153006836700266,0.647148554842182
167,0.15204076221427687,0.3128833365493821,0.5350759012363406
168,0.14699135612492184,0.24859412252415386,0.6044145213509241
169,0.15697613487292222,0.174498153659646,0.6685257114674318
170,0.1968811837563177,0.080713970595943,0.7224048456477392
171,0.18434726229504309,0.2662844638190623,0.5493682738858944
172,0.2904952342556682,0.09984486760366344,0.6096598981406683
173,0.12899647717779522,0.2429928420188499,0.6280106808033548
174,0.1974975881190618,0.12690551159861985,0.6755969002823182
175,0.20539595410179515,0.1648448247623189,0.6297592211358854
176,0.1498391330303113,0.19082037099212293,0.6593404959775658
177,0.3743665087421932,0.0854238877182248,0.5402096035395821
178,0.17321632902439812,0.19357273569155015,0.6332109352840517
179,0.3157944821791029,0.05970743810538765,0.6244980797155092
180,0.24832679254326254,0.14041893434563496,0.6112542731111026
181,0.1382907381260654,0.19112756816215512,0.6705816937117797
182,0.1166929715339706,0.28471454638514676,0.598592482080883
183,0.3572060087731853,0.21509266818502626,0.4277013230417884
184,0.5078722943568772,0.034632488683506796,0.4574952169596159
185,0.37274451935874914,0.10012723658148888,0.5271282440597618
186,0.2104527594123495,0.20623255131570484,0.5833146892719457
187,0.3772569389314041,0.09824747450022768,0.5244955865683683
188,0.3673871808151664,0.1063809734798878,0.5262318457049456
189,0.10740051772799554,0.1749353617998842,0.7176641204721201
190,0.12216951504672358,0.25629032020433024,0.6215401647489461
191,0.17496252953063882,0.16071463009566306,0.6643228403736982
192,0.19237738974543275,0.19640203148603247,0.6112205787685346
193,0.19133068651440066,0.23376312521474935,0.5749061882708503
194,0.17776841063108198,0.2604662577797068,0.5617653315892116
195,0.08774057215326476,0.3531652678124801,0.5590941600342554
196,0.4714227103990213,0.044846376479634874,0.4837309131213438
197,0.39770131717154206,0.15399906277240144,0.4482996200560563
198,0.2893037438163077,0.10375993527511354,0.606936320908579
199,0.17915172118640663,0.20047607647174587,0.6203722023418475
200,0.12671959473813957,0.20171125665234885,0.6715691486095117
201,0.4543544130339147,0.1040160316525905,0.44162955531349485
202,0.16313778440775692,0.23049800574344614,0.6063642098487968
203,0.6720690645125224,0.03708811808563753,0.29084281740184004
204,0.20441499402090918,0.250149181388164,0.5454358245909269
205,0.12325047058351442,0.2557252810117476,0.6210242484047378
206,0.19163442060241995,0.19722897387589436,0.6111366055216857
207,0.20245511702790067,0.17961263248755513,0.6179322504845438
208,0.24536188901277128,0.14162752195327735,0.6130105890339513
209,0.9999952639080941,5.12002073148469e-08,4.68489169863622e-06
210,0.11020814521583848,0.3455610436867469,0.5442308110974144
211,0.1704866909031929,0.30373001862628957,0.5257832904705172
212,0.11840804133621005,0.2615118669947646,0.6200800916690257
213,0.47597737950436797,0.09353550305601667,0.4304871174396153
214,0.22955687240709707,0.19921182055878375,0.5712313070341192
215,0.2256977513663149,0.16503849897175615,0.6092637496619288
216,0.4692712532355021,0.1062631938492728,0.4244655529152251
217,0.218956808517356,0.2553212913109996,0.5257219001716444
218,0.06773709143520387,0.28144758048735363,0.6508153280774425
219,0.23650605372761835,0.15335846385213556,0.6101354824202461
220,0.12804543095401236,0.26316263852858296,0.6087919305174047
221,0.1408381104322717,0.2824861673681876,0.5766757221995408
222,0.34747802821003637,0.14662818992447482,0.505893781865489
223,0.15467613503857894,0.19921121996731067,0.6461126449941104
224,0.22714424475383746,0.1632896535226691,0.6095661017234935
225,0.2630377010332425,0.11237116604514297,0.6245911329216146
226,0.08660549371149437,0.2424679815880714,0.6709265247004341
227,0.14208629717835147,0.3109785116979726,0.5469351911236758
228,0.25216893735791185,0.16419541062539347,0.5836356520166949
229,0.14564365731152948,0.2013341911191823,0.6530221515692881
230,0.5069131883914418,0.05903092887482249,0.43405588273373596
231,0.17312494860888406,0.17232053551098553,0.6545545158801306
232,0.09472304495576316,0.2749972236253774,0.6302797314188593
233,0.06827747625525452,0.326963653936367,0.6047588698083787
234,0.5672301497057471,0.09379596902809885,0.33897388126615424
235,0.12145398756305187,0.32335516769621747,0.5551908447407305
236,0.15329404177151074,0.30943215742409497,0.5372738008043942
237,0.29522600271624716,0.13394597753677012,0.5708280197469828
238,0.08561148096370445,0.3272907627188076,0.5870977563174876
239,0.16446656259878745,0.19624660616174722,0.6392868312394653
240,0.18895688758534906,0.29255205689656993,0.518491055518081
241,0.22068749350980862,0.1515050524710405,0.6278074540191511
242,0.24541013927297106,0.16469342806613008,0.5898964326608989
243,0.35708970176233146,0.04820514917449901,0.5947051490631695
244,0.159303677730189,0.22451752516964965,0.6161787971001617
245,0.2218160824650503,0.1567894250003808,0.6213944925345691
246,0.20142276864482264,0.20083387168366043,0.5977433596715171
247,0.11987039230859158,0.22704185370087454,0.653087753990534
248,0.283887854197204,0.09384927973475989,0.6222628660680362
249,0.1571265581900056,0.2149730920228482,0.6279003497871462
250,0.33895179895571625,0.11711650642568334,0.5439316946186001
251,0.08482300137612954,0.3008951526082909,0.6142818460155796
252,0.20829942026654924,0.1838897216175539,0.6078108581158967
253,0.05944025099998664,0.2976480650291348,0.6429116839708784
254,0.6783649308638117,0.054605271169713324,0.2670297979664751
255,0.1351779212860887,0.242751826634219,0.6220702520796925
256,0.1599763560827956,0.16395825462703176,0.6760653892901729
257,0.17564453134951802,0.34129426236476756,0.4830612062857144
258,0.04580202466149284,0.344004171517726,0.6101938038207811
259,0.07038375114892749,0.20396760954665133,0.7256486393044209
260,0.31202373012243984,0.06317028424648001,0.6248059856310799
261,0.5251241810895427,0.03216482641742931,0.442710992493028
262,0.15476054116383772,0.2185627259037877,0.6266767329323744
263,0.2385287467356742,0.20208506717182198,0.5593861860925035
264,0.09609435579346393,0.265999414075834,0.6379062301307021
265,0.06533840292268407,0.30697545496113054,0.6276861421161855
266,0.253171611286311,0.17290339416729436,0.5739249945463945
267,0.19645442246476222,0.19396246015513668,0.6095831173801008
268,0.1545930293700456,0.18630866442240235,0.6590983062075522
269,0.28657206096241966,0.1215545602639213,0.5918733787736586
270,0.23736535098901673,0.12806272790479722,0.6345719211061862
271,0.12924445881896346,0.30473547352415425,0.5660200676568824
272,0.2303984861363878,0.1558419695799972,0.6137595442836149
273,0.060420020881870366,0.26596361255978,0.6736163665583497
274,0.09056087507146256,0.3062511931031675,0.6031879318253703
275,0.42417680529738977,0.08391325212301594,0.4919099425795943
276,0.49529671735917374,0.10511618937521194,0.3995870932656143
277,0.06823697979921971,0.2188467266886572,0.712916293512123
278,0.19688878859713646,0.21223579116708793,0.5908754202357756
279,0.9999997208457568,5.0269000086119076e-08,2.2888524299971218e-07
280,0.20904601369239162,0.19497211398678624,0.5959818723208221
281,0.4318880429983137,0.11283552678823305,0.45527643021345315
282,0.15318593404854763,0.22162230670217525,0.6251917592492772
283,0.32787661546158725,0.1871343146660255,0.48498906987238743
284,0.25644959481022767,0.2542915290806582,0.48925887610911406
285,0.6392420060813252,0.03734899418567815,0.3234089997329964
286,0.21904933371831858,0.15545070705076208,0.6254999592309191
287,0.12527058219935286,0.21862231697096682,0.6561071008296802
288,0.34054767121720625,0.09611672912029894,0.563335599662495
289,0.07191921886809449,0.2643707228443425,0.6637100582875629
290,0.5898671070517596,0.03368316146989581,0.3764497314783446
291,0.1847672750954751,0.12586443917566362,0.6893682857288612
292,0.06336391453605127,0.22052129878232626,0.7161147866816225
293,0.18752393551340474,0.1585858362641039,0.6538902282224912
294,0.22261692018377136,0.14075757385384963,0.636625505962379
295,0.12002443335080033,0.32451419558971634,0.5554613710594833
296,0.14142666475590415,0.2940791180915869,0.5644942171525087
297,0.2968858558686194,0.2359279418003935,0.46718620233098707
298,0.1293308080221981,0.2581509141830338,0.6125182777947682
299,0.14216842340873037,0.27037953091822936,0.58745204567304
300,0.07780343026938794,0.29338870673691614,0.6288078629936962
301,0.132488736360715,0.23625628966204124,0.6312549739772441
302,0.1792340031282928,0.18645888718292916,0.6343071096887781
303,0.38012728566807974,0.09444311343895218,0.5254296008929684
304,0.175137130859318,0.14232418936562616,0.6825386797750561
305,0.2975127677959652,0.17689747451497734,0.5255897576890574
306,0.1836335801395517,0.1690737634090116,0.6472926564514365
307,0.3026392801985487,0.07717097404372461,0.6201897457577268
308,0.13587645617946997,0.2956008225901694,0.5685227212303604
309,0.11125393036781683,0.2812135212604465,0.6075325483717366
310,0.27105919592400607,0.13260219545873742,0.5963386086172561
311,0.25190856781538207,0.13538599121389577,0.6127054409707222
312,0.5793782241263459,0.06843746905150794,0.35218430682214624
313,0.1338520198891125,0.2408168323534843,0.6253311477574033
314,0.13151897957892397,0.23080663771142382,0.637674382709652
315,0.23777475986551555,0.14757107708053696,0.6146541630539476
316,0.13374009602683049,0.20225247216547676,0.6640074318076926
317,0.13049189826978042,0.27789108911517185,0.5916170126150475
318,0.2781470356252803,0.08709843178309909,0.6347545325916204
319,0.3559000051574619,0.09001176922995799,0.5540882256125801
320,0.16217220109778585,0.13942825291274577,0.6983995459894685
321,0.15330388277763607,0.3475534428932282,0.49914267432913584
322,0.1432166007045007,0.16970423020229364,0.6870791690932055
323,0.0677179860089739,0.21194940405775856,0.7203326099332674
324,0.1429753421600621,0.24600768510882556,0.6110169727311122
325,0.6071805661362781,0.04222979341764739,0.35058964044607455
326,0.08187039060067042,0.4632583760347636,0.4548712333645662
327,0.33754699513765873,0.07601991712509978,0.5864330877372413
328,0.23196771978101813,0.21699065311570326,0.5510416271032786
329,0.397571145172931,0.11049307060149349,0.49193578422557527
330,0.16973505222828902,0.25493262281437207,0.5753323249573387
331,0.201585892515563,0.22662801630193039,0.5717860911825067
332,0.3937138736317786,0.13081652088107393,0.4754696054871473
333,0.1264892098720651,0.11629243645805062,0.7572183536698843
334,0.20745580900090807,0.23630068932015685,0.5562435016789351
335,0.3278931175527058,0.13580977033018857,0.5362971121171057
336,0.14717987976865984,0.19563966951621609,0.6571804507151239
337,0.13951983678532212,0.20795129661603617,0.6525288665986417
338,0.09042686520050029,0.25887183510602085,0.6507012996934787
339,0.3344816169091317,0.18284713511903022,0.482671247971838
340,0.23583413864759342,0.20322981737324486,0.5609360439791615
341,0.14103650129584863,0.25732095018731826,0.6016425485168333
342,0.16648875647051797,0.13432683028008374,0.6991844132493983
343,0.2534033732392058,0.13453694555543638,0.612059681205358
344,0.2070512862099041,0.22548052431590554,0.5674681894741901
345,0.2997292229319349,0.07762370425207517,0.6226470728159899
346,0.11904023432721715,0.3516787987386626,0.5292809669341201
347,0.25484361765289465,0.20501603858183237,0.540140343765273
348,0.25115066608922726,0.12528276804687918,0.6235665658638936
349,0.24027972819403198,0.13608934607748172,0.6236309257284863
350,0.07764320332066657,0.3183324128267998,0.6040243838525333
351,0.46061305567459987,0.06491851027740453,0.47446843404799527
352,0.402958410415343,0.09695951936411967,0.5000820702205373
353,0.1607697516815701,0.20526635484127292,0.6339638934771571
354,0.6578514918086837,0.04331988979140563,0.29882861839991065
355,0.15220950855777918,0.21103013781466728,0.6367603536275537
356,0.5481649065465493,0.059178583918514674,0.39265650953493586
357,0.23903887978688992,0.11993700293739652,0.6410241172757134
358,0.11250615157522971,0.2409531893721212,0.6465406590526493
359,0.08482205255092101,0.20483139849952614,0.7103465489495531
360,0.13662179479849826,0.29180844106451403,0.5715697641369878
361,0.09847648878670029,0.28016957816416976,0.6213539330491301
362,0.1983392465685195,0.15993263289291704,0.6417281205385635
363,0.07076143451042849,0.26916644774639187,0.6600721177431798
364,0.21218592176462645,0.23847969338651792,0.5493343848488556
365,0.312871307760937,0.09876238651354514,0.5883663057255177
366,0.19540980430622162,0.11105228266006699,0.6935379130337116
367,0.13555817254431782,0.2209476954789899,0.6434941319766924
368,0.32192235351697346,0.12081998736646206,0.5572576591165643
369,0.45519087343991754,0.0322184792713628,0.5125906472887196
370,0.5346201492005705,0.04845709475380939,0.4169227560456201
371,0.20183813026689662,0.16456247508169403,0.6335993946514096
372,0.22220204891995404,0.1495276864456509,0.628270264634395
373,0.14817644881766953,0.2078126779873519,0.6440108731949783
374,0.13435867494513132,0.3034771577664306,0.5621641672884384
375,0.2896763740817301,0.1318937833617433,0.5784298425565264
376,0.18301111352152527,0.166366863384077,0.6506220230943978
377,0.3043143017075506,0.11872009492956895,0.5769656033628804
378,0.5809300763417691,0.07775670561586996,0.34131321804236087
379,0.4837545361237763,0.029040929826045548,0.48720453405017783
380,0.22007033116617092,0.22915192591259945,0.5507777429212296
381,0.2527526612428819,0.10040145265371367,0.6468458861034044
382,0.10208553156325192,0.18233525349917618,0.7155792149375716
383,0.077267542726168,0.21321393662033455,0.7095185206534973
384,0.1591727897728727,0.22992049749108676,0.6109067127360404
385,0.3079495322336154,0.07810488858681301,0.6139455791795714
386,0.5158398684339105,0.06548666345925486,0.41867346810683465
387,0.20866742783842976,0.20297795725887396,0.5883546149026964
388,0.3469921694589251,0.08732575396839276,0.5656820765726823
389,0.2343466167830469,0.1477619544556084,0.6178914287613448
390,0.16676906424983243,0.2518587748329466,0.5813721609172207
391,0.5424291330118123,0.02846395390802639,0.4291069130801613
392,0.9999996613366888,5.026299167823518e-08,2.88400319740738e-07
393,0.06704038506967898,0.2672246626793694,0.6657349522509513
394,0.21514427913583428,0.10422034337395211,0.6806353774902137
395,0.41122472450517017,0.1532143680292718,0.4355609074655577
396,0.19522610970898618,0.3227750582600478,0.481998832030966
397,0.4342073597771439,0.05404486209015837,0.5117477781326976
398,0.11879518496378848,0.26064071816064327,0.620564096875568
399,0.3146498708752752,0.3159746220746047,0.3693755070501202
400,0.19207705437031936,0.20577765450104107,0.6021452911286393
401,0.4141446213569084,0.044992673043357356,0.5408627055997344
402,0.23992352235082107,0.1687680459623228,0.591308431686856
403,0.28117075584363405,0.3292332232662033,0.3895960208901623
404,0.1101318198268533,0.23154495998102648,0.65832322019212
405,0.6377716291605638,0.030954007211074767,0.3312743636283615
406,0.5892541033243345,0.025964593246967392,0.3847813034286981
407,0.20363237968108386,0.1935561111191845,0.6028115091997315
408,0.13021652619443339,0.33404594859145126,0.5357375252141156
409,0.3703339766367547,0.09581838201962409,0.5338476413436213
410,0.0946036596733637,0.24073041826826236,0.6646659220583744
411,0.22443974348245035,0.17860033051972057,0.5969599259978293
412,0.6413298870933516,0.06217715881370811,0.2964929540929405
413,0.2756800694990057,0.21410523415792618,0.5102146963430682
414,0.16920669097394433,0.2216787785235497,0.6091145305025059
415,0.20740559220449006,0.19006002525196714,0.6025343825435426
416,0.5096150920677694,0.06554725974680042,0.42483764818543035
417,0.27805002776039184,0.13584328068239745,0.5861066915572108
418,0.1745479010618369,0.18496489299438446,0.6404872059437786
419,0.09760817682790839,0.2171220448917297,0.6852697782803617
420,0.38143441895954167,0.06810293154196889,0.5504626494984896
421,0.13014709827762716,0.2475141744271092,0.6223387272952637
422,0.33330874301567964,0.093094536807651,0.5735967201766692
423,0.2115534812127388,0.36925948409380344,0.4191870346934575
424,0.15089515859333227,0.28683022886402876,0.5622746125426391
425,0.061867507086322535,0.20486627349472572,0.7332662194189518
426,0.08216294496558878,0.260843497633581,0.6569935574008302
427,0.31101440789775353,0.09678083634874426,0.5922047557535022
428,0.14113566098225733,0.2583950387321904,0.6004693002855523
429,0.1358805699930156,0.25087600981207764,0.6132434201949069
430,0.14586899840698908,0.16430205977591178,0.6898289418170989
431,0.23881470187515436,0.17036762337384484,0.5908176747510014
432,0.2662823293431688,0.178369315129995,0.555348355526836
433,0.15298775772710907,0.25424955565586904,0.5927626866170218
434,0.11983054503740997,0.2736937416549294,0.6064757133076606
435,0.18695339746639283,0.22088994195942624,0.5921566605741811
436,0.27120872203777974,0.12133538191651011,0.6074558960457102
437,0.1504968460401914,0.2501361620188702,0.5993669919409383
438,0.09563428134962394,0.1951343733886972,0.709231345261679
439,0.2389219719656069,0.13391960612474427,0.6271584219096487
440,0.13634885992013365,0.24252746480680898,0.6211236752730572
441,0.207814438876235,0.16906253733817495,0.6231230237855903
442,0.039848093698013766,0.18300457649080298,0.7771473298111834
443,0.17532723965192246,0.1962298072484011,0.6284429530996761
444,0.20943419782243985,0.20906744540831027,0.5814983567692497
445,0.25596405906379294,0.14582381017328894,0.5982121307629181
446,0.10086681745140053,0.22196208856313093,0.6771710939854687
447,0.2499991735329573,0.15810005523620277,0.5919007712308398
448,0.27985543738393914,0.16796221084394033,0.5521823517721204
449,0.41386599014034753,0.08357166615228465,0.5025623437073676
450,0.36496446469147176,0.07650704854464883,0.5585284867638798
451,0.179591583601606,0.301063531342298,0.5193448850560961
452,0.1611893357187597,0.20612484162789435,0.6326858226533457
453,0.21386941395645212,0.25473878118226484,0.5313918048612828
454,0.07594633364993782,0.23226881866753724,0.6917848476825247
455,0.4409292174176479,0.04906581676186148,0.5100049658204906
456,0.08470717579708444,0.21077848102143334,0.7045143431814822
457,0.13576757971052758,0.11808875680797479,0.7461436634814975
458,0.10353620889936353,0.3183240396371224,0.578139751463514
459,0.24887920379322107,0.14459580907941183,0.6065249871273671
460,0.22530736346134825,0.2322673974154339,0.5424252391232178
461,0.0384592294917577,0.28872244759955107,0.6728183229086914
462,0.4402815627198536,0.0884536649651641,0.4712647723149826
463,0.15885275728742881,0.22800497716709975,0.6131422655454711
464,0.20559626990264288,0.13388540985263303,0.6605183202447239
465,0.16726474838847682,0.16123859438096189,0.6714966572305613
466,0.12179169687759578,0.2404066093719589,0.6378016937504454
467,0.1436277066535234,0.1931568163520917,0.6632154769943845
468,0.13869932018828285,0.19043855587502606,0.6708621239366911
469,0.2503919367969891,0.15853197101604855,0.5910760921869622
470,0.9765976479170211,0.0011087524129559311,0.022293599670023045
471,0.17856741164489442,0.2390028333171218,0.5824297550379839
472,0.16177475225723892,0.19833173248781613,0.6398935152549449
473,0.47622148296444905,0.06797670413839532,0.45580181289715577
474,0.16503829976085468,0.18329004113975694,0.6516716590993884
475,0.15777677248202018,0.2317585309106947,0.6104646966072851
476,0.5307232315843421,0.04072617530991882,0.428550593105739
477,0.15956921748340036,0.2613208717955738,0.5791099107210258
478,0.13812414152026276,0.27137332763810434,0.5905025308416332
479,0.1120991459522992,0.2551368327898516,0.6327640212578493
480,0.274381757602834,0.10334954471689714,0.6222686976802688
481,0.19086342211615606,0.16749943191237876,0.641637145971465
482,0.10814736412841182,0.26508412419748,0.6267685116741079
483,0.4130131880148875,0.07535875417965011,0.5116280578054625
484,0.0763763695521219,0.39775637076941106,0.5258672596784667
485,0.20202793189227744,0.25060497479882754,0.5473670933088949
486,0.10025921590481206,0.15176418758756288,0.7479765965076249
487,0.12452275971001246,0.24654917708343654,0.628928063206551
488,0.1551333561231319,0.3006777009170996,0.5441889429597682
489,0.2790451442894146,0.10523492696920163,0.6157199287413833
490,0.1839037839795241,0.19502669402463454,0.6210695219958415
491,0.11650733450575092,0.23818896775130488,0.6453036977429442
492,0.1176624416969372,0.2571494157483786,0.6251881425546839
493,0.17075425720970278,0.15360944353318057,0.6756362992571164
494,0.26818714078073164,0.24374601246325886,0.48806684675600964
495,0.2508331605694013,0.1711851431368089,0.5779816962937898
496,0.12492623912916746,0.19608594174009603,0.6789878191307365
497,0.9873900140937649,8.658244931444319e-05,0.012523403456920715
498,0.15302204933452948,0.22648628352820194,0.6204916671372688
499,0.209970301488505,0.12714421255892808,0.662885485952567
500,0.0723431654686177,0.27288862744477554,0.6547682070866067
501,0.39652201859171793,0.11609456602975125,0.487383415378531
502,0.49650873336060136,0.09124329922869308,0.4122479674107054
503,0.21282902441490115,0.16655388805285773,0.6206170875322411
504,0.2640036639226733,0.12433612815436992,0.6116602079229569
505,0.9736791316163328,0.0014947119432278983,0.024826156440439163
506,0.1538997687577511,0.1793722568788239,0.6667279743634247
507,0.17870170241246575,0.2317438200570243,0.5895544775305099
508,0.3340599051743964,0.08941838690521421,0.5765217079203894
509,0.9947896500119564,6.834211733962962e-05,0.00514200787070411
510,0.15407574942222582,0.2649488149035165,0.5809754356742572
511,0.11570518462520796,0.24043810990777806,0.6438567054670137
512,0.08919735253137902,0.25874048206048683,0.6520621654081342
513,0.28733231247697544,0.1564611946161744,0.55620649290685
514,0.21922347146744547,0.15686533741261616,0.6239111911199384
515,0.15662695297422013,0.2825034361879451,0.5608696108378349
516,0.22534495810682212,0.18403483113996222,0.5906202107532158
517,0.10344918048655549,0.2503922470890124,0.6461585724244318
518,0.1533880664036554,0.4172246611591536,0.4293872724371906
519,0.20924499170510075,0.14216824898731825,0.6485867593075811
520,0.08410821923525214,0.25865419201215206,0.6572375887525957
521,0.3167566752673264,0.18228400355956786,0.5009593211731056
522,0.633685078388737,0.02604574135974388,0.34026918025151875
523,0.5111796808222623,0.040915110255399297,0.4479052089223386
524,0.1981569418769135,0.2321314389207439,0.5697116192023425
525,0.1701680956208847,0.19201330253434287,0.6378186018447725
526,0.16970527327502374,0.18761730971537238,0.6426774170096039
527,0.17011860878817042,0.17917136740100048,0.6507100238108288
528,0.245510819104979,0.10721754532313543,0.6472716355718854
529,0.2897580673097522,0.1930453586162842,0.5171965740739638
530,0.13916209866750506,0.1809875845395703,0.679850316792925
531,0.16656962537338985,0.13810126966417308,0.6953291049624369
532,0.05915282502464494,0.3886493962171483,0.5521977787582063
533,0.18919642473235793,0.2409474341972908,0.5698561410703515
534,0.24104153118742402,0.155113700396616,0.6038447684159597
535,0.493401007321907,0.03844965101102866,0.46814934166706434
536,0.2734340223081007,0.11588497782255985,0.6106809998693395
537,0.10760185082551423,0.20456479626858376,0.6878333529059018
538,0.34323238543939116,0.09243324274181164,0.564334371818797
539,0.1961779354065914,0.3073570423985027,0.4964650221949058
540,0.37775516371829104,0.20216788800953991,0.42007694827216907
541,0.1430836549904808,0.23019870098848175,0.6267176440210374
542,0.28566269848905684,0.1250451821281986,0.5892921193827446
543,0.28359632762706055,0.09190990455664705,0.6244937678162924
544,0.17767392481225,0.29804764729440536,0.5242784278933444
545,0.2953540706081901,0.13183570252063861,0.5728102268711714
546,0.5096126224599945,0.05021105453813317,0.44017632300187237
547,0.16522329904553845,0.18906760045663779,0.6457091004978235
548,0.08563251279770973,0.24989883685577674,0.6644686503465136
549,0.17805743506139443,0.15328260210447112,0.6686599628341343
550,0.31722746851442357,0.10077266482008661,0.5819998666654896
551,0.14214817341203106,0.2105429031085397,0.6473089234794293
552,0.12334510657869394,0.20760548536333484,0.6690494080579712
553,0.22836975171317855,0.16310571139489444,0.6085245368919271
554,0.06141370141596782,0.3930099912569515,0.5455763073270806
555,0.11423396181943149,0.22603669125608125,0.6597293469244873
556,0.3831083226198466,0.15882399052796994,0.45806768685218324
557,0.4909816036683412,0.03139516668211678,0.4776232296495418
558,0.719585554756947,0.029097623967490754,0.2513168212755623
559,0.16548273710009342,0.21720212351629437,0.617315139383612
560,0.6733481281481827,0.07811456072254491,0.24853731112927244
561,0.04216128418406231,0.28402060654991806,0.6738181092660193
562,0.28161379980501705,0.18146175795996533,0.5369244422350175
563,0.235393586483713,0.2093326328112051,0.5552737807050818
564,0.4089765276938216,0.060929900965630474,0.5300935713405481
565,0.9826255593876116,0.0002806021053843178,0.017093838507004085
566,0.11306433583312059,0.23005345027448057,0.6568822138923988
567,0.6648536925055596,0.03450073078579035,0.3006455767086501
568,0.053074756848912955,0.3907887826244322,0.5561364605266549
569,0.13771711388178284,0.21769224223618336,0.6445906438820335
570,0.06412378600031846,0.35024386890170023,0.5856323450979813
571,0.11369242947558617,0.3133193449811999,0.5729882255432143
572,0.14040282415847966,0.23356165301829598,0.6260355228232244
573,0.4009846326323759,0.0820641520122464,0.5169512153553778
574,0.29059164980124913,0.23953914906748427,0.46986920113126673
575,0.3335003288662524,0.08476932706617245,0.5817303440675751
576,0.33143056488649253,0.12393671865410967,0.5446327164593979
577,0.18970414158592303,0.13942517162382725,0.6708706867902497
578,0.22293657714896187,0.20083564176994487,0.5762277810810934
579,0.08573851439132596,0.3373323565206326,0.5769291290880414
580,0.22366869953626034,0.1458845813622215,0.6304467191015178
581,0.15703897191297023,0.13819285500851342,0.7047681730785165
582,0.23520463697013896,0.1468120919765055,0.6179832710533557
583,0.29021664878793907,0.21756089269914952,0.49222245851291113
584,0.33686215450242296,0.16748883619502491,0.49564900930255223
585,0.28166368985602414,0.11474543623482995,0.6035908739091459
586,0.0757300345157591,0.3698864650898448,0.5543835003943958
587,0.06338491940125915,0.23575404710029774,0.7008610334984426
588,0.12713619723454278,0.25396960827238674,0.6188941944930704
589,0.07441170386074927,0.23310425591568987,0.6924840402235606
590,0.25740742341194345,0.13574918980919914,0.6068433867788575
591,0.07233679530409419,0.275650451650257,0.652012753045649
592,0.17964145385939534,0.1676631283424952,0.6526954177981094
593,0.30231373743941703,0.08900424124932124,0.6086820213112617
594,0.19169424221595474,0.25210395153964227,0.556201806244403
595,0.18153446074260568,0.14560914046790666,0.6728563987894877
596,0.18521748200435614,0.20436914715679405,0.6104133708388494
597,0.15464140230344314,0.22708395276811486,0.618274644928442
598,0.12946045446531643,0.20961389550035267,0.6609256500343308
599,0.3792194423871138,0.051945062472691185,0.568835495140195
600,0.2612939657588292,0.16175563254947983,0.576950401691691
601,0.1388677347411209,0.2639165212731557,0.5972157439857232
602,0.3678862922588939,0.08024519173413824,0.5518685160069678
603,0.03188563699224324,0.354897294880525,0.6132170681272313
604,0.09446473491687825,0.2676868165825175,0.6378484485006043
605,0.2578175122097577,0.14946951526046423,0.5927129725297777
606,0.23638083004333393,0.08354025991457344,0.6800789100420924
607,0.08506135556704437,0.2825250834526272,0.6324135609803285
608,0.10891369743631363,0.30127702623288205,0.5898092763308044
609,0.3416613471110426,0.22136710366974502,0.4369715492192123
610,0.2961717332374632,0.16845382669884004,0.5353744400636966
611,0.1932159990312587,0.23157572575938057,0.5752082752093608
612,0.04947881970594306,0.395468479778779,0.5550527005152779
613,0.07089032332931737,0.2836657879514879,0.6454438887191947
614,0.13656110553271372,0.26278803043643795,0.600650864030848
615,0.17276972599312382,0.3115845247780949,0.515645749228781
616,0.28141717805861044,0.14876560487834858,0.5698172170630403
617,0.24147645774119347,0.14222220516922443,0.6163013370895818
618,0.08388852405327021,0.4343343035390714,0.48177717240765827
619,0.174429066593785,0.231769884996595,0.5938010484096202
620,0.13986237310797167,0.29967900272831044,0.560458624163718
621,0.27063977728891914,0.1753181900105549,0.5540420327005258
622,0.30189844591027565,0.18991850463649632,0.5081830494532279
623,0.7026437638385553,0.031980575269684224,0.26537566089176035
624,0.11968921556316295,0.2332249287828313,0.6470858556540053
625,0.29982477612704356,0.07598225775210748,0.6241929661208491
626,0.41156638912896665,0.06513834547636173,0.5232952653946715
627,0.2079942813683703,0.17896682117696475,0.613038897454665
628,0.116025815188631,0.24690811156026787,0.6370660732511009
629,0.5439353683319891,0.07640471710895921,0.3796599145590516
630,0.3024742131638717,0.15326426765747841,0.54426151917865
631,0.47976529161908993,0.10629715137917062,0.41393755700173956
632,0.2488743583120718,0.0728533892081079,0.6782722524798204
633,0.4213796705838391,0.08655313724314377,0.4920671921730171
634,0.17368555796941051,0.27812111706778087,0.5481933249628086
635,0.34325507822382606,0.10774967909973132,0.5489952426764425
636,0.16529948167826689,0.17977811270917943,0.6549224056125539
637,0.17972650746917682,0.1044730127815073,0.7158004797493158
638,0.19235384267880928,0.26931668083159693,0.5383294764895937
639,0.13170048702546588,0.20751479024248365,0.6607847227320504
640,0.9999995549412372,5.049179463225105e-08,3.9456696820354586e-07
641,0.07187006488838289,0.269015186186465,0.6591147489251523
