,proba_0,proba_1,proba_2
0,0.17323476350055683,0.19733003140200805,0.6294352050974354
1,0.19122215643686077,0.15373026980426338,0.6550475737588759
2,0.9999993346340764,4.791278407796789e-07,1.8623808264005985e-07
3,0.27126103690289727,0.19182958837143113,0.5369093747256716
4,0.21177139928522828,0.22131063460362596,0.5669179661111455
5,0.13244295683120585,0.34549077195707895,0.5220662712117151
6,0.07047251890821096,0.23857032440678536,0.6909571566850036
7,0.28667999011757234,0.19482570104151176,0.5184943088409163
8,0.34425400055899963,0.052346242541589455,0.6033997568994108
9,0.060199488911014565,0.19053203279294031,0.7492684782960451
10,0.14924371702664682,0.35097011149876034,0.4997861714745928
11,0.4763201351141876,0.0644203704004818,0.4592594944853304
12,0.47821157638798784,0.23232420043547128,0.28946422317654097
13,0.1975409951832604,0.16381115359069362,0.6386478512260462
14,0.21465843481618507,0.20453487196392775,0.5808066932198871
15,0.15365365773800033,0.2546978644912724,0.5916484777707275
16,0.3910760963720345,0.25298978439457165,0.35593411923339374
17,0.37449729347599303,0.18074661676871023,0.44475608975529696
18,0.4024653115335312,0.273805155683884,0.3237295327825847
19,0.29674459387052055,0.10313586957318238,0.6001195365562971
20,0.12717017495176935,0.32207993301015253,0.5507498920380782
21,0.1233254487475603,0.20844360787293986,0.6682309433794996
22,0.1977300982975228,0.1631504959427887,0.6391194057596884
23,0.25125958552095035,0.10473997223554855,0.6440004422435013
24,0.19015721792543291,0.19493784993622265,0.6149049321383446
25,0.2150916230249967,0.2016157667891997,0.5832926101858036
26,0.12212389739874636,0.1939677861937971,0.6839083164074564
27,0.9999830687780127,1.0928646686785884e-05,6.002575300410164e-06
28,0.435544730478062,0.26683330217469803,0.2976219673472399
29,0.9999998492844666,5.036101172681996e-08,1.00354521646457e-07
30,0.22424623601270025,0.18547878472985285,0.5902749792574469
31,0.14816390819648512,0.35038937969533435,0.5014467121081808
32,0.3094726904023175,0.157322018765314,0.5332052908323682
33,0.44292141473803687,0.0839902096905906,0.47308837557137273
34,0.21077068381525615,0.16525198549732797,0.6239773306874156
35,0.20282103578044625,0.12248749734325809,0.6746914668762956
36,0.3701439991267512,0.2485707940263415,0.3812852068469075
37,0.8093366616500184,0.12903810954754766,0.06162522880243393
38,0.24829376291972366,0.23224976785169968,0.5194564692285767
39,0.026669655293211702,0.2907357466844386,0.6825945980223498
40,0.22601812475083677,0.2540832610842553,0.5198986141649075
41,0.05499661770579111,0.17527485375872895,0.7697285285354801
42,0.16710238992236431,0.2629351583875388,0.5699624516900966
43,0.11168957909680927,0.16179365314118363,0.7265167677620069
44,0.12977965577910075,0.19208375994176216,0.678136584279137
45,0.10149089655696955,0.1600924975644474,0.738416605878583
46,0.034702870299150985,0.08793695061906047,0.8773601790817886
47,0.04922237302150522,0.2298287037530371,0.7209489232254574
48,0.11401092567272636,0.17238343765433847,0.7136056366729351
49,0.5634785321492739,0.10239304865171174,0.3341284191990141
50,0.12114913397858562,0.2874436740312743,0.59140719199014
51,0.17545104320940527,0.25679674794731233,0.5677522088432825
52,0.39412444021884085,0.2953224598657404,0.31055309991541874
53,0.9999998486900545,5.066599805168332e-08,1.0064394731767782e-07
54,0.14649860625580202,0.3566754240481878,0.4968259696960104
55,0.042183083388704384,0.19763233728671853,0.7601845793245772
56,0.4184541998996981,0.033023981825223946,0.5485218182750778
57,0.22340660572054477,0.10886474756950475,0.6677286467099504
58,0.3744033426350372,0.20459551342440094,0.4210011439405619
59,0.26457312301065933,0.1573740889096633,0.5780527880796773
60,0.2832863357346803,0.14823229736002388,0.568481366905296
61,0.46547673251502486,0.07266536222813286,0.46185790525684245
62,0.23523357309707704,0.20970482891841924,0.5550615979845035
63,0.14529499423721318,0.22505286284693632,0.6296521429158505
64,0.1654001387910202,0.24310927883449823,0.5914905823744815
65,0.13024259158888837,0.2307301235037254,0.6390272849073864
66,0.20142080443249735,0.19912658689026363,0.5994526086772387
67,0.11140061393826838,0.10765916913184614,0.7809402169298856
68,0.13599758883181232,0.3029122686220622,0.5610901425461253
69,0.2509218748872124,0.10465779495882978,0.6444203301539577
70,0.8327267831158031,0.030616193229581694,0.13665702365461516
71,0.09505066758990267,0.18474624044121665,0.7202030919688809
72,0.1864778124031253,0.06254348042273328,0.7509787071741414
73,0.19430801015618895,0.28514393108203745,0.5205480587617733
74,0.10362488310200639,0.32507908836824695,0.5712960285297466
75,0.999999845255307,5.252886148852185e-08,1.0221583131704642e-07
76,0.48672713643301346,0.07981980588682519,0.43345305768016124
77,0.17007842674399834,0.25187188696681223,0.5780496862891893
78,0.08772886574180376,0.21376308058981203,0.6985080536683842
79,0.9120175956485156,0.031768799924655984,0.05621360442682844
80,0.20691251286618725,0.2065628362767768,0.586524650857036
81,0.3280401280547226,0.1174807115526318,0.5544791603926454
82,0.9999998490928996,5.0458789269609546e-08,1.0044831127238106e-07
83,0.06490803889326352,0.22233603354651577,0.7127559275602209
84,0.13932322242936954,0.24280157804680136,0.6178751995238291
85,0.12088182347163945,0.3130141426879072,0.5661040338404534
86,0.9999998437955738,5.3379660138879757e-08,1.0282476613376276e-07
87,0.2832035474079016,0.20364841240987128,0.5131480401822267
88,0.43465617541353163,0.11473445523529785,0.45060936935117035
89,0.30515228234739467,0.47178806578081645,0.2230596518717886
90,0.1703591568341622,0.21275108122097047,0.6168897619448672
91,0.3233239745314445,0.13900204654547219,0.5376739789230832
92,0.157692539304524,0.2848926982589852,0.5574147624364908
93,0.14058926691644005,0.1002113292576943,0.7591994038258656
94,0.18231928297407865,0.22823755199091222,0.5894431650350092
95,0.2212429818770248,0.15135042077034874,0.6274065973526266
96,0.5168181935390924,0.1103217879402393,0.37286001852066814
97,0.23719933569391402,0.20042973770696285,0.5623709265991231
98,0.25225122004638656,0.216769053652288,0.5309797263013255
99,0.28373054048000296,0.1312867485141115,0.5849827110058854
100,0.07906673262330254,0.18130229822079164,0.739630969155906
101,0.10971232902630604,0.1541654942939274,0.7361221766797666
102,0.12147688496984195,0.10240857310276873,0.776114541927389
103,0.09455475290675962,0.23366243997742658,0.6717828071158137
104,0.17908088723240723,0.19812981349005354,0.6227892992775392
105,0.0907273609910842,0.3343917802460082,0.5748808587629076
106,0.2488976564583336,0.20815983709679117,0.5429425064448752
107,0.11700075822440152,0.2535298899838544,0.629469351791744
108,0.2124086356895984,0.15363428388821024,0.6339570804221912
109,0.1552483022293311,0.13839533106084023,0.7063563667098283
110,0.15695754229781272,0.1883933673482527,0.6546490903539346
111,0.387894405188023,0.1150899174377754,0.4970156773742015
112,0.07625932797768517,0.15662322239543439,0.7671174496268806
113,0.055298371777330164,0.180215298656878,0.7644863295657915
114,0.2757510476146351,0.1862260968008132,0.5380228555845519
115,0.2694112352283917,0.12188447469689892,0.6087042900747095
116,0.11849413684187783,0.3055083240353059,0.5759975391228164
117,0.18018612866888786,0.17047422283778965,0.6493396484933228
118,0.1003542703484092,0.08856463272949167,0.8110810969220991
119,0.09812746175761768,0.40247407836848503,0.49939845987389714
120,0.2071871193205621,0.16764642065965793,0.6251664600197799
121,0.07315943714842388,0.28587545032147865,0.6409651125300972
122,0.14109165760843512,0.18588246972835393,0.6730258726632106
123,0.1450859429123036,0.30959695567146284,0.5453171014162334
124,0.12696295177918254,0.2242788204413907,0.6487582277794265
125,0.1608356874888083,0.12529199346212205,0.7138723190490698
126,0.12407456301878693,0.17835096078359025,0.6975744761976224
127,0.2537159434843435,0.12327765480764845,0.6230064017080079
128,0.1852538841920661,0.29843081237617974,0.5163153034317538
129,0.20911986686286999,0.19515023294221706,0.595729900194913
130,0.2768363019569163,0.2151291415900743,0.5080345564530092
131,0.19539817720147332,0.1825022954685982,0.6220995273299282
132,0.3209234229900692,0.15229191149803656,0.5267846655118944
133,0.9998354516933051,0.00011432096212369915,5.0227344570908236e-05
134,0.2237828694419321,0.058292918542690475,0.7179242120153773
135,0.20615769971167783,0.39392256655168545,0.3999197337366365
136,0.15363744504748655,0.2626353573575783,0.5837271975949351
137,0.2706706962330992,0.09958605870790753,0.6297432450589934
138,0.26697592844498214,0.14887749646502432,0.5841465750899936
139,0.2547629829444151,0.2324319726946457,0.5128050443609393
140,0.2081858877191804,0.12221522774006399,0.6695988845407557
141,0.29084824649511243,0.3537884037687584,0.35536334973612904
142,0.1855946194794621,0.35307317393937954,0.4613322065811587
143,0.2880363768377053,0.18357223639870549,0.528391386763589
144,0.2803976594953613,0.19632981340955036,0.5232725270950886
145,0.18676255029725852,0.22972576858047536,0.5835116811222661
146,0.04686565678834024,0.08569872380688826,0.8674356194047715
147,0.2829780494531089,0.13659253137040517,0.5804294191764858
148,0.3427233753656613,0.22898137324493373,0.42829525138940516
149,0.21434161767222468,0.18723448920041363,0.5984238931273614
150,0.13526461337127568,0.2829367156181539,0.5817986710105705
151,0.21242045087280803,0.17547323230669462,0.6121063168204974
152,0.23664942440507036,0.23396442281253327,0.5293861527823963
153,0.28302445155825,0.15276853991846404,0.5642070085232859
154,0.12881082107878025,0.27498650785138695,0.5962026710698328
155,0.1593758709206623,0.13435745493754606,0.7062666741417918
156,0.15199968976154032,0.21971467026961522,0.6282856399688443
157,0.42739950038095315,0.15486749165775696,0.41773300796129004
158,0.10042921226908286,0.269817373102958,0.6297534146279588
159,0.15162491435361994,0.2953451989222618,0.5530298867241183
160,0.2733808557150709,0.21317357837108164,0.5134455659138474
161,0.2978289370352171,0.2056081178963068,0.49656294506847637
162,0.15461759708791414,0.271349936007262,0.5740324669048237
163,0.18657648061767163,0.24163370438323203,0.5717898149990964
164,0.4455087888149454,0.19112816175597735,0.3633630494290773
165,0.17418865630885455,0.1584938701984028,0.6673174734927426
166,0.13956813123323836,0.17182960030578717,0.6886022684609743
167,0.16108032991295743,0.25878273151108006,0.5801369385759623
168,0.10027747574528877,0.45129031983241,0.4484322044223012
169,0.15263565383989877,0.22435834264863988,0.6230060035114613
170,0.1322443371883397,0.04801583590737261,0.8197398269042877
171,0.13707206053846063,0.21863017537768775,0.6442977640838518
172,0.15123175767220864,0.15548191193946312,0.6932863303883282
173,0.22152667234917736,0.17588966492754696,0.6025836627232758
174,0.11465238727737681,0.18007736639848695,0.7052702463241362
175,0.1792075431352054,0.18107795565999832,0.6397145012047964
176,0.2452513115611938,0.46645310008802915,0.2882955883507769
177,0.43739245817553396,0.09413609262671353,0.4684714491977525
178,0.4969454281187347,0.100310311634438,0.4027442602468274
179,0.20328275605579377,0.06583619963579063,0.7308810443084156
180,0.11602497283824674,0.21336982989371794,0.6706051972680354
181,0.11850060977769064,0.19430643892756913,0.6871929512947405
182,0.1736436100513222,0.18003017578349925,0.6463262141651784
183,0.1501572490849403,0.33588782489308056,0.5139549260219789
184,0.35250720690980564,0.14209733582197714,0.505395457268217
185,0.3284252273484019,0.07735252424282103,0.594222248408777
186,0.4120650535961792,0.19805039621081086,0.3898845501930097
187,0.289647345387979,0.14963106955333366,0.5607215850586873
188,0.28407430874870265,0.15423155569342045,0.5616941355578765
189,0.14666848073657135,0.08422982519760952,0.7691016940658193
190,0.1887072750170453,0.15745996498199988,0.6538327600009548
191,0.2051627467793646,0.11654424071850182,0.6782930125021335
192,0.26417565694303946,0.19442449466274705,0.5413998483942135
193,0.19707686594250218,0.20333982874332168,0.5995833053141759
194,0.09821491429326606,0.3627573635057639,0.5390277222009698
195,0.19957258282101933,0.2478763826304031,0.5525510345485775
196,0.49798064539053566,0.06260441569614339,0.439414938913321
197,0.09822504777816517,0.5525924215001123,0.34918253072172245
198,0.32587151877043635,0.14817436967243824,0.5259541115571251
199,0.07767172329318829,0.3046666152043675,0.6176616615024444
200,0.100987890449278,0.2192781909280783,0.6797339186226437
201,0.3902833089964366,0.1116260457552963,0.4980906452482674
202,0.09688899849896465,0.2622837158753344,0.6408272856257011
203,0.7627543068925201,0.07969806726436339,0.15754762584311643
204,0.1655845188910406,0.29940337925078775,0.5350121018581716
205,0.1746302271237893,0.19043804181201232,0.6349317310641984
206,0.27320137976706654,0.19178480426633082,0.5350138159666025
207,0.2821373671001321,0.24128517264362914,0.47657746025623854
208,0.09727657239278528,0.25003229203699184,0.6526911355702232
209,0.9999998427176744,5.4034139318536144e-08,1.0324818643971532e-07
210,0.18465089745733407,0.24588961515223237,0.5694594873904334
211,0.16632027803286908,0.27914536836004156,0.5545343536070892
212,0.1936555414426516,0.33932398665766145,0.467020471899687
213,0.8386119761900439,0.09229725157124022,0.06909077223871604
214,0.1537822127777815,0.21066936157547184,0.6355484256467464
215,0.16056864756568381,0.20138972269896613,0.6380416297353498
216,0.28141956910053734,0.3261025245827915,0.39247790631667095
217,0.1403254454963319,0.29174365968615457,0.5679308948175136
218,0.060117529164580734,0.16984031357102372,0.7700421572643954
219,0.329463877696784,0.18713227649363504,0.48340384580958073
220,0.11706017209842438,0.23380127728004402,0.6491385506215316
221,0.14574493247892317,0.34232038648164304,0.5119346810394337
222,0.8294746045561707,0.06508339822749153,0.10544199721633783
223,0.2639610219413246,0.19153051557130252,0.5445084624873728
224,0.17455020403395033,0.20772462825339238,0.6177251677126571
225,0.23107484873297113,0.14544012783572552,0.6234850234313033
226,0.19419521786261512,0.19648968611576312,0.6093150960216216
227,0.05029088299166787,0.2098576775337234,0.7398514394746087
228,0.21625709258453998,0.1617184662220376,0.6220244411934225
229,0.1043452448514191,0.25412461374846995,0.6415301414001106
230,0.9202951568751062,0.022725886352477246,0.0569789567724165
231,0.2091322942970595,0.25142882041754383,0.5394388852853967
232,0.12075245745023652,0.2673449124239134,0.6119026301258499
233,0.18947722064469782,0.26994691694394063,0.540575862411362
234,0.4457634693359008,0.2339824828663695,0.32025404779772954
235,0.13281916540891353,0.3331976856960051,0.5339831488950817
236,0.16059868804655356,0.22703038593110672,0.6123709260223398
237,0.1788043549624115,0.10605898789077511,0.7151366571468135
238,0.1777358147369775,0.27983574882442863,0.542428436438594
239,0.13457165258839898,0.17841945560733574,0.6870088918042649
240,0.5498247334544081,0.2217211189920329,0.22845414755355922
241,0.1388955006404621,0.17557307506071215,0.6855314242988261
242,0.36777728945766064,0.23164954096252083,0.4005731695798183
243,0.19668181978302554,0.22493198020426017,0.5783862000127141
244,0.1731609146107361,0.20391445363155744,0.6229246317577065
245,0.057472624297152365,0.2134984451900976,0.72902893051275
246,0.32481854132779386,0.24763685512506242,0.4275446035471437
247,0.26246300295260105,0.2352005145175224,0.5023364825298764
248,0.14421900099321308,0.1154433333989063,0.7403376656078808
249,0.3777333394661771,0.15510022239357132,0.46716643814025155
250,0.39517029433703166,0.1931650682366632,0.41166463742630544
251,0.13812073422530435,0.26743396423119664,0.594445301543499
252,0.43524272383108015,0.18249501664443626,0.38226225952448367
253,0.16940927067263462,0.2982107618466037,0.5323799674807616
254,0.4110016504284938,0.11409336815886442,0.47490498141264187
255,0.18760530935365577,0.23559417236154387,0.5768005182848005
256,0.13834996391324755,0.12244069613256518,0.7392093399541874
257,0.1294528658676325,0.31541372522905753,0.5551334089033101
258,0.17048863530228822,0.21689162822661326,0.6126197364710985
259,0.21578677175373467,0.22527073215473747,0.5589424960915278
260,0.21752941275960316,0.08053982019326279,0.7019307670471343
261,0.3234370508795244,0.1336641825387064,0.5428987665817688
262,0.0625748731375191,0.16448057890953885,0.7729445479529421
263,0.23757822834621706,0.18995013821155446,0.5724716334422282
264,0.16514846847150197,0.20472528046616795,0.6301262510623299
265,0.1352180545055839,0.2486941323094886,0.6160878131849274
266,0.2739874348916891,0.21212278309392985,0.5138897820143811
267,0.5294709640669247,0.16530038152490464,0.30522865440817076
268,0.16764207539481032,0.1588749683933824,0.673482956211807
269,0.2245937271304597,0.1456492060626567,0.6297570668068837
270,0.2578428118911827,0.14626354788189588,0.5958936402269213
271,0.07305984425965223,0.2754649666541162,0.6514751890862315
272,0.2714012786488174,0.19810788959641473,0.5304908317547676
273,0.12019518898473512,0.3008867114981183,0.5789180995171466
274,0.04671971410749371,0.2895193089977163,0.6637609768947897
275,0.14272869944975755,0.20406101464768195,0.6532102859025603
276,0.3764131563375424,0.29394116827828387,0.32964567538417383
277,0.15868452662368465,0.2571941022685549,0.5841213711077604
278,0.19101209349063145,0.25157877811510404,0.5574091283942646
279,0.9999998493774687,5.031371615414982e-08,1.003088151379329e-07
280,0.5237296693720105,0.19613458991077753,0.28013574071721165
281,0.8447989170461454,0.08680712790859575,0.06839395504525898
282,0.10087360451742886,0.25546961727142337,0.6436567782111476
283,0.1480167027299085,0.31132827044023187,0.5406550268298598
284,0.11085605818523087,0.14526206416459722,0.7438818776501718
285,0.18334499447606561,0.15522030418023594,0.6614347013436989
286,0.20130314922975587,0.20566972529786137,0.5930271254723827
287,0.1353115979752173,0.1938688831000233,0.6708195189247594
288,0.2793144949884495,0.18954961014501293,0.5311358948665373
289,0.07010401318480299,0.20097688753873633,0.7289190992764606
290,0.23022172824078524,0.10776045941920533,0.6620178123400094
291,0.21209272719604022,0.06832850214084914,0.7195787706631105
292,0.122160168994366,0.19940952893931735,0.6784303020663167
293,0.12051515861112355,0.14272252573294683,0.7367623156559298
294,0.17404316164623107,0.19154583780179468,0.6344110005519739
295,0.16304253114959089,0.3538177525513561,0.48313971629905317
296,0.15896513321881875,0.3602623350491439,0.4807725317320371
297,0.11457081827345286,0.3327715407293756,0.5526576409971717
298,0.22033917764397143,0.17639452221239688,0.6032663001436313
299,0.11306041210557384,0.20831958459952168,0.6786200032949042
300,0.21838274123312412,0.18831091292467783,0.5933063458421979
301,0.14067804129015957,0.1418696589841338,0.7174522997257065
302,0.3676575880181903,0.4356286825415602,0.19671372944024978
303,0.25093624999028225,0.1355834000808457,0.613480349928872
304,0.3184662483263536,0.13728218940828446,0.5442515622653619
305,0.09996737757903927,0.13997187911466671,0.7600607433062938
306,0.16138311110265596,0.15412641222318096,0.6844904766741631
307,0.3785893285605393,0.06815064499140266,0.5532600264480583
308,0.11144200600223919,0.24598609324394932,0.6425719007538112
309,0.1681368900606905,0.18670467212477276,0.6451584378145367
310,0.4458672561464484,0.10337807753051804,0.45075466632303357
311,0.1840210808389674,0.17034087859144614,0.6456380405695862
312,0.5057458962368881,0.21005577117970356,0.28419833258340843
313,0.11061475937203359,0.22475533069779546,0.664629909930171
314,0.1741219250883903,0.2585103250839166,0.5673677498276932
315,0.053741771519946024,0.09225031058710305,0.8540079178929508
316,0.09840614903751185,0.2225671643926813,0.679026686569807
317,0.20088612743341333,0.2343703455921535,0.5647435269744335
318,0.10420353901697335,0.18941643712254802,0.7063800238604785
319,0.27715348979020415,0.12179996564974563,0.6010465445600501
320,0.03331839026614452,0.08446982674455893,0.8822117829892968
321,0.1291125571619596,0.301610345715622,0.5692770971224181
322,0.1281017700626369,0.19391944736155564,0.6779787825758072
323,0.16591851553134584,0.2745312751363826,0.5595502093322718
324,0.10912743100349653,0.24893371587047955,0.6419388531260236
325,0.17731330253330987,0.1478016823723685,0.6748850150943217
326,0.11929388601893469,0.12243066879296075,0.7582754451881046
327,0.26128459320490993,0.14137085671471283,0.5973445500803772
328,0.13259694556474663,0.19187839217020716,0.6755246622650463
329,0.3657290244086248,0.12697287460797985,0.5072981009833955
330,0.1486053523867185,0.2987262893277266,0.5526683582855547
331,0.08233865337473595,0.3236995137822241,0.5939618328430396
332,0.8822948102982252,0.08425244232378648,0.03345274737798839
333,0.5595921812028226,0.1260024338121701,0.3144053849850075
334,0.11633672008801692,0.1967560492518317,0.6869072306601516
335,0.2238685840779538,0.2404010341884051,0.5357303817336413
336,0.1406822286437751,0.2597880604837032,0.5995297108725217
337,0.05872752872655342,0.1251571044047032,0.8161153668687436
338,0.20665744092413094,0.11465139223661527,0.6786911668392538
339,0.17567078901048466,0.3120491076756304,0.5122801033138853
340,0.24320754208615494,0.20945386828861368,0.5473385896252316
341,0.17906456614226904,0.16053472039994454,0.6604007134577865
342,0.39573639613434913,0.086612481237342,0.5176511226283089
343,0.15242159801164354,0.1853114325263564,0.6622669694620003
344,0.20024911382227384,0.26007878273702045,0.5396721034407058
345,0.11761620028508091,0.10321666922749784,0.7791671304874213
346,0.17209944735426702,0.25212221219201614,0.5757783404537167
347,0.34119442280781287,0.16517749709257876,0.4936280800996087
348,0.20137097821663877,0.12202645147120655,0.6766025703121546
349,0.1995675640800687,0.1620586871902252,0.6383737487297063
350,0.11366212707910249,0.3119157169738842,0.5744221559470132
351,0.11877808570352198,0.22119162916163768,0.6600302851348402
352,0.26929519478321895,0.1371869708489631,0.5935178343678179
353,0.07278948948674187,0.15649440910657933,0.7707161014066786
354,0.30814431867795933,0.20509904107715496,0.48675664024488596
355,0.11344854189235633,0.23978951018450476,0.646761947923139
356,0.12217631787143196,0.2076233350399282,0.6702003470886397
357,0.21642658436307555,0.12584151662736606,0.6577318990095584
358,0.10858958387199669,0.33522022015951514,0.556190195968488
359,0.12053802606723878,0.3206486862702193,0.5588132876625419
360,0.1909558881181749,0.24881240570575944,0.5602317061760659
361,0.3219050845593918,0.2790855651209445,0.39900935031966356
362,0.16582940638213448,0.20621479885617175,0.6279557947616936
363,0.06909376841910225,0.21504650245143445,0.7158597291294632
364,0.20496177678156866,0.28456468661992923,0.510473536598502
365,0.3545977418504821,0.11875165160538367,0.5266506065441342
366,0.029018551321475107,0.07058549136019941,0.900395957318325
367,0.0770774726406695,0.23966588097202976,0.683256646387301
368,0.14034549915190941,0.22478208753578233,0.6348724133123084
369,0.2595369990810247,0.1346847796126913,0.6057782213062838
370,0.6650985349372773,0.10177058315869845,0.23313088190402412
371,0.283429691577839,0.23438385115800917,0.4821864572641518
372,0.5425615836664827,0.12956226252667674,0.32787615380684076
373,0.1074869890786863,0.21756745995602692,0.6749455509652869
374,0.20886241731421684,0.3449354710310762,0.44620211165470697
375,0.08359128216812302,0.11984614088920188,0.7965625769426751
376,0.4079267689939219,0.11399505796371513,0.47807817304236305
377,0.1289214730353803,0.18472910061080866,0.6863494263538107
378,0.378493254683705,0.2551242699431623,0.36638247537313273
379,0.27322499140757683,0.12975404797476828,0.5970209606176545
380,0.29864005763460527,0.2264445539630916,0.4749153884023032
381,0.03174442822572359,0.09705843035484758,0.8711971414194286
382,0.12193171366755302,0.2533974465511737,0.6246708397812731
383,0.22786371648237744,0.23063674666903244,0.54149953684859
384,0.4377249547838975,0.20577063729060868,0.35650440792549376
385,0.12199356960380232,0.1326138997464298,0.7453925306497678
386,0.9340140718985519,0.0439061700727998,0.022079758028648304
387,0.16111232449180707,0.2261455580101232,0.6127421174980697
388,0.12751509252563795,0.0712981118235478,0.8011867956508144
389,0.13357863626560723,0.1644747378897282,0.7019466258446645
390,0.15080417476576188,0.2615685661963132,0.5876272590379247
391,0.3488509886614806,0.11237264588463419,0.5387763654538849
392,0.9999998480603127,5.09943588226685e-08,1.0094532854887663e-07
393,0.062356773098838504,0.17897373609962702,0.7586694908015347
394,0.14753404480970073,0.04758880405710515,0.8048771511331941
395,0.07205978634370606,0.5117863322234704,0.41615388143282345
396,0.1209231761116889,0.35786742788251574,0.5212093960057955
397,0.33499569286649816,0.18367653965755665,0.48132776747594525
398,0.17073690167588376,0.28918376520817696,0.5400793331159388
399,0.38060538963601503,0.3094424650898188,0.309952145274166
400,0.2733819636693677,0.24975371732479712,0.47686431900583515
401,0.21511658069306833,0.07603233103456443,0.7088510882723671
402,0.19119776969504285,0.23281244377234583,0.575989786532611
403,0.6171853139917408,0.16757448457576068,0.21524020143249858
404,0.18378894494764575,0.2477055067888537,0.5685055482635004
405,0.2639064031565642,0.10327379204964834,0.6328198047937873
406,0.11898662824117133,0.11092596222460781,0.7700874095342205
407,0.12246026232329671,0.1863767128590131,0.69116302481769
408,0.3553981534036089,0.16088977014383876,0.483712076452552
409,0.26893534780941925,0.17139354144539343,0.5596711107451874
410,0.14916841718584106,0.1415351328197349,0.7092964499944242
411,0.08030099431228642,0.16481660785028263,0.7548823978374307
412,0.9173813445294127,0.028877469250665547,0.053741186219921896
413,0.38288104991337757,0.11356274930756481,0.5035562007790576
414,0.4880439357259645,0.09571946994368648,0.41623659433034893
415,0.5419263656254888,0.16761629944038917,0.29045733493412196
416,0.2231728268599501,0.21045782524174111,0.5663693478983083
417,0.1826066534984685,0.1635051645841352,0.6538881819173958
418,0.28356727655191494,0.07857218141262429,0.637860542035461
419,0.04124996383972478,0.32152176352234535,0.6372282726379297
420,0.2382408202949451,0.08522835510724798,0.6765308245978071
421,0.3153944711534584,0.16000984367383964,0.5245956851727019
422,0.5047604312272526,0.11413362400625167,0.3811059447664956
423,0.3780166640048287,0.12799017602922866,0.4939931599659427
424,0.14837966595986507,0.397026684516786,0.45459364952334885
425,0.04719558553249732,0.19818524406675714,0.7546191704007453
426,0.1875521880240888,0.2687411853962853,0.543706626579626
427,0.12590010693939063,0.1756599081413199,0.6984399849192894
428,0.1068182166457095,0.4625140973950317,0.430667685959259
429,0.16865517426148843,0.1525315823800242,0.6788132433584875
430,0.3385356120836284,0.11813171050472983,0.5433326774116418
431,0.5263275625395347,0.16606463165430452,0.3076078058061603
432,0.3128570211225642,0.18128009143074889,0.5058628874466867
433,0.11803230783169125,0.2852328843093009,0.5967348078590078
434,0.14360412131436165,0.26872194949268335,0.5876739291929548
435,0.1200512638884662,0.4488113058475836,0.4311374302639501
436,0.09642454045699934,0.19794747982459213,0.7056279797184085
437,0.6049614416710848,0.06848153287501016,0.3265570254539051
438,0.03946577884554943,0.18924363868586502,0.7712905824685854
439,0.2265932881390296,0.12809181160463073,0.6453149002563392
440,0.12321493336166642,0.23616259357678376,0.6406224730615498
441,0.10413643532080945,0.17004360875246843,0.7258199559267221
442,0.052939971832107045,0.24758060026049564,0.6994794279073974
443,0.17509664463490013,0.23703744473695573,0.587865910628144
444,0.16901523427114348,0.19603550246068321,0.6349492632681732
445,0.0932991073817613,0.22086606119069466,0.6858348314275443
446,0.25601250343219784,0.23727140580063716,0.5067160907671648
447,0.37961301115957924,0.22692445595725963,0.3934625328831608
448,0.20194868591134174,0.13083521939266185,0.6672160946959964
449,0.23982705069183696,0.14051969219023697,0.6196532571179262
450,0.3874176157301388,0.0909008283042163,0.5216815559656449
451,0.07836461667955327,0.31139512309233947,0.6102402602281071
452,0.10810105018935173,0.3260199371839223,0.5658790126267257
453,0.13011260709874883,0.3145607840284133,0.5553266088728379
454,0.22952928599432074,0.27750571291565673,0.4929650010900225
455,0.48762141900237044,0.06309299455864739,0.44928558643898253
456,0.20629228175330142,0.2656929842873763,0.5280147339593221
457,0.5848388659900076,0.11026093979601471,0.3049001942139775
458,0.18203579849149704,0.2584450155885255,0.559519185919977
459,0.4567046030722078,0.16537103171646028,0.37792436521133216
460,0.3052394300106872,0.26961513811159526,0.4251454318777176
461,0.14258904332130617,0.3606678020565946,0.49674315462209917
462,0.4250695420130861,0.09097348558002034,0.4839569724068932
463,0.11720356766822887,0.2269391286694729,0.6558573036622981
464,0.1816289401473786,0.1157565232570277,0.7026145365955934
465,0.12942738233387002,0.12549330405334191,0.7450793136127877
466,0.06386867491829612,0.1411117231318316,0.7950196019498724
467,0.3555515941240097,0.13613145346039465,0.5083169524155954
468,0.15541713641923163,0.22153394997387313,0.6230489136068956
469,0.37346511280278155,0.22714249340597178,0.3993923937912466
470,0.9999139758975313,5.85622782154786e-05,2.7461824253330452e-05
471,0.18648637306251606,0.41135476072395716,0.4021588662135266
472,0.1543670448800334,0.12320002964740358,0.722432925472563
473,0.9173448140040719,0.056558043110171034,0.026097142885757096
474,0.2881494475213894,0.1947963155614156,0.5170542369171949
475,0.21890729223707311,0.2573401537183367,0.5237525540445903
476,0.7546608938476511,0.05178614577694695,0.19355296037540212
477,0.18229983429097868,0.26566742741970223,0.5520327382893188
478,0.12461613086122618,0.4673390518661682,0.40804481727260544
479,0.22350851266839877,0.22781560051544508,0.5486758868161564
480,0.20043094781270077,0.11023326368167516,0.689335788505624
481,0.2554836058427535,0.26796437928076045,0.47655201487648596
482,0.19466213134310983,0.24966175021546333,0.5556761184414268
483,0.1847024002333753,0.1824520014752487,0.6328455982913759
484,0.27748783119854914,0.17179032646444548,0.5507218423370056
485,0.4767042814335128,0.23690120442166326,0.286394514144824
486,0.09886822552234745,0.34573659948410124,0.5553951749935511
487,0.07452174707709332,0.27771586533100867,0.6477623875918979
488,0.14395336371124345,0.21406002169769445,0.6419866145910621
489,0.27519019057140487,0.1524573788734496,0.5723524305551453
490,0.092741970461409,0.2868556086298928,0.6204024209086979
491,0.11868609596228466,0.22392337202336338,0.6573905320143522
492,0.06838903676365939,0.15302292580478336,0.7785880374315572
493,0.15682213490851618,0.22531001057071512,0.617867854520769
494,0.10378246225766387,0.3278374066019416,0.5683801311403948
495,0.17402809942667738,0.49486424180867583,0.3311076587646469
496,0.10648868580626886,0.23883487816150095,0.6546764360322302
497,0.9999754687387753,8.782239288334834e-06,1.574902193650382e-05
498,0.5059796300328477,0.17152457985316252,0.32249579011398977
499,0.2072933154300371,0.09449126153531266,0.6982154230346499
500,0.07495508903062753,0.218257680456041,0.706787230513331
501,0.19253280540428952,0.14755492938659226,0.6599122652091183
502,0.4229490526163141,0.3827115409245422,0.19433940645914347
503,0.28111851274273525,0.29147652261458423,0.4274049646426807
504,0.12289800755117643,0.16562872568915776,0.7114732667596658
505,0.9999561482041909,3.016595024987801e-05,1.3685845559192903e-05
506,0.11366161453341957,0.18646001155447636,0.6998783739121044
507,0.3462540050306046,0.20625676972024437,0.4474892252491508
508,0.2517697161504397,0.11631027539581822,0.6319200084537421
509,0.9992067987457943,0.00047124870065887365,0.0003219525535467645
510,0.1451641960979324,0.3336439073229654,0.5211918965791025
511,0.19242109503550753,0.25734221632819965,0.5502366886362925
512,0.17847045926504462,0.25961758319547584,0.5619119575394794
513,0.112245477544547,0.2215840827549722,0.6661704397004808
514,0.41549978996976156,0.10382574117461917,0.48067446885561915
515,0.1402322624793473,0.3867195129522029,0.47304822456844986
516,0.5439044886193168,0.16661182270560262,0.28948368867508045
517,0.11827365295467906,0.17363357388412423,0.7080927731611967
518,0.12912437748774971,0.35381942906416225,0.5170561934480881
519,0.45275291462750644,0.15701491241453902,0.3902321729579541
520,0.27267750896969284,0.15204274198217038,0.5752797490481366
521,0.17723803133646615,0.28413694070664786,0.5386250279568858
522,0.24606190824153787,0.10737609946879288,0.6465619922896692
523,0.9036655247152738,0.03890097205653055,0.05743350322819547
524,0.1662138107372311,0.3139737898203361,0.5198123994424327
525,0.12364538942942872,0.1754189078809466,0.7009357026896248
526,0.2714025261279668,0.15074428129042225,0.5778531925816109
527,0.0834661454274076,0.13092771195809694,0.7856061426144952
528,0.2889187234067491,0.17988130438474914,0.5311999722085016
529,0.2697731569537743,0.24496312109626,0.4852637219499657
530,0.4648895249106187,0.1761941210382062,0.35891635405117495
531,0.13653681976338647,0.2323005170544078,0.6311626631822059
532,0.06260508216183033,0.3320837612057466,0.6053111566324231
533,0.28530906173863235,0.24680757764792427,0.46788336061344316
534,0.14551141861353403,0.16729764990671311,0.6871909314797529
535,0.1132549763971336,0.11062051737457994,0.7761245062282863
536,0.12137335335928585,0.18065860873225878,0.6979680379084554
537,0.06561908116409852,0.30849544518356703,0.6258854736523343
538,0.5117812843267244,0.11292877000790803,0.3752899456653677
539,0.21773581520954666,0.24402925907884973,0.5382349257116034
540,0.17445723077023276,0.3190546603094059,0.5064881089203614
541,0.3294576865874208,0.2087400105701177,0.4618023028424617
542,0.676592106622005,0.1768134602665033,0.14659443311149153
543,0.3221456814786984,0.0910629377393194,0.5867913807819822
544,0.44771144517099304,0.2121468889707339,0.34014166585827316
545,0.2468529464803953,0.2408812052163973,0.5122658483032076
546,0.6196238733942766,0.10683732093119531,0.27353880567452804
547,0.4202733375100799,0.13502030695590403,0.4447063555340161
548,0.20515683549530503,0.17805586080505686,0.6167873036996382
549,0.056706485974073705,0.08343893199212274,0.8598545820338036
550,0.2759193349379966,0.11151530469604963,0.6125653603659538
551,0.10360995304118273,0.2323973084304188,0.6639927385283982
552,0.19443741650819588,0.3345578884008928,0.47100469509091125
553,0.2602025695354837,0.20011187335826985,0.5396855571062463
554,0.07769519970767717,0.3263635178091562,0.5959412824831662
555,0.046601319455416866,0.23367124490920393,0.7197274356353789
556,0.2690818071894318,0.21679665440737503,0.5141215384031932
557,0.9165812993010172,0.02294937786795396,0.060469322831029015
558,0.6720498544701163,0.14240252612726187,0.18554761940262193
559,0.09081101999333369,0.29584496677019945,0.613344013236467
560,0.4812364165788557,0.12280066298602438,0.39596292043512005
561,0.16535762265407536,0.14374528652018703,0.6908970908257375
562,0.5504929806120503,0.11267888969341766,0.3368281296945322
563,0.15184846245719993,0.23902405209753258,0.6091274854452675
564,0.2768182135426729,0.1666670326405545,0.5565147538167728
565,0.9999828052023813,8.560582277865653e-06,8.634215340930913e-06
566,0.18401300034151147,0.2156041882404096,0.600382811418079
567,0.22542898949308876,0.13390161137875473,0.6406693991281565
568,0.067880445151857,0.3565189973137247,0.5756005575344185
569,0.08405004374320729,0.23764396138268362,0.6783059948741091
570,0.29891469865163894,0.17248107582025216,0.5286042255281088
571,0.08392190854964827,0.2890687496469549,0.6270093418033971
572,0.23237625675576543,0.4561511281162932,0.3114726151279411
573,0.1419262291044729,0.18995604297233926,0.6681177279231877
574,0.1583898196844074,0.2939611412483746,0.547649039067218
575,0.13703052059044102,0.21043105650117322,0.6525384229083855
576,0.21174913406099558,0.13429945179427005,0.6539514141447346
577,0.3415409814530092,0.11368493918892086,0.5447740793580698
578,0.3466373556122441,0.24241352493078813,0.4109491194569677
579,0.14389481599819434,0.3330364456627293,0.5230687383390764
580,0.13881249243604624,0.1653459032610832,0.6958416043028703
581,0.12579717669766022,0.19268088389616222,0.6815219394061771
582,0.2413210223659408,0.255381683387857,0.5032972942462022
583,0.5126556562904654,0.2021918768518313,0.2851524668577033
584,0.19258149108085829,0.1794511704465387,0.6279673384726032
585,0.12356870361700696,0.15145987068850852,0.7249714256944846
586,0.18188440977203096,0.2695321830993669,0.5485834071286018
587,0.16722905955781375,0.21561392681791253,0.6171570136242738
588,0.07716243824476655,0.284633359249644,0.6382042025055891
589,0.2721072649001241,0.40126671840146105,0.3266260166984147
590,0.09904191477208148,0.2739649378270159,0.6269931474009026
591,0.08618276390116199,0.21371934080055122,0.7000978952982869
592,0.2465857594943515,0.18051440946158037,0.5728998310440678
593,0.2587483636188009,0.11126008363316249,0.6299915527480362
594,0.14661228822234407,0.30659009050113895,0.5467976212765173
595,0.19543310486115859,0.14331041881006498,0.6612564763287765
596,0.2426825705602917,0.19827939693554525,0.5590380325041628
597,0.41042366274075126,0.2105004702749079,0.37907586698434076
598,0.17962023565287913,0.18087142734212636,0.6395083370049949
599,0.2315720511481624,0.14764192576130833,0.620786023090529
600,0.3252661242371472,0.19513576603815064,0.4795981097247022
601,0.1568785780188016,0.21541679588464294,0.6277046260965558
602,0.2928173632143571,0.16237531899706692,0.5448073177885759
603,0.15164478258461936,0.42797224425851316,0.4203829731568675
604,0.15975305268654405,0.19417919762588287,0.6460677496875727
605,0.2956456090206652,0.1720234182542789,0.5323309727250558
606,0.1319359222983282,0.140722690515294,0.7273413871863776
607,0.1670271703380642,0.1811102051610312,0.6518626245009044
608,0.13830675300160697,0.31953158975723744,0.5421616572411556
609,0.13871999846094024,0.3382930584633028,0.5229869430757565
610,0.12416158004364353,0.12445880616230029,0.7513796137940562
611,0.26258020741087607,0.2838151967807302,0.4536045958083938
612,0.08085615458627009,0.38704354671971525,0.5321002986940143
613,0.19008834780712028,0.2525577812178807,0.5573538709749991
614,0.15782168870277977,0.2711487916756008,0.5710295196216193
615,0.3935142912380292,0.12125501859411364,0.48523069016785714
616,0.18259413164815802,0.19020274993739877,0.6272031184144433
617,0.2710798073080054,0.18780572989824135,0.5411144627937533
618,0.10556813414880123,0.371883948338346,0.5225479175128529
619,0.11548928569690203,0.2669096704708627,0.6176010438322352
620,0.17525779101829847,0.3578418696508631,0.46690033933083813
621,0.06032456442575052,0.22346110683757311,0.716214328736676
622,0.25762036303325025,0.37887400231065305,0.3635056346560966
623,0.7595935374913535,0.08947862714464522,0.15092783536400134
624,0.22083109026822517,0.2229263387279345,0.5562425710038406
625,0.2625614332330915,0.13191827989815247,0.6055202868687558
626,0.2437207063444982,0.16453426324893206,0.5917450304065699
627,0.23405441838557814,0.18913895842234674,0.5768066231920751
628,0.059849269024474946,0.2884897893918266,0.6516609415836988
629,0.23888633013747623,0.27991968249534316,0.48119398736718033
630,0.4507713309219602,0.1800012361291796,0.3692274329488604
631,0.303969534049948,0.32927353359800693,0.3667569323520453
632,0.1497953794104149,0.05080725383030484,0.7993973667592802
633,0.43386922315573934,0.083592080426833,0.4825386964174277
634,0.3889879360602429,0.27563413875219045,0.3353779251875669
635,0.38807264038791045,0.1274893420404393,0.4844380175716502
636,0.15856577056993051,0.2071630022569349,0.6342712271731347
637,0.21009471989148248,0.07364861230133016,0.7162566678071876
638,0.20603597370453428,0.24998268617145986,0.543981340124006
639,0.13484600392807355,0.22081286279029347,0.644341133281633
640,0.9999998465925838,5.178192178064523e-08,1.016254944310826e-07
