,proba_0,proba_1,proba_2
0,0.23271180590138105,0.19936885396114293,0.567919340137476
1,0.21642752863785608,0.11587749935285829,0.6676949720092855
2,0.9768851935762051,0.0004567039136936863,0.02265810251010125
3,0.20395606645494904,0.2741307785572881,0.5219131549877628
4,0.15444513781482433,0.2151738558715453,0.6303810063136304
5,0.387414857450854,0.1181746123772696,0.4944105301718764
6,0.10019816377341853,0.30726739764577016,0.5925344385808112
7,0.274589561484863,0.300310928034354,0.4250995104807831
8,0.2578168288706172,0.09339589039400881,0.6487872807353741
9,0.1320873006087047,0.14002149553613033,0.7278912038551649
10,0.17600022834152293,0.3276895805369319,0.4963101911215452
11,0.25568490450663345,0.12473354446845936,0.6195815510249072
12,0.27885745438883447,0.1188718174114905,0.6022707281996751
13,0.3656372231997773,0.12322630734392169,0.511136469456301
14,0.23746081805127645,0.11781596185624127,0.6447232200924823
15,0.2809124004252325,0.17615692974193375,0.5429306698328338
16,0.1672837178588463,0.16509577612542284,0.6676205060157309
17,0.18914608762839866,0.191448836622995,0.6194050757486064
18,0.2909950984709857,0.13090676419294334,0.578098137336071
19,0.24790922483774258,0.17847637095737826,0.5736144042048792
20,0.1427017651218818,0.3306124766653752,0.526685758212743
21,0.18970333160022412,0.3321248999421178,0.4781717684576581
22,0.22697178934417273,0.19508996333207584,0.5779382473237514
23,0.13525140743688227,0.21099906403410779,0.65374952852901
24,0.2814266361545886,0.12945274935558454,0.5891206144898269
25,0.319135520035949,0.29269316907641973,0.38817131088763124
26,0.0988207322795917,0.33464681607353475,0.5665324516468736
27,0.9427046618735831,0.003943577268609745,0.053351760857807067
28,0.4524754370592663,0.09891540387972202,0.4486091590610116
29,0.9498692110161118,0.00035775625552631715,0.04977303272836198
30,0.3272259903078112,0.20551811121588887,0.46725589847629995
31,0.1843837096060978,0.33789266615405394,0.47772362423984815
32,0.28319762649535235,0.10754751690813232,0.6092548565965152
33,0.21385539891091268,0.15736951157245604,0.6287750895166313
34,0.2096603569062035,0.1368139438845754,0.6535256992092211
35,0.49413958458405,0.061551426826145055,0.4443089885898049
36,0.24908231374264392,0.14102992063801423,0.6098877656193419
37,0.5761536294242179,0.08811102751926889,0.3357353430565132
38,0.28161515555761624,0.28298683373471867,0.43539801070766504
39,0.23042521818359488,0.18846952613062348,0.5811052556857818
40,0.4078387135212979,0.1335017972250383,0.4586594892536638
41,0.19641284416528282,0.14493741325505943,0.6586497425796577
42,0.11270143074022562,0.25421853144827966,0.6330800378114947
43,0.37476398800440264,0.11209564375595886,0.5131403682396385
44,0.11606137349382682,0.22361331476546709,0.6603253117407061
45,0.04797972496426568,0.2335170888057721,0.7185031862299621
46,0.17634043073727235,0.1446450142883482,0.6790145549743795
47,0.09293660328233809,0.28852067450894914,0.6185427222087129
48,0.09716122269826194,0.3205096322424432,0.5823291450592948
49,0.2978478371782167,0.12728928875488424,0.574862874066899
50,0.11343385228880515,0.16606136683718067,0.7205047808740142
51,0.05348465847490067,0.2473773254609479,0.6991380160641515
52,0.14283571412329613,0.19888207385068588,0.6582822120260179
53,0.9526458801905509,0.00032077284328399996,0.04703334696616506
54,0.4537909558125566,0.07481742443142624,0.4713916197560172
55,0.09935868878561424,0.21261231528608207,0.6880289959283038
56,0.2341690612922523,0.08049751133493259,0.6853334273728151
57,0.16141246074784074,0.1667041415862939,0.6718833976658654
58,0.3024684470530678,0.18575369109069714,0.5117778618562351
59,0.23936072611012826,0.20039025224243803,0.5602490216474337
60,0.214177758520544,0.2281350478365642,0.5576871936428919
61,0.35148146462862656,0.11698404299238109,0.5315344923789924
62,0.2052587227250146,0.13852415779461397,0.6562171194803714
63,0.21068617683667992,0.30404251877843874,0.48527130438488136
64,0.18832247332907226,0.27675374024493876,0.5349237864259889
65,0.17049524297482757,0.2505607774735395,0.5789439795516329
66,0.2429888527929067,0.22062573095624508,0.5363854162508483
67,0.09155610057162125,0.1972458113383334,0.7111980880900454
68,0.21852106514347927,0.31162128486826535,0.4698576499882554
69,0.24410934978486415,0.16604913572281743,0.5898415144923185
70,0.33896722533975393,0.060088061994388486,0.6009447126658576
71,0.08527969565242573,0.24546668738685545,0.6692536169607189
72,0.22643437552073073,0.10889078145076399,0.6646748430285052
73,0.1591718010288133,0.2930227574565867,0.5478054415146001
74,0.10893548185447936,0.37491262965701977,0.5161518884885009
75,0.9869612092906233,0.00010046554196917662,0.01293832516740776
76,0.38452852126145753,0.1005704459662981,0.5149010327722443
77,0.17600483262760416,0.22154055385510135,0.6024546135172945
78,0.3096131211885407,0.13757081319670533,0.552816065614754
79,0.40457442488932066,0.07460839041241357,0.5208171846982659
80,0.44330225266604945,0.11049839545687051,0.44619935187708
81,0.11329314973152503,0.1828417791781452,0.7038650710903298
82,0.9509705997916811,0.00034590407773972467,0.04868349613057925
83,0.11434741118252903,0.29610585173686566,0.5895467370806053
84,0.11816984338653042,0.24237733773094755,0.6394528188825219
85,0.13685404601500703,0.3367118280781583,0.5264341259068346
86,0.9711872331713706,8.544973399138045e-05,0.0287273170946381
87,0.21265577246119582,0.30120730028509035,0.48613692725371377
88,0.22679884510865236,0.16793461797040557,0.6052665369209421
89,0.11427092774622248,0.2344007820468843,0.6513282902068933
90,0.17418050126271126,0.21270179291044033,0.6131177058268484
91,0.22381475188742997,0.15345445642450664,0.6227307916880634
92,0.1936885756911334,0.3445096708579442,0.46180175345092234
93,0.09242075426429665,0.2080894160045043,0.6994898297311991
94,0.19151819639687806,0.2849394461245541,0.5235423574785679
95,0.3303560745474601,0.23772411615326827,0.4319198092992717
96,0.3737369025264888,0.1751980015049794,0.4510650959685319
97,0.23398779458605962,0.22066916539164294,0.5453430400222974
98,0.19027522363886204,0.20428216743502156,0.6054426089261165
99,0.3401994932627553,0.17255121196554124,0.4872492947717036
100,0.08074733014055506,0.22907374978827413,0.690178920071171
101,0.134979524656731,0.33888292136050846,0.5261375539827605
102,0.3245758331762003,0.08747457674794838,0.5879495900758513
103,0.30096003215854644,0.288379945740065,0.41066002210138863
104,0.3466885936589901,0.11108906159387424,0.5422223447471357
105,0.27424600675258504,0.1898355997036721,0.5359183935437428
106,0.23183386127967548,0.2301762274971027,0.5379899112232218
107,0.10353299909334296,0.25296129822983837,0.6435057026768186
108,0.43147812265218954,0.138443921128958,0.4300779562188525
109,0.21424471541310972,0.09797360258041979,0.6877816820064705
110,0.2672771723605474,0.3077706036686107,0.4249522239708418
111,0.19726835262609618,0.17644584728584126,0.6262858000880626
112,0.16350830482271064,0.33570245340530414,0.5007892417719851
113,0.12355009969770883,0.1509437852263167,0.7255061150759744
114,0.231984633210664,0.20617151091601305,0.561843855873323
115,0.13499529655301884,0.16749588145927347,0.6975088219877077
116,0.2076122093402704,0.31956125187148016,0.47282653878824943
117,0.11994379583746925,0.22189807136418002,0.6581581327983507
118,0.29644578787172776,0.0763674967307925,0.6271867153974797
119,0.053072691283160174,0.2764134205872002,0.6705138881296396
120,0.20682227486032162,0.13749715529904333,0.655680569840635
121,0.13275213017985935,0.21842904692113438,0.6488188228990063
122,0.10289990672711238,0.17477798965435418,0.7223221036185334
123,0.1818442500754535,0.3162623234362139,0.5018934264883326
124,0.41499268652546994,0.07874100636117193,0.5062663071133581
125,0.123831825394579,0.18690737614911304,0.6892607984563079
126,0.158731136671718,0.25995981894713355,0.5813090443811485
127,0.2059373921936252,0.17522967963771494,0.6188329281686599
128,0.1540883662870449,0.2988464633030182,0.547065170409937
129,0.18778764509354448,0.24264315778501697,0.5695691971214386
130,0.34626818008418425,0.28894899118421,0.36478282873160567
131,0.3441549171817604,0.13798478438961903,0.5178602984286206
132,0.12940648741993663,0.20868632518453514,0.6619071873955281
133,0.8417630709344541,0.023056455756364128,0.13518047330918176
134,0.45210954778202134,0.0839224855343518,0.46396796668362694
135,0.08970391823225679,0.19421555442432517,0.7160805273434181
136,0.14621717704389292,0.22774269170959502,0.626040131246512
137,0.4800427175335252,0.08168480665514789,0.43827247581132694
138,0.09394579818419745,0.2143558646256772,0.6916983371901253
139,0.15885791337903146,0.24092528948255695,0.6002167971384116
140,0.1607420780605456,0.18442196129777166,0.6548359606416826
141,0.10630867283704826,0.26275569686128075,0.630935630301671
142,0.17727491042368432,0.32055298857989745,0.5021721009964183
143,0.1739713415721727,0.19721418326734627,0.6288144751604811
144,0.26397331346142205,0.19798228388926065,0.5380444026493173
145,0.12787897316504898,0.15904417358060843,0.7130768532543426
146,0.1473663644331003,0.16398020915859696,0.6886534264083026
147,0.11830586125755108,0.20417341812022322,0.6775207206222258
148,0.20303325558716934,0.22091376278287972,0.5760529816299509
149,0.16212243572828108,0.24322884891553828,0.5946487153561806
150,0.07985152471841216,0.2604319895164759,0.6597164857651119
151,0.3381603962053845,0.14337450985571282,0.5184650939389027
152,0.23273429243667246,0.25191568060765346,0.515350026955674
153,0.3154313306150464,0.20488138244574408,0.4796872869392095
154,0.116261238657693,0.2568798296302885,0.6268589317120186
155,0.20519449040790166,0.16108163451053764,0.6337238750815607
156,0.1498538233206304,0.3009262575703135,0.5492199191090562
157,0.2309245257962249,0.2049855905102401,0.564089883693535
158,0.031110705053456037,0.31858263245245916,0.6503066624940848
159,0.06746312319817999,0.23431759269505867,0.6982192841067614
160,0.21023690402834808,0.19781844283136035,0.5919446531402915
161,0.09457566001270476,0.2176008144453542,0.6878235255419409
162,0.08961032026636587,0.2806569000351148,0.6297327796985195
163,0.1832501020056395,0.3051379303866664,0.511611967607694
164,0.11950472167683877,0.2240697112260974,0.6564255670970639
165,0.11531120484522292,0.21463345204019835,0.6700553431145788
166,0.17302892468368647,0.3152403820440992,0.5117306932722143
167,0.3072032419535143,0.15229992703638012,0.5404968310101056
168,0.254305087211391,0.32551149378165906,0.42018341900694994
169,0.2156383471515363,0.22863588992151024,0.5557257629269535
170,0.3659195819733975,0.09039278658164467,0.5436876314449578
171,0.29507042253745897,0.13818555006855632,0.5667440273939847
172,0.2875353925650203,0.1818320865780577,0.530632520856922
173,0.21552047234993932,0.13575241001444144,0.6487271176356193
174,0.12307227196977738,0.22629340395222353,0.6506343240779991
175,0.38707621395086783,0.19179546803000222,0.42112831801913
176,0.10568851468571833,0.21931103147022174,0.6750004538440599
177,0.32569546806850613,0.17830270592446457,0.49600182600702936
178,0.2620802679664079,0.15359934787065707,0.5843203841629351
179,0.47008217322955664,0.07779908337864244,0.4521187433918008
180,0.0868538974443524,0.260321998613567,0.6528241039420806
181,0.11670574557629018,0.2680941114542684,0.6152001429694413
182,0.2778488225095892,0.1155369651132215,0.6066142123771894
183,0.22557680413845355,0.32025442392780645,0.4541687719337401
184,0.4166847706326571,0.14871398056704935,0.43460124880029355
185,0.32745171292308695,0.09742376802122081,0.5751245190556923
186,0.1809038472215234,0.20270455018325015,0.6163916025952264
187,0.20646458201443238,0.1354284460546843,0.6581069719308834
188,0.17970423623546009,0.1474483492632002,0.6728474145013397
189,0.24390168284444277,0.10949223820161855,0.6466060789539386
190,0.2003020685673195,0.14079257477979915,0.6589053566528813
191,0.2477850496472711,0.10677600993185367,0.6454389404208752
192,0.1624973272783215,0.2252390721596952,0.6122636005619834
193,0.22180400724346774,0.20755166622431898,0.5706443265322133
194,0.2166027117803612,0.3117183199034671,0.4716789683161716
195,0.12512613326804226,0.21781947878051672,0.657054387951441
196,0.26209138005322763,0.11491148110651588,0.6229971388402564
197,0.26858526894943163,0.14587940177168465,0.5855353292788837
198,0.4372082763128907,0.09394328505855931,0.4688484386285499
199,0.05506170925486632,0.30271025456082284,0.6422280361843108
200,0.14361085819901875,0.27273017731665644,0.5836589644843247
201,0.14184319023164432,0.14204113412388206,0.7161156756444736
202,0.08532356910651129,0.2666611827115884,0.6480152481819004
203,0.4934550493038431,0.07752284325496546,0.4290221074411913
204,0.1931247203120719,0.3015625016332287,0.5053127780546993
205,0.12692001732334252,0.23643148635724454,0.636648496319413
206,0.3276514921113353,0.2909056937013536,0.381442814187311
207,0.225416987284307,0.2295802738722574,0.5450027388434356
208,0.16972285489044134,0.30814235401980394,0.5221347910897547
209,0.993968789746395,0.0001986515667561773,0.005832558686848721
210,0.1438033714418815,0.15368069835977938,0.7025159301983391
211,0.34795564538041923,0.14801646262713028,0.5040278919924505
212,0.32865933016458604,0.2675105619801343,0.4038301078552796
213,0.47375026429094097,0.09669458835740531,0.42955514735165373
214,0.2506513954314406,0.3096703349641968,0.43967826960436246
215,0.30320521628944597,0.1879015638608299,0.5088932198497241
216,0.23838121234231885,0.1342380790987648,0.6273807085589163
217,0.3768392097005297,0.1343213666430976,0.4888394236563727
218,0.1037529008515196,0.3356592792696092,0.5605878198788711
219,0.36562927918817656,0.14084172022542146,0.49352900058640203
220,0.10186177512075707,0.2551975199115793,0.6429407049676636
221,0.17506295473860073,0.3295350251213538,0.4954020201400453
222,0.27698988572685784,0.12409537282853719,0.598914741444605
223,0.20977917273368243,0.2700797093855148,0.5201411178808029
224,0.2800519528058868,0.19432268509572273,0.5256253620983905
225,0.34930952305046786,0.18057764211333988,0.4701128348361922
226,0.17787707420981794,0.25542447938330826,0.5666984464068738
227,0.2521490830697859,0.15077177535877545,0.5970791415714386
228,0.20719532341446,0.20608270332156578,0.5867219732639741
229,0.16128622460290243,0.24873703519044144,0.589976740206656
230,0.42590874938766143,0.06793498411776237,0.5061562664945761
231,0.14472294393785354,0.1852045729218852,0.6700724831402614
232,0.09766870962002841,0.18345365079491668,0.718877639585055
233,0.031939766893163135,0.3024053319768568,0.6656549011299802
234,0.37100384738331904,0.1107846145360114,0.5182115380806696
235,0.10396620287903025,0.28220229705249456,0.6138315000684752
236,0.15324090582412395,0.3031898355467765,0.5435692586290994
237,0.3791306201985245,0.08166991504332057,0.5391994647581551
238,0.15490233282766108,0.19437427398635343,0.6507233931859855
239,0.16620942077679277,0.26263065587706047,0.5711599233461467
240,0.24153442479747644,0.1614481531500105,0.5970174220525131
241,0.15424033387585745,0.21343794528870955,0.6323217208354329
242,0.5754060668080303,0.10258006123590449,0.3220138719560651
243,0.3739009167249148,0.07274655574944354,0.5533525275256417
244,0.18769031256569155,0.27479388286679557,0.5375158045675129
245,0.20284287146626276,0.34458343035301714,0.4525736981807201
246,0.40524400663723625,0.16052345715487196,0.43423253620789176
247,0.29555879483116587,0.2707404282429084,0.43370077692592574
248,0.3688887464587375,0.14926156560916629,0.4818496879320962
249,0.23799256656432147,0.18311118152656589,0.5788962519091126
250,0.30489427323742263,0.1571116554457436,0.5379940713168339
251,0.19306793480146053,0.3136379723047906,0.49329409289374887
252,0.24778547929163663,0.18710412434960036,0.5651103963587629
253,0.15570998364237953,0.2697411274617076,0.5745488888959129
254,0.39361509636303815,0.15913601360263735,0.4472488900343246
255,0.22806830045578816,0.3258354458489877,0.4460962536952242
256,0.39771823510198906,0.09089115347822205,0.5113906114197889
257,0.3526524828973504,0.14843644835663086,0.4989110687460188
258,0.21467896306703285,0.1407230415412229,0.6445979953917443
259,0.15149865802505016,0.21299856981348306,0.6355027721614668
260,0.22615918772829469,0.1883836141233287,0.5854571981483766
261,0.4660326458702266,0.13207535878917712,0.40189199534059633
262,0.11709198444142763,0.17007365158522422,0.7128343639733481
263,0.15104463781486202,0.20638434189352886,0.6425710202916092
264,0.18125842411996113,0.28353117794774046,0.5352103979322985
265,0.1548772746801217,0.24162065756795878,0.6035020677519196
266,0.2767159494071595,0.18390090115642968,0.5393831494364109
267,0.3006891911077512,0.15731524607137323,0.5419955628208756
268,0.2031120844005195,0.1483190333646635,0.6485688822348169
269,0.3708995342068104,0.14669636416897228,0.4824041016242173
270,0.23503440818527727,0.1958742196758926,0.5690913721388301
271,0.04533108184315071,0.24739370534205887,0.7072752128147903
272,0.23526613020025405,0.21591028179287455,0.5488235880068715
273,0.08416314569899651,0.20763330088813,0.7082035534128736
274,0.22504402094583267,0.1962666400952995,0.5786893389588678
275,0.32817312154719125,0.07765424452453197,0.5941726339282769
276,0.41965551008098395,0.10244775458170122,0.47789673533731486
277,0.10145513279091158,0.29409162653332516,0.6044532406757632
278,0.28218646316067747,0.18604175797254313,0.5317717788667794
279,0.9483608853113045,0.0003357829681392964,0.05130333172055622
280,0.13979227922316728,0.2131832402226786,0.6470244805541542
281,0.4434398186161675,0.0930016193415561,0.46355856204227647
282,0.2014318522661635,0.2990388180782028,0.49952932965563374
283,0.1636201006812166,0.16010333018471384,0.6762765691340695
284,0.11419947575870086,0.17711568346699622,0.7086848407743028
285,0.3670193803473248,0.11487649362569012,0.5181041260269851
286,0.13316324342042432,0.24763056328943175,0.6192061932901438
287,0.13027531838996753,0.33174100545401153,0.537983676156021
288,0.23825417067795937,0.20451051572260878,0.5572353135994319
289,0.10255796065602094,0.3420840340848145,0.5553580052591646
290,0.2014229381401933,0.15126923454064314,0.6473078273191636
291,0.2536325418656956,0.10550509417545079,0.6408623639588537
292,0.10024646377283235,0.22839042907444926,0.6713631071527184
293,0.18474926705852346,0.1883432240523514,0.6269075088891252
294,0.27138340425313956,0.09980234465214724,0.6288142510947132
295,0.15879801834590712,0.3229652110218834,0.5182367706322095
296,0.175413075047503,0.32507274820967186,0.49951417674282517
297,0.2388664010771088,0.32214991926187614,0.43898367966101515
298,0.21808495542216902,0.1363659805873549,0.6455490639904761
299,0.16393358925528878,0.33901790425478584,0.49704850648992543
300,0.15749095085136272,0.2167283539633167,0.6257806951853205
301,0.1841314505389828,0.16063928964898447,0.6552292598120327
302,0.15601945565507905,0.19239351953675263,0.6515870248081684
303,0.23851524234266666,0.1325901502653624,0.6288946073919709
304,0.3057332852071001,0.1593649512999847,0.5349017634929153
305,0.04866440938460715,0.22614289823477143,0.7251926923806212
306,0.18836594063742648,0.18490278018692083,0.6267312791756527
307,0.3543117421004587,0.11351448511508441,0.532173772784457
308,0.07278674348780548,0.3281256842090836,0.5990875723031109
309,0.17669117004095136,0.3161608978453757,0.5071479321136729
310,0.21894753931682595,0.16411857083756226,0.6169338898456118
311,0.21895393222819245,0.21845978598595436,0.5625862817858531
312,0.41792800515510803,0.10257644658694358,0.4794955482579484
313,0.11636590621636562,0.16663063591648158,0.7170034578671528
314,0.21141913299554918,0.31536928138994746,0.4732115856145034
315,0.1830744537185136,0.15636855703747268,0.6605569892440137
316,0.14288370317420226,0.2687145958544824,0.5884017009713154
317,0.0811721999411759,0.2614287846489214,0.6573990154099028
318,0.09439551408622647,0.20725931056629748,0.6983451753474762
319,0.27145031253449264,0.11109468227217573,0.6174550051933316
320,0.14295211703665153,0.19251427518013717,0.6645336077832114
321,0.3027055302889171,0.15759680822279754,0.5396976614882854
322,0.1260653635778394,0.24986807270977757,0.6240665637123831
323,0.10372630549816568,0.2916072629455688,0.6046664315562655
324,0.17613295558426625,0.32988131908786145,0.4939857253278724
325,0.40392898695531554,0.10961431972007793,0.4864566933246066
326,0.0793871461136808,0.22892525039624026,0.691687603490079
327,0.14521952371330654,0.16896397337838523,0.6858165029083082
328,0.15924373854888935,0.27767380784064816,0.5630824536104626
329,0.06931058830432386,0.18910077877786713,0.741588632917809
330,0.23039945031380138,0.2129983289042392,0.5566022207819595
331,0.27361534516291464,0.2986896607223319,0.42769499411475337
332,0.5550906053559729,0.04795714672327481,0.3969522479207524
333,0.4449382836174746,0.15324154413335553,0.40182017224916994
334,0.12816657546489607,0.29426960167015387,0.57756382286495
335,0.19277362970134893,0.26847544227510867,0.5387509280235425
336,0.15719455751472614,0.15725294440717563,0.6855524980780981
337,0.16075956003049746,0.14169773839190886,0.6975427015775937
338,0.1664521340992498,0.13709283235443542,0.6964550335463149
339,0.16309393641817813,0.3165878427451032,0.5203182208367186
340,0.2787919889826044,0.10614418743474639,0.6150638235826492
341,0.08290940783147391,0.21026622581023868,0.7068243663582874
342,0.2868718849703797,0.12537684432994958,0.5877512706996707
343,0.22129992252275768,0.21944993481297212,0.5592501426642703
344,0.30660489463934715,0.17449584256434314,0.5188992627963097
345,0.36488472370947084,0.1480555127545504,0.4870597635359788
346,0.36894344847923405,0.12341038993977527,0.5076461615809907
347,0.3329835125378389,0.26709934832633486,0.39991713913582627
348,0.1690256949852452,0.19206918490230346,0.6389051201124514
349,0.23980769677906963,0.20802249782044976,0.5521698054004807
350,0.17817539842991528,0.24109814147776895,0.5807264600923158
351,0.43954830399079503,0.0803921230864095,0.4800595729227956
352,0.1826867900540028,0.1168478118810144,0.7004653980649829
353,0.09856323629078007,0.331128943953785,0.570307819755435
354,0.44111364575293,0.08810063643067981,0.4707857178163901
355,0.2077480565333839,0.3195623448452942,0.47268959862132187
356,0.46319902673249597,0.10219464711316543,0.43460632615433853
357,0.21039902938977592,0.18544254948385017,0.6041584211263739
358,0.0437528475705508,0.3109531074968553,0.6452940449325939
359,0.05668374142612125,0.3090361755822033,0.6342800829916755
360,0.1732312374028752,0.3047035871346853,0.5220651754624395
361,0.17995692670950852,0.2150206353567652,0.6050224379337262
362,0.15673634696448632,0.23475682659502906,0.6085068264404845
363,0.11491745334242023,0.34144101533736504,0.5436415313202146
364,0.2014486490029047,0.29399861574048897,0.5045527352566063
365,0.31259683447464826,0.20390087021323935,0.48350229531211225
366,0.1555261940306534,0.1832742078889004,0.6611995980804463
367,0.10495491128117863,0.31054403067096453,0.5845010580478569
368,0.14141535842369898,0.24423072876640234,0.6143539128098986
369,0.5798644647726554,0.11479479800717046,0.3053407372201741
370,0.2897032365791097,0.09568140230916931,0.614615361111721
371,0.1938936759243585,0.23648452714689097,0.5696217969287506
372,0.314328776955975,0.1557564452749943,0.5299147777690306
373,0.07289398231730229,0.30748742113185407,0.6196185965508436
374,0.18930876242946568,0.31415085379732244,0.49654038377321186
375,0.3976195828526191,0.05762794391366663,0.5447524732337142
376,0.21021344885993085,0.17222899396388655,0.6175575571761827
377,0.4016118910389604,0.09175100865158595,0.5066371003094535
378,0.2749692891635538,0.13554986285696294,0.5894808479794833
379,0.547661458505659,0.11715712081171391,0.33518142068262724
380,0.15423273443912697,0.21361424146463512,0.632153024096238
381,0.17336851892866936,0.16349538694713933,0.6631360941241913
382,0.08360690185948959,0.2556973209042639,0.6606957772362465
383,0.19258045045775501,0.20011012062906008,0.607309428913185
384,0.21377722548767086,0.19222370177136966,0.5939990727409594
385,0.38774739191089136,0.087072134708997,0.5251804733801116
386,0.5062486797719918,0.05412853404344539,0.43962278618456274
387,0.061113633487069156,0.2351475128098193,0.7037388537031115
388,0.3942054688642882,0.07372297092777023,0.5320715602079417
389,0.22514084728472383,0.17739937664807387,0.5974597760672022
390,0.10118277200604628,0.24180534059321565,0.657011887400738
391,0.5428836879179586,0.12259130507144997,0.33452500701059124
392,0.9550989102349787,0.00026889379152962535,0.04463219597349157
393,0.10681350875487672,0.3301256168307102,0.5630608744144131
394,0.31595370159899433,0.09199287320568876,0.5920534251953169
395,0.30111754331254875,0.1473571443442264,0.5515253123432248
396,0.32297270900189484,0.17698664405689538,0.5000406469412099
397,0.2946777604799034,0.07588792256945641,0.6294343169506401
398,0.04470281160587469,0.31000412952056816,0.6452930588735573
399,0.362317773923114,0.14898777346282238,0.48869445261406363
400,0.22051734802980513,0.22844211931048414,0.5510405326597106
401,0.17538342832679246,0.18006195650381784,0.6445546151693895
402,0.06632591298888416,0.22437352906589744,0.7093005579452184
403,0.24459918612221507,0.17605748145313688,0.5793433324246481
404,0.28698195213515426,0.27792074728256366,0.43509730058228197
405,0.42477539531432473,0.09273201587037172,0.4824925888153035
406,0.11924450900253539,0.17923450698187585,0.7015209840155887
407,0.07923276522810635,0.22887698937481774,0.6918902453970759
408,0.1752200496400747,0.16672014889189396,0.6580598014680314
409,0.20948202309725095,0.209019305498212,0.581498671404537
410,0.16907981132853153,0.2863432652451082,0.5445769234263602
411,0.14760193933344595,0.3299540089281961,0.5224440517383581
412,0.598557145518287,0.1040364701659621,0.29740638431575095
413,0.23556188530407843,0.14001668158238995,0.6244214331135316
414,0.24906668867760648,0.15944888227723805,0.5914844290451554
415,0.21970638567180537,0.1785008449248567,0.6017927694033379
416,0.37230472938582565,0.0774403373872806,0.5502549332268939
417,0.11452993309126343,0.2670052987078474,0.6184647682008892
418,0.37302874168958977,0.07703685477539728,0.549934403535013
419,0.028475386953090764,0.3277833324914196,0.6437412805554896
420,0.3454954053466247,0.15473252619961614,0.49977206845375904
421,0.09923354540715466,0.2800361588456562,0.6207302957471892
422,0.4071283448784014,0.16855419225047724,0.42431746287112143
423,0.17166922371990004,0.21734018488008092,0.6109905914000191
424,0.17817226298558664,0.33902210809655176,0.48280562891786166
425,0.09596438448219169,0.21897586387132975,0.6850597516464786
426,0.057085322681545904,0.26862768117807506,0.674286996140379
427,0.06872811791695173,0.20627821650704045,0.7249936655760078
428,0.2250974705294323,0.33355594791594095,0.4413465815546267
429,0.13572121008249427,0.17137872093979706,0.6929000689777087
430,0.2928423924622871,0.09665398766312776,0.6105036198745851
431,0.1767912814421976,0.19326236856997747,0.629946349987825
432,0.18474041473111757,0.19272532262601305,0.6225342626428694
433,0.185072666637518,0.321754163780136,0.493173169582346
434,0.037898716868969444,0.3197386253699807,0.64236265776105
435,0.230616751707354,0.33887806311835494,0.43050518517429115
436,0.21131334051558823,0.3402728277518664,0.44841383173254534
437,0.2351834560764616,0.10583440635551289,0.6589821375680255
438,0.10333826090969923,0.20844856703659975,0.6882131720537009
439,0.24810469563216692,0.1883200980884652,0.5635752062793679
440,0.12274040740334749,0.314839358671276,0.5624202339253765
441,0.06402973156848146,0.2316363356816806,0.7043339327498379
442,0.08367024433603895,0.21812082083821369,0.6982089348257473
443,0.24466752218418014,0.20602919447287985,0.54930328334294
444,0.11207185698500717,0.2198082889697198,0.6681198540452731
445,0.19961067027654356,0.33221426893396205,0.4681750607894943
446,0.13823843355253673,0.25425408626825846,0.6075074801792048
447,0.5167748496630518,0.10977958757960914,0.373445562757339
448,0.34973499143958414,0.08640566380718574,0.5638593447532301
449,0.2700617006976256,0.11192630115396997,0.6180119981484044
450,0.3187911625777915,0.17536769815092293,0.5058411392712856
451,0.07824171519112517,0.3781964700650111,0.5435618147438637
452,0.07143379477826065,0.3065700372488412,0.6219961679728983
453,0.29461868199762115,0.16708208379493733,0.5382992342074415
454,0.0738376302839902,0.25450055229502927,0.6716618174209805
455,0.25914489853480116,0.11943534975641906,0.6214197517087798
456,0.10228397507204279,0.2311713418460985,0.6665446830818588
457,0.43945862736427804,0.16744804728132726,0.3930933253543947
458,0.13919140331979535,0.19060747306067768,0.670201123619527
459,0.1583719218383841,0.20288114868709656,0.6387469294745193
460,0.3667791916897156,0.09644493575331131,0.536775872556973
461,0.06373304359140433,0.23642238436784954,0.6998445720407461
462,0.2394926411541868,0.10233512244453741,0.6581722364012758
463,0.17211218728162342,0.33893801194965834,0.48894980076871825
464,0.26923571840435834,0.1945634789955398,0.5362008026001018
465,0.4436856558549509,0.08383484170423826,0.47247950244081083
466,0.06131429048714253,0.33864630693914044,0.6000394025737169
467,0.17615254922085102,0.19122886136344516,0.6326185894157038
468,0.24459518731987326,0.2787005734308836,0.4767042392492431
469,0.5619438709090198,0.10235303229284477,0.3357030967981355
470,0.8872036248284242,0.014705903644768903,0.09809047152680689
471,0.4270265000599835,0.12135083849796502,0.4516226614420516
472,0.25886182352354625,0.1118992499190977,0.629238926557356
473,0.5333022805850455,0.047824445177866395,0.4188732742370881
474,0.2735648073428767,0.3075110055951951,0.41892418706192824
475,0.0777995233125875,0.2508871548593173,0.6713133218280951
476,0.47327996819660767,0.0658260074179428,0.4608940243854496
477,0.1306039781959463,0.16873132581391603,0.7006646959901378
478,0.19866955307440629,0.33820001475293227,0.4631304321726614
479,0.34634246312833633,0.17042403016387866,0.4832335067077849
480,0.14741938343567765,0.18555838706886132,0.667022229495461
481,0.1420780177032995,0.25185272319715163,0.6060692590995489
482,0.2547420570220831,0.31083400945275996,0.43442393352515696
483,0.16372799829029905,0.24835913796069373,0.5879128637490073
484,0.19673368464838029,0.21132988110019418,0.5919364342514256
485,0.28497746888875547,0.15800627804400344,0.5570162530672411
486,0.09142460973235973,0.25136356778877006,0.6572118224788701
487,0.15001730378490355,0.26409010872425887,0.5858925874908376
488,0.15640854098551837,0.2859949279203694,0.5575965310941123
489,0.312265776341659,0.18447554715161057,0.5032586765067304
490,0.08099445707138941,0.29736819596677766,0.6216373469618329
491,0.16246251474617743,0.2480145350111939,0.5895229502426287
492,0.06337328684650552,0.33110982631502667,0.6055168868384677
493,0.25564464218610683,0.1673757199854235,0.5769796378284697
494,0.23478741298612632,0.3255319818328085,0.43968060518106516
495,0.22365279020935536,0.14423361899432696,0.6321135907963177
496,0.15743014861538593,0.25474412459003354,0.5878257267945807
497,0.9731736675408686,0.00356353692221877,0.02326279553691252
498,0.30580927527020113,0.115964757268602,0.5782259674611968
499,0.3951564184366751,0.07488715724006985,0.5299564243232551
500,0.13836470145417176,0.3339123009408902,0.527722997604938
501,0.2556931294402225,0.10527134094647701,0.6390355296133005
502,0.14569724110507176,0.24227820299286199,0.6120245559020662
503,0.210961231076673,0.12570327242326557,0.6633354965000615
504,0.11825874492481997,0.21145840623544868,0.6702828488397314
505,0.9152327923913139,0.008895344001398228,0.0758718636072878
506,0.19145020284281347,0.21656695083507402,0.5919828463221125
507,0.11227216628076027,0.21683911044009005,0.6708887232791497
508,0.2298661579057911,0.15069037852649025,0.6194434635677186
509,0.6994054614226257,0.05291970627069592,0.24767483230667842
510,0.18815738852045766,0.3447412535847464,0.46710135789479584
511,0.2912811428888528,0.2924758385296229,0.4162430185815243
512,0.045952445904527406,0.3338788458421836,0.6201687082532891
513,0.27103002674710447,0.13928006341159216,0.5896899098413033
514,0.35364030592531565,0.0971811168761869,0.5491785771984975
515,0.19534817724437145,0.337485877295586,0.4671659454600425
516,0.19120269757199262,0.18738024710966283,0.6214170553183446
517,0.102447240455896,0.19550476029571934,0.7020479992483847
518,0.17906426247028032,0.21220636989898176,0.6087293676307378
519,0.16597435607741295,0.22631192637196293,0.6077137175506242
520,0.18494042907451583,0.21493711142665298,0.6001224594988311
521,0.16360722714813863,0.3271072389341117,0.5092855339177497
522,0.30809628583019605,0.1196876363059671,0.5722160778638369
523,0.4220628271422023,0.07523007362904409,0.5027070992287536
524,0.22047173471785383,0.29034790911249403,0.4891803561696521
525,0.1749889363972351,0.21923324308478842,0.6057778205179765
526,0.0996341547378165,0.21504024540320196,0.6853255998589816
527,0.16929477996833825,0.12081800643465995,0.7098872135970018
528,0.29333967253184895,0.17075764906224697,0.5359026784059041
529,0.3007263575640118,0.14959691836470385,0.5496767240712843
530,0.23380835014510426,0.17626588320563677,0.5899257666492589
531,0.11882332944414478,0.24863309508412829,0.6325435754717269
532,0.0443241081491209,0.2638831315743448,0.6917927602765342
533,0.1665902121585157,0.21937891262830636,0.6140308752131779
534,0.3985473810736121,0.09818040358511361,0.5032722153412743
535,0.09146134907887082,0.20217306144419941,0.7063655894769298
536,0.460725398751385,0.08595481759321695,0.45331978365539805
537,0.022138777907097614,0.32309677290805283,0.6547644491848496
538,0.3974434373468821,0.17058950358325584,0.43196705906986216
539,0.09054776795063867,0.21261172009761817,0.6968405119517431
540,0.2120739212208744,0.3239570570042792,0.46396902177484645
541,0.20694457246391296,0.18095115200026082,0.6121042755358262
542,0.5109569764017537,0.09485754333120441,0.394185480267042
543,0.3323680786081606,0.08617907980496257,0.5814528415868768
544,0.2726378716448973,0.12369308390020854,0.6036690444548942
545,0.2744073601990364,0.23974288496923646,0.4858497548317272
546,0.4816488348335847,0.07294765020121245,0.4454035149652028
547,0.21128005792823157,0.1759741631752401,0.6127457788965283
548,0.2678753014582664,0.20839971524719886,0.5237249832945348
549,0.2045042933778774,0.16670710200684205,0.6287886046152806
550,0.3226394177541519,0.09529393253607818,0.58206664970977
551,0.12836839113270637,0.32241173795559147,0.5492198709117021
552,0.3125241321379167,0.2694414833736919,0.41803438448839125
553,0.23382816386546582,0.21804689216389223,0.5481249439706419
554,0.059207568848003246,0.26257503426781814,0.6782173968841786
555,0.033703905756552445,0.3216148672121027,0.6446812270313448
556,0.4476699981451628,0.23712874275040643,0.31520125910443075
557,0.46551189890877975,0.05987976733265984,0.47460833375856043
558,0.5504257876849499,0.07832492225919811,0.371249290055852
559,0.05096545258868879,0.3014299787984626,0.6476045686128485
560,0.4002203015359653,0.12441551869447509,0.47536417976955964
561,0.17558290986159011,0.1271455356287763,0.6972715545096335
562,0.27517389182974156,0.10750586718555102,0.6173202409847075
563,0.23123936547173682,0.31040203771362485,0.45835859681463836
564,0.3289130056591461,0.2183173653581346,0.4527696289827192
565,0.9582297582783668,0.00429221642198367,0.03747802529964959
566,0.09908301873127039,0.2661078224855204,0.6348091587832093
567,0.2772248118675486,0.13977800573246174,0.5829971823999897
568,0.04423166451940807,0.2670574912891436,0.6887108441914483
569,0.11040525013428791,0.3136663957216442,0.575928354144068
570,0.30778002619183437,0.10436528267143179,0.5878546911367338
571,0.052749098722741396,0.24958909742831772,0.6976618038489408
572,0.10097790435335917,0.22867690040971397,0.6703451952369269
573,0.08939824247976307,0.1860995945326268,0.7245021629876103
574,0.24999525087905256,0.20536421056225718,0.5446405385586903
575,0.10927298630949786,0.292929825707554,0.5977971879829481
576,0.45278371454175426,0.07083230082326142,0.47638398463498427
577,0.2595092273741069,0.1640814692355143,0.5764093033903787
578,0.17356412267652854,0.22042038240449108,0.6060154949189803
579,0.11415708932871205,0.2651064470646454,0.6207364636066425
580,0.20866195487087044,0.1809941535646347,0.6103438915644949
581,0.14153214415793822,0.1328744885521266,0.7255933672899352
582,0.39055276322267835,0.21725853783265145,0.3921886989446702
583,0.5817747255226369,0.10190698118806744,0.3163182932892956
584,0.10222472488130031,0.1647874245281756,0.7329878505905241
585,0.09977796662547889,0.21728495936463987,0.6829370740098811
586,0.3093462595172423,0.2343320352389653,0.4563217052437924
587,0.1470309905250516,0.2644896483676104,0.588479361107338
588,0.159103746204544,0.2585514190509491,0.5823448347445069
589,0.09665226799980332,0.18147076766592268,0.721876964334274
590,0.18688828806625837,0.2854990853860083,0.5276126265477333
591,0.13090979198905,0.2976878376132487,0.5714023703977015
592,0.1736662899751387,0.22859099370350425,0.5977427163213572
593,0.23482670758400184,0.15771773629238822,0.6074555561236099
594,0.19234019902735386,0.3070985360449263,0.5005612649277198
595,0.2688792130672769,0.23190292622502776,0.49921786070769525
596,0.19663189092722794,0.3277226532841945,0.47564545578857764
597,0.2181584724055621,0.1925367971932176,0.5893047304012203
598,0.2239835513307661,0.2617652026424166,0.5142512460268173
599,0.4286846335517074,0.17598677684007122,0.3953285896082215
600,0.416421034352467,0.1301879925474153,0.4533909731001176
601,0.2630332462008899,0.3077020791733727,0.4292646746257374
602,0.24151240560830395,0.212773497739327,0.545714096652369
603,0.05278001060284139,0.25250939264136896,0.6947105967557897
604,0.17835689836942867,0.2771875736387371,0.5444555279918343
605,0.2789127829525605,0.20621099019716693,0.5148762268502725
606,0.23527819353724405,0.1692703947564085,0.5954514117063474
607,0.1529269387966255,0.2459970652590887,0.6010759959442858
608,0.07730375723801314,0.3028781328817019,0.619818109880285
609,0.2287590465430466,0.3208245915673475,0.45041636188960593
610,0.1745280788134284,0.33069245303030714,0.49477946815626445
611,0.23771182246626102,0.2831078284616552,0.47918034907208384
612,0.04724725540591128,0.27190230167109475,0.6808504429229939
613,0.26381677681778787,0.20322570814006863,0.5329575150421435
614,0.2292689296312073,0.3263365825542201,0.4443944878145725
615,0.21217453009264442,0.18226152759260658,0.605563942314749
616,0.188372655595343,0.21248885800136252,0.5991384864032945
617,0.29135702206278624,0.21424076779229245,0.4944022101449213
618,0.08762087665860392,0.2525683708514566,0.6598107524899394
619,0.23229743962836424,0.31097421231858446,0.4567283480530513
620,0.17510397344096057,0.32261673890150605,0.5022792876575335
621,0.2855211372527376,0.13600768519247042,0.578471177554792
622,0.2415651265147865,0.1666391400202595,0.5917957334649541
623,0.5117564869188655,0.07790288521170778,0.41034062786942677
624,0.33706009221676175,0.1851282226989274,0.4778116850843109
625,0.17253905282491325,0.17101388245306404,0.6564470647220227
626,0.22573902568850052,0.26117841319371754,0.513082561117782
627,0.0651653286590081,0.21764009219040656,0.7171945791505853
628,0.09319342332504166,0.27860943065599914,0.6281971460189593
629,0.3953971715089748,0.13004607777789057,0.47455675071313463
630,0.2876709371761873,0.18812441511091396,0.5242046477128987
631,0.3023674188695155,0.12328845913837887,0.5743441219921056
632,0.3540393769115991,0.09559257344399946,0.5503680496444014
633,0.2552727576536058,0.09510442779044781,0.6496228145559464
634,0.18440501570031304,0.24194238937875873,0.5736525949209282
635,0.4147530314309834,0.1785648694221593,0.4066820991468573
636,0.15703399049129033,0.2240321658758948,0.6189338436328148
637,0.3677261163977132,0.07324420723305379,0.5590296763692331
638,0.41163486270858435,0.1232278053258324,0.46513733196558327
639,0.20333638617968572,0.27937246214541406,0.5172911516749001
640,0.9616239401265594,0.00015589874250059786,0.038220161130940025
641,0.11926092513327365,0.3111246413567218,0.5696144335100045
642,0.35119703112655276,0.29674708657035015,0.3520558823030972
