,proba_0,proba_1,proba_2
0,0.18544039703905438,0.14645609965927986,0.6681035033016658
1,0.22672516779312113,0.09635560264415696,0.6769192295627219
2,0.9999222911848789,2.905114371135907e-05,4.865767140986243e-05
3,0.34648062585165534,0.2592164433175113,0.39430293083083323
4,0.25805421312870147,0.17431029819503677,0.5676354886762618
5,0.027501659956573745,0.14031835258631636,0.83217998745711
6,0.025540260149457896,0.32692808261371803,0.6475316572368239
7,0.4421706253920763,0.17526857821355762,0.3825607963943661
8,0.3278101470649697,0.04517361681212823,0.627016236122902
9,0.008734358661779316,0.13460857040173313,0.8566570709364876
10,0.20243712444844922,0.43242738314083246,0.3651354924107183
11,0.5842477568254689,0.021817798536531804,0.3939344446379992
12,0.49226177180468533,0.32200748435154425,0.18573074384377036
13,0.17126147339094447,0.17369325726227694,0.6550452693467786
14,0.0337988007666347,0.1547290054088657,0.8114721938244995
15,0.13989201604459506,0.3397722724992606,0.5203357114561442
16,0.6001169195658022,0.11882264643797324,0.2810604339962246
17,0.42602463917379907,0.10665278587167469,0.4673225749545262
18,0.5699965576944078,0.1396533574809849,0.2903500848246072
19,0.29583475776895357,0.05040495058635292,0.6537602916446935
20,0.188056514798793,0.4140775415979873,0.3978659436032196
21,0.046235482534197764,0.3629762071467144,0.5907883103190877
22,0.3036910121105548,0.1607085245672413,0.5356004633222039
23,0.04611404164063836,0.13523687499046547,0.8186490833688962
24,0.17245078530702104,0.19667491412189292,0.6308743005710861
25,0.35422529271190467,0.25190099409786887,0.3938737131902265
26,0.06500322342931909,0.2889838554126439,0.6460129211580371
27,0.9993255723607626,0.0005819325025662398,9.24951366711227e-05
28,0.5814665555293761,0.14675876513373137,0.27177467933689253
29,0.9999981819447883,1.8132976359015178e-06,4.757575889467748e-09
30,0.1763103969960861,0.24044280088285166,0.5832468021210622
31,0.16295728233299164,0.3857754516056612,0.45126726606134715
32,0.13490049004156146,0.21141894239897988,0.6536805675594587
33,0.5218474703650225,0.023356786984887336,0.45479574265009026
34,0.06405643175831267,0.11746793516234218,0.8184756330793451
35,0.27653089378128454,0.06325887375931233,0.660210232459403
36,0.6750754013649524,0.1578505204588698,0.16707407817617786
37,0.8890156367142615,0.0428510812941513,0.06813328199158718
38,0.33251263613635834,0.28783812670284237,0.3796492371607991
39,0.009995245981158387,0.24064469148415185,0.7493600625346897
40,0.35216269256464877,0.27402801446278585,0.37380929297256527
41,0.02688925592195115,0.09386742168518888,0.8792433223928598
42,0.03556189695120167,0.17314397686075159,0.7912941261880467
43,0.20919036963259058,0.18007487467440023,0.6107347556930092
44,0.14455645634680714,0.15803558443316404,0.6974079592200289
45,0.03058667654485159,0.1825044759968597,0.7869088474582887
46,0.01771926160026537,0.08178729822981502,0.9004934401699196
47,0.010394264402231157,0.2907766978363997,0.6988290377613691
48,0.046376269758308435,0.3021618793045572,0.6514618509371344
49,0.410018052384334,0.03970033449351628,0.5502816131221498
50,0.04456418234238988,0.37799912537901176,0.5774366922785983
51,0.17291955221273397,0.27447407432494997,0.5526063734623161
52,0.5585642428722313,0.1338082321377288,0.30762752499004004
53,0.9999970594507956,2.938472609884804e-06,2.0765944974081457e-09
54,0.06857915020018288,0.11189692471091016,0.8195239250889068
55,0.007266673029112572,0.1508440888901628,0.8418892380807246
56,0.3331268089789718,0.031227385682529592,0.6356458053384986
57,0.3262997913884632,0.05084561098110681,0.6228545976304298
58,0.28173386353720953,0.2942270632172161,0.4240390732455745
59,0.18729161754594825,0.15950726906415072,0.6532011133899011
60,0.3877078335171607,0.10017911427604594,0.5121130522067934
61,0.5598842231586955,0.07050979305732295,0.36960598378398163
62,0.09878305649504356,0.14169813159649686,0.7595188119084596
63,0.12897371628170226,0.26138536892987463,0.6096409147884231
64,0.17652209413024914,0.34412305177752495,0.4793548540922259
65,0.1003015068357107,0.3345496817784045,0.5651488113858848
66,0.1422849602036813,0.278196385229595,0.5795186545667237
67,0.11867044898407421,0.10643387501826986,0.7748956759976559
68,0.09095447453009974,0.4218798028446626,0.4871657226252378
69,0.19199814965155115,0.10281471881180931,0.7051871315366397
70,0.7075723435458016,0.032424561778677606,0.2600030946755209
71,0.10681595094257072,0.35773508784902036,0.535448961208409
72,0.19316318300296637,0.10134194791445972,0.7054948690825739
73,0.3872531749863748,0.4535611032356069,0.15918572177801824
74,0.01954937634093522,0.43807132584750025,0.5423792978115646
75,0.9999669288456502,3.307111158245669e-05,4.276728992606128e-11
76,0.34812712895446457,0.04261636167427971,0.6092565093712558
77,0.13629983200646792,0.26468677429383364,0.5990133936996984
78,0.0286100406431359,0.14947968652702837,0.8219102728298356
79,0.8728302287119394,0.03744872029026449,0.08972105099779619
80,0.11150128761121353,0.15137433808502176,0.7371243743037648
81,0.1458952715588588,0.0752250932845831,0.778879635156558
82,0.9999977199931654,2.2768601867963947e-06,3.1466477242673212e-09
83,0.04981034864686433,0.3386506283236742,0.6115390230294615
84,0.08437294841367736,0.2913012708165572,0.6243257807697654
85,0.17231319823196808,0.39445742939092626,0.43322937237710557
86,0.9999731739994843,2.6825979135828014e-05,2.137981502721865e-11
87,0.28445827655609635,0.18546069586548888,0.5300810275784148
88,0.1213509532644808,0.061230164254852185,0.817418882480667
89,0.38372841835845317,0.29674087209195615,0.31953070954959073
90,0.15438097461973474,0.2710740844369385,0.5745449409433269
91,0.23771175119194016,0.12485646433530086,0.637431784472759
92,0.17848628483880916,0.3347924778728352,0.48672123728835565
93,0.22087752712217032,0.07238325013879436,0.7067392227390354
94,0.21010041023238754,0.25085054532326634,0.5390490444443461
95,0.24053876217056294,0.1722519431790411,0.5872092946503958
96,0.6523465916373133,0.08640221522683382,0.261251193135853
97,0.1747274872832207,0.23456335550972707,0.5907091572070523
98,0.33290664057400665,0.18589458185754745,0.48119877756844587
99,0.19132498542086213,0.1565339015352294,0.6521411130439085
100,0.007552744646112276,0.1727697581522454,0.8196774972016424
101,0.025058650235066954,0.3021455763088888,0.6727957734560444
102,0.3206255781051652,0.05200858354540739,0.6273658383494274
103,0.04223861653991055,0.3493898299836461,0.6083715534764433
104,0.07572459718905515,0.2095942909528512,0.7146811118580937
105,0.09586185005054572,0.39725371502106205,0.5068844349283922
106,0.2661088801555363,0.2534308244784454,0.48046029536601825
107,0.0526805839574249,0.30084883060254836,0.6464705854400267
108,0.25878135550815745,0.16049422321956067,0.5807244212722817
109,0.032800178570146866,0.1215799521973087,0.8456198692325445
110,0.3196739811612241,0.19674023054091744,0.48358578829785853
111,0.1375258808245181,0.05431742869119643,0.8081566904842855
112,0.020904673882794506,0.2813292651244103,0.6977660609927953
113,0.014847398776901104,0.12075126943259927,0.8644013317904996
114,0.4436683135045371,0.1588229149449858,0.397508771550477
115,0.03976898583454773,0.10778752503195027,0.852443489133502
116,0.14488484060851617,0.38867119654053195,0.4664439628509519
117,0.05888572108862722,0.16924812874818684,0.7718661501631858
118,0.10464541389468623,0.1281857043639465,0.7671688817413672
119,0.03335264981816945,0.32100463652393746,0.6456427136578932
120,0.07921623358618896,0.12080103808365897,0.799982728330152
121,0.005111425816171853,0.20969548937040264,0.7851930848134254
122,0.05479971321166977,0.13237052476402822,0.812829762024302
123,0.2031432096184553,0.36039627634429766,0.4364605140372471
124,0.0816992643907813,0.17521449941002,0.7430862361991987
125,0.0655177509892677,0.10922951653255575,0.8252527324781765
126,0.1567796048736127,0.2182073395872435,0.6250130555391439
127,0.10443631522030351,0.11152672980561006,0.7840369549740863
128,0.35154308491314723,0.4664424736285124,0.1820144414583404
129,0.15066490410686198,0.2298311629173055,0.6195039329758325
130,0.3974735571462631,0.19463362559379696,0.40789281725994003
131,0.03805003131066552,0.17184073562582577,0.7901092330635087
132,0.1666089521865512,0.1400814613453854,0.6933095864680634
133,0.9963757967158341,0.003512025025583993,0.00011217825858195807
134,0.35147550506169006,0.022871920316301836,0.6256525746220082
135,0.3187364584700896,0.23744763642140565,0.4438159051085048
136,0.11872867720456153,0.2658704248771641,0.6154008979182745
137,0.551823065554644,0.02319765058515279,0.42497928386020334
138,0.13023586774475132,0.11998408180652588,0.7497800504487228
139,0.3178202715469221,0.3193958953444756,0.36278383310860246
140,0.0874763947797611,0.10174655042883521,0.8107770547914037
141,0.38516616267779696,0.33563354913120724,0.27920028819099585
142,0.2642226379028548,0.4753785662360805,0.2603987958610646
143,0.15262323120843813,0.20856948777024562,0.6388072810213162
144,0.43801417845165586,0.16752868519317776,0.3944571363551663
145,0.01755034630291225,0.20131602012907868,0.781133633568009
146,0.03172680027828052,0.11059371939849522,0.8576794803232243
147,0.1298550350286358,0.11765649811746995,0.7524884668538943
148,0.6609654167672607,0.20701986671354464,0.13201471651919475
149,0.11340058058434253,0.17161823425944922,0.7149811851562083
150,0.12569432722189944,0.4238855325869023,0.4504201401911983
151,0.1686542554461791,0.11910756791203597,0.7122381766417849
152,0.5312755057674894,0.3577278788809589,0.11099661535155173
153,0.36078148001556115,0.10642033334571935,0.5327981866387195
154,0.10597876160652293,0.5012237403087352,0.39279749808474196
155,0.20586229233920725,0.1281250634825111,0.6660126441782815
156,0.2407850610417377,0.4589424898547659,0.3002724491034963
157,0.25617700303702046,0.1957347227069167,0.5480882742560629
158,0.012393019853433015,0.2811657135419144,0.7064412666046527
159,0.07603316752226184,0.17958713731821307,0.7443796951595252
160,0.33509349108295045,0.19523857147250887,0.4696679374445408
161,0.20458898022199978,0.24804442582783337,0.5473665939501668
162,0.08856850763305113,0.3962432590164333,0.5151882333505157
163,0.24733699031259718,0.3199846663873964,0.4326783433000064
164,0.2202217752832172,0.18873552576954067,0.591042698947242
165,0.05223308086567691,0.1602113351906519,0.7875555839436712
166,0.1124595034903501,0.19917076287297647,0.6883697336366733
167,0.12245755657065281,0.2537537399372386,0.6237887034921085
168,0.1166770006820796,0.491863585765693,0.3914594135522274
169,0.13813879495630807,0.24295536286032435,0.6189058421833676
170,0.14101232190939592,0.0773256603297411,0.781662017760863
171,0.09450979089945546,0.29315010987051726,0.6123400992300272
172,0.3130323462978695,0.2058651010846821,0.48110255261744833
173,0.07713614767710252,0.11242902125784077,0.8104348310650566
174,0.0678457102155913,0.12355819165353328,0.8085960981308754
175,0.12293548183530006,0.23737590883127063,0.6396886093334293
176,0.3573439342801067,0.5182966037371668,0.12435946198272659
177,0.4644316416788106,0.05161231994667553,0.4839560383745139
178,0.2317675241395107,0.08190754554941039,0.686324930311079
179,0.21937368075643746,0.05341193009848975,0.7272143891450729
180,0.12193819672427834,0.1265145204187193,0.7515472828570023
181,0.05000326244887734,0.23973231531519942,0.7102644222359233
182,0.050886792266701106,0.17712574955905586,0.7719874581742431
183,0.17432736664321655,0.42664164913027314,0.39903098422651034
184,0.5070897433759036,0.040722492286351344,0.45218776433774494
185,0.21501037164751316,0.030189963575375713,0.7547996647771111
186,0.32338623319570614,0.3313360246883522,0.34527774211594175
187,0.2808230467665859,0.06567946611744488,0.6534974871159691
188,0.25628587793593766,0.07132585684564086,0.6723882652184215
189,0.08759404738758936,0.07597936746396892,0.8364265851484417
190,0.09013523816670885,0.1320367681164386,0.7778279937168526
191,0.06386129042674887,0.11340108818579056,0.8227376213874606
192,0.2889806542533747,0.18903725159324147,0.5219820941533839
193,0.21087629291353205,0.19964250845909046,0.5894811986273776
194,0.10998927180952209,0.46508368059275196,0.4249270475977259
195,0.17904817478778753,0.3276924059622122,0.4932594192500003
196,0.6000352408402635,0.019989973994237242,0.3799747851654993
197,0.025590703062928526,0.4734886402835529,0.5009206566535185
198,0.12483105266508268,0.1456854275773487,0.7294835197575686
199,0.018509844752958807,0.3219123211567167,0.6595778340903244
200,0.08905961622995742,0.1972966203005913,0.7136437634694512
201,0.3909484387775036,0.06543053204225734,0.543621029180239
202,0.03355269433978998,0.3162795077085127,0.6501677979516974
203,0.6494669889971881,0.1626502494978629,0.187882761504949
204,0.2792435119663479,0.3966482022549986,0.32410828577865364
205,0.2004697774552176,0.2610883320829668,0.5384418904618156
206,0.3830465152881806,0.20397001718144991,0.41298346753036946
207,0.2568002145146791,0.23178193814283382,0.5114178473424872
208,0.13006892515742144,0.33368817054972366,0.5362429042928549
209,0.9999854097162361,1.4539431164217964e-05,5.0852599625159867e-08
210,0.021124122228066047,0.19788532998044314,0.7809905477914908
211,0.14317387729825226,0.2747761655914314,0.5820499571103164
212,0.3025986349379879,0.37937495299134505,0.318026412070667
213,0.7113150999751895,0.15998402472347031,0.12870087530134014
214,0.2926674042325865,0.21905602678969394,0.4882765689777194
215,0.15041460668281031,0.2734273526343376,0.576158040682852
216,0.638445828477848,0.21238703184212207,0.14916713968002987
217,0.12974356261485828,0.3780240448974225,0.4922323924877192
218,0.02597082355453594,0.2808254487224629,0.6932037277230012
219,0.22504016214362074,0.10892901392937228,0.666030823927007
220,0.10671744800606967,0.4548438558021174,0.4384386961918129
221,0.19518484498612054,0.41826072685754334,0.38655442815633617
222,0.7408580815019601,0.07325397980310135,0.1858879386949386
223,0.21244141315320542,0.17430806260239937,0.6132505242443952
224,0.16354578728412786,0.2718127016534974,0.5646415110623747
225,0.15598965998821357,0.15510244326245234,0.6889078967493341
226,0.14354909444178213,0.503719783519111,0.35273112203910695
227,0.09847503741681739,0.19524255844254715,0.7062824041406354
228,0.1467661925707199,0.18164720421529715,0.671586603213983
229,0.043440445285259525,0.288494516127339,0.6680650385874013
230,0.8638566615288347,0.03575344777523168,0.1003898906959335
231,0.10168906182294181,0.2396066802344168,0.6587042579426413
232,0.12841850673764915,0.22829170981766927,0.6432897834446816
233,0.15197243259178536,0.29309454149015884,0.5549330259180558
234,0.7317916041537872,0.1376772238525889,0.13053117199362388
235,0.03219818979318096,0.5179284692698536,0.4498733409369653
236,0.2528427176370137,0.42975710915068777,0.31740017321229863
237,0.37835359195869894,0.05613996356640734,0.5655064444748937
238,0.05164745368316088,0.21772219167828252,0.7306303546385565
239,0.16775051891538273,0.2065667791177584,0.625682701966859
240,0.24507898426068064,0.28571084344792685,0.4692101722913925
241,0.13238265680469455,0.15681734997150806,0.7107999932237973
242,0.44505079323489605,0.19110505888571072,0.3638441478793932
243,0.12151591954852776,0.14187157672259493,0.7366125037288772
244,0.2086205630880344,0.21734147220744823,0.5740379647045174
245,0.013259917502660387,0.31752777847276425,0.6692123040245754
246,0.3043496471767447,0.2099956335189442,0.4856547193043112
247,0.32781676254447806,0.2902973996437273,0.3818858378117948
248,0.36324126995112926,0.1087969687486575,0.5279617613002132
249,0.25493992561078715,0.2388975657094606,0.5061625086797523
250,0.3462256885821156,0.13048995809530084,0.5232843533225835
251,0.07437070067649022,0.3885831827057652,0.5370461166177446
252,0.3587768933132663,0.27756744418767637,0.3636556624990573
253,0.29579125073957047,0.3824281193335444,0.3217806299268851
254,0.09404948128401823,0.22535967162137965,0.680590847094602
255,0.2628889445667045,0.28677708229651794,0.45033397313677753
256,0.14515637879614918,0.05027062923416718,0.8045729919696837
257,0.07950074887966548,0.35672030250225484,0.5637789486180796
258,0.1626406925988319,0.15984758009250083,0.6775117273086673
259,0.21980616589939622,0.28267948125412884,0.497514352846475
260,0.21124868462681623,0.04312100144964714,0.7456303139235367
261,0.5096457777528537,0.04377913673329077,0.44657508551385555
262,0.025828587786263457,0.11181798117782915,0.8623534310359074
263,0.12317880559208635,0.21190178481424565,0.6649194095936679
264,0.19120919824694743,0.24306848659158903,0.5657223151614637
265,0.14448557968215955,0.2534974116847133,0.602017008633127
266,0.06222306369897904,0.09835939860692133,0.8394175376940995
267,0.4839026108946834,0.21649804840972386,0.29959934069559274
268,0.11684290751324414,0.2641930805559323,0.6189640119308236
269,0.22952768713158778,0.11864497283488597,0.6518273400335263
270,0.16975897067163626,0.14006596593481363,0.6901750633935502
271,0.019233492856446488,0.2676696179592352,0.7130968891843183
272,0.20203833831774937,0.19646386834069005,0.6014977933415606
273,0.100256607226716,0.24740176394216998,0.652341628831114
274,0.03794330382902352,0.2534409269985842,0.7086157691723921
275,0.07185237096724029,0.1995079182933095,0.7286397107394502
276,0.6300557944997243,0.16797352045441263,0.2019706850458631
277,0.18106455731451143,0.3338312950587865,0.4851041476267021
278,0.2858021728639521,0.2523798254245119,0.46181800171153586
279,0.9999986597541629,1.3342574139952695e-06,5.988423017464569e-09
280,0.3231710499116555,0.27967151992724354,0.39715743016110094
281,0.743162116535352,0.14727930210250156,0.10955858136214632
282,0.0635988275711397,0.3360905856730403,0.60031058675582
283,0.499927079132176,0.24272245153262914,0.25735046933519506
284,0.1257764294016117,0.2332343466938339,0.6409892239045545
285,0.3370954615799866,0.04957666804498793,0.6133278703750255
286,0.11149334974501063,0.18703330769903032,0.7014733425559591
287,0.11589968916496755,0.17216449198258232,0.7119358188524502
288,0.4443449982823992,0.16494251639556515,0.39071248532203573
289,0.02058586228604556,0.3169581649865002,0.6624559727274544
290,0.3685076995213651,0.04573772107864481,0.5857545793999901
291,0.17938956187628563,0.04797201469895189,0.7726384234247625
292,0.01853257302259899,0.12575546315933303,0.8557119638180679
293,0.015593763791098322,0.05605355318671841,0.9283526830221833
294,0.12613147441092842,0.17457271729254065,0.6992958082965309
295,0.16436301419622826,0.4826099768333679,0.3530270089704038
296,0.2195268180611847,0.45770512339862823,0.3227680585401871
297,0.14865058406276083,0.4007352375233693,0.4506141784138698
298,0.07160421799308564,0.11319588696366083,0.8151998950432535
299,0.028555041279389008,0.36667015300392686,0.6047748057166842
300,0.26232615898863954,0.1624512720292428,0.5752225689821178
301,0.1401023654038203,0.2904116927600953,0.5694859418360845
302,0.3944967767268769,0.38492453489687856,0.22057868837624464
303,0.19585327817246356,0.09076801157281243,0.713378710254724
304,0.292712273291699,0.12626757230491095,0.58102015440339
305,0.10256806037838155,0.20596460823653,0.6914673313850884
306,0.16340602587820052,0.12272187231301757,0.7138721018087819
307,0.21763172158788707,0.01714866478606712,0.7652196136260457
308,0.017395231563433568,0.22494450789282674,0.7576602605437397
309,0.11157074548909363,0.3135107660564423,0.5749184884544641
310,0.49492055153148834,0.02581875201197963,0.4792606964565321
311,0.10731975529969302,0.22625506205747845,0.6664251826428287
312,0.6913350327180262,0.12510460384798694,0.1835603634339868
313,0.171937890624397,0.25759455480691246,0.5704675545686905
314,0.19595459379069954,0.34662138789968594,0.45742401830961443
315,0.028897508785901357,0.074821977187043,0.8962805140270557
316,0.05699512065430355,0.21686046834867634,0.7261444109970201
317,0.11560415011965706,0.2909880630133352,0.5934077868670076
318,0.06285578784764378,0.11014439849795594,0.8269998136544002
319,0.2633780360461447,0.06948896185750475,0.6671330020963506
320,0.02969762770358608,0.08108365699706986,0.889218715299344
321,0.06988398355728895,0.3322927828047128,0.5978232336379983
322,0.062390947168903615,0.23454843905192763,0.7030606137791687
323,0.21967494270626753,0.34102385490574266,0.4393012023879898
324,0.15804243606989485,0.31692187956353624,0.5250356843665689
325,0.4046702238776522,0.04233514645136408,0.5529946296709837
326,0.030497966902035985,0.16362025041276113,0.8058817826852028
327,0.09099619098898594,0.12607668634833727,0.7829271226626768
328,0.038508691068026464,0.17618106330599756,0.785310245625976
329,0.2660417210593473,0.09506157904710205,0.6388966998935506
330,0.2421947748987544,0.2827038297623932,0.4751013953388525
331,0.10991625729122577,0.3948683039361557,0.49521543877261853
332,0.9245625818422768,0.030729927615444845,0.044707490542278246
333,0.5979295415386906,0.04564050808083953,0.3564299503804699
334,0.025491213986134523,0.18609078555814315,0.7884180004557223
335,0.5000460778994901,0.38986100302834636,0.11009291907216351
336,0.11695607031735311,0.4037355834468032,0.47930834623584356
337,0.022214918405771403,0.08575223837695484,0.8920328432172737
338,0.0969731595593857,0.20912858366397974,0.6938982567766345
339,0.3123953230904677,0.3180954426932892,0.36950923421624315
340,0.20762710908268647,0.24983392908648094,0.5425389618308325
341,0.07325832482428934,0.20813182789342466,0.7186098472822859
342,0.4339824343576945,0.026449438047229185,0.5395681275950763
343,0.06914288067544949,0.1616626785479185,0.769194440776632
344,0.3190840571507003,0.2590895439189912,0.4218263989303085
345,0.31770528919217106,0.08238868758243287,0.5999060232253961
346,0.09858962332582458,0.26199616544883286,0.6394142112253426
347,0.3947185242355884,0.1617742325735529,0.4435072431908587
348,0.11146622582064597,0.15290152681243813,0.7356322473669159
349,0.1008543468091682,0.21964450211270845,0.6795011510781234
350,0.08331387151938222,0.543919847432445,0.3727662810481727
351,0.07199818791987203,0.14135992327398866,0.7866418888061393
352,0.23149254329345267,0.09969647919684808,0.6688109775096992
353,0.044262007631721244,0.25440095309037847,0.7013370392779003
354,0.04843501413407022,0.07549988628167056,0.8760650995842592
355,0.10750078803824319,0.3191832439550235,0.5733159680067333
356,0.030459860293487316,0.0792648388978783,0.8902753008086344
357,0.12822516603397663,0.09730690779470652,0.7744679261713169
358,0.024730865292872165,0.4040568162691853,0.5712123184379425
359,0.10009299475047824,0.5372648572812684,0.3626421479682533
360,0.28246447452243645,0.34065857785834863,0.3768769476192149
361,0.15584133304960193,0.22726627318986653,0.6168923937605315
362,0.12547091360091017,0.11787093582254035,0.7566581505765495
363,0.018418138320737975,0.3539790224575615,0.6276028392217005
364,0.3444187798752119,0.3851636549335802,0.27041756519120785
365,0.3567555436119429,0.06464689967309516,0.5785975567149618
366,0.038654920963872526,0.07717985159202137,0.8841652274441061
367,0.03323934476421026,0.33528206790131987,0.6314785873344699
368,0.24301939355775742,0.13112763828228644,0.6258529681599561
369,0.5279876948851246,0.06486332337665968,0.4071489817382157
370,0.6032679067623204,0.032629873990021256,0.36410221924765834
371,0.21160419895532168,0.16467374701828366,0.6237220540263946
372,0.5306258621588124,0.06989219098257653,0.3994819468586113
373,0.04304479127663292,0.2599414507089205,0.6970137580144464
374,0.2985698433006774,0.4717174348051229,0.22971272189419964
375,0.0820314122924588,0.07715751650804764,0.8408110711994936
376,0.10640282294537282,0.0491382634916045,0.8444589135630227
377,0.1939873324126771,0.2192920966560462,0.5867205709312767
378,0.7021890053701595,0.15856859436899842,0.13924240026084211
379,0.5197796383196367,0.05554342708198015,0.42467693459838307
380,0.3585176516712137,0.22613764038632142,0.41534470794246486
381,0.029926055285184244,0.0815218201478352,0.8885521245669806
382,0.01716203365628587,0.12762548614298827,0.8552124802007258
383,0.2397024712721051,0.3022222877468221,0.45807524098107283
384,0.3658412195434299,0.25921700392157376,0.37494177653499633
385,0.20316349360864727,0.05039524858620333,0.7464412578051494
386,0.9584646953464594,0.022598047673785714,0.018937256979755047
387,0.14718490925543498,0.18688023048825936,0.6659348602563058
388,0.3077178378028217,0.04562230470639614,0.6466598574907821
389,0.02787344840611379,0.07034824936196339,0.9017783022319229
390,0.028465962321133104,0.2785383071012831,0.6929957305775838
391,0.5830971877080133,0.03375567845576451,0.38314713383622223
392,0.9999955368192015,4.462001525107199e-06,1.1792734791546208e-09
393,0.02756728215694507,0.2750195781773492,0.6974131396657057
394,0.30872349126725296,0.0476558735580844,0.6436206351746627
395,0.027198964321731862,0.5015869624298006,0.4712140732484675
396,0.11906131800130947,0.42120350217255065,0.45973517982613993
397,0.1636256198418652,0.15840761230105332,0.6779667678570815
398,0.020193728577122077,0.28615030831545146,0.6936559631074265
399,0.07494287978319648,0.26581274370038604,0.6592443765164174
400,0.1178871307597651,0.22661145561576335,0.6555014136244716
401,0.16184399356793894,0.04354532986094069,0.7946106765711204
402,0.16721848603516531,0.13981694371577116,0.6929645702490634
403,0.15869031582135024,0.15393340619995985,0.6873762779786899
404,0.1360180862135464,0.3384328738361912,0.5255490399502625
405,0.5249053038320205,0.026871086781140783,0.4482236093868387
406,0.1273255995971875,0.10584383255053487,0.7668305678522777
407,0.050310751442184436,0.20826177815932115,0.7414274703984944
408,0.09272244693806045,0.22723427454870035,0.6800432785132392
409,0.43161115338680317,0.12190164616649447,0.4464872004467023
410,0.1714003812727374,0.17169689221926598,0.6569027265079966
411,0.020456389765700304,0.25725453761725303,0.7222890726170466
412,0.9279873133623975,0.02231406077211099,0.049698625865491494
413,0.5507514175501537,0.09877282442080988,0.35047575802903647
414,0.2619021297385754,0.11375477911118809,0.6243430911502365
415,0.44984865762202125,0.21814905192634845,0.3320022904516302
416,0.08465322842283499,0.09508874749977979,0.8202580240773852
417,0.24301747735791465,0.07352876438687347,0.6834537582552118
418,0.3134366590894857,0.16276059789541208,0.5238027430151022
419,0.011462509779246038,0.419760620423228,0.568776869797526
420,0.496811732045335,0.06553695939482863,0.43765130855983647
421,0.47580756937280844,0.10302626753173945,0.4211661630954521
422,0.6392964507286306,0.08088149618308309,0.2798220530882864
423,0.08090292603870891,0.16422621370023896,0.7548708602610521
424,0.15224042306934676,0.4526759117011158,0.39508366522953736
425,0.007080107385557447,0.15553410332416662,0.837385789290276
426,0.10864867623574105,0.3734032402022437,0.5179480835620153
427,0.032353755030210776,0.16527506340504908,0.8023711815647402
428,0.11486253026873919,0.5130023224448808,0.3721351472863801
429,0.1742551647720747,0.33195342466384675,0.4937914105640786
430,0.21895511641398885,0.15646517468850207,0.6245797088975091
431,0.3744061316311982,0.22502013846881708,0.40057372989998474
432,0.16704746592253794,0.20708275338553606,0.6258697806919261
433,0.18072443942015035,0.35169526528515505,0.46758029529469464
434,0.026097103046724027,0.26270482950085905,0.7111980674524169
435,0.17970292748406558,0.443574407096103,0.37672266541983135
436,0.06215945197798619,0.20455589902294707,0.7332846489990668
437,0.4413616841951757,0.13944249550663937,0.41919582029818503
438,0.006910011289253491,0.14642164680340086,0.8466683419073457
439,0.17016173884771837,0.10146139829895516,0.7283768628533265
440,0.08967895548666319,0.31254567083638013,0.5977753736769567
441,0.038965286566314206,0.2001535363827376,0.760881177050948
442,0.002634287986255044,0.20276448031626343,0.7946012316974816
443,0.21291845655368163,0.24313560547046495,0.5439459379758534
444,0.07929927012770777,0.2121877643254726,0.7085129655468196
445,0.015571364716980996,0.3517812315645323,0.6326474037184868
446,0.28096478733330243,0.31402327051240164,0.40501194215429587
447,0.41555580263729985,0.17143746651444447,0.41300673084825573
448,0.29305022943283526,0.09407924959285592,0.6128705209743087
449,0.23643090633417607,0.09987367917615451,0.6636954144896694
450,0.4197973801810966,0.046555819684345266,0.533646800134558
451,0.0129721627267751,0.46218294325912873,0.5248448940140961
452,0.019817237096766135,0.35992950618551034,0.6202532567177234
453,0.13243639912577637,0.4309112064970941,0.4366523943771296
454,0.11249966931325482,0.3451572626793432,0.5423430680074021
455,0.5957247378767555,0.02011392682081779,0.3841613353024267
456,0.13748808569287246,0.14660415623126027,0.7159077580758673
457,0.5235888390497094,0.03434016770046054,0.44207099324983007
458,0.05523403278401986,0.21117439803951488,0.7335915691764653
459,0.2979366313317611,0.1968174257733659,0.505245942894873
460,0.3814582523966977,0.09885328438790618,0.5196884632153962
461,0.09530646269514437,0.32861395193667625,0.5760795853681793
462,0.4695095946238313,0.04147055570095824,0.4890198496752105
463,0.15347297643845723,0.2886745962698288,0.5578524272917139
464,0.1332045163567745,0.1298565162591378,0.7369389673840877
465,0.18064754650653772,0.049964663429426084,0.7693877900640362
466,0.008465490313913375,0.3606254951410302,0.6309090145450564
467,0.22079233608893595,0.07327044442216098,0.7059372194889031
468,0.23111290930565648,0.22996869763034425,0.5389183930639994
469,0.43909790635208784,0.18269323430027726,0.3782088593476349
470,0.9983573063167351,0.0015290941086865927,0.0001135995745783007
471,0.4443112246144366,0.36925816175427495,0.1864306136312884
472,0.0679250129296812,0.1521332539547852,0.7799417331155337
473,0.9387195754782005,0.020997180905273114,0.04028324361652647
474,0.45476030957090946,0.1676801526264816,0.37755953780260887
475,0.19190603498794181,0.28487459996698855,0.5232193650450696
476,0.5487930057933077,0.017742675976129725,0.4334643182305626
477,0.15578313495478258,0.12068374017927365,0.7235331248659437
478,0.12165519863306413,0.5354498904673383,0.34289491089959767
479,0.31553510853812455,0.23622513402323073,0.4482397574386447
480,0.08731926556005665,0.14208719537863237,0.770593539061311
481,0.09164986734123763,0.21768380288973618,0.6906663297690261
482,0.22699471938177493,0.32776375977282507,0.44524152084540003
483,0.17251038942231278,0.1163507705703188,0.7111388400073684
484,0.13045667114803536,0.19228704499584054,0.677256283856124
485,0.23432575448751225,0.2694216315236679,0.4962526139888198
486,0.03061626403631613,0.32694219188266527,0.6424415440810185
487,0.03786482644783828,0.3021744100659597,0.6599607634862021
488,0.21200999061424028,0.5489690452226254,0.23902096416313431
489,0.269903130407415,0.18148363530323042,0.5486132342893547
490,0.01719607586384926,0.33747684766805996,0.6453270764680908
491,0.09053254396362007,0.321005869726932,0.588461586309448
492,0.007898365802900785,0.3966842284662784,0.5954174057308209
493,0.06565779038958398,0.14463851604450562,0.7897036935659104
494,0.138051049026553,0.3885134065529568,0.4734355444204902
495,0.07933877466460805,0.519361291483152,0.4012999338522398
496,0.12101519316468273,0.23111955970438808,0.6478652471309292
497,0.9986422272648842,0.00046426422789013595,0.0008935085072258442
498,0.30087057030546654,0.2681180907418991,0.43101133895263427
499,0.20271362208148405,0.11238135225019628,0.6849050256683197
500,0.02022130821538573,0.37703626222808895,0.6027424295565253
501,0.2621269531441856,0.08514906648679882,0.6527239803690156
502,0.470002467381291,0.27146987034635595,0.25852766227235324
503,0.23937707031537772,0.2327612271309339,0.5278617025536884
504,0.11642227174752179,0.13769637010687652,0.7458813581456017
505,0.9989876836678122,0.0009179854744404642,9.433085774733498e-05
506,0.10057266270721703,0.22799860250365037,0.6714287347891326
507,0.24399451212570536,0.2704395296169301,0.48556595825736454
508,0.18003577843810348,0.09294352912076898,0.7270206924411274
509,0.98940114737972,0.010359557024069675,0.00023929559621032898
510,0.14715008041732724,0.4131051643919776,0.4397447551906951
511,0.17994255384433305,0.34321650848588525,0.47684093766978164
512,0.08055963325228051,0.49957718052274264,0.4198631862249768
513,0.08842418639635151,0.1047451110701675,0.806830702533481
514,0.32728938649976674,0.16191297527805523,0.5107976382221779
515,0.12320793789237137,0.4980411820187093,0.3787508800889193
516,0.4121130091204367,0.22605265362427565,0.3618343372552876
517,0.0672697185255463,0.3265066961422242,0.6062235853322296
518,0.259608214164668,0.3468683536503637,0.39352343218496844
519,0.1988619457052556,0.15982366396550787,0.6413143903292365
520,0.32764999812469037,0.09567637687538039,0.5766736249999291
521,0.3160131629924402,0.2918631054425144,0.3921237315650454
522,0.4548881728649428,0.03574741875267493,0.5093644083823823
523,0.8438655932497572,0.030153113810096922,0.1259812929401459
524,0.3066630332073155,0.28053847626783357,0.41279849052485085
525,0.0712244919932999,0.1714118627620216,0.7573636452446786
526,0.1312808416702026,0.12364720549177136,0.7450719528380261
527,0.02566928443175553,0.08782367264350695,0.8865070429247375
528,0.17227341761650428,0.08348798841324725,0.7442385939702486
529,0.24383674627362975,0.06118994497110904,0.6949733087552612
530,0.23322951627695823,0.16837855085888437,0.5983919328641573
531,0.06802018573638574,0.15331105475921275,0.7786687595044015
532,0.017193037013263548,0.2529547979892125,0.729852164997524
533,0.31777529340411,0.3219102024026345,0.36031450419325556
534,0.29315001171105365,0.05542835155168867,0.6514216367372576
535,0.11983243346944597,0.10270084254212791,0.7774667239884261
536,0.15611406319892154,0.17313344726847343,0.670752489532605
537,0.025623739021151715,0.4243267557223608,0.5500495052564877
538,0.6485883729197404,0.08413571393296504,0.2672759131472947
539,0.28892097331945343,0.20083901108882787,0.5102400155917185
540,0.20166407241830325,0.4077425080668263,0.3905934195148704
541,0.21208784634073638,0.2971766034562786,0.4907355502029851
542,0.6195937301237378,0.22143424844041157,0.15897202143585068
543,0.34436985233317446,0.04239016538797365,0.6132399822788518
544,0.43588887893308376,0.280578957499658,0.28353216356725836
545,0.5359641169342259,0.33911582250135147,0.12492006056442273
546,0.5297539298809232,0.20688665621390756,0.26335941390516937
547,0.47709717476192465,0.04887188841886684,0.47403093681920855
548,0.15298521062138223,0.47080626321842267,0.37620852616019507
549,0.013568426946397878,0.05967946610809492,0.9267521069455072
550,0.3496059692291304,0.05578390524217229,0.5946101255286973
551,0.08362743082405241,0.3437392619892241,0.5726333071867235
552,0.27439424856096334,0.3754898075590561,0.35011594387998063
553,0.1927903585691944,0.20606997881475553,0.6011396626160501
554,0.03451870206725091,0.33709255082472356,0.6283887471080255
555,0.008888340316520131,0.31478379286943964,0.6763278668140401
556,0.4580477793451878,0.18628639624474064,0.3556658244100715
557,0.8304616271071443,0.02422477614517705,0.14531359674767858
558,0.5333808414540528,0.22650716548099303,0.240111993064954
559,0.007280887187720706,0.29908587251095464,0.6936332403013248
560,0.08145710673294872,0.2107635895071921,0.7077793037598592
561,0.07115743522944325,0.10788915699202835,0.8209534077785284
562,0.25610691670752705,0.1812373372483811,0.5626557460440919
563,0.2687946120717354,0.25770333231904474,0.47350205560921993
564,0.39367496081295567,0.08484001045042146,0.5214850287366228
565,0.9991447976010989,0.0006192694122281505,0.0002359329866728591
566,0.0921704259067324,0.2536843762344198,0.6541451978588477
567,0.362583630765902,0.03856786548694435,0.5988485037471537
568,0.018727419290163243,0.25215917772844754,0.7291134029813893
569,0.04315471944718233,0.34070547641597193,0.6161398041368457
570,0.22654733865485,0.34420454873366274,0.4292481126114874
571,0.034159611652224475,0.2528444892653312,0.7129958990824444
572,0.08920065483648994,0.3637718033115399,0.5470275418519702
573,0.0432853944784399,0.1424514457743933,0.8142631597471668
574,0.23598963849825022,0.35763186451029233,0.4063784969914574
575,0.08273268649007127,0.17076104683864463,0.7465062666712841
576,0.32779400939358594,0.06378932523385801,0.6084166653725561
577,0.18403697065265198,0.04356058008650408,0.772402449260844
578,0.3637360196399257,0.21593064486761918,0.42033333549245505
579,0.10569021493674806,0.5290619281942679,0.3652478568689841
580,0.021567269391755253,0.06507470009670473,0.91335803051154
581,0.055944110952107204,0.18836399803418535,0.7556918910137075
582,0.5320777522933393,0.2414935202183094,0.22642872748835138
583,0.6240208676516249,0.17244865041041196,0.20353048193796308
584,0.10529035277233059,0.14500991309472655,0.7496997341329429
585,0.16959764650710643,0.25830522043601256,0.572097133056881
586,0.14580757085572824,0.49588363045175554,0.3583087986925162
587,0.12873177496077584,0.31712866496908954,0.5541395600701345
588,0.04498430035393191,0.3070237788289155,0.6479919208171527
589,0.25906442847054156,0.3247166593806796,0.41621891214877876
590,0.10947073120172444,0.34493780988830264,0.5455914589099728
591,0.05526291501577286,0.2738727674470702,0.670864317537157
592,0.25957660293990914,0.17200104163206864,0.5684223554280221
593,0.17573888252817946,0.09683053118385464,0.7274305862879659
594,0.24151211838517492,0.3936927820755233,0.3647950995393018
595,0.1951350476209008,0.14871599787100817,0.6561489545080911
596,0.2958981670560955,0.20483277938897385,0.4992690535549308
597,0.3566188171096555,0.250643617768432,0.3927375651219125
598,0.121363198715954,0.25969799620695244,0.6189388050770936
599,0.40372157405570014,0.08932426212774236,0.5069541638165576
600,0.21739875512373177,0.1348190699090305,0.6477821749672377
601,0.13362167950204493,0.3441413774456361,0.5222369430523189
602,0.44741494490453426,0.10973701744256403,0.44284803765290176
603,0.0951460051868877,0.3646651057315012,0.5401888890816111
604,0.18409598388831255,0.234753502423556,0.5811505136881314
605,0.19579495329075414,0.1431925391339298,0.6610125075753162
606,0.15088825806491957,0.10099273840280175,0.7481190035322786
607,0.23421987048380682,0.20597305456692527,0.5598070749492678
608,0.08334296702635414,0.40607376357019603,0.5105832694034499
609,0.1640215872000981,0.42228402238508495,0.41369439041481687
610,0.05704371989003787,0.20119356760717894,0.7417627125027833
611,0.33441172666997104,0.4033098293489595,0.2622784439810695
612,0.023096049277045394,0.27321962352605167,0.703684327196903
613,0.10496155473343541,0.5180624104420068,0.37697603482455777
614,0.18259558689947578,0.3290261533603458,0.4883782597401784
615,0.25049484950439743,0.1781705790143607,0.5713345714812419
616,0.3389652985920537,0.16621885701483466,0.4948158443931117
617,0.20346194979559928,0.20734999387571754,0.5891880563286831
618,0.09878519557643146,0.3853927399225829,0.5158220645009857
619,0.037743251739833526,0.4068902759563268,0.5553664723038396
620,0.2483382038569093,0.47197209161982234,0.2796897045232683
621,0.03862393783294257,0.17960624752565996,0.7817698146413975
622,0.2548611681490657,0.2823199851880953,0.462818846662839
623,0.6239084285951936,0.17651977277419034,0.19957179863061605
624,0.2855456308884484,0.24521247103931748,0.4692418980722341
625,0.09073875529480288,0.11923075472296892,0.7900304899822282
626,0.2908270131298076,0.11394504358642457,0.5952279432837678
627,0.11115572878625228,0.21031774400852943,0.6785265272052183
628,0.021580241244791555,0.34411024281261515,0.6343095159425933
629,0.03814806767490555,0.12881980728994152,0.8330321250351529
630,0.6349138148273664,0.1736616558537883,0.19142452931884532
631,0.6802459347949135,0.20090061493583627,0.1188534502692503
632,0.19072679407515586,0.06341195721203523,0.745861248712809
633,0.49468577119998375,0.03580339002962426,0.4695108387703921
634,0.2143840949052744,0.34946981555039014,0.4361460895443355
635,0.4364807006289426,0.09907175254009552,0.4644475468309618
636,0.12031830152476732,0.2599034290949267,0.6197782693803059
637,0.1437168447492568,0.062062368711769136,0.7942207865389741
638,0.164931554334455,0.2959992173017027,0.5390692283638423
639,0.16727220655642572,0.22150990860314596,0.6112178848404284
