,proba_0,proba_1,proba_2
0,0.19566370148480575,0.2320533903465922,0.5722829081686021
1,0.22250592066910146,0.09237632734511045,0.6851177519857881
2,0.9850476589834278,0.0026148291881524168,0.01233751182841974
3,0.21745305917591248,0.24443021814150043,0.5381167226825871
4,0.20673907262120056,0.24094038073255036,0.5523205466462491
5,0.3718979383506462,0.1516494638910031,0.47645259775835064
6,0.12544086889175324,0.2912223965423261,0.5833367345659207
7,0.18064188743485654,0.2958204045476415,0.5235377080175021
8,0.33284981930055413,0.07960836060375628,0.5875418200956896
9,0.20879226086926836,0.1401569397943168,0.6510507993364147
10,0.21039108067542306,0.29719807394139125,0.4924108453831856
11,0.2786185818292356,0.0946835927357724,0.626697825434992
12,0.3350450978408897,0.13950182756003554,0.5254530745990748
13,0.14995092874593433,0.15210130031483704,0.6979477709392286
14,0.20514768909370948,0.13984284936755978,0.6550094615387307
15,0.10254733871142734,0.22912723337669322,0.6683254279118794
16,0.16724192746271685,0.17096182459743095,0.6617962479398521
17,0.3460073292396069,0.12045977520545954,0.5335328955549336
18,0.2239181787649795,0.12371414242020772,0.6523676788148128
19,0.28660594330654826,0.157124311103614,0.5562697455898378
20,0.2168541027600316,0.28275129917584985,0.5003945980641188
21,0.2098502892046144,0.2768284333389571,0.5133212774564285
22,0.17440199416492702,0.1958894721192417,0.6297085337158311
23,0.18437947028410345,0.20356153917683925,0.6120589905390573
24,0.19880174556785574,0.14570799613670893,0.6554902582954353
25,0.1987300699365287,0.2878643294728024,0.5134056005906689
26,0.08061218044641297,0.2983131759017604,0.6210746436518266
27,0.9391513510230948,0.006289237690603263,0.05455941128630178
28,0.26243674927972743,0.14921921764612572,0.5883440330741468
29,0.9779858311692091,0.00020724002598850654,0.02180692880480248
30,0.26405283187253464,0.22260496731289486,0.5133422008145705
31,0.248701484697058,0.28912356819912716,0.4621749471038148
32,0.24445644828607063,0.1629522288157665,0.5925913228981629
33,0.21837340519395285,0.10729039526440136,0.6743361995416458
34,0.11999800101472698,0.17643225997805376,0.7035697390072192
35,0.36782424128245383,0.05918408316311355,0.5729916755544325
36,0.21297120232589248,0.14551856299455676,0.6415102346795507
37,0.5479947620524994,0.09009870778319641,0.36190653016430424
38,0.19307475599698204,0.2841771308849868,0.522748113118031
39,0.07114393225537348,0.20550337560645332,0.7233526921381733
40,0.1361770377675321,0.21939639055287247,0.6444265716795955
41,0.22281920863333174,0.11464818678726363,0.6625326045794045
42,0.1503514422050423,0.2866921742062647,0.562956383588693
43,0.1797234873270857,0.13533451293826862,0.6849419997346458
44,0.20284177966298794,0.2267358279801117,0.5704223923569004
45,0.2557255726435162,0.16814291103207937,0.5761315163244044
46,0.30102256893742796,0.11471309479745888,0.5842643362651132
47,0.12338608001655092,0.2767563636193922,0.5998575563640569
48,0.07562123000990865,0.2920268473539117,0.6323519226361797
49,0.31687030953153184,0.09705577760202254,0.5860739128664456
50,0.08939574861097443,0.22422037955983634,0.6863838718291891
51,0.10773109536351459,0.24239646326512118,0.6498724413713644
52,0.19472818835982847,0.16319233691512122,0.6420794747250503
53,0.9760491041368752,0.0002543341939485384,0.023696561669176247
54,0.2957780182015942,0.17352892331803607,0.5306930584803696
55,0.13396818864444907,0.15277937498075708,0.7132524363747939
56,0.3489471047897874,0.09092022838592272,0.5601326668242899
57,0.19170540236394046,0.13432312316722425,0.6739714744688353
58,0.362965193501528,0.11624857035187251,0.5207862361465995
59,0.27598914880553915,0.19901889968378966,0.5249919515106712
60,0.2040499350134818,0.23874416687039962,0.5572058981161186
61,0.44063696767052263,0.09509126975708126,0.464271762572396
62,0.22820690702517835,0.11089108123594035,0.6609020117388813
63,0.19848569144572137,0.28271580460054524,0.5187985039537334
64,0.14480679340541242,0.2988966448620992,0.5562965617324884
65,0.1322037089119472,0.2806717911277222,0.5871244999603307
66,0.27296257855486367,0.21783380244521236,0.509203618999924
67,0.16082027396478538,0.16247423388603682,0.6767054921491777
68,0.29891536546279035,0.23409384455972734,0.46699078997748233
69,0.28903253247604693,0.161800329507538,0.549167138016415
70,0.41951493820932073,0.09907909438024312,0.4814059674104361
71,0.18085413375053683,0.25068844086526604,0.5684574253841971
72,0.28113031147143347,0.09451039955147393,0.6243592889770927
73,0.20722149334980947,0.27849435830904623,0.5142841483411443
74,0.24131593925489972,0.2706850901647419,0.48799897058035846
75,0.9830006450915355,0.0015409788145139165,0.015458376093950727
76,0.4001149256355332,0.11778698059962729,0.48209809376483964
77,0.24223028788265363,0.2117192973015864,0.54605041481576
78,0.18701815692063234,0.18150342813741702,0.6314784149419507
79,0.47249454144178,0.06356190017147716,0.4639435583867429
80,0.26581495857083554,0.17871560063187059,0.5554694407972939
81,0.21136089715359435,0.14813624558135902,0.6405028572650466
82,0.976736215637524,0.00022302788357121377,0.023040756478904932
83,0.1468948314741589,0.2987519338806377,0.5543532346452034
84,0.21843075511458748,0.24534436715654195,0.5362248777288706
85,0.21762698332504954,0.2818003271072351,0.5005726895677154
86,0.9810904971252472,0.0007777021756554188,0.0181318006990973
87,0.21019144863595213,0.2621877051158479,0.5276208462482
88,0.3130098634470614,0.154719039232659,0.5322710973202796
89,0.14612523397880814,0.19815686413266737,0.6557179018885246
90,0.10841187651070251,0.24062711622409091,0.6509610072652067
91,0.38166402415183415,0.10296192382211244,0.5153740520260535
92,0.2469023843346919,0.28071582512854726,0.4723817905367608
93,0.1906698304719026,0.1582816594288565,0.6510485100992409
94,0.12966220327083194,0.30494252097257235,0.5653952757565956
95,0.13644110216558974,0.2992159611612544,0.5643429366731559
96,0.28735163104393113,0.19087985167836885,0.5217685172777
97,0.27358532858484175,0.21495198989467304,0.5114626815204851
98,0.23976953108878973,0.22204875816627517,0.5381817107449351
99,0.3407396066371246,0.19282527033172714,0.4664351230311482
100,0.02589202999030312,0.31685633915750766,0.6572516308521893
101,0.23016568757766961,0.23945422909663475,0.5303800833256955
102,0.29313974224517464,0.0722172281263264,0.6346430296284991
103,0.2699384831820834,0.2240875073431533,0.5059740094747633
104,0.17824962777864403,0.14776491088345506,0.6739854613379009
105,0.15111338652721887,0.2484866646952745,0.6003999487775066
106,0.22020782347778467,0.23094029540921213,0.5488518811130032
107,0.20768606335813844,0.25029400609859803,0.5420199305432635
108,0.1918700431182615,0.25367643221111763,0.5544535246706209
109,0.0896110840477625,0.22997652163118543,0.680412394321052
110,0.23390490098936545,0.2837367501906798,0.4823583488199547
111,0.2763166145489,0.178683683841649,0.544999701609451
112,0.14597397565553527,0.26947549084436057,0.5845505335001042
113,0.2639298009295792,0.1372390774346686,0.5988311216357524
114,0.27323600462873504,0.190025488718945,0.53673850665232
115,0.18425909342817698,0.24665675950412924,0.5690841470676937
116,0.24827631970869332,0.27227782981912846,0.47944585047217825
117,0.22227653225596455,0.18575543952846288,0.5919680282155726
118,0.19194922154019886,0.17430485893984846,0.6337459195199526
119,0.18090850511470474,0.25703652261630255,0.5620549722689927
120,0.19383682105638142,0.12611906942657744,0.6800441095170412
121,0.08851321414872033,0.22158101494919716,0.6899057709020825
122,0.201053789747137,0.13055254861036028,0.6683936616425027
123,0.266609764267006,0.2708883443549131,0.4625018913780808
124,0.32052839403175465,0.14741770194493967,0.5320539040233057
125,0.20763239961815,0.1589915029170297,0.6333760974648204
126,0.14233862423905938,0.2598309624971164,0.5978304132638241
127,0.25902850054711757,0.1817612937364495,0.559210205716433
128,0.20828952614675367,0.28194298800594914,0.5097674858472971
129,0.15454381723827776,0.2736631632444358,0.5717930195172866
130,0.2700180113041562,0.27721731848167214,0.4527646702141717
131,0.35741883402690805,0.14131289257593174,0.5012682733971602
132,0.3760021212949746,0.15562416901033307,0.4683737096946924
133,0.8424431542744268,0.016189779869791983,0.1413670658557812
134,0.4431288624248727,0.04605336473147464,0.5108177728436527
135,0.0999513651724125,0.20704585467661782,0.6930027801509697
136,0.23666099966962933,0.21260038151463845,0.5507386188157322
137,0.27957532270442664,0.07006222550968262,0.6503624517858907
138,0.308627473204674,0.15979654120881048,0.5315759855865155
139,0.09820886546074345,0.3408727479337154,0.5609183866055412
140,0.24446964129131613,0.17749275947862003,0.5780375992300638
141,0.18722731605444062,0.17888607512811433,0.6338866088174451
142,0.23239766091655994,0.27937290848713936,0.4882294305963008
143,0.35473567689025814,0.1567271139846957,0.48853720912504617
144,0.27672144017301636,0.19391127702987787,0.5293672827971058
145,0.11195351655598905,0.19042390710812324,0.6976225763358878
146,0.38211595232347073,0.1065701947472349,0.5113138529292942
147,0.3709195325872386,0.14675290698522087,0.48232756042754044
148,0.16951827371045913,0.21195908754366197,0.6185226387458791
149,0.21173972460725757,0.21622394936245093,0.5720363260302915
150,0.11314578127314968,0.2984116796023418,0.5884425391245085
151,0.23003552257432452,0.2187124587278582,0.5512520186978173
152,0.23348656549354072,0.24713068649169542,0.5193827480147638
153,0.23743004173280838,0.22393082636357023,0.5386391319036214
154,0.11256091644038106,0.31905014613689237,0.5683889374227267
155,0.2340848674234741,0.1178800013575841,0.6480351312189417
156,0.17078710526012278,0.32268050618446414,0.506532388555413
157,0.37854997529378404,0.17585186316236334,0.4455981615438527
158,0.11126964383295247,0.3171361131651041,0.5715942430019435
159,0.21278862651147173,0.17084419343237495,0.6163671800561533
160,0.254701240643013,0.21454188512918707,0.5307568742277999
161,0.36323281622521875,0.15932361065432557,0.47744357312045577
162,0.07973006170000108,0.33310313049046286,0.587166807809536
163,0.15657049191551722,0.30217388796297967,0.5412556201215031
164,0.40579017978414306,0.15661575063315855,0.4375940695826983
165,0.22942770456788478,0.17727399002442681,0.5932983054076885
166,0.13973655441887267,0.298189009682554,0.5620744358985734
167,0.1179747358321888,0.1887077286009706,0.6933175355668406
168,0.32244407563241045,0.23326408433076623,0.44429184003682337
169,0.13312142367266977,0.25340126364787213,0.613477312679458
170,0.2862594455696611,0.08295027531366278,0.6307902791166762
171,0.13706567813064172,0.1808075113905558,0.6821268104788025
172,0.21122509101945766,0.17855409340625716,0.6102208155742852
173,0.1775771615764786,0.1322264883857912,0.6901963500377302
174,0.26460211427603203,0.171271920754703,0.564125964969265
175,0.2655078071016031,0.2306805270101885,0.5038116658882084
176,0.10583187456451405,0.20920372157062667,0.6849644038648592
177,0.2735034035359115,0.17930857883667012,0.5471880176274183
178,0.32498008754992735,0.12950149330810456,0.5455184191419681
179,0.342943149585767,0.06125401239563876,0.5958028380185942
180,0.16246337752904555,0.17881228081766923,0.6587243416532853
181,0.15378956078339434,0.2534073516561511,0.5928030875604545
182,0.19530230137269222,0.13710732937980688,0.6675903692475009
183,0.26630137512494867,0.2822180549888815,0.4514805698861699
184,0.16645267474033287,0.29485885527799777,0.5386884699816694
185,0.3246917807025472,0.08463047070392764,0.5906777485935252
186,0.38825851690937785,0.17243077173251375,0.43931071135810845
187,0.17563767706296465,0.11986292176358267,0.7044994011734527
188,0.17422757284120705,0.12983664239318843,0.6959357847656046
189,0.2632199867742729,0.10706559953686247,0.6297144136888646
190,0.20191109592439682,0.12695606927226305,0.6711328348033402
191,0.20661509097078803,0.1580420529013149,0.6353428561278971
192,0.19984275034250792,0.1966856911722928,0.6034715584851993
193,0.22135606172466343,0.21478744391674057,0.5638564943585961
194,0.27920921284575545,0.24401527080234847,0.4767755163518961
195,0.15262544322046048,0.22298040604466382,0.6243941507348758
196,0.23991636222633378,0.09938297152041253,0.6607006662532537
197,0.07614609985829988,0.22326129581793427,0.7005926043237658
198,0.4010419138242529,0.127726959715188,0.4712311264605591
199,0.10636526391532651,0.31835079744617917,0.5752839386384943
200,0.14066770315317367,0.25659271693211116,0.6027395799147152
201,0.13453261570570837,0.1474305514793709,0.7180368328149208
202,0.192913321950191,0.25931354162115816,0.5477731364286508
203,0.4758884366441061,0.0828608416401906,0.4412507217157033
204,0.23114232755796263,0.2833272422037513,0.48553043023828596
205,0.15582475458325332,0.23930872736883188,0.6048665180479148
206,0.19768437259861768,0.2992490892230392,0.5030665381783429
207,0.2736149264433182,0.19876152160690416,0.5276235519497776
208,0.16812423045612723,0.28702432507427356,0.5448514444695991
209,0.9850666063286871,0.0014384334011029976,0.01349496027020981
210,0.11686310100936965,0.18496279944140193,0.6981740995492285
211,0.11748205477959152,0.19128434919918916,0.6912335960212194
212,0.24948964040431226,0.2664338915773885,0.4840764680182993
213,0.4585860391960065,0.09154932366338929,0.44986463714060426
214,0.2429192228388239,0.2808115529167209,0.47626922424445517
215,0.2390538889253598,0.21511320910015366,0.5458329019744865
216,0.1480913735652963,0.17983032588064898,0.6720783005540547
217,0.1354648636108636,0.18147143822522926,0.6830636981639071
218,0.1179492116288397,0.2840018366042381,0.5980489517669221
219,0.2299801432236008,0.2333139986438229,0.5367058581325763
220,0.13479214871234768,0.30423050449426503,0.5609773467933874
221,0.20969863209579273,0.29932916079640476,0.4909722071078026
222,0.4327322378748154,0.07887589858741764,0.4883918635377671
223,0.22263956473355867,0.23515203522320124,0.5422084000432402
224,0.24469066623677405,0.21258479542508937,0.5427245383381365
225,0.25142490829705977,0.2177874936051645,0.5307875980977756
226,0.1804725182048813,0.26559194090399685,0.5539355408911218
227,0.08185255424992313,0.1940541174791938,0.724093328270883
228,0.2743901601738554,0.20492666479454283,0.5206831750316017
229,0.21939888654206652,0.23036560973807346,0.55023550371986
230,0.4967786753642074,0.0507315547482394,0.45248976988755335
231,0.3435576225852501,0.15942336117354364,0.4970190162412064
232,0.12342777234629755,0.18582500132181207,0.6907472263318902
233,0.2144949864001797,0.16336641885322592,0.6221385947465943
234,0.2686520046784566,0.13268206146584557,0.5986659338556979
235,0.07665623849003766,0.3145100024195712,0.6088337590903911
236,0.16797156343325748,0.32409152586261236,0.5079369107041302
237,0.32874033882092724,0.07076387523712006,0.6004957859419529
238,0.11358462200861182,0.19521924177288708,0.6911961362185012
239,0.13644979307221736,0.27628338587488965,0.587266821052893
240,0.2980161356639283,0.1633008933787176,0.5386829709573541
241,0.23886146738290046,0.18801299370090047,0.5731255389161991
242,0.26517638897310897,0.22375521414888588,0.5110683968780052
243,0.21313564153630382,0.1793854262282995,0.6074789322353966
244,0.13527974891799638,0.30332615157185505,0.5613940995101487
245,0.19330323584473227,0.27354062571876603,0.5331561384365017
246,0.22199920794311662,0.24141441501654942,0.536586377040334
247,0.18695949943639348,0.2844830350416783,0.5285574655219282
248,0.3724369838327411,0.07124738403774071,0.5563156321295182
249,0.29291845762298674,0.16527489642634605,0.5418066459506672
250,0.3391964187348,0.1193427006130681,0.5414608806521319
251,0.29488330695824555,0.2381604754345925,0.4669562176071619
252,0.35757779344131635,0.18441948097045346,0.4580027255882302
253,0.18034221848680412,0.3161129559502802,0.5035448255629156
254,0.4539442981042556,0.11169116668129722,0.4343645352144473
255,0.23086146878843902,0.2761060840331993,0.49303244717836164
256,0.3976238487775358,0.06905858690707367,0.5333175643153905
257,0.11221483855786815,0.1976950025664115,0.6900901588757204
258,0.2615272308702773,0.11989641330237816,0.6185763558273446
259,0.15451157287931522,0.27390715363797064,0.5715812734827141
260,0.2293315833579271,0.17812177256871245,0.5925466440733603
261,0.15934177148409162,0.30320971471351266,0.5374485138023958
262,0.27823368499305,0.13354992083759265,0.5882163941693573
263,0.3445847751062982,0.16052335198328047,0.49489187291042125
264,0.1269340143811908,0.2991155206781115,0.5739504649406977
265,0.19309231412479455,0.25797537592767683,0.5489323099475285
266,0.29246581086109713,0.17859373169592827,0.5289404574429746
267,0.32306892905548085,0.18859958960414389,0.48833148134037524
268,0.4624685372562905,0.10226217290038227,0.43526928984332713
269,0.1777931754933713,0.2605946080893645,0.5616122164172641
270,0.2727402048539264,0.1953220995019954,0.5319376956440782
271,0.13362920412611223,0.2575377787059912,0.6088330171678964
272,0.27777625955000856,0.21003285029509935,0.512190890154892
273,0.12743334543070567,0.19396921512504306,0.6785974394442513
274,0.11577739532935548,0.2133372795443761,0.6708853251262685
275,0.24006202433346752,0.13813593089293688,0.6218020447735957
276,0.22813285172201908,0.15879690921924802,0.6130702390587329
277,0.10469919024655375,0.34737456730835037,0.5479262424450958
278,0.10893987459698641,0.2526374349298098,0.6384226904732038
279,0.9778070206201986,0.0002596833581709357,0.0219332960216305
280,0.43998321066279006,0.15500033123334275,0.4050164581038672
281,0.4772043484105119,0.09362198237314288,0.42917366921634537
282,0.11565463146612613,0.31371046468835856,0.5706349038455154
283,0.12126116221810761,0.18976227117049466,0.6889765666113977
284,0.41655141488481684,0.10294526598747925,0.48050331912770394
285,0.28801876881806365,0.07748927787571182,0.6344919533062245
286,0.14773799233107715,0.18762857863426502,0.6646334290346578
287,0.18907699295371297,0.27354269534222025,0.5373803117040667
288,0.2753379333671499,0.19104084060801751,0.5336212260248326
289,0.17927168757693293,0.2669298170058907,0.5537984954171763
290,0.18928661320796286,0.12600340903147303,0.6847099777605641
291,0.29547576628967287,0.08127581009666524,0.623248423613662
292,0.16203319950480305,0.12687463305806346,0.7110921674371334
293,0.18781188340291052,0.1215785608969336,0.6906095557001558
294,0.2979552659930509,0.14960516105032207,0.552439572956627
295,0.2879811074398091,0.25730153814575113,0.4547173544144397
296,0.21547221030809502,0.2912917050323976,0.4932360846595074
297,0.2586547350268139,0.28236548370848086,0.4589797812647052
298,0.13225906799001816,0.16222728981812368,0.7055136421918582
299,0.20901658958578975,0.27328035135601353,0.5177030590581967
300,0.24672217106522207,0.22058790676033524,0.5326899221744427
301,0.48207751785231423,0.0954162069115103,0.42250627523617557
302,0.1650298823237689,0.18181437526602973,0.6531557424102014
303,0.27331723363316535,0.11794780093582763,0.608734965431007
304,0.21250786192263946,0.24535670865522982,0.5421354294221307
305,0.3130552407056118,0.11317471142727326,0.5737700478671148
306,0.21117399419445534,0.11485625747305328,0.6739697483324913
307,0.3649428273629701,0.14915762640424712,0.48589954623278264
308,0.12814888919312728,0.32467180264075335,0.5471793081661193
309,0.25290144176234614,0.2536864992042162,0.4934120590334376
310,0.24421884863332272,0.10860265695035173,0.6471784944163255
311,0.2902439824851429,0.201980293760574,0.507775723754283
312,0.30009372080619534,0.12464171541812905,0.5752645637756756
313,0.11262299633463166,0.18984690286759645,0.6975301007977719
314,0.1984361040164757,0.2802932644932485,0.5212706314902759
315,0.17675943883367717,0.11701021926486234,0.7062303419014605
316,0.16033866293922,0.26839236055910065,0.5712689765016793
317,0.16871901886198187,0.2045827329899291,0.6266982481480892
318,0.21957903245872784,0.14814247159379068,0.6322784959474815
319,0.15776119572943725,0.12327920809329046,0.7189595961772723
320,0.33534873483689037,0.12455527027754308,0.5400959948855665
321,0.11765602553442653,0.19411078600556056,0.6882331884600128
322,0.12906365580562498,0.2570153470245197,0.6139209971698553
323,0.11428344866277387,0.3452340747924699,0.5404824765447561
324,0.20428118137968565,0.2902626202454658,0.5054561983748487
325,0.32920651276516644,0.06708201942673306,0.6037114678081004
326,0.09098146203445329,0.28535968296599645,0.6236588549995502
327,0.2454077558197033,0.14697327874491628,0.6076189654353803
328,0.1803459192772377,0.28938296013542225,0.53027112058734
329,0.15160864444558106,0.16581644310075425,0.6825749124536648
330,0.0929749110585923,0.24480526824355298,0.6622198206978548
331,0.29025578468585667,0.2282266880673966,0.4815175272467467
332,0.5518797803158056,0.06267183640395346,0.38544838328024095
333,0.2483759041770128,0.1061702920845407,0.6454538037384464
334,0.16926575508136604,0.29568995917550744,0.5350442857431266
335,0.2144929503973459,0.25975729338970344,0.5257497562129507
336,0.08406874255006377,0.21168261118191398,0.7042486462680224
337,0.2343913630917632,0.1690203651302452,0.5965882717779916
338,0.1493853762610705,0.2238048847116601,0.6268097390272693
339,0.2083154543475107,0.2939566292211663,0.49772791643132297
340,0.3363156989878129,0.13947630628026106,0.524207994731926
341,0.3353912232212146,0.15395478546123048,0.5106539913175548
342,0.4619642823144811,0.08705482805351634,0.45098088963200256
343,0.21063118136054995,0.24047284951144227,0.5488959691280079
344,0.10822138164273466,0.24930030453785873,0.6424783138194065
345,0.41095680902264065,0.05542120181329312,0.5336219891640661
346,0.15591401244591951,0.1611491231422532,0.6829368644118272
347,0.3055522667038521,0.24478966928156165,0.4496580640145863
348,0.2572450517969918,0.18385516421621234,0.5588997839867959
349,0.28752222787501647,0.19889835257129854,0.5135794195536849
350,0.17744364908426563,0.2820140851181896,0.5405422657975447
351,0.3655766023085992,0.14500020084871856,0.48942319684268226
352,0.1773945748103509,0.10914826723807843,0.7134571579515707
353,0.10244447939783813,0.3073516543851979,0.590203866216964
354,0.38562459655027076,0.09502300612335257,0.5193523973263767
355,0.14651776015207515,0.3078678807782914,0.5456143590696333
356,0.4066140027693926,0.137677108620316,0.4557088886102914
357,0.24042971007078653,0.1962286998275952,0.5633415901016183
358,0.12531511329297296,0.3207909729197877,0.5538939137872394
359,0.0578043331866747,0.34628972359532606,0.5959059432179992
360,0.15580849642000896,0.3268989479568918,0.5172925556230991
361,0.4380182290880797,0.11417139258263977,0.44781037832928067
362,0.25875852609471434,0.18729798612736576,0.5539434877779198
363,0.22499068581342757,0.25028541578918234,0.5247238983973901
364,0.25032882703923104,0.26793419915992095,0.48173697380084796
365,0.2496651574484273,0.20179404525521885,0.5485407972963537
366,0.28689694256518083,0.11878951004459254,0.5943135473902267
367,0.12356317688524933,0.2963101414217409,0.5801266816930097
368,0.1966320929615498,0.22616314769890286,0.5772047593395473
369,0.1721780773904009,0.2798138940515088,0.5480080285580904
370,0.277269123373956,0.08104732776245677,0.6416835488635872
371,0.27262640219763695,0.19340965853834527,0.5339639392640178
372,0.41834718199648285,0.13489030721550407,0.44676251078801305
373,0.09517501248816539,0.3460892926513193,0.5587356948605152
374,0.24727037705234742,0.2702858338552918,0.4824437890923608
375,0.19186095032813152,0.1739872524043453,0.6341517972675232
376,0.29429148550347517,0.16680997570265912,0.5388985387938656
377,0.21697971607685643,0.1519590095782172,0.6310612743449263
378,0.22317113887078338,0.1419354314907769,0.6348934296384398
379,0.16630721427557937,0.2925777635064867,0.541115022217934
380,0.22673819662706307,0.17450338316318526,0.5987584202097517
381,0.24034643548094103,0.11204539148271933,0.6476081730363396
382,0.13228538082546445,0.18018559947238005,0.6875290197021555
383,0.163078074590606,0.2802146098083836,0.5567073156010104
384,0.3813566710511811,0.18299500753749434,0.4356483214113246
385,0.24987177351758105,0.0824822883789275,0.6676459381034915
386,0.5812608657958394,0.09949032912856332,0.31924880507559744
387,0.23198616506732267,0.1603523638071926,0.6076614711254847
388,0.32724012579320993,0.07027096910287271,0.6024889051039174
389,0.17954503338900363,0.12588398876681547,0.694570977844181
390,0.12190252495879292,0.17669686795911446,0.7014006070820926
391,0.1792374101056833,0.2644420462290169,0.5563205436652998
392,0.9763483121667176,0.00030538453750063847,0.023346303295781738
393,0.10980585055504727,0.2815352852273077,0.608658864217645
394,0.30676114821025524,0.07206115092575345,0.6211777008639914
395,0.07699608203956936,0.22262242890034015,0.7003814890600905
396,0.07774667156266118,0.24673119241139913,0.6755221360259398
397,0.2539636089525991,0.13338061483670297,0.6126557762106979
398,0.11271413244317625,0.3178844739880307,0.5694013935687929
399,0.4138840226479532,0.13095556375259876,0.455160413599448
400,0.15644973157435807,0.27918339904191114,0.5643668693837308
401,0.23209478993900065,0.1486553895664017,0.6192498204945975
402,0.23844331433102464,0.15313489354474136,0.608421792124234
403,0.35808737898649484,0.1707300855346371,0.471182535478868
404,0.14972631035293807,0.2947520269148131,0.5555216627322488
405,0.2530670311156686,0.0794737302452043,0.667459238639127
406,0.15107128556014995,0.15074056315649428,0.6981881512833558
407,0.3106329641253752,0.16559740337826434,0.5237696324963603
408,0.25054981672888715,0.19314191971278313,0.5563082635583297
409,0.2672422604306638,0.18784276601495345,0.5449149735543827
410,0.12779412503094062,0.27922955735089283,0.5929763176181665
411,0.10624993545919106,0.2849401090322275,0.6088099555085813
412,0.27669156917748183,0.1529576446987992,0.5703507861237189
413,0.4962590653934083,0.0778195771890232,0.4259213574175685
414,0.35793465822011933,0.11121850553172444,0.5308468362481561
415,0.4135504257287166,0.16609074336533833,0.420358830905945
416,0.36433204816037196,0.10970680981316426,0.5259611420264638
417,0.1949240053758988,0.16626702649052869,0.6388089681335726
418,0.2803658664766141,0.11599337538451356,0.6036407581388723
419,0.12939102922379475,0.2914377966097241,0.5791711741664812
420,0.45349483146843006,0.047042699667646966,0.4994624688639229
421,0.17551905852802704,0.26910322089282823,0.5553777205791447
422,0.28761982245829826,0.19462184704896035,0.5177583304927414
423,0.25706397980854,0.16918816701649353,0.5737478531749665
424,0.25699167064763806,0.28722752087582165,0.45578080847654034
425,0.12470427799792816,0.16258363020230696,0.7127120917997648
426,0.1376957167164632,0.21174175563599004,0.6505625276475467
427,0.19436424378017028,0.1637860543383538,0.6418497018814759
428,0.31424925736463083,0.23958849550873823,0.44616224712663094
429,0.39544861810153736,0.11225426789829546,0.4922971140001673
430,0.31668446212096835,0.124541327588732,0.5587742102902996
431,0.4286102218999983,0.15464953881318577,0.4167402392868158
432,0.3579356198743904,0.1555074006295925,0.48655697949601706
433,0.20950717853047074,0.29557283841299953,0.49491998305652973
434,0.12282429263992313,0.3159167515306134,0.5612589558294636
435,0.33162029030995643,0.21824904377969914,0.4501306659103444
436,0.199209933929765,0.2800814199772762,0.5207086460929589
437,0.33631032225902824,0.12500311332901526,0.5386865644119565
438,0.13904382555342143,0.1501538409277493,0.7108023335188293
439,0.23683511559204662,0.20792749302957242,0.555237391378381
440,0.094754403397091,0.3235113016547063,0.5817342949482027
441,0.2964154225774853,0.16354908451647263,0.540035492906042
442,0.08200628747520694,0.1936060667190715,0.7243876458057215
443,0.12299128836594844,0.24817268599506515,0.6288360256389863
444,0.3286184289758086,0.16585012141778618,0.5055314496064052
445,0.23057268303520917,0.23337121847545922,0.5360560984893316
446,0.08668305312054443,0.34990409596386707,0.5634128509155886
447,0.24751795044519992,0.23913879180133285,0.5133432577534672
448,0.2704078112637115,0.07921895147405326,0.6503732372622353
449,0.1742979784382503,0.12053990252807682,0.7051621190336729
450,0.2749728183100458,0.17363827823112227,0.551388903458832
451,0.20962504078328917,0.2860100816468586,0.5043648775698524
452,0.13900251060593313,0.32317867420313,0.5378188151909368
453,0.11469696070237452,0.20613516829729997,0.6791678710003256
454,0.16327128638401936,0.2050271351921773,0.6317015784238035
455,0.2608290774919907,0.09558989707465589,0.6435810254333534
456,0.1949723995078137,0.24406567255699244,0.5609619279351938
457,0.23625271854156965,0.11251546190610236,0.651231819552328
458,0.12860849605249497,0.16788973678760727,0.7035017671598978
459,0.4126160997461633,0.1526887766314689,0.4346951236223678
460,0.2191468966257972,0.15105084029098995,0.6298022630832129
461,0.13076396791214925,0.19415615340721176,0.6750798786806389
462,0.16428233168814244,0.11590152700612301,0.7198161413057346
463,0.1996134143099086,0.2979127741049747,0.5024738115851167
464,0.28237520051526416,0.21346332137671853,0.5041614781080174
465,0.3728718197657257,0.06941373147869477,0.5577144487555794
466,0.09536191401677398,0.32730949105889723,0.5773285949243288
467,0.24553321274913567,0.20495724821031217,0.5495095390405522
468,0.13092162395620086,0.30472721837526695,0.5643511576685322
469,0.2601996780374393,0.228713683971953,0.5110866379906077
470,0.8724091846918661,0.013712351157412447,0.11387846415072146
471,0.13175057699839565,0.2121518169331217,0.6560976060684827
472,0.15193269205498863,0.14639428644410107,0.7016730215009104
473,0.5720493912615143,0.0773443661424783,0.35060624259600737
474,0.18856976211256923,0.29357339826539025,0.5178568396220405
475,0.2356441763765238,0.24528108474779345,0.5190747388756828
476,0.4016700745576587,0.08169489311328237,0.516635032329059
477,0.2045205105761219,0.10501155714805363,0.6904679322758244
478,0.29281169711012545,0.25581487352181514,0.45137342936805935
479,0.16106125841142577,0.2369178841109315,0.6020208574776427
480,0.25590220327647695,0.16842924722885513,0.575668549494668
481,0.17770243224938823,0.2833893571013789,0.5389082106492329
482,0.21045586752501327,0.286562388957999,0.5029817435169878
483,0.18528406206056153,0.25155528010044653,0.5631606578389919
484,0.1966937514668492,0.19277129643367003,0.6105349520994808
485,0.288324498301041,0.1583653217509566,0.5533101799480024
486,0.12545484026230788,0.18533238941827948,0.6892127703194127
487,0.08970172620039635,0.2912695359515334,0.6190287378480704
488,0.1866372966478972,0.3148730675171016,0.4984896358350013
489,0.2884849879922263,0.20291528736089862,0.5085997246468751
490,0.1595266998062764,0.3040656944684231,0.5364076057253006
491,0.12922059246051376,0.2712905023430836,0.5994889051964025
492,0.07910187401085414,0.34127065278093727,0.5796274732082086
493,0.2210381507060885,0.20349869851167263,0.5754631507822389
494,0.25633505411245827,0.28165342299233564,0.46201152289520603
495,0.08983293422913698,0.2144496837839243,0.6957173819869388
496,0.12381951275496954,0.25029002014507806,0.6258904670999523
497,0.9483276676691532,0.004580589037730243,0.047091743293116495
498,0.2783224034302232,0.18445627084249236,0.5372213257272844
499,0.2764710780295191,0.12136870171517142,0.6021602202553095
500,0.25693174430100524,0.24313794711626263,0.49993030858273213
501,0.23619731033782448,0.0858963678029764,0.6779063218591991
502,0.24061948492919905,0.14938455231566392,0.6099959627551371
503,0.16723951708146137,0.17627969145740988,0.6564807914611287
504,0.1967366209822829,0.18411166880683608,0.6191517102108811
505,0.8955985787151978,0.010688773343922955,0.09371264794087934
506,0.17064681599969903,0.1819489432222304,0.6474042407780707
507,0.3744933271466275,0.16519105522799246,0.46031561762538004
508,0.28595213930232677,0.13835355161373727,0.5756943090839359
509,0.742953819606862,0.02340869832484126,0.23363748206829674
510,0.25193142860209194,0.28449966891780715,0.46356890248010085
511,0.17942830381921235,0.2850597080040708,0.5355119881767167
512,0.10994872140297236,0.3185792712448135,0.571472007352214
513,0.18168904180678722,0.1180111060080498,0.700299852185163
514,0.331317683638754,0.1515098346342069,0.5171724817270391
515,0.26385677179732697,0.2789724675686269,0.45717076063404605
516,0.4247034095014043,0.1596777460273454,0.4156188444712503
517,0.1687910113405355,0.2297622613423,0.6014467273171645
518,0.12868521126696184,0.1940843419931001,0.6772304467399382
519,0.3716449915770426,0.1716222858550401,0.4567327225679173
520,0.22307225652418308,0.2254225452439406,0.5515051982318764
521,0.20808481622452274,0.29667959162148283,0.49523559215399454
522,0.20901523258534338,0.1027483146939591,0.6882364527206976
523,0.4716930544680132,0.0637740998732688,0.46453284565871805
524,0.22584580796495599,0.27069288733838887,0.5034613046966552
525,0.12724086537519994,0.28734668083228443,0.5854124537925155
526,0.32065798786254224,0.15918566281308028,0.5201563493243775
527,0.18732172143684186,0.17206431768318844,0.6406139608799698
528,0.14794694573969255,0.2685095815710348,0.5835434726892726
529,0.24995910796259463,0.12512945221545574,0.6249114398219496
530,0.5151964329444233,0.10176309459306304,0.3830404724625136
531,0.14853873789217648,0.17940018770975946,0.6720610743980641
532,0.11871836980204906,0.278254214925648,0.603027415272303
533,0.204634621388331,0.22325147101198736,0.5721139075996817
534,0.2847525981819098,0.0859613258126751,0.6292860760054152
535,0.17267994166931977,0.1645626276218652,0.662757430708815
536,0.23815967514467082,0.15214923791387047,0.6096910869414587
537,0.09347613700078543,0.3073192215118687,0.5992046414873458
538,0.2885607056035673,0.1931680550562374,0.5182712393401954
539,0.19146804196209746,0.159434059538876,0.6490978984990265
540,0.27118099031760207,0.2785247539915024,0.45029425569089554
541,0.3587763227197034,0.1660083608937418,0.47521531638655473
542,0.3596135990118815,0.1315963168739994,0.5087900841141191
543,0.22087552462750998,0.08625051686217113,0.692873958510319
544,0.3512889267304453,0.13281232755866237,0.5158987457108923
545,0.24723812970682746,0.24494434990454123,0.5078175203886313
546,0.4153422715392695,0.10465555878627716,0.4800021696744533
547,0.2949947692668603,0.11403507430914826,0.5909701564239914
548,0.2415189081740283,0.2520247072773031,0.5064563845486687
549,0.17049883872955326,0.1318698470506051,0.6976313142198416
550,0.18076589164521445,0.10489077957703162,0.7143433287777539
551,0.1344984709588687,0.3011255803013862,0.5643759487397452
552,0.23876717511728923,0.2714538117808367,0.48977901310187405
553,0.27638412657867645,0.2118980090639002,0.5117178643574234
554,0.10449550293561788,0.26355529994343857,0.6319491971209434
555,0.09103022311519168,0.31488413120358694,0.5940856456812214
556,0.275133061392515,0.2811738137869683,0.4436931248205168
557,0.49394262300811353,0.05296687318974268,0.4530905038021438
558,0.4277945895156527,0.10332927947306964,0.4688761310112776
559,0.09836540779397117,0.31553864579059726,0.5860959464154316
560,0.38240286630055115,0.08229644830415903,0.5353006853952899
561,0.3478813606658233,0.09025082406500941,0.5618678152691673
562,0.3488815234918051,0.16499655880222627,0.4861219177059686
563,0.250124628908689,0.27844946251155966,0.4714259085797513
564,0.12484310820588633,0.25390018065472947,0.6212567111393842
565,0.9442809261099224,0.005138647208993525,0.050580426681083944
566,0.191559819970489,0.20039420362833607,0.608045976401175
567,0.3109838162790576,0.06420878882782098,0.6248073948931214
568,0.13810984788924735,0.2725214818867598,0.5893686702239928
569,0.12300369614293914,0.30002341272664584,0.5769728911304149
570,0.32918256157802517,0.12663732214977305,0.5441801162722018
571,0.1476121656615784,0.2604035954143422,0.5919842389240794
572,0.142204597833723,0.1775576748067474,0.6802377273595297
573,0.1950941770367247,0.14317133936367982,0.6617344835995955
574,0.1032195307613142,0.23367885852981862,0.6631016107088672
575,0.10732265888354042,0.2871010340045457,0.605576307111914
576,0.3445985519595889,0.06361508592286741,0.5917863621175438
577,0.27176840071083935,0.19690727730438498,0.5313243219847757
578,0.2159398375977438,0.25140039366342376,0.5326597687388325
579,0.1825528489293092,0.2791213286775597,0.5383258223931311
580,0.18191878129521935,0.12474382278343077,0.6933373959213498
581,0.09529458735185223,0.2064328697748907,0.6982725428732571
582,0.23212272098324283,0.2788502119370923,0.4890270670796648
583,0.26517125658265217,0.23717477579986318,0.4976539676174846
584,0.18622043302715713,0.14016725292531065,0.6736123140475322
585,0.2582710503920639,0.206076567009142,0.5356523825987941
586,0.23445700365326172,0.29585899008239014,0.46968400626434814
587,0.08597392157965635,0.3146573583177311,0.5993687201026126
588,0.084046789365929,0.2936538188302937,0.6222993918037774
589,0.12228002866403648,0.17733802158442133,0.7003819497515422
590,0.15634742289785747,0.28663792822679046,0.5570146488753521
591,0.14118515060197337,0.2653900350277684,0.5934248143702582
592,0.19587167683396992,0.20524260930838534,0.5988857138576448
593,0.29372561735297603,0.14939331616335824,0.5568810664836658
594,0.22195343081028276,0.2906643526948836,0.4873822164948336
595,0.1656494673072206,0.2575395015367528,0.5768110311560265
596,0.2229476770702037,0.2747715100129334,0.5022808129168629
597,0.3609100329844297,0.19165111900549256,0.4474388480100778
598,0.15388548815470554,0.26749340703219476,0.5786211048130998
599,0.14345951574478719,0.2568401627657001,0.5997003214895128
600,0.24234786327982144,0.2314480676941592,0.5262040690260195
601,0.21575491698594776,0.2794232460921147,0.5048218369219376
602,0.2836011090499044,0.1884125847402188,0.5279863062098767
603,0.1368361300710815,0.18882019949856862,0.6743436704303499
604,0.12618106645366053,0.29007441696220376,0.5837445165841356
605,0.24950429202429308,0.21942061310818525,0.5310750948675217
606,0.18617892486808155,0.19851999865791015,0.6153010764740083
607,0.2035253956633321,0.24126978985156394,0.555204814485104
608,0.0773152450748789,0.33627797342342525,0.5864067815016958
609,0.26401324754960315,0.2826513195656639,0.45333543288473305
610,0.23556182166936668,0.2314317260679279,0.5330064522627054
611,0.27885788223482166,0.24597839950008304,0.4751637182650953
612,0.16709867514154003,0.2582631093906911,0.5746382154677688
613,0.16363793298283472,0.28052745851093286,0.5558346085062325
614,0.22719302740618139,0.28436552917760965,0.488441443416209
615,0.4391955135483795,0.0911371875746395,0.46966729887698105
616,0.15660646109162712,0.1952702503129249,0.648123288595448
617,0.2656067443540148,0.21653869226814595,0.5178545633778392
618,0.10737966236276993,0.24072264984875127,0.6518976877884788
619,0.2874589680403223,0.23059159272496244,0.48194943923471534
620,0.22580218098643978,0.2836400785824922,0.49055774043106803
621,0.10800726530697458,0.22059172449298792,0.6714010102000375
622,0.13363803856221823,0.18458584590827073,0.6817761155295112
623,0.4856113423297536,0.08411632283264377,0.4302723348376026
624,0.15660117941635185,0.25592514534925653,0.5874736752343916
625,0.26125091653015936,0.16250976998429498,0.5762393134855456
626,0.10458099204177866,0.2663131771697915,0.6291058307884299
627,0.3147085783332788,0.1551403253168064,0.5301510963499148
628,0.19391633185046958,0.24899638106337552,0.5570872870861548
629,0.35313074564202657,0.15372612433306715,0.4931431300249063
630,0.22279201731280848,0.19918757605894663,0.5780204066282449
631,0.16753946305636644,0.17332348358389424,0.6591370533597394
632,0.2968671535322985,0.08175158345825054,0.6213812630094511
633,0.18458600861037638,0.10530735685224181,0.7101066345373818
634,0.13705530239688546,0.3099828340372836,0.552961863565831
635,0.3036728779414624,0.20382368115392763,0.49250344090460996
636,0.11035877036467277,0.24792929158204763,0.6417119380532795
637,0.41214015063576737,0.06533967149185724,0.5225201778723754
638,0.1297663077693389,0.20882455342450462,0.6614091388061565
639,0.13008453394515848,0.29555390132375314,0.5743615647310883
640,0.9788392634875475,0.0004482683542390562,0.020712468158213527
641,0.12698015753405315,0.2701262060173117,0.6028936364486353
642,0.3073174664688146,0.22876342937857116,0.4639191041526142
