,proba_0,proba_1,proba_2
0,0.0732333693262728,0.21776525715897171,0.7090013735147555
1,0.1248105117158939,0.1828868718304297,0.6923026164536765
2,0.9999998410750747,5.507951680442071e-08,1.0384540857678765e-07
3,0.3037872706340952,0.28942810914367567,0.406784620222229
4,0.10932135113374526,0.21227096601207274,0.6784076828541817
5,0.12367636084298526,0.47763624494764084,0.3986873942093738
6,0.013395400018637043,0.20892653717332443,0.7776780628080384
7,0.40940779474288574,0.13755482141039618,0.453037383846718
8,0.2085367099508217,0.05108181386274027,0.7403814761864382
9,0.014767826998718472,0.3750202854681983,0.6102118875330835
10,0.10503149287230654,0.6118060174735966,0.28316248965409646
11,0.5325290792740269,0.07464624088725211,0.392824679838721
12,0.1786256350520458,0.3282299047250393,0.49314446022291486
13,0.2595359659899355,0.15374399061510924,0.5867200433949551
14,0.04230416766124731,0.1690418594173925,0.7886539729213604
15,0.347198708050124,0.22989142962902806,0.422909862320848
16,0.8926928747217143,0.018192523529647793,0.08911460174863794
17,0.18305005082015105,0.28196784829617055,0.5349821008836784
18,0.5821619775449342,0.1271555438493695,0.290682478605696
19,0.429638554373596,0.04597103602960007,0.524390409596804
20,0.1211388162285616,0.5665888309304123,0.3122723528410262
21,0.07347185523761027,0.31563375059379795,0.6108943941685918
22,0.09369690269641415,0.15232542845186917,0.7539776688517168
23,0.08064829604140028,0.14907413509500583,0.7702775688635943
24,0.3724849967499529,0.11051124483765704,0.5170037584123899
25,0.12675835187217202,0.26656272525896013,0.6066789228688676
26,0.21393242264970264,0.21419389397342425,0.5718736833768732
27,0.9999997655002645,1.220999766297797e-07,1.1239975878493256e-07
28,0.8179730820511046,0.08567326562259779,0.09635365232629767
29,0.9999998342540863,6.027299428016481e-08,1.0547291960846676e-07
30,0.23142249158103562,0.1682434549924336,0.6003340534265309
31,0.08910084478174563,0.398429358099089,0.5124697971191654
32,0.2361637340185644,0.09430368424471207,0.6695325817367235
33,0.27064757523144134,0.13397328468245823,0.5953791400861004
34,0.07327921444758032,0.27428402122264184,0.6524367643297778
35,0.2426122839786817,0.08039869626789194,0.6769890197534266
36,0.8757115079747806,0.019883750097627734,0.10440474192759161
37,0.9860102443290892,0.009483368510867387,0.004506387160043254
38,0.23074921321156833,0.17876990920873578,0.590480877579696
39,0.0018069804547890772,0.18927121796885837,0.8089218015763524
40,0.4862254170813507,0.10122770674516833,0.41254687617348085
41,0.002819329520015078,0.22520930579887768,0.7719713646811074
42,0.058555449282253764,0.2878665368809821,0.6535780138367643
43,0.06205121903356979,0.31053363856029026,0.6274151424061403
44,0.05276515206051566,0.19237536370753092,0.7548594842319535
45,0.019955543600874828,0.22284110924090683,0.7572033471582184
46,0.004748584498484273,0.10875033495534554,0.8865010805461699
47,0.010074019038362858,0.1768275137309727,0.8130984672306644
48,0.12842920767663726,0.25149987859172546,0.6200709137316375
49,0.24989166422335454,0.2330321067420835,0.5170762290345622
50,0.0712424025883006,0.2181055287180802,0.710652068693619
51,0.1462618973458504,0.521858973363917,0.3318791292902324
52,0.9406996385514739,0.02406560936864521,0.03523475207988062
53,0.9999998413624039,5.489217379501848e-08,1.0374542222590828e-07
54,0.09601513122701984,0.15443284293319462,0.7495520258397856
55,0.0012120928146027226,0.1387729427145385,0.8600149644708588
56,0.18498570207543436,0.03849347086353146,0.7765208270610342
57,0.39958426467801744,0.05367610141288394,0.5467396339090986
58,0.5006336862231431,0.12207553436887242,0.3772907794079843
59,0.2802214039263693,0.12091426783761267,0.598864328236018
60,0.31120495013213795,0.07413221829372728,0.6146628315741347
61,0.20051644302623994,0.05798992296210446,0.7414936340116556
62,0.08288046530256626,0.23179959257798927,0.685319942119444
63,0.1782878290562403,0.22946245260977016,0.5922497183339895
64,0.06692611857588004,0.21870635764692745,0.7143675237771926
65,0.041648901797450635,0.21418235086720558,0.7441687473353439
66,0.11882164011122902,0.18532630027186778,0.6958520596169031
67,0.11296915624230101,0.11256419740054147,0.7744666463571575
68,0.1398831317809422,0.3619893798387893,0.49812748838026866
69,0.4009138248329583,0.09794153358010507,0.5011446415869367
70,0.7349222360487697,0.03116082725551384,0.2339169366957163
71,0.05343301271881561,0.29221071829205814,0.6543562689891262
72,0.11720186535312212,0.18449332284094025,0.6983048118059376
73,0.38256415028130925,0.48959507768175825,0.12784077203693237
74,0.03616117235914373,0.5090893521957324,0.4547494754451239
75,0.9999998335066838,6.095961338303595e-08,1.055337029529056e-07
76,0.17949462601526403,0.03756816231591861,0.7829372116688174
77,0.031597566613671677,0.33161613688026076,0.6367862965060673
78,0.052262557567685004,0.28694719909922156,0.6607902433330933
79,0.9043420130316255,0.024091286085936522,0.07156670088243797
80,0.013354991344475667,0.14895673004032872,0.8376882786151957
81,0.28102553383811923,0.07073422933485565,0.6482402368270251
82,0.9999998378603328,5.732637719784688e-08,1.0481329018613098e-07
83,0.018774133182270367,0.4262074210193008,0.5550184457984287
84,0.019426710787478714,0.25425422370161255,0.7263190655109085
85,0.10987111726288677,0.5156083442428213,0.3745205384942918
86,0.9999998486678059,5.067750573563959e-08,1.0065468829543435e-07
87,0.2585518128362337,0.12833519250591963,0.6131129946578465
88,0.09755121257924283,0.06610883367647977,0.8363399537442775
89,0.6628319315420107,0.2914256147788208,0.04574245367916866
90,0.3261069724471035,0.1703759080044464,0.5035171195484502
91,0.05418039109508828,0.18717480549055854,0.7586448034143535
92,0.13168487807891094,0.2762632300887886,0.5920518918323003
93,0.160103267482157,0.04356253144372245,0.7963342010741205
94,0.07098963961173445,0.29800048207931945,0.631009878308946
95,0.19550333691481975,0.12498425074796775,0.6795124123372124
96,0.8576511293639043,0.0227804887401495,0.11956838189594597
97,0.17843929336349315,0.17288149119592514,0.6486792154405818
98,0.16040867441934534,0.23132783724659586,0.6082634883340585
99,0.2406662121252236,0.10212033268381593,0.6572134551909603
100,0.01495350046268157,0.3306117256019298,0.6544347739353888
101,0.1364675397173448,0.18688920531302392,0.6766432549696315
102,0.1396048727615371,0.145638363903466,0.7147567633349966
103,0.07785971750881747,0.3123878510236635,0.6097524314675187
104,0.11211787970126563,0.1677462496401477,0.720135870658587
105,0.08962225856785777,0.18735150964908004,0.7230262317830624
106,0.24199999077312467,0.26974108550513193,0.4882589237217437
107,0.011661379011405371,0.27843159557270103,0.7099070254158933
108,0.08875198852377057,0.10010341986060682,0.8111445916156228
109,0.018567361987795954,0.23140771347421338,0.7500249245379906
110,0.20728336587609086,0.19467219290120333,0.5980444412227058
111,0.09695130025141728,0.053093415476585804,0.8499552842719968
112,0.08874401585866866,0.20057397962590673,0.7106820045154245
113,0.00771301621523803,0.3185760172038751,0.6737109665808869
114,0.396525242533843,0.09885397507901246,0.5046207823871446
115,0.06761282827260216,0.10036056458448966,0.8320266071429083
116,0.07062022836030461,0.42010349208067005,0.5092762795590251
117,0.12055028301609902,0.15568367222885263,0.7237660447550482
118,0.16644218255977034,0.10929993691228362,0.7242578805279462
119,0.0016254385131411531,0.5636744586236663,0.4347001028631926
120,0.14265225584817326,0.24615665034518716,0.6111910938066395
121,0.00610136289338565,0.30805805768681893,0.6858405794197951
122,0.05148793818467465,0.24247401568493857,0.7060380461303866
123,0.16762407889171851,0.2649148398398803,0.5674610812684013
124,0.07734658255369506,0.1231172563467977,0.7995361610995072
125,0.10757047506059123,0.11573518310586142,0.7766943418335471
126,0.08585112816355646,0.18762566372441822,0.7265232081120253
127,0.18836925462672763,0.05926999326414979,0.7523607521091226
128,0.32988258475692994,0.5346590986917618,0.13545831655130833
129,0.05194342340634714,0.17107176432704213,0.7769848122666108
130,0.3700939906978284,0.12498771951585107,0.5049182897863206
131,0.09027660599778718,0.23966979154841236,0.6700536024537997
132,0.2592142396653085,0.11419601658556758,0.6265897437491237
133,0.9999977818947327,1.7174734151781233e-06,5.006318523638475e-07
134,0.5001950140343977,0.010608348946720997,0.48919663701888094
135,0.22154042553103867,0.1934685200019025,0.5849910544670588
136,0.019277473625446604,0.32809829290006415,0.6526242334744892
137,0.5493618850335267,0.027965359250497965,0.4226727557159754
138,0.17036418053496263,0.18379406850185862,0.6458417509631791
139,0.13892238876614127,0.2532965811741489,0.6077810300597097
140,0.10016135157414627,0.08319643136387422,0.8166422170619798
141,0.7820716818130905,0.17425256639377892,0.04367575179313052
142,0.1895919973582021,0.628494995889541,0.18191300675225683
143,0.3551476900846971,0.18635987544557348,0.4584924344697294
144,0.428184998892356,0.11241973564434467,0.4593952654632991
145,0.03357716015121777,0.2577572601403748,0.7086655797084073
146,0.0021214608901489753,0.10843184395173239,0.8894466951581188
147,0.2041610778380386,0.10304983034047784,0.6927890918214835
148,0.768021537496969,0.09756278802584872,0.13441567447718233
149,0.1709340161857509,0.1668763222721191,0.6621896615421301
150,0.07931572645806287,0.2817320986717544,0.6389521748701829
151,0.01359656221714997,0.08147324790345771,0.9049301898793923
152,0.6245893511857307,0.29785444270794964,0.0775562061063196
153,0.43573552076160904,0.08108836010125184,0.4831761191371393
154,0.07945782359562256,0.37243772181694473,0.5481044545874325
155,0.10841271638911808,0.2624197535043881,0.6291675301064935
156,0.07765608640945443,0.6346556306214947,0.2876882829690508
157,0.39019152259388123,0.0930219455810589,0.51678653182506
158,0.0026220308885184554,0.17525542366519808,0.8221225454462836
159,0.03932117420357217,0.2974174854986778,0.6632613402977495
160,0.18984357871873567,0.24255949949193184,0.5675969217893323
161,0.06889699839957722,0.3463269190124397,0.5847760825879829
162,0.11664293999422369,0.3445087930260382,0.5388482669797379
163,0.11198607504049463,0.21317687494662504,0.6748370500128803
164,0.34419071183148525,0.15676182992929924,0.49904745823921565
165,0.11361911718505247,0.14708771507049273,0.7392931677444547
166,0.10638495534911421,0.21820321124563663,0.6754118334052491
167,0.16341007490751927,0.37417884594450573,0.4624110791479748
168,0.06397452121176703,0.5724729527073973,0.36355252608083594
169,0.06430255261053744,0.2129812842579486,0.7227161631315137
170,0.04372168452133559,0.17161438895060696,0.7846639265280576
171,0.08763502014977141,0.4562735821727244,0.45609139767750423
172,0.01300973461045861,0.10892394095528145,0.8780663244342601
173,0.11338231542171724,0.2689246906882138,0.6176929938900688
174,0.06048376463471632,0.17750765421444278,0.7620085811508408
175,0.1760228965141905,0.1693262170079325,0.6546508864778771
176,0.24511587757412806,0.659752674599102,0.09513144782676998
177,0.71213124717683,0.03224547262184364,0.25562328020132646
178,0.16601906312529174,0.055545771738833266,0.778435165135875
179,0.4255891990034634,0.01889156826061021,0.5555192327359263
180,0.0017080446053979082,0.14117237810784453,0.8571195772867573
181,0.05017407919955727,0.1954429308634199,0.7543829899370227
182,0.06495746166651929,0.15700221449603013,0.7780403238374503
183,0.17228985788525367,0.4423949215229671,0.38531522059177914
184,0.6846097072277088,0.0202658672450422,0.2951244255272489
185,0.11620243488000179,0.04748463661121775,0.8363129285087805
186,0.23734689717302332,0.32150971969780406,0.4411433831291727
187,0.3200277997467655,0.12921815800090983,0.5507540422523245
188,0.3026779488928339,0.14212516701877156,0.5551968840883945
189,0.050242690784452204,0.0967557028963742,0.8530016063191735
190,0.1853628610769852,0.2248563232179391,0.5897808157050758
191,0.07881027321628109,0.11785506467867478,0.8033346621050441
192,0.5336064602537094,0.10289944675723794,0.36349409298905255
193,0.1715267561611878,0.2378508114745755,0.5906224323642366
194,0.1003053705953973,0.4415034451256651,0.4581911842789376
195,0.2941696509580345,0.21028684204429166,0.49554350699767413
196,0.6513879379231305,0.04540134470767152,0.3032107173691979
197,0.1335803736326203,0.5996555039608074,0.2667641224065723
198,0.12252640143594495,0.262637669364043,0.6148359292000123
199,0.0027816482824119027,0.3088115836880789,0.6884067680295095
200,0.07975980637330425,0.17490131441907397,0.7453388792076218
201,0.46792944114843327,0.07305747242976117,0.45901308642180527
202,0.007750807810239382,0.3159464514856783,0.6763027407040824
203,0.9692770680095901,0.006253447699618809,0.024469484290791085
204,0.27378186791773895,0.5107323688429296,0.21548576323933108
205,0.29829111831757243,0.16504262902450706,0.5366662526579203
206,0.2520695565629754,0.1603613348753672,0.5875691085616573
207,0.2532588771968593,0.18178499208400054,0.5649561307191402
208,0.04538574284620046,0.19370801760786796,0.7609062395459317
209,0.9999998289365771,6.607958451647577e-08,1.0498383836611742e-07
210,0.023690555223973977,0.24744624749276545,0.7288631972832603
211,0.23033068323056308,0.37001612824811253,0.3996531885213244
212,0.21319315307935513,0.429178716361137,0.3576281305595078
213,0.9235881059647862,0.027655548205904795,0.04875634582930901
214,0.19479626545875675,0.20958037483606112,0.5956233597051822
215,0.12368640474900124,0.31156171369183344,0.5647518815591649
216,0.7923231227983885,0.054934114485359876,0.1527427627162515
217,0.23071564688705073,0.432026592394754,0.33725776071819547
218,0.013468320257198678,0.4026095286417993,0.5839221511010023
219,0.18822834547724815,0.1198420266145991,0.6919296279081526
220,0.07395970567450554,0.3248368572818462,0.6012034370436481
221,0.09801752129112098,0.5864585436299541,0.3155239350789249
222,0.737574006068235,0.08963317542782566,0.17279281850393938
223,0.23621931576431893,0.1336234945569189,0.6301571896787622
224,0.1182239665996747,0.32188586829583415,0.5598901651044907
225,0.17732066963161933,0.13770087257909697,0.6849784577892833
226,0.23690895300812598,0.40633532495559305,0.3567557220362809
227,0.006530019368529719,0.3604153411465172,0.633054639484953
228,0.08561156873995332,0.2554988611309963,0.6588895701290504
229,0.026494723312602525,0.2071969813730384,0.7663082953143591
230,0.9499909899162299,0.01070523672337795,0.03930377336039203
231,0.01716615693860126,0.15326077448230724,0.8295730685790913
232,0.018153055006833348,0.12096661158057173,0.8608803334125948
233,0.039612014620827696,0.42003100493459794,0.5403569804445743
234,0.919015109842493,0.023245170325760046,0.057739719831747166
235,0.06906990613243416,0.5065236960721182,0.42440639779544737
236,0.07603388504483466,0.5988313630269175,0.3251347519282479
237,0.11484759245531237,0.1138765482076983,0.7712758593369893
238,0.04154690802252374,0.4663495318282903,0.49210356014918627
239,0.06791560908616213,0.18393832708411118,0.7481460638297267
240,0.4833232101257724,0.21926505225106294,0.2974117376231644
241,0.10105466375046256,0.21603481664352428,0.682910519606013
242,0.45057942601025064,0.20581240074254856,0.34360817324720083
243,0.23604262074233096,0.1008392994583373,0.6631180797993317
244,0.06571830242038591,0.215019816430514,0.7192618811491003
245,0.06140999191725488,0.4481518541684844,0.49043815391426065
246,0.31476121479316566,0.25371815385388746,0.4315206313529468
247,0.23542332799810534,0.1799298102530055,0.5846468617488891
248,0.5762417244733908,0.1113886154694436,0.3123696600571655
249,0.15577800246178486,0.14932833775297477,0.6948936597852405
250,0.3780037541874269,0.19652536927812897,0.42547087653444393
251,0.10475103082402962,0.27215241562822134,0.6230965535477494
252,0.28957557699049785,0.31301309626808044,0.3974113267414216
253,0.07782213966433661,0.34769328050158266,0.5744845798340807
254,0.6169930370855855,0.0607891922519784,0.3222177706624361
255,0.18467813969009125,0.19274380370962108,0.6225780566002875
256,0.12013079030832388,0.06598613620375995,0.8138830734879162
257,0.11047912239951402,0.42834372847453706,0.4611771491259488
258,0.1286095196487736,0.16628793546379206,0.7051025448874343
259,0.12593336200765223,0.2774184484116501,0.5966481895806977
260,0.2291960293697722,0.026000263064061415,0.7448037075661663
261,0.6604008568970303,0.022623251366603765,0.3169758917363661
262,0.006464597958876233,0.11003005097114983,0.8835053510699742
263,0.216889890983571,0.19111814155126045,0.5919919674651684
264,0.07094168833084327,0.2878799218287082,0.6411783898404486
265,0.0108011527116505,0.3605531865197089,0.6286456607686405
266,0.14247561532119246,0.2199893353643256,0.6375350493144816
267,0.7218363299166064,0.10585169450481369,0.17231197557857988
268,0.0020211344574310205,0.23227235317822648,0.7657065123643423
269,0.08920070798370196,0.06839303341440095,0.842406258601897
270,0.27076423858332266,0.10182605411549432,0.6274097073011828
271,0.0041075399057122755,0.44172548590861216,0.5541669741856754
272,0.23269632762403938,0.1642805354987177,0.6030231368772427
273,0.020175146027283947,0.2039819772001035,0.7758428767726124
274,0.009743915366314698,0.33766416007501904,0.6525919245586662
275,0.1330192978289828,0.08842244660599312,0.778558255565024
276,0.7996627847145574,0.08117013455415892,0.11916708073128375
277,0.0601164672681197,0.37152454662742984,0.5683589861044502
278,0.21051982527154908,0.2011867965810832,0.5882933781473676
279,0.9999998329041121,6.153696626983244e-08,1.0555892173959209e-07
280,0.5503014589791604,0.12554231437017258,0.3241562266506671
281,0.9354419255461196,0.02201075961695943,0.04254731483692125
282,0.011382750193580295,0.23176968547345825,0.7568475643329613
283,0.27636350337909726,0.2322479483825871,0.4913885482383159
284,0.04070277139235515,0.21016388687830884,0.7491333417293359
285,0.5216015428171363,0.09204092230622826,0.3863575348766351
286,0.10103407559486814,0.2444482346609652,0.6545176897441667
287,0.4318898771164441,0.09426410085870827,0.4738460220248476
288,0.4156421529497048,0.10244483513647168,0.48191301191382374
289,0.017908358555854206,0.33149519524501747,0.6505964461991283
290,0.4268648131503187,0.04965203052372264,0.5234831563259587
291,0.09839749135022183,0.04626326062058411,0.8553392480291939
292,0.02874714620495862,0.24670695327624256,0.7245459005187985
293,0.02855550587202107,0.13920260051603042,0.8322418936119484
294,0.05833146492563583,0.4034836005841558,0.5381849344902085
295,0.1277330732165476,0.45232326868986483,0.4199436580935873
296,0.1294030145196777,0.6388857805284879,0.23171120495183434
297,0.11849459231885592,0.44943540264109266,0.4320700050400515
298,0.07780156227732779,0.28626782005632323,0.6359306176663488
299,0.06097203691943808,0.350915647471665,0.5881123156088971
300,0.07133860765700314,0.11288938532937827,0.8157720070136184
301,0.0022144951254629724,0.30972715355429786,0.6880583513202388
302,0.5752204860825553,0.26075700803591567,0.16402250588152853
303,0.24487789859544232,0.10279326838032359,0.652328833024234
304,0.1838347182257529,0.10878396294030805,0.7073813188339393
305,0.017692829309718543,0.1163520137053651,0.8659551569849163
306,0.1502944335026064,0.31714295518184815,0.5325626113155456
307,0.2016297994857532,0.03937017130369272,0.7590000292105541
308,0.0726832525850792,0.17843859199711212,0.7488781554178084
309,0.20607369979293425,0.20071329596930032,0.5932130042377652
310,0.217901311337993,0.13983891553156275,0.6422597731304445
311,0.04135294617563641,0.2121986486537977,0.7464484051705661
312,0.928775987129156,0.024415044519392255,0.04680896835145168
313,0.03678096752505511,0.15952195241354283,0.803697080061402
314,0.07541254318784985,0.2705858149191372,0.6540016418930131
315,0.03861378396590964,0.08452190006934587,0.8768643159647447
316,0.04465977838510224,0.1690907507931894,0.786249470821708
317,0.23930363585632772,0.22258532646992638,0.5381110376737459
318,0.05866049992407604,0.21211070199020624,0.7292287980857175
319,0.07961898300104173,0.07719294046417387,0.8431880765347846
320,0.0008003515613817255,0.23655895520191497,0.762640693236703
321,0.08721706720229876,0.4134407898911146,0.49934214290658663
322,0.09723756734537568,0.1765961835786248,0.7261662490759995
323,0.06486827002222083,0.3500055430730445,0.5851261869047344
324,0.07060464698397194,0.37103257411082186,0.5583627789052062
325,0.5851412327582818,0.08240803267169697,0.3324507345700213
326,0.04340780573773221,0.30316002223797434,0.6534321720242937
327,0.13676399935542463,0.07019448887446368,0.7930415117701117
328,0.07189927731614845,0.08365587534417684,0.844444847339675
329,0.3646663087999574,0.11028292973407257,0.5250507614659701
330,0.3906140804595236,0.23385366752328487,0.3755322520171918
331,0.08605598827505195,0.3946547411374603,0.5192892705874878
332,0.9985716584492969,0.0004534430024171593,0.000974898548285857
333,0.7139752263570555,0.10954594190469046,0.17647883173825435
334,0.05828187673589413,0.09700152308975059,0.8447166001743556
335,0.5648515913515749,0.33942548705518105,0.09572292159324385
336,0.1420343271040868,0.369336781283141,0.48862889161277245
337,0.006224608792081727,0.10184539646790979,0.8919299947400084
338,0.06155054403181287,0.10234082681054461,0.8361086291576428
339,0.3059485730308796,0.2431750312090028,0.4508763957601173
340,0.07958370816564381,0.3341442820750571,0.5862720097592988
341,0.0563992769728943,0.2312659229441666,0.7123348000829391
342,0.38258190739416065,0.06266405789617699,0.554754034709662
343,0.038628624059887554,0.1315926086166148,0.8297787673234979
344,0.25052625225681513,0.2033906808272089,0.5460830669159763
345,0.5718586605111643,0.11114310897220192,0.31699823051663406
346,0.12341980598015535,0.22335548405023117,0.6532247099696138
347,0.7503836813120593,0.05438254241991452,0.19523377626802596
348,0.13139189947773341,0.2071944653830022,0.6614136351392642
349,0.04211394438086359,0.17604323708955244,0.7818428185295844
350,0.010229829420059195,0.6500336597411779,0.33973651083876294
351,0.07750928164874052,0.13464336502013152,0.7878473533311281
352,0.14755787635686374,0.07310157553440534,0.779340548108731
353,0.08528233890308153,0.36052441139829955,0.5541932496986189
354,0.29536878561117996,0.22470942083899578,0.4799217935498245
355,0.021737642145882124,0.24295018934218574,0.7353121685119323
356,0.09297048235444602,0.14459016946621916,0.7624393481793347
357,0.1419868913730739,0.08961188171431562,0.7684012269126104
358,0.00410664993961832,0.5311914163205984,0.4647019337397836
359,0.01874443499940564,0.6475080228406557,0.33374754215993874
360,0.07058836597794307,0.45723832048888463,0.47217331353317227
361,0.13465789829338456,0.49832965661917683,0.3670124450874386
362,0.08502189726238871,0.1727988091168683,0.7421792936207428
363,0.024816418471949948,0.30109533941152933,0.6740882421165207
364,0.40684162324384965,0.43096812685794733,0.16219024989820297
365,0.45673358119589696,0.03431093753036881,0.508955481273734
366,0.0013116702169664548,0.240298004406467,0.7583903253765666
367,0.01597138768574369,0.21462351488445489,0.7694050974298015
368,0.08974798995224663,0.11374120505322985,0.7965108049945239
369,0.5815574428620509,0.036924156908656844,0.3815184002292925
370,0.7790604223767892,0.02438362167882249,0.19655595594438868
371,0.17986630683192614,0.17728253432735605,0.6428511588407178
372,0.1746116897062801,0.12116624685006284,0.7042220634436571
373,0.003322548386906081,0.07750843840433153,0.9191690132087625
374,0.23521711974361045,0.5998717034365035,0.16491117681988612
375,0.09635020497458363,0.21851832787535605,0.6851314671500605
376,0.09846256795157061,0.05678891325715421,0.8447485187912751
377,0.07837257045266383,0.17736502853987537,0.7442624010074607
378,0.8730701125542756,0.02018058988243696,0.10674929756328735
379,0.6098979636816553,0.030961500096480802,0.3591405362218639
380,0.6695893442889356,0.09824118143397277,0.23216947427709148
381,0.002038654719345489,0.22927703760161103,0.7686843076790437
382,0.017302459074974373,0.2599811615486733,0.7227163793763524
383,0.13412700307092165,0.275012188420235,0.5908608085088434
384,0.5233197756623055,0.18940804399559485,0.2872721803420998
385,0.08400162414931352,0.09543578033681362,0.820562595513873
386,0.9996215740627642,3.450007456282356e-05,0.0003439258626730331
387,0.07828518230620768,0.23959691042146528,0.6821179072723267
388,0.1605075635165844,0.12539737903686837,0.7140950574465472
389,0.04917148791786167,0.19257414282255675,0.7582543692595818
390,0.029595328533887827,0.5925557528421646,0.37784891862394787
391,0.8090920427995173,0.008104092685951312,0.1828038645145312
392,0.9999998442475897,5.311201084573927e-08,1.0264039951314486e-07
393,0.012618768025478644,0.43302669715068687,0.5543545348238345
394,0.16407404017167335,0.13234124881581785,0.7035847110125087
395,0.10692750140082062,0.6499597979706428,0.24311270062853654
396,0.17895385648700282,0.42228593366272354,0.39876020985027333
397,0.3868628504806089,0.0786999670911581,0.5344371824282331
398,0.03945467076101219,0.42491317042020266,0.5356321588187852
399,0.4177252953851283,0.2910101124925416,0.29126459212233013
400,0.1678264592645554,0.30074806546718835,0.5314254752682559
401,0.17554913164581235,0.02126702492741041,0.8031838434267772
402,0.06441876590825596,0.19481836732955304,0.7407628667621908
403,0.4012557940848206,0.14890881129035644,0.4498353946248231
404,0.03935236462164078,0.28848389980196804,0.6721637355763913
405,0.5398717824979122,0.03262403910350981,0.42750417839857785
406,0.13811413129597241,0.11392179075572496,0.7479640779483027
407,0.03230524360684984,0.19785821863340639,0.769836537759744
408,0.12462684803614706,0.22880978083686168,0.6465633711269911
409,0.29497979136209296,0.0796543891087759,0.6253658195291312
410,0.11423299380371185,0.16679233939805876,0.7189746667982294
411,0.08308749495943603,0.1866120492908519,0.730300455749712
412,0.9913613456273369,0.0036245348481958833,0.005014119524467163
413,0.6312682106273686,0.07705399885973915,0.29167779051289233
414,0.18524737254938953,0.06245860634548889,0.7522940211051218
415,0.7529331923418549,0.10293475472863782,0.14413205292950712
416,0.18751401829373868,0.1433391509526757,0.6691468307535857
417,0.05688510588337815,0.12631687295583008,0.816798021160792
418,0.09192924960776949,0.2034201654414253,0.7046505849508048
419,0.003159309433200675,0.46484321123325184,0.5319974793335471
420,0.843897978863748,0.022534951000445207,0.1335670701358068
421,0.6481941442152491,0.026358054747106566,0.32544780103764426
422,0.8612162832233516,0.02352004848420667,0.11526366829244142
423,0.14488877488752533,0.15913664685630097,0.6959745782561739
424,0.0925304295607909,0.49120938827794725,0.416260182161262
425,0.000994710747613597,0.12767387057351484,0.8713314186788714
426,0.11700795949038166,0.4168404145239288,0.4661516259856894
427,0.028514122628554538,0.2323204820786313,0.739165395292814
428,0.06794036554580925,0.577689811604241,0.35436982284994967
429,0.015717010101777357,0.1830742458225932,0.8012087440756294
430,0.3233501083638858,0.054805378254491624,0.6218445133816229
431,0.7234036973475808,0.09332949913396726,0.183266803518452
432,0.4220501298094053,0.17952240467896077,0.39842746551163366
433,0.08958799907393476,0.46536006008285175,0.4450519408432134
434,0.0027027356293542943,0.20737199370295908,0.7899252706676864
435,0.13798814515760785,0.5619223971026567,0.30008945773973517
436,0.22068329362076983,0.23690205696089375,0.5424146494183365
437,0.4232826471628753,0.08014469335852871,0.49657265947859597
438,0.0012736637701585363,0.13888590296939762,0.8598404332604437
439,0.17253178588668708,0.10722504547507691,0.7202431686382361
440,0.13519759838874112,0.32785150498326693,0.5369508966279917
441,0.02298936262488101,0.20421166373189828,0.772798973643221
442,0.0007296464003838123,0.2440507449033925,0.7552196086962235
443,0.1338105641836374,0.20303208759015542,0.663157348226207
444,0.07945752244405785,0.1944654736035641,0.7260770039523784
445,0.0942199961531627,0.25964817571679993,0.6461318281300373
446,0.12501065335071943,0.2661891630794061,0.6088001835698744
447,0.52754736642874,0.1771566619558529,0.29529597161540705
448,0.12218161686354576,0.18005532017647127,0.6977630629599829
449,0.06545529089981687,0.2678006943417117,0.6667440147584716
450,0.6448905296449698,0.03380934418276058,0.3213001261722694
451,0.03276480107065071,0.5222603595789123,0.44497483935043697
452,0.010935654349921076,0.18271453076049132,0.8063498148895875
453,0.27776648835696793,0.3764440444336474,0.3457894672093845
454,0.12218135823114627,0.364813928022305,0.5130047137465488
455,0.5935767764478022,0.059694486721743635,0.3467287368304543
456,0.04110915310492455,0.20872192306083548,0.7501689238342402
457,0.7408217111174378,0.07674722778240889,0.1824310611001533
458,0.040520604611851765,0.45389961431105624,0.5055797810770918
459,0.5603251897180069,0.10597796495616305,0.3336968453258299
460,0.13555990109865854,0.21612185094968098,0.6483182479516602
461,0.02794650482427458,0.4038644231781239,0.5681890719976018
462,0.4914306240237169,0.05254170702724751,0.45602766894903557
463,0.06584184198025061,0.33209655534401133,0.6020616026757383
464,0.10348039015694549,0.09427732126582013,0.8022422885772343
465,0.1216736116546754,0.06625140347737679,0.8120749848679479
466,0.03105101605837646,0.21772438513485495,0.7512245988067684
467,0.10143137995939132,0.06025686136133464,0.838311758679274
468,0.10111999225786852,0.21556990374184867,0.6833101040002827
469,0.49131822332170405,0.19045545953101323,0.31822631714728267
470,0.9999996247507684,2.3946204900842186e-07,1.3578718238748938e-07
471,0.6588300755183368,0.199690783789298,0.14147914069236514
472,0.07304905417008481,0.24150297333027967,0.6854479724996355
473,0.9988904678192434,0.00014456425157875362,0.0009649679291777041
474,0.4121583196721198,0.1366025436950603,0.45123913663281995
475,0.07937719695719397,0.20499676026062286,0.715626042782183
476,0.7036679784758351,0.06376467810420203,0.23256734341996282
477,0.09564495175038515,0.13169512343032938,0.7726599248192855
478,0.08270818615846501,0.6048219524037419,0.312469861437793
479,0.3094587374554666,0.12347791498868622,0.5670633475558473
480,0.1341769600712297,0.18442687788831216,0.6813961620404582
481,0.11628781487155065,0.1750450859046454,0.7086670992238039
482,0.08662822900296699,0.2525907372776985,0.6607810337193342
483,0.1690574201862832,0.04100792487451153,0.7899346549392054
484,0.1384591600991491,0.219592995467357,0.6419478444334938
485,0.3786476495930238,0.29141753401605913,0.32993481639091715
486,0.002607108670280476,0.3332457874033998,0.6641471039263195
487,0.02534168771178053,0.2332856620370562,0.7413726502511631
488,0.0891457738372465,0.7076157885135753,0.20323843764917812
489,0.30048569992836005,0.1523683707736196,0.5471459292980204
490,0.007592532845904542,0.13770423338548077,0.8547032337686149
491,0.04367997240448209,0.20560280328856126,0.7507172243069563
492,0.03269649353109312,0.23134814530828662,0.7359553611606203
493,0.002153289493998809,0.09801371817774958,0.8998329923282518
494,0.0985194610348724,0.4466714530171545,0.45480908594797304
495,0.17736252264633132,0.6268243323220112,0.19581314503165745
496,0.1776465734146646,0.19044406559009808,0.6319093609952372
497,0.999998820429833,5.742447629684572e-08,1.1221456906849354e-06
498,0.4317270662011378,0.10368236896566356,0.4645905648331987
499,0.17813702159906467,0.0523547367763491,0.769508241624586
500,0.03986664640751246,0.27807545836213726,0.6820578952303503
501,0.12491897834110621,0.15951233272755416,0.7155686889313394
502,0.9571162240729268,0.03520855178229729,0.007675224144775903
503,0.23067242112995245,0.2374151077716047,0.5319124710984426
504,0.08259974445302923,0.19999906081816327,0.7174011947288074
505,0.9999998223192075,7.804372558355074e-08,9.96370669160257e-08
506,0.0022728744079160913,0.15647707822924395,0.84125004736284
507,0.10595342043808768,0.3448096277015742,0.5492369518603379
508,0.3047804921963256,0.0951899369200045,0.6000295708836698
509,0.9999224389457373,6.364536157547676e-05,1.391569268717803e-05
510,0.1149959293358927,0.3909004109654697,0.4941036596986374
511,0.05048860138398907,0.28926332277980604,0.6602480758362052
512,0.13316991380573348,0.474251625430424,0.39257846076384234
513,0.07460574842802381,0.10551335773879315,0.8198808938331831
514,0.36434297290033896,0.055793887557884635,0.5798631395417765
515,0.11471859939856277,0.5439697976725332,0.34131160292890406
516,0.7558943629785005,0.09371454459472528,0.1503910924267742
517,0.0463299128654219,0.22459247118354767,0.7290776159510305
518,0.16346480071132846,0.6006654483070142,0.2358697509816573
519,0.3928971876134202,0.09115719703804247,0.5159456153485373
520,0.14348266751834857,0.08130024428473916,0.7752170881969124
521,0.2601925306329063,0.2736352664298785,0.4661722029372152
522,0.4863671212637719,0.04227326016349051,0.4713596185727376
523,0.8853930704807033,0.030921115082019234,0.08368581443727743
524,0.35252126991281224,0.16736416601583182,0.4801145640713559
525,0.0015425553886360814,0.09212350909082784,0.9063339355205361
526,0.17263301546049162,0.18222126707125594,0.6451457174682522
527,0.012484598133261648,0.14512047453286311,0.8423949273338753
528,0.07127791427402598,0.06246646746642212,0.8662556182595518
529,0.1825937939085388,0.17757500582257563,0.6398312002688854
530,0.2506317274313346,0.3520091231624202,0.39735914940624495
531,0.01946745415650159,0.2357000005592119,0.7448325452842867
532,0.0014095975199305809,0.517479627886077,0.4811107745939922
533,0.5586308101373461,0.2400372756968287,0.2013319141658251
534,0.11474370994843358,0.08921251318505981,0.7960437768665071
535,0.10390605525227993,0.11325904436619258,0.7828349003815276
536,0.05755731471974064,0.20817545843129043,0.7342672268489687
537,0.001639706639488398,0.48985232723053973,0.5085079661299717
538,0.8623938228559078,0.02271204233360308,0.11489413481048898
539,0.4535608682219331,0.22637584232812122,0.32006328944994544
540,0.1981581347436975,0.41083728603111896,0.39100457922518345
541,0.24802278447331527,0.3058298394519211,0.4461473760747634
542,0.5744392849136525,0.181142243540432,0.24441847154591537
543,0.2959259372149203,0.06964996269943637,0.6344241000856432
544,0.18736987255694765,0.30817743965893973,0.5044526877841128
545,0.6300566555548428,0.29812985648379514,0.07181348796136208
546,0.853543110394162,0.01620987275014527,0.1302470168556927
547,0.14723595774042822,0.1731888577627576,0.6795751844968141
548,0.2368972200246402,0.392727365347818,0.3703754146275417
549,0.010958477374215245,0.14966246744459039,0.8393790551811945
550,0.08226800425327523,0.06611431399204436,0.8516176817546807
551,0.029766887668498138,0.23212922145425985,0.7381038908772419
552,0.19637863265731953,0.41030204842865015,0.3933193189140304
553,0.21509632730877312,0.1670258846717845,0.6178777880194427
554,0.011444572555206204,0.58653725095231,0.4020181764924838
555,0.00046408573885224635,0.2131537921416471,0.7863821221195006
556,0.4566563860176252,0.11499146970207175,0.428352144280303
557,0.9415992747046357,0.011986802430717279,0.04641392286464692
558,0.9176452457606822,0.03192883596871218,0.050425918270605614
559,0.007803042272538909,0.41932392515464295,0.572873032572818
560,0.5937141365443577,0.09051462738148569,0.3157712360741565
561,0.047545227128507284,0.13964228776372645,0.8128124851077665
562,0.14876730903909127,0.1864766934684774,0.6647559974924312
563,0.1850205517662541,0.227299861464313,0.5876795867694327
564,0.5287810501755313,0.0405999543768966,0.43061899544757226
565,0.9999996974938449,9.279907859002928e-08,2.097070765169712e-07
566,0.13865733782110115,0.19107034154646685,0.6702723206324321
567,0.7268779295485565,0.02111345051103581,0.25200861994040774
568,0.0010997723142225366,0.504898573578145,0.4940016541076326
569,0.018842787507746147,0.22000995319056896,0.7611472593016849
570,0.17677063311902122,0.3235261183210044,0.4997032485599741
571,0.004173879336040407,0.3915879215880316,0.604238199075928
572,0.22154289122744603,0.5057291257829253,0.2727279829896289
573,0.04150081971098786,0.24684425902411827,0.7116549212648936
574,0.35307643697184876,0.33214545649331684,0.31477810653483423
575,0.10531308640895375,0.17910433923212035,0.7155825743589258
576,0.2504457325925632,0.08523125195247992,0.6643230154549569
577,0.25643080386812,0.04249374609466406,0.701075450037216
578,0.42440707904504915,0.16435847268026818,0.4112344482746825
579,0.009683583411395398,0.6477360784063826,0.3425803381822221
580,0.041858097118825925,0.16875539266992529,0.7893865102112487
581,0.11422911594781433,0.2331252863001977,0.652645597751988
582,0.5642842484767358,0.3154190754375991,0.1202966760856649
583,0.7686194215494855,0.08656885127606562,0.1448117271744488
584,0.08601245634049946,0.2552565099164172,0.6587310337430834
585,0.05211308527191772,0.12889823035124245,0.8189886843768398
586,0.07581713706399267,0.5584542135895592,0.3657286493464481
587,0.0542962126119949,0.3108670679017159,0.6348367194862895
588,0.03288368933002845,0.24942698179435116,0.7176893288756204
589,0.15432178583604222,0.6649408978197681,0.18073731634418955
590,0.0336154218201271,0.18461285281761186,0.781771725362261
591,0.011808523066546797,0.4456770278623677,0.5425144490710855
592,0.4527277830613698,0.10387337452229589,0.4433988424163342
593,0.3524684823981992,0.09101055131958598,0.5565209662822149
594,0.19844241512506136,0.5369186850916073,0.2646388997833313
595,0.21390334364054858,0.10323167504927126,0.6828649813101801
596,0.19829607422192166,0.14222456929719643,0.6594793564808819
597,0.46896918659567155,0.20340371823534764,0.32762709516898075
598,0.06389122140876484,0.19353384723462144,0.7425749313566137
599,0.4409266688282881,0.06855758129034033,0.4905157498813715
600,0.2262855756326663,0.15748731558774082,0.6162271087795927
601,0.10728231179902,0.2647554520070393,0.6279622361939405
602,0.4890600490859971,0.03606661652124757,0.4748733343927554
603,0.03136309450009668,0.549012148159078,0.4196247573408255
604,0.07626637551386822,0.27914359011617174,0.6445900343699601
605,0.1944772380245437,0.13956415960600296,0.665958602369453
606,0.002313659682879984,0.05764430936213034,0.9400420309549896
607,0.0690437130770894,0.14875132111257375,0.7822049658103372
608,0.1284648576489608,0.3240690934450213,0.547466048906018
609,0.1573696248127578,0.44865227961939463,0.39397809556784746
610,0.4239359648007324,0.09461780612820238,0.48144622907106527
611,0.4998450520861484,0.35223612897622847,0.14791881893762324
612,0.0011919540537301673,0.5289890672051608,0.46981897874110884
613,0.13187744896738976,0.34680237832521094,0.521320172707399
614,0.06634594145704158,0.2975852797492088,0.6360687787937496
615,0.12889159792124585,0.13923197843888716,0.7318764236398668
616,0.08884918813305817,0.2123403266624234,0.6988104852045186
617,0.2208622884305853,0.15956664612886567,0.6195710654405489
618,0.0550877374686321,0.6288470441844677,0.31606521834690043
619,0.14068594837524198,0.3191174717357311,0.5401965798890269
620,0.16705659538695633,0.6378901423991644,0.1950532622138794
621,0.05324369349758229,0.2578468318848202,0.6889094746175974
622,0.4660863416021225,0.1105355212601674,0.42337813713771
623,0.9610761729559684,0.008349849902505459,0.030573977141526213
624,0.2379545194512955,0.13705947501863944,0.624986005530065
625,0.15446203854249616,0.06155229580521545,0.7839856656522884
626,0.39348051068142187,0.049783875325794605,0.5567356139927834
627,0.037425482956232846,0.3483292093770212,0.6142453076667457
628,0.011650475391954095,0.2560708529741747,0.7322786716338714
629,0.15578261387542233,0.2283874585456937,0.615829927578884
630,0.7854546311273451,0.056695221069089995,0.15785014780356507
631,0.7751886991107929,0.05948331043425714,0.16532799045494992
632,0.0634153631951585,0.12720736758377485,0.809377269221067
633,0.46934000904181444,0.04887330916884771,0.4817866817893377
634,0.30596389828745224,0.21722342312153356,0.47681267859101395
635,0.6666011154739835,0.028513614688053805,0.30488526983796294
636,0.2550314868392745,0.17346207327795002,0.5715064398827753
637,0.1468922100567128,0.07501277512039635,0.778095014822891
638,0.2695876019202431,0.2033979384008005,0.5270144596789563
