,proba_0,proba_1,proba_2
0,0.11653907594162861,0.27384131814282814,0.6096196059155429
1,0.24258942633054517,0.12845985465429136,0.6289507190151631
2,0.9999986581110045,5.011140723446949e-08,1.2917775883147044e-06
3,0.10295639788641825,0.23543738438097742,0.6616062177326043
4,0.2719540329426244,0.17056094688501572,0.55748502017236
5,0.2875415134900671,0.10430195257934945,0.6081565339305832
6,0.06697695343831393,0.26165546269497925,0.6713675838667069
7,0.14171776166389793,0.2364627860202839,0.6218194523158179
8,0.24368464401961099,0.13257361159749953,0.6237417443828894
9,0.12460928367805854,0.21083068701586433,0.6645600293060769
10,0.1660666102272719,0.2989283886236514,0.5350050011490767
11,0.34344280601415483,0.11327990074210574,0.5432772932437394
12,0.11739574857922219,0.24357471870796268,0.6390295327128148
13,0.21933621839015155,0.20723233555149453,0.5734314460583537
14,0.25056610810456476,0.17874430382210726,0.5706895880733278
15,0.10784692276605726,0.2713614193697164,0.6207916578642264
16,0.3157250653877514,0.09153588852632462,0.5927390460859239
17,0.18733826538015436,0.11163660801684808,0.7010251266029974
18,0.2768939200996915,0.18399301486875108,0.5391130650315576
19,0.3631747402458542,0.08882167890010868,0.5480035808540371
20,0.17390428604731253,0.2614646928006468,0.5646310211520406
21,0.15234139797310617,0.2670918630490745,0.5805667389778192
22,0.16837414961380548,0.199635523943113,0.6319903264430814
23,0.28601604017682686,0.18317359521302853,0.5308103646101446
24,0.3602213292202226,0.1820075339531702,0.45777113682660714
25,0.13166894399759904,0.22057741898265334,0.6477536370197473
26,0.3334212107262771,0.23140081570689253,0.4351779735668306
27,0.9968380543945671,5.144999750046526e-06,0.003156800605683082
28,0.310492788526086,0.11465498504496673,0.5748522264289473
29,0.9999998492553815,5.037582594464917e-08,1.0036879251344836e-07
30,0.23711743136235075,0.17612924115828407,0.5867533274793653
31,0.13950233353777378,0.2722814676439688,0.5882161988182576
32,0.1663739789323505,0.161184588050831,0.6724414330168184
33,0.23024743544048604,0.12447558317439644,0.6452769813851175
34,0.24966853659151536,0.19805272153012923,0.5522787418783554
35,0.35263644238511227,0.1086212747100961,0.5387422829047918
36,0.2885231686264844,0.12941903777198271,0.5820577936015328
37,0.8215361342401304,0.014056505539756903,0.16440736022011268
38,0.11580820152695334,0.25338069715888395,0.6308111013141626
39,0.09289371700992721,0.237862951762457,0.6692433312276155
40,0.17714166263552725,0.26030202710458583,0.5625563102598866
41,0.09659553994237445,0.22807705406990786,0.6753274059877172
42,0.13774486836697725,0.2463358482068734,0.6159192834261493
43,0.1994219225611424,0.19787636234582867,0.6027017150930292
44,0.23110752557355185,0.1948512873527792,0.574041187073669
45,0.2116231934356509,0.153119166234284,0.6352576403300648
46,0.1520322058344676,0.13957827627806665,0.7083895178874655
47,0.06629848001343039,0.2691551761172053,0.6645463438693642
48,0.3026697239376317,0.22595167700967494,0.47137859905269336
49,0.14040462641157211,0.2167798583201672,0.6428155152682606
50,0.08074037518511606,0.18558851173216867,0.7336711130827153
51,0.1372437149822565,0.2100930603359448,0.6526632246817987
52,0.2501786375386272,0.09770936936216268,0.6521119930992102
53,0.9999998490320189,5.048996475301059e-08,1.004780163733277e-07
54,0.3319649586598512,0.08305534525414938,0.5849796960859994
55,0.2696934904259441,0.12177969908698912,0.6085268104870669
56,0.2783872251132181,0.11106213213861649,0.6105506427481655
57,0.3454852856143878,0.07740683654500474,0.5771078778406075
58,0.2414777983384111,0.15324001949098312,0.6052821821706056
59,0.1931295312932063,0.18563359925451894,0.621236869452275
60,0.23693024656787184,0.220321813619404,0.542747939812724
61,0.26849145057539947,0.06768497585412929,0.6638235735704713
62,0.0653268965745681,0.28703577233853245,0.6476373310868995
63,0.1425424155083591,0.3784150558374364,0.4790425286542045
64,0.06972421587430627,0.2637077291705738,0.66656805495512
65,0.062285094261174304,0.2695643024277577,0.6681506033110679
66,0.17407345482072784,0.19752106408849193,0.6284054810907799
67,0.31700643893960434,0.07886820321776233,0.6041253578426334
68,0.1284804971347056,0.35232358206454806,0.5191959208007462
69,0.2760049327915089,0.11987634786061761,0.6041187193478734
70,0.5019659312143139,0.05632151953301555,0.44171254925267045
71,0.23707613520376017,0.2340168684505103,0.5289069963457295
72,0.09461915078334691,0.2491178656023762,0.6562629836142769
73,0.2699590916043841,0.2402655679537198,0.4897753404418962
74,0.15262367232497956,0.28421293686839927,0.5631633908066214
75,0.999999849977715,5.001114195711809e-08,1.0001114322360873e-07
76,0.25006932681505273,0.08257089769559328,0.667359775489354
77,0.10670933678457374,0.2608331520147892,0.6324575112006373
78,0.06767738846879673,0.1973279835096112,0.7349946280215923
79,0.5125777847783678,0.057568964593204416,0.4298532506284279
80,0.16874728285895327,0.21148482345227834,0.6197678936887683
81,0.23722672801422104,0.13214254868873918,0.6306307232970396
82,0.9999998490925979,5.045894359801599e-08,1.0044845855856786e-07
83,0.07684753127505997,0.30802732170655517,0.6151251470183846
84,0.25875066061130564,0.19172010092759978,0.5495292384610944
85,0.1706144505041151,0.257886027363154,0.5714995221327309
86,0.9999998499024938,5.0048808970746674e-08,1.0004869737265569e-07
87,0.1008239508785689,0.23500973636273145,0.6641663127586994
88,0.13637122607665605,0.1743513343467353,0.6892774395766086
89,0.1707353109174565,0.1258999163072965,0.703364772775247
90,0.13380214633542,0.2502322099407843,0.6159656437237958
91,0.05479163196941279,0.27530256581352114,0.6699058022170659
92,0.13621900198265588,0.2615805500819106,0.6022004479354334
93,0.3719335194283126,0.07755663250609987,0.5505098480655877
94,0.22637057415620682,0.3070065448868174,0.4666228809569756
95,0.10554889184261507,0.22957774775636824,0.6648733604010167
96,0.4409729071108637,0.08547527857613724,0.473551814312999
97,0.16724707231106636,0.19650452785649788,0.6362483998324356
98,0.323259454196525,0.148079695520572,0.5286608502829029
99,0.23894824344562013,0.15764211111646556,0.6034096454379144
100,0.16647504468855137,0.304467377725498,0.5290575775859507
101,0.1696393859141714,0.3162955392087203,0.5140650748771083
102,0.15264858673244083,0.164449747206162,0.6829016660613971
103,0.1618597957635042,0.33470525863658407,0.5034349455999113
104,0.2995120469796131,0.1682107479980501,0.5322772050223368
105,0.11219079006499043,0.2553561855257391,0.6324530244092703
106,0.08657702329551899,0.24571581198589962,0.6677071647185814
107,0.21510911591200965,0.21128971130325375,0.5736011727847364
108,0.2145627144387305,0.23805489145450784,0.5473823941067616
109,0.3413634809336181,0.12079423311653881,0.5378422859498428
110,0.1447417127849414,0.26284780333046276,0.5924104838845959
111,0.13078047523464198,0.20158492270927394,0.667634602056084
112,0.24965552369270871,0.2826154587608765,0.4677290175464149
113,0.21610930991311572,0.14485004995518147,0.6390406401317027
114,0.3726330704131622,0.12331253780203849,0.5040543917847992
115,0.3750685118503544,0.1412535541220848,0.48367793402756093
116,0.11228978887321957,0.29207031901010483,0.5956398921166755
117,0.17094687566556432,0.18421230742985675,0.6448408169045788
118,0.3415611672824036,0.06615809723567437,0.5922807354819222
119,0.037136609827466444,0.30747108703785064,0.6553923031346829
120,0.2861599845215306,0.19509867925518753,0.5187413362232817
121,0.1700077109358555,0.1430505679637684,0.6869417211003762
122,0.2418547662590668,0.13638853820030497,0.6217566955406283
123,0.14255329072691594,0.30104336757272476,0.5564033417003591
124,0.29911486356578165,0.10147036078626469,0.5994147756479538
125,0.22412230655836513,0.1336233568647465,0.6422543365768884
126,0.10723306945872213,0.2408254803153628,0.6519414502259148
127,0.2792817587472764,0.12564262465271,0.5950756166000138
128,0.2521656281338998,0.24819052154148744,0.49964385032461267
129,0.21296966915640272,0.27346093010361455,0.5135694007399828
130,0.24131473119298988,0.19604865392975732,0.562636614877253
131,0.19565081088831557,0.1422155334078166,0.6621336557038677
132,0.3082578527869054,0.13490827075010361,0.5568338764629911
133,0.9958819989253281,8.718388838360541e-06,0.004109282685833457
134,0.1536371194068933,0.15761832871199435,0.6887445518811122
135,0.23866667914935127,0.11869617985791858,0.6426371409927303
136,0.09425040310678834,0.26881835365480444,0.6369312432384069
137,0.2925412050489052,0.08568953200856726,0.6217692629425274
138,0.30224934444944,0.13584270045460398,0.5619079550959559
139,0.10378816605905676,0.2915471199666612,0.6046647139742822
140,0.21607681819213562,0.15244008476759371,0.6314830970402705
141,0.16613973211616806,0.1377976011938667,0.6960626666899652
142,0.20460024599212467,0.30362288814546834,0.4917768658624071
143,0.28976119865646527,0.1723240509616133,0.5379147503819214
144,0.3953393244001144,0.12107534382783644,0.48358533177204904
145,0.18110155292478922,0.2226374529304707,0.5962609941447401
146,0.30437963316691463,0.07084822008136601,0.6247721467517192
147,0.32791800411667843,0.12091991587420184,0.5511620800091198
148,0.16769693038719546,0.1863360230956335,0.6459670465171711
149,0.11035772761293346,0.222363711726388,0.6672785606606785
150,0.17875394941209158,0.28102441309385534,0.5402216374940535
151,0.21472512369443417,0.1806434051764727,0.6046314711290929
152,0.31096211251309497,0.23096709778708913,0.45807078969981596
153,0.3486696828276299,0.12095411333058262,0.5303762038417875
154,0.3344698572156651,0.20324976570771788,0.46228037707661646
155,0.14428230266011394,0.21926541637825955,0.6364522809616264
156,0.08659259571055229,0.26449811148781166,0.6489092928016363
157,0.3264291510031875,0.12639864329818967,0.5471722056986229
158,0.08266287922823935,0.3033875902767423,0.6139495304950184
159,0.1812723054993544,0.19819807493451852,0.6205296195661268
160,0.3459552315101512,0.1384174806138958,0.515627287875953
161,0.3188753787161725,0.14033360424681574,0.5407910170370118
162,0.2605798382857871,0.23374249416680584,0.5056776675474071
163,0.08173880436462358,0.2587209096360681,0.6595402859993081
164,0.26238771268888306,0.14753041075314896,0.5900818765579682
165,0.1870269585459786,0.1702825256600994,0.6426905157939219
166,0.16710993450494235,0.35134387305930925,0.4815461924357484
167,0.25030143822402895,0.25893468426125077,0.4907638775147202
168,0.1797627875667935,0.3473353047702003,0.4729019076630061
169,0.11910052002007006,0.23520481753384528,0.6456946624460845
170,0.08543588521095169,0.2026811029903063,0.7118830117987419
171,0.2875541100547318,0.2070073393699155,0.5054385505753528
172,0.19069882320958112,0.17246346395100698,0.6368377128394119
173,0.2623795554553129,0.20558925998983724,0.5320311845548499
174,0.18342445681395658,0.18950507477967388,0.6270704684063696
175,0.2521337491452382,0.17889643400842475,0.5689698168463371
176,0.12021702363531596,0.1642108244081187,0.7155721519565654
177,0.3221864145557448,0.11473215669929374,0.5630814287449615
178,0.1314660354432277,0.15929498959539962,0.7092389749613729
179,0.12489372102156945,0.14974376545516374,0.7253625135232664
180,0.17443156580344074,0.15794015094999855,0.6676282832465608
181,0.10520214385018853,0.24272935236953994,0.6520685037802718
182,0.28471136997370017,0.16850435791056717,0.546784272115733
183,0.2515383910957648,0.22406428671048198,0.5243973221937532
184,0.22562065794444217,0.16500095262597833,0.6093783894295796
185,0.18227207118336136,0.20193702936084018,0.6157908994557985
186,0.4436438952013407,0.10193949457456597,0.45441661022409335
187,0.37422669424930727,0.09554691123239413,0.5302263945182988
188,0.3898891428201859,0.09611068637697824,0.514000170802836
189,0.13900493594798347,0.2122610350773192,0.6487340289746973
190,0.30710146795850396,0.1878029359012964,0.5050955961401997
191,0.21252959881379072,0.1674457790061473,0.620024622180062
192,0.1737335787067643,0.20808214700019606,0.6181842742930398
193,0.10440007691958808,0.233846246266193,0.6617536768142187
194,0.1947129880107688,0.29995975236736855,0.5053272596218623
195,0.161660317166477,0.2487339119966241,0.5896057708368989
196,0.37996084999005586,0.12236343953463995,0.4976757104753041
197,0.05419180085206082,0.20253480925548586,0.7432733898924533
198,0.29315502801480103,0.10711539198176254,0.5997295800034363
199,0.11966973449223108,0.2633584979149525,0.6169717675928164
200,0.051212772834378334,0.29777006294246544,0.6510171642231561
201,0.3205233400982101,0.09387056489413399,0.585606095007656
202,0.16930003334530488,0.2302983750643732,0.6004015915903217
203,0.4352477681117992,0.05808138772937941,0.5066708441588211
204,0.16580561422093765,0.2968847803923576,0.5373096053867046
205,0.15823526145185796,0.2342399388640246,0.6075247996841174
206,0.1595003942894806,0.21488171235427087,0.6256178933562486
207,0.2893079434755834,0.1504320360443614,0.5602600204800553
208,0.10611840860932102,0.238750511087739,0.6551310803029402
209,0.999999849950507,5.002475807682743e-08,1.000247349071682e-07
210,0.17596438232648154,0.2147208732029154,0.6093147444706031
211,0.21924270219355033,0.27269838080049186,0.5080589170059575
212,0.12319420073656162,0.40383688230479864,0.47296891695863935
213,0.500400166877165,0.06538326176534806,0.43421657135748665
214,0.14800343733411017,0.2701029131430164,0.5818936495228734
215,0.1956889859260759,0.22299782494997417,0.58131318912395
216,0.2736733092704203,0.11961465756113443,0.6067120331684452
217,0.22547632042813698,0.23868058137147646,0.5358430982003866
218,0.14149939231964542,0.3637167865231564,0.49478382115719816
219,0.15398861741368108,0.2401312195361443,0.6058801630501746
220,0.29875478138674866,0.2135870549535286,0.4876581636597229
221,0.15931279208131435,0.296128432365461,0.5445587755532246
222,0.3823842361919589,0.10879605638476562,0.5088197074232755
223,0.08707527452516656,0.24017385915765974,0.6727508663171736
224,0.19778380057302217,0.21875119509649332,0.5834650043304846
225,0.2822256556852239,0.16854732161306188,0.5492270227017144
226,0.10141400364263314,0.3080742929725779,0.5905117033847891
227,0.037652164099156296,0.24543155560356805,0.7169162802972756
228,0.1550718650439594,0.20933288732795788,0.6355952476280824
229,0.10243664868403997,0.28671303700500267,0.6108503143109574
230,0.5550791815136242,0.05032972314750926,0.39459109533886655
231,0.16174982283803868,0.1695328715715147,0.6687173055904466
232,0.15232975559311362,0.15406540374576727,0.6936048406611189
233,0.07245823083971079,0.2046028179712434,0.7229389511890457
234,0.24668540013182105,0.15167979673549303,0.6016348031326858
235,0.2522200847368267,0.23738522619475308,0.5103946890684203
236,0.08343495764472188,0.2639146836398343,0.6526503587154437
237,0.13011385159019448,0.17565953880856638,0.6942266096012394
238,0.11687358817635794,0.28845940922391017,0.5946670025997322
239,0.09113816442482153,0.24401698633537983,0.6648448492397989
240,0.2191193557810882,0.18383467022201994,0.5970459739968919
241,0.14875428625393627,0.20523758481937546,0.6460081289266884
242,0.13433808807909478,0.24893560429236464,0.6167263076285406
243,0.31928214523522813,0.08275978638456608,0.5979580683802056
244,0.06956657107314386,0.25402284237651507,0.6764105865503409
245,0.1407922596170623,0.3870949000612238,0.47211284032171374
246,0.166775986974733,0.259332853461522,0.5738911595637451
247,0.11331301329459123,0.25415426974326283,0.6325327169621459
248,0.14922625902968478,0.1731206277011413,0.6776531132691739
249,0.10964290707892102,0.17854783519092343,0.711809257730156
250,0.42609071551594335,0.13101964594565957,0.4428896385383969
251,0.08142607553594025,0.3674711572653067,0.5511027671987528
252,0.4539948361883866,0.10194610516617865,0.4440590586454348
253,0.10948211401994383,0.3598165239218957,0.5307013620581607
254,0.43594550247464575,0.0726121648752437,0.4914423326501106
255,0.12649370449799965,0.25122603764379087,0.6222802578582093
256,0.18826819662511574,0.202762615828979,0.6089691875459051
257,0.1706366440641927,0.27655754953871214,0.552805806397095
258,0.26089664497286336,0.20335106108238724,0.5357522939447492
259,0.07381799020472819,0.3045410612247756,0.621640948570496
260,0.23563742537853583,0.1372445712663593,0.6271180033551053
261,0.23118398056153777,0.16433711414840163,0.6044789052900607
262,0.2807198084237612,0.07544733989542841,0.6438328516808103
263,0.2560330533501024,0.18750187792855802,0.5564650687213395
264,0.21695220453522568,0.3069191389378174,0.47612865652695663
265,0.1247847678351727,0.2934592172451316,0.5817560149196958
266,0.2596525583110757,0.1327672452182835,0.6075801964706409
267,0.3355653678450722,0.11982666683906822,0.5446079653158596
268,0.14118947147962,0.13636551433965854,0.7224450141807215
269,0.22657321264427924,0.22303607986145882,0.5503907074942621
270,0.19401464024401768,0.1836700346233837,0.6223153251325984
271,0.09548409616606686,0.23225146716059317,0.6722644366733398
272,0.17368534463615243,0.19496539925937023,0.6313492561044772
273,0.1170847967833875,0.15210776370345808,0.7308074395131547
274,0.061910269289631406,0.23119660563913408,0.7068931250712345
275,0.2424435996154945,0.11416538606619739,0.643391014318308
276,0.3040835175135112,0.12165941292526745,0.5742570695612212
277,0.1415786687677474,0.373119366133121,0.4853019650991312
278,0.16047954142241883,0.23235378158364844,0.6071666769939329
279,0.9999998495732497,5.0214519903785404e-08,1.00212230390656e-07
280,0.3538720332292398,0.11870286450607967,0.5274251022646805
281,0.5029235125282413,0.06220249703398392,0.43487399043777475
282,0.07004544888358072,0.2668035188196,0.6631510322968196
283,0.28116747226257294,0.12723404495303697,0.5915984827843899
284,0.27100782221660347,0.08239616455483076,0.6465960132285659
285,0.3167476217630803,0.08884893612022116,0.5944034421166984
286,0.21291069332290238,0.16336605460393896,0.6237232520731587
287,0.11015739576629777,0.38844326368435356,0.5013993405493488
288,0.38684871464146653,0.11910533016636625,0.4940459551921675
289,0.12635780184582568,0.3891218539077226,0.48452034424645185
290,0.33649360326897976,0.07836803907328503,0.5851383576577351
291,0.12856895996577067,0.2169944174232669,0.6544366226109628
292,0.29633247983075783,0.11578322879118644,0.5878842913780556
293,0.45803488780212487,0.08141391385237205,0.4605511983455032
294,0.07111709374556915,0.2085064811998757,0.7203764250545553
295,0.1674869087948457,0.31540995155019824,0.5171031396549559
296,0.1809002926794766,0.3021531919983215,0.5169465153222017
297,0.18493092500003347,0.26460714013714504,0.5504619348628215
298,0.23387775076000447,0.2120527605101609,0.5540694887298345
299,0.15350222355918952,0.2717292281769987,0.5747685482638117
300,0.11476300907247415,0.2915202549732622,0.5937167359542636
301,0.1519471480555697,0.12387053421727916,0.7241823177271511
302,0.24951684390417442,0.10881815645903171,0.6416649996367937
303,0.3693701362274082,0.08933372730707512,0.5412961364655169
304,0.10945206615759472,0.23770896739023586,0.6528389664521693
305,0.22057636231970407,0.11346203341208645,0.6659616042682096
306,0.1288319101255511,0.23625708862770095,0.6349110012467482
307,0.22121782609616106,0.12952023023989917,0.6492619436639395
308,0.12199966325813424,0.2654150077040098,0.6125853290378557
309,0.16653277800244132,0.2896968061816424,0.5437704158159161
310,0.22254236533897634,0.11863203975198189,0.6588255949090418
311,0.21475488448689992,0.18924607073598063,0.5959990447771197
312,0.26232440772072996,0.13905538721380056,0.5986202050654692
313,0.164714043445272,0.15829621314168651,0.6769897434130414
314,0.10610233571644057,0.25709303647004955,0.6368046278135098
315,0.3800953360595266,0.1064286362571569,0.5134760276833163
316,0.11706916085267817,0.23381296403624638,0.6491178751110753
317,0.16542459465576992,0.22191205993367757,0.6126633454105526
318,0.2501798953745702,0.15414678125067727,0.5956733233747521
319,0.2434231846806314,0.13439542390050205,0.6221813914188662
320,0.12999730342893653,0.1390034629634399,0.7309992336076236
321,0.1856228074678888,0.2761212234911806,0.5382559690409306
322,0.1186512970424688,0.24820821080667976,0.6331404921508512
323,0.13965267769843845,0.3678074590994804,0.4925398632020811
324,0.11157378646023826,0.27975967964037324,0.6086665338993882
325,0.28839024039633226,0.10071950990462405,0.6108902496990436
326,0.1980318944164583,0.2719049821736442,0.5300631234098977
327,0.3472300457220366,0.10121267810694544,0.5515572761710178
328,0.2245538014658388,0.19468027824822384,0.5807659202859377
329,0.3150568417295141,0.10104132584857876,0.5839018324219073
330,0.09236101459406763,0.30127457669301755,0.606364408712915
331,0.14159973680948096,0.33653274333329547,0.5218675198572237
332,0.8555426758447792,0.007576085610293923,0.13688123854492687
333,0.34099019303415123,0.20259378954018736,0.4564160174256612
334,0.19299729663614437,0.21472451268259476,0.592278190681261
335,0.3142900475297117,0.22162972175972592,0.46408023071056254
336,0.125355878625227,0.16377227144405962,0.7108718499307136
337,0.2966775883172661,0.07748384100301828,0.6258385706797156
338,0.15646322412059413,0.2266124406561684,0.6169243352232375
339,0.18281629082281653,0.30209265871638913,0.5150910504607943
340,0.08661515550497974,0.20983664225900264,0.7035482022360176
341,0.26032078673041903,0.164295097299655,0.5753841159699259
342,0.4349993934925138,0.05138021827545667,0.5136203882320295
343,0.1952166087829761,0.20642830710840054,0.5983550841086231
344,0.1657165675738596,0.2334590644535011,0.6008243679726394
345,0.13454987995475554,0.17651027006412967,0.6889398499811148
346,0.2821355813718666,0.209091069910224,0.5087733487179094
347,0.34692824288393975,0.19520652471325833,0.457865232402802
348,0.20075251114982917,0.16517622178549698,0.6340712670646741
349,0.2678124091622585,0.1763396229116179,0.5558479679261236
350,0.09324689096805941,0.26637986911868083,0.6403732399132597
351,0.29514050104877826,0.09960832358824005,0.6052511753629816
352,0.3805624950360911,0.10031368931741572,0.5191238156464931
353,0.2530851654672651,0.27187065006643607,0.4750441844662988
354,0.22311345769885024,0.09259263939214178,0.6842939029090079
355,0.09041676168476279,0.25923022735291357,0.6503530109623237
356,0.3085605408942315,0.08568480884341322,0.6057546502623552
357,0.1784550982150542,0.1787349239457348,0.642809977839211
358,0.06985746421516557,0.3050211958376293,0.625121339947205
359,0.1283804032432904,0.33993022844739695,0.5316893683093125
360,0.07672239418036955,0.2612305418408226,0.6620470639788079
361,0.125723995298433,0.13858801299667065,0.7356879917048965
362,0.16787371258291106,0.19440138961711975,0.6377248977999692
363,0.10013693545543086,0.40439987557057766,0.49546318897399144
364,0.18879823393439535,0.2973572982011133,0.5138444678644914
365,0.17217588111488683,0.18539855377116388,0.6424255651139492
366,0.09030785021413236,0.15861761591820756,0.7510745338676602
367,0.07029165749730494,0.25963853711382,0.6700698053888748
368,0.2950651913138234,0.1705435769129613,0.534391231773215
369,0.22677202632021953,0.17496014720922934,0.5982678264705512
370,0.359582202482146,0.16547286315095067,0.4749449343669034
371,0.22070747675104166,0.17193702359064175,0.6073554996583168
372,0.312275723428353,0.04830949009985112,0.6394147864717957
373,0.11663479129153438,0.2982448614512984,0.5851203472571671
374,0.2116300745171159,0.3095317597662747,0.4788381657166091
375,0.04785956558453484,0.2239962410274065,0.7281441933880585
376,0.13526137368041807,0.18617917108919133,0.6785594552303906
377,0.11843814627293817,0.16648538070722713,0.7150764730198346
378,0.275372003735634,0.14163284970820764,0.5829951465561585
379,0.23410805098157025,0.16808724108088272,0.597804707937547
380,0.20092524048451513,0.19750100460435485,0.6015737549111299
381,0.08970631440862728,0.2043456576076494,0.7059480279837236
382,0.3058971012553471,0.12060915327108042,0.5734937454735726
383,0.0832774426067719,0.2987535549065153,0.6179690024867128
384,0.300722566045032,0.14399488418550146,0.5552825497694666
385,0.23891103306936287,0.1568787647950215,0.6042102021356157
386,0.8101786125865583,0.008631741797559055,0.18118964561588252
387,0.17513159969117575,0.17988674598953255,0.6449816543192919
388,0.1237435236689559,0.16836499777045225,0.7078914785605916
389,0.43736690617101465,0.09797926694667947,0.46465382688230583
390,0.20676320174105298,0.20624311924172548,0.5869936790172213
391,0.26507931174827254,0.16172844389817997,0.5731922443535474
392,0.9999998491488279,5.043019295313976e-08,1.004209791874473e-07
393,0.14168266881210462,0.3563237842885774,0.5019935468993179
394,0.09173064127085656,0.17210671656023266,0.7361626421689108
395,0.03276876480175436,0.2188173159842516,0.748413919213994
396,0.12587364599698295,0.27781758542033724,0.5963087685826798
397,0.2948838373128597,0.09332525626491156,0.6117909064222284
398,0.0736307151280139,0.3227540060344512,0.6036152788375345
399,0.38003640512967735,0.07726946056701584,0.5426941343033066
400,0.1502426953799693,0.2858167723767179,0.563940532243313
401,0.2895219406640122,0.10350819784470305,0.6069698614912848
402,0.12468427743474939,0.2206616129401654,0.6546541096250854
403,0.2912224251957554,0.15582513927831562,0.5529524355259292
404,0.07308268676569425,0.25412947561398874,0.6727878376203171
405,0.30604427934611883,0.08630183791879135,0.6076538827350898
406,0.31819724208611166,0.0755255807470236,0.606277177166865
407,0.2157905688719063,0.18227203427092706,0.6019373968571666
408,0.06623472850158851,0.34556941244444256,0.5881958590539687
409,0.3256812126834162,0.13342191368662937,0.5408968736299543
410,0.18564179805992362,0.3186144327160866,0.4957437692239896
411,0.26749254173421355,0.2586550433332372,0.47385241493254887
412,0.6581410673100679,0.02441283144690001,0.31744610124303224
413,0.3587972137449747,0.06183338765276987,0.5793693986022557
414,0.13179314117873037,0.15313842902229127,0.7150684297989784
415,0.43874508112805205,0.09617410620937367,0.4650808126625744
416,0.2421299769547515,0.10998380756162418,0.6478862154836244
417,0.15420300778763976,0.1970545069743116,0.6487424852380488
418,0.15286504314606614,0.22874117381169534,0.6183937830422386
419,0.05606566963944575,0.3242905157474241,0.6196438146131303
420,0.31669109501483267,0.09765661805591541,0.5856522869292521
421,0.184783066453999,0.2608954959068944,0.5543214376391066
422,0.4492156069421156,0.08391511432493524,0.4668692787329491
423,0.3044588791331701,0.1490467694158763,0.5464943514509538
424,0.14189990351294163,0.2897883745223305,0.5683117219647278
425,0.26478683815391374,0.1157991244304303,0.619414037415656
426,0.05267409198175196,0.26773669563507474,0.6795892123831732
427,0.2195335350616789,0.14196806550110416,0.638498399437217
428,0.1990187032818021,0.3332330659315626,0.4677482307866354
429,0.19508860959269556,0.10889363812843292,0.6960177522788715
430,0.2375175336558833,0.13261926496168233,0.6298632013824343
431,0.4260720177390805,0.10056830080336757,0.47335968145755225
432,0.3069321450979694,0.16481216255546677,0.5282556923465639
433,0.11630935631062705,0.2906453285784856,0.5930453151108871
434,0.09120551028938585,0.32411345565691085,0.5846810340537033
435,0.25637829287706676,0.30928884023814623,0.4343328668847868
436,0.16911388313687073,0.3723851766558634,0.4585009402072658
437,0.20099731568495857,0.19828910714735123,0.6007135771676898
438,0.2927099789229168,0.1232365544299428,0.5840534666471404
439,0.14598913097119293,0.19858067751565828,0.6554301915131487
440,0.31297055728647466,0.2284723186679216,0.4585571240456038
441,0.21460129848430412,0.16944541500862031,0.6159532865070756
442,0.170843024288514,0.15491238926380502,0.6742445864476807
443,0.14513332219814332,0.23293142465195715,0.6219352531498994
444,0.22422594293840695,0.19461255319054313,0.5811615038710498
445,0.18003460582528208,0.34134514871478194,0.47862024545993603
446,0.11109950335962292,0.29571496259223584,0.593185534048141
447,0.1333737152008178,0.2462596899448675,0.6203665948543148
448,0.18437638220502117,0.17625566768310047,0.6393679501118783
449,0.2362660828042368,0.1165885864793258,0.6471453307164378
450,0.33138999588865026,0.10714125035886381,0.5614687537524858
451,0.2010670632902121,0.2814765027200147,0.5174564339897733
452,0.14791572224044777,0.2583150703834788,0.5937692073760735
453,0.17013470918878518,0.2521530381982439,0.5777122526129711
454,0.053774718595220615,0.2772092443285974,0.6690160370761817
455,0.36405432629095924,0.117080885113354,0.5188647885956867
456,0.06811352732704284,0.2911788761827063,0.6407075964902509
457,0.33939305267784475,0.20376870451050802,0.45683824281164737
458,0.13600848564193938,0.28283118027852816,0.5811603340795324
459,0.35235441669142503,0.12686315776480733,0.5207824255437675
460,0.118495227239354,0.21580072393160007,0.6657040488290459
461,0.10862911872374763,0.15428509205821292,0.7370857892180397
462,0.2795353978036822,0.09853520983533884,0.6219293923609788
463,0.14496846642305966,0.2576558910501178,0.5973756425268222
464,0.1813464776303221,0.18247131696685856,0.6361822054028193
465,0.22077574280081452,0.18284209696209572,0.5963821602370899
466,0.11171102833976992,0.2895749305119133,0.5987140411483168
467,0.11816931790518392,0.239395331291046,0.64243535080377
468,0.06911204495212034,0.2736874322240687,0.657200522823811
469,0.12682772065156694,0.24718265289853483,0.6259896264498984
470,0.9952960207309122,1.1377032810606037e-05,0.004692602236277193
471,0.19501070810248278,0.2606050123551546,0.5443842795423623
472,0.27921803154574004,0.18966319706968993,0.5311187713845698
473,0.842232313394364,0.007451071963062319,0.15031661464257376
474,0.15040215799524312,0.23321091370289154,0.6163869283018655
475,0.23658878679013787,0.17749968400893867,0.5859115292009236
476,0.3929541060928788,0.10152252588306428,0.5055233680240568
477,0.18053651833533074,0.14322395867034368,0.676239522994326
478,0.21901959835534612,0.3095673508388569,0.47141305080579676
479,0.13158289935740572,0.25727913898448523,0.6111379616581086
480,0.21840777351248464,0.1409779478338012,0.6406142786537141
481,0.3069843383719446,0.16138126580913714,0.5316343958189184
482,0.1331195650280212,0.24273303416766906,0.6241474008043095
483,0.2960747839771088,0.1616761782194497,0.5422490378034411
484,0.18404093169365987,0.1973372287371258,0.6186218395692141
485,0.20976684349403932,0.18383745124449244,0.6063957052614682
486,0.16102941197599466,0.17599898711747886,0.6629716009065266
487,0.06847394386126113,0.28691647651769886,0.6446095796210399
488,0.1084167612177953,0.26636387043970033,0.6252193683425044
489,0.32141822548092114,0.1371759308938057,0.541405843625273
490,0.13842644086271672,0.2530423220698036,0.6085312370674796
491,0.06532705926182077,0.2708577828655177,0.6638151578726614
492,0.11811346729337653,0.28405423456226997,0.5978322981443532
493,0.13603145504845798,0.24311726156851718,0.6208512833830248
494,0.16491992784415352,0.2763358642453316,0.5587442079105148
495,0.09505355202435378,0.1608059737349873,0.7441404742406589
496,0.06477432621915727,0.3064340171575166,0.6287916566233263
497,0.9958392113343452,8.834290219456415e-06,0.004151954375435402
498,0.234348507160504,0.1556155708170432,0.6100359220224528
499,0.15851970583277528,0.16584805930975774,0.6756322348574668
500,0.07781127012370433,0.40120945359875304,0.5209792762775425
501,0.22105827139244624,0.1354125214587465,0.6435292071488076
502,0.20253128905114012,0.10886070966316176,0.688608001285698
503,0.24151236861949918,0.0925193483340577,0.6659682830464431
504,0.20996858767321525,0.1590746577568739,0.6309567545699108
505,0.9955498104586314,1.0180657509048686e-05,0.004440008883859396
506,0.1260650418586266,0.2152523490517882,0.6586826090895851
507,0.35391651671699553,0.1293737427322905,0.516709740550714
508,0.3353374579291536,0.09199813846599209,0.5726644036048547
509,0.9953386755376237,1.1299725426083457e-05,0.004650024736950289
510,0.1469939134023312,0.2762175657214689,0.5767885208762
511,0.092339502971442,0.2584223017518594,0.6492381952766985
512,0.090636905211665,0.33688770451088684,0.5724753902774482
513,0.3697986725127901,0.14673671148800949,0.48346461599920054
514,0.2448251210998874,0.14831918563810056,0.6068556932620119
515,0.16272867003485436,0.2962633045541753,0.5410080254109703
516,0.4436047536162791,0.09481240099740576,0.4615828453863152
517,0.12770265250929527,0.28824301158499377,0.584054335905711
518,0.1577926888318012,0.2502292722308144,0.5919780389373843
519,0.19312959686988102,0.1721187276907451,0.6347516754393739
520,0.1123946863502583,0.2928168547423146,0.594788458907427
521,0.16414757481995496,0.28160660824779815,0.5542458169322467
522,0.320142950334651,0.0816331188758454,0.5982239307895035
523,0.48834956926492534,0.06767508152456758,0.4439753492105072
524,0.12373911277089522,0.3599197364518414,0.5163411507772632
525,0.14533019601957484,0.27720848714402785,0.5774613168363972
526,0.2889635478929335,0.139559465199342,0.5714769869077247
527,0.2790007825469814,0.09228775313290874,0.6287114643201096
528,0.2051765016453327,0.217152944439584,0.5776705539150832
529,0.3821860938020272,0.14695366168386348,0.4708602445141092
530,0.289909692426956,0.07832831214643185,0.6317619954266118
531,0.2969122693472895,0.13010266162436218,0.5729850690283483
532,0.03729867394961262,0.28060158237836513,0.6820997436720223
533,0.18018162446524588,0.1880846837906076,0.6317336917441462
534,0.29563439411353754,0.15235322715643093,0.5520123787300318
535,0.3197107821505122,0.08181129177514075,0.598477926074347
536,0.10766988274136896,0.1667858290158756,0.7255442882427555
537,0.08956050990907953,0.3400920515780203,0.5703474385128999
538,0.45172413023293434,0.08286543651035251,0.46541043325671316
539,0.24458366737465911,0.18026754979806134,0.5751487828272797
540,0.27308019084869223,0.20414994795108996,0.5227698612002182
541,0.34239220642589746,0.1407569438877852,0.5168508496863173
542,0.46918888444298706,0.07875584865264468,0.45205526690436826
543,0.25917743698114964,0.12888492510420343,0.6119376379146471
544,0.12206126712512373,0.22940250014158906,0.6485362327332871
545,0.29600448900722903,0.24812800607309912,0.4558675049196718
546,0.36917540202791194,0.07185924599294106,0.5589653519791471
547,0.19997291358786856,0.11226407677537868,0.6877630096367526
548,0.12444578321097632,0.3024623024102492,0.5730919143787745
549,0.48171373086587566,0.08067061813926293,0.4376156509948615
550,0.21903158284274177,0.14393338301976405,0.6370350341374942
551,0.08614166666747458,0.2538523024202002,0.6600060309123252
552,0.13181042536990129,0.3968689553764147,0.47132061925368385
553,0.1710945500132465,0.1957140298226242,0.6331914201641291
554,0.05831326494470231,0.27699985637174246,0.6646868786835551
555,0.052010235863816534,0.3176970198129522,0.6302927443232315
556,0.28729439594937656,0.19423259735986897,0.5184730066907545
557,0.5600931217113555,0.050689284911258015,0.38921759337738643
558,0.4037391864467397,0.07118163790649779,0.5250791756467628
559,0.06503761777057318,0.3197494627767844,0.6152129194526426
560,0.27398528909325376,0.08679363933492296,0.6392210715718232
561,0.15966068432417999,0.23739527268552946,0.6029440429902907
562,0.406362229979048,0.08612300050969961,0.5075147695112524
563,0.14696191438085981,0.27906323838006136,0.5739748472390785
564,0.22019588248923624,0.2175642407136975,0.5622398767970664
565,0.9952766100729569,1.1324699409006624e-05,0.004712065227634028
566,0.12766789398893708,0.23606904466169665,0.6362630613493663
567,0.5121376677754094,0.05980050446043999,0.4280618277641507
568,0.03592433475298015,0.2904078861846023,0.6736677790624175
569,0.0743755460410544,0.2575765715312397,0.6680478824277057
570,0.08297283881817125,0.2910817680046421,0.6259453931771868
571,0.09343282083973906,0.24709201373927606,0.6594751654209848
572,0.18121257760281723,0.12374174623714564,0.6950456761600371
573,0.23481583329707606,0.13750646023004903,0.627677706472875
574,0.17576940151922826,0.22415571284141103,0.6000748856393606
575,0.15402757346011706,0.2499685383598497,0.5960038881800332
576,0.38973280171961433,0.09688323150389198,0.5133839667764933
577,0.18534007375124756,0.2007805121743354,0.6138794140744169
578,0.36419395914460123,0.12840065012997626,0.5074053907254227
579,0.09124166583387397,0.2742925741564372,0.6344657600096888
580,0.4526257595431661,0.0893331898084364,0.45804105064839734
581,0.15078942387541722,0.14377631271748845,0.7054342634070946
582,0.18661728257750018,0.3415021108866339,0.4718806065358657
583,0.16692208725777533,0.24506340416719305,0.5880145085750316
584,0.2863097787676092,0.12721253488840567,0.586477686343985
585,0.2271295138454015,0.2007495232928378,0.5721209628617608
586,0.08076835142682748,0.3528557238591443,0.5663759247140283
587,0.12367644839685603,0.3236733931523629,0.5526501584507815
588,0.07571980503239824,0.2877804144113062,0.6364997805562955
589,0.14177913010940538,0.16005677096094872,0.6981640989296461
590,0.09909437310164478,0.23987558620894206,0.6610300406894132
591,0.13948659512902728,0.31958219479219824,0.5409312100787742
592,0.1607826428031369,0.21104222110362464,0.6281751360932384
593,0.3088593405951739,0.10028330956899126,0.5908573498358348
594,0.1464763032017486,0.2984891702015021,0.555034526596749
595,0.11725935564095223,0.2222707498889038,0.6604698944701438
596,0.13003502914308954,0.224739338547304,0.6452256323096063
597,0.28201325072087235,0.15074754332925983,0.5672392059498678
598,0.0969710670495558,0.234047642469114,0.66898129048133
599,0.2195415549058039,0.1975780394314812,0.5828804056627148
600,0.13359135725514323,0.24993372401152372,0.6164749187333329
601,0.15695162586805653,0.2547738940336979,0.5882744800982459
602,0.3394714646902203,0.13460568606916282,0.5259228492406169
603,0.10347936330413796,0.15813560758533546,0.7383850291105264
604,0.20752829136901305,0.3060044032337942,0.48646730539719285
605,0.12207966240196973,0.20484089015742804,0.6730794474406022
606,0.2542418896446627,0.1611744493222273,0.5845836610331099
607,0.16226994027701333,0.29856344676724045,0.5391666129557464
608,0.27715464660336,0.2551019568500045,0.46774339654663544
609,0.23198936547425905,0.23655249365908784,0.5314581408666529
610,0.2904691286819694,0.26411325617271425,0.4454176151453162
611,0.171799482433225,0.3288093544071827,0.49939116315959226
612,0.03584602454008131,0.3002224710281133,0.6639315044318053
613,0.07728414332766978,0.3309606659307696,0.5917551907415607
614,0.11734286354043057,0.2597717137133948,0.6228854227461748
615,0.1266112464171943,0.1540276082008249,0.7193611453819811
616,0.1845760103480069,0.1850868870242018,0.6303371026277912
617,0.19246605544123443,0.1796841246397933,0.627849819918972
618,0.0860089873783758,0.2684748920046918,0.6455161206169321
619,0.12503507207234496,0.36892831427321465,0.5060366136544405
620,0.19728901981753663,0.30292712895219326,0.4997838512302699
621,0.04191631283699782,0.2198167915641435,0.7382668955988589
622,0.26436732690890036,0.11401326060376554,0.6216194124873342
623,0.4196812028476573,0.06188979175130481,0.5184290054010379
624,0.1075222894130762,0.2590903584477359,0.6333873521391874
625,0.3184329869154534,0.10883365285076702,0.5727333602337796
626,0.21066032608696253,0.23570160225810757,0.5536380716549298
627,0.27585544051813343,0.1359343074645286,0.5882102520173379
628,0.07429673689029512,0.30201582307506686,0.6236874400346379
629,0.3067143064918979,0.09411389637867733,0.5991717971294248
630,0.18312548214408003,0.18963550373943433,0.6272390141164853
631,0.2749249298866531,0.13070407466832637,0.5943709954450204
632,0.09482327146618447,0.1862836495540445,0.7188930789797712
633,0.2606651435316643,0.10430468401085713,0.6350301724574787
634,0.2053032824174957,0.2444569216385196,0.5502397959439846
635,0.3876762027260171,0.0945937782296132,0.5177300190443697
636,0.13040312587701033,0.2505341670719578,0.6190627070510321
637,0.21812650948451234,0.15384420918615926,0.6280292813293282
638,0.20309095711099195,0.22727888876310373,0.5696301541259042
639,0.05921106409058716,0.28106261135478794,0.659726324554625
640,0.999999849610613,5.019564527819593e-08,1.0019374189389345e-07
641,0.14020589695990288,0.32980890371506455,0.5299851993250327
642,0.15296365382068924,0.3765592022845151,0.47047714389479545
