,proba_0,proba_1,proba_2
0,0.11500419516510464,0.12043623959458949,0.7645595652403059
1,0.07911497676259283,0.14988705957274098,0.7709979636646662
2,0.9995755595948351,0.00040811526403857927,1.6325141126321387e-05
3,0.2984821330778957,0.30205977112744287,0.39945809579466146
4,0.1436010877654057,0.2651360907752377,0.5912628214593567
5,0.09602909453810907,0.3384631137715408,0.5655077916903501
6,0.009913668613233076,0.17611465957985378,0.8139716718069132
7,0.337695714981992,0.21047042297788537,0.45183386204012255
8,0.11615666934666331,0.02015872176582202,0.8636846088875147
9,0.04145603460890775,0.27413920019538957,0.6844047651957027
10,0.13998945870709473,0.6573717085305599,0.20263883276234532
11,0.7293221381036165,0.0774232987227023,0.19325456317368123
12,0.16871824798549495,0.2669426601697305,0.5643390918447746
13,0.25622967763786636,0.1259235950017449,0.6178467273603887
14,0.018996422451291718,0.11787403899196591,0.8631295385567425
15,0.4156341147231839,0.15644580118141624,0.4279200840953999
16,0.6744605374145838,0.024554864265864427,0.3009845983195517
17,0.13023773064070465,0.23031148457073966,0.6394507847885557
18,0.7141230934330905,0.07709143667357138,0.20878546989333802
19,0.40364403217456174,0.07352477701079967,0.5228311908146386
20,0.20092429577853427,0.5467925100949665,0.2522831941264993
21,0.042922224716504184,0.546482962293202,0.41059481299029366
22,0.028703753400858036,0.06767443234696767,0.9036218142521744
23,0.03305925291354902,0.1590844474537507,0.8078562996327002
24,0.43022066532459546,0.06298439591574748,0.5067949387596571
25,0.1001619662282274,0.3913916732540534,0.5084463605177192
26,0.11263916235046958,0.23027901608073942,0.657081821568791
27,0.9944486874490455,0.005525539345900591,2.5773205054003676e-05
28,0.7331529278229627,0.13078494112468525,0.13606213105235204
29,0.9999999960647348,3.4813448844193846e-09,4.5392033480785764e-10
30,0.24430184479271946,0.1681000022028679,0.5875981530044126
31,0.10908692761299968,0.4954665331068733,0.39544653928012713
32,0.21007164270298026,0.09172914015747875,0.698199217139541
33,0.3336237493789412,0.19723621669165248,0.46914003392940634
34,0.016294573458585437,0.1993705297722686,0.7843348967691459
35,0.12683024579840282,0.03645750987004866,0.8367122443315484
36,0.7019674285312735,0.028719755716310826,0.2693128157524158
37,0.9387045101130846,0.03889825793366867,0.022397231953246548
38,0.17868841250296374,0.21816464851117448,0.6031469389858617
39,0.00044848305771766274,0.169176855875811,0.8303746610664714
40,0.5008859508275006,0.06691713662717678,0.43219691254532266
41,0.00440840743337337,0.1951369148156864,0.8004546777509403
42,0.02193118892048941,0.27667674085736427,0.7013920702221463
43,0.038030800281038925,0.2466301298421897,0.7153390698767713
44,0.03963648057269743,0.21991453253358728,0.7404489868937153
45,0.015148972608978515,0.15641151276282286,0.8284395146281986
46,0.013198668275454378,0.06693933868014904,0.9198619930443965
47,0.009222323133375798,0.1425784794562147,0.8481991974104095
48,0.0579948860897809,0.28999190268680225,0.6520132112234169
49,0.5102797415639746,0.05374081029361302,0.43597944814241246
50,0.0431498550866413,0.21181960322631638,0.7450305416870423
51,0.15969194160428724,0.5265810746545576,0.31372698374115515
52,0.8480692568446919,0.07187222226994142,0.0800585208853666
53,0.9999999976069787,1.356718256945349e-09,1.0363030970701792e-09
54,0.08358329313880151,0.11199600162592255,0.804420705235276
55,0.00014430432767382223,0.16800172068958838,0.8318539749827377
56,0.15932627498661586,0.010270744191291009,0.8304029808220932
57,0.4435005463085988,0.07086972223383177,0.48562973145756944
58,0.31727579136863715,0.17543282146103126,0.5072913871703317
59,0.27919530216509864,0.10333423287774449,0.617470464957157
60,0.24625794071428406,0.047514633140554895,0.706227426145161
61,0.32974478823003545,0.03373620196149323,0.6365190098084712
62,0.1782584706316585,0.15389958654205668,0.6678419428262848
63,0.2000344921394457,0.1884311442167197,0.6115343636438346
64,0.051474915784987134,0.1937362368900119,0.7547888473250011
65,0.03281207528672839,0.14871023493930363,0.8184776897739678
66,0.10422673142989519,0.1342528134347779,0.761520455135327
67,0.12925224718977585,0.06706006186716677,0.8036876909430575
68,0.1231682822343365,0.46222779180486256,0.4146039259608009
69,0.38368070003261634,0.12056901189537153,0.4957502880720122
70,0.6836178042310352,0.03145014969117047,0.2849320460777943
71,0.07491441125220497,0.44631332247329997,0.47877226627449504
72,0.06223385025422415,0.14798946751438793,0.789776682231388
73,0.48435663689604996,0.43337485960584016,0.08226850349811005
74,0.027127551636376215,0.6445635471149318,0.328308901248692
75,0.9999993479840735,6.510685988710706e-07,9.473276670264861e-10
76,0.3146910359241575,0.02462770531895506,0.6606812587568874
77,0.024380941881881682,0.37617152247356056,0.5994475356445578
78,0.0358418685993556,0.2852378067695444,0.6789203246311
79,0.7903249364660406,0.011133785345584069,0.19854127818837533
80,0.0028636810098446033,0.0802212730732489,0.9169150459169065
81,0.22881062451203985,0.0743472946005869,0.6968420808873732
82,0.9999999975571074,1.969885506424644e-09,4.730070117643513e-10
83,0.019028294431575818,0.45976263704261855,0.5212090685258057
84,0.01668268664742739,0.3288368858172179,0.6544804275353547
85,0.17385192202426025,0.5160708124567079,0.31007726551903186
86,0.9999999901678073,3.458386229317624e-09,6.373806422102541e-09
87,0.21306273039825985,0.14882980549633093,0.6381074641054092
88,0.20572163260715962,0.04328604715132397,0.7509923202415165
89,0.6242077395749166,0.3621426233801228,0.01364963704496068
90,0.3342034586922449,0.146724668607326,0.519071872700429
91,0.08117920082725189,0.07146522053592885,0.8473555786368192
92,0.13839586792015907,0.3758928442458548,0.48571128783398615
93,0.14398245555937608,0.011220764018502947,0.844796780422121
94,0.02767322174638381,0.2388620712257283,0.7334647070278878
95,0.16085492214157804,0.16910032043467468,0.6700447574237473
96,0.7534078710616529,0.06458785230135866,0.1820042766369884
97,0.17343825253489464,0.1471958865248707,0.6793658609402347
98,0.248100349879318,0.27757697366847645,0.47432267645220555
99,0.2770240106764322,0.07717768069951571,0.6457983086240521
100,0.0014467580580876016,0.23640900541705298,0.7621442365248594
101,0.07952209627862875,0.2734993157934029,0.6469785879279684
102,0.1119580521819913,0.08376853427195957,0.8042734135460491
103,0.05551904235653904,0.4657206113017336,0.47876034634172737
104,0.10816592037601355,0.12780961399598523,0.7640244656280013
105,0.08498766222104058,0.1173956979066405,0.7976166398723189
106,0.23407187298933274,0.27511873643182727,0.49080939057883993
107,0.00760969156847369,0.3376560018395637,0.6547343065919626
108,0.07259896488104513,0.08432356170229346,0.8430774734166614
109,0.002038686970941148,0.13627585719152693,0.8616854558375319
110,0.2080304373156498,0.2340534137977772,0.5579161488865729
111,0.1904530739517528,0.03776518792917829,0.7717817381190688
112,0.040750618523366824,0.23891060834068154,0.7203387731359517
113,0.011498850196988415,0.23370321320009962,0.7547979366029121
114,0.4656510969117678,0.06099233716593723,0.4733565659222949
115,0.033136150135018326,0.1301929468751721,0.8366709029898095
116,0.07616656717341601,0.5255637267255276,0.3982697061010564
117,0.10108714515248358,0.15582714751749985,0.7430857073300166
118,0.22180991972555764,0.023593290680144277,0.7545967895942981
119,0.0006982858856972314,0.4855031458563585,0.5137985682579443
120,0.10599593340679701,0.16499452879624893,0.729009537796954
121,0.0005059658649010545,0.2036943205859687,0.7957997135491303
122,0.03703177901177055,0.2318471128214063,0.7311211081668232
123,0.20171617613556703,0.2768666781464096,0.5214171457180233
124,0.03799140051693309,0.09489380931250774,0.8671147901705593
125,0.07290077482776343,0.1229501833218841,0.8041490418503525
126,0.06758442148190974,0.1149810377748077,0.8174345407432825
127,0.2320731319244835,0.04434022387939678,0.7235866441961197
128,0.45290078250120985,0.45844634842825405,0.08865286907053624
129,0.03702507285771145,0.18218126905487858,0.78079365808741
130,0.48355801706799034,0.17142381884784075,0.3450181640841688
131,0.07420927523682604,0.2347050096283724,0.6910857151348015
132,0.2517699062810244,0.05995048653556454,0.688279607183411
133,0.9947892579916939,0.00519953258766024,1.1209420645759179e-05
134,0.470045699670714,0.0032558932199031497,0.5266984071093829
135,0.2496171852605586,0.14200982261027809,0.6083729921291634
136,0.013566895593460885,0.36195703592298745,0.6244760684835517
137,0.47270566081428905,0.029014578327101113,0.49827976085861
138,0.15069666141295276,0.13956136324089558,0.7097419753461517
139,0.14075582695004576,0.19660543434961356,0.6626387387003406
140,0.0848761258603867,0.08486038280427594,0.8302634913353374
141,0.7450264822434278,0.23577390783691074,0.019199609919661447
142,0.27874015604987024,0.5956520304213648,0.12560781352876488
143,0.3377028353422877,0.22222844044660323,0.44006872421110915
144,0.47428819493911795,0.0754798903860245,0.4502319146748576
145,0.007720961567783533,0.2017867403640676,0.7904922980681489
146,0.003288021739795418,0.047811523711022555,0.948900454549182
147,0.21677904473840642,0.04863239617516562,0.7345885590864278
148,0.7670371884880972,0.10739583478414587,0.12556697672775685
149,0.17384229138257998,0.17193192418566744,0.6542257844317526
150,0.09279049963086339,0.5029594006826836,0.40425009968645303
151,0.0022004148513754466,0.031087226682420584,0.966712358466204
152,0.6111035634325069,0.3224334463491699,0.06646299021832322
153,0.5125218038721844,0.0950316192543022,0.39244657687351336
154,0.10317569541902182,0.5625263942843456,0.33429791029663253
155,0.06844914884459928,0.17511094767656585,0.7564399034788349
156,0.10417469128269335,0.5482764756172075,0.34754883310009915
157,0.3538398876877054,0.0752978265474188,0.5708622857648757
158,0.000373401239009969,0.18828015757938918,0.8113464411816009
159,0.04118340412871012,0.2948009754589999,0.6640156204122901
160,0.2992881117736648,0.2767455829689924,0.4239663052573428
161,0.061906632549057046,0.39919075537310134,0.5389026120778416
162,0.06353775198529704,0.5119295979978886,0.4245326500168143
163,0.08478183639040926,0.19366351091948925,0.7215546526901014
164,0.2739684468733037,0.13387472697663624,0.59215682615006
165,0.08730358451249198,0.1470204158120048,0.7656759996755033
166,0.05660186465341207,0.14803191189974527,0.7953662234468427
167,0.21869440566372733,0.3547890799585777,0.4265165143776949
168,0.06761448313367198,0.5740799861641207,0.3583055307022073
169,0.035750133692389226,0.2166786966012528,0.747571169706358
170,0.015179002527754832,0.10415151049708081,0.8806694869751643
171,0.12803927135134635,0.42911688188153624,0.4428438467671174
172,0.001756242529451738,0.041187026195612,0.9570567312749362
173,0.05545993901845192,0.17425874782185172,0.7702813131596964
174,0.05102453866886188,0.16016192341810484,0.7888135379130332
175,0.18676219290962393,0.19833805167394952,0.6148997554164266
176,0.36524299147563016,0.5973629303768285,0.03739407814754137
177,0.5814436571050461,0.07471333243359372,0.34384301046136023
178,0.33830982872453547,0.029231345526218158,0.6324588257492464
179,0.4189691974232873,0.008368294926146309,0.5726625076505665
180,0.0002022094083648395,0.15862176359286975,0.8411760269987654
181,0.04050109177587049,0.12430048950294328,0.8351984187211863
182,0.05057826635659182,0.11216411072106225,0.837257622922346
183,0.2905210153589613,0.3985147487133993,0.3109642359276392
184,0.5979156422757268,0.010172403053773439,0.3919119546704998
185,0.19300935282171863,0.02136090257673804,0.7856297446015433
186,0.2726371905501163,0.4086686000056647,0.31869420944421906
187,0.21724126724257972,0.1292654915939899,0.6534932411634303
188,0.20691067461986118,0.14398776039128758,0.6491015649888512
189,0.023800251144528158,0.04515829780215752,0.9310414510533144
190,0.18734411200030232,0.14633024080737791,0.6663256471923198
191,0.04649495544560632,0.10024219890539171,0.8532628456490019
192,0.5152984551314643,0.10124014315277238,0.38346140171576326
193,0.16045234763592492,0.20308291850114588,0.6364647338629291
194,0.10615968082889497,0.48681670879242195,0.40702361037868307
195,0.2930093324677344,0.12874625466138617,0.5782444128708795
196,0.8314550647390156,0.04343658535091549,0.1251083499100688
197,0.11040542766553711,0.498813816446298,0.3907807558881648
198,0.08219687769702039,0.30278769383842274,0.6150154284645569
199,0.0002905248391128853,0.25060521682050696,0.7491042583403801
200,0.06167497867222658,0.11658415437655593,0.8217408669512175
201,0.3588495931201889,0.06637942436391119,0.5747709825159
202,0.0035079765874521654,0.35143304764709654,0.6450589757654513
203,0.8155905188863912,0.0934065716931547,0.09100290942045415
204,0.4067688725519154,0.44780069549734147,0.14543043195074315
205,0.2811811220621543,0.09636431797528011,0.6224545599625656
206,0.21563574838221686,0.2596711155279305,0.5246931360898527
207,0.2715927705609711,0.2230907106784945,0.5053165187605344
208,0.030281077967151303,0.18977309042818108,0.7799458316046676
209,0.9999883103638026,1.1266443727968879e-05,4.231924693103718e-07
210,0.005513216470980597,0.19585417166109517,0.7986326118679242
211,0.3024398518419703,0.3609700621644479,0.3365900859935819
212,0.2937919774829332,0.4408401673793092,0.2653678551377577
213,0.8170767006282366,0.11958109812734256,0.06334220124442096
214,0.21142545477225588,0.24336592714549535,0.5452086180822487
215,0.13647339454697482,0.3947481854030902,0.468778420049935
216,0.6063694817853432,0.04053333691443984,0.3530971813002168
217,0.3869202170358754,0.3870706892732265,0.22600909369089808
218,0.005635931136026172,0.3955310928795512,0.5988329759844226
219,0.15490736798920185,0.05878683776159381,0.7863057942492043
220,0.09765443226180512,0.5235346422380913,0.3788109255001035
221,0.12366398021337653,0.6508246631999217,0.22551135658670163
222,0.706060722012408,0.05523199426202111,0.2387072837255708
223,0.23564831276171894,0.1594206056490426,0.6049310815892385
224,0.1275263231793153,0.38554753662507146,0.4869261401956132
225,0.17916567693825572,0.1795262708527446,0.6413080522089997
226,0.4709069319145463,0.3495902739891547,0.17950279409629902
227,0.004198859229691594,0.34677054922122175,0.6490305915490866
228,0.05444488878088669,0.30537065468736574,0.6401844565317475
229,0.02864146088046642,0.27463017983114885,0.6967283592883847
230,0.7970344990458113,0.01326291944329172,0.18970258151089703
231,0.03753454907785847,0.14311857446427625,0.8193468764578653
232,0.01912192447462161,0.0816652511329399,0.8992128243924385
233,0.05069142025446877,0.29492456284615787,0.6543840168993734
234,0.8131590225668327,0.08246392119022103,0.10437705624294621
235,0.04223861934831475,0.5992327448349032,0.3585286358167821
236,0.09734497845721582,0.5336109940223648,0.3690440275204195
237,0.06896240279951789,0.05981482542888695,0.8712227717715951
238,0.010369123375952465,0.3507860167275265,0.638844859896521
239,0.05345478030184087,0.11559167972941344,0.8309535399687457
240,0.47611023466396607,0.262591114658201,0.2612986506778329
241,0.08267124733384607,0.1694575491404456,0.7478712035257084
242,0.5924094938736498,0.1389600978594463,0.2686304082669038
243,0.28923457289520577,0.03301138226688882,0.6777540448379055
244,0.049173326802341495,0.1676621498758153,0.7831645233218432
245,0.025483836055944016,0.3791551797641262,0.5953609841799298
246,0.44659545818047935,0.2729573084741576,0.2804472333453631
247,0.1809076697325768,0.21838159427193737,0.6007107359954857
248,0.5837873541677071,0.17205096296949823,0.24416168286279455
249,0.4185401137095737,0.13130633329623273,0.4501535529941934
250,0.35844332428247005,0.18848768003158917,0.4530689956859407
251,0.0722918624649956,0.24828991994112673,0.6794182175938777
252,0.35239321791715833,0.4007253773254608,0.24688140475738082
253,0.130467494847145,0.2749060090110844,0.5946264961417705
254,0.4470436662611411,0.06901764146399912,0.48393869227485975
255,0.16562941542708048,0.2504071311674676,0.5839634534054519
256,0.09787884852065987,0.030512243327461785,0.8716089081518784
257,0.15745427182586538,0.47081628530721215,0.37172944286692244
258,0.11129375924396083,0.07180401544514027,0.816902225310899
259,0.22547212489453552,0.18863581120955134,0.5858920638959131
260,0.18588418210973573,0.016140577607016007,0.7979752402832483
261,0.5533957635748149,0.01145754955614713,0.4351466868690381
262,0.0056626035767015775,0.1541688803446158,0.8401685160786825
263,0.19393979975850528,0.22114520307873145,0.5849149971627633
264,0.02260458209036066,0.2066225813320455,0.7707728365775939
265,0.006199706725363841,0.41127734792818693,0.5825229453464492
266,0.13730286560654548,0.23483295283352376,0.6278641815599307
267,0.6785234022179742,0.09972171417265634,0.22175488360936943
268,0.005111651403212862,0.20249553405701934,0.7923928145397677
269,0.07499957797279157,0.04169430359894719,0.8833061184282612
270,0.27986796257128355,0.08072147658955371,0.6394105608391627
271,0.0015298178821300382,0.4093291776880171,0.589141004429853
272,0.22258932786844945,0.15250001621468814,0.6249106559168625
273,0.018522279487231286,0.14669781858576672,0.8347799019270019
274,0.003948940670195229,0.3336597299932409,0.662391329336564
275,0.10362113941789644,0.027246139513007906,0.8691327210690956
276,0.727107585941103,0.09858448081164724,0.17430793324724966
277,0.044229104499293674,0.25596033162446374,0.6998105638762426
278,0.13473307143297755,0.21644261927796463,0.6488243092890579
279,0.9999999931699965,6.399894527509253e-09,4.301088215424527e-10
280,0.4743083284564913,0.1130188384289169,0.41267283311459185
281,0.7965031229680016,0.14493551779110614,0.05856135924089208
282,0.005794177296703511,0.2717245666924869,0.7224812560108095
283,0.24203174072465866,0.15595554670148343,0.6020127125738579
284,0.0971751556005409,0.105687471331128,0.7971373730683311
285,0.5069397866598592,0.06532990373671045,0.42773030960343034
286,0.05745372827489739,0.1811756855302689,0.7613705861948337
287,0.37096320252268067,0.05883968766008342,0.5701971098172358
288,0.47693192105690907,0.06342055726744589,0.45964752167564504
289,0.007797659787721033,0.3423172565643968,0.6498850836478822
290,0.46569277767771233,0.06319040868131509,0.47111681364097263
291,0.05291228680156511,0.018488976033885565,0.9285987371645493
292,0.004629838361699396,0.07901768129635484,0.9163524803419458
293,0.0023749997048457612,0.07828453601078295,0.9193404642843713
294,0.23329842215116775,0.14385440744917968,0.6228471703996525
295,0.13341577429659704,0.5092736861625567,0.3573105395408462
296,0.18524686325242348,0.6502993324396993,0.1644538043078772
297,0.18763574751642698,0.45908610809826655,0.3532781443853064
298,0.023227195033063298,0.19568614813510754,0.7810866568318292
299,0.02941195724360217,0.6004443986203232,0.3701436441360747
300,0.038522895641834615,0.11100435188063958,0.8504727524775259
301,0.004872363289149313,0.23954624260851803,0.7555813941023326
302,0.5007034120925377,0.3814170684502898,0.11787951945717245
303,0.1853365726444998,0.09994828658949752,0.7147151407660027
304,0.3402894458875946,0.07710723211427116,0.5826033219981342
305,0.03712122192140339,0.0832411215765916,0.8796376565020051
306,0.08911083481797137,0.24323199567104045,0.6676571695109883
307,0.30909630396056836,0.02682547221158998,0.6640782238278417
308,0.055571367938042564,0.16307506585458842,0.7813535662073691
309,0.15993409550696266,0.3310873908426084,0.5089785136504289
310,0.23806934385624456,0.18466301415839115,0.5772676419853643
311,0.02171332058588216,0.25043037333773543,0.7278563060763824
312,0.8030491841423785,0.11285995592710613,0.08409085993051542
313,0.045930440974759776,0.07993390120580852,0.8741356578194317
314,0.060817750164562916,0.3598203400745729,0.5793619097608641
315,0.011528311446368214,0.03252461297041633,0.9559470755832153
316,0.03589382286913404,0.18423497658749877,0.7798712005433671
317,0.23542857777918896,0.1628069387205004,0.6017644835003106
318,0.03392129146425576,0.23263393789714343,0.7334447706386008
319,0.03623593885979168,0.05761118165506025,0.9061528794851481
320,0.0008352532361840169,0.2529597480119334,0.7462049987518826
321,0.12005211396189275,0.44059132399429407,0.4393565620438132
322,0.08575274925674031,0.11681290883696821,0.7974343419062915
323,0.05918192504699835,0.2422179392855432,0.6986001356674584
324,0.08313184892873858,0.4877383515205701,0.4291297995506912
325,0.5364336178103399,0.053244258020880335,0.41032212416877967
326,0.010249057422124268,0.2258464546502805,0.7639044879275952
327,0.13561360341076825,0.048031916594576146,0.8163544799946556
328,0.07692028387356015,0.10216065164748664,0.8209190644789532
329,0.2681394836640834,0.09280815314207344,0.6390523631938432
330,0.4150650921369167,0.23464929827597,0.35028560958711324
331,0.091185592700822,0.4598896645729711,0.44892474272620675
332,0.9874886486316989,0.00267408767209327,0.009837263696207833
333,0.6234585023802182,0.3126783985472002,0.06386309907258156
334,0.051684976882338605,0.11091160295711718,0.8374034201605441
335,0.5801284897681444,0.3490161275124204,0.07085538271943517
336,0.1380761385422812,0.45110261276623465,0.4108212486914841
337,0.009576321871229964,0.1430973234269973,0.8473263547017726
338,0.024659236852962625,0.09095626060003993,0.8843845025469974
339,0.44643116558693763,0.19982768193678585,0.3537411524762766
340,0.23880590073073063,0.09735255470264192,0.6638415445666275
341,0.04873937334067389,0.22506264496784636,0.7261979816914798
342,0.24583452462147085,0.03672912781700004,0.7174363475615292
343,0.033685264014819374,0.13006633588097155,0.836248400104209
344,0.17432432536611492,0.21883351108225318,0.6068421635516319
345,0.6046460397908477,0.122805299878507,0.27254866033064534
346,0.13317179616361446,0.18168388978683409,0.6851443140495515
347,0.6094366469174782,0.11135102888488825,0.2792123241976336
348,0.10636193205137133,0.26743398154603903,0.6262040864025897
349,0.024687865553786117,0.21732921292439691,0.757982921521817
350,0.010994307056117201,0.6697407891878185,0.3192649037560642
351,0.0385956776684657,0.11729704582889791,0.8441072765026363
352,0.08041483077144918,0.03310928892071292,0.8864758803078379
353,0.025471039797675923,0.2773626085420706,0.6971663516602534
354,0.3154047604857771,0.24179345531867008,0.4428017841955527
355,0.011080028327378208,0.30174556931613805,0.6871744023564839
356,0.05293842350143369,0.14010110149764435,0.806960475000922
357,0.1355221931532965,0.09006678877544928,0.7744110180712542
358,0.0018813476713303474,0.5109404980890264,0.4871781542396433
359,0.023834810495463515,0.6693842979605308,0.3067808915440058
360,0.0749975297428877,0.47275540772729435,0.4522470625298179
361,0.16366342699756015,0.519585350210456,0.3167512227919837
362,0.0697291118350037,0.16867140058833394,0.7615994875766623
363,0.013479474530280354,0.2910828136511037,0.6954377118186158
364,0.5171476800264714,0.36559755187880644,0.1172547680947221
365,0.3438343027693651,0.04027375833041332,0.6158919389002216
366,0.0018251641600508426,0.3070911444879064,0.6910836913520427
367,0.011385685734314754,0.1854570241395087,0.8031572901261765
368,0.11158415188981291,0.11331114258581042,0.7751047055243767
369,0.4790072057466292,0.02043078944862317,0.5005620048047477
370,0.8050175472040842,0.010644810586347968,0.18433764220956786
371,0.160690112617036,0.21842690824508396,0.62088297913788
372,0.20768447078838104,0.09813159775182605,0.6941839314597928
373,0.0006988980429178646,0.052176039526718496,0.9471250624303635
374,0.3376285743712204,0.545399209697855,0.11697221593092451
375,0.19657173306116005,0.09102132330626328,0.7124069436325767
376,0.20066743385217656,0.03844922124737503,0.7608833449004485
377,0.03376960355778398,0.14777656211471715,0.8184538343274989
378,0.7160391186435083,0.03401581884777966,0.2499450625087119
379,0.48442853323019425,0.015953909200116474,0.49961755756968934
380,0.6408561133008523,0.10789836119419281,0.2512455255049548
381,0.004047233896050235,0.27548597411459713,0.7204667919893526
382,0.001358045052780378,0.17071170029018304,0.8279302546570365
383,0.24385636192514926,0.17637286495660143,0.5797707731182494
384,0.5568766257695258,0.18354169645690593,0.2595816777735683
385,0.05858659110694554,0.05344579111278044,0.887967617780274
386,0.9787699957526305,0.0005193866245261332,0.020710617622843413
387,0.1476518327246371,0.20176077366226056,0.6505873936131022
388,0.14691080857349179,0.06284237232238045,0.7902468191041278
389,0.0060334600328912635,0.10770109153936058,0.8862654484277482
390,0.006227935111767022,0.49366116436774743,0.5001109005204856
391,0.6516130563044485,0.006904025701585531,0.3414829179939659
392,0.9999999968079976,1.187377823974076e-09,2.004624622586254e-09
393,0.005400771384303444,0.4092000007521711,0.5853992278635255
394,0.13233495274177165,0.07165060899185219,0.7960144382663761
395,0.07401024062495366,0.5965952017691416,0.3293945576059047
396,0.22966520886710276,0.4833906198035452,0.286944171329352
397,0.3191987421264632,0.027061314869031357,0.6537399430045053
398,0.014800445839900155,0.37020801994440933,0.6149915342156904
399,0.4036673540136148,0.27866247180243225,0.317670174183953
400,0.18771906189033147,0.3415338658394427,0.47074707227022583
401,0.15874054060614817,0.013422748344593704,0.827836711049258
402,0.08332611038715783,0.14276223921347628,0.7739116503993658
403,0.40265968259836415,0.21249600794803802,0.38484430945359793
404,0.01914764148722965,0.38108663655795677,0.5997657219548137
405,0.5019288210805279,0.03938042001199356,0.4586907589074784
406,0.17661876903406998,0.07145201107225728,0.7519292198936727
407,0.028318364532595938,0.16652411094936964,0.8051575245180344
408,0.11304807017010078,0.27744616811936984,0.6095057617105294
409,0.3488479883337818,0.05461489264870339,0.5965371190175148
410,0.03833141010256628,0.0887158280315086,0.8729527618659251
411,0.033865977031842014,0.21688135625568622,0.7492526667124717
412,0.8372432803299804,0.15869405939215586,0.004062660277863875
413,0.5895449046158119,0.054712374845597024,0.35574272053859096
414,0.3424570827007335,0.033724815690877416,0.6238181016083889
415,0.7021118482062069,0.10737497281991414,0.19051317897387887
416,0.1758498055210107,0.11155825444143327,0.7125919400375561
417,0.027734595914005487,0.08063812598229474,0.8916272781036997
418,0.07353815760579295,0.24037234247787675,0.6860894999163304
419,0.0012589593798585806,0.4963535627681188,0.5023874778520225
420,0.7404756369615038,0.045868481249262315,0.2136558817892338
421,0.49547695748086795,0.026618681065329913,0.4779043614538022
422,0.7546809772846048,0.05927333003698823,0.1860456926784071
423,0.09868194638962824,0.17337639093481513,0.7279416626755567
424,0.1093696501847923,0.5771569190087226,0.31347343080648515
425,0.00010617884605392578,0.17940433713389428,0.8204894840200517
426,0.1578645032636762,0.3526830762680891,0.48945242046823473
427,0.0218449391677039,0.20332751599217488,0.7748275448401213
428,0.07040332606525809,0.5871702035681308,0.3424264703666111
429,0.03358757734199191,0.09526386327056591,0.8711485593874422
430,0.2956907096226148,0.03699104581306803,0.6673182445643171
431,0.6530732002164329,0.09275245735875633,0.2541743424248109
432,0.40880536079297924,0.21173707411936135,0.3794575650876594
433,0.1277426072202843,0.5415757219352634,0.3306816708444523
434,0.0003765122529467554,0.23234355996740544,0.7672799277796478
435,0.16319974954500027,0.5662716247706974,0.2705286256843024
436,0.1350552548920206,0.1738886671238582,0.691056077984121
437,0.35077067964414554,0.10757125080355025,0.5416580695523042
438,0.00018186975740893126,0.1651045114353499,0.8347136188072412
439,0.15453215778377727,0.1045354247089775,0.7409324175072453
440,0.09642784815908435,0.410286813609745,0.49328533823117066
441,0.020056893501219007,0.15577441295675695,0.8241686935420239
442,4.2424992532480316e-05,0.13623166316686514,0.8637259118406023
443,0.07766453200117644,0.22199140480139787,0.7003440631974257
444,0.06648991882171286,0.19066140894238992,0.7428486722358971
445,0.04982860365910603,0.382758823551527,0.567412572789367
446,0.11379460749492662,0.2463804253455423,0.6398249671595312
447,0.588891564732873,0.08954588314361825,0.32156255212350887
448,0.049200916232379634,0.09297898060188038,0.8578201031657401
449,0.029022090449740506,0.374202883297671,0.5967750262525886
450,0.5290344033782918,0.06959318770134049,0.40137240892036774
451,0.021084953246066452,0.6267843102818691,0.3521307364720644
452,0.0036809290302121465,0.13851185944321903,0.8578072115265688
453,0.44717306770831483,0.34835027242132716,0.20447665987035799
454,0.1771820018480449,0.3122130364305539,0.5106049617214012
455,0.790604004877835,0.059864233761535664,0.1495317613606294
456,0.052672495707607264,0.17685125627004955,0.7704762480223432
457,0.7527108912088032,0.14502780862919654,0.10226130016200025
458,0.013612252840106517,0.33883636092300945,0.647551386236884
459,0.4972943294667025,0.08926397313308053,0.413441697400217
460,0.19248295826661008,0.17910754756736683,0.6284094941660231
461,0.025882653518726654,0.34444818281910566,0.6296691636621677
462,0.3454271691439346,0.05399469276006586,0.6005781380959996
463,0.052026116083205794,0.4079840612952098,0.5399898226215843
464,0.14481055369490708,0.07490052309468632,0.7802889232104065
465,0.10039912081350214,0.02988868176663782,0.8697121974198601
466,0.029749152856269872,0.2457128979471576,0.7245379491965724
467,0.15938799332036668,0.05446066265998229,0.786151344019651
468,0.07279672479523443,0.2199666511166094,0.7072366240881561
469,0.6022805160775065,0.1116138120130897,0.2861056719094037
470,0.9967580311763672,0.0032318064478219334,1.0162375810887454e-05
471,0.7800313326350956,0.12567663068264628,0.09429203668225808
472,0.04210251179489101,0.15895941265687483,0.798938075548234
473,0.9775205092377178,0.0009420538139272572,0.02153743694835485
474,0.354574887197143,0.21489835690772857,0.43052675589512845
475,0.08066755562243276,0.20262812393384314,0.7167043204437242
476,0.7421519996818543,0.01767517692687863,0.24017282339126708
477,0.07106244388305669,0.10398669825944568,0.8249508578574976
478,0.08578950852732124,0.6222409526048098,0.2919695388678689
479,0.28678701354319064,0.08655446272612599,0.6266585237306834
480,0.10862439618837783,0.22556394701585009,0.665811656795772
481,0.07432106238962818,0.3015238804160569,0.6241550571943149
482,0.0550116462989249,0.3279009694840742,0.6170873842170008
483,0.2584338656439765,0.01593809353093533,0.7256280408250881
484,0.06716443958968477,0.14086679026708132,0.7919687701432339
485,0.44381899278829934,0.29306057298220783,0.26312043422949283
486,0.00025011130321331987,0.2441818766615068,0.7555680120352799
487,0.01777526121748139,0.22809592623425687,0.7541288125482617
488,0.13905965675838058,0.5738375994102335,0.28710274383138606
489,0.2723051991961682,0.22595028488603883,0.501744515917793
490,0.003680192194802714,0.13577912556881686,0.8605406822363805
491,0.03539151380588611,0.13045535466747663,0.8341531315266373
492,0.0326772185385406,0.2655080015606561,0.7018147799008032
493,0.00045968859597338797,0.06309916134702863,0.9364411500569981
494,0.14899061547149428,0.478706261274431,0.37230312325407466
495,0.2001110771148577,0.6104953772076029,0.18939354567753944
496,0.16605932584723496,0.14399631754123063,0.6899443566115344
497,0.9986355678412133,0.0011440079328142866,0.0002204242259723543
498,0.41525272668550467,0.17357382105455138,0.41117345225994406
499,0.10615649561140773,0.043038018733524974,0.8508054856550673
500,0.024912854855123342,0.2481606198761479,0.7269265252687288
501,0.07469172296778162,0.11697372003062866,0.8083345570015896
502,0.7357485038024153,0.2590835300337629,0.005167966163821739
503,0.0865027441135138,0.1797468091318635,0.7337504467546226
504,0.054444708956028376,0.15888122358362763,0.7866740674603441
505,0.9966868918174075,0.0033043235611582046,8.784621434310004e-06
506,0.00030002801621625136,0.09030502393606044,0.9093949480477233
507,0.09964111611522122,0.41374500809981324,0.4866138757849656
508,0.263093938338399,0.1172477585896795,0.6196583030719215
509,0.9702720370216381,0.029709442287213304,1.8520691148517502e-05
510,0.12586417570507147,0.5025935817350224,0.37154224255990614
511,0.025986058073316175,0.41402583645318564,0.5599881054734982
512,0.2732990840245713,0.5526268537143225,0.17407406226110603
513,0.03006427741147767,0.06950576342171845,0.9004299591668039
514,0.24283744907283789,0.10054977490291223,0.6566127760242499
515,0.13075174129800413,0.5949548420548856,0.2742934166471104
516,0.6896131443335415,0.09700602514099113,0.21338083052546736
517,0.045636899973104925,0.3255757034526005,0.6287873965742945
518,0.29764013616376234,0.5922931501176161,0.11006671371862155
519,0.3221322328989854,0.09032965784966172,0.5875381092513527
520,0.10150112603434448,0.08078671467845518,0.8177121592872004
521,0.37944915771407667,0.2653514550297482,0.3551993872561751
522,0.48942597863931553,0.05328636598455358,0.45728765537613086
523,0.7986117207497229,0.011721089265700955,0.1896671899845763
524,0.4659672483918993,0.12516213424718528,0.40887061736091523
525,0.0002398590738510339,0.09408667722601861,0.9056734637001304
526,0.15829440332149464,0.1337520517283209,0.7079535449501845
527,0.026227463621720105,0.14343861718479037,0.8303339191934895
528,0.052395660698891906,0.03142689243962087,0.9161774468614873
529,0.12582531391028387,0.15166816661439836,0.7225065194753177
530,0.4138819176355044,0.3202167024011432,0.2659013799633524
531,0.0019764981953580593,0.16754077031717024,0.8304827314874716
532,0.0004413906937050156,0.44221357840603487,0.5573450309002601
533,0.7096315901851875,0.15125604230349415,0.1391123675113184
534,0.08755130313911128,0.05438163434164143,0.8580670625192472
535,0.10347708689559972,0.06684048342918379,0.8296824296752165
536,0.030913898720551777,0.21452366092807534,0.7545624403513729
537,0.00042550377007580573,0.5306391248428968,0.46893537138702746
538,0.7509428823404063,0.05934817476868638,0.18970894289090726
539,0.5136132306612449,0.16105414074992488,0.32533262858883033
540,0.337854910697133,0.35590446166882084,0.30624062763404614
541,0.30705750463191667,0.3570033213568494,0.33593917401123397
542,0.616270645211938,0.14270039203580576,0.2410289627522563
543,0.21674762657619667,0.05186544120078183,0.7313869322230215
544,0.22055754963230118,0.15736210481454468,0.6220803455531542
545,0.6179176452891249,0.31622590996492467,0.06585644474595044
546,0.7038656326206141,0.07603913116255642,0.2200952362168296
547,0.08254341219294917,0.13683456675522038,0.7806220210518304
548,0.49480399130538827,0.2757909079870694,0.2294051007075424
549,0.002093322991277015,0.09065640268181893,0.9072502743269041
550,0.03280326539289564,0.04195455868640142,0.9252421759207029
551,0.020140127180487796,0.2377478810042616,0.7421119918152507
552,0.2699404096156256,0.4395103215930002,0.2905492687913741
553,0.20645862220290062,0.15126311021800018,0.6422782675790992
554,0.007579734022540804,0.5377805329145294,0.45463973306292965
555,4.2938176195296005e-05,0.25406600225081,0.7458910595729946
556,0.5571334319721194,0.14889626889155694,0.29397029913632383
557,0.8472537010516674,0.009564735150819173,0.14318156379751348
558,0.7277089222211142,0.15710802247159847,0.11518305530728751
559,0.0020145644742723063,0.4172188014660459,0.5807666340596818
560,0.522531272907665,0.0823878252192644,0.3950809018730706
561,0.017560729126564617,0.06398862335114693,0.9184506475222884
562,0.06272335823790584,0.19877027697875108,0.738506364783343
563,0.2142967240253385,0.2557812940775383,0.5299219818971233
564,0.5644422115418045,0.045778223392414524,0.3897795650657809
565,0.9972587471216784,0.002690494351064974,5.0758527256686314e-05
566,0.11760494281431284,0.14435897074506515,0.738036086440622
567,0.583375162117202,0.0075593041581399215,0.40906553372465815
568,0.0003207546812144726,0.43902081661199416,0.5606584287067914
569,0.013138661875139053,0.1983487611711869,0.7885125769536739
570,0.1713924147229495,0.4575915869335207,0.37101599834352983
571,0.0017060185011873647,0.38064530393018614,0.6176486775686265
572,0.16455880377200915,0.6508012495350152,0.1846399466929757
573,0.030448408552878174,0.2435010414098818,0.72605055003724
574,0.3782715204731993,0.2934366369614428,0.3282918425653579
575,0.07427336138056537,0.18663596085393597,0.7390906777654987
576,0.14126832615296425,0.044194900593337576,0.8145367732536982
577,0.428202675757146,0.04569430260074552,0.5261030216421085
578,0.4510411715850813,0.2719646113520284,0.27699421706289035
579,0.009445294293814388,0.6427232616783269,0.3478314440278587
580,0.004564420459640929,0.09852273011917435,0.8969128494211848
581,0.07572565620021518,0.10872755755435387,0.815546786245431
582,0.6055458872623055,0.27830021687509726,0.11615389586259732
583,0.7972915418414183,0.08167021061217322,0.12103824754640856
584,0.06645711050864983,0.27122490016356426,0.6623179893277858
585,0.05658959841987801,0.12559401436743128,0.8178163872126907
586,0.1272369359746449,0.45195407372699875,0.42080899029835644
587,0.051191728761423166,0.32399222260800686,0.6248160486305699
588,0.024589179104047346,0.24838059731801884,0.7270302235779338
589,0.23370466567242326,0.677895349577781,0.08839998474979587
590,0.020702646815081317,0.1828559423905523,0.7964414107943663
591,0.00569878909486172,0.4052576929755748,0.5890435179295634
592,0.43522847544038507,0.10116541104741705,0.46360611351219794
593,0.3216045449962345,0.1119097522617427,0.5664857027420227
594,0.3198386757766401,0.49620174493597513,0.18395957928738477
595,0.20062006406357694,0.11459346541271796,0.6847864705237051
596,0.18398593931399018,0.1673851510499583,0.6486289096360515
597,0.5253061490959389,0.1962283505044704,0.2784655003995907
598,0.0436772675092455,0.2026808114065528,0.7536419210842017
599,0.4176055877703103,0.055123051033721,0.5272713611959687
600,0.19039710869042994,0.08529951531800843,0.7243033759915616
601,0.09309979574402148,0.44936435959913557,0.457535844656843
602,0.4169656467208324,0.011545189875000915,0.5714891634041668
603,0.03156590494924512,0.537427309866386,0.43100678518436886
604,0.02224349619926014,0.17582956611400513,0.8019269376867346
605,0.15102759605777707,0.14945647093441952,0.6995159330078035
606,0.0003652050518200611,0.042492050167909474,0.9571427447802704
607,0.027480174946209943,0.11025587768583281,0.8622639473679572
608,0.0839007133216347,0.460381409168257,0.4557178775101083
609,0.25981496039105156,0.4215489773151822,0.3186360622937662
610,0.31533111997539154,0.09773796116524049,0.586930918859368
611,0.578388130501769,0.2831856532900474,0.13842621620818357
612,0.00041131075792027083,0.4554285305886596,0.54416015865342
613,0.30470405290796515,0.2851437639924529,0.41015218309958196
614,0.053956278185009546,0.3900454317266614,0.555998290088329
615,0.22948435819215304,0.08881673140898107,0.6816989103988659
616,0.02076691859352128,0.09542756978375797,0.8838055116227207
617,0.2092241179161338,0.16616063326074,0.6246152488231262
618,0.07032030378469442,0.6678084805020201,0.2618712157132855
619,0.10887060414570404,0.4470228356405247,0.44410656021377115
620,0.24570828988936308,0.6189160405214764,0.13537566958916047
621,0.025847936975929495,0.17887191194688268,0.7952801510771877
622,0.3647653013794623,0.10575474269043834,0.5294799559300993
623,0.8045272681485452,0.09441050140946222,0.10106223044199265
624,0.2110850776102075,0.10281482438439689,0.6861000980053955
625,0.17666279630003354,0.04405626490060471,0.7792809387993618
626,0.4220801709165184,0.035619602090550984,0.5423002269929306
627,0.026195273983390013,0.3948232335965185,0.5789814924200916
628,0.010646388133794012,0.33396773407876174,0.6553858777874443
629,0.19426715622061075,0.19032983712882112,0.6154030066505682
630,0.7212227324553193,0.04893956494609169,0.22983770259858888
631,0.6227973753718561,0.051488557898902325,0.3257140667292417
632,0.024081481093591914,0.08730241082966773,0.8886161080767404
633,0.3079667025358672,0.042663271518593594,0.6493700259455392
634,0.3581477154902859,0.2736481960739685,0.36820408843574554
635,0.5998286168743344,0.03716870581502306,0.3630026773106425
636,0.25514101017412805,0.13771383839505563,0.6071451514308164
