,proba_0,proba_1,proba_2
0,0.23962287002119323,0.07771709229786448,0.6826600376809427
1,0.40324773279629045,0.012469670267760576,0.5842825969359489
2,0.944,0.014,0.042
3,0.07779349273923616,0.34030515213246265,0.5819013551283009
4,0.13445923711838534,0.0792270360024279,0.7863137268791867
5,0.11890435996192229,0.2335153175001988,0.6475803225378789
6,0.1476692861025964,0.39176779791861527,0.4605629159787881
7,0.22765399477484943,0.573991495972763,0.19835450925238735
8,0.02267816091496196,0.08408333022729679,0.8932385088577414
9,0.07770682992352243,0.15863967695543843,0.7636534931210396
10,0.1950951503327518,0.6498517947577509,0.1550530549094973
11,0.37862107132658473,0.13432560696330606,0.4870533217101093
12,0.20542536080635504,0.15452658267693922,0.6400480565167057
13,0.3429806355807012,0.0891764814711541,0.5678428829481449
14,0.012435034175010098,0.08115166153944814,0.906413304285542
15,0.2163836375007398,0.7130370080368331,0.07057935446242745
16,0.23194147653205244,0.19017796927545186,0.5778805541924956
17,0.3271882463718963,0.363011243612398,0.3098005100157058
18,0.33592303265612655,0.2665063480401429,0.39757061930373055
19,0.06888130624128262,0.2553913068060671,0.6757273869526504
20,0.3180706049253458,0.22350025679691016,0.4584291382777442
21,0.12434012107870114,0.2863632145208111,0.5892966644004878
22,0.11625663622513392,0.12393398249559145,0.7598093812792749
23,0.2993051284436375,0.11284260465058539,0.587852266905777
24,0.13252649372404007,0.2862729131267624,0.5812005931491975
25,0.06708026344629137,0.27997900893288485,0.6529407276208238
26,0.39678777108086566,0.1902959900303292,0.412916238888805
27,0.8867472489458791,0.039317381248888096,0.07393536980523283
28,0.34450007205146826,0.2166070282791998,0.4388928996693319
29,0.6323786252941143,0.167562387766384,0.20005898693950172
30,0.10589514874431502,0.23058622117281696,0.6635186300828679
31,0.09704961688475863,0.7079946537423659,0.19495572937287564
32,0.016439646014994366,0.01734302049138829,0.9662173334936175
33,0.255257616152482,0.26091494304343155,0.48382744080408635
34,0.03052047615790825,0.4036809559178983,0.5657985679241934
35,0.10306145367156114,0.12060729963781784,0.7763312466906209
36,0.3318446343861244,0.20976316900309366,0.4583921966107816
37,0.603862896360118,0.05598715806461892,0.3401499455752628
38,0.21808703725110873,0.6253577589105853,0.15655520383830585
39,0.10131397983921313,0.16611250143270448,0.7325735187280822
40,0.2307333084320544,0.5925803957216972,0.1766862958462484
41,0.05551028600471333,0.12539617333408448,0.8190935406612024
42,0.08807621292331105,0.52334909367427,0.3885746934024186
43,0.11089839525987792,0.0590898528224032,0.8300117519177186
44,0.13413730717113273,0.12123110851358627,0.7446315843152811
45,0.17849855243006693,0.16458784382692865,0.6569136037430046
46,0.14595555922914,0.31423646872818545,0.5398079720426746
47,0.18609753056015138,0.0780806494319863,0.7358218200078622
48,0.36291488432915703,0.2069552138554367,0.4301299018154063
49,0.23924158066878773,0.13184077634207683,0.6289176429891353
50,0.09986937333497208,0.23694304813534098,0.6631875785296871
51,0.19864909624209337,0.13652720650491795,0.6648236972529888
52,0.29199704978784496,0.19765836779204432,0.5103445824201106
53,0.6343786252941143,0.167562387766384,0.19805898693950172
54,0.16300108213138054,0.06912153656538914,0.7678773813032306
55,0.06853747276659627,0.08550154370612327,0.8459609835272803
56,0.1430598423329199,0.1148754662181112,0.7420646914489688
57,0.1341175264106129,0.11079862170528317,0.7550838518841038
58,0.2412620324319914,0.1273400864155019,0.6313978811525065
59,0.07579839423951171,0.20101486732179522,0.7231867384386934
60,0.1473881843336183,0.25596886576485617,0.5966429499015258
61,0.12134769690878651,0.15831066191001308,0.7203416411812007
62,0.14759812515750748,0.3058350211683279,0.5465668536741648
63,0.061867803076338976,0.071585104343403,0.8665470925802579
64,0.14031583762290242,0.17857480870222123,0.6811093536748762
65,0.09362822560254028,0.06487927922817979,0.84149249516928
66,0.11324648923608355,0.3109018553289252,0.5758516554349913
67,0.3110329976308417,0.08880802392608605,0.6001589784430721
68,0.13900590716553987,0.35367457476127345,0.5073195180731866
69,0.17802503485196117,0.20321311935015715,0.6187618457978817
70,0.8170250807535088,0.11824199897092871,0.0647329202755624
71,0.11416900440994725,0.3915628256354476,0.4942681699546052
72,0.0501736680990368,0.06265524026789425,0.8871710916330692
73,0.6280871864331193,0.1312992859136506,0.24061352765322988
74,0.08094011544011544,0.6835317867753161,0.23552809778456835
75,0.9222315789473685,0.026294736842105263,0.05147368421052632
76,0.10209425704073928,0.17971625096534893,0.718189491993912
77,0.09350134920156775,0.267955608432732,0.6385430423657004
78,0.09696611886217957,0.17435367201690094,0.7286802091209192
79,0.7290669805162414,0.02880622184460959,0.24212679763914907
80,0.24543361678292844,0.07443416969554272,0.6801322135215293
81,0.19207710877819545,0.05230239658240723,0.7556204946393971
82,0.6323786252941143,0.17356238776638397,0.19405898693950172
83,0.0790564077766661,0.2263624116086346,0.6945811806146993
84,0.08594719730946153,0.26084674178940853,0.65320606090113
85,0.3015506773891139,0.15877568311984694,0.5396736394910392
86,0.8050731023717027,0.0656050449683359,0.12932185265996135
87,0.1708676900517899,0.665089139965028,0.16404316998318189
88,0.14420271896850312,0.17507834658080237,0.6807189344506949
89,0.15042553061755404,0.47152100986143874,0.3780534595210074
90,0.39672340833495795,0.41558787356618837,0.18768871809885337
91,0.2614353142349271,0.07051462069792203,0.6680500650671507
92,0.03671917788375994,0.4008989175737873,0.5623819045424526
93,0.15794047223856528,0.13051404128022903,0.7115454864812056
94,0.0717002472040248,0.3783602424577593,0.5499395103382158
95,0.5302850366279539,0.11933030041174342,0.3503846629603029
96,0.5198336777589477,0.10657277432020137,0.37359354792085103
97,0.0831337846282675,0.3202013516182693,0.5966648637534634
98,0.15584104470181817,0.04629724588888092,0.7978617094093008
99,0.26301747540886694,0.22263787943593755,0.5143446451551956
100,0.03176138470699146,0.5438542107067703,0.4243844045862382
101,0.29203294453486267,0.3203127399312821,0.38765431553385515
102,0.656700071819732,0.034041922180370186,0.309258005999898
103,0.07825719259769083,0.2632509070485164,0.6584919003537927
104,0.12413241869515956,0.10573670758329604,0.7701308737215445
105,0.24337182205113078,0.09894543008768766,0.6576827478611816
106,0.1147441958574671,0.4222737989114101,0.4629820052311228
107,0.07550928675834863,0.2710093320109143,0.6534813812307372
108,0.30353213518848643,0.257428397855419,0.43903946695609464
109,0.06343094325852947,0.1964034029052234,0.7401656538362472
110,0.028038681658892527,0.15770015287035727,0.8142611654707502
111,0.09760456220895716,0.08067256071469936,0.8217228770763437
112,0.2213290409221356,0.18473719882153802,0.5939337602563264
113,0.040632301270595,0.5035410153205743,0.45582668340883054
114,0.4486109157999977,0.14607656143338535,0.40531252276661717
115,0.19666832298136647,0.16795776397515527,0.6353739130434783
116,0.04164458440204573,0.24342919733533655,0.7149262182626176
117,0.2853567304419013,0.19672333723922275,0.5179199323188758
118,0.2801274041286836,0.08689485206795107,0.6329777438033657
119,0.12734861206798956,0.15516536016026583,0.7174860277717446
120,0.04130021041826387,0.267237900161373,0.6914618894203632
121,0.0941530188531213,0.28513035349636073,0.6207166276505183
122,0.274230203436667,0.18390915399915972,0.5418606425641733
123,0.14198028033361892,0.5227120693863013,0.33530765028007964
124,0.17015710681711962,0.07125387548472434,0.7585890176981563
125,0.15483713186704576,0.08469549963415372,0.7604673684988004
126,0.22864619196374325,0.06635715805717175,0.7049966499790851
127,0.15214353308314182,0.18412119908666869,0.6637352678301893
128,0.5877477095800673,0.16218079485842635,0.2500714955615063
129,0.09901791473762875,0.4868578225456054,0.414124262716766
130,0.5055721355544215,0.222615164536765,0.2718126999088135
131,0.2238228287242508,0.06643891665192944,0.7097382546238197
132,0.1432536538843066,0.18045396296899652,0.6762923831466972
133,0.6826780180929014,0.13959992218621167,0.17772205972088692
134,0.48509196094711604,0.03506114552021213,0.47984689353267185
135,0.3142306619128785,0.25681141581629313,0.4289579222708285
136,0.08769875140666403,0.2168640324512522,0.6954372161420839
137,0.7906425234542883,0.05867473051590698,0.15068274602980483
138,0.2197125803014221,0.13025454338137524,0.6500328763172026
139,0.0712512822066105,0.3119302392108111,0.6168184785825787
140,0.2247962239763718,0.11820075796866808,0.6570030180549599
141,0.28176393561152485,0.24895468277150654,0.46928138161696864
142,0.28238807535635124,0.562665697193973,0.1549462274496757
143,0.21774444582789607,0.34472785559057667,0.4375276985815272
144,0.5436931182756353,0.06289151369060028,0.39341536803376465
145,0.07050652770917719,0.16907998366986718,0.7604134886209556
146,0.14112859954557608,0.37878699194153215,0.48008440851289186
147,0.08063997533747844,0.35433167974529844,0.5650283449172233
148,0.17004293573019977,0.11713076493190845,0.7128262993378923
149,0.07766117699054102,0.19829142672722216,0.7240473962822369
150,0.09510994797089027,0.2968679576740315,0.6080220943550783
151,0.2511988537626202,0.11775335205226993,0.6310477941851105
152,0.546748855095638,0.19825385159485376,0.25499729330950827
153,0.43761038846448425,0.16772711771515184,0.39466249382036395
154,0.16054169348546315,0.2599292173476667,0.57952908916687
155,0.1390751964609661,0.10522459184444456,0.755700211694589
156,0.2235648391530052,0.3304234608700189,0.4460116999769757
157,0.3504384780663027,0.14115657456648362,0.5084049473672136
158,0.02560535951362055,0.09930307256881195,0.8750915679175676
159,0.11172992173028777,0.09294052926112255,0.7953295490085898
160,0.11891505509253572,0.05697110174892604,0.8241138431585381
161,0.21744168005365128,0.17057996977236478,0.611978350173984
162,0.2705269004769257,0.27485419530813116,0.4546189042149432
163,0.23058445432100264,0.33482248244434104,0.43459306323465624
164,0.18938780703612867,0.18043277227735047,0.6301794206865211
165,0.2631975188312893,0.2154338471431857,0.5213686340255249
166,0.15188930939402637,0.31949149978142716,0.5286191908245467
167,0.3692176428690294,0.055105995093970565,0.575676362037
168,0.12298805284656679,0.43677555783785754,0.4402363893155756
169,0.11491869397424738,0.027275548748193334,0.8578057572775595
170,0.33684131214592766,0.04570081198602887,0.6174578758680437
171,0.20147898878538772,0.056409351447733236,0.7421116597668788
172,0.1404872814967812,0.12154994879794247,0.7379627697052767
173,0.06276064677160827,0.24624155879541293,0.6909977944329788
174,0.10293977479101214,0.25465887529124515,0.6424013499177427
175,0.07612860033967021,0.0684225817602114,0.8554488179001181
176,0.09259849351603304,0.20045377903265343,0.7069477274513138
177,0.21651971119678706,0.0848647469558923,0.6986155418473212
178,0.2049026491406324,0.21282315414844635,0.5822741967109217
179,0.2804476099251962,0.060906110654989964,0.6586462794198139
180,0.06710555333121095,0.15607010677263294,0.7768243398961563
181,0.07475401838093179,0.03157535163209355,0.8936706299869748
182,0.0237233667566376,0.17029537714384999,0.8059812560995125
183,0.3416060961677025,0.34074852112726867,0.3176453827050288
184,0.1343653338092806,0.13237418826425784,0.733260477926462
185,0.14776119449100392,0.2508559455715405,0.6013828599374554
186,0.5156823414962884,0.11203433288487244,0.37228332561883903
187,0.2642357294404981,0.047859044769984545,0.687905225789517
188,0.2160426202778481,0.04428276369001268,0.7396746160321387
189,0.20045118731214884,0.053702364130823535,0.7458464485570278
190,0.03777347049152394,0.3117908028142756,0.6504357266942006
191,0.014438160362238418,0.1653479640374528,0.8202138756003088
192,0.36658953700396785,0.20672969583618653,0.42668076715984554
193,0.08327171975314329,0.3031620692426015,0.6135662110042553
194,0.23233667375594602,0.29328934788766065,0.4743739783563934
195,0.34547035811119525,0.5308405514594171,0.12368909042938758
196,0.1610129144113326,0.15651141635962415,0.6824756692290433
197,0.07266940790444966,0.35143566262141457,0.575894929474136
198,0.7409255813953488,0.11798637873754154,0.14108803986710963
199,0.03375204827534536,0.6347379339238151,0.33151001780083933
200,0.1580611747367424,0.03888778845027572,0.8030510368129821
201,0.3345568659538989,0.026053186360883444,0.6393899476852173
202,0.05953829835977399,0.28120736355791137,0.6592543380823147
203,0.7977500634773442,0.044390145129488114,0.15785979139316766
204,0.32013951447252814,0.5700109321642198,0.10984955336325201
205,0.43378983148526545,0.1693501711233746,0.3968599973913597
206,0.22036379525151117,0.29029028715851973,0.4893459175899693
207,0.2303557495902905,0.16639019406491884,0.6032540563447907
208,0.2490875215605915,0.5914979663938866,0.15941451204552187
209,0.9302315789473684,0.024189473684210525,0.04557894736842105
210,0.045795725127274874,0.08546188609750495,0.8687423887752204
211,0.3799994416915636,0.03927244502144991,0.5807281132869865
212,0.09235923794469367,0.4683270295155682,0.43931373253973827
213,0.8193823065415476,0.07829742023016197,0.10232027322829036
214,0.04870757700704321,0.24635815523904434,0.7049342677539124
215,0.14947877394340656,0.1204336318036496,0.7300875942529441
216,0.4088435031214768,0.16143300619248524,0.42972349068603755
217,0.5065478714125755,0.14137252816639848,0.35207960042102604
218,0.16464715436847388,0.23285167925546427,0.6025011663760621
219,0.33709653553620594,0.09076449181943752,0.5721389726443566
220,0.12457777188388658,0.2481770947821342,0.6272451333339792
221,0.12830849057245586,0.663487675299914,0.20820383412763002
222,0.6698938203430811,0.03757115690954466,0.2925350227473742
223,0.23906583039758503,0.33792105521607946,0.42301311438633554
224,0.08325584950628998,0.14620578854539784,0.7705383619483124
225,0.1510740923449608,0.11031067971265958,0.7386152279423795
226,0.09314708025391608,0.38560046809094567,0.5212524516551383
227,0.25727461525045137,0.3181260810819485,0.4245993036676001
228,0.06130104782813112,0.13109909097662104,0.8075998611952481
229,0.04752535953582027,0.1466176960420604,0.8058569444221194
230,0.23201636297312198,0.07920793265330774,0.6887757043735704
231,0.23436021178368613,0.272810646539452,0.49282914167686215
232,0.3029832014740693,0.20136542670162524,0.49565137182430535
233,0.11695692558171572,0.1588359705469545,0.72420710387133
234,0.2397703924991801,0.301716949955089,0.4585126575457309
235,0.13544880880788215,0.23569053577645,0.6288606554156678
236,0.23360652713107255,0.3075408529172386,0.45885261995168886
237,0.5515706734568249,0.1170864975812783,0.33134282896189654
238,0.07591916620169523,0.4124058667119163,0.5116749670863884
239,0.15640794864146632,0.056675838714445176,0.7869162126440887
240,0.7558778343087864,0.07800875717926693,0.1661134085119467
241,0.06935811472170625,0.17160970671305473,0.759032178565239
242,0.3767899796176352,0.1343050746845295,0.48890494569783544
243,0.30387853872813364,0.08261637379599836,0.6135050874758678
244,0.1799983268507801,0.10353650619525728,0.7164651669539626
245,0.17396230961422782,0.16068444322798545,0.6653532471577867
246,0.15847918889468213,0.4839138364476962,0.3576069746576218
247,0.26005561331106414,0.5324413764424786,0.20750301024645712
248,0.6164542462251487,0.07911563865295385,0.30443011512189755
249,0.2164670953344497,0.141826445246064,0.6417064594194867
250,0.7752586045283718,0.04904923062802499,0.17569216484360306
251,0.1585111471925852,0.38530460876387995,0.45618424404353475
252,0.38120525789416543,0.23768861410213393,0.38110612800370075
253,0.14422148292921022,0.23721128613696219,0.6185672309338277
254,0.14570795532048908,0.12684341762045453,0.7274486270590562
255,0.1181230398716253,0.31655406782230033,0.5653228923060742
256,0.0339048202197033,0.10887725503454054,0.8572179247457562
257,0.318577157437213,0.042944962934870115,0.6384778796279168
258,0.04422204331895352,0.2982649718947993,0.6575129847862472
259,0.21581896509836856,0.08152474062103342,0.7026562942805985
260,0.06047653281694223,0.15895015012037547,0.7805733170626826
261,0.16104312712309743,0.125151715747764,0.7138051571291388
262,0.13209878630397634,0.13876887131653823,0.729132342379486
263,0.10712035657156244,0.25099583472932985,0.6418838086991079
264,0.08481718082595845,0.2774564545789716,0.6377263645950699
265,0.20001656137329513,0.18176914627326574,0.6182142923534393
266,0.16717982911871948,0.18747342153192223,0.6453467493493583
267,0.2560492274000731,0.33829491191815,0.405655860681777
268,0.22842246251857237,0.19505403435665283,0.576523503124775
269,0.25107893423610494,0.09517771289723187,0.6537433528666636
270,0.0796104472667051,0.15559712584783122,0.7647924268854636
271,0.34457134493830366,0.1264158275741723,0.529012827487524
272,0.17368781911370634,0.4397866065810711,0.38652557430522255
273,0.22036507496908714,0.23256491389692888,0.547070011133984
274,0.2155046780191515,0.39885184160746645,0.3856434803733822
275,0.2979616595553526,0.07182542681749544,0.6302129136271517
276,0.2145077467092563,0.23589104696737453,0.5496012063233693
277,0.11092950514721725,0.14978869102702316,0.7392818038257595
278,0.1583073193763184,0.4749016273611292,0.36679105326255257
279,0.6446897364052254,0.15405127665527285,0.2012589869395017
280,0.2580337599789981,0.3064827214350509,0.43548351858595113
281,0.7571383123087401,0.11296560967728117,0.12989607801397868
282,0.13771301667601188,0.09258433191864626,0.7697026514053418
283,0.2022766412854497,0.11688121739380908,0.6808421413207415
284,0.38687217718138245,0.04662705163847385,0.5665007711801439
285,0.74032318809656,0.010126813568427416,0.24954999833501257
286,0.05745927953259461,0.19073361941554542,0.7518071010518601
287,0.07100868160314402,0.32448275179673347,0.6045085666001224
288,0.5393915621409282,0.14427277891924253,0.3163356589398296
289,0.06129896922656152,0.2085209195870727,0.7301801111863657
290,0.23336207984259652,0.04102424496885358,0.7256136751885497
291,0.02081428013507303,0.03589521402224362,0.9432905058426836
292,0.05037077873015554,0.2734208324987255,0.6762083887711192
293,0.11082788395565993,0.09292069996745564,0.7962514160768847
294,0.29950540375473844,0.07097971824168968,0.6295148780035715
295,0.20095824788761252,0.28022414359237624,0.5188176085200112
296,0.3054531132227244,0.6193124827674833,0.07523440400979245
297,0.2721934443034378,0.46421805820309603,0.2635884974934662
298,0.05741708934863909,0.3280864817646006,0.6144964288867604
299,0.13711030741410488,0.2661692345877007,0.5967204579981944
300,0.18294460729397452,0.16154960019678058,0.6555057925092455
301,0.1883500714129861,0.1939063048693041,0.6177436237177097
302,0.10428765128356886,0.45236343625779657,0.4433489124586345
303,0.39118546521490516,0.031231152653507666,0.577583382131587
304,0.13488790062149786,0.05370599577909037,0.8114061035994118
305,0.21057842878534475,0.07306501725138997,0.7163565539632657
306,0.1431701383563884,0.191127285726767,0.6657025759168443
307,0.12363261539091158,0.09712225587508815,0.7792451287340004
308,0.023579576558098236,0.2402370532173204,0.7361833702245809
309,0.14379333745297015,0.2241862435729423,0.6320204189740876
310,0.3427465011513799,0.25443609162812314,0.40281740722049697
311,0.181487952518635,0.13009291683777804,0.688419130643587
312,0.21583247141452896,0.2411465960454071,0.5430209325400641
313,0.236871023086375,0.21424095898171147,0.5488880179319137
314,0.13212547707425074,0.7535760336434086,0.11429848928234042
315,0.020471914317014204,0.029347030909841608,0.9501810547731441
316,0.15776233065996242,0.469544023481224,0.3726936458588137
317,0.5975206467318804,0.19333411864218292,0.20914523462593648
318,0.06666061174835626,0.1809194085967284,0.7524199796549151
319,0.4584914731889607,0.13819582804418648,0.4033126987668528
320,0.20596705888476224,0.45201469702431624,0.3420182440909215
321,0.3603058501032111,0.055579377905706516,0.5841147719910824
322,0.10239816133455594,0.05027837857244142,0.8473234600930026
323,0.16630649039713066,0.18464637323673466,0.6490471363661348
324,0.3285352834065266,0.21003559412012937,0.46142912247334406
325,0.785390878076845,0.013325651089695965,0.20128347083345907
326,0.24734993573426642,0.1786655266337102,0.5739845376320234
327,0.1690771893722382,0.18160588652141194,0.6493169241063499
328,0.06612776090942582,0.23180475114291182,0.7020674879476623
329,0.181293121513611,0.059035817440860436,0.7596710610455284
330,0.3127607712168005,0.5149051300225467,0.1723340987606528
331,0.1297842459884042,0.3331727979751061,0.5370429560364898
332,0.34165268442618957,0.11478360035541872,0.5435637152183916
333,0.5093055128363301,0.08440481634047436,0.40628967082319545
334,0.04037389057274266,0.22762254149578345,0.7320035679314739
335,0.5900371307089134,0.16203039645522213,0.24793247283586425
336,0.06451018665982641,0.22674390364303793,0.7087459096971362
337,0.05878224227020529,0.12875464663764,0.812463111092155
338,0.02613937530685251,0.03918958106648437,0.9346710436266632
339,0.11800505728403803,0.6227581622089461,0.2592367805070161
340,0.2252885323934432,0.056344036371762544,0.7183674312347943
341,0.0900873491020391,0.41157245260670217,0.49834019829125864
342,0.3716605208809223,0.25665433390334486,0.3716851452157328
343,0.11826727660029049,0.46331500856962554,0.418417714830084
344,0.245956370252163,0.6192023029676107,0.13484132678022642
345,0.5640104860281245,0.07716801569019142,0.35882149828168414
346,0.45397697072172294,0.07675506998335511,0.46926795929492193
347,0.4545523405271906,0.18695811445568275,0.35848954501712665
348,0.056708917746260384,0.2789498118630871,0.6643412703906523
349,0.15386533532756078,0.045833854722776214,0.8003008099496628
350,0.09092765864192025,0.657598458100393,0.2514738832576866
351,0.14227620694474644,0.09743859225191036,0.7602852008033434
352,0.2163515406640741,0.045202367736166656,0.7384460915997587
353,0.36141739838442455,0.146444219877922,0.4921383817376534
354,0.10317632541439829,0.2236595292876647,0.673164145297937
355,0.2502152277762773,0.5643523807288441,0.18543239149487833
356,0.13005813516619455,0.18842684359289083,0.6815150212409147
357,0.11825881930335813,0.25117235711419916,0.6305688235824427
358,0.06095341906382151,0.28348129661078864,0.6555652843253901
359,0.08032687239542603,0.33965029649666134,0.5800228311079128
360,0.21261387328801482,0.30143092451749565,0.48595520219448957
361,0.20602189577486615,0.4499718109759857,0.34400629324914817
362,0.03532854871717583,0.138346913573597,0.8263245377092271
363,0.02164740356999587,0.21716441757653843,0.7611881788534656
364,0.3192238070156123,0.5159525689073152,0.16482362407707235
365,0.2544843655021077,0.19211896853081864,0.5533966659670738
366,0.1631790399013107,0.4480427497653747,0.3887782103333146
367,0.1370719571475443,0.41373864200236526,0.44918940085009035
368,0.3614935419159352,0.14860895106310457,0.4898975070209604
369,0.25649239518187367,0.2236295800717178,0.519878024746409
370,0.08045444785288623,0.12603498377205025,0.7935105683750634
371,0.06010781216704418,0.11467839610198456,0.8252137917309716
372,0.3106686382964639,0.2838517037862637,0.40547965791727253
373,0.03790885977146219,0.14625293984019888,0.8158382003883389
374,0.22816326568326567,0.5963348269148269,0.1755019074019074
375,0.274945967287393,0.16519363951094376,0.5598603932016635
376,0.11081634274385112,0.10661654292879333,0.7825671143273558
377,0.30269846166082903,0.12093241946366524,0.5763691188755056
378,0.3880827780459554,0.17720790288088492,0.4347093190731594
379,0.2304485170376819,0.15177874035380295,0.6177727426085152
380,0.38539282838765526,0.4973292961907179,0.11727787542162665
381,0.09000571204855116,0.31258681654099724,0.5974074714104519
382,0.11789906482844534,0.3269889683039756,0.555111966867579
383,0.21507129661103117,0.08141376747656792,0.7035149359124013
384,0.612895042403676,0.2730335601109433,0.11407139748538059
385,0.3828277256748369,0.13751672225303138,0.47965555207213156
386,0.6408769659029505,0.0793591608289506,0.27976387326809915
387,0.0769183019754441,0.13765900587733093,0.7854226921472254
388,0.5185004163316393,0.11945871739466646,0.36204086627369414
389,0.14952899779617548,0.13379444157592738,0.7166765606278971
390,0.08709990805234355,0.32079351076862145,0.592106581179035
391,0.18698467213240538,0.09630229323606446,0.7167130346315306
392,0.6441500538655429,0.15940048300447923,0.1964494631299779
393,0.18652394496072694,0.25695025416692985,0.5565258008723435
394,0.4403787207318295,0.11034682595517395,0.4492744533129964
395,0.04989575186875219,0.141030134169199,0.8090741139620486
396,0.1549470725765366,0.724284637233312,0.12076829019015127
397,0.2504089217018983,0.10965999803548751,0.6399310802626139
398,0.08457194358446839,0.21842448021044417,0.6970035762050873
399,0.220794772307522,0.13502472253407294,0.6441805051584049
400,0.12424996345048657,0.5159628800028381,0.3597871565466753
401,0.08953927068409923,0.06007108587092439,0.8503896434449761
402,0.08020308672496465,0.11947596499775176,0.8003209482772838
403,0.8661322137934355,0.06072923588039868,0.07313855032616583
404,0.14860892919987068,0.0956093445959335,0.7557817262041956
405,0.7954306508674157,0.06404973051590698,0.14051961861667744
406,0.17025774857683706,0.07093661410918292,0.75880563731398
407,0.12514613780217748,0.1844168720757137,0.690436990122109
408,0.7268348706441118,0.17753482449256625,0.09563030486332198
409,0.3167143120203224,0.140966910699478,0.5423187772801997
410,0.07668121947012797,0.1165958469134091,0.8067229336164632
411,0.3172053349179948,0.16236928195579506,0.5204253831262102
412,0.5552418180543431,0.15251248501152803,0.29224569693412855
413,0.2486083803098193,0.09973662829164012,0.6516549913985408
414,0.2297502685945654,0.15453668653694103,0.6157130448684939
415,0.728987838609502,0.14204843156560715,0.12896372982489107
416,0.14487202223044277,0.13232961108414826,0.7227983666854091
417,0.10236480076558248,0.06879557445373512,0.8288396247806826
418,0.6542097759480524,0.09955969724979137,0.2462305268021559
419,0.04057429190826143,0.12244870976945632,0.836976998322282
420,0.06803244188234778,0.17444049202466644,0.7575270660929856
421,0.3215671028116932,0.3037863334125896,0.3746465637757172
422,0.47165556473307857,0.051174017781972586,0.47717041748494887
423,0.29704180727431234,0.13378745485177715,0.5691707378739104
424,0.044698735703024434,0.8440190916583605,0.11128217263861505
425,0.052190454722934945,0.07259009681836752,0.8752194484586975
426,0.1684154706049288,0.18233412502379864,0.6492504043712729
427,0.1319138627383166,0.26433113616546255,0.6037550010962207
428,0.2028710382988122,0.44484585014833017,0.3522831115528576
429,0.23814704460418631,0.0880774766067789,0.6737754787890351
430,0.008114249189597545,0.03610207744750407,0.9557836733628983
431,0.5673083062019081,0.203449427759058,0.22924226603903405
432,0.26861433707756166,0.28297162079786614,0.44841404212457214
433,0.14364096920315245,0.16957112756206014,0.6867879032347872
434,0.06953847900033192,0.19956129929784905,0.7309002217018193
435,0.2737565948365533,0.34284803838391936,0.38339536677952735
436,0.1320575477094659,0.16263682418036643,0.7053056281101676
437,0.341983655011328,0.24467771459773086,0.41333863039094115
438,0.05697308964971316,0.09409516443724404,0.8489317459130425
439,0.07640671811290711,0.10739546902979286,0.8161978128573003
440,0.2766962512262781,0.1275169555016726,0.5957867932720493
441,0.09920258411546382,0.2691158048880147,0.6316816109965218
442,0.04486754979279614,0.1283780701649986,0.8267543800422054
443,0.2343346359147873,0.11229339481835003,0.6533719692668627
444,0.09567108580584754,0.11167795776978126,0.7926509564243713
445,0.14435370476878082,0.32787696620208734,0.5277693290291318
446,0.06731850077642747,0.27652533754708514,0.6561561616764875
447,0.34165148092673364,0.11375885338826938,0.5445896656849969
448,0.1257043871920296,0.051304847613607006,0.8229907651943631
449,0.6601187164940115,0.015556804982072675,0.32432447852391594
450,0.10210038610145769,0.09172268490271508,0.8061769289958275
451,0.10742043085083257,0.5632858660493022,0.3292937030998652
452,0.03566049782780165,0.24810139751033983,0.7162381046618588
453,0.3094488779598525,0.5876455606378818,0.1029055614022659
454,0.1725967407749897,0.1854489528157417,0.6419543064092691
455,0.22963636728822948,0.15462136973107693,0.6157422629806937
456,0.17932773537605165,0.09654987695545163,0.7241223876684969
457,0.48360859254821215,0.10086868178380762,0.4155227256679802
458,0.11524501798912015,0.2919238644123084,0.5928311175985717
459,0.13519272530144427,0.3288196327646758,0.53598764193388
460,0.19085792898685067,0.09083007597948971,0.7183119950336597
461,0.15427606426854865,0.27768086647810813,0.5680430692533436
462,0.492498534612354,0.137786271058094,0.36971519432955197
463,0.16981593531217434,0.16364848143449412,0.6665355832533314
464,0.07366393029779025,0.07858614913751245,0.8477499205646971
465,0.08969786472404363,0.1727845313633855,0.7375176039125709
466,0.19940247070872327,0.3367818862978045,0.46381564299347233
467,0.1575329725474618,0.06965158421936869,0.77281544323317
468,0.1889479642060515,0.13721050032464602,0.6738415354693024
469,0.35217429132327294,0.1188556110168188,0.5289700976599082
470,0.8127655945176261,0.06896169327328033,0.11827271220909352
471,0.5739562039918561,0.19720961515534946,0.22883418085279433
472,0.023466893197532642,0.15578539365283245,0.820747713149635
473,0.5431717236994321,0.1065340031322412,0.3502942731683265
474,0.19091680730176896,0.6499912947330447,0.1590918979651862
475,0.25278009751311387,0.1372679539544311,0.609951948532455
476,0.3767111878468573,0.08386128403143167,0.5394275281217108
477,0.33422750429340875,0.06977138535824694,0.5960011103483444
478,0.33531429791858663,0.40118128646838136,0.26350441561303195
479,0.24365505689477343,0.09145233079465442,0.6648926123105723
480,0.1183014485676504,0.22744035884127553,0.6542581925910741
481,0.07405793702668916,0.3174569780573662,0.6084850849159444
482,0.2550309688427562,0.6044771971678601,0.14049183398938375
483,0.11844453082878832,0.19453743917945718,0.6870180299917542
484,0.4050636456999354,0.10968444602909848,0.4852519082709661
485,0.7441362916455506,0.05922717997020716,0.19663652838424223
486,0.06659647323172005,0.2923734330808904,0.64103009368739
487,0.1725520273075807,0.03373943763708222,0.7937085350553371
488,0.08758178040198263,0.3044773756711865,0.6079408439268307
489,0.25265850433453335,0.056894422033683584,0.6904470736317831
490,0.030900858277241237,0.26159068850662837,0.7075084532161308
491,0.18277623238570914,0.08338261403666503,0.7338411535776258
492,0.2366319393077571,0.3104576202257122,0.4529104404665308
493,0.22047690499789113,0.10015832668103185,0.6793647683210776
494,0.190158684945149,0.5356808478644152,0.27416046719043585
495,0.09682720083465171,0.3408526507262272,0.5623201484391215
496,0.15647629385335193,0.06710946151778385,0.7764142446288642
497,0.9,0.024,0.076
498,0.05829703110617111,0.2341888239335056,0.7075141449603233
499,0.05512071916889361,0.19635956537020943,0.7485197154608969
500,0.026776643336077745,0.2921561803167222,0.6810671763471999
501,0.7365744107477827,0.004364908806522655,0.25906068044569464
502,0.15432073869155186,0.46433865400271057,0.38134060730573777
503,0.334482353712285,0.13153624388607177,0.5339814024016432
504,0.18784195804633963,0.10004888737873165,0.7121091545749288
505,0.9289845239817652,0.01581102856913202,0.055204447449102634
506,0.13736289916138059,0.1318807052246324,0.7307563956139878
507,0.16223199503310018,0.20404976625271362,0.6337182387141864
508,0.1328460787652256,0.10935547844775768,0.7577984427870167
509,0.5541391347538971,0.1709676908287011,0.27489317441740185
510,0.0927388060739478,0.6378533398532259,0.26940785407282636
511,0.1999741303226118,0.6069372116672143,0.19308865801017394
512,0.05743218365614973,0.15856376849908468,0.7840040478447655
513,0.11995885563493511,0.1276830361123138,0.752358108252751
514,0.3046683229813665,0.176672049689441,0.5186596273291925
515,0.20307777888206766,0.6053523028915718,0.1915699182263606
516,0.7158627935748432,0.1325671478774709,0.15157005854768602
517,0.1286824160880363,0.30762311702525924,0.5636944668867048
518,0.42188380633105826,0.19288600122398386,0.3852301924449579
519,0.12072891628375262,0.14207211495801667,0.7371989687582312
520,0.1501347886914154,0.15859904750227247,0.6912661638063127
521,0.1490264435496984,0.3427308647417986,0.508242691708503
522,0.6040477705480655,0.029602413090180787,0.36634981636175373
523,0.7724963716628739,0.026456856895244643,0.20104677144188154
524,0.1437710583638162,0.5038235067390273,0.3524054348971565
525,0.11630242274210666,0.28712897269033383,0.5965686045675596
526,0.34695309363308596,0.14559995381284477,0.5074469525540691
527,0.08089411534635653,0.1506108368187155,0.7684950478349284
528,0.2494188913999996,0.12693712490211684,0.6236439836978841
529,0.18005000104634966,0.29063197234748994,0.5293180266061606
530,0.1347754277288137,0.4406969109437954,0.42452766132739106
531,0.10592666886214006,0.23292843978503827,0.6611448913528221
532,0.2437287614659547,0.2150212346859104,0.5412500038481348
533,0.14179127396239857,0.15239791010120854,0.7058108159363933
534,0.16825978271471223,0.046246778070297194,0.7854934392149905
535,0.21157477046713632,0.09612472948549054,0.6923005000473731
536,0.2830788840516601,0.23001972933607268,0.48690138661226745
537,0.06397426557424632,0.3416799044538093,0.5943458299719444
538,0.5094812873408958,0.07334388690876942,0.4171748257503347
539,0.4255277514961588,0.03811854969533107,0.5363536988085101
540,0.4275202478499022,0.2650686120375809,0.30741114011251686
541,0.12343621568885477,0.38001924595648495,0.4965445383546602
542,0.7610846874939287,0.08095542888817062,0.15795988361790078
543,0.09433163342970446,0.049699619812234974,0.8559687467580606
544,0.23480476253011648,0.09368592306552342,0.6715093144043601
545,0.5371482650738454,0.23382813897290133,0.22902359595325322
546,0.5805099022840015,0.3188283585843547,0.10066173913164381
547,0.38464669352975567,0.2948906215254877,0.32046268494475677
548,0.14782886272533885,0.37154510364260346,0.480626033632058
549,0.2032089599264508,0.10557140234947861,0.6912196377240705
550,0.3529862000180256,0.2768574099951319,0.37015638998684247
551,0.14281270335552693,0.06860699438048955,0.7885803022639832
552,0.08797128891391143,0.32438272856004996,0.5876459825260391
553,0.18032856149465776,0.38940800718000695,0.43026343132533534
554,0.5301391092374945,0.2942993957069202,0.1755614950555852
555,0.04524566766921554,0.15172591872853586,0.8030284136022486
556,0.37474809402491777,0.2974312811208982,0.32782062485418395
557,0.2705553515119592,0.06899652771378044,0.6604481207742604
558,0.7862277202169793,0.05685393321696041,0.15691834656606038
559,0.0903425498354031,0.30835976658133446,0.6012976835832624
560,0.15693867752138582,0.08130515106961622,0.7617561714089981
561,0.045812971999439775,0.09232652570198062,0.8618605022985797
562,0.7506652639350314,0.11459034699150979,0.13474438907345884
563,0.18268523186568716,0.3420705519804524,0.47524421615386053
564,0.23086678145621395,0.30045123179673794,0.46868198674704836
565,0.8686932994541691,0.041251270468661776,0.09005543007716921
566,0.2053114054042144,0.13076959892108134,0.6639189956747045
567,0.2777272647195506,0.02651090245810333,0.6957618328223457
568,0.1757283763651776,0.1698627615035494,0.654408862131273
569,0.13036972818914006,0.17252611104622884,0.697104160764631
570,0.09897582846604694,0.1810169849832208,0.7200071865507323
571,0.24312481506287512,0.1210427748912816,0.6358324100458436
572,0.09598407702415604,0.5247209747806031,0.37929494819524073
573,0.24301141300796944,0.2500741694103052,0.5069144175817254
574,0.5277307631220627,0.2651830180665926,0.20708621881134454
575,0.14808824868206322,0.20093211695348862,0.6509796343644481
576,0.3903993861993862,0.0688904167904168,0.5407101970101971
577,0.15358123195070728,0.08070186926076818,0.7657168987885248
578,0.29488109331376516,0.09847193138716068,0.6066469752990741
579,0.05975905180642316,0.7575429778709488,0.18269797032262786
580,0.12722336372790363,0.1230325917758757,0.7497440444962207
581,0.054143748839818415,0.15238393399444206,0.7934723171657397
582,0.777353975472773,0.0897484479983847,0.13289757652884235
583,0.4562514221642399,0.1026497853639238,0.4410987924718364
584,0.3038880580004038,0.18726680484504585,0.5088451371545503
585,0.1672451308081949,0.258848279769316,0.5739065894224894
586,0.09928514396213922,0.27080767620630214,0.6299071798315586
587,0.08786171008193078,0.5466662382751755,0.36547205164289387
588,0.12404338603227276,0.0365455110181556,0.8394111029495719
589,0.15088193423481128,0.23793270196441954,0.6111853638007695
590,0.18713495072169933,0.42630865655323896,0.3865563927250615
591,0.21692703889210907,0.14457667945002714,0.6384962816578639
592,0.23791638697788306,0.17731910370703055,0.5847645093150865
593,0.14359465487493608,0.11568669960955724,0.7407186455155067
594,0.2880839016475236,0.543415187502941,0.16850091084953517
595,0.24495687666272753,0.05160308072563941,0.7034400426116331
596,0.1456420422688482,0.2166418194262251,0.6377161383049269
597,0.366689945623839,0.449467982240016,0.18384207213614498
598,0.13536912776828947,0.06310798036420853,0.8015228918675021
599,0.18219008384753987,0.27373632497547096,0.5440735911769896
600,0.3152340451530091,0.0673363226774608,0.6174296321695303
601,0.15895553369619866,0.28799056112969157,0.5530539051741098
602,0.43127485841767743,0.1002854078496207,0.46843973373270187
603,0.1266705418574271,0.395320581727958,0.478008876414615
604,0.10735652036662,0.17533629447685212,0.7173071851565282
605,0.09625293124448882,0.20889159414130284,0.6948554746142084
606,0.16621930824059697,0.1261272435745924,0.7076534481848111
607,0.11152465251032488,0.2190927295941697,0.6693826178955058
608,0.2027173766674019,0.27009229054622635,0.5271903327863717
609,0.33372591183590533,0.3693133828784207,0.29696070528567403
610,0.6378131313131313,0.166379797979798,0.19580707070707074
611,0.30252620417078624,0.5169695824986845,0.1805042133305291
612,0.15672608890589892,0.14211931409078593,0.7011545970033152
613,0.16498638711244693,0.39143249450281364,0.4435811183847395
614,0.06281457877072258,0.3429824123309723,0.5942030088983051
615,0.24277014560865232,0.12273368109403268,0.6344961732973151
616,0.09216102498224248,0.14511027796376136,0.7627286970539966
617,0.0692437086184244,0.1952760769887847,0.735480214392791
618,0.33025971195661286,0.545189805033438,0.12455048300994911
619,0.18554631829972387,0.4205388137673276,0.39391486793294844
620,0.2837339589169726,0.6072498210531087,0.10901622002991869
621,0.2655816685224778,0.23082845306099428,0.5035898784165277
622,0.23927811931276968,0.17293462557306533,0.5877872551141651
623,0.7964716713109303,0.056939698305357084,0.14658863038371264
624,0.11407106720605516,0.021762584025071294,0.8641663487688735
625,0.3389104913865931,0.10740954154236937,0.5536799670710374
626,0.26791122863031197,0.28621815321423977,0.4458706181554484
627,0.15497574153934235,0.2631779815643786,0.5818462768962792
628,0.04561917223559115,0.18452958754270393,0.7698512402217049
629,0.15361160501156151,0.16276522066689367,0.6836231743215447
630,0.2547945805770334,0.09901869824918688,0.64618672117378
631,0.42804432581143353,0.16526486012392963,0.4066908140646366
632,0.44471550490620315,0.052042750597945796,0.503241744495851
633,0.3993493927966031,0.1748342408335012,0.4258163663698956
634,0.10241007091328312,0.2861590869729323,0.6114308421137845
635,0.544831730559823,0.0980571131636512,0.3571111562765258
636,0.38778312537491777,0.3751706858899496,0.23704618873513253
637,0.0198727559395998,0.07750577916350328,0.9026214648968971
638,0.23526575079273004,0.07779413787932093,0.686940111327949
639,0.24979934803412887,0.2506698701927465,0.4995307817731246
640,0.760561077628995,0.09934420878908111,0.14009471358192396
641,0.15868081552521088,0.11869214824338473,0.7226270362314047
642,0.0650603711514982,0.34956467506056016,0.5853749537879417
643,0.2015271525354991,0.20738831451858566,0.5910845329459152
