,proba_0,proba_1,proba_2
0,0.2284407054290305,0.14283959476307748,0.628719699807892
1,0.25095588794540385,0.0640748484166697,0.6849692636379263
2,0.9993552315077169,7.298439714545677e-05,0.000571784095137483
3,0.36991452806136266,0.3101177599659768,0.31996771197266044
4,0.22918714582394858,0.20597819506972678,0.5648346591063246
5,0.515727907446048,0.09681649348485159,0.38745559906910043
6,0.12322128390945034,0.22022942571343884,0.6565492903771109
7,0.34235041548271916,0.3191813628000547,0.33846822171722607
8,0.186453114643455,0.05507891517416378,0.7584679701823812
9,0.10057729879790354,0.17718119732774582,0.7222415038743506
10,0.33556393847733773,0.3267322956372151,0.33770376588544715
11,0.3388079396106868,0.12163991928637179,0.5395521411029415
12,0.39927112823636196,0.17583995829180948,0.42488891347182856
13,0.1410278390379904,0.2929886830541439,0.5659834779078657
14,0.09021344723461755,0.1716059275245254,0.738180625240857
15,0.16893118664049978,0.34376860621304933,0.4873002071464509
16,0.09182697925647886,0.19950667227523294,0.7086663484682882
17,0.23587861886122033,0.19181325301246685,0.5723081281263128
18,0.29179461845962695,0.2010158730740462,0.5071895084663269
19,0.2757751698090904,0.05470471887368958,0.6695201113172201
20,0.4302458802969315,0.16933983205614353,0.4004142876469248
21,0.12486783713042016,0.40551407617088436,0.4696180866986955
22,0.29795735933978706,0.2798158858644,0.42222675479581306
23,0.5614878609112111,0.05299951179459966,0.38551262729418934
24,0.32542828221645687,0.2535846838734689,0.4209870339100742
25,0.3913690102388408,0.2998784993452643,0.3087524904158948
26,0.45042074452394215,0.1650977286619774,0.38448152681408054
27,0.9906824777116375,0.0007940709407949692,0.008523451347567407
28,0.28992243225581577,0.28276002957459745,0.42731753816958684
29,0.9970710789003395,1.539072559250822e-05,0.0029135303740678285
30,0.25848302528973816,0.2683399206657198,0.47317705404454197
31,0.33285845403888065,0.28044093670924586,0.38670060925187344
32,0.3552990412825429,0.030919092027295658,0.6137818666901613
33,0.17561562489075602,0.19381874914545946,0.6305656259637845
34,0.25555866300303554,0.07270614021842828,0.6717351967785362
35,0.26782838480806725,0.04197081653095631,0.6902007986609765
36,0.14508388518761672,0.24869659862698265,0.6062195161854007
37,0.6443565630631302,0.11844906739616226,0.2371943695407076
38,0.3905481985063641,0.30434965997831,0.3051021415153259
39,0.17914945237747318,0.15310858225253052,0.6677419653699963
40,0.21693115382729297,0.4029788894661954,0.3800899567065115
41,0.0672745503985898,0.2614771064921033,0.6712483431093069
42,0.07129899052625017,0.21291133689989514,0.7157896725738546
43,0.1892787507952058,0.13824550971993227,0.672475739484862
44,0.1687173117069762,0.2224073076691089,0.6088753806239149
45,0.10813751015262532,0.060828779442913365,0.8310337104044613
46,0.20224805814993724,0.040908890184004745,0.756843051666058
47,0.09819820627348601,0.25068021918218863,0.6511215745443253
48,0.4212336655566787,0.18306999789342918,0.39569633654989206
49,0.2913933699906701,0.25412167075733877,0.4544849592519911
50,0.10483573423866784,0.2233309119789893,0.6718333537823429
51,0.11172251299059092,0.2609056091976916,0.6273718778117174
52,0.06878570776168189,0.3022138498830072,0.6290004423553109
53,0.9974111919385693,1.7500107108760234e-05,0.0025713079543219835
54,0.17832394091739148,0.09734109343551663,0.7243349656470919
55,0.05323143587737717,0.19685472751115804,0.7499138366114648
56,0.04696828367947074,0.16421314315885427,0.788818573161675
57,0.3128863242531254,0.04798369459505328,0.6391299811518214
58,0.5533263086530968,0.07195527377466375,0.37471841757223945
59,0.2744768657422983,0.2929858822491387,0.43253725200856297
60,0.4201193863855417,0.04312177619884975,0.5367588374156087
61,0.5276471618540293,0.032040430411785684,0.44031240773418506
62,0.3205292911853307,0.2817118330288387,0.3977588757858306
63,0.11064022278161345,0.3211217546689509,0.5682380225494357
64,0.2519485913068746,0.2630028423655237,0.48504856632760185
65,0.1834967396242322,0.24191258881023095,0.5745906715655369
66,0.2465401110567399,0.26068831445676294,0.49277157448649717
67,0.21697959377592096,0.03634501539088443,0.7466753908331947
68,0.11234330003172535,0.3705229070054042,0.5171337929628704
69,0.26367766100094053,0.08602647813380529,0.6502958608652543
70,0.7036984544524401,0.01927846854958885,0.277023076997971
71,0.1715986313171317,0.14881368191858957,0.6795876867642787
72,0.27215711024123596,0.047309839169361226,0.6805330505894028
73,0.4675505144439906,0.1635616390042654,0.368887846551744
74,0.059499904478700585,0.4250836977397354,0.515416397781564
75,0.9998494379413446,1.3349363631194073e-06,0.00014922712229202954
76,0.47122183890448205,0.02471323806457243,0.5040649230309455
77,0.18373354931651165,0.18823693753994292,0.6280295131435455
78,0.2545121168379439,0.1284414549103116,0.6170464282517446
79,0.5347004355541862,0.17854707296428562,0.28675249148152804
80,0.11884596194326986,0.2808749854607819,0.6002790525959482
81,0.21332556971637356,0.06648643815410471,0.7201879921295218
82,0.9970608699623532,1.7434267351889738e-05,0.0029216957702948372
83,0.02645705652979504,0.3565983554233133,0.6169445880468916
84,0.15831268819993527,0.26910221211082563,0.5725850996892391
85,0.4324455752910918,0.15740250909522455,0.4101519156136837
86,0.9997380674775801,2.3747332337151784e-06,0.000259557789186263
87,0.39724112525686756,0.2865836305364638,0.3161752442066686
88,0.33475970176755154,0.032569964744120196,0.6326703334883284
89,0.04212600019838923,0.34144135391866565,0.6164326458829452
90,0.15596805837571126,0.40954478273585976,0.43448715888842915
91,0.226408322609607,0.2186515190267102,0.5549401583636827
92,0.3103608113896347,0.3062932884245909,0.38334590018577447
93,0.19872210769427837,0.03529328940430229,0.7659846029014192
94,0.33110002219788565,0.152677614280397,0.5162223635217174
95,0.3323345761878673,0.22721754624549148,0.4404478775666413
96,0.37684877331456434,0.15012229491355478,0.4730289317718807
97,0.23475739535677007,0.29173889455688495,0.47350371008634495
98,0.28829019344325835,0.20475809423722813,0.5069517123195135
99,0.4352293671015636,0.20822766797980122,0.35654296491863513
100,0.01901733559386835,0.32952602932967023,0.6514566350764613
101,0.11238068742216682,0.38184295224970694,0.5057763603281263
102,0.17408537782334202,0.0442311147759036,0.7816835074007543
103,0.14860589549100775,0.3220045030073309,0.5293896015016614
104,0.17734079549734366,0.2858164388401161,0.5368427656625403
105,0.1988740162225469,0.12388280647697564,0.6772431773004775
106,0.28696766973780385,0.3047284088156003,0.40830392144659583
107,0.13702537591196873,0.2632427973043011,0.5997318267837302
108,0.15522121249731877,0.15827261378854685,0.6865061737141344
109,0.036399294152269016,0.24605667755763,0.717544028290101
110,0.3257890747017333,0.31608658797439865,0.35812433732386817
111,0.3493962163809809,0.027593257950186825,0.6230105256688323
112,0.23858604400870134,0.26520292412878826,0.4962110318625103
113,0.09259513196438841,0.12116503820095545,0.7862398298346561
114,0.22901431314854906,0.09989415680215001,0.671091530049301
115,0.37451778347867803,0.04702424278734788,0.5784579737339741
116,0.28581307773450887,0.3454045122635868,0.36878241000190437
117,0.24504952427638202,0.17605058150402067,0.5788998942195972
118,0.13208199196644657,0.03395001424841576,0.8339679937851376
119,0.11729093390985026,0.2039279352864774,0.6787811308036723
120,0.29221570532878144,0.09385386678056076,0.6139304278906579
121,0.1148365606559682,0.24598281336429126,0.6391806259797406
122,0.17120306103609204,0.0581308763459176,0.7706660626179904
123,0.25689341390725323,0.35083442240388324,0.3922721636888635
124,0.17764657924801516,0.10120244622828513,0.7211509745236998
125,0.22076580264077247,0.06277961548930816,0.7164545818699194
126,0.115984874682556,0.14179893716745037,0.7422161881499937
127,0.17705294423721,0.13595788613061197,0.686989169632178
128,0.459287180992864,0.17396747292354958,0.36674534608358633
129,0.033133849483480686,0.2031230389784345,0.7637431115380848
130,0.22858056719691378,0.38855834455431265,0.3828610882487736
131,0.3634882524822991,0.1027913589762819,0.533720388541419
132,0.3008092213360767,0.14381912003834757,0.5553716586255758
133,0.9812314633136089,0.0045628915337103055,0.01420564515268092
134,0.06792066938499679,0.15921017684337568,0.7728691537716275
135,0.12778379401029946,0.17843037050918084,0.6937858354805196
136,0.16459781329124717,0.1772845655746612,0.6581176211340917
137,0.23491341074527447,0.044160303035126997,0.7209262862195986
138,0.20397663420065407,0.1285247920647399,0.6674985737346061
139,0.06936902816564458,0.2782712085958988,0.6523597632384567
140,0.185546006405351,0.10451828345473485,0.7099357101399142
141,0.04428382492323689,0.3301923288321577,0.6255238462446053
142,0.31109831343915006,0.3143385308193123,0.3745631557415376
143,0.24246815798698956,0.17547886283407044,0.58205297917894
144,0.20631295287179274,0.1252219788605258,0.6684650682676816
145,0.1364432337782055,0.12092718637813411,0.7426295798436604
146,0.24625021688469736,0.04200626613890057,0.711743516976402
147,0.21966721872201933,0.10791742282289296,0.6724153584550877
148,0.22187119940583097,0.28254297969497383,0.4955858208991952
149,0.2821960161595724,0.3008850506067201,0.41691893323370743
150,0.1897823314496834,0.12096229663962281,0.6892553719106937
151,0.22020819742925432,0.19539103180801004,0.5844007707627356
152,0.45673795659607136,0.13565413789980735,0.4076079055041212
153,0.1539059274776035,0.2525529415959695,0.5935411309264269
154,0.2741759131972371,0.17562910174496954,0.5501949850577934
155,0.2869490180325973,0.11247619417448892,0.6005747877929137
156,0.3747728073897854,0.22591624291886425,0.3993109496913504
157,0.4709995087724429,0.1853781577179665,0.34362233350959065
158,0.018754257934955026,0.24273202269318372,0.7385137193718613
159,0.16109407835832923,0.12738793629322917,0.7115179853484416
160,0.3227221002482236,0.19927518126311064,0.4780027184886657
161,0.25271740180454855,0.15755014847667312,0.5897324497187784
162,0.4379046916875818,0.15073907733494268,0.4113562309774754
163,0.30510712226554193,0.2631497309600106,0.4317431467744475
164,0.5098823809358728,0.15341912541734662,0.33669849364678067
165,0.23663776039296425,0.13972226494220089,0.6236399746648348
166,0.16526148575271862,0.22135055381372076,0.6133879604335607
167,0.0874016996817055,0.42804911492796993,0.4845491853903246
168,0.1481287992089109,0.341947935405361,0.5099232653857282
169,0.21439406331272523,0.2229251080715773,0.5626808286156973
170,0.16729915338933476,0.12945659176138236,0.703244254849283
171,0.19364784170929325,0.3104502522538239,0.4959019060368829
172,0.34934860821967245,0.21684220870752294,0.4338091830728046
173,0.27615970320771827,0.07545924152213222,0.6483810552701494
174,0.103560838652362,0.11307008352170239,0.7833690778259356
175,0.21864650254083923,0.28159897376223036,0.4997545236969304
176,0.14039124586251542,0.33987477518054177,0.5197339789569427
177,0.34932093434004874,0.08912790706334013,0.5615511585966112
178,0.3062813240114027,0.03621088627451813,0.6575077897140791
179,0.03007433040502047,0.22868611069264203,0.7412395589023374
180,0.3550259492826949,0.20009425217242374,0.4448797985448814
181,0.18163085952576336,0.301214996177421,0.5171541442968156
182,0.2140385391844754,0.19457590033565259,0.591385560479872
183,0.10086514651143318,0.47987953985403825,0.41925531363452845
184,0.25901987606018856,0.14142975969646776,0.5995503642433436
185,0.4584284824411636,0.13229249221721975,0.4092790253416166
186,0.601568868709688,0.12550122197378286,0.272929909316529
187,0.3270407645953048,0.049039904787121,0.6239193306175742
188,0.33504978644111877,0.05630266328227286,0.6086475502766083
189,0.023468844180967452,0.20886660826770978,0.7676645475513227
190,0.33230522584289457,0.12142343866889599,0.5462713354882095
191,0.3248334570230079,0.04506401525088691,0.6301025277261052
192,0.26392573579024964,0.31970657485540105,0.4163676893543494
193,0.24599853509726252,0.22892885768253132,0.5250726072202062
194,0.23760790987973054,0.37037183021590203,0.3920202599043674
195,0.14260247189487057,0.3991622073401112,0.4582353207650182
196,0.2911685643390386,0.16347718507794617,0.5453542505830152
197,0.08885844049619046,0.33020265017557815,0.5809389093282313
198,0.25251889639622443,0.10079505267575893,0.6466860509280167
199,0.016577579458711647,0.2647903314042451,0.7186320891370434
200,0.07983169277028936,0.32191701520711846,0.5982512920225923
201,0.3506858363435058,0.07878164035908418,0.5705325232974101
202,0.09957301364007548,0.2645577409962198,0.6358692453637047
203,0.3497957802887633,0.20374457728000242,0.4464596424312343
204,0.2738237480144787,0.3340921650661104,0.39208408691941093
205,0.16842531714422065,0.29040011455723364,0.5411745682985457
206,0.33610717092791753,0.31368899474549555,0.35020383432658697
207,0.256162867879681,0.21584893482115705,0.5279881972991619
208,0.271151689345168,0.12270468324383339,0.6061436274109987
209,0.9997631666117588,1.689529737340027e-06,0.00023514385850384293
210,0.12680442706252254,0.13852230179803166,0.7346732711394458
211,0.08139680561352283,0.46166193112196374,0.45694126326451334
212,0.1280985561281108,0.3749039375780191,0.49699750629387013
213,0.43544192599332354,0.2066550061967863,0.3579030678098901
214,0.31620197332001726,0.32690229146703,0.3568957352129527
215,0.2077237902622598,0.24709212918440002,0.5451840805533401
216,0.10623142169862279,0.23229108539860527,0.6614774929027721
217,0.15097649630184995,0.4453518174466939,0.4036716862514562
218,0.25863997255073423,0.16954821606974504,0.5718118113795208
219,0.13108406119992452,0.2765231204904903,0.5923928183095851
220,0.21800147425665434,0.16386720268940672,0.6181313230539389
221,0.3452079519314835,0.3233466636188555,0.3314453844496609
222,0.5192050484748716,0.1623258668433728,0.31846908468175555
223,0.34177769622719484,0.3189362940682093,0.33928600970459594
224,0.22258106534555328,0.22751992016728495,0.5498990144871618
225,0.20324597641226977,0.23115174812649278,0.5656022754612374
226,0.1523590437103306,0.38135036561261343,0.4662905906770559
227,0.19155532246255744,0.22251045561137156,0.585934221926071
228,0.2655389807225444,0.15571484785920184,0.5787461714182538
229,0.06765441876566529,0.30394448526960505,0.6284010959647296
230,0.6347183384073076,0.04871891708326075,0.31656274450943167
231,0.14963362282938783,0.11494171130417123,0.735424665866441
232,0.03055921332274123,0.20240742555497176,0.7670333611222869
233,0.08175035589926716,0.24595979026649817,0.6722898538342347
234,0.2920761523451273,0.28749245131923623,0.42043139633563653
235,0.19413837129224845,0.4137143859942086,0.39214724271354295
236,0.36982850594955796,0.22626421753316753,0.4039072765172744
237,0.2422781886635557,0.03857163811404987,0.7191501732223945
238,0.2934657400051402,0.19169617186365379,0.514838088131206
239,0.12301884004965455,0.14759192769112875,0.7293892322592167
240,0.19191679853695254,0.18410666393153488,0.6239765375315126
241,0.16404483146307258,0.10763082783953735,0.72832434069739
242,0.1560467354120665,0.32512339512063343,0.5188298694673
243,0.10903073651472825,0.07117663161597691,0.8197926318692949
244,0.16981553579123806,0.18064435353576222,0.6495401106729997
245,0.11859156230349599,0.322286067975095,0.559122369721409
246,0.12070891369281223,0.36658000754424336,0.5127110787629444
247,0.39605808064898834,0.3081964612661577,0.295745458084854
248,0.178162523794344,0.12596593664570982,0.6958715395599462
249,0.2307475065086783,0.08563033532438946,0.6836221581669322
250,0.365979184342965,0.1406087969074254,0.49341201874960955
251,0.11924667017325345,0.38357386722019426,0.4971794626065523
252,0.5681289660192449,0.14612480603564765,0.28574622794510746
253,0.05033399679455732,0.4517305480217216,0.49793545518372123
254,0.5287904556282992,0.06064913718997426,0.41056040718172654
255,0.35872803358464295,0.291893688438479,0.34937827797687804
256,0.12608085520486123,0.08750284536841732,0.7864162994267214
257,0.12055874190486095,0.35825983016799634,0.5211814279271427
258,0.2168415033044638,0.21271649498535347,0.5704420017101828
259,0.18784862630071222,0.22041110335257,0.5917402703467177
260,0.17189303904500833,0.06580076677696176,0.76230619417803
261,0.23485524489590356,0.14934262257564337,0.6158021325284531
262,0.11824308951907124,0.0870926668462773,0.7946642436346514
263,0.21538613512861912,0.16133250283076567,0.6232813620406152
264,0.3319167259686435,0.13939943555639522,0.5286838384749611
265,0.5273230893575998,0.053272716825089855,0.4194041938173103
266,0.21034046777039878,0.17910756098757982,0.6105519712420214
267,0.4626412307109919,0.22400455690781898,0.31335421238118905
268,0.18677496416464037,0.07311508686374411,0.7401099489716155
269,0.1924966203484036,0.1324970199353182,0.6750063597162782
270,0.2534811172409142,0.2754306175317499,0.47108826522733593
271,0.1049996305889015,0.10091259185351759,0.794087777557581
272,0.22648584831006463,0.3178551392207903,0.45565901246914514
273,0.05204729376154153,0.23505166770558916,0.7129010385328693
274,0.23305659108905324,0.19777222372590125,0.5691711851850455
275,0.08368186924083705,0.0894480862659165,0.8268700444932464
276,0.24558707336601562,0.29540926446809507,0.4590036621658894
277,0.06978588906389539,0.36031555255417475,0.5698985583819299
278,0.17982804840413508,0.3736218088312545,0.4465501427646104
279,0.9975709121331818,1.0797784678667329e-05,0.0024182900821394836
280,0.5609176007763842,0.163539628319526,0.2755427709040899
281,0.5133555480805408,0.16861509036053915,0.31802936155892
282,0.21053040669727782,0.21962810300841734,0.5698414902943049
283,0.2334310600601322,0.10519837335719033,0.6613705665826775
284,0.07387117201236175,0.1506262633763106,0.7755025646113276
285,0.2580978909540344,0.0564869790157253,0.6854151300302403
286,0.12556591466460632,0.2815246440648351,0.5929094412705586
287,0.13990913940526128,0.29632519725499906,0.5637656633397397
288,0.22738528288447768,0.1068094426876237,0.6658052744278987
289,0.18840643654548567,0.22443110618011158,0.5871624572744027
290,0.3099083934390008,0.05010924592434598,0.6399823606366533
291,0.09128969346321612,0.16786171211030232,0.7408485944264815
292,0.15588976842130717,0.1675567923108619,0.6765534392678308
293,0.19254541445968404,0.08310334542381721,0.7243512401164988
294,0.16080221935825822,0.21487571266654407,0.6243220679751977
295,0.1710401330196901,0.3572730482591592,0.47168681872115076
296,0.32284517753109515,0.3260155254124822,0.3511392970564227
297,0.0751788729246178,0.49563015688950773,0.4291909701858745
298,0.253356555368585,0.0698080455772276,0.6768353990541874
299,0.13068264921730263,0.39585335239252034,0.473463998390177
300,0.42691886221917347,0.05123960095630667,0.52184153682452
301,0.17966495346096578,0.08795684294508965,0.7323782035939446
302,0.2635437061325648,0.26550240255425117,0.470953891313184
303,0.29815823647574763,0.04248192792240889,0.6593598356018435
304,0.40540937090134105,0.05434349979878759,0.5402471292998713
305,0.0974088585980788,0.15481506340451956,0.7477760779974015
306,0.25030409246442553,0.13317011816753258,0.6165257893680419
307,0.4568387299263939,0.025933308505676746,0.5172279615679294
308,0.023056056459609602,0.2983945985143134,0.678549345026077
309,0.13565639728622983,0.3951052231318479,0.4692383795819223
310,0.17219524758398524,0.1801555903899989,0.6476491620260159
311,0.25769018405721883,0.18488045844034096,0.5574293575024403
312,0.32784023467561435,0.27696098305009265,0.39519878227429295
313,0.04099210119424572,0.16654499612164492,0.7924629026841093
314,0.3764690255551838,0.27748210108052573,0.3460488733642905
315,0.10931847376898933,0.0971356892288806,0.79354583700213
316,0.05516676613997982,0.3302223045150165,0.6146109293450038
317,0.25861757496101817,0.3324305511339404,0.40895187390504156
318,0.1360370456198639,0.07306753730255,0.7908954170775861
319,0.2152242063404702,0.06312857989816589,0.7216472137613639
320,0.16599442743606457,0.08485098474912023,0.7491545878148153
321,0.14405215871734736,0.31608226107936765,0.539865580203285
322,0.16762757636395068,0.33076663400011985,0.5016057896359295
323,0.07044240898778735,0.38095756422010313,0.5486000267921095
324,0.3391737279089013,0.2789784284680521,0.3818478436230464
325,0.2533212041457085,0.052871589757131236,0.6938072060971602
326,0.12202594842977756,0.22940495236174824,0.6485690992084742
327,0.20368910711638993,0.06879822097872021,0.7275126719048898
328,0.06660847894647254,0.26631006861599915,0.6670814524375283
329,0.34371941899603325,0.07715491958349319,0.5791256614204736
330,0.08142162678434244,0.4467641262410506,0.47181424697460694
331,0.18445274008584578,0.380214819575595,0.4353324403385593
332,0.8204154261352441,0.04150804381211325,0.13807653005264264
333,0.4571982364686274,0.15398632389498132,0.3888154396363912
334,0.04809561158334964,0.2772526050610346,0.6746517833556158
335,0.46747217200306057,0.13195566630136565,0.40057216169557375
336,0.05800964693747978,0.34041392560721623,0.601576427455304
337,0.1065883018673983,0.06172420036818562,0.8316874977644161
338,0.12813677677504076,0.09739959002077278,0.7744636332041864
339,0.2870314162926792,0.36663890380289293,0.3463296799044279
340,0.11129072862462404,0.21771769989641285,0.6709915714789632
341,0.14389891657088758,0.11781419322415734,0.7382868902049551
342,0.2266529406108021,0.11324984987765652,0.6600972095115414
343,0.09704670603521803,0.2832510581682541,0.6197022357965278
344,0.1713200101573157,0.40619478074353843,0.42248520909914583
345,0.16899958740986776,0.1295855755325385,0.7014148370575938
346,0.12866372700853468,0.3721988210170659,0.4991374519743995
347,0.21849210148429576,0.35475791281713803,0.4267499856985662
348,0.2133612078198642,0.0794959512836121,0.7071428408965238
349,0.28917882531845934,0.16483871576221193,0.5459824589193287
350,0.10274096297059687,0.3549398742465282,0.5423191627828748
351,0.2166530703419785,0.10216290463181045,0.681184025026211
352,0.3355150273162167,0.06986512035955021,0.5946198523242332
353,0.4176648186815913,0.09222643018874332,0.49010875112966545
354,0.37969582969381876,0.07578717507897378,0.5445169952272074
355,0.32083986253543456,0.2359540086179458,0.4432061288466195
356,0.3201535737329983,0.09336377199253558,0.5864826542744661
357,0.2056704295712536,0.1645056107717548,0.6298239596569917
358,0.01506903986643915,0.26829053200408254,0.7166404281294784
359,0.023613797073127225,0.32855761532749617,0.6478285875993767
360,0.3523151467617433,0.2260207190142141,0.42166413422404253
361,0.3148138145247708,0.15063983789538982,0.5345463475798394
362,0.1617057911954065,0.16424470985510797,0.6740494989494855
363,0.14098017142347663,0.2973885664307617,0.5616312621457616
364,0.26124437524323635,0.3173581073621349,0.42139751739462883
365,0.2831051058281936,0.13420521705558272,0.5826896771162237
366,0.1555156511875909,0.11696160905657262,0.7275227397558366
367,0.1334961216671824,0.2147163113173607,0.6517875670154569
368,0.10898598337220249,0.22496555612420066,0.6660484605035968
369,0.24595034093373078,0.15055905853874949,0.6034906005275197
370,0.4455060238838347,0.16855153381080915,0.3859424423053562
371,0.2566975533042768,0.2006003968549612,0.542702049840762
372,0.6362109893345247,0.057757532384057085,0.30603147828141836
373,0.013567009123481483,0.20100967618355486,0.7854233146929637
374,0.29616418142893397,0.3101778027772426,0.3936580157938236
375,0.20149773767361082,0.16491264091779878,0.6335896214085903
376,0.33819623944725,0.029574849012606094,0.6322289115401439
377,0.10250960800065904,0.1424907377279932,0.7549996542713476
378,0.18454743239426083,0.2635947484943705,0.5518578191113688
379,0.23161252552386555,0.14810047316717248,0.620287001308962
380,0.2695612566294983,0.37090097047631126,0.3595377728941903
381,0.09936029893131029,0.19757516998489721,0.7030645310837924
382,0.13699664929017144,0.3035875783841798,0.5594157723256488
383,0.16165281919229182,0.240151675570088,0.5981955052376202
384,0.447902848401523,0.24662067649391667,0.3054764751045604
385,0.13742815420772986,0.05903056275737058,0.8035412830348996
386,0.771100763613294,0.0707399142098759,0.15815932217683001
387,0.1246400529444815,0.15607957692178215,0.7192803701337362
388,0.18532538819150485,0.03616800388631311,0.7785066079221821
389,0.23479088089154163,0.07732271570441926,0.6878864034040391
390,0.2601364578642699,0.12487769690450232,0.6149858452312278
391,0.2220568302564667,0.11929731807648594,0.6586458516670474
392,0.9980587230718952,1.4379859789286324e-05,0.0019268970683152611
393,0.28151426735586144,0.15658299160012143,0.561902741044017
394,0.1665751628982185,0.05655523321467358,0.7768696038871079
395,0.13988067454558542,0.3135403033529543,0.5465790221014604
396,0.09892470608729731,0.42276564886349366,0.478309645049209
397,0.10007032479082481,0.08666165115325344,0.8132680240559218
398,0.019668545578008418,0.32489108575459524,0.6554403686673963
399,0.4384428578418711,0.10039542947495324,0.46116171268317574
400,0.07381342354147385,0.2976043555811223,0.6285822208774038
401,0.1978927726870601,0.04789979489007067,0.7542074324228693
402,0.12611497078918987,0.1758839300240843,0.6980010991867258
403,0.6106925835012081,0.10969884280703902,0.27960857369175285
404,0.36864162049838817,0.2651008172823995,0.36625756221921235
405,0.2562060832584447,0.04962752941594328,0.694166387325612
406,0.22757206252754525,0.03256197901850488,0.7398659584539498
407,0.12186123804246773,0.09577644105899807,0.7823623208985342
408,0.24883526883616494,0.19032143457431322,0.5608432965895218
409,0.21773253775811724,0.07842233486582426,0.7038451273760585
410,0.2809658602527098,0.1285498778323119,0.5904842619149784
411,0.31503428733474403,0.21247039914751625,0.47249531351773977
412,0.5841433958188499,0.12973866718562407,0.2861179369955259
413,0.2726105098699749,0.07535314177800743,0.6520363483520177
414,0.31149768201478595,0.03811449242018335,0.6503878255650307
415,0.5731153340062758,0.172114729767181,0.25476993622654326
416,0.2672053908922619,0.08527847314911594,0.6475161359586221
417,0.2828314416741588,0.20396063105147128,0.5132079272743699
418,0.39482025748587946,0.045535781727874605,0.5596439607862461
419,0.011595823187055236,0.29173349422834866,0.6966706825845961
420,0.40438458728394533,0.05930756311556301,0.5363078496004917
421,0.5520334933439901,0.03194836744890794,0.41601813920710207
422,0.30921108498815025,0.18734419872651298,0.5034447162853368
423,0.6237956509211245,0.07400862011333002,0.3021957289655454
424,0.3214069270353413,0.2898725676584731,0.38872050530618557
425,0.07631708889712774,0.19552686311788636,0.7281560479849859
426,0.14331987938941554,0.24916381431370957,0.6075163062968749
427,0.13020440798012228,0.04814046068973412,0.8216551313301437
428,0.16973749416679415,0.3401538476974756,0.4901086581357303
429,0.11843870337777754,0.12571487608891424,0.7558464205333083
430,0.3348274720123247,0.0260383525334507,0.6391341754542246
431,0.6093510395346394,0.14433824076832752,0.24631071969703291
432,0.2548733020050261,0.18081871778024072,0.5643079802147333
433,0.3097026444555963,0.3197249977279789,0.3705723578164247
434,0.012441020690000769,0.23610333442600145,0.7514556448839979
435,0.12429627986175058,0.36358760823019376,0.5121161119080555
436,0.11110311227897919,0.3026844826026874,0.5862124051183334
437,0.5053868723483156,0.08669238850993842,0.40792073914174604
438,0.05054849164068273,0.18699164212745417,0.762459866231863
439,0.24130097920784851,0.19871822444630693,0.5599807963458445
440,0.534499056224709,0.11024615744430939,0.35525478633098156
441,0.10821350013143878,0.07583922975538451,0.8159472701131767
442,0.11563835265131531,0.2614552229314175,0.6229064244172673
443,0.19286581127243976,0.3004867157164153,0.5066474730111449
444,0.16406396157215553,0.13467923492531209,0.7012568035025324
445,0.12446435411675084,0.33901529163688926,0.5365203542463598
446,0.03093835760427921,0.2771764466082052,0.6918851957875157
447,0.14203238309974156,0.3183167834769176,0.5396508334233409
448,0.246918325638417,0.045714378529849484,0.7073672958317335
449,0.2903611398511644,0.04737465133133845,0.6622642088174973
450,0.32185683714625746,0.07716229315846171,0.6009808696952809
451,0.07939551679097877,0.3480080300605874,0.5725964531484339
452,0.018990514369504934,0.2960341036772223,0.6849753819532727
453,0.14417075681592093,0.4442144295734687,0.41161481361061053
454,0.17274440676518582,0.2338886371085377,0.5933669561262764
455,0.31266925158905784,0.14155088575414987,0.5457798626567922
456,0.22550893341749273,0.16709800400060085,0.6073930625819064
457,0.40098942478432653,0.19871568321738858,0.40029489199828483
458,0.33709327196460115,0.1737689643714429,0.48913776366395595
459,0.5832241155718513,0.13593331689802443,0.28084256753012427
460,0.241254989570233,0.26717263651002393,0.49157237391974307
461,0.09662005517828465,0.2762695686702409,0.6271103761514745
462,0.28469977221782355,0.049819894880587474,0.6654803329015889
463,0.43095323851052314,0.2460770124712738,0.3229697490182032
464,0.2999291736743245,0.2573789837781653,0.44269184254751026
465,0.14383573938047758,0.07850632173570274,0.7776579388838197
466,0.1335146705937155,0.43276703178448395,0.4337182976218006
467,0.3729250882436656,0.026949515673749938,0.6001253960825845
468,0.15543483877951192,0.3329294976799609,0.511635663540527
469,0.14583056436008437,0.31766762392306525,0.5365018117168503
470,0.9793232637697578,0.004175109074030101,0.016501627156212253
471,0.3538282849938374,0.18611102420883943,0.4600606907973231
472,0.15911739736448766,0.20491638784154564,0.6359662147939668
473,0.7962619795535958,0.054270517299717616,0.14946750314668653
474,0.34242287213820727,0.31081717606637366,0.3467599517954191
475,0.1987036033876229,0.3305326368329263,0.47076375977945073
476,0.47902669579029444,0.10632052640755875,0.4146527778021467
477,0.03146879808769825,0.26721968682476116,0.7013115150875406
478,0.21812799717329204,0.33128728320050455,0.4505847196262035
479,0.24673425130026042,0.33633548186138107,0.4169302668383586
480,0.22223955502154027,0.06395649337976829,0.7138039515986915
481,0.09879870557031178,0.26578703801819126,0.635414256411497
482,0.3363273499345094,0.3179828954649868,0.3456897546005038
483,0.1495344758758437,0.216423773186098,0.6340417509380584
484,0.5869596143879657,0.10960597609005643,0.3034344095219778
485,0.14569924040828816,0.19377395672204106,0.6605268028696708
486,0.22919085083236518,0.2659819968720702,0.5048271522955646
487,0.08252929762175837,0.23235005253749566,0.685120649840746
488,0.3986959683176469,0.22505032135729275,0.37625371032506033
489,0.28303298590982295,0.20190972029152016,0.5150572937986568
490,0.0289423147501462,0.31479114573934575,0.6562665395105082
491,0.1691452244889457,0.23233867303227038,0.5985161024787838
492,0.13237500410069977,0.45489842259612717,0.4127265733031731
493,0.2696600174014799,0.1387347915487309,0.5916051910497891
494,0.06849061752884207,0.49839725358066306,0.4331121288904949
495,0.0774288797643909,0.34667028852521314,0.5759008317103957
496,0.07627593993871053,0.36752636128808497,0.5561976987732046
497,0.9956875896951993,0.0005868021185968123,0.003725608186203901
498,0.4694902683349078,0.04260470494887492,0.4879050267162171
499,0.15923780564704793,0.08384100958010682,0.7569211847728453
500,0.11310345595357145,0.3488817718861514,0.5380147721602772
501,0.24051602988916407,0.056513221398920066,0.7029707487119159
502,0.06709564529949194,0.3631582735754687,0.5697460811250393
503,0.11522570731621025,0.14274875498906228,0.7420255376947275
504,0.15603175032315117,0.06620155936455918,0.7777666903122896
505,0.982616323552075,0.0019458292738843029,0.015437847174040875
506,0.38118949023133203,0.17743205660517822,0.4413784531634897
507,0.39771518658639715,0.14878571283440897,0.4534991005791939
508,0.3043320438385261,0.044727188480662386,0.6509407676808115
509,0.9738370206874016,0.007418483094606535,0.0187444962179919
510,0.274011467986617,0.3328082575422221,0.39318027447116083
511,0.36803417935357746,0.27884223375108624,0.3531235868953363
512,0.017991440750632942,0.37230296725724243,0.6097055919921247
513,0.1913681080508488,0.14183393918897155,0.6667979527601796
514,0.42540946585831046,0.03307338858160714,0.5415171455600823
515,0.24140153323693828,0.3685056019629798,0.3900928648000818
516,0.6009130002524612,0.1540721046314294,0.24501489511610944
517,0.14470231934170716,0.2717136836225301,0.5835839970357628
518,0.08371060281576248,0.38502946512624614,0.5312599320579914
519,0.3108964464232676,0.2553018240412823,0.43380172953545004
520,0.42337211570989325,0.05464342678647313,0.5219844575036338
521,0.3400414676313005,0.33531255306077234,0.32464597930792716
522,0.2932886126424809,0.054629415742877885,0.6520819716146412
523,0.5095398210289988,0.18871545972243978,0.3017447192485615
524,0.20186904252062557,0.36523227745661513,0.4328986800227593
525,0.0527866676065813,0.17679791704667813,0.7704154153467406
526,0.20689128893399047,0.14997923471101793,0.6431294763549915
527,0.0779244477897771,0.06860388357387258,0.8534716686363504
528,0.33966905304702094,0.09694832585356573,0.5633826210994133
529,0.3946951165018773,0.146303414658168,0.4590014688399548
530,0.3926806582030661,0.11784505495601902,0.48947428684091493
531,0.1928827460470473,0.32748622216809586,0.4796310317848569
532,0.07722435129678423,0.15351629223675956,0.7692593564664562
533,0.12285113034330714,0.27171850671717235,0.6054303629395206
534,0.14201886525525656,0.06855911402656943,0.7894220207181739
535,0.20987526083235764,0.039094285362272135,0.7510304538053703
536,0.104513258913924,0.1681132493206872,0.7273734917653887
537,0.02445084731979004,0.2233888154920799,0.75216033718813
538,0.33661450423454153,0.17319849658876793,0.4901869991766905
539,0.2427307929575017,0.31528781719942267,0.44198138984307556
540,0.12979325490184182,0.4626600738229041,0.40754667127525407
541,0.48527128307410294,0.1364748051310448,0.3782539117948522
542,0.278984214387152,0.14719374647562913,0.5738220391372189
543,0.27665033913461023,0.029202428702397393,0.6941472321629923
544,0.26303641251528165,0.193982233008783,0.5429813544759353
545,0.41843515763624517,0.15587141375849609,0.42569342860525866
546,0.6164274416497102,0.04213357184185885,0.3414389865084311
547,0.18096053977089438,0.18756122407705503,0.6314782361520506
548,0.17604099914047508,0.3384569204108318,0.4855020804486932
549,0.08876231810252713,0.085960148517978,0.8252775333794948
550,0.21436789203664783,0.06220248599596004,0.7234296219673921
551,0.18929653429317012,0.2067709924576851,0.6039324732491448
552,0.13386437395664566,0.36408491323250963,0.5020507128108447
553,0.22338765451481107,0.31386769286537486,0.4627446526198141
554,0.07384213931408967,0.24672367325916889,0.6794341874267414
555,0.010978732705767866,0.2381223245472592,0.7508989427469729
556,0.29019859124204994,0.36825414866830253,0.34154726008964764
557,0.6012908615882175,0.052723332850597375,0.34598580556118497
558,0.30671712482082164,0.25322517107464687,0.4400577041045315
559,0.050582499119084114,0.29494153094571246,0.6544759699352035
560,0.4020937183562149,0.09326093018744598,0.5046453514563393
561,0.2159676183630806,0.1080139025371653,0.6760184790997541
562,0.6513436187228083,0.07392033981278237,0.2747360414644094
563,0.30026925421462464,0.3402178898779473,0.3595128559074279
564,0.1652547732748979,0.22308566400669844,0.6116595627184036
565,0.991630322170821,0.0006990096326938788,0.007670668196485116
566,0.26466878851234854,0.2930400921473958,0.44229111934025556
567,0.2509363434464492,0.04462922232653149,0.7044344342270192
568,0.08451124860261397,0.16078251257503215,0.7547062388223539
569,0.14549966607282658,0.21014152543881426,0.6443588084883592
570,0.4083403413856693,0.04775698034825702,0.5439026782660735
571,0.10564048609261696,0.11788588150442561,0.7764736324029574
572,0.17143514397819087,0.24621060563502278,0.5823542503867863
573,0.15584840793349256,0.052568459764928833,0.7915831323015786
574,0.1408137855352484,0.28990238741509505,0.5692838270496565
575,0.08635967705020474,0.22814069468984938,0.6854996282599459
576,0.2652066924882229,0.041629248370081945,0.6931640591416951
577,0.3655704625032699,0.03165940349434413,0.6027701340023861
578,0.22952704599685808,0.29268456485544253,0.47778838914769944
579,0.16955701294411765,0.3169820519830832,0.5134609350727991
580,0.22106255962275262,0.0758450750145338,0.7030923653627136
581,0.0685009417596486,0.21601959847430047,0.7154794597660509
582,0.22291911730171265,0.24234463443944873,0.5347362482588386
583,0.15253246377863255,0.35112373685995596,0.49634379936141143
584,0.2365846726667071,0.0693712814646418,0.6940440458686512
585,0.1373446441614122,0.10927169928072836,0.7533836565578594
586,0.10813907119678003,0.4008534822168811,0.4910074465863388
587,0.23781783686700672,0.16179502792794553,0.6003871352050478
588,0.08371087426614618,0.24859851512059178,0.6676906106132621
589,0.10852376394402215,0.3604840444491038,0.530992191606874
590,0.24012382513619762,0.12040245788709097,0.6394737169767114
591,0.42429484397175454,0.09428248911300346,0.48142266691524194
592,0.2641351542843633,0.2931722723186441,0.44269257339699253
593,0.2915338717651478,0.05175667884877214,0.65670944938608
594,0.27843272907251765,0.34210400691900433,0.379463264008478
595,0.28827008071813315,0.22896699134451984,0.482762927937347
596,0.4086357845399992,0.26804443305333653,0.3233197824066642
597,0.41418752441156714,0.26597290275246777,0.319839572835965
598,0.3105176859838913,0.2442037507533497,0.44527856326275905
599,0.22761735503156652,0.2179947644917766,0.554387880476657
600,0.12264856537487283,0.30773863510763205,0.5696127995174951
601,0.12627282536438303,0.4134889716539537,0.4602382029816633
602,0.26225602546648696,0.09700710911887471,0.6407368654146384
603,0.10822106415615607,0.27622258254454957,0.6155563532992944
604,0.33502423476731225,0.1255239556001291,0.5394518096325587
605,0.2783558536818661,0.25741961463796414,0.46422453168016975
606,0.436683695816167,0.10849649916086523,0.4548198050229677
607,0.3849220775093562,0.07279422994901219,0.5422836925416316
608,0.43038855898658634,0.1476879254343413,0.4219235155790722
609,0.09149072356562114,0.48561655489155603,0.4228927215428229
610,0.1823513840895882,0.2448785071260012,0.5727701087844106
611,0.20315938805537537,0.3185651459394676,0.4782754660051571
612,0.09811704867899147,0.18080311217453335,0.7210798391464752
613,0.14235573369984947,0.26797513075647045,0.5896691355436802
614,0.3462696155349024,0.2871532562818722,0.3665771281832253
615,0.3432492337552585,0.05201499294153904,0.6047357733032025
616,0.27917910431305515,0.2966147985671761,0.42420609711976864
617,0.2348945078657073,0.28052805009077614,0.4845774420435166
618,0.07982425144774571,0.3903392817582667,0.5298364667939875
619,0.0999876690430586,0.37372563488710486,0.5262866960698366
620,0.3154326341049647,0.3184092447012946,0.3661581211937408
621,0.17067607959752262,0.16094131423400165,0.6683826061684758
622,0.3211872956010056,0.12121539405089521,0.5575973103480992
623,0.2626600025465548,0.24299360138316495,0.4943463960702803
624,0.2722093450245489,0.30670778465445714,0.421082870320994
625,0.17984758223898947,0.08931596320075018,0.7308364545602603
626,0.15096396978489393,0.24955345369509746,0.5994825765200086
627,0.19036946806147942,0.08625237367654211,0.7233781582619785
628,0.03215449642656642,0.3082064668646801,0.6596390367087536
629,0.28851264036611934,0.1007513783547913,0.6107359812790893
630,0.25933087530896165,0.25303653433354745,0.4876325903574908
631,0.14919567300070136,0.2638473219720928,0.5869570050272058
632,0.2158711313419397,0.07547611338575394,0.7086527552723064
633,0.2688506605243891,0.04314757300846529,0.6880017664671455
634,0.040099959987436234,0.2434975327701716,0.7164025072423923
635,0.30172516741946676,0.18451862726805507,0.5137562053124782
636,0.15784647120952983,0.3871179167062595,0.45503561208421056
637,0.24349573075561076,0.057651962681174763,0.6988523065632145
638,0.13749114734177112,0.44590209953127047,0.4166067531269585
639,0.12422992687036895,0.32882632907781145,0.5469437440518196
640,0.9991161022711721,6.657730080791163e-06,0.0008772399987470122
