,proba_0,proba_1,proba_2
0,0.24027792056082461,0.18401659438686935,0.5757054850523062
1,0.37666412215837947,0.13752571351844475,0.4858101643231759
2,0.9455666748470719,0.016974358974358974,0.037458966178569156
3,0.21912162494131643,0.22797353864626774,0.5529048364124158
4,0.22454837756330975,0.20514278105388872,0.5703088413828017
5,0.22598797963704478,0.15498085016951793,0.6190311701934375
6,0.2153824372168655,0.18807534736418213,0.5965422154189526
7,0.2279599349959903,0.2232103009779668,0.5488297640260429
8,0.24800748110069043,0.1477970240250575,0.6041954948742522
9,0.21503527615008047,0.170390139263632,0.6145745845862876
10,0.2968526558347054,0.2950813696169304,0.4080659745483641
11,0.20323585259559132,0.15071007608692102,0.6460540713174876
12,0.40177413189773603,0.14154328292829174,0.4566825851739724
13,0.20323528846591263,0.14814050128983416,0.6486242102442533
14,0.22738424723570938,0.16957340735748447,0.6030423454068062
15,0.23421574980652074,0.186500954045639,0.5792832961478405
16,0.19907910697219855,0.151753104826129,0.6491677882016725
17,0.21084469618332163,0.15873717718061534,0.630418126636063
18,0.2276866363100199,0.15693447794134915,0.6153788857486311
19,0.22406173034383955,0.18314334112745403,0.5927949285287066
20,0.19651465692579076,0.268174928817681,0.5353104142565281
21,0.16704257752245547,0.3016570472507231,0.5313003752268214
22,0.23319054485504687,0.18560266653171223,0.5812067886132412
23,0.23866089781297725,0.14594183443018113,0.6153972677568416
24,0.20387466776552912,0.1496554720799353,0.6464698601545354
25,0.24354692592596522,0.23809672815550292,0.5183563459185317
26,0.19520662596219915,0.31928622573529236,0.4855071483025084
27,0.8941776241004606,0.019951133830686654,0.08587124206885276
28,0.2268732136215972,0.15556210031897152,0.6175646860594314
29,0.6167932136337768,0.12786653769974873,0.25534024866647437
30,0.22251813466155276,0.21636140553403752,0.5611204598044098
31,0.18930164849295408,0.2871193201270035,0.5235790313800424
32,0.3383657350058739,0.12882027861481832,0.5328139863793079
33,0.2168726271438169,0.1722226396425557,0.6109047332136275
34,0.22716845902861663,0.15300315937355674,0.6198283815978267
35,0.2217093975905409,0.14787657207513813,0.6304140303343211
36,0.20967645216603387,0.15517201955202695,0.6351515282819392
37,0.23318275659478066,0.18512858740050825,0.5816886560047113
38,0.22427112508428582,0.2167747333847258,0.5589541415309884
39,0.20187425364316397,0.15275401057506358,0.6453717357817724
40,0.2359070613559862,0.18763602406521435,0.5764569145787997
41,0.1986939352303728,0.15885118497590447,0.6424548797937227
42,0.14573395348329854,0.26735857191396933,0.5869074746027321
43,0.22287305125982176,0.16355753105597454,0.6135694176842038
44,0.19647948654678785,0.2077508977591775,0.5957696156940349
45,0.2293061497421051,0.18442276256072163,0.5862710876971735
46,0.20626950236603736,0.16218668008624218,0.6315438175477205
47,0.21630372100535067,0.1801743188458675,0.6035219601487821
48,0.19972175021932828,0.31008946071465254,0.49018878906601915
49,0.23643043372908606,0.14945066140675545,0.6141189048641585
50,0.1982815758274809,0.15237959080380803,0.649338833368711
51,0.23319054485504687,0.18560266653171223,0.5812067886132412
52,0.21231833371777722,0.1677930248995883,0.6198886413826344
53,0.6367932136337767,0.1078665376997487,0.25534024866647437
54,0.2092722492679127,0.15746254857776276,0.6332652021543246
55,0.19575633467519055,0.14984709597623122,0.6543965693485783
56,0.22574378276542376,0.14848778590252298,0.6257684313320534
57,0.22533267364271886,0.16221996975335976,0.6124473566039215
58,0.31781042583960517,0.1249829982591816,0.5572065759012133
59,0.21966207098766577,0.18814962505246963,0.5921883039598649
60,0.2155833557397654,0.22907682279400382,0.5553398214662311
61,0.23094892205234005,0.1654176306180903,0.6036334473295697
62,0.204502914105576,0.15076008112016553,0.6447370047742583
63,0.14663400712193156,0.30865512599914774,0.5447108668789208
64,0.22522754631045344,0.21033358570705513,0.5644388679824917
65,0.21350637305898723,0.18097020772474592,0.6055234192162671
66,0.22376281299332956,0.21593614140260167,0.5603010456040689
67,0.2206757287623323,0.17036937028260662,0.6089549009550612
68,0.1832126680230006,0.33740720436843075,0.4793801276085686
69,0.22406173034383955,0.18314334112745403,0.5927949285287066
70,0.6138727895217362,0.10711693060046343,0.2790102798778001
71,0.245070155276375,0.19578844986011334,0.5591413948635118
72,0.3863883620705481,0.11570639312564182,0.49790524480381015
73,0.460982333959108,0.21600462285310648,0.3230130431877853
74,0.14917009868276682,0.3461135844844991,0.5047163168327343
75,0.9670100811569644,0.015906892514090654,0.017083026328945098
76,0.22520411854558772,0.17109042862926546,0.6037054528251469
77,0.2239823760565403,0.1886183156382976,0.5873993083051624
78,0.2237119232990166,0.15565972340895456,0.620628353292029
79,0.25758269273158146,0.13424797643676503,0.6081693308316535
80,0.23503350116255908,0.18273717295360176,0.5822293258838394
81,0.2183090620956656,0.17640270361593996,0.6052882342883945
82,0.6167932136337768,0.12786653769974873,0.25534024866647437
83,0.15170282083496694,0.2455719749361516,0.6027252042288815
84,0.17538568693134246,0.20927766358690714,0.6153366494817506
85,0.1956909875829421,0.2668992820737024,0.5374097303433554
86,0.721234973985711,0.06592662585213796,0.21283840016215091
87,0.22173255427632207,0.2224086888087463,0.5558587569149317
88,0.2318488711565474,0.18478269368070147,0.5833684351627514
89,0.21969673690635477,0.17495829098022841,0.605344972113417
90,0.2386856161225409,0.18322153261237137,0.5780928512650879
91,0.23395786969440813,0.15183565633130536,0.6142064739742865
92,0.18724247772616306,0.28810122981075176,0.5246562924630852
93,0.230337561902613,0.1812457465086212,0.5884166915887659
94,0.1500026604144606,0.26073471805747345,0.5892626215280661
95,0.22453019475936226,0.18813027801093518,0.5873395272297027
96,0.4069468250770101,0.16367653579824112,0.42937663912474866
97,0.23081071674467682,0.21095468477615806,0.5582345984791653
98,0.20861765080868253,0.20869262006672631,0.5826897291245913
99,0.2252716838920081,0.20251815060193126,0.5722101655060609
100,0.23152848780144983,0.15563997202411647,0.6128315401744338
101,0.1897536208882227,0.340702899585844,0.4695434795259332
102,0.48120061207517095,0.11500435158090909,0.40379503634392
103,0.1802673666540956,0.33198723039360695,0.48774540295229746
104,0.2043725795623189,0.15020819587164924,0.6454192245660317
105,0.2276368818225856,0.18688658574005487,0.5854765324373599
106,0.2281540993828209,0.20060904370948454,0.5712368569076947
107,0.16178727294383652,0.22872897033443668,0.6094837567217268
108,0.22594618921387802,0.20146459947220063,0.5725892113139215
109,0.230703227201221,0.16137059572693446,0.6079261770718446
110,0.26674848083676467,0.23336651047670698,0.49988500868652835
111,0.2318488711565474,0.18478269368070147,0.5833684351627514
112,0.1837907787178562,0.3314903955307465,0.4847188257513971
113,0.2249966323585886,0.16838490609960904,0.6066184615418024
114,0.3965442293235716,0.1616471414068444,0.44180862926958414
115,0.300511782508707,0.13669219195813231,0.5627960255331608
116,0.18724247772616306,0.28810122981075176,0.5246562924630852
117,0.21371694161962787,0.1775574192523573,0.608725639128015
118,0.22860360549941416,0.16541999183456443,0.6059764026660215
119,0.2250501024368628,0.18426968614654465,0.5906802114165928
120,0.22761275852914875,0.1678273067071628,0.6045599347636885
121,0.22066270726928797,0.17504741325214435,0.6042898794785677
122,0.33440236602255163,0.1539011367504705,0.511696497226978
123,0.19172377439143765,0.31179998344490867,0.4964762421636535
124,0.2029662868168857,0.1517800682598076,0.6452536449233066
125,0.22346240559935235,0.1727416052177706,0.6037959891828771
126,0.21461240945588517,0.17903924882629213,0.6063483417178229
127,0.2186956773279907,0.18200275217959244,0.5993015704924171
128,0.42389118519525737,0.22128347536150106,0.35482533944324146
129,0.1496426692114474,0.26000745229207334,0.5903498784964794
130,0.28980368718132554,0.25017309874754196,0.46002321407113234
131,0.2309287877349925,0.15538868419121737,0.6136825280737902
132,0.26025858690475473,0.18456345252984266,0.5551779605654026
133,0.6408223047053234,0.08516575582461693,0.2740119394700596
134,0.21812433128914654,0.14929341691624654,0.632582251794607
135,0.20247842702365634,0.15457695723252415,0.6429446157438196
136,0.22338487770859344,0.1855685638418322,0.5910465584495745
137,0.21528352098338557,0.15327175942520635,0.6314447195914081
138,0.22406173034383955,0.18314334112745403,0.5927949285287066
139,0.17219196990150462,0.23872580891446366,0.5890822211840318
140,0.2235879548200173,0.18206856022083007,0.5943434849591528
141,0.22334148489598224,0.17741226772637383,0.599246247377644
142,0.294682409303344,0.35020426923146813,0.3551133214651878
143,0.3764412036547791,0.17385478373298582,0.4497040126122352
144,0.25148117644796164,0.21371133901477576,0.5348074845372626
145,0.2277755187985126,0.15814107524741394,0.6140834059540734
146,0.2028574251352061,0.15625785516445628,0.6408847197003376
147,0.2293061497421051,0.18442276256072163,0.5862710876971735
148,0.23319054485504687,0.18560266653171223,0.5812067886132412
149,0.21304008898438176,0.1799826419667354,0.6069772690488829
150,0.2205665554786927,0.20389819141726154,0.575535253104046
151,0.2318488711565474,0.18478269368070147,0.5833684351627514
152,0.46629285096377066,0.22188713515101519,0.3118200138852141
153,0.2022911024478812,0.19609627350428574,0.6016126240478331
154,0.18009723682733128,0.25694635518749015,0.5629564079851785
155,0.22319630916400532,0.14958835747613952,0.6272153333598552
156,0.21870844614027343,0.22706499247968753,0.5542265613800391
157,0.3591145711740819,0.1646782983088855,0.4762071305170327
158,0.14529596123660085,0.26103223612719817,0.5936718026362011
159,0.2318488711565474,0.18478269368070147,0.5833684351627514
160,0.2063176124173343,0.20615848665890293,0.5875239009237628
161,0.36391457117408194,0.1746782983088855,0.46140713051703264
162,0.18819703368565674,0.25972549811150225,0.552077468202841
163,0.2180437443646176,0.21597312121550533,0.5659831344198772
164,0.35711457117408185,0.1726782983088855,0.47020713051703267
165,0.21895654689320806,0.1795486458993992,0.6014948072073929
166,0.15424923662419587,0.27556722525075483,0.5701835381250493
167,0.23155236165383225,0.17040133605581062,0.5980463022903572
168,0.1944273982706109,0.3008237752885897,0.5047488264407993
169,0.223760166998382,0.17909417947304518,0.597145653528573
170,0.2703136711633651,0.1525526118827937,0.5771337169538413
171,0.2202006217888177,0.16385923178267892,0.6159401464285036
172,0.23319054485504687,0.18560266653171223,0.5812067886132412
173,0.2263450380722071,0.15163695949376083,0.622018002434032
174,0.21763848580423065,0.18041517976394103,0.6019463344318285
175,0.22516659292054314,0.21825656295866064,0.5565768441207963
176,0.2233387636073161,0.1700979517774136,0.6065632846152704
177,0.3652919939222253,0.17768529447355516,0.4570227116042198
178,0.2260175412340104,0.1724628062516431,0.6015196525143466
179,0.21733442604027758,0.1577976002935731,0.6248679736661494
180,0.23119619688041965,0.18295563358771993,0.5858481695318607
181,0.21630372100535067,0.1801743188458675,0.6035219601487821
182,0.21609966036329134,0.1525342514070644,0.6313660882296442
183,0.19661040384385658,0.29460181757569015,0.5087877785804532
184,0.2318488711565474,0.18478269368070147,0.5833684351627514
185,0.21314124124062556,0.14900886661050733,0.6378498921488671
186,0.38999739052346594,0.16133458171278384,0.44866802776375037
187,0.2925355409819479,0.14169450443773488,0.5657699545803172
188,0.28873015736483565,0.13957022172791908,0.5716996209072454
189,0.21946600498764599,0.1501133897672573,0.6304206052450968
190,0.22791579495431055,0.1693392696315797,0.6027449354141098
191,0.2275815153083569,0.14560904772546718,0.626809436966176
192,0.2250501024368628,0.18426968614654465,0.5906802114165928
193,0.22338487770859344,0.1855685638418322,0.5910465584495745
194,0.18908883482958738,0.3107916094028921,0.5001195557675205
195,0.23332028197026344,0.18501912447170415,0.5816605935580326
196,0.2154786065706574,0.15347386764656773,0.6310475257827749
197,0.22539401949958648,0.19370144245530463,0.5809045380451091
198,0.22810743131363612,0.15248259028512345,0.6194099784012406
199,0.14514997720218256,0.2687541263585297,0.5860958964392878
200,0.223760166998382,0.17909417947304518,0.597145653528573
201,0.20358577075522202,0.14907764833423565,0.6473365809105424
202,0.159551411266698,0.26564759070548455,0.5748009980278175
203,0.34812220053484416,0.13392284205998217,0.5179549574051738
204,0.42085463954592867,0.26653591409726246,0.31260944635680876
205,0.21630372100535067,0.1801743188458675,0.6035219601487821
206,0.25077807561841003,0.231371627802104,0.517850296579486
207,0.39274330855471,0.1559936726218747,0.45126301882341535
208,0.23030985047270755,0.2172444172096728,0.5524457323176197
209,0.959115344314859,0.01818759426847662,0.02269706141666439
210,0.22716845902861663,0.15300315937355674,0.6198283815978267
211,0.23215053851378362,0.1894968676061581,0.5783525938800584
212,0.1881701198836578,0.33322882983140034,0.47860105028494176
213,0.3310837222233819,0.12280326070505032,0.5461130170715679
214,0.2738452717398437,0.2598120763854615,0.4663426518746946
215,0.2208854271154391,0.21798694730779483,0.5611276255767662
216,0.20603170417640634,0.15271804280588155,0.6412502530177122
217,0.23407760280612258,0.1729338308833874,0.59298856631049
218,0.17664078350027115,0.28047204382534047,0.5428871726743885
219,0.24027792056082461,0.18401659438686935,0.5757054850523062
220,0.18645879942855045,0.244426740130151,0.5691144604412987
221,0.21599012374915763,0.31732304247233734,0.4666868337785049
222,0.4075824818193909,0.14011863672794253,0.4522988814526668
223,0.21451707942006007,0.19870026551687148,0.5867826550630687
224,0.2267125704467655,0.21230039759118338,0.5609870319620512
225,0.20293194140955884,0.20585327317165805,0.5912147854187831
226,0.15384879546726754,0.2841891936253592,0.5619620109073733
227,0.22237024960051713,0.1548397505579438,0.6227899998415393
228,0.22380086077862216,0.18559744740764728,0.5906016918137308
229,0.15637890094066986,0.2286743822777137,0.6149467167816164
230,0.41800273393247955,0.13246435864000283,0.4495329074275178
231,0.23319054485504687,0.18560266653171223,0.5812067886132412
232,0.2068046552204244,0.1604300792920041,0.6327652654875716
233,0.23031156483792764,0.18609769967364082,0.5835907354884318
234,0.2237119232990166,0.15565972340895456,0.620628353292029
235,0.1572061383646917,0.30179067249657393,0.5410031891387345
236,0.21557265294009098,0.22553288443590588,0.5588944626240032
237,0.4538035839708804,0.12132295099171182,0.42487346503740775
238,0.22624574504669215,0.16343603789854055,0.6103182170547674
239,0.21393555682063908,0.18146447154067025,0.604599971638691
240,0.2322586563426224,0.15335027575014026,0.6143910679072374
241,0.2250501024368628,0.18426968614654465,0.5906802114165928
242,0.2295598349791786,0.18965507416250366,0.580785090858318
243,0.20178303269867237,0.15331540880133687,0.6449015584999909
244,0.21498263139494242,0.18516839519500017,0.5998489734100576
245,0.15169010938598326,0.34099174962163864,0.5073181409923783
246,0.15708614655795503,0.26731867312013874,0.5755951803219065
247,0.22555882776759761,0.2155145812825591,0.5589265909498434
248,0.21946600498764599,0.1501133897672573,0.6304206052450968
249,0.23319054485504687,0.18560266653171223,0.5812067886132412
250,0.2298466351177968,0.15387825444858247,0.6162751104336208
251,0.163910927404427,0.3051181884359006,0.5309708841596724
252,0.3903312420703161,0.16432056915410886,0.44534818877557497
253,0.16153964621622294,0.22761867990966153,0.6108416738741156
254,0.3288618584632364,0.12022641251625397,0.5509117290205097
255,0.21619694890801783,0.23461397409875745,0.5491890769932248
256,0.21873654939187312,0.1513281838462513,0.6299352667618757
257,0.2196305260372986,0.16771667973922097,0.6126527942234806
258,0.20218335621606368,0.14852040206035994,0.6492962417235764
259,0.2318488711565474,0.18478269368070147,0.5833684351627514
260,0.21371694161962787,0.1775574192523573,0.608725639128015
261,0.24027792056082461,0.18401659438686935,0.5757054850523062
262,0.20256225518887339,0.15433925051329347,0.6430984942978332
263,0.3621531840105208,0.17512472688031408,0.46272208910916524
264,0.154045434215061,0.252079581498418,0.5938749842865212
265,0.2298190513279182,0.21991596774448305,0.5502649809275989
266,0.22757057877976863,0.15455712768801907,0.6178722935322124
267,0.34415318401052075,0.19312472688031412,0.46272208910916524
268,0.22520411854558772,0.17109042862926546,0.6037054528251469
269,0.23503350116255908,0.18273717295360176,0.5822293258838394
270,0.215740526803063,0.1852918645408859,0.5989676086560514
271,0.2250501024368628,0.18426968614654465,0.5906802114165928
272,0.23057121691401908,0.20110736785941558,0.5683214152265655
273,0.20911130508100617,0.16598057519672568,0.6249081197222681
274,0.21647810868498535,0.1553960631649861,0.6281258281500286
275,0.21830733375834516,0.1647156950457537,0.6169769711959012
276,0.2237119232990166,0.15565972340895456,0.620628353292029
277,0.14343620770340845,0.27954315000035446,0.5770206422962372
278,0.2276368818225856,0.18688658574005487,0.5854765324373599
279,0.6198189737689119,0.12733655459164062,0.25284447163944734
280,0.34664298026499096,0.18914420739979465,0.4642128123352145
281,0.4910861040304599,0.15218863067883714,0.3567252652907027
282,0.20680003593855745,0.19651302810676882,0.5966869359546739
283,0.21887053295010495,0.1529300212950694,0.6281994457548258
284,0.22565998400751736,0.162042554813763,0.6122974611787196
285,0.3931758101382371,0.1330480682010149,0.4737761216607481
286,0.2260175412340104,0.1724628062516431,0.6015196525143466
287,0.19405461573373298,0.3203843005635011,0.4855610837027659
288,0.3962600120711754,0.16366579955380925,0.4400741883750154
289,0.14723453428052433,0.3463010055283972,0.5064644601910786
290,0.20553512059563972,0.15354333803893255,0.6409215413654276
291,0.21812433128914654,0.14929341691624654,0.632582251794607
292,0.22118638850906014,0.17521991725298544,0.6035936942379546
293,0.2047055789443688,0.15383560969883137,0.6414588113567998
294,0.22727410126866723,0.1533366683750815,0.6193892303562515
295,0.2029000955704334,0.2998265439584083,0.49727336047115805
296,0.3130014872697522,0.2982776599530539,0.38872085277719387
297,0.19486313828317783,0.2983280331631349,0.5068088285536871
298,0.22716845902861663,0.15300315937355674,0.6198283815978267
299,0.16478318785109397,0.30513592049015975,0.5300808916587463
300,0.2173375692833651,0.21398954175171803,0.5686728889649171
301,0.22283745187892104,0.17712376196259882,0.6000387861584803
302,0.2240897990155785,0.16296868261307396,0.6129415183713476
303,0.20553512059563972,0.15354333803893255,0.6409215413654276
304,0.2318488711565474,0.18478269368070147,0.5833684351627514
305,0.22332894985462956,0.16954386992481205,0.6071271802205586
306,0.22716845902861663,0.15300315937355674,0.6198283815978267
307,0.23319054485504687,0.18560266653171223,0.5812067886132412
308,0.14468508929600066,0.2853865268254356,0.5699283838785638
309,0.16067566478966008,0.32099192518601166,0.5183324100243284
310,0.2168726271438169,0.1722226396425557,0.6109047332136275
311,0.23194370861746264,0.21481309636057497,0.5532431950219625
312,0.2237119232990166,0.15565972340895456,0.620628353292029
313,0.19837715791974264,0.15083111534669127,0.6507917267335661
314,0.2167560416813058,0.21723327331767206,0.5660106850010223
315,0.20039506053252482,0.15054033684808144,0.6490646026193939
316,0.18058374996683133,0.20395619575307036,0.6154600542800983
317,0.23029452183512833,0.18554910757981224,0.5841563705850596
318,0.2206757287623323,0.17036937028260662,0.6089549009550612
319,0.20224691637288938,0.14701415627074355,0.6507389273563671
320,0.20478565662308676,0.1540653085275101,0.6411490348494031
321,0.2196305260372986,0.16771667973922097,0.6126527942234806
322,0.21630372100535067,0.1801743188458675,0.6035219601487821
323,0.14435229079548909,0.2852720578116339,0.5703756513928772
324,0.1989958429175907,0.24908545755835543,0.5519186995240539
325,0.3931758101382371,0.1330480682010149,0.4737761216607481
326,0.23314030670110492,0.1504544613245471,0.616405231974348
327,0.22910322606301403,0.17996833422791947,0.5909284397090666
328,0.15509113024084534,0.2421113176336307,0.602797552125524
329,0.22533267364271886,0.16221996975335976,0.6124473566039215
330,0.2276368818225856,0.18688658574005487,0.5854765324373599
331,0.1845171326329913,0.3120171735323602,0.5034656938346485
332,0.20606169728727985,0.15519170247143804,0.6387466002412822
333,0.22806392686487395,0.1544849889474916,0.6174510841876346
334,0.1499573605813975,0.27626508300215397,0.5737775564164485
335,0.447001050074996,0.2319490270107086,0.3210499229142952
336,0.21786361621205214,0.17331390840308766,0.6088224753848603
337,0.20309575018133208,0.15506583636673618,0.6418384134519317
338,0.2880329370915802,0.14135140207149088,0.5706156608369289
339,0.2663920159447115,0.2833370134025748,0.45027097065271365
340,0.2263786334324099,0.15185483880114664,0.6217665277664435
341,0.2293061497421051,0.18442276256072163,0.5862710876971735
342,0.21201308108910605,0.15855580982299983,0.6294311090878941
343,0.16805686724949978,0.24210059612471266,0.5898425366257875
344,0.24037692767200639,0.18435660263194678,0.575266469696047
345,0.21946600498764599,0.1501133897672573,0.6304206052450968
346,0.2040487111543353,0.14951287891221177,0.6464384099334529
347,0.3115035154204413,0.33089191214211,0.35760457243744875
348,0.22406173034383955,0.18314334112745403,0.5927949285287066
349,0.22237208067080252,0.21152363483749348,0.5661042844917041
350,0.2243114632183728,0.20460467789577566,0.5710838588858518
351,0.2110598758856854,0.1550542878279007,0.6338858362864139
352,0.20224691637288938,0.14701415627074355,0.6507389273563671
353,0.16944436411126723,0.2785259562231404,0.5520296796655924
354,0.24305972573705362,0.15137645396420824,0.6055638202987382
355,0.21460703141737614,0.21946262326879623,0.5659303453138277
356,0.22914926995962534,0.15488322707953492,0.6159675029608398
357,0.2192398671806912,0.18435954432361862,0.5964005884956904
358,0.14461986724971732,0.26771779131398693,0.5876623414362958
359,0.1460016140992866,0.27507509916846384,0.5789232867322496
360,0.22550870669485903,0.21544884700653671,0.5590424462986043
361,0.21341723003245125,0.1592787632541163,0.6273040067134324
362,0.21763848580423065,0.18041517976394103,0.6019463344318285
363,0.14655970828169587,0.33051476182452516,0.5229255298937789
364,0.4327639263438386,0.29754949787232066,0.2696865757838406
365,0.2239823760565403,0.1886183156382976,0.5873993083051624
366,0.20705151765027704,0.15660307287796327,0.6363454094717597
367,0.21325292320311834,0.1917288161491518,0.5950182606477301
368,0.1808208964404551,0.22839838862727363,0.5907807149322714
369,0.22505534460009297,0.1935337862587272,0.5814108691411801
370,0.20096999156840098,0.14817231173646786,0.6508576966951313
371,0.2478644977284493,0.1873954930564704,0.5647400092150805
372,0.20928601406698932,0.15574852205181128,0.6349654638811995
373,0.14937588237873314,0.2576353120526602,0.5929888055686068
374,0.2726858226746705,0.3529650673692019,0.37434910995612747
375,0.22504232264117324,0.15328324081594918,0.6216744365428778
376,0.2318488711565474,0.18478269368070147,0.5833684351627514
377,0.2133529271468853,0.15411990609941373,0.6325271667537011
378,0.20769962359179547,0.1537291545572352,0.6385712218509694
379,0.23566293970290997,0.19232136639379294,0.5720156939032973
380,0.23332028197026344,0.18501912447170415,0.5816605935580326
381,0.20581593030570125,0.16086419676884134,0.6333198729254574
382,0.2260175412340104,0.1724628062516431,0.6015196525143466
383,0.24000348462288154,0.18291236949117526,0.5770841458859434
384,0.2208147026866733,0.19715876838999954,0.5820265289233274
385,0.1990476759963845,0.14567578569908493,0.6552765383045306
386,0.22993651382123861,0.16755394463073656,0.6025095415480248
387,0.23319054485504687,0.18560266653171223,0.5812067886132412
388,0.5033510367611743,0.11211401140409133,0.3845349518347343
389,0.22170185825130978,0.1540116204188372,0.6242865213298532
390,0.22768671177070654,0.1524569323447716,0.6198563558845218
391,0.23503350116255908,0.18273717295360176,0.5822293258838394
392,0.639818973768912,0.1073365545916406,0.25284447163944734
393,0.16807672640842555,0.27141096560345856,0.5605123079881159
394,0.30304281028603325,0.15197640086119826,0.5449807888527686
395,0.22112377227933358,0.17009980319070578,0.6087764245299607
396,0.2359070613559862,0.18763602406521435,0.5764569145787997
397,0.2029662868168857,0.1517800682598076,0.6452536449233066
398,0.14617933838114272,0.2662630923024068,0.5875575693164504
399,0.2298466351177968,0.15387825444858247,0.6162751104336208
400,0.14201333677243005,0.27413567080168727,0.5838509924258828
401,0.22666616752915747,0.16866220088670733,0.6046716315841353
402,0.23319054485504687,0.18560266653171223,0.5812067886132412
403,0.2944940845530493,0.13061428934185787,0.5748916261050929
404,0.2103028984163608,0.2048588355115585,0.5848382660720809
405,0.20888308808295272,0.14937484384079075,0.6417420680762566
406,0.2183090620956656,0.17640270361593996,0.6052882342883945
407,0.22737009980908723,0.18411299031941308,0.5885169098715
408,0.23678572912201912,0.1443952757257277,0.6188189951522532
409,0.3950885466499481,0.1617436726218747,0.4431677807281772
410,0.1564837104304712,0.2467903614571746,0.5967259281123544
411,0.1943732926288658,0.3305778924019591,0.47504881496917506
412,0.22739777193113478,0.22678013750471102,0.5458220905641542
413,0.22283745187892104,0.17712376196259882,0.6000387861584803
414,0.22520411854558772,0.17109042862926546,0.6037054528251469
415,0.3734270026046583,0.1619465354918248,0.464626461903517
416,0.21530599054910757,0.15281202675984212,0.6318819826910503
417,0.23319054485504687,0.18560266653171223,0.5812067886132412
418,0.5787246548202774,0.1061268905309732,0.3151484546487492
419,0.14505377630061014,0.2744509896473807,0.5804952340520092
420,0.2321821242989548,0.14497967603893322,0.6228381996621121
421,0.23370681211167427,0.2211483749695894,0.5451448129187364
422,0.39505540869911543,0.1686301383325928,0.43631445296829163
423,0.23038348765166425,0.15180371704568685,0.617812795302649
424,0.1903095850008906,0.2950240820317654,0.514666332967344
425,0.19575633467519055,0.14984709597623122,0.6543965693485783
426,0.2318488711565474,0.18478269368070147,0.5833684351627514
427,0.22640884739145953,0.17272569300170737,0.6008654596068331
428,0.19369823160394423,0.3078029419552564,0.49849882644079935
429,0.22332894985462956,0.16954386992481205,0.6071271802205586
430,0.38601365492605744,0.12751342028875712,0.48647292478518567
431,0.36401202788403864,0.1695906359712232,0.46639733614473833
432,0.37621898143255694,0.16474367262187475,0.4590373459455686
433,0.27254155132835156,0.23363498531508164,0.4938234633565668
434,0.14416448084683295,0.2682416573382631,0.587593861814904
435,0.2122952030784771,0.35306236789204126,0.4346424290294815
436,0.1525777833871548,0.33572633925109996,0.5116958773617454
437,0.4109576708318401,0.13284427278676714,0.4561980563813929
438,0.19837715791974264,0.15083111534669127,0.6507917267335661
439,0.22132729571593512,0.1868507473571821,0.591821956926883
440,0.17893854522404243,0.26145262587491325,0.5596088289010444
441,0.22406173034383955,0.18314334112745403,0.5927949285287066
442,0.21786361621205214,0.17331390840308766,0.6088224753848603
443,0.21630372100535067,0.1801743188458675,0.6035219601487821
444,0.3075068604903887,0.17427105487097486,0.5182220846386365
445,0.19285940616883665,0.33147323866800144,0.47566735516316194
446,0.17243888348175154,0.2423060558280439,0.5852550606902046
447,0.24027792056082461,0.18401659438686935,0.5757054850523062
448,0.3755286587487951,0.1305429741952376,0.49392836705596743
449,0.22938638894579763,0.1554208553844976,0.6151927556697048
450,0.24840868758114978,0.18975228520049658,0.5618390272183539
451,0.1464456899877177,0.3397123281883711,0.5138419818239115
452,0.1479804209389081,0.26807076346910547,0.5839488155919866
453,0.23304584603232037,0.18391489957601004,0.5830392543916697
454,0.2318488711565474,0.18478269368070147,0.5833684351627514
455,0.20661681795277126,0.15436817658965715,0.6390150054575716
456,0.2318488711565474,0.18478269368070147,0.5833684351627514
457,0.22806392686487395,0.1544849889474916,0.6174510841876346
458,0.22768671177070654,0.1524569323447716,0.6198563558845218
459,0.3782620278840386,0.1697156359712232,0.45202233614473836
460,0.22727410126866723,0.1533366683750815,0.6193892303562515
461,0.2149392836075065,0.17930803302059545,0.6057526833718981
462,0.22779955158583592,0.16096737282216547,0.6112330755919987
463,0.19941087189425932,0.24569428963531226,0.5548948384704283
464,0.2048931037917405,0.2023879805806053,0.5927189156276542
465,0.21263272633677804,0.15017212592292994,0.6371951477402921
466,0.15388660261089973,0.309537717669729,0.5365756797193714
467,0.2318488711565474,0.18478269368070147,0.5833684351627514
468,0.21356322128026617,0.1913515719386363,0.5950852067810978
469,0.23516352284888586,0.18623151608876187,0.5786049610623525
470,0.6443174746516561,0.08508436047577972,0.270598164872564
471,0.2359070613559862,0.18763602406521435,0.5764569145787997
472,0.22197023199209148,0.16521899884044877,0.6128107691674597
473,0.21958323334045937,0.16970758849329676,0.610709178166244
474,0.22448769808036687,0.22974434866444568,0.5457679532551876
475,0.2245229908705713,0.20525736247968634,0.5702196466497425
476,0.24705357021849508,0.14623030098703577,0.6067161287944691
477,0.22332894985462956,0.16954386992481205,0.6071271802205586
478,0.19471608458896028,0.3123499093757375,0.4929340060353021
479,0.21630372100535067,0.1801743188458675,0.6035219601487821
480,0.22406173034383955,0.18314334112745403,0.5927949285287066
481,0.19324220484192825,0.23100200348236397,0.5757557916757079
482,0.22740165222648046,0.22242602885196888,0.5501723189215507
483,0.15466647419759758,0.23098904819833926,0.6143444776040632
484,0.3978511806081796,0.11241552417046038,0.4897332952213602
485,0.2322586563426224,0.15335027575014026,0.6143910679072374
486,0.2286201873423212,0.1808582484560074,0.5905215642016717
487,0.21630372100535067,0.1801743188458675,0.6035219601487821
488,0.2090173977276017,0.2266535373642995,0.5643290649080989
489,0.224131877887521,0.21620754241181245,0.5596605797006666
490,0.15127400500481483,0.27210580644885346,0.5766201885463318
491,0.21393555682063908,0.18146447154067025,0.604599971638691
492,0.15307376298597977,0.32733884320763906,0.5195873938063813
493,0.2318488711565474,0.18478269368070147,0.5833684351627514
494,0.19895877214336907,0.2905438032640375,0.5104974245925933
495,0.22776068616625317,0.18766810912197127,0.5845712047117757
496,0.21630372100535067,0.1801743188458675,0.6035219601487821
497,0.8754603693210876,0.0401134593117856,0.08442617136712686
498,0.4639985677844023,0.1479943868122979,0.38800704540329967
499,0.3133576341990725,0.12503028644466652,0.5616120793562611
500,0.15457653488845888,0.32831465109405,0.5171088140174911
501,0.4230083564421371,0.12601858009066852,0.4509730634671945
502,0.22334148489598224,0.17741226772637383,0.599246247377644
503,0.19640032934550422,0.1493882503518995,0.6542114203025963
504,0.2347643881511485,0.18226968614654468,0.5829659257023071
505,0.6527471007186026,0.0867636641094251,0.26048923517197214
506,0.2318488711565474,0.18478269368070147,0.5833684351627514
507,0.371442980264991,0.1731442073997946,0.45541281233521447
508,0.22346240559935235,0.1727416052177706,0.6037959891828771
509,0.5391064868974003,0.1192645985024069,0.3416289146001926
510,0.1909438053556992,0.2874624573819055,0.5215937372623953
511,0.21765150951756312,0.2187151028916069,0.5636333875908301
512,0.16097232145933252,0.26637889240376855,0.572648786136899
513,0.21395393856852024,0.1537650098950173,0.6322810515364625
514,0.45466240325139085,0.22299031065099517,0.322347286097614
515,0.19592075229076975,0.31504379765899126,0.4890354500502388
516,0.4003731282392547,0.16101875922875386,0.4386081125319916
517,0.245070155276375,0.19578844986011334,0.5591413948635118
518,0.22863785703671913,0.17465718873574798,0.596704954227533
519,0.35772326682625577,0.17513240458907878,0.46714432858466554
520,0.2173375692833651,0.21398954175171803,0.5686728889649171
521,0.30863508340838913,0.24647761614666103,0.44488730044494984
522,0.20358577075522202,0.14907764833423565,0.6473365809105424
523,0.2467969642263392,0.14690762346961087,0.6062954123040499
524,0.17951900891337935,0.32180216844155995,0.4986788226450607
525,0.1787371785834618,0.22019081530469195,0.6010720061118464
526,0.22406173034383955,0.18314334112745403,0.5927949285287066
527,0.20292030168481515,0.15307283167565824,0.6440068666395267
528,0.2318488711565474,0.18478269368070147,0.5833684351627514
529,0.22914926995962534,0.15488322707953492,0.6159675029608398
530,0.2132940511719673,0.15957207946315882,0.6271338693648738
531,0.22985452318192018,0.18213566073670917,0.5880098160813709
532,0.21371694161962787,0.1775574192523573,0.608725639128015
533,0.23621630499018195,0.1850726834236041,0.5787110115862141
534,0.20224691637288938,0.14701415627074355,0.6507389273563671
535,0.22346240559935235,0.1727416052177706,0.6037959891828771
536,0.22404188832039243,0.15448050119520373,0.621477610484404
537,0.1522807573889044,0.25532653130228694,0.5923927113088088
538,0.39249548360548253,0.16839605593558907,0.4391084604589284
539,0.21722120346929985,0.1739261010978682,0.6088526954328319
540,0.19657896485115622,0.29667336977769376,0.5067476653711498
541,0.3521531840105208,0.18512472688031412,0.46272208910916524
542,0.28832551140373774,0.1395627607536913,0.5721117278425709
543,0.26881600859464666,0.1542590947855682,0.5769248966197852
544,0.36230808380990737,0.12955091759176587,0.5081409985983268
545,0.48016539901570154,0.21891854245898837,0.3009160585253099
546,0.5652478168987267,0.15195705766633977,0.28279512543493324
547,0.22685926600819406,0.16206306700250067,0.6110776669893053
548,0.17239684608786754,0.2662209398992943,0.5613822140128385
549,0.21189550978814892,0.15320637410136778,0.6348981161104834
550,0.21347190897065155,0.1543215070264441,0.6322065840029044
551,0.21072158012316022,0.19937078861835256,0.5899076312584874
552,0.18077526965450205,0.3178523868503676,0.5013723434951303
553,0.23057121691401908,0.20110736785941558,0.5683214152265655
554,0.2250501024368628,0.18426968614654465,0.5906802114165928
555,0.14577598607323747,0.2625320550467403,0.5916919588800222
556,0.36999684640028874,0.22519995144186583,0.4048032021578452
557,0.3589664372701954,0.11934496213707473,0.52168860059273
558,0.23038348765166425,0.15180371704568685,0.617812795302649
559,0.14748886219066654,0.25967579071510527,0.5928353470942284
560,0.26011803149547663,0.14169937638534008,0.5981825921191832
561,0.21748033661883287,0.14975226254057825,0.632767400840589
562,0.36645386274686587,0.12823630075695705,0.5053098364961772
563,0.2577926809763843,0.2742169332403401,0.4679903857832754
564,0.14882472276079306,0.26011578009926056,0.5910594971399464
565,0.955015324050386,0.00679900359789503,0.03818567235171891
566,0.2250501024368628,0.18426968614654465,0.5906802114165928
567,0.3547412096712681,0.14902805964282778,0.49623073068590406
568,0.21371694161962787,0.1775574192523573,0.608725639128015
569,0.21260300060663087,0.19343809923248068,0.5939589001608888
570,0.47455940640840033,0.13393432830511068,0.3915062652864888
571,0.2250501024368628,0.18426968614654465,0.5906802114165928
572,0.22066270726928797,0.17504741325214435,0.6042898794785677
573,0.34794947604287196,0.15728094053649083,0.49476958342063726
574,0.23421574980652074,0.186500954045639,0.5792832961478405
575,0.14537220329534187,0.27494763390123117,0.579680162803427
576,0.22141422764420812,0.14595796742397535,0.6326278049318167
577,0.2318488711565474,0.18478269368070147,0.5833684351627514
578,0.21628443420150012,0.19683236293282896,0.5868832028656711
579,0.23785994502970734,0.19830754441854292,0.5638325105517499
580,0.21472683508935375,0.15428797322513557,0.6309851916855108
581,0.22776068616625317,0.18766810912197127,0.5845712047117757
582,0.39926326313787996,0.24187965865152353,0.3588570782105963
583,0.23463097399629343,0.19537323049972585,0.5699957955039809
584,0.35277483942875604,0.1717395211111814,0.47548563946006256
585,0.2318488711565474,0.18478269368070147,0.5833684351627514
586,0.17971256101546476,0.2419746924613253,0.5783127465232099
587,0.15410178473955116,0.2516932614308463,0.5942049538296028
588,0.21630372100535067,0.1801743188458675,0.6035219601487821
589,0.2241521862957388,0.17147032939979123,0.60437748430447
590,0.2276581593557614,0.2138479614411406,0.5584938792030982
591,0.16716709462471968,0.2661410623033232,0.5666918430719572
592,0.21895654689320806,0.1795486458993992,0.6014948072073929
593,0.23185813435341798,0.18281799854598954,0.5853238671005926
594,0.3977058030813266,0.2520770054773553,0.35021719144131785
595,0.223760166998382,0.17909417947304518,0.597145653528573
596,0.21181994481409966,0.2246159377893136,0.5635641173965867
597,0.22074994984929536,0.2007271252577787,0.5785229248929261
598,0.21350637305898723,0.18097020772474592,0.6055234192162671
599,0.15604693632913713,0.2627298631841729,0.5812232004866902
600,0.23382963741065266,0.1858856223689551,0.5802847402203924
601,0.19894108923163725,0.2726710405560125,0.52838787021235
602,0.25730831977928803,0.20802478929816431,0.5346668909225477
603,0.2149392836075065,0.17930803302059545,0.6057526833718981
604,0.15747030763287273,0.2581067516937501,0.5844229406733773
605,0.22588167524194558,0.19837101520888276,0.575747309549172
606,0.2318488711565474,0.18478269368070147,0.5833684351627514
607,0.2195658320610689,0.23214097433200567,0.5482931936069256
608,0.16203247115325414,0.2898162999870916,0.5481512288596544
609,0.1972021912834701,0.2984484359331781,0.5043493727833517
610,0.34297689887892635,0.27962975464111084,0.37739334647996275
611,0.4340720359744948,0.28884245139070663,0.2770855126347985
612,0.21763848580423065,0.18041517976394103,0.6019463344318285
613,0.16946509848588426,0.2831045938339809,0.5474303076801352
614,0.21973699995328158,0.2377964085186384,0.5424665915280801
615,0.2260175412340104,0.1724628062516431,0.6015196525143466
616,0.23319054485504687,0.18560266653171223,0.5812067886132412
617,0.23745905042308618,0.2063485025710146,0.5561924470058994
618,0.23132593399563625,0.18237209152771183,0.5863019744766521
619,0.18519868127828779,0.3343078168308879,0.4804935018908243
620,0.34037934554913407,0.3296772013143695,0.3299434531364963
621,0.20616299630310514,0.15474914169687728,0.6390878620000177
622,0.2000450773351318,0.15184222709804493,0.6481126955668234
623,0.2359040787635366,0.14729109015132086,0.6168048310851425
624,0.21630372100535067,0.1801743188458675,0.6035219601487821
625,0.23680177619326043,0.18061335801934594,0.5825848657873938
626,0.15381974628073306,0.27479454084165733,0.5713857128776098
627,0.23503926837123235,0.18677908527982243,0.5781816463489454
628,0.1500720251304032,0.23592206499606824,0.6140059098735287
629,0.23320484407302067,0.15470981095178074,0.6120853449751986
630,0.23319054485504687,0.18560266653171223,0.5812067886132412
631,0.21226873119102355,0.1521158995893116,0.6356153692196649
632,0.30872917612332174,0.13108396364074992,0.5601868602359285
633,0.23695149069090246,0.16128665666263417,0.6017618526464635
634,0.1696956608022299,0.23101448875615105,0.5992898504416192
635,0.22555882776759761,0.2155145812825591,0.5589265909498434
636,0.2373511675368713,0.18488658574005487,0.5777622467230742
637,0.21946600498764599,0.1501133897672573,0.6304206052450968
638,0.22307157505970326,0.16877934927963942,0.6081490756606575
639,0.21756941078066513,0.1877852947885104,0.5946452944308247
640,0.6662903134775404,0.08070217321810888,0.2530075133043509
641,0.165421877485906,0.2709952514396339,0.5635828710744601
642,0.1605438475676965,0.3617326913333232,0.47772346109898045
