,proba_0,proba_1,proba_2
0,0.1273942426106307,0.3418002352696187,0.5308055221197505
1,0.17577844404689372,0.07641126131157189,0.7478102946415344
2,0.9996572272396008,2.1484448954995172e-05,0.0003212883114440682
3,0.29582148895866134,0.3479503160543008,0.3562281949870377
4,0.30954109473572866,0.1544955832983032,0.5359633219659681
5,0.019637457245750604,0.3497274841982484,0.630635058556001
6,0.01604003544682822,0.3058279286101783,0.6781320359429934
7,0.40941815702108636,0.23559216335001343,0.35498967962890027
8,0.24494267898792751,0.03387456458928525,0.7211827564227872
9,0.03618706434354031,0.10550933395477555,0.8583036017016841
10,0.24539097731125262,0.46139554435490027,0.2932134783338471
11,0.48380938375326404,0.025954726029788516,0.49023589021694747
12,0.3497866634538245,0.24095231104276038,0.4092610255034152
13,0.18574420158896557,0.20546218676868422,0.6087936116423501
14,0.027931510132096313,0.1745270943340283,0.7975413955338754
15,0.15451897044768947,0.2654405349724456,0.580040494579865
16,0.565879779638627,0.09029416932440226,0.34382605103697067
17,0.509761754020507,0.12546383545509548,0.3647744105243976
18,0.5015044416540965,0.15715790436500499,0.34133765398089855
19,0.3197761588663533,0.05787700233656104,0.6223468387970855
20,0.14922127853321743,0.46493145234899597,0.38584726911778666
21,0.05312482494736739,0.28594652039033513,0.6609286546622974
22,0.14258548665074736,0.12454018872580225,0.7328743246234505
23,0.20229668743587037,0.20068392391966966,0.59701938864446
24,0.1310162248613639,0.16408031730053504,0.7049034578381012
25,0.3646560751353512,0.23516850840672418,0.4001754164579245
26,0.04814529030575356,0.21136701053599036,0.7404876991582561
27,0.9865379847223703,0.00014806663895719396,0.01331394863867253
28,0.5208673491483917,0.14420768844172324,0.3349249624098849
29,0.9999990024351094,1.643384571856256e-08,9.811310448430523e-07
30,0.2156246964496019,0.30483390043683095,0.47954140311356713
31,0.19782830641257063,0.4310090571550703,0.37116263643235897
32,0.1052531268388889,0.13579400965160957,0.7589528635095014
33,0.18868452752067094,0.04598919632354574,0.7653262761557833
34,0.0776394888428445,0.11395730841492487,0.8084032027422308
35,0.22454810228733915,0.07737469455611597,0.6980772031565449
36,0.6440620237393705,0.0651462611733395,0.29079171508729007
37,0.6763208016403607,0.025669319293313626,0.2980098790663256
38,0.33421100429044315,0.280438754901069,0.38535024080848795
39,0.0043565277087740896,0.14738428232357492,0.848259189967651
40,0.29581010690879145,0.18599322434138074,0.5181966687498277
41,0.04341171110295716,0.09079544993095905,0.8657928389660837
42,0.06791845552622887,0.3244244198988917,0.6076571245748794
43,0.26853411986643333,0.19999988911987288,0.5314659910136937
44,0.1419371015261803,0.17950810430355288,0.6785547941702668
45,0.026069878478876565,0.14877818900300455,0.8251519325181189
46,0.031232234121596744,0.054620480920536715,0.9141472849578666
47,0.007056041497091725,0.29561942555195486,0.6973245329509534
48,0.02535030063565495,0.23862059079681333,0.7360291085675318
49,0.49501213503112956,0.030510171445409403,0.474477693523461
50,0.13526374379397166,0.2848049774245749,0.5799312787814535
51,0.07398082824708466,0.20913247773520274,0.7168866940177125
52,0.7281497456643952,0.1275489438799249,0.14430131045568004
53,0.9999992322198235,2.3844940389285497e-08,7.439352362312921e-07
54,0.11813889345642703,0.16540172880215906,0.716459377741414
55,0.004024751230350523,0.1546784502353541,0.8412967985342954
56,0.34677691829422447,0.018948138044508466,0.6342749436612671
57,0.35175097239823594,0.054539775053627594,0.5937092525481364
58,0.32416087367838814,0.34200403088803083,0.33383509543358103
59,0.3082975562402573,0.14291312267960515,0.5487893210801376
60,0.46267324694630824,0.08118362642072463,0.45614312663296713
61,0.30430501529456927,0.025061285123945808,0.6706336995814849
62,0.20160973534141693,0.10168622248428978,0.6967040421742933
63,0.14305626424789286,0.24554687243654416,0.611396863315563
64,0.12890801421770373,0.31755460720491313,0.5535373785773832
65,0.07021070897226087,0.28835114326493266,0.6414381477628065
66,0.14861379522582308,0.31306227658169106,0.5383239281924858
67,0.12886694623268694,0.07513343450715558,0.7959996192601575
68,0.11873337029237349,0.39624711384410655,0.48501951586352005
69,0.30460015044383015,0.07125190308802536,0.6241479464681443
70,0.8232259450634677,0.022953972032848973,0.15382008290368335
71,0.061008479904981774,0.405477269225436,0.5335142508695823
72,0.12672411795728095,0.06562750309192959,0.8076483789507894
73,0.42965929583043133,0.3605875597498599,0.2097531444197087
74,0.03957568117749185,0.35151204199833763,0.6089122768241706
75,0.9999994167470014,4.012397314355373e-07,1.8201326719220114e-07
76,0.35155252138135257,0.03064863730192502,0.6177988413167224
77,0.12841352636143946,0.3231303840494776,0.5484560895890829
78,0.019517822360450604,0.3368123619863891,0.6436698156531604
79,0.7542571952903796,0.011564469940219417,0.23417833476940098
80,0.10718522339938319,0.1464431183672703,0.7463716582333464
81,0.2584783216540212,0.08261379384403633,0.6589078845019424
82,0.9999991339485603,1.9033158595424583e-08,8.470182812202523e-07
83,0.04320961661635415,0.3873667227300967,0.5694236606535492
84,0.09284581884507925,0.2945805286240435,0.6125736525308774
85,0.13344748553444857,0.45909436581833923,0.40745814864721214
86,0.9999995008402642,3.8626765765649326e-07,1.1289207816057686e-07
87,0.34201804228119953,0.24505585531013438,0.4129261024086661
88,0.42478026118336887,0.13891450854084686,0.43630523027578416
89,0.6860978031332001,0.16077907399349445,0.15312312287330535
90,0.13824757512255306,0.2043356530293068,0.6574167718481401
91,0.26200391329632017,0.0792777420389327,0.6587183446647472
92,0.2149539967249859,0.3920571189419557,0.39298888433305856
93,0.23993077906473406,0.06349715266716995,0.6965720682680959
94,0.16749073144476245,0.20737364838557662,0.6251356201696608
95,0.24637467995421283,0.16448987166214976,0.5891354483836375
96,0.614764933932016,0.08870052479014069,0.29653454127784334
97,0.24228404032556522,0.26266863950916,0.4950473201652748
98,0.3376887316542296,0.13791003537758922,0.5244012329681811
99,0.33682205887010475,0.13763449814308318,0.5255434429868121
100,0.011590827628343974,0.285438318477202,0.7029708538944539
101,0.060578081649061546,0.20597856140271079,0.7334433569482276
102,0.3047840977151445,0.05723886139166569,0.6379770408931899
103,0.07727901721163496,0.22378322279263865,0.6989377599957264
104,0.09723328434730508,0.2064417701038154,0.6963249455488796
105,0.09444329728986248,0.2908564360228502,0.6147002666872872
106,0.258149684550339,0.3061549059993077,0.4356954094503533
107,0.05513029375616363,0.3325248006140497,0.6123449056297867
108,0.38860175908878114,0.1842366493713491,0.4271615915398698
109,0.0383310999299478,0.10769261469079651,0.8539762853792556
110,0.23511223720049818,0.23824202234608996,0.526645740453412
111,0.4360584264477524,0.12872471672776978,0.4352168568244778
112,0.03846005701141595,0.1880955220873614,0.7734444209012227
113,0.014009571156990584,0.12784673856340636,0.858143690279603
114,0.33154188865786655,0.1746041200171448,0.4938539913249887
115,0.16022269079911358,0.12825599922895173,0.7115213099719347
116,0.165459279091116,0.3936852839922303,0.44085543691665363
117,0.11388765183092413,0.13019213185870132,0.7559202163103745
118,0.11316657008978569,0.06823350779337298,0.8185999221168414
119,0.009964160991831322,0.43646091441992646,0.5535749245882422
120,0.07184028732842099,0.12993891419736983,0.7982207984742092
121,0.015073570345639279,0.19446776041041652,0.7904586692439443
122,0.055699590697717835,0.12660453607025882,0.8176958732320234
123,0.19372468850004637,0.3852992918892917,0.420976019610662
124,0.17868684173094343,0.11377202915766345,0.7075411291113931
125,0.1544251546117002,0.08499796279736994,0.7605768825909298
126,0.07492915292942251,0.20044991152548028,0.7246209355450971
127,0.23518292735916627,0.06547266136602278,0.699344411274811
128,0.39548416828757765,0.38203666670098635,0.22247916501143608
129,0.21454267960150447,0.2598133815206631,0.5256439388778326
130,0.5041964084319512,0.22933601808187698,0.2664675734861719
131,0.2551394403881934,0.276032393518966,0.4688281660928405
132,0.2220048104681506,0.1166783533919717,0.6613168361398777
133,0.9919673315036275,0.002538671248862129,0.005493997247510304
134,0.3199655158126565,0.030145871339776656,0.6498886128475669
135,0.3120701179619714,0.2986684441231907,0.38926143791483775
136,0.08842953368582439,0.33312423701513305,0.5784462292990425
137,0.5311683243141615,0.04606061807222513,0.4227710576136134
138,0.16971419327435472,0.1142562793110362,0.7160295274146091
139,0.20779409197389032,0.2705004520329285,0.5217054559931811
140,0.21099006613824203,0.07506350907008486,0.7139464247916731
141,0.6418442814275855,0.10264423554805309,0.2555114830243614
142,0.2499122351485308,0.48298517499794613,0.2671025898535231
143,0.17759174876751532,0.17371479693035874,0.648693454302126
144,0.25710521852557633,0.18871624695879372,0.5541785345156299
145,0.028523072532117156,0.18145501460617855,0.7900219128617044
146,0.04449380688887401,0.1261120564099635,0.8293941367011625
147,0.18289219011811703,0.09408579608069415,0.7230220138011887
148,0.40295326919925734,0.14599960063268091,0.4510471301680617
149,0.1308619977825169,0.17631826411800494,0.6928197380994782
150,0.15333131833084304,0.35946195383573565,0.4872067278334214
151,0.06401380856810326,0.14035236116023211,0.7956338302716647
152,0.5169906418027516,0.2838564853894287,0.19915287280781968
153,0.34531515592029105,0.09759177031051823,0.5570930737691906
154,0.09432952104271478,0.361027138046144,0.5446433409111412
155,0.1877869443112997,0.13163774233032025,0.6805753133583801
156,0.16270465511118748,0.4611282846693061,0.37616706021950636
157,0.39527807033769063,0.18104887165787306,0.42367305800443633
158,0.01498480486503115,0.33925432853498944,0.6457608665999794
159,0.03154959400160359,0.34261240898626566,0.6258379970121307
160,0.3349228395047799,0.1377923409834627,0.5272848195117573
161,0.1410462575804869,0.1999753248146234,0.6589784176048897
162,0.0521922003572915,0.25342851027262797,0.6943792893700805
163,0.19646729702211266,0.32390601275726,0.4796266902206274
164,0.2806534492885597,0.2088087464656018,0.5105378042458386
165,0.11743272384950121,0.11646639318988654,0.7661008829606123
166,0.11896794106325856,0.1823868035663467,0.6986452553703948
167,0.16834877005425525,0.24348819090695434,0.5881630390387904
168,0.1372304965412889,0.4866736189474916,0.3760958845112194
169,0.11566569163120777,0.23314456182089452,0.6511897465478977
170,0.13617203061077252,0.046786539988659365,0.8170414294005681
171,0.1327657252168539,0.2182940088479136,0.6489402659352325
172,0.08121147130942072,0.1145066588900579,0.8042818698005214
173,0.061018548883179584,0.11869895198442539,0.820282499132395
174,0.05322070882125151,0.14609852616017763,0.8006807650185709
175,0.14693192271847164,0.29298591021192866,0.5600821670695996
176,0.30015988020300344,0.33187503584226397,0.3679650839547325
177,0.5038050810225988,0.05803214849028863,0.4381627704871124
178,0.5157106528903627,0.08738088942618288,0.39690845768345456
179,0.24436500775148096,0.06089742108879501,0.694737571159724
180,0.1009144841689904,0.1618389933194561,0.7372465225115534
181,0.0332970052985737,0.21662285649926322,0.7500801382021629
182,0.0529754149833303,0.19305951693617188,0.7539650680804979
183,0.2548889026580655,0.40908901174519463,0.3360220855967398
184,0.3768937865191496,0.07060026146788917,0.5525059520129613
185,0.05953498892564616,0.024797975641717183,0.9156670354326367
186,0.31433746217608305,0.2655561292651396,0.4201064085587774
187,0.28481814355699747,0.07636851231053068,0.6388133441324718
188,0.2607445413574392,0.08547223973630753,0.6537832189062533
189,0.07975070797032703,0.06780772931371355,0.8524415627159594
190,0.08352154474452046,0.14450391806618754,0.771974537189292
191,0.070749670211734,0.08861393741871301,0.840636392369553
192,0.2054773289555473,0.18238687115764202,0.6121357998868108
193,0.17569813249504646,0.25128942325833886,0.5730124442466147
194,0.13354555022183806,0.4536824176020331,0.4127720321761289
195,0.17753394043356463,0.24608858453516216,0.5763774750312732
196,0.5821934884650677,0.021484837399211622,0.3963216741357206
197,0.0771432023077956,0.30499044821000865,0.6178663494821958
198,0.4611556246847783,0.11377656022466476,0.42506781509055697
199,0.01571206048738939,0.32164585721689126,0.6626420822957193
200,0.041173542216712086,0.2510085206081527,0.7078179371751351
201,0.43692335358234596,0.05189249615838174,0.5111841502592723
202,0.03162144316130095,0.37051627119227615,0.5978622856464229
203,0.7423613071696137,0.06506614386019549,0.19257254897019072
204,0.21779027452082822,0.4689934426633822,0.3132162828157896
205,0.1448882328711285,0.20394232115214764,0.651169445976724
206,0.46094445201746737,0.21609431039805435,0.32296123758447837
207,0.2706698982359576,0.2593050462079887,0.4700250555560538
208,0.11371084051704329,0.32594109941370863,0.5603480600692482
209,0.9999559759559197,1.6190484784709475e-06,4.240499560192206e-05
210,0.024314041385782262,0.18188881768356852,0.7937971409306492
211,0.18301687478711923,0.24750827457456384,0.5694748506383169
212,0.28595452525443305,0.3906134827016255,0.3234319920439414
213,0.7977549962635951,0.07063239588755645,0.1316126078488483
214,0.23271601437524803,0.2602199523609536,0.5070640332637985
215,0.1991215494051088,0.2808989550715318,0.5199794955233594
216,0.5747348167521497,0.09841985928187974,0.3268453239659706
217,0.14462759505689593,0.2389217867700535,0.6164506181730507
218,0.030833622975941315,0.23795603468037943,0.7312103423436792
219,0.21005359364690215,0.21095188760732247,0.5789945187457755
220,0.11432121364313987,0.37231823634632527,0.5133605500105348
221,0.23471003625680556,0.4533459699113856,0.31194399383180893
222,0.7645024366350085,0.033463078228108505,0.202034485136883
223,0.2339776059600562,0.22302171952544855,0.5430006745144953
224,0.22117076183716888,0.28515428853919156,0.49367494962363956
225,0.14578824273339788,0.18645301038462572,0.6677587468819763
226,0.09997768810727929,0.3265353735902304,0.5734869383024903
227,0.026675109574035065,0.23580626505805283,0.7375186253679121
228,0.23481899233714287,0.17185399532902046,0.5933270123338366
229,0.06558273085007423,0.30847366862543824,0.6259436005244876
230,0.7751069333728213,0.012866764687184434,0.2120263019399942
231,0.12800628774798675,0.21675475936414934,0.6552389528878639
232,0.13902113631576504,0.14306784029284914,0.7179110233913858
233,0.1817316532633029,0.19909604153586735,0.6191723052008298
234,0.6368837271322593,0.12550191828651694,0.23761435458122376
235,0.015582030118889154,0.31152852084448085,0.6728894490366301
236,0.16401585629704948,0.4638964952305205,0.37208764847243
237,0.36320402704504723,0.05115080009754555,0.5856451728574071
238,0.047459981112885734,0.23286341886521428,0.7196766000219001
239,0.07752115108374316,0.20857640369131233,0.7139024452249446
240,0.6379500960449233,0.13414471151653626,0.2279051924385405
241,0.11032231471808451,0.1789403329950532,0.7107373522868623
242,0.3705291182094261,0.22131490885577493,0.40815597293479894
243,0.3666739824766296,0.08949064990056252,0.5438353676228079
244,0.12749472307415802,0.25571982157190587,0.6167854553539361
245,0.03019239975935602,0.20552163689543756,0.7642859633452064
246,0.22761444420156599,0.24816221332993574,0.5242233424684982
247,0.343379845619702,0.2725876825652483,0.38403247181504974
248,0.2316597169772214,0.19794277076724984,0.5703975122555287
249,0.438233911600631,0.15233859981961712,0.4094274885797519
250,0.45873913875268646,0.1292823401837245,0.4119785210635891
251,0.08948996710174949,0.39297875595527826,0.5175312769429723
252,0.3358454073375086,0.25017970670150996,0.41397488596098136
253,0.2164573528000349,0.3926948458914934,0.3908478013084718
254,0.3132058771283391,0.1772238122120958,0.5095703106595652
255,0.2764404108318038,0.32208195240941995,0.4014776367587762
256,0.13083004842367657,0.08380233241592518,0.7853676191603983
257,0.13102684006585652,0.30981566038569414,0.5591574995484493
258,0.17163472369278188,0.18404652627608784,0.6443187500311303
259,0.1197071336454386,0.3787729981335452,0.5015198682210161
260,0.31017138933286276,0.038180916406206,0.6516476942609313
261,0.4085322567088287,0.06039379111205694,0.5310739521791144
262,0.05952762444042203,0.3294120318039982,0.6110603437555797
263,0.13290272017055926,0.17805685758590514,0.6890404222435357
264,0.15980355048617903,0.19896327763919974,0.6412331718746213
265,0.13067951694004576,0.18650930309545768,0.6828111799644966
266,0.249019099871537,0.2728998352994245,0.4780810648290385
267,0.5180679206554822,0.12407640107667911,0.35785567826783865
268,0.2014381873738384,0.10779661306092936,0.6907651995652322
269,0.235998354346686,0.18667655455000703,0.577325091103307
270,0.28757456054454056,0.11922490703754432,0.5932005324179151
271,0.01636029645934114,0.3211778026122793,0.6624619009283795
272,0.31334437773317736,0.2165785262427236,0.470077096024099
273,0.12201843517048525,0.32136062890139333,0.5566209359281215
274,0.01279055301749041,0.3182630789492751,0.6689463680332345
275,0.2230328998223592,0.0957211296273864,0.6812459705502543
276,0.47141706159161567,0.19159964056402337,0.33698329784436093
277,0.16441709085816855,0.3320406773539314,0.5035422317879
278,0.2705660427431806,0.21017981090551296,0.5192541463513064
279,0.9999992135019191,1.4186115722734299e-08,7.723119650791851e-07
280,0.3663352378797445,0.24895565193698066,0.38470911018327486
281,0.8089018987497013,0.08580412688523675,0.10529397436506206
282,0.0660998673403734,0.3441430271126584,0.5897571055469683
283,0.20781687639950322,0.13494213729303683,0.65724098630746
284,0.23280323549557558,0.18071909120811094,0.5864776732963135
285,0.3119588319506532,0.07393186935957859,0.6141092986897683
286,0.14078158260747303,0.11761101127397317,0.7416074061185538
287,0.23519756652774618,0.21757685481842823,0.5472255786538256
288,0.3231805605276066,0.1783300682764335,0.4984893711959599
289,0.03729655703186077,0.2714168255370367,0.6912866174311024
290,0.38301107612156804,0.052324584033854905,0.564664339844577
291,0.19986076551523718,0.04848044267009796,0.7516587918146649
292,0.040063096655306406,0.19571465333892735,0.7642222500057663
293,0.01021645348212808,0.06773912167529376,0.9220444248425781
294,0.047495229410402864,0.1088276750051933,0.8436770955844038
295,0.13371077994107236,0.4699819694975955,0.39630725056133215
296,0.25885487208856267,0.47679551791698876,0.26434960999444856
297,0.22779438832663043,0.4083085498711772,0.36389706180219233
298,0.06951164360965562,0.11106474371316645,0.8194236126771779
299,0.03720260368249911,0.2679681414794611,0.6948292548380398
300,0.28354163541438004,0.12196191642287584,0.594496448162744
301,0.1729495228264761,0.10067152630296387,0.7263789508705601
302,0.31396912007475675,0.28779871566937376,0.39823216425586944
303,0.24973491944381235,0.08576964234326055,0.6644954382129272
304,0.3682148439105285,0.18864397671988858,0.4431411793695829
305,0.059302084137942655,0.15545768689382486,0.7852402289682324
306,0.14880433336842686,0.11094417703239054,0.7402514895991826
307,0.27123302003849137,0.043669997413904316,0.6850969825476043
308,0.01913304278583098,0.3270103979520912,0.6538565592620779
309,0.17080089776015506,0.27975121814636833,0.5494478840934766
310,0.17307487313059952,0.0760360437960031,0.7508890830733974
311,0.12302112404607492,0.24211540723131533,0.6348634687226097
312,0.6751690926398985,0.09638275192596783,0.22844815543413363
313,0.15197688279193172,0.0566341440477318,0.7913889731603365
314,0.1478272005583423,0.326990764248498,0.5251820351931596
315,0.014578058854328366,0.04668120727941005,0.9387407338662616
316,0.09279452127795391,0.2431139104239679,0.6640915682980782
317,0.06363837243318922,0.2694723009110708,0.66688932665574
318,0.06415485876397768,0.1463518569080986,0.7894932843279238
319,0.3769319455965286,0.053346069270668095,0.5697219851328034
320,0.022126191925104618,0.12737141420822568,0.8505023938666697
321,0.11152244031252449,0.30814590518253404,0.5803316545049415
322,0.045033182078266246,0.2065701421577326,0.7483966757640012
323,0.18109690132346323,0.3407806067315159,0.478122491945021
324,0.11328821795368678,0.3940335711848778,0.4926782108614355
325,0.34557058047752104,0.07041384968576168,0.5840155698367173
326,0.1260778569152336,0.3458952426105648,0.5280269004742015
327,0.224885611273385,0.07105285331855665,0.7040615354080583
328,0.07724747052884431,0.23135151206999643,0.6914010174011592
329,0.319970062922819,0.07740296738050646,0.6026269696966745
330,0.17544535767975955,0.2670615852729481,0.5574930570472924
331,0.14454105233891354,0.40376096981756127,0.45169797784352517
332,0.9479429334745116,0.03168613333970198,0.020370933185786175
333,0.7217936598073891,0.06853980215754266,0.20966653803506827
334,0.047945111533322884,0.2703141649760064,0.6817407234906708
335,0.514212394718518,0.295230081626228,0.1905575236552539
336,0.22673810948877252,0.35964364621832995,0.4136182442928976
337,0.022700095614834763,0.2714097343041159,0.7058901700810494
338,0.09800176797711288,0.15958171549015066,0.7424165165327365
339,0.3317954292954218,0.40219715772477954,0.26600741297979874
340,0.10993998145406869,0.10563240875226865,0.7844276097936627
341,0.06326454321183927,0.14090803216853198,0.7958274246196289
342,0.28712722986362577,0.05266739556366677,0.6602053745727073
343,0.11642847062905223,0.1975143888623039,0.6860571405086439
344,0.2830680486880681,0.2100724351922085,0.5068595161197234
345,0.1799922781292518,0.18107649848338897,0.6389312233873592
346,0.12288522005346396,0.2525820097250544,0.6245327702214817
347,0.5749030548270293,0.1270864316336377,0.29801051353933294
348,0.1933709855293859,0.11414524730787945,0.6924837671627347
349,0.07383100376895874,0.2233546472131487,0.7028143490178926
350,0.03666966209458625,0.4995355705379405,0.46379476736747327
351,0.101276149775029,0.14089626292708718,0.7578275872978837
352,0.32134650446010493,0.05492395588290536,0.6237295396569896
353,0.04155993396273239,0.17397626114735398,0.7844638048899136
354,0.07209813046711785,0.20353544046101976,0.7243664290718623
355,0.120095962531796,0.33991974230512095,0.539984295163083
356,0.02276065110404409,0.2266436092138816,0.7505957396820743
357,0.2500765711433575,0.08179229541576229,0.6681311334408802
358,0.013972274415318321,0.3921659482323082,0.5938617773523736
359,0.030420616431494015,0.3597900795078601,0.6097893040606458
360,0.19648663621072388,0.4500793330408396,0.35343403074843655
361,0.2968970191713463,0.26895583280555174,0.43414714802310184
362,0.0970065647161696,0.17242744541623786,0.7305659898675926
363,0.03825803756474217,0.2886379071387816,0.6731040552964762
364,0.22920613819581007,0.4509302942064871,0.3198635675977029
365,0.4646596247405611,0.06876673004590528,0.46657364521353356
366,0.030340928594765008,0.08641328803869387,0.883245783366541
367,0.020671626420768082,0.3077012648711948,0.6716271087080371
368,0.19828872500097067,0.15608079311297499,0.6456304818860543
369,0.40222559884887654,0.05311984702125889,0.5446545541298645
370,0.6969119768541553,0.01988421365220907,0.28320380949363566
371,0.2173269847395947,0.2297669526528681,0.5529060626075372
372,0.32256736840486244,0.09014015713682962,0.5872924744583081
373,0.033194702018236294,0.22844453971886863,0.738360758262895
374,0.23429573377420485,0.48474057824432637,0.2809636879814688
375,0.04420549553948947,0.13826812450372664,0.817526379956784
376,0.4237129200256551,0.13427437064119688,0.442012709333148
377,0.2339426618549637,0.08982515477425354,0.6762321833707827
378,0.6706877178812327,0.07901411484004542,0.250298167278722
379,0.44895182889678714,0.04999249970748886,0.501055671395724
380,0.2823376197577135,0.19207876056657058,0.525583619675716
381,0.032947788186977627,0.08564604286079994,0.8814061689522226
382,0.018908686420380565,0.1942483218835086,0.7868429916961108
383,0.15045321325037847,0.3528683795614539,0.49667840718816775
384,0.40570602011121515,0.20292368389296642,0.3913702959958184
385,0.20033551012876027,0.07684485078135185,0.7228196390898879
386,0.9726141193257883,0.009809519168278089,0.01757636150593359
387,0.08125532462051566,0.3121610066518849,0.6065836687275994
388,0.3433151630038344,0.04116212037448427,0.6155227166216813
389,0.018626160657170984,0.0573393603105082,0.9240344790323208
390,0.01913178894660175,0.23910448259163827,0.74176372846176
391,0.5848678032400999,0.04663255354926014,0.36849964321063994
392,0.999999425673399,3.817383853108711e-08,5.361527624344001e-07
393,0.028316291255543514,0.22826815151947696,0.7434155572249795
394,0.3389708161643984,0.03563405105133612,0.6253951327842654
395,0.0352354255795744,0.3835712529030177,0.581193321517408
396,0.16693883173045732,0.32746983175969446,0.5055913365098482
397,0.4342615450199436,0.06253842189702068,0.5032000330830358
398,0.029486051247953227,0.3391978587884483,0.6313160899635986
399,0.21747760955981724,0.358739840984886,0.42378254945529675
400,0.12480814555054441,0.2657398845333133,0.6094519699161423
401,0.2924447148815426,0.03343728308629949,0.6741180020321579
402,0.09242123629865669,0.2537169321608065,0.6538618315405368
403,0.740356826058071,0.133138606830063,0.126504567111866
404,0.18726592352485477,0.30519488743174283,0.5075391890434023
405,0.5050107209770252,0.04808423694228574,0.4469050420806891
406,0.14931155944067345,0.06891464489650787,0.7817737956628187
407,0.03935862946222489,0.18088773925318088,0.7797536312845942
408,0.38836877110058576,0.2129280245732921,0.3987032043261221
409,0.32582145818082026,0.1404283591820704,0.5337501826371094
410,0.17543112033425612,0.1494231460382519,0.675145733627492
411,0.03015194316204303,0.19343042087070625,0.7764176359672508
412,0.7770508336316098,0.022237119040856266,0.200712047327534
413,0.5194748140311123,0.05729956868310864,0.4232256172857791
414,0.4965374725104561,0.0749189049119776,0.42854362257756634
415,0.4382418790502572,0.17354848139492896,0.3882096395548138
416,0.11552355330759517,0.16947100599073459,0.7150054407016703
417,0.18453769689091248,0.10753109420872993,0.7079312089003575
418,0.2332543692216564,0.06447825562935242,0.7022673751489912
419,0.00851402813051574,0.4376925195168737,0.5537934523526106
420,0.38322711829400996,0.11908635493714474,0.4976865267688452
421,0.4768859983694391,0.07461064567578919,0.4485033559547717
422,0.5653810676393438,0.09516761178489863,0.3394513205757576
423,0.5133919350235975,0.19332655009053304,0.29328151488586945
424,0.19557942022686334,0.47473397457333194,0.3296866051998047
425,0.002939263846990465,0.21813169657758052,0.7789290395754289
426,0.11622650594416586,0.25974216093738656,0.6240313331184475
427,0.034999139817821316,0.13356324215941856,0.8314376180227602
428,0.14218263529782407,0.5040686786971934,0.35374868600498266
429,0.12469751950483608,0.10968984370434616,0.7656126367908178
430,0.1855874700673884,0.10709662506481529,0.7073159048677963
431,0.4078627012191968,0.17528023188343814,0.41685706689736496
432,0.19897185531933792,0.17268303910456662,0.6283451055760955
433,0.13447193726924134,0.4452420524619669,0.4202860102687918
434,0.0231812963938735,0.2878640418266363,0.6889546617794902
435,0.2245003514101627,0.4628426215620127,0.3126570270278247
436,0.08540949826634721,0.13219253157787972,0.7823979701557732
437,0.4523756752260388,0.10110409251619526,0.44652023225776594
438,0.004759478298379649,0.10945295352064259,0.8857875681809777
439,0.2945605069050441,0.09548256607531344,0.6099569270196424
440,0.05250044808757122,0.23751063750084195,0.7099889144115868
441,0.029524906323902974,0.1701357606879025,0.8003393329881946
442,0.004690799123942,0.24114205676222106,0.7541671441138369
443,0.188703577858546,0.21953405817615682,0.5917623639652972
444,0.07296649489661398,0.18492076603270508,0.7421127390706809
445,0.04308027693742593,0.21972378361742087,0.7371959394451533
446,0.18345004925144415,0.26729179190927166,0.5492581588392842
447,0.43678359251075455,0.21018424107963565,0.35303216640960977
448,0.2977757860749652,0.09361672490985275,0.608607489015182
449,0.23951623606424288,0.06437524477074154,0.6961085191650156
450,0.4539379134929174,0.053383826935979525,0.492678259571103
451,0.01994196342340338,0.35624532460897207,0.6238127119676246
452,0.02767798280228059,0.3354549965399571,0.6368670206577625
453,0.13248217912552318,0.2557236159108466,0.6117942049636302
454,0.10852949715189927,0.3049852661827405,0.5864852366653601
455,0.5349854640227424,0.022654186857400605,0.44236034911985717
456,0.13093194137578715,0.3132924944201892,0.5557755642040236
457,0.7402170291500874,0.08497949971843015,0.1748034711314824
458,0.030964342751714623,0.24230363395930837,0.7267320232889771
459,0.34831535833149146,0.1590429984476622,0.49264164322084636
460,0.1928464267732893,0.2267910593083216,0.580362513918389
461,0.16320409708609362,0.40336250176485267,0.4334334011490537
462,0.5342897918636302,0.039476496878194996,0.42623371125817483
463,0.15468486490643416,0.3389330868592342,0.5063820482343316
464,0.2734623822210815,0.09991290861413744,0.6266247091647811
465,0.16548727882797903,0.08886146856091481,0.7456512526111062
466,0.005849035291242661,0.2242109449382452,0.7699400197705122
467,0.48086301568445217,0.11117979701276194,0.40795718730278596
468,0.12046210589200973,0.24777111806731866,0.6317667760406716
469,0.4011301152112424,0.2080454599237142,0.39082442486504343
470,0.9915240195065763,0.0009728962583214195,0.007503084235102231
471,0.47258007776504923,0.24822439618711417,0.2791955260478366
472,0.07717666285836636,0.13123849905766827,0.7915848380839653
473,0.963419603086042,0.01359982811770483,0.022980568796253133
474,0.41023558425635664,0.23869067495670176,0.3510737407869417
475,0.24284175174400588,0.2415643208753164,0.5155939273806777
476,0.6272982411762374,0.011355422254365548,0.361346336569397
477,0.2866849968963672,0.2044112497244408,0.508903753379192
478,0.16396338948201755,0.5239453524298124,0.31209125808817006
479,0.2504940527602618,0.1815380708551433,0.5679678763845947
480,0.1790134302127672,0.09200805673504356,0.7289785130521892
481,0.10727935927327761,0.3015533446697008,0.5911672960570216
482,0.22095225397602414,0.3206374808621311,0.4584102651618448
483,0.24031755037767427,0.11663070786846635,0.6430517417538594
484,0.2664623750432773,0.19927732771428466,0.534260297242438
485,0.5848372934606503,0.11972523707397074,0.295437469465379
486,0.02639383959060954,0.2138124809031524,0.7597936795062381
487,0.03196703609112878,0.3063494381486977,0.6616835257601736
488,0.15281305688762636,0.4547786579785232,0.39240828513385045
489,0.3012821280826906,0.19725183950629296,0.5014660324110164
490,0.028796302042703566,0.3523070892248712,0.6188966087324254
491,0.06081834312330659,0.27597219959320923,0.6632094572834842
492,0.006656372951163824,0.2294865772282635,0.7638570498205728
493,0.027684414034832128,0.2260545975482586,0.7462609884169092
494,0.22090088212941308,0.406381084883366,0.37271803298722095
495,0.22725098082687828,0.358719516430382,0.4140295027427396
496,0.07355616159128398,0.2590783107205718,0.6673655276881442
497,0.9912363042309423,0.00010730710122290833,0.008656388667834908
498,0.25414356154614814,0.19805679119969355,0.5477996472541583
499,0.16053908273124942,0.0944911460291743,0.7449697712395763
500,0.04333281687901242,0.31254971680402965,0.644117466316958
501,0.2069479956965267,0.07040510852918277,0.7226468957742906
502,0.7467587240476655,0.13684568839045202,0.11639558756188237
503,0.35877045462091955,0.11850059316888509,0.5227289522101953
504,0.11811212834107296,0.13469834741507938,0.7471895242438477
505,0.9894318359791788,0.00043182172465009534,0.010136342296171212
506,0.035729989885435486,0.16426600371690211,0.8000040063976624
507,0.1858184083440361,0.22811964391965367,0.5860619477363103
508,0.27208824044164315,0.06968318498800309,0.6582285745703538
509,0.9845328239319068,0.007598631969805671,0.007868544098287503
510,0.18231214990942826,0.45585898886596454,0.36182886122460717
511,0.21999533875638363,0.316411161281207,0.46359349996240945
512,0.03844899676757112,0.38489095236308396,0.5766600508693449
513,0.03803883481835314,0.09139540346597559,0.8705657617156712
514,0.3279446244641507,0.1574290525605035,0.5146263229753458
515,0.1879931964586924,0.49134847908749085,0.3206583244538167
516,0.4271099423458583,0.17846303812008185,0.3944270195340599
517,0.04119385614210111,0.33905972449616645,0.6197464193617325
518,0.24126135060296824,0.3589660375005242,0.3997726118965076
519,0.3921192993486617,0.16175761198237434,0.44612308866896394
520,0.3754174550758254,0.09086865078838915,0.5337138941357854
521,0.3175348845571505,0.3816673127424533,0.3007978027003962
522,0.4500807155540543,0.05065290463182229,0.4992663798141234
523,0.7314324926478925,0.011118555056068485,0.2574489522960391
524,0.3187483484661996,0.3853192717418919,0.29593237979190856
525,0.10590231426697205,0.13678355159808428,0.7573141341349436
526,0.17377713811473972,0.11830091502830596,0.7079219468569543
527,0.0243959546151955,0.1337257801621722,0.8418782652226323
528,0.09823224173829896,0.19381012081196478,0.7079576374497362
529,0.11471309895935294,0.19343101137406912,0.691855889666578
530,0.5123535439730346,0.2096877820433872,0.27795867398357826
531,0.054199050667236896,0.13402413876676839,0.8117768105659947
532,0.006018686168694353,0.37302674131251917,0.6209545725187864
533,0.30030791811650714,0.19086766095460964,0.5088244209288832
534,0.2853170248839531,0.09682013243935383,0.6178628426766931
535,0.12335750291639414,0.07997036686787787,0.7966721302157279
536,0.10953198966571887,0.19661821672661267,0.6938497936076684
537,0.01704548565685295,0.3819550170515325,0.6009994972916145
538,0.5937136062827133,0.09510894295958972,0.31117745075769704
539,0.22061324972780103,0.225522585742821,0.5538641645293779
540,0.28966305633567757,0.40202055457848274,0.30831638908583964
541,0.21167926337636597,0.18308093364337044,0.6052398029802636
542,0.6453444411838981,0.07849229153126332,0.27616326728483853
543,0.3373867226463355,0.043210066281472836,0.6194032110721917
544,0.28359988633726174,0.15871719436967668,0.5576829192930616
545,0.49812530594976717,0.2881369678061495,0.21373772624408327
546,0.43116195194381374,0.1829244416796472,0.38591360637653904
547,0.30695552300795,0.10144870272845484,0.5915957742635952
548,0.13880876192057096,0.30327452893587065,0.5579167091435584
549,0.016268503236932047,0.0661309959373722,0.9176005008256958
550,0.42865288296912996,0.0502189858110906,0.5211281312197793
551,0.05690814076954618,0.3167967026636933,0.6262951565667606
552,0.2678220460441055,0.3701087172818416,0.362069236674053
553,0.2900284590897695,0.23147264825555083,0.47849889265467976
554,0.023442900643962043,0.3937304863530908,0.5828266130029471
555,0.0074704647164974955,0.321621981665519,0.6709075536179836
556,0.5441087892384032,0.2092024981968038,0.24668871256479302
557,0.7130786916274414,0.009789996180731621,0.2771313121918269
558,0.6482795822362819,0.07863568303895255,0.2730847347247656
559,0.010559147023532505,0.31565881079793706,0.6737820421785303
560,0.44823341609556794,0.1317832643254928,0.41998331957893914
561,0.08812853908358664,0.11603008695302913,0.7958413739633842
562,0.7100578302457352,0.06364081551818826,0.2263013542360765
563,0.2320567924936528,0.29146740858117576,0.47647579892517133
564,0.3337953588184467,0.07887566163100027,0.587328979550553
565,0.9863727110449773,0.00010476086908751964,0.013522528085935095
566,0.04275273837873311,0.2500680694262174,0.7071791921950493
567,0.40446219428142144,0.05168609803138597,0.5438517076871925
568,0.005628184720906278,0.3896804044568146,0.6046914108222792
569,0.026708417842388647,0.30959928384196705,0.6636922983156442
570,0.20976183487429753,0.13402582768240154,0.656212337443301
571,0.019351411365560626,0.32968605625965075,0.6509625323747885
572,0.3052613206837241,0.32053151701768917,0.3742071622985868
573,0.04660302966666446,0.13102223357325468,0.8223747367600809
574,0.255592029713884,0.24789244544512476,0.49651552484099126
575,0.058230905851688566,0.1740217286213294,0.7677473655269821
576,0.270256991063775,0.08200187747761158,0.6477411314586136
577,0.43466135655655397,0.1189195800509758,0.44641906339247023
578,0.3844563292509111,0.1449862945396956,0.4705573762093933
579,0.05120975665031016,0.5087279539860946,0.4400622893635952
580,0.014237291950361625,0.058222837919796246,0.9275398701298421
581,0.10694271460289534,0.2702971405289607,0.622760144868144
582,0.43622325315546867,0.2670707795549561,0.29670596728957527
583,0.5128656455948326,0.20739739505341193,0.27973695935175547
584,0.09401010958080291,0.10706963507580633,0.7989202553433907
585,0.11008171317798969,0.24984139143564973,0.6400768953863605
586,0.08166280065188765,0.4406362399259148,0.4777009594221976
587,0.18095888984626393,0.2938298490531348,0.5252112611006013
588,0.04022416407383109,0.30747902604424016,0.6522968098819287
589,0.2962103235102709,0.2959650583797687,0.4078246181099605
590,0.113534671844552,0.3180947349256845,0.5683705932297635
591,0.05122726802567006,0.1981275287189721,0.7506452032553579
592,0.17601675197614686,0.17416282458360255,0.6498204234402506
593,0.2822000244710248,0.06563918529511734,0.6521607902338579
594,0.20151406831183138,0.47178293668548177,0.3267029950026868
595,0.13924842732593437,0.15338347836651098,0.7073680943075547
596,0.3551729239845191,0.2720801998858011,0.3727468761296798
597,0.4011290864474872,0.19508576391466567,0.4037851496378472
598,0.07099590511429943,0.22968291316437142,0.6993211817213293
599,0.25479843661985835,0.07444121788341714,0.6707603454967245
600,0.343286903060428,0.1872040512435464,0.4695090456960257
601,0.12017870792651482,0.31971878327138586,0.5601025088020994
602,0.40447740492490497,0.12953176043044487,0.4659908346446502
603,0.1738289273133683,0.43439221977922354,0.39177885290740816
604,0.1630468793745127,0.18545930596782345,0.6514938146576639
605,0.35916148207268417,0.17078537805187316,0.4700531398754427
606,0.051016251906874796,0.13118376831273426,0.8177999797803911
607,0.21625076177935423,0.14381403749434957,0.6399352007262961
608,0.055025085116544095,0.2715050132514859,0.6734699016319701
609,0.24342090922652562,0.4102037590258647,0.3463753317476096
610,0.14782084104777268,0.11825085248414355,0.7339283064680838
611,0.2012518764627722,0.43854373457515416,0.3602043889620736
612,0.006792353039091196,0.4121988022591289,0.58100884470178
613,0.09152383462788266,0.3689749915924931,0.5395011737796243
614,0.2199098050798301,0.3493100707062755,0.43078012421389444
615,0.3755325526456246,0.10124379573213076,0.5232236516222446
616,0.14845036458430985,0.1242039522309283,0.7273456831847619
617,0.28709747916613365,0.26431487517157104,0.4485876456622954
618,0.08311695486890669,0.42542942185627947,0.4914536232748138
619,0.07243866745160488,0.32863975306230636,0.5989215794860888
620,0.25533334378881,0.48135216898179045,0.26331448722939954
621,0.015308216839580202,0.3417790623428219,0.642912720817598
622,0.36236838863757675,0.17788693253313975,0.4597446788292835
623,0.7283937581698429,0.05743607993533328,0.2141701618948239
624,0.23808842498106303,0.1890481355199101,0.572863439499027
625,0.2247632471012904,0.06544513468895273,0.7097916182097568
626,0.25538275481499395,0.09105558367645798,0.6535616615085481
627,0.10079146991489005,0.1490229088576082,0.7501856212275018
628,0.029713166604472555,0.3805170094568512,0.5897698239386763
629,0.05982677730571566,0.27266588491268196,0.6675073377816023
630,0.39233214137970696,0.1595148967650515,0.44815296185524156
631,0.5961058273930709,0.14061701597866905,0.2632771566282601
632,0.2316460215369809,0.04308129346473505,0.725272684998284
633,0.5640765483549491,0.03601727603189714,0.3999061756131537
634,0.14658971986601343,0.32884145203836523,0.5245688280956213
635,0.3402405760312342,0.12104721401483401,0.5387122099539318
636,0.1017340281172425,0.20605050792786153,0.692215463954896
637,0.10573731910822598,0.04810685457293848,0.8461558263188356
638,0.2313487398401309,0.2163288807019547,0.5523223794579144
639,0.07607988110049588,0.2518242864721292,0.6720958324273748
