,proba_0,proba_1,proba_2
0,0.03592900143776241,0.17888571939648268,0.7851852791657549
1,0.30206813402396443,0.11398863139494875,0.5839432345810869
2,0.9991091314118355,0.0008907935106447008,7.50775196784313e-08
3,0.472377672298213,0.3852284299715902,0.14239389773019687
4,0.15213761905630233,0.25184912892733324,0.5960132520163645
5,0.11657727941756708,0.33106139925190475,0.5523613213305282
6,0.008678396463571044,0.19519810223662534,0.7961235012998037
7,0.4490134708165807,0.2857416256866678,0.26524490349675145
8,0.19946568843646428,0.02656860755133777,0.773965704012198
9,0.016731128732019453,0.3701827296198156,0.6130861416481649
10,0.09839966271766228,0.6202758025327105,0.2813245347496272
11,0.7557461275749506,0.02867776511326455,0.21557610731178484
12,0.014725264637381696,0.23245979990591864,0.7528149354566996
13,0.06158282992217451,0.11655583118787695,0.8218613388899485
14,0.00545131448601399,0.13174220729016298,0.8628064782238231
15,0.4400298824254678,0.15406972200174343,0.4059003955727889
16,0.5833838099547924,0.05020025999210357,0.36641593005310397
17,0.12929338052202935,0.46881225575691554,0.40189436372105514
18,0.7744757626515723,0.17649410400678567,0.049030133341641975
19,0.22277218753720093,0.04000922294756004,0.737218589515239
20,0.2669094050726163,0.5332494381328476,0.1998411567945361
21,0.027674171627488343,0.24322513667736143,0.7291006916951502
22,0.008169709042162894,0.055422306085226455,0.9364079848726106
23,0.12266393597417678,0.1272199548602429,0.7501161091655804
24,0.47120048380950136,0.1478333640912867,0.38096615209921203
25,0.15149444944396723,0.4166614556169373,0.4318440949390954
26,0.11288749841137034,0.22286905831852838,0.6642434432701013
27,0.9988262489002022,0.001170094730010524,3.656369787094507e-06
28,0.6913335372623314,0.20448144363790188,0.10418501909976677
29,0.9999946417940905,5.358205897753329e-06,1.1676791474838613e-14
30,0.08979457349072828,0.1331021623225382,0.7771032641867335
31,0.07917090482117402,0.4817362059293018,0.43909288924952433
32,0.2616548445343148,0.06617176929161676,0.6721733861740684
33,0.2871145913393294,0.11049939436318233,0.6023860142974882
34,0.07795259527494129,0.18604448455669828,0.7360029201683604
35,0.29693740167566085,0.046707634367413806,0.6563549639569254
36,0.7466889554825141,0.06363855652773559,0.18967248798975023
37,0.9716027393591083,0.022247985041467747,0.006149275599423863
38,0.28067984223265585,0.34184084663500575,0.37747931113233835
39,0.00021219463393517304,0.13232022531564339,0.8674675800504216
40,0.6396693820171965,0.1553725813788143,0.20495803660398926
41,0.002751018727212865,0.1300156378900309,0.8672333433827563
42,0.05584648005966895,0.46045154608014305,0.4837019738601881
43,0.040862932729751215,0.145349767290258,0.8137872999799908
44,0.03130943150473499,0.21372530292733893,0.754965265567926
45,0.03370260342310251,0.13706540664106429,0.8292319899358331
46,0.009901853433653887,0.1040124538764829,0.8860856926898631
47,0.007576222696570947,0.17060743506699882,0.8218163422364302
48,0.047325219295920894,0.3193924650529059,0.6332823156511731
49,0.4189415551210114,0.03783287142791398,0.5432255734510747
50,0.04728977849448677,0.24968716509259772,0.7030230564129155
51,0.22801196258387577,0.4038668033200721,0.36812123409605213
52,0.8189702588348724,0.08679790968233586,0.09423183148279161
53,0.9999921990080669,7.800991924952978e-06,8.279725532909735e-15
54,0.06407011397600425,0.15506371986722753,0.7808661661567683
55,3.667253898566514e-05,0.08506517379755886,0.9148981536634555
56,0.10655619423184072,0.012756701971248445,0.8806871037969107
57,0.32841418457975635,0.03909909092979266,0.632486724490451
58,0.28189690994883454,0.21434283776343135,0.5037602522877339
59,0.14192549478928068,0.12394645031476208,0.7341280548959573
60,0.4192483490230279,0.025590503976359005,0.555161147000613
61,0.283926701162504,0.02974901087448786,0.686324287963008
62,0.19017771254084417,0.21582365855706565,0.5939986289020901
63,0.15342206035101016,0.19020010766672868,0.6563778319822612
64,0.058848725091168896,0.25842456275049636,0.6827267121583349
65,0.028159082023395048,0.17535485389515149,0.7964860640814535
66,0.06404246706347581,0.1437020062677276,0.7922555266687965
67,0.20077667107650907,0.05413757402448193,0.745085754899009
68,0.08345295994936468,0.4643917224106091,0.4521553176400262
69,0.20919967984640914,0.06908285199244735,0.7217174681611435
70,0.625180041329427,0.021779604928888155,0.35304035374168485
71,0.0569750521918756,0.1621138460460717,0.7809111017620526
72,0.25675319152722625,0.14016691691603936,0.6030798915567344
73,0.5353300246409631,0.4372473218088397,0.027422653550197174
74,0.05409102247764006,0.4285871446769453,0.5173218328454147
75,0.9998789176094561,0.00012108238825403964,2.289910482564059e-12
76,0.1670235675381931,0.028001365387847036,0.8049750670739598
77,0.021219537130039982,0.3655451689778777,0.6132352938920823
78,0.015844042134935555,0.36752337691664,0.6166325809484244
79,0.7032277814059775,0.006240362638339812,0.2905318559556826
80,0.0036069559620386595,0.15043250805210945,0.8459605359858519
81,0.1562609797347758,0.04134915897310127,0.802389861292123
82,0.999994125002957,5.874997035732489e-06,7.26082451105949e-15
83,0.005825396341206734,0.5444182419061661,0.4497563617526273
84,0.014034586455528091,0.41276034238820714,0.5732050711562648
85,0.2505120632369648,0.5001674523269145,0.2493204844361207
86,0.999922019120669,7.798087911356131e-05,2.1737774857495985e-13
87,0.42769314090747035,0.2382155378342208,0.3340913212583088
88,0.10953860189018004,0.11023103144188352,0.7802303666679364
89,0.680854625595884,0.3038998291027067,0.015245545301409204
90,0.537330533148345,0.168407309466544,0.2942621573851111
91,0.020550829147438388,0.03024498162659162,0.9492041892259699
92,0.14022933762512266,0.42354258276846596,0.4362280796064114
93,0.24328554959638368,0.0140172479872747,0.7426972024163416
94,0.037256975509117045,0.287120292862647,0.6756227316282359
95,0.19641897746018808,0.1350428963250558,0.6685381262147561
96,0.7001489024650236,0.02157172799414668,0.27827936954082977
97,0.10618073503625831,0.16502786660425617,0.7287913983594856
98,0.2997129998379426,0.23631204066342112,0.4639749594986364
99,0.22979001649539693,0.05081517564716384,0.7193948078574393
100,0.01285239493353918,0.26788096783233833,0.7192666372341224
101,0.03840239809418988,0.14440213379919992,0.8171954681066104
102,0.2329019482941312,0.11462199565185395,0.6524760560540148
103,0.07680427860295287,0.20193827105001083,0.7212574503470364
104,0.03874356283740236,0.18088197999690936,0.7803744571656883
105,0.10128490155917416,0.12665749930577244,0.7720575991350535
106,0.21004584881243893,0.3553258425285603,0.4346283086590008
107,0.0061435945757995795,0.4175384455071556,0.5763179599170449
108,0.052555057819096924,0.0826700292109258,0.8647749129699773
109,0.0016623150770399544,0.1518211172323226,0.8465165676906374
110,0.1458600513016166,0.2786880271372338,0.5754519215611497
111,0.14664385491730914,0.0746781495787567,0.7786779955039342
112,0.020724584496775358,0.18295703165393276,0.7963183838492919
113,0.01192597090000122,0.4546503371767375,0.5334236919232614
114,0.4272514371455873,0.07879048388478739,0.49395807896962546
115,0.24865307702387346,0.10663427321649958,0.6447126497596269
116,0.03754092155614735,0.42455833412394556,0.5379007443199071
117,0.06909280517761446,0.13537952897162134,0.7955276658507642
118,0.3230209189807282,0.09753255924774078,0.5794465217715311
119,0.002268593593819923,0.5146717871138272,0.48305961929235286
120,0.0457756174084296,0.11793286047893098,0.8362915221126395
121,0.00021803215530154577,0.27019793405639897,0.7295840337882995
122,0.11526615983323624,0.09893298344510774,0.7858008567216561
123,0.1390195392928338,0.3387502162300828,0.5222302444770834
124,0.027431433433981703,0.077646874947286,0.8949216916187323
125,0.04634424469188861,0.06841976474150693,0.8852359905666044
126,0.10315996074923209,0.11859683061219162,0.7782432086385763
127,0.12370290960702196,0.09651640543140552,0.7797806849615725
128,0.49484892371550987,0.4714023877901255,0.03374868849436463
129,0.038161102713714014,0.1256785432411643,0.8361603540451218
130,0.4137353756883282,0.2033779228752844,0.3828867014363875
131,0.04954819687798296,0.28708264726213645,0.6633691558598807
132,0.22512675426063922,0.09339471674274166,0.6814785289966192
133,0.9984440579962001,0.0015550620157988144,8.79988001115608e-07
134,0.27022912795925536,0.012919580354127293,0.7168512916866174
135,0.2923737387416689,0.2254837171576961,0.48214254410063506
136,0.018097792878178726,0.40780052184414417,0.574101685277677
137,0.5090451829882523,0.030587511461810577,0.4603673055499371
138,0.1256160925535702,0.13947216726189604,0.7349117401845338
139,0.2389351781184009,0.5408456036337139,0.22021921824788515
140,0.025808033621477006,0.10992749829249407,0.864264468086029
141,0.768094203334457,0.18769893814755703,0.04420685851798605
142,0.30682073767400886,0.5893279343178106,0.10385132800818048
143,0.28654501145979105,0.12647601664728694,0.586978971892922
144,0.4838652930994476,0.0646328736211759,0.45150183327937654
145,0.019192821228939477,0.2107890309037169,0.7700181478673437
146,0.001924474262843375,0.26430413607182685,0.7337713896653298
147,0.14642719077968408,0.05885799451816559,0.7947148147021503
148,0.6171262938879412,0.13083665483482385,0.2520370512772349
149,0.15650894134770843,0.16653690450899658,0.676954154143295
150,0.07811989587653137,0.2548826587584038,0.6669974453650649
151,0.0021612891667111625,0.08402758479391532,0.9138111260393734
152,0.6713278003098714,0.3124672743995876,0.01620492529054099
153,0.48194833383309654,0.08537585398665558,0.4326758121802478
154,0.09497032370702588,0.32722640702934025,0.5778032692636339
155,0.03240172475888971,0.11271624689561366,0.8548820283454965
156,0.15023977708455172,0.5669862447485053,0.28277397816694305
157,0.3089782491993363,0.06113781205677909,0.6298839387438846
158,0.0003531871602798714,0.24042267646607762,0.7592241363736425
159,0.013742592372917818,0.14387085558876442,0.8423865520383178
160,0.3841698558714153,0.23167545581516913,0.38415468831341554
161,0.12328304464855903,0.4002882327917986,0.47642872255964236
162,0.08251630655902693,0.33840167297579316,0.5790820204651799
163,0.14109519310874774,0.29301095436644375,0.5658938525248085
164,0.35088394315141735,0.15936312028848884,0.4897529365600937
165,0.06118965767899889,0.11705713720117056,0.8217532051198306
166,0.06064057064833126,0.20836216530286172,0.730997264048807
167,0.11260790944286356,0.40087725798263363,0.4865148325745028
168,0.0411135205945391,0.5722648915758882,0.3866215878295726
169,0.05217169068572485,0.21656306030847955,0.7312652490057955
170,0.018575908597746837,0.1018392998019206,0.8795847916003326
171,0.022461587342029146,0.33892006537964364,0.6386183472783272
172,0.0015111949680239904,0.06969278324165959,0.9287960217903164
173,0.045611588721632595,0.11932929404372947,0.835059117234638
174,0.02557403108582987,0.18085289908931795,0.7935730698248522
175,0.08113904413500712,0.12657938208418937,0.7922815737808035
176,0.4621034573081378,0.4947711389585609,0.043125403733301385
177,0.4797400938439062,0.023091663346257535,0.49716824280983635
178,0.21200128891065817,0.06474456637452822,0.7232541447148136
179,0.2276408642710798,0.018300921053380978,0.7540582146755392
180,2.2102472299253522e-05,0.08882018860442453,0.9111577089232763
181,0.10325359076465088,0.17582301853182597,0.7209233907035231
182,0.013058027288062553,0.14966853183928927,0.8372734408726481
183,0.16372889258643739,0.5798025498419503,0.25646855757161235
184,0.523421037937212,0.026559889781261507,0.45001907228152654
185,0.31348020252233166,0.03865968413258848,0.6478601133450799
186,0.3703684441519359,0.3351805880426982,0.29445096780536584
187,0.2921152259135068,0.08943925978447506,0.6184455143020181
188,0.24967615273903124,0.09288096779264186,0.6574428794683269
189,0.012550450834441725,0.07364003179407465,0.9138095173714835
190,0.06725548123129985,0.11861026453624327,0.814134254232457
191,0.09755263503896601,0.07385716079829541,0.8285902041627385
192,0.42629632471539525,0.13174695083350493,0.4419567244511
193,0.0841742863626882,0.22650771306790213,0.6893180005694097
194,0.09619480338201046,0.3267487361213424,0.577056460496647
195,0.3135895160166417,0.15381205360257025,0.532598430380788
196,0.7951482854943334,0.016782335600274884,0.18806937890539183
197,0.05536710458908809,0.47595655762938405,0.4686763377815279
198,0.04897051249423802,0.28385783381546653,0.6671716536902955
199,0.0001248474649000203,0.2886403468431043,0.7112348056919957
200,0.05680657740521244,0.13656290141669605,0.8066305211780916
201,0.25905788699977816,0.05134720729987595,0.6895949057003459
202,0.003007420929098418,0.4391655547372541,0.5578270243336475
203,0.7976409183502644,0.07475250291128574,0.12760657873845
204,0.3364995044247055,0.5378935999749492,0.12560689560034521
205,0.3368558896473663,0.13399293425517744,0.5291511760974562
206,0.2987943175421919,0.3674545910974914,0.3337510913603167
207,0.2009325782116401,0.14278668005105447,0.6562807417373054
208,0.03707705356172077,0.23789383075935808,0.7250291156789211
209,0.9990989918050811,0.0009010080958345675,9.908423811204743e-11
210,0.0083791868921112,0.19120577977625652,0.8004150333316322
211,0.20876827325289452,0.40657250579682686,0.38465922095027866
212,0.24608705865282565,0.4240792399186554,0.32983370142851887
213,0.7537487888369234,0.0599641656583268,0.1862870455047497
214,0.1358518387353242,0.3013686553382876,0.5627795059263883
215,0.045113307631752024,0.2050425161199578,0.7498441762482903
216,0.6231103393739903,0.11095813056403012,0.2659315300619796
217,0.2350071997877605,0.36175971742424257,0.4032330827879969
218,0.004461141642851609,0.4233838537579359,0.5721550045992124
219,0.0700774109539452,0.10147653305226563,0.8284460559937893
220,0.09213076810695055,0.24932352380200043,0.6585457080910491
221,0.0835222031672376,0.591306671371056,0.3251711254617064
222,0.38430424019797726,0.023658056210137238,0.5920377035918853
223,0.39234650571815594,0.19082253989166742,0.4168309543901766
224,0.04249459550269793,0.22394468166652304,0.733560722830779
225,0.08297410997409926,0.07028550841328643,0.8467403816126143
226,0.5040488060168055,0.39719767751000007,0.09875351647319458
227,0.001726579055697707,0.43090988463079144,0.5673635363135108
228,0.03913457116099788,0.2097737757293961,0.7510916531096059
229,0.02396037900938209,0.2782726680775068,0.6977669529131112
230,0.558865552844315,0.004940991458823126,0.43619345569686185
231,0.024253743780702823,0.289405041965567,0.6863412142537301
232,0.007206354361901156,0.09212009982707778,0.9006735458110211
233,0.02875924151111064,0.43903821076935556,0.5322025477195338
234,0.7904071120325782,0.13254350849625451,0.07704937947116723
235,0.03804413516746358,0.5175419570573427,0.44441390777519363
236,0.1468125481946408,0.5495558084642775,0.30363164334108167
237,0.1621344098587023,0.13166201010744594,0.7062035800338519
238,0.01421596348222858,0.36871205850849703,0.6170719780092744
239,0.0693406953327543,0.1153076246517936,0.8153516800154521
240,0.21870668587105596,0.33389951640241267,0.4473937977265314
241,0.04337323309021702,0.17497334772360934,0.7816534191861737
242,0.6019048573648237,0.22355812119394397,0.17453702144123232
243,0.20695359176895947,0.05321406033450944,0.7398323478965311
244,0.0699330379667495,0.18257767301981828,0.7474892890134321
245,0.008084743052356118,0.3226360886395144,0.6692791683081296
246,0.5604263160531147,0.33574188008241374,0.10383180386447169
247,0.27438599963958066,0.32165535896003367,0.4039586414003857
248,0.5882769139923268,0.19097871270684252,0.22074437330083063
249,0.30846259953922883,0.1545902399333784,0.5369471605273929
250,0.12785594462343672,0.048262148912032524,0.8238819064645307
251,0.054928632955037866,0.29258816896284273,0.6524831980821194
252,0.45905471537944575,0.2843333185531449,0.2566119660674092
253,0.06114745369935321,0.41115197287815625,0.5277005734224904
254,0.34899262427028555,0.08150872596795947,0.5694986497617551
255,0.22663206850968468,0.36746481904230294,0.40590311244801236
256,0.081564759232005,0.08915165986084732,0.8292835809071476
257,0.0894633684372548,0.547241259910437,0.3632953716523082
258,0.09010387291621039,0.10436159451377866,0.805534532570011
259,0.16840043317981382,0.28772903184581705,0.5438705349743691
260,0.1300305796714292,0.016465915116767336,0.8535035052118034
261,0.4488023539158455,0.022120710490621937,0.5290769355935326
262,0.00420237572554234,0.21102890185183795,0.7847687224226196
263,0.18517955482355655,0.1356291456665352,0.6791912995099082
264,0.027423116010974462,0.2450993868636459,0.7274774971253797
265,0.006983286879020894,0.4572887943365238,0.5357279187844554
266,0.09337006417249175,0.16470762886933477,0.7419223069581735
267,0.7091628379992662,0.1335200233305057,0.15731713867022815
268,0.009279601105549767,0.33927666072958784,0.6514437381648626
269,0.04245594651577711,0.051673973994978195,0.9058700794892447
270,0.13442848802195703,0.11545234655014638,0.7501191654278966
271,0.0036948535458247124,0.38715866345953853,0.6091464829946368
272,0.1464598126527809,0.18066394558562798,0.6728762417615911
273,0.009491859513645841,0.22944912165604237,0.7610590188303118
274,0.003896423929432338,0.3942710598002472,0.6018325162703203
275,0.08372922570125572,0.04814934241309371,0.8681214318856506
276,0.6601495590537654,0.23819623652428534,0.10165420442194929
277,0.037751816271511036,0.31436737763628597,0.647880806092203
278,0.24633711304694028,0.33453856164829054,0.4191243253047692
279,0.9999884328911576,1.156710883179472e-05,1.060867564137272e-14
280,0.5944592937910886,0.15020618252893084,0.2553345236799805
281,0.7753091914287383,0.07633403491890921,0.14835677365235242
282,0.003836196369697471,0.2953649764432462,0.7007988271870562
283,0.3777468613231045,0.26212083460831914,0.3601323040685763
284,0.13253115739687202,0.13146446639715892,0.736004376205969
285,0.7057701195357481,0.06740086777431033,0.2268290126899416
286,0.01710033237231273,0.10172201936258791,0.8811776482650994
287,0.37381404748190367,0.0660469214582219,0.5601390310598744
288,0.44868579739533826,0.07393306762544297,0.47738113497921875
289,0.006288132391711498,0.31238383488599664,0.6813280327222919
290,0.3524235391369679,0.03570627168819416,0.611870189174838
291,0.03686454708531991,0.03343759670479444,0.9296978562098857
292,0.0028986596479091942,0.25341314289356637,0.7436881974585244
293,0.0018816658297279348,0.050856558912105256,0.9472617752581668
294,0.02192020431830788,0.08626660197906008,0.891813193702632
295,0.16606995163149635,0.48300819076032864,0.350921857608175
296,0.15442025471390536,0.6474825927788457,0.19809715250724888
297,0.11834304186934023,0.5668605082175614,0.3147964499130984
298,0.04857841467588518,0.15313414809704384,0.798287437227071
299,0.024121066417714936,0.26508570515848784,0.7107932284237971
300,0.051927476929715013,0.15940093522100984,0.7886715878492752
301,0.008599797156626104,0.322595158780022,0.6688050440633518
302,0.7212332445150095,0.25682646033348416,0.021940295151506427
303,0.15305034239078535,0.03971744449232136,0.8072322131168932
304,0.1751783500325278,0.06318143192972459,0.7616402180377476
305,0.014950049019739823,0.061925703966445506,0.9231242470138146
306,0.11956300348616233,0.2024101105010272,0.6780268860128104
307,0.23954724721001328,0.021290563243583537,0.7391621895464032
308,0.021078848912011137,0.25612861808455745,0.7227925330034314
309,0.08775065360156624,0.14374682960851273,0.768502516789921
310,0.23883245177458895,0.17955934805003027,0.5816082001753808
311,0.012527395217870966,0.12027418684508114,0.8671984179370479
312,0.7928735071571156,0.11352919216203633,0.09359730068084811
313,0.012217952057870067,0.08676131933486854,0.9010207286072615
314,0.11622726584682204,0.42099394461351647,0.46277878953966145
315,0.008500385813457249,0.024560297787932735,0.96693931639861
316,0.010172557205962792,0.2430149203611924,0.7468125224328448
317,0.26539673651441825,0.1835897732647504,0.5510134902208315
318,0.022487808954861868,0.13107316060027435,0.8464390304448638
319,0.034113957838598614,0.03182997626667417,0.9340560658947272
320,0.0005464142982980209,0.3049317763432024,0.6945218093584995
321,0.05879081089808418,0.5164989764069498,0.424710212694966
322,0.22709316574428962,0.18427711346380948,0.5886297207919008
323,0.046099228613804916,0.3415249014746738,0.6123758699115213
324,0.05594031363028108,0.44983971498387443,0.49421997138584456
325,0.7487361789519694,0.07657484119704965,0.17468897985098097
326,0.07701426492242244,0.342642048296552,0.5803436867810257
327,0.08324641171590927,0.06479651867441037,0.8519570696096804
328,0.032414477562749906,0.15697658136749199,0.8106089410697581
329,0.202378309059653,0.07493509696580931,0.7226865939745377
330,0.499854608154858,0.2552527713806425,0.24489262046449942
331,0.07041106325952896,0.3202782183053328,0.6093107184351383
332,0.997454088069522,0.00155443970698325,0.0009914722234948
333,0.8030661093303431,0.11840938148888676,0.0785245091807702
334,0.021709986369679437,0.21212902649154058,0.76616098713878
335,0.6468832381294087,0.3354334921119969,0.017683269758594328
336,0.2243614664877056,0.3157455322844887,0.45989300122780574
337,0.009430734431217638,0.27723982704974953,0.7133294385190327
338,0.04816721341546205,0.08123217063807812,0.8706006159464598
339,0.26658209027187235,0.38584144085503197,0.34757646887309557
340,0.018902091860383163,0.05840101425409024,0.9226968938855266
341,0.05751420736046577,0.19417335333199484,0.7483124393075393
342,0.43642549909994155,0.23821692406104056,0.32535757683901795
343,0.014797319495648772,0.11271116390520308,0.8724915165991481
344,0.28164968047951167,0.3286248444792511,0.38972547504123717
345,0.4901441499820174,0.18444607681224454,0.32540977320573805
346,0.04940131215712816,0.256397309786528,0.6942013780563439
347,0.6150720766490924,0.05255530598497284,0.3323726173659348
348,0.08106515153894028,0.17073145484816243,0.7482033936128973
349,0.014345336099930394,0.0834007622465533,0.9022539016535163
350,0.01199090777472102,0.6592187764466855,0.3287903157785935
351,0.026117567432370974,0.08032172911552979,0.8935607034520993
352,0.10066740914629513,0.03099443456333315,0.8683381562903717
353,0.024289129665445258,0.35043913883598526,0.6252717314985695
354,0.12329775392281939,0.07852594110316016,0.7981763049740205
355,0.010534854016428119,0.3417938329166112,0.6476713130669607
356,0.0325658410815422,0.07090779044407489,0.8965263684743829
357,0.03248520980538182,0.13566539634286903,0.8318493938517492
358,0.0020927046290254024,0.5227216122713016,0.47518568309967285
359,0.020527479686117754,0.6669932028976164,0.31247931741626583
360,0.1309794848597562,0.4891103033602345,0.3799102117800095
361,0.20066936644192374,0.5250261294243475,0.27430450413372875
362,0.05657524566530137,0.1590284713685182,0.7843962829661805
363,0.00806718831810358,0.25640388503948525,0.7355289266424112
364,0.5380188111979604,0.4054951121391017,0.056486076662937895
365,0.34383142889285295,0.020330740724046524,0.6358378303831006
366,0.0011245173981716406,0.21218000111877033,0.7866954814830581
367,0.01088192114387866,0.2084648649678189,0.7806532138883024
368,0.0792376911202108,0.1359730695151856,0.7847892393646035
369,0.5542769757608451,0.031021604292408262,0.41470141994674664
370,0.804970259925977,0.013057155028979387,0.18197258504504346
371,0.12622157761135608,0.15102170494591,0.722756717442734
372,0.4050922060055183,0.21901813397476566,0.37588966001971597
373,0.00012086168118846113,0.06579151910817942,0.9340876192106321
374,0.40788035664614625,0.5210936639016408,0.07102597945221308
375,0.2241443157039802,0.12516846387621935,0.6506872204198006
376,0.1301735009820967,0.08956934199778595,0.7802571570201173
377,0.025241804034010887,0.23388567351065126,0.7408725224553379
378,0.7744542922511012,0.07754257973180298,0.14800312801709567
379,0.5198519627236161,0.026332642860962433,0.4538153944154215
380,0.5385477783551285,0.13599328795675714,0.32545893368811446
381,0.002288693662783476,0.13063128186091671,0.8670800244762998
382,0.0002945511706242396,0.1296737220180747,0.870031726811301
383,0.14496846902637864,0.27450333457045006,0.5805281964031713
384,0.6598824715958391,0.19559020893862894,0.1445273194655319
385,0.08945135177861191,0.06902899402856648,0.8415196541928216
386,0.9944853993331952,0.0005979756221337824,0.004916625044671022
387,0.05320567235339238,0.14923264377240425,0.7975616838742033
388,0.1789555806692507,0.10740623324831894,0.7136381860824305
389,0.00497175511638088,0.0503822530886316,0.9446459917949875
390,0.00449189272630518,0.25000245600421733,0.7455056512694774
391,0.5238435100562426,0.007013864302794916,0.4691426256409625
392,0.9999892157832918,1.0784216693713961e-05,1.4478908800120266e-14
393,0.004027007396377769,0.4635052977735056,0.5324676948301167
394,0.08809121027688153,0.09325541601787747,0.818653373705241
395,0.07277457743861025,0.6207589440836704,0.30646647847771935
396,0.15544990786329535,0.566329958903999,0.27822013323270567
397,0.13260881297889096,0.03763490928476732,0.8297562777363418
398,0.02420463196967053,0.7388548419078087,0.23694052612252084
399,0.3427160368616489,0.2584064658824778,0.39887749725587324
400,0.4192650878310749,0.4292190806596686,0.1515158315092565
401,0.11815818731632902,0.013973671371835757,0.8678681413118352
402,0.04753289416533056,0.098434104985114,0.8540330008495554
403,0.6886357246042114,0.1348943346460033,0.17646994074978528
404,0.020191544444715617,0.4147408394577799,0.5650676160975046
405,0.45601916199064463,0.02961385495750401,0.5143669830518514
406,0.2902901930165129,0.047207193807865915,0.6625026131756212
407,0.047721081575527007,0.17480380386474564,0.7774751145597274
408,0.12079696247495546,0.20462454404925434,0.6745784934757901
409,0.3648610691672926,0.08288432477859657,0.5522546060541108
410,0.031220227458391883,0.1085192301911004,0.8602605423505078
411,0.01703218883140471,0.22067372563743476,0.7622940855311606
412,0.9475616967304401,0.05049840752266055,0.0019398957468995102
413,0.5618472589917887,0.024185505682692857,0.4139672353255185
414,0.2782181376012036,0.057967242670076635,0.6638146197287197
415,0.7721434512639567,0.1169649115904592,0.11089163714558421
416,0.04258375115672299,0.08295847459621888,0.8744577742470582
417,0.0045558732588103805,0.05680256935893824,0.9386415573822513
418,0.2149866988010335,0.14532908944610945,0.6396842117528571
419,0.0002661393893011798,0.4263131627258856,0.5734206978848131
420,0.7789173066875017,0.0595544641014489,0.16152822921104942
421,0.7201106642530262,0.05072503968336304,0.22916429606361086
422,0.7219305891506702,0.021873533370688817,0.256195877478641
423,0.18975424360569218,0.16557683368472492,0.6446689227095829
424,0.0849791023722772,0.5314633206948224,0.3835575769329004
425,2.9251294537799378e-05,0.11831636830928326,0.8816543803961789
426,0.14175367579031364,0.3196686641413087,0.5385776600683776
427,0.05798809075723878,0.114385132967065,0.8276267762756961
428,0.046294837610950955,0.6002560403510722,0.35344912203797696
429,0.038695530280275725,0.19102891558544272,0.7702755541342816
430,0.4477791417169441,0.03644160380932052,0.5157792544737354
431,0.716704813844691,0.10420924302195263,0.1790859431333564
432,0.34485554881918723,0.12450916725991402,0.5306352839208988
433,0.060312245398320405,0.5338242454910376,0.4058635091106419
434,0.00045941818873937505,0.2423282162434008,0.7572123655678598
435,0.08741266003457751,0.6236915312659207,0.28889580869950165
436,0.11914614042847366,0.1523411546949363,0.72851270487659
437,0.3911272467368252,0.07491047663200848,0.5339622766311662
438,5.4885716105480145e-05,0.06299898135106186,0.9369461329328327
439,0.03350713300077418,0.1272186743525043,0.8392741926467214
440,0.1013302604205299,0.43371829726493094,0.4649514423145391
441,0.03601547370238967,0.15990245448545726,0.8040820718121531
442,1.1778566184191058e-05,0.21191945276635674,0.7880687686674591
443,0.1495096260828075,0.2874507624188172,0.5630396114983752
444,0.09117186020280668,0.16432594826411356,0.7445021915330797
445,0.028679488944499062,0.2191630355329116,0.7521574755225894
446,0.18358177084287294,0.5362471629485246,0.2801710662086023
447,0.5624477194842323,0.1870800756621492,0.25047220485361854
448,0.1973994145655053,0.08988561149408361,0.7127149739404111
449,0.15433517792082402,0.13613186047776885,0.7095329616014071
450,0.38519993044710793,0.024856293911139297,0.5899437756417528
451,0.033526286807106565,0.4151217937745008,0.5513519194183927
452,0.0006376892898299933,0.14087120255007515,0.8584911081600949
453,0.4023435213368458,0.300827913356268,0.29682856530688606
454,0.12397113450579746,0.33890017839163533,0.5371286871025672
455,0.7775931635733847,0.02049881546153293,0.20190802096508234
456,0.010713816945217548,0.3191502828579501,0.6701359001968324
457,0.8250443685313351,0.08570360459708312,0.08925202687158174
458,0.0068273669871174135,0.24599897174324764,0.747173661269635
459,0.5269903937865542,0.10587034988483901,0.36713925632860667
460,0.1358171707239064,0.1401666213429894,0.7240162079331043
461,0.019586008996559934,0.6342289688308508,0.34618502217258934
462,0.28095150090837423,0.04134502073117416,0.6777034783604515
463,0.04050727036473126,0.3474864392371563,0.6120062903981125
464,0.10270969873974532,0.054693545140922416,0.8425967561193323
465,0.10904158947736067,0.08785496947915389,0.8031034410434854
466,0.01900222835148314,0.3224065644490486,0.6585912071994682
467,0.1571872833279733,0.06106822372077871,0.7817444929512479
468,0.05267673153308836,0.2343013709840076,0.7130218974829041
469,0.5860005994952404,0.19850065226717278,0.21549874823758697
470,0.9983134604887178,0.0016857514599207303,7.880513614686422e-07
471,0.7661594219938341,0.1752693138384762,0.05857126416768965
472,0.006155322606431616,0.16539909656541082,0.8284455808281576
473,0.9964669819645586,0.0008988787235341176,0.0026341393119072606
474,0.45268194116331983,0.2975333691049352,0.2497846897317448
475,0.08101186526952467,0.2875006639179125,0.6314874708125628
476,0.6762023473103959,0.013660389611232756,0.31013726307837125
477,0.06047883174947933,0.06276121164673613,0.8767599566037846
478,0.058859122115584875,0.6189823880058543,0.32215848987856094
479,0.4490781128483224,0.16472372382386324,0.38619816332781437
480,0.10046822946696209,0.10751066316811728,0.7920211073649206
481,0.12538609363309133,0.24534277424743264,0.629271132119476
482,0.054668611118428106,0.4126275611392197,0.5327038277423523
483,0.255144518089851,0.015509655637595925,0.7293458262725531
484,0.15016364644054644,0.2302721272424537,0.6195642263169999
485,0.1777771243927462,0.3101577990331793,0.5120650765740746
486,6.826996587759414e-05,0.18954614356105087,0.8103855864730716
487,0.011566902397194472,0.22681247241932506,0.7616206251834805
488,0.17235899948613065,0.6213744008783233,0.20626659963554603
489,0.13604286213357936,0.0717247216673692,0.7922324161990514
490,0.0006654603754511464,0.16176789357391877,0.8375666460506301
491,0.03259649505749422,0.15516804410476706,0.8122354608377388
492,0.027637841839802935,0.421615144114455,0.550747014045742
493,0.00020598383758570622,0.09527293278569215,0.9045210833767222
494,0.10894791353565501,0.5413686176142913,0.34968346885005347
495,0.15416695809976874,0.605493385873517,0.24033965602671434
496,0.22946146496544262,0.1870738297438736,0.5834647052906837
497,0.9994609627146084,0.0005213305059671169,1.7706779424593192e-05
498,0.45108803480280735,0.1462156276981519,0.4026963374990407
499,0.3152820378159618,0.035164827858260306,0.649553134325778
500,0.011400775270749813,0.23279410431652922,0.7558051204127211
501,0.3152540730434174,0.10867130907064824,0.5760746178859344
502,0.8188669617817353,0.1681661888599126,0.01296684935835201
503,0.11313253006081679,0.30321185586434096,0.5836556140748423
504,0.043467543680093146,0.12648271041788148,0.8300497459020254
505,0.9979917145942414,0.002007436810882917,8.48594875720596e-07
506,9.71106928754105e-05,0.08672294294358097,0.9131799463635436
507,0.19852418850532744,0.4065592312834853,0.39491658021118714
508,0.19749469554396407,0.047909316999709156,0.7545959874563268
509,0.9943822092862552,0.005614561459942833,3.2292538020281203e-06
510,0.10788692251120034,0.4898221150974543,0.4022909623913453
511,0.03424036155442299,0.49914359023674093,0.466616048208836
512,0.3487036633513602,0.5274434722048983,0.1238528644437415
513,0.0499403911977979,0.05550720136090704,0.8945524074412952
514,0.4528347674436948,0.06752657396753949,0.4796386585887657
515,0.07586640551550401,0.5702133680183281,0.35392022646616794
516,0.7597096380393523,0.1076242642032769,0.13266609775737068
517,0.02723543072131842,0.16255141003225232,0.8102131592464293
518,0.2876542642636329,0.5766560997658795,0.13568963597048767
519,0.2774076422472035,0.0906933887670612,0.6318989689857354
520,0.1128484593529208,0.07723034952377124,0.809921191123308
521,0.2237882604895816,0.47071370966147874,0.30549802984893965
522,0.37060210249557773,0.029982221194966952,0.5994156763094554
523,0.7627067729281788,0.008175611211400962,0.22911761586042034
524,0.4576914348351663,0.17288065201471045,0.36942791315012335
525,0.00011306490290843946,0.0936696387682168,0.9062172963288748
526,0.1343757306818693,0.14544450371895393,0.7201797655991768
527,0.05068395854416443,0.34612547000443133,0.6031905714514042
528,0.01832149343741771,0.048274332923749406,0.9334041736388329
529,0.13689726640396999,0.18707116703177054,0.6760315665642594
530,0.48206412601397497,0.46818147504634594,0.04975439893967908
531,0.00032510754176242213,0.05358680997415184,0.9460880824840858
532,0.001556507031583693,0.38851856871936447,0.6099249242490519
533,0.6083969387256211,0.30034865904313174,0.09125440223124719
534,0.1490639921063978,0.07066544967686547,0.7802705582167367
535,0.16430100563991681,0.05908245222743017,0.7766165421326531
536,0.012587830823858125,0.3931539740936182,0.5942581950825236
537,9.986974054028766e-05,0.4394377391862287,0.560462391073231
538,0.7134770501108793,0.021117396455603007,0.26540555343351774
539,0.38828705042914574,0.14658634148808095,0.4651266080827734
540,0.20291556331913685,0.5308173790054252,0.266267057675438
541,0.3892202080308961,0.27709134758487464,0.3336884443842294
542,0.3182751550569826,0.05796767392853812,0.6237571710144793
543,0.2623427895906672,0.04782808444054537,0.6898291259687874
544,0.011111863228200939,0.15462343989132024,0.8342646968804788
545,0.6668482783439424,0.3176474196353812,0.01550430202067629
546,0.7046376634929333,0.07790965801959024,0.21745267848747646
547,0.0781362619699899,0.25157997582057584,0.6702837622094343
548,0.43231630360662854,0.32052685691724253,0.2471568394761289
549,0.002022210341153138,0.022686333988068394,0.9752914556707784
550,0.030036419295838904,0.02632317921068292,0.9436404014934782
551,0.03044562725109714,0.2775518504183766,0.6920025223305263
552,0.21654319162360947,0.3800121233398387,0.4034446850365518
553,0.13153616631522788,0.1754859459433809,0.6929778877413912
554,0.030016537163038863,0.48807439998119684,0.4819090628557644
555,1.723055008971263e-05,0.2662789778228651,0.7337037916270452
556,0.4925134141336928,0.1627946842583246,0.3446919016079825
557,0.6532235899182722,0.0047977460379343174,0.34197866404379346
558,0.7306874526812566,0.08809532584773498,0.18121722147100833
559,0.005942073563444629,0.669650537131179,0.3244073893053766
560,0.2654549266318119,0.11100603583953116,0.6235390375286569
561,0.011035126996826666,0.07319325701134055,0.9157716159918329
562,0.03477488906708202,0.23163894878575508,0.7335861621471629
563,0.1287562562340374,0.3236499774947372,0.5475937662712255
564,0.5910389395760048,0.023354775722943533,0.38560628470105157
565,0.9991367280895024,0.0008550083790580326,8.263531439478062e-06
566,0.1614257337595985,0.18417940054112597,0.6543948656992755
567,0.6895124262975929,0.009439021621598136,0.30104855208080883
568,0.000920835790388215,0.40028317615171466,0.5987959880578971
569,0.013999295414029422,0.22346661049779276,0.762534094088178
570,0.08385516176978355,0.30934332437625967,0.6068015138539569
571,0.004202950697388123,0.4073290612405785,0.5884679880620334
572,0.13528591875623217,0.6610945636625013,0.2036195175812665
573,0.08767977436667714,0.10257882994327149,0.8097413956900513
574,0.43231430799413073,0.37908579734787184,0.1885998946579974
575,0.08312756124792496,0.21136599554422641,0.7055064432078487
576,0.30410129057882973,0.04076880229294567,0.6551299071282246
577,0.5224689320182702,0.04006162322085311,0.4374694447608766
578,0.5378460900285981,0.1672673087716058,0.29488660119979604
579,0.01987954958373879,0.738860423909315,0.24126002650694628
580,0.003947279970208308,0.045445350044498733,0.950607369985293
581,0.033001530452491296,0.1597553490292939,0.8072431205182149
582,0.6189555527507183,0.3587655061859393,0.02227894106334237
583,0.7615129474471616,0.09393235822795928,0.14455469432487916
584,0.14541309787481085,0.14046174814648055,0.7141251539787086
585,0.03803240203546984,0.09786333243992851,0.8641042655246017
586,0.10624736625477638,0.6440715028879463,0.2496811308572773
587,0.03663528013764445,0.2068065490518982,0.7565581708104574
588,0.018915179006346833,0.2622452137705363,0.7188396072231168
589,0.3647949319244234,0.5871521742377617,0.04805289383781487
590,0.020613863469121134,0.207759770060849,0.7716263664700299
591,0.003693069563347139,0.49113871723663277,0.5051682132000201
592,0.37507201664687373,0.13110577834712867,0.49382220500599755
593,0.22249872019159836,0.05618814316612363,0.721313136642278
594,0.2034701917008549,0.5971025647820053,0.19942724351713992
595,0.20680242038272878,0.09327526966504751,0.6999223099522237
596,0.29328544488333524,0.30437585586763305,0.4023386992490317
597,0.6306400037501361,0.21042889518401198,0.15893110106585198
598,0.051796729406743874,0.18254168306052837,0.7656615875327276
599,0.6330648950983301,0.07441221008485153,0.2925228948168184
600,0.1226004651860477,0.15105678522315785,0.7263427495907945
601,0.05765992607228588,0.24102895346764738,0.7013111204600667
602,0.5015872902892895,0.013663931161599337,0.48474877854911114
603,0.026098726168641596,0.7591059026876192,0.2147953711437391
604,0.02177642365979794,0.22029665946413046,0.7579269168760716
605,0.0610520914077013,0.16632004107319506,0.7726278675191037
606,0.00015400274259648423,0.03839217683789763,0.9614538204195058
607,0.03011824508285806,0.17826083902502118,0.7916209158921208
608,0.09640796410245973,0.3666779087709813,0.5369141271265591
609,0.14708254625704623,0.5903684151488808,0.262549038594073
610,0.25525599275993394,0.0504772233413886,0.6942667838986775
611,0.6478964157884688,0.31527008016962516,0.03683350404190612
612,0.0011590882025317895,0.443526938688107,0.5553139731093613
613,0.25851536924751906,0.23389712788774447,0.5075875028647365
614,0.03751782114414693,0.46473672933974464,0.49774544951610855
615,0.2425048469800244,0.10266831472423811,0.6548268382957374
616,0.005004357785779169,0.06252708769170034,0.9324685545225204
617,0.08868425655157737,0.14800476816554275,0.7633109752828799
618,0.17637554508630782,0.5878631542123304,0.2357613007013619
619,0.05258339411029743,0.3700678608674065,0.577348745022296
620,0.25340101284575195,0.6185012875747334,0.12809769957951456
621,0.008859735680424814,0.31807317133620133,0.673067092983374
622,0.5115708642053381,0.139688047795914,0.34874108799874787
623,0.7783919437821374,0.06276707041955626,0.15884098579830633
624,0.3111100943715567,0.1424602530071341,0.5464296526213092
625,0.0977012843901631,0.07622939978433999,0.8260693158254969
626,0.4349875545328282,0.01656775180751777,0.548444693659654
627,0.05850103108676503,0.320540739203949,0.6209582297092859
628,0.0039443253340821416,0.37510224281154525,0.6209534318543726
629,0.12040238338408926,0.14935026867360116,0.7302473479423096
630,0.6333202838321579,0.09034931559337381,0.27633040057446834
631,0.6709785298834668,0.16088567000509074,0.1681358001114424
632,0.041393993145657074,0.09606609644983147,0.8625399104045114
633,0.2728978791518964,0.03684217337689674,0.6902599474712068
634,0.6085616800643772,0.23583553146809796,0.15560278846752487
635,0.5320012643153234,0.01894590425793636,0.4490528314267404
636,0.4707616203025777,0.16727284285672675,0.3619655368406956
