,proba_0,proba_1,proba_2
0,0.06301251796293417,0.29324867075431693,0.6437388112827488
1,0.1259342413744559,0.13546963604271758,0.7385961225828265
2,0.9999998498974687,5.0051327762788094e-08,1.0005120356097433e-07
3,0.39264864055536514,0.16075055526500348,0.44660080417963155
4,0.07078959492903167,0.14425121502101804,0.7849591900499502
5,0.12102990471839992,0.360411826270057,0.5185582690115429
6,0.005066384484795869,0.1396885273788395,0.8552450881363646
7,0.4666527175073542,0.1424408106363134,0.3909064718563323
8,0.1734276674472506,0.08668252587724708,0.7398898066755017
9,0.009782748968314743,0.2755257102125391,0.7146915408191459
10,0.060784837020954406,0.7399152084420351,0.19929995453701072
11,0.5435135760326568,0.05183693895242724,0.4046494850149158
12,0.1051815158745354,0.18450383345064286,0.7103146506748216
13,0.16239769301307902,0.15777345597887812,0.6798288510080429
14,0.029561757130590255,0.10782717844842188,0.8626110644209879
15,0.25474292127385395,0.21466427828042392,0.5305928004457225
16,0.9041065261551107,0.020668889595319855,0.07522458424956956
17,0.13158979607329588,0.2992693132364595,0.5691408906902445
18,0.6403741754384376,0.09908820763364884,0.2605376169279133
19,0.24859783087144685,0.083881399732308,0.6675207693962449
20,0.12540336395666202,0.6405013932663337,0.23409524277700414
21,0.02337824871773798,0.26253900262687246,0.7140827486553893
22,0.02835534345665462,0.42708236181072723,0.544562294732618
23,0.1024663367511306,0.17174065453148218,0.7257930087173873
24,0.41364717497525233,0.08425416751414837,0.5020986575105995
25,0.17630110558327877,0.3482408233183673,0.47545807109835375
26,0.191851070764687,0.11063851169061473,0.6975104175446982
27,0.9999998405624928,5.5418755733581824e-08,1.0401875134063618e-07
28,0.8216021114655105,0.06341877991136492,0.11497910862312438
29,0.9999998499904605,5.000476658277228e-08,1.0000477292023217e-07
30,0.27477302618792715,0.1313121903466307,0.5939147834654418
31,0.08581326929845297,0.6462385656153529,0.26794816508619407
32,0.1755787367920186,0.16970885447541595,0.6547124087325652
33,0.18513041694843316,0.10339022388346221,0.7114793591681047
34,0.07167249327319473,0.19537462097272204,0.7329528857540829
35,0.22652989956678554,0.0727366712679638,0.7007334291652508
36,0.8932703085388644,0.02380129745486549,0.08292839400626985
37,0.9892396236540316,0.00838943659713862,0.002370939748829919
38,0.38392260748061663,0.1961148343173483,0.4199625582020348
39,0.0005807834927030654,0.13285969515679255,0.8665595213505046
40,0.5643020405025776,0.12735596313099787,0.30834199636642434
41,0.002179154655163124,0.15225150495719972,0.8455693403876371
42,0.03491772993604056,0.28349789239883255,0.6815843776651267
43,0.051978931057007724,0.1780624433735882,0.7699586255694043
44,0.032199052858864076,0.2487469164327051,0.7190540307084309
45,0.011474627338832866,0.19080717934894467,0.7977181933122225
46,0.0035979715744886174,0.11787918714956164,0.8785228412759497
47,0.003062278788421458,0.14125336963331117,0.8556843515782675
48,0.06822379674696448,0.09621257642159861,0.8355636268314367
49,0.21308487107644647,0.07853053523914752,0.708384593684406
50,0.07078417370916891,0.256396193792178,0.6728196324986532
51,0.11218922023492359,0.5675874255066592,0.32022335425841714
52,0.921718623418251,0.02787934309256897,0.050402033489179814
53,0.9999998499850904,5.00074524829128e-08,1.0000745717939444e-07
54,0.11337106440980839,0.1983844973936342,0.6882444381965575
55,0.0009588759812468469,0.04477402129738036,0.9542671027213729
56,0.21829463934029442,0.03985378170229064,0.7418515789574152
57,0.2424815891554077,0.06312369257682669,0.6943947182677652
58,0.4096139855973789,0.12357357470420119,0.4668124396984201
59,0.22449736448709814,0.07516554404075167,0.7003370914721502
60,0.4273834946264417,0.09864064590970865,0.47397585946384974
61,0.06726215712567299,0.09593833421592855,0.8367995086583985
62,0.1311203144142165,0.1994068593553615,0.669472826230422
63,0.1749484858367653,0.20790894457155132,0.6171425695916835
64,0.0787837313573232,0.22591392110842923,0.6953023475342478
65,0.03295763003907379,0.17238411107319906,0.794658258887727
66,0.11661497963883471,0.15099396005357846,0.7323910603075867
67,0.056577920293025975,0.08851780168260993,0.8549042780243641
68,0.05170926120816272,0.386115828300492,0.5621749104913452
69,0.2833769710239945,0.09923184718489221,0.6173911817911133
70,0.6673185675943553,0.04167641987014316,0.29100501253550154
71,0.03050621179658329,0.3407621463379451,0.6287316418654717
72,0.21588217264031603,0.2751900869762329,0.5089277403834509
73,0.345532901937791,0.4286833221570276,0.2257837759051817
74,0.03672336461750903,0.6866181526847835,0.2766584826977075
75,0.9999998490901338,5.0460204522265694e-08,1.004496618568642e-07
76,0.07774223172104766,0.06304561986727411,0.8592121484116783
77,0.05206615190367849,0.31738141099676853,0.6305524370995532
78,0.03792042793758536,0.3121646444916048,0.6499149275708098
79,0.9470707277879924,0.004691953657550684,0.048237318554456815
80,0.002532049198378749,0.24597722605622804,0.751490724745393
81,0.48653740607609647,0.059636988638303995,0.4538256052855997
82,0.9999998499892109,5.000539156665278e-08,1.0000539758666522e-07
83,0.024706849442366795,0.4346893319456581,0.5406038186119752
84,0.01642228709757187,0.29281389271012176,0.6907638201923065
85,0.11896972417883667,0.6287782760906218,0.25225199973054174
86,0.9999998496140329,5.019391844960231e-08,1.0019204862190029e-07
87,0.4112286663263291,0.16701592100348595,0.42175541267018496
88,0.13587172251237423,0.06908214709834021,0.7950461303892854
89,0.7641544190911653,0.15684707639805515,0.07899850451077949
90,0.17342111427440365,0.25877530835611623,0.5678035773694805
91,0.02176282975732003,0.05456094120667084,0.9236762290360091
92,0.1920878119131205,0.4606874237141258,0.3472247643727535
93,0.05315948913538494,0.03561799113460874,0.9112225197300065
94,0.07058933441209063,0.17189197237866347,0.7575186932092459
95,0.29697723601413323,0.12380370725576086,0.5792190567301059
96,0.8613822135750525,0.02283936530840461,0.11577842111654273
97,0.1686650418316153,0.14646069531382197,0.6848742628545628
98,0.12186176797775612,0.1306479653415572,0.7474902666806869
99,0.2603817140540861,0.0623090184939987,0.6773092674519153
100,0.008514427416305972,0.46174892923866856,0.5297366433450251
101,0.04979056726537043,0.059050450547817025,0.8911589821868122
102,0.10719864861195846,0.07412481423227513,0.8186765371557663
103,0.05060916145538675,0.4236482691042859,0.5257425694403273
104,0.07510816744389597,0.13121779501907158,0.7936740375370326
105,0.0634499575345024,0.14591415823913723,0.7906358842263604
106,0.2618280739225731,0.17237515425078473,0.5657967718266422
107,0.010820583654553904,0.34536802324174226,0.6438113931037042
108,0.04663388467890592,0.15066423173654475,0.8027018835845492
109,0.0154078370298601,0.142815030354581,0.841777132615559
110,0.16052267825133432,0.29460625093278664,0.5448710708158793
111,0.1503801066545205,0.07511376617425722,0.7745061271712222
112,0.024290212429762703,0.07307628157299687,0.9026335059972401
113,0.006292016892676244,0.3376987931989647,0.6560091899083591
114,0.3679749217426982,0.10314451942939927,0.5288805588279024
115,0.1939199982993421,0.12971200640509373,0.6763679952955639
116,0.06599814268585133,0.6702033632620183,0.26379849405213013
117,0.10522798404601813,0.1986819474217764,0.6960900685322053
118,0.09984416560997746,0.1406321056676942,0.7595237287223285
119,0.003251001664655383,0.5647660659932872,0.43198293234205726
120,0.1098999574928267,0.12648271786045692,0.7636173246467166
121,0.0003477774896942069,0.21116837203420216,0.7884838504761036
122,0.04819989291962209,0.18344667957694683,0.7683534275034309
123,0.11127406871601082,0.5410720749473207,0.34765385633666857
124,0.05840858507974199,0.20531335656952532,0.7362780583507332
125,0.0951467380506324,0.14304217275474665,0.7618110891946209
126,0.04388727718858537,0.14072868793449744,0.815384034876917
127,0.1899753727364314,0.0578193614822959,0.7522052657812727
128,0.2970376415943596,0.48200713318380156,0.22095522522183872
129,0.02142281103305328,0.1485473046765367,0.8300298842904099
130,0.5580924077720543,0.17559069735375785,0.2663168948741878
131,0.056479074686753845,0.15670490363704137,0.7868160216762047
132,0.17575347103042296,0.06862858493039277,0.7556179440391844
133,0.9999998468586073,5.1636767796946655e-08,1.0150462485436507e-07
134,0.27818647673397445,0.02834825349734489,0.6934652697686807
135,0.2787657735977394,0.220982049747553,0.5002521766547078
136,0.03134524648353231,0.3263870675236416,0.642267685992826
137,0.5035120052803547,0.05654454649812381,0.43994344822152176
138,0.16879671607315463,0.1368501140535259,0.6943531698733194
139,0.08509628301434395,0.2965543490684052,0.618349367917251
140,0.08477379998398282,0.1085019153296028,0.8067242846864143
141,0.8184153871394542,0.07689832563973015,0.10468628722081574
142,0.10700793113445342,0.698909807476724,0.19408226138882248
143,0.26481435733601144,0.15477563136515682,0.5804100112988319
144,0.41141373300410405,0.11012442432624428,0.4784618426696515
145,0.019587868951907145,0.3095166736710701,0.6708954573770227
146,0.002887726650830045,0.32817516903385513,0.668937104315315
147,0.13234923766083959,0.06481445410370339,0.8028363082354572
148,0.6652327721092757,0.1666231799687265,0.16814404792199775
149,0.18635964777577604,0.18196557463316576,0.631674777591058
150,0.05335395172058386,0.3022413698768816,0.6444046784025345
151,0.003194916959013473,0.1254687514450905,0.8713363315958959
152,0.60230409444772,0.21356109158171913,0.18413481397056064
153,0.41607944380174416,0.07664054121147684,0.5072800149867789
154,0.05388825158048271,0.5273701937170433,0.41874155470247404
155,0.05778789267377162,0.12769974296654218,0.8145123643596861
156,0.0983055752904249,0.4636967148882423,0.4379977098213326
157,0.5101595640128008,0.06314269761493592,0.42669773837226327
158,0.001926565521795848,0.23302766392829935,0.7650457705499047
159,0.04169766594446402,0.2711325534399933,0.6871697806155426
160,0.1664725344362531,0.13712402234458826,0.6964034432191585
161,0.0969338662992091,0.29467455183863267,0.608391581862158
162,0.08632143147252706,0.19783860486279817,0.7158399636646745
163,0.13148250336146983,0.2694700123410048,0.5990474842975252
164,0.39506378504692113,0.11153393910510083,0.493402275847978
165,0.0971863000286964,0.18968053209193156,0.7131331678793723
166,0.08385485551891023,0.11132305323461085,0.8048220912464787
167,0.07962449811552573,0.2618040929201525,0.6585714089643216
168,0.06096841200561196,0.7359266336531988,0.20310495434118894
169,0.035731242124664477,0.19450838931983336,0.7697603685555021
170,0.04322027341154318,0.10656495616241661,0.8502147704260403
171,0.05602415959509135,0.23127911503461338,0.7126967253702954
172,0.0009372470848740446,0.18056707986702492,0.8184956730481008
173,0.07834187290099065,0.12241028531509864,0.7992478417839107
174,0.022444413764040404,0.17098573876651052,0.8065698474694488
175,0.27197147807493477,0.13031927837846552,0.5977092435465995
176,0.2829386501728053,0.5757982667783214,0.14126308304887328
177,0.645491200906682,0.04611670775828357,0.3083920913350345
178,0.1427242298096254,0.06495773681385965,0.7923180333765151
179,0.33241800019983975,0.04199932965487579,0.6255826701452845
180,9.721839311486052e-05,0.13562844568456198,0.8642743359223232
181,0.017508811899178495,0.14946698680328835,0.8330242012975333
182,0.05220369245543834,0.10673762849907303,0.8410586790454886
183,0.13896974637359447,0.6062876666971035,0.254742586929302
184,0.7181617346924336,0.03336901201705855,0.2484692532905077
185,0.19009171675378939,0.06249085076617771,0.7474174324800328
186,0.3753599466304044,0.23501691794376633,0.3896231354258294
187,0.42483429101173364,0.11139120383570596,0.4637745051525604
188,0.40945933539604346,0.11654131650817413,0.4739993480957823
189,0.028597017757384553,0.09568534640158093,0.8757176358410346
190,0.15339908005151906,0.12791688116299013,0.7186840387854911
191,0.0994594203789162,0.16532901973818612,0.7352115598828975
192,0.5230918104201363,0.14025438642423885,0.33665380315562493
193,0.14950026619472973,0.16116440792222572,0.6893353258830447
194,0.05727627489220526,0.6672923950665773,0.27543133004121756
195,0.19355219361278217,0.25429123765002576,0.5521565687371919
196,0.682830451616365,0.02760501656874286,0.2895645318148923
197,0.16836510954720413,0.5654414683206386,0.2661934221321571
198,0.15626743925617811,0.12656727186770678,0.7171652888761149
199,0.003957422608320535,0.477560454745097,0.5184821226465826
200,0.018520803229736264,0.1366370651055453,0.8448421316647184
201,0.5493431197808549,0.08757361409359968,0.36308326612554565
202,0.0075090750691621895,0.39911123210854593,0.5933796928222919
203,0.9447915506171227,0.003599620411807398,0.0516088289710699
204,0.13414662026701504,0.6468593939702595,0.21899398576272552
205,0.2194239489189198,0.21317071300975102,0.567405338071329
206,0.4422630425533544,0.203995187014455,0.3537417704321907
207,0.2875954799938917,0.17000017439306173,0.5424043456130465
208,0.06397997667325955,0.25171875909569846,0.6843012642310418
209,0.9999998424094095,5.422573116161161e-08,1.0336485935025988e-07
210,0.014731011759691085,0.24520309246358826,0.740065895776721
211,0.10773811743528568,0.2943176475006664,0.5979442350640476
212,0.16576635453842528,0.4851722085590144,0.3490614369025603
213,0.9129061476755311,0.0118123007435902,0.07528155158087874
214,0.15351714938129077,0.35239399718473213,0.49408885343397696
215,0.16031849329168632,0.27303184357385457,0.5666496631344589
216,0.751349902553098,0.07864918302689446,0.1700009144200076
217,0.11645294067708213,0.28817167966453217,0.5953753796583859
218,0.006019394925385185,0.3812788166679509,0.6127017884066642
219,0.16940327564271343,0.22116256915977736,0.6094341551975092
220,0.04270712916129903,0.44515560998818915,0.5121372608505117
221,0.057893757181576286,0.733492548834395,0.20861369398402865
222,0.6292220456043763,0.05411532236961588,0.31666263202600803
223,0.37708702140917716,0.133398443390871,0.4895145351999519
224,0.15386828582833223,0.2762969338248238,0.569834780346844
225,0.1492019604458035,0.10882195455174842,0.7419760850024484
226,0.2346931845103422,0.5469427501058002,0.2183640653838571
227,0.0022999493609860075,0.25800473935238766,0.7396953112866266
228,0.10507046248355463,0.1939462806136072,0.7009832569028382
229,0.0370929833326185,0.18719262802467096,0.7757143886427106
230,0.9318316745252868,0.005965564058833731,0.06220276141587924
231,0.012114453467248168,0.09304481625714531,0.8948407302756067
232,0.022035876913153164,0.12730389588296584,0.8506602272038807
233,0.01701972469282707,0.3712637953587202,0.6117164799484529
234,0.9259158220167236,0.018718077581741193,0.05536610040153537
235,0.07133416006430626,0.4333605660898614,0.49530527384583256
236,0.09698606082647311,0.4567287670530602,0.4462851721204665
237,0.07641914412722674,0.0769981840954347,0.8465826717773385
238,0.03814541584168591,0.26415609504334625,0.697698489114968
239,0.03865756226138833,0.13214033304226822,0.8292021046963436
240,0.32040554170288965,0.09959290141239013,0.58000155688472
241,0.05704393892264592,0.16514743144665642,0.7778086296306975
242,0.3561418193612701,0.3326116608481386,0.3112465197905913
243,0.13256828558242495,0.1367105317820075,0.7307211826355674
244,0.05288805335487994,0.1605433399376632,0.7865686067074569
245,0.02994759030287502,0.16645243528691503,0.8035999744102098
246,0.22114187053744888,0.30562138785349946,0.4732367416090518
247,0.393744020701819,0.1840346507169573,0.4222213285812239
248,0.6376340105309769,0.12483074636224299,0.23753524310678
249,0.13669439638614586,0.28546962780602725,0.5778359758078272
250,0.3051399642244374,0.06713982840537046,0.6277202073701923
251,0.06250743968115609,0.3397747825393977,0.5977177777794459
252,0.43333373825675686,0.21674299471476516,0.3499232670284778
253,0.08139459558485222,0.39740288307088306,0.5212025213442648
254,0.26781704195124034,0.038457364266577074,0.6937255937821827
255,0.30689626456530356,0.28769043433930863,0.4054133010953877
256,0.05826630096321477,0.09140389738024438,0.8503298016565408
257,0.0437503841037485,0.25037515153845347,0.7058744643577981
258,0.06143446383394111,0.09190034857572967,0.8466651875903292
259,0.06114382587017463,0.2866748537290757,0.6521813204007496
260,0.12870120167835208,0.053019546935217154,0.8182792513864308
261,0.6437319149030748,0.05043900629345459,0.3058290788034707
262,0.011436938088153187,0.4080887923374251,0.5804742695744215
263,0.16599090077683615,0.17856422650747664,0.6554448727156873
264,0.06282781769001483,0.15463569760926596,0.7825364847007191
265,0.013346437461188621,0.4254520808735939,0.5612014816652174
266,0.06607584251851252,0.11433529528719344,0.8195888621942936
267,0.7394657723583739,0.04851521001768471,0.21201901762394104
268,0.0015127864475304998,0.14147164551695343,0.857015568035516
269,0.06851247074458773,0.13769033316877557,0.7937971960866367
270,0.21144542025435237,0.06741006914456468,0.7211445106010828
271,0.004040433379968487,0.46562688518277495,0.5303326814372568
272,0.21182659059657086,0.13022146962516754,0.6579519397782613
273,0.016918463665069834,0.19951668985056586,0.7835648464843641
274,0.003267565316443146,0.33126945149002657,0.6654629831935304
275,0.08197646415339824,0.16605696887330973,0.7519665669732921
276,0.7876954551283313,0.07794863814555224,0.1343559067261163
277,0.05286577224948596,0.27356690455107135,0.6735673231994425
278,0.09210395775197948,0.27728943322409333,0.6306066090239273
279,0.999999849991519,5.0004237245893554e-08,1.0000424382167129e-07
280,0.644393715666578,0.08669362171863476,0.2689126626147873
281,0.9093904024250338,0.014502338691761969,0.07610725888320413
282,0.010042633825698649,0.2199142020948403,0.7700431640794608
283,0.3025217428484993,0.19682867372457447,0.5006495834269258
284,0.03934191656559112,0.2941662688526733,0.6664918145817355
285,0.41118963305791695,0.07007519066455602,0.518735176277527
286,0.026498748846195058,0.31255432888233464,0.6609469222714702
287,0.35671155175007174,0.08376830180177681,0.5595201464481515
288,0.3897311436521169,0.10318162052989314,0.5070872358179899
289,0.010365984866710365,0.35065003557077745,0.6389839795625121
290,0.27623382952171566,0.058522575005498186,0.6652435954727859
291,0.03324677932096241,0.0560933010609632,0.9106599196180746
292,0.005929388352531976,0.1596995796143475,0.8343710320331205
293,0.0014754982052953712,0.018003976209459382,0.9805205255852453
294,0.013279595269431716,0.03392736561525963,0.9527930391153088
295,0.05246892006620666,0.5834823614670664,0.36404871846672676
296,0.07125255982134165,0.7384671049494896,0.19028033522916857
297,0.09134759741841997,0.6718115198994121,0.23684088268216788
298,0.06354478509277225,0.15848363816785502,0.7779715767393728
299,0.020512578507416914,0.27584318833870514,0.7036442331538776
300,0.15537293399101312,0.14722482752536947,0.697402238483617
301,0.0014071346234754607,0.19382934356699202,0.8047635218095324
302,0.4531132109196584,0.38782475037272535,0.1590620387076163
303,0.2932743500186105,0.1011285628696529,0.6055970871117365
304,0.2587390192174268,0.1595926272482375,0.5816683535343353
305,0.013221780193104214,0.09698548600422749,0.8897927338026683
306,0.08833719586486591,0.1545156073994072,0.7571471967357267
307,0.10340237831006391,0.04806624991142086,0.8485313717785152
308,0.04784007441363859,0.20560713625281457,0.7465527893335472
309,0.09841930148172527,0.10672723881895978,0.7948534596993151
310,0.16378391105113568,0.12882759522850523,0.7073884937203593
311,0.048649343904004626,0.1487646701355885,0.802585985960407
312,0.9350778084124691,0.0154404971459387,0.04948169444159204
313,0.03259765888488239,0.11931170087650696,0.8480906402386108
314,0.08569054644689703,0.4297623423305222,0.48454711122258076
315,0.013301703888129091,0.042393939383209706,0.9443043567286611
316,0.029554287784083588,0.12307139985943989,0.8473743123564766
317,0.1700324088038297,0.27490401017298877,0.5550635810231819
318,0.042093913209471874,0.2045410670656726,0.7533650197248554
319,0.08912309567526155,0.056884485131055824,0.8539924191936829
320,0.0007655095147577968,0.2928097342423857,0.7064247562428565
321,0.03545264393479231,0.22320900190146037,0.7413383541637475
322,0.040429291310510866,0.18161247851095524,0.7779582301785337
323,0.0604589637521468,0.2941655034290404,0.6453755328188129
324,0.06217149940979903,0.6082375771981796,0.3295909233920214
325,0.456267025349257,0.06851953608304862,0.4752134385676944
326,0.07375448016008115,0.4124736881027717,0.5137718317371472
327,0.24547240335043735,0.06197785635585798,0.6925497402937048
328,0.08471983899051384,0.12974020072422984,0.7855399602852564
329,0.5060350511888768,0.10260398163930805,0.39136096717181473
330,0.11829823265005215,0.35527794752206887,0.5264238198278789
331,0.053620089326811116,0.6077175248910085,0.3386623857821803
332,0.9988441278362449,0.00042208717419776263,0.0007337849895573424
333,0.755935661607089,0.07117045051555472,0.17289388787735627
334,0.06881517644865881,0.15414772146382863,0.7770371020875125
335,0.5200522693816981,0.2674921385431888,0.21245559207511305
336,0.1385123224534125,0.4755398365845401,0.3859478409620475
337,0.010457119212055613,0.2841449733632471,0.7053979074246971
338,0.03357786016120384,0.12085458535900988,0.8455675544797858
339,0.21978340782228448,0.46395653362528316,0.3162600585524325
340,0.01501836211647806,0.028328138772657045,0.956653499110865
341,0.06856158956055147,0.3565014239973205,0.5749369864421281
342,0.4791757232557508,0.09865485522123735,0.4221694215230118
343,0.0511378638977132,0.16716837324044134,0.7816937628618454
344,0.09937255680984378,0.27917819781956565,0.6214492453705903
345,0.5690789077670851,0.12461808949296865,0.30630300273994643
346,0.06314179001164073,0.16706915537291891,0.7697890546154404
347,0.858158003248296,0.021882644925712055,0.11995935182599177
348,0.1259117058529502,0.191911214047431,0.6821770800996185
349,0.038108222331996934,0.11038044311197218,0.8515113345560308
350,0.021511633739339883,0.6781530560829703,0.30033531017768994
351,0.05260303301979095,0.16824968529271514,0.7791472816874937
352,0.1383806782656918,0.05011117732954681,0.8115081444047616
353,0.04020201567105567,0.18275017034038046,0.7770478139885639
354,0.1892824694912346,0.07092481403476703,0.7397927164739982
355,0.02486916839957581,0.3510116456126687,0.6241191859877557
356,0.07195244680003052,0.11335414316539225,0.8146934100345774
357,0.09841479012676357,0.10271843067433371,0.7988667791989025
358,0.0033589545367169148,0.5387271397604254,0.45791390570285745
359,0.01585579474622848,0.6924672211379823,0.2916769841157893
360,0.09541166655552256,0.3855341171744598,0.5190542162700178
361,0.11749404161665342,0.46914287121232506,0.4133630871710214
362,0.04455757188565065,0.16659803196416376,0.7888443961501854
363,0.015547714365495641,0.3070144600671696,0.6774378255673348
364,0.2037946699360967,0.5640661279191465,0.23213920214475706
365,0.5905439792629439,0.047842988458656116,0.3616130322783997
366,0.0009890812936327027,0.2267137663196415,0.7722971523867258
367,0.006765680744004085,0.15100911410168025,0.8422252051543158
368,0.12276526935745499,0.3012389154866508,0.5759958151558943
369,0.48524399259871515,0.10406570654386753,0.4106903008574173
370,0.8211857249834943,0.012366487587895806,0.16644778742860994
371,0.18629671621490698,0.1655002686702385,0.6482030151148542
372,0.12264533674013504,0.2955686019716896,0.5817860612881754
373,0.0018093986900883827,0.06455126258339945,0.9336393387265123
374,0.13952270145632412,0.6591125627372949,0.20136473580638073
375,0.020704904195191578,0.10099653136431082,0.8782985644404974
376,0.1388789946720342,0.0688639784164671,0.7922570269114988
377,0.08606283612709567,0.20820881642890476,0.7057283474439993
378,0.9005182162634628,0.02389089103080907,0.07559089270572811
379,0.5626277500241218,0.09421210259450452,0.34316014738137374
380,0.6425392970360327,0.12706681992850424,0.23039388303546343
381,0.0018027239977979814,0.1850524208338977,0.8131448551683043
382,0.0006490673229011167,0.29569984020461276,0.7036510924724866
383,0.06136985338457076,0.31120584401304496,0.627424302602384
384,0.5295980124651618,0.13639383222890084,0.33400815530593725
385,0.04550522521047505,0.06777406982488664,0.8867207049646383
386,0.9993770940152137,5.4053654854116584e-05,0.0005688523299321942
387,0.09113232654778808,0.18447151618055663,0.7243961572716553
388,0.1048850581639935,0.06591790599443417,0.8291970358415723
389,0.005507692634181045,0.0282667859114141,0.9662255214544047
390,0.024000267543227434,0.2959327694531883,0.6800669630035843
391,0.8413793515092697,0.01579663414772401,0.14282401434300632
392,0.9999998499766323,5.001168363849949e-08,1.0001168428683645e-07
393,0.005431484044951706,0.39775044066590914,0.596818075289139
394,0.10613234736145212,0.0745635588888069,0.8193040937497412
395,0.10358047195895344,0.6841863462028445,0.21223318183820195
396,0.05216329950274177,0.3687792711940711,0.5790574293031868
397,0.19445222219471356,0.1023393565363124,0.7032084212689736
398,0.01954088159810156,0.43074268406661936,0.549716434335279
399,0.1554708158970082,0.15709100224142347,0.687438181861568
400,0.0978811014900486,0.3053498479905779,0.5967690505193737
401,0.09557917915184026,0.03558675159119401,0.8688340692569656
402,0.060900781552405935,0.15888591305112457,0.7802133053964695
403,0.43305383819040005,0.07530847098032764,0.49163769082927256
404,0.04747654546217069,0.3413680753514494,0.6111553791863796
405,0.47250340729419904,0.05345007441161687,0.47404651829418387
406,0.0676281690933257,0.07720774297932097,0.8551640879273534
407,0.022910402760907073,0.21238367065944114,0.764705926579652
408,0.09407191979818133,0.08969605352174867,0.8162320266800701
409,0.2710017678253111,0.09777651403184864,0.6312217181428403
410,0.07611882389178305,0.07536843789290851,0.8485127382153084
411,0.028943180320331455,0.07651639610825126,0.894540423571417
412,0.9943373706568635,0.004780683514132505,0.0008819458290043797
413,0.537756841490896,0.06980012568142836,0.3924430328276756
414,0.13446480762966004,0.08338141674033744,0.7821537756300027
415,0.7276418407784575,0.05720125186114438,0.21515690736039814
416,0.11538426576409734,0.1210180782149197,0.7635976560209831
417,0.029035715715258797,0.17059161475278733,0.8003726695319537
418,0.11662977381226583,0.27514152853729057,0.6082286976504437
419,0.0020518829266050966,0.37650214820495775,0.621445968868437
420,0.8588641082023337,0.029822127601506362,0.11131376419615993
421,0.7762549838858135,0.034333556205546865,0.18941145990863958
422,0.8586135127676628,0.022201970048575555,0.11918451718376179
423,0.08756228077169503,0.09970817997641936,0.8127295392518854
424,0.07616854293667798,0.7213914219496941,0.20244003511362804
425,0.0001947164463780662,0.05485623658366118,0.9449490469699605
426,0.07121054454568024,0.5507539015303842,0.3780355539239356
427,0.021508077628986797,0.2075029557934516,0.7709889665775617
428,0.05849512014519442,0.7648976002867657,0.17660727956803993
429,0.005096922966506702,0.1444896684896712,0.8504134085438223
430,0.2650409280361603,0.11762694730617598,0.6173321246576636
431,0.7274313806426843,0.046636506443847,0.2259321129134686
432,0.3160367694076873,0.14622546359033858,0.537737767001974
433,0.06857345206706782,0.6810183423458588,0.2504082055870732
434,0.0013014230730962013,0.22328291166892383,0.7754156652579799
435,0.11740085849376958,0.7560943520022068,0.1265047895040233
436,0.15360010316654768,0.23352569966616155,0.6128741971672905
437,0.5187829664030184,0.12701244342110213,0.35420459017587935
438,0.0008330528613663076,0.03950591918757492,0.9596610279510588
439,0.11634992097467119,0.09349381898763459,0.7901562600376946
440,0.18443840839082803,0.361071258265439,0.4544903333437328
441,0.014102366063175486,0.1999245263470236,0.7859731075898011
442,6.976075309387865e-05,0.13688488813179042,0.8630453511151155
443,0.06698725250548294,0.2461596111481655,0.6868531363463515
444,0.06391272104457507,0.2132018325721686,0.7228854463832561
445,0.02163420262040026,0.1169520711707448,0.861413726208855
446,0.06991652227934832,0.2597784261021206,0.6703050516185312
447,0.42876414658521145,0.32308308444547895,0.24815276896930974
448,0.1407222511169869,0.10188014768082632,0.7573976012021867
449,0.09748810344008631,0.15177973359581945,0.7507321629640944
450,0.5256142599171244,0.05682958491127106,0.41755615517160466
451,0.04437270122354098,0.6315413018957828,0.3240859968806758
452,0.012227980829129277,0.2714457545799083,0.7163262645909625
453,0.1327875901238429,0.3040946491113274,0.5631177607648296
454,0.06665907733433483,0.4924667048725164,0.44087421779314867
455,0.6157256014835959,0.03775316655380584,0.34652123196259826
456,0.01528010368745749,0.19734093637851213,0.7873789599340304
457,0.7560976770245622,0.054514975036452314,0.18938734793898537
458,0.02914056227634386,0.19228643419581845,0.7785730035278374
459,0.556788214785253,0.056016634008879886,0.38719515120586756
460,0.11254202858353866,0.1707198675041704,0.716738103912291
461,0.01958193574749084,0.3725863234740678,0.6078317407784413
462,0.537466498131012,0.07598438906069116,0.38654911280829657
463,0.05404994501796829,0.49397568580776774,0.4519743691742639
464,0.07523076636086255,0.04373618777774831,0.8810330458613893
465,0.06508276150851665,0.08742572757448451,0.8474915109169986
466,0.025488775575435135,0.19363405607420428,0.7808771683503605
467,0.20655006227897263,0.10201300097589078,0.6914369367451366
468,0.04093594588567542,0.1466295576577489,0.8124344964565754
469,0.38738732883423876,0.33544528448130734,0.2771673866844535
470,0.9999998470593666,5.1527947470602806e-08,1.0141268581325266e-07
471,0.6271887612925864,0.19124707180416006,0.18156416690325333
472,0.04862389804356813,0.10879902843934648,0.8425770735170853
473,0.9992094924792986,0.00013802139445053427,0.0006524861262508292
474,0.46813289407037617,0.14343820448892827,0.38842890144069553
475,0.0540846278907695,0.23271091202435634,0.713204460084874
476,0.6214148199645211,0.03064435678265294,0.34794082325282577
477,0.08088942819376155,0.1321315550869195,0.7869790167193188
478,0.0606346231945987,0.7942723696718278,0.14509300713357345
479,0.42466558706783736,0.17622139634916267,0.39911301658299964
480,0.14533414818265414,0.18784295449319216,0.6668228973241537
481,0.11493343028328463,0.2039533693862499,0.6811132003304652
482,0.11206542990883175,0.3808570373262675,0.5070775327649009
483,0.19856059565005213,0.08559661255865318,0.7158427917912946
484,0.166984198271883,0.21805291398811638,0.6149628877400007
485,0.25165600865800347,0.1166986735476838,0.6316453177943128
486,0.00022191046682238752,0.40203378961466557,0.5977442999185119
487,0.009037494972875993,0.19699241525119898,0.7939700897759251
488,0.10039794575596128,0.43513056820510687,0.4644714860389317
489,0.3068889923571595,0.1136587743919995,0.5794522332508407
490,0.009681158753615849,0.24573480089916122,0.7445840403472231
491,0.029595925059159194,0.17506888920751537,0.7953351857333252
492,0.029833380266828673,0.21570658709069374,0.7544600326424775
493,0.0009371037071671741,0.13735814313390377,0.8617047531589291
494,0.07069477741676308,0.6860033873520318,0.24330183523120535
495,0.22154860435289342,0.5269284702972868,0.25152292534981957
496,0.0514838442846117,0.23688976552250907,0.7116263901928792
497,0.9999998413788832,5.488148892191307e-08,1.0373962776222396e-07
498,0.3690489366392752,0.14317248996365564,0.48777857339706926
499,0.20688739444419363,0.1222777024088302,0.6708349031469761
500,0.025898061659797626,0.27809829392876184,0.6960036444114404
501,0.12011076970026512,0.111816914403583,0.768072315896152
502,0.9635348131273203,0.019789346429848594,0.01667584044283105
503,0.25762143551190364,0.26256526206840225,0.4798133024196943
504,0.043918177968735775,0.18344465533749396,0.7726371666937701
505,0.9999998472090884,5.144719066158127e-08,1.0134372088665453e-07
506,0.0002179126558332959,0.21810821494865887,0.7816738723955078
507,0.16257855494501422,0.27939785630680725,0.5580235887481787
508,0.2744631232001883,0.10753961665865643,0.6179972601411552
509,0.9999987640598588,4.5268722668887057e-07,7.832529147479753e-07
510,0.13716182814316052,0.5985000639250967,0.2643381079317429
511,0.0666715976491156,0.4174375680302119,0.5158908343206721
512,0.16796173908804085,0.5605918504153753,0.2714464104965837
513,0.057829602104146,0.09383834102166855,0.8483320568741853
514,0.4471220754011996,0.08135436932886583,0.47152355526993467
515,0.09856248708324865,0.723528647103441,0.17790886581331003
516,0.7493757129659212,0.04900463612026269,0.20161965091381598
517,0.018533132728452938,0.16603740605796774,0.8154294612135792
518,0.08509836580735075,0.5226288372479035,0.39227279694474554
519,0.5086598821436356,0.06262264944218471,0.42871746841417985
520,0.2864218525497709,0.10735167128720965,0.6062264761630194
521,0.21158652290509866,0.45791818841094195,0.33049528868395933
522,0.36201737263048694,0.04998147013982008,0.5880011572296929
523,0.9445285270011026,0.005167491783704719,0.050303981215192875
524,0.34088328138879487,0.35789791297743545,0.3012188056337698
525,0.0005021680727928967,0.08671932891966641,0.9127785030075408
526,0.15952422505941746,0.13673405227096014,0.7037417226696229
527,0.011558415920365947,0.210178454429743,0.7782631296498912
528,0.056598282894714684,0.08073443371455247,0.8626672833907332
529,0.1490210265825689,0.10796649966474184,0.7430124737526893
530,0.18813656078485896,0.4297085252234333,0.3821549139917078
531,0.000914662791538292,0.36638848987903894,0.6326968473294231
532,0.0011611793288063474,0.5689639824308967,0.42987483824029693
533,0.450941135469569,0.29273893114740107,0.2563199333830299
534,0.08302270196589799,0.07182349605892357,0.8451538019751781
535,0.05174071397939307,0.09313037265980173,0.8551289133608053
536,0.06400594521799073,0.27998931662684295,0.656004738155166
537,0.0007051181953613686,0.3117410038577393,0.6875538779468995
538,0.8632714096257047,0.02170966352763544,0.11501892684665972
539,0.3563957675693032,0.24907914481871926,0.3945250876119774
540,0.1697967805646984,0.5585321349574912,0.2716710844778104
541,0.28555979060936937,0.2225182787858538,0.4919219306047772
542,0.49074356470950786,0.05892160088721728,0.4503348344032749
543,0.27215690843801765,0.10732085087616328,0.6205222406858191
544,0.05760434191370951,0.08281875724060773,0.8595769008456828
545,0.6486591118173759,0.18859387795928992,0.162747010223334
546,0.8576356687938859,0.030914319612997076,0.11145001159311718
547,0.11194680607571177,0.19010128554617603,0.6979519083781123
548,0.15076981518235047,0.5719112239491416,0.27731896086850816
549,0.001250523569127182,0.023040458291628606,0.9757090181392444
550,0.07601396297701646,0.04954855145602955,0.874437485566954
551,0.021141032659442217,0.2663895752183957,0.712469392122162
552,0.16607183510576945,0.44413546062574133,0.3897927042684893
553,0.19955520320716572,0.13939663498816215,0.6610481618046721
554,0.004605076556401621,0.6309829561544276,0.3644119672891709
555,0.00025399224001798105,0.17869627551070766,0.8210497322492741
556,0.6335705016742839,0.13576036314843612,0.2306691351772799
557,0.916796947528449,0.005500394643680744,0.07770265782787025
558,0.898978664708463,0.017759768938004843,0.08326156635353242
559,0.004220625065012433,0.48417957191353395,0.5115998030214536
560,0.2093420669546138,0.0352265462632444,0.7554313867821418
561,0.016175653886154807,0.05867397433708183,0.9251503717767632
562,0.1283901367740226,0.06318022936622295,0.8084296338597545
563,0.1417462219271208,0.4165644167614349,0.4416893613114446
564,0.4070520760746006,0.03978174434042839,0.553166179584971
565,0.9999998391800208,5.6368106965120464e-08,1.044518724636983e-07
566,0.11768000420004139,0.24395792445462314,0.638362071345335
567,0.5225351069808771,0.019002510265026116,0.4584623827540967
568,0.0012804520471281994,0.5733249326600658,0.4253946152928065
569,0.009145446610762659,0.16843087870300477,0.8224236746862321
570,0.12487388473120194,0.32849751321866905,0.5466286020501292
571,0.0046306572222189835,0.41261060694391993,0.5827587358338611
572,0.14654583177686772,0.4374816074828186,0.41597256074031386
573,0.03763596426014878,0.20790260579822833,0.7544614299416227
574,0.15771505537699315,0.3590030237974536,0.48328192082555316
575,0.11812256823103567,0.3009034702988956,0.5809739614700687
576,0.2534214935393535,0.06865884552674362,0.6779196609339029
577,0.425679519931589,0.05729228452092529,0.5170281955474856
578,0.3013012485084855,0.10618402610662007,0.5925147253848945
579,0.017198499435703066,0.6424421333321708,0.340359367232126
580,0.004119910305234203,0.022049928826804847,0.9738301608679608
581,0.09957652413166389,0.20155654325326725,0.6988669326150686
582,0.6769139612222499,0.15953098122232554,0.16355505755542443
583,0.7624439591606019,0.13431598368154518,0.10324005715785312
584,0.10619171561449679,0.2976026263366826,0.5962056580488205
585,0.03754861916426812,0.086439225122934,0.8760121557127978
586,0.09845732350224358,0.41203380952704266,0.48950886697071405
587,0.05675066974586601,0.20761777966020492,0.7356315505939292
588,0.012156425466049047,0.22195099241900232,0.7658925821149487
589,0.12405023190140461,0.6244583110324791,0.25149145706611625
590,0.04634614288520111,0.17704238184848906,0.7766114752663096
591,0.0105007691704171,0.43503958080160193,0.5544596500279809
592,0.4645466571564712,0.1396442129206706,0.3958091299228581
593,0.2819574246356847,0.10611806305242023,0.6119245123118952
594,0.10387074306735758,0.6820527598116751,0.21407649712096746
595,0.30561311141772063,0.11115371223853529,0.5832331763437439
596,0.3396505573713708,0.23969537375434702,0.4206540688742821
597,0.4626936167626689,0.15480605639210235,0.3825003268452287
598,0.07135123727426161,0.16697817136481347,0.7616705913609247
599,0.2921640495084818,0.11457112684242529,0.5932648236490927
600,0.19589099766749965,0.3435612332095009,0.4605477691229992
601,0.037067964770693566,0.2539334717038907,0.7089985635254157
602,0.4545218644855377,0.03993057607339605,0.5055475594410664
603,0.021437934204962584,0.5362630396291727,0.4422990261658649
604,0.05832532095144646,0.1408471030275354,0.800827576021018
605,0.2140584505443333,0.11256174243329828,0.6733798070223687
606,0.00046440430371310883,0.062465120610500906,0.9370704750857863
607,0.08451278301330349,0.12171089836496155,0.793776318621735
608,0.14124141623898837,0.23055281339065864,0.628205770370353
609,0.1258725666406214,0.6287013952730182,0.24542603808636032
610,0.40622968826262024,0.03648327907005007,0.5572870326673296
611,0.2913840893315821,0.4687531455133005,0.23986276515511754
612,0.0018569721114347181,0.5701931694194229,0.4279498584691423
613,0.10874859625551919,0.4001129536838549,0.49113845006062556
614,0.0901195291854767,0.5180754650010447,0.3918050058134787
615,0.10081087011061138,0.1516500438316357,0.7475390860577532
616,0.014302780883179387,0.43805175910022076,0.5476454600165995
617,0.28417100359585773,0.13841693104652594,0.5774120653576162
618,0.022969263193772422,0.6374585945031002,0.33957214230312754
619,0.0376046341227619,0.2756588732119328,0.6867364926653052
620,0.09368532173426855,0.7149564474244813,0.19135823084125053
621,0.031517389130043726,0.4264665852384539,0.5420160256315021
622,0.6557436003735503,0.13269967003530755,0.21155672959114194
623,0.9404318261978388,0.0039907139709701115,0.055577459831191
624,0.34561331894870545,0.16509056184421717,0.4892961192070775
625,0.21889016950631024,0.06006537322237273,0.7210444572713168
626,0.30978041884511925,0.04841450230751393,0.6418050788473665
627,0.05505820679152874,0.2790699038196576,0.6658718893888136
628,0.0080794269370879,0.22122167086864475,0.7706989021942673
629,0.10191563951117716,0.07591006104412848,0.8221742994446943
630,0.6822925286778354,0.11747181046399553,0.20023566085816907
631,0.7482467170056627,0.08897354330024702,0.16277973969409024
632,0.04187943803548108,0.07876573193386437,0.8793548300306547
633,0.5116875560655719,0.06983472010029627,0.41847772383413195
634,0.29242787667246656,0.25707105556407633,0.45050106776345733
635,0.7997005719783994,0.022360124153070305,0.17793930386853027
636,0.12413260535593475,0.2520050830012712,0.6238623116427939
