,proba_0,proba_1,proba_2
0,0.16459599425676752,0.22575748642809826,0.6096465193151342
1,0.20064134572537407,0.10842775456402731,0.6909308997105986
2,0.999188185833957,1.5254769944155904e-06,0.0008102886890485539
3,0.3234113546605665,0.3160058892476432,0.3605827560917903
4,0.21227348042409508,0.18651144775889933,0.6012150718170056
5,0.06892227119581093,0.27766302216799155,0.6534147066361975
6,0.025258945974868007,0.33097485278624317,0.6437662012388888
7,0.48752235311012393,0.2420065300845555,0.27047111680532054
8,0.25772326762869185,0.034595498394387636,0.7076812339769205
9,0.07966594240783609,0.15781975435258913,0.7625143032395747
10,0.154039015474931,0.42710843950159555,0.4188525450234734
11,0.37627550008950134,0.03507924337879514,0.5886452565317035
12,0.2948696320766024,0.11807872640797235,0.5870516415154252
13,0.14404072043034075,0.15123570538109654,0.7047235741885628
14,0.03037543401115473,0.16252808628710186,0.8070964797017434
15,0.16019436861925243,0.2633637628000213,0.5764418685807263
16,0.584338135944278,0.11188533232885074,0.3037765317268711
17,0.28953796015664257,0.11178001721321938,0.598682022630138
18,0.4842092928683937,0.1439199584852063,0.37187074864639996
19,0.19996566080824316,0.06682530504045345,0.7332090341513033
20,0.15894040298618534,0.4418595291638988,0.39920006784991574
21,0.08158535027783131,0.3171553842779365,0.6012592654442321
22,0.1402419111604247,0.12454066713198973,0.7352174217075855
23,0.1928129926960171,0.2267401788082869,0.580446828495696
24,0.2219669109505503,0.20048033072104607,0.5775527583284036
25,0.39542948683274043,0.23989576370268662,0.36467474946457284
26,0.052988688982033585,0.227564446654646,0.7194468643633204
27,0.9986745711187295,7.518200774187371e-05,0.0012502468735286155
28,0.6230102091908103,0.18179696497493392,0.19519282583425576
29,0.9999992811655904,7.724129775776769e-09,7.111102797027212e-07
30,0.23510191424808047,0.2729010331114441,0.4919970526404755
31,0.13042819023388694,0.4294826082018184,0.44008920156429465
32,0.11780667917318212,0.12887715424139945,0.7533161665854184
33,0.3634697548329762,0.027167073340948304,0.6093631718260755
34,0.06942070973367465,0.14650892941710422,0.7840703608492212
35,0.30895753665734615,0.08630273432872515,0.6047397290139288
36,0.5847160586583899,0.16087805960745666,0.2544058817341533
37,0.7901425455857249,0.03013986833942285,0.17971758607485225
38,0.3708564793415642,0.2820018805960778,0.347141640062358
39,0.009304660403095447,0.16974315489814537,0.8209521846987591
40,0.34431097416007317,0.23298865961465384,0.422700366225273
41,0.08976069557772837,0.07550276915168985,0.8347365352705818
42,0.02501125297080915,0.2753113580436548,0.6996773889855361
43,0.2113470382177827,0.18555662352798646,0.6030963382542308
44,0.10763895151101666,0.19501834023383127,0.6973427082551522
45,0.021481359252303787,0.15929533939844592,0.8192233013492504
46,0.09717683491916021,0.07835642443830922,0.8244667406425306
47,0.012490388240455041,0.3157671010765862,0.6717425106829588
48,0.03723534577539131,0.24101724626867824,0.7217474079559305
49,0.5060815361726585,0.0318966330474692,0.46202183077987224
50,0.09567003775341457,0.27815786931533804,0.6261720929312473
51,0.15069957118050326,0.2971525119428255,0.5521479168766712
52,0.5411762831765571,0.14571898275628645,0.31310473406715644
53,0.9999993097768097,1.0868252800307345e-08,6.793549373640999e-07
54,0.0968326852983973,0.18724969824703858,0.7159176164545642
55,0.007991215411455187,0.1010797659036766,0.8909290186848682
56,0.2739399457914914,0.012794742991480302,0.7132653112170283
57,0.274128959128661,0.06219338064001179,0.6636776602313271
58,0.41289167802808213,0.2789042614843932,0.30820406048752463
59,0.33897003759997196,0.1764888740907926,0.48454108830923537
60,0.6063507366452207,0.12437739391304986,0.2692718694417295
61,0.15253769778190598,0.04381447830793103,0.803647823910163
62,0.26675276127510783,0.0923789783628492,0.6408682603620429
63,0.22091164095824525,0.24568192081957543,0.5334064382221794
64,0.21311399401767883,0.33809872744848796,0.4487872785338331
65,0.10452624560237048,0.31077174093791143,0.5847020134597182
66,0.13619768869302734,0.30927534002744805,0.5545269712795245
67,0.06165296694155212,0.08650649714970354,0.8518405359087443
68,0.09919874346545145,0.422353618402857,0.47844763813169155
69,0.21016512420389596,0.07958798025041462,0.7102468955456894
70,0.6926575469923799,0.00818645990814031,0.2991559930994798
71,0.04135027733946674,0.3848819536275173,0.5737677690330159
72,0.17022043987257102,0.049814246566338635,0.7799653135610903
73,0.3832300557660214,0.38445564326755954,0.23231430096641909
74,0.04009012917107959,0.37165226022422276,0.5882576106046976
75,0.9999970973585931,1.0116118959036381e-08,2.8925252878800856e-06
76,0.23208429080095275,0.03937513364042307,0.7285405755586242
77,0.17161947771377145,0.29763951425157587,0.5307410080346526
78,0.09309174948761588,0.26818236268950996,0.6387258878228742
79,0.6792500769648419,0.006731854659914937,0.3140180683752433
80,0.11759097143864759,0.1353184340482208,0.7470905945131318
81,0.38564730701209116,0.0566210409435492,0.5577316520443596
82,0.9999992972586957,8.482254092699285e-09,6.94259050091022e-07
83,0.06516182255523467,0.3890836882228377,0.5457544892219277
84,0.10981282919234685,0.28065526688310094,0.6095319039245523
85,0.14295823184267153,0.4310763329003912,0.42596543525693736
86,0.999999726668107,6.737968648647807e-08,2.059522065776701e-07
87,0.39203214907204803,0.2246661591063367,0.3833016918216153
88,0.4284384845238879,0.09765319776936646,0.4739083177067455
89,0.3482367773466855,0.3482981862604562,0.3034650363928582
90,0.20031694226362431,0.20920696316301993,0.5904760945733557
91,0.2991418982242916,0.0760891504248665,0.6247689513508419
92,0.1645775073341316,0.3900120823397762,0.4454104103260922
93,0.13219135079569835,0.0580209699517357,0.809787679252566
94,0.16437806282293596,0.22552040555616462,0.6101015316208994
95,0.29565504828760325,0.15364321448596274,0.550701737226434
96,0.5862481802653966,0.08893994124256503,0.3248118784920383
97,0.24950863663563058,0.2949204561781266,0.45557090718624277
98,0.23894905734216837,0.1790947052818709,0.5819562373759607
99,0.2640644016661474,0.14297104569703797,0.5929645526368146
100,0.07232919687745742,0.23234572665617614,0.6953250764663664
101,0.0672863508580916,0.2421654755153044,0.690548173626604
102,0.41570972412297996,0.07994758992663133,0.5043426859503888
103,0.05745665002124697,0.23921895173539928,0.7033243982433538
104,0.09389172243404653,0.1819447356715003,0.7241635418944532
105,0.0499802290473142,0.33472691816934275,0.6152928527833431
106,0.24931027210508486,0.340452555187291,0.4102371727076242
107,0.08353379508401926,0.30803963958005676,0.608426565335924
108,0.25357712387080056,0.20380171975828873,0.5426211563709107
109,0.029194705751556676,0.08991035750263542,0.8808949367458079
110,0.20452859518751557,0.26757611100199735,0.527895293810487
111,0.4446487797295727,0.1080700133924106,0.4472812068780168
112,0.04932137327662369,0.18995671023576932,0.7607219164876069
113,0.035257929374691806,0.11701286496359233,0.847729205661716
114,0.3248255097778587,0.1601190961762573,0.5150553940458841
115,0.09520567851643921,0.155898230273213,0.7488960912103477
116,0.09277223898945124,0.3878197659549155,0.5194079950556333
117,0.13073739147782987,0.1319692916025128,0.7372933169196574
118,0.1568200011914435,0.07767557266986679,0.7655044261386896
119,0.02050034878449905,0.3961439475170361,0.5833557036984648
120,0.06370425590025598,0.15978449235189382,0.7765112517478502
121,0.01132285644794203,0.2766196097101695,0.7120575338418885
122,0.08547267996814703,0.14558132605489083,0.7689459939769622
123,0.14423918650936943,0.3761209679886697,0.479639845501961
124,0.03205181802533606,0.16924498279972802,0.7987031991749359
125,0.10099262922710855,0.09096318307184308,0.8080441877010484
126,0.08573260872119633,0.21826892484842636,0.6959984664303772
127,0.18969921466335488,0.0718077357362445,0.7384930496004006
128,0.3512287403791299,0.40339541249245303,0.24537584712841717
129,0.1474723096305395,0.2687024710583408,0.5838252193111197
130,0.41680261711887145,0.2468262704734335,0.33637111240769507
131,0.3449196518883958,0.2350831793810943,0.4199971687305099
132,0.2179542856317728,0.11049560920729205,0.671550105160935
133,0.9988869938650647,0.0006599652944436071,0.000453040840491588
134,0.26811391497991616,0.040078519775650204,0.6918075652444337
135,0.28081266157345847,0.20984929496892615,0.5093380434576154
136,0.11436735537331084,0.3163800679410967,0.5692525766855925
137,0.516457075306888,0.051746982510626004,0.431795942182486
138,0.13704068596735508,0.10336761619477758,0.7595916978378674
139,0.23537219074792062,0.3082476853322005,0.4563801239198788
140,0.12417962994352147,0.08064239153567868,0.7951779785207999
141,0.41238198245548463,0.2903579978030848,0.29726001974143057
142,0.19478221093057677,0.450959413926384,0.3542583751430393
143,0.2442320068223177,0.1918647426751716,0.5639032505025107
144,0.28052432582246556,0.18107867434251068,0.5383969998350238
145,0.028558870348229504,0.1931038444838959,0.7783372851678746
146,0.06976784458049048,0.11608081406721704,0.8141513413522924
147,0.14551625497342152,0.085630813936825,0.7688529310897535
148,0.5196750913864423,0.1681187820677987,0.312206126545759
149,0.19541639609295217,0.16997104875471314,0.6346125551523346
150,0.05250533018167565,0.4081369211712606,0.5393577486470638
151,0.08102908628166351,0.08947039652088006,0.8295005171974564
152,0.501452398842244,0.30711782687158834,0.19142977428616764
153,0.425887244923693,0.10307076983747517,0.4710419852388319
154,0.04848457889410244,0.41179373566429817,0.5397216854415994
155,0.13647165890408489,0.13902632454201178,0.7245020165539033
156,0.1806266934614317,0.42647299778897785,0.3929003087495905
157,0.45456381279956537,0.1516095353262707,0.393826651874164
158,0.0062523608060423876,0.2971243804126342,0.6966232587813234
159,0.05737165544758288,0.32935816961450737,0.6132701749379097
160,0.2478069588693764,0.17915291734666583,0.5730401237839577
161,0.1603167240004989,0.19188367353056698,0.6477996024689341
162,0.041491354093073814,0.31562779060663326,0.642880855300293
163,0.26365310617977206,0.3404018109280426,0.3959450828921853
164,0.3324472733031316,0.17179677554695058,0.4957559511499177
165,0.12481064206769958,0.11964244259991771,0.7555469153323826
166,0.14493803739463587,0.1918100577912694,0.6632519048140948
167,0.1973782408734295,0.2314487213457833,0.5711730377807872
168,0.11580041336578367,0.47492001804876055,0.4092795685854557
169,0.11491325941117692,0.25143364475390984,0.6336530958349132
170,0.10957596847246433,0.04729889386314233,0.8431251376643935
171,0.11330217733839815,0.22057995929416926,0.6661178633674326
172,0.07323954433876664,0.09680985756206145,0.8299505980991719
173,0.0507412006960969,0.15387712106602786,0.7953816782378752
174,0.03153669444766948,0.17004536981691076,0.7984179357354199
175,0.1604500112683056,0.2721520258973028,0.5673979628343916
176,0.43821604401000347,0.31074195814402766,0.25104199784596887
177,0.41174567915280835,0.06317100067626828,0.5250833201709234
178,0.3760049399088586,0.07825470530757352,0.5457403547835681
179,0.1153637199000451,0.08760430941026269,0.7970319706896922
180,0.08388615636976435,0.10508156474037589,0.8110322788898596
181,0.05718016780367086,0.2138349030556869,0.7289849291406423
182,0.058104493122707476,0.16464100933162346,0.7772544975456691
183,0.18010740616850227,0.44092233409752685,0.37897025973397086
184,0.4045005175576376,0.07701932239595644,0.518480160046406
185,0.1789460258856269,0.013733533400330164,0.807320440714043
186,0.38414082653312137,0.2095982056113716,0.406260967855507
187,0.39988870668211257,0.07679749258964971,0.5233138007282377
188,0.3710594317714297,0.07849954183494226,0.5504410263936281
189,0.09230476832643582,0.06768580511995166,0.8400094265536125
190,0.0790667472738379,0.16393687978414706,0.756996372942015
191,0.06584160919428553,0.11182119998200367,0.8223371908237108
192,0.18862586588449867,0.17639228223236808,0.6349818518831333
193,0.1533243382349865,0.2888468236813169,0.5578288380836965
194,0.07939497322399552,0.40721103780094625,0.5133939889750583
195,0.1659334516621109,0.24265589042518157,0.5914106579127075
196,0.5354874732150398,0.02741237670833424,0.437100150076626
197,0.1649726359707832,0.40645959231316015,0.4285677717160567
198,0.36692146516344154,0.12806013805511168,0.5050183967814469
199,0.007277933034093398,0.2974964042180573,0.6952256627478494
200,0.06882579913280339,0.26285963239276233,0.6683145684744343
201,0.3848227393460415,0.050808093852502546,0.564369166801456
202,0.04485964428743893,0.3321823591849767,0.6229579965275844
203,0.6637034587848134,0.0897145930706842,0.24658194814450232
204,0.20870647759313177,0.40795985548101743,0.3833336669258507
205,0.10695518663465631,0.22018007205344134,0.6728647413119023
206,0.48032201198844476,0.20827484975723637,0.3114031382543189
207,0.2689929775584248,0.2756359972008189,0.45537102524075634
208,0.1251333917692747,0.34771456737729733,0.5271520408534279
209,0.9993388334360513,5.065961672038357e-08,0.0006611159043319523
210,0.02411994327438546,0.19508711128396225,0.7807929454416523
211,0.22301724709966098,0.2395531674835689,0.5374295854167701
212,0.2658635435726104,0.37146078171755015,0.36267567470983936
213,0.7357283127966051,0.12266422290180153,0.1416074643015934
214,0.1758048844498339,0.2899563619455469,0.5342387536046191
215,0.25770919692621835,0.2524044764280913,0.48988632664569043
216,0.4310459171383266,0.22878045449215476,0.3401736283695187
217,0.19591344009407993,0.2609262916913524,0.5431602682145676
218,0.05809832657769683,0.25108830905786506,0.6908133643644381
219,0.17339576740694584,0.15560795631467175,0.6709962762783824
220,0.04768902726011893,0.4031984164788634,0.5491125562610176
221,0.14359528936828703,0.4178658789111484,0.4385388317205646
222,0.7769157838954139,0.028245488511039862,0.19483872759354615
223,0.3293976347661164,0.20338785384483654,0.46721451138904707
224,0.2915711015334764,0.252296275041361,0.4561326234251627
225,0.18040998827454874,0.15304956112088575,0.6665404506045655
226,0.16234477519919263,0.3458601080104198,0.49179511679038757
227,0.047073313872657334,0.2297259104163292,0.7232007757110135
228,0.2298388046189523,0.17232147055500582,0.5978397248260419
229,0.06156679171140113,0.30777457455379353,0.6306586337348054
230,0.7860177595351879,0.006238223059783306,0.2077440174050287
231,0.08359967982387316,0.23179738835417876,0.6846029318219482
232,0.07201773367350735,0.14306358616699053,0.7849186801595021
233,0.08012028512428522,0.29400570248994906,0.6258740123857657
234,0.6500546029724494,0.1643171100428512,0.1856282869846995
235,0.011860743832567812,0.34365429917815365,0.6444849569892784
236,0.18954150709044768,0.42024944176285045,0.3902090511467019
237,0.3781095904022269,0.07009322714684009,0.551797182450933
238,0.05470573431300259,0.27222598126241915,0.6730682844245782
239,0.09119690736752963,0.2226262146484563,0.686176877984014
240,0.47102786169467636,0.2643710142360382,0.26460112406928554
241,0.07304035162879657,0.21301157412820115,0.7139480742430022
242,0.5369737383787032,0.21057603019418128,0.2524502314271156
243,0.16834606820526635,0.13913619954367615,0.6925177322510575
244,0.14093018436009577,0.26567760068715013,0.5933922149527541
245,0.06365642870398715,0.2085424107689386,0.7278011605270742
246,0.359622071105639,0.22389126914986207,0.416486659744499
247,0.382961159573154,0.27345185620971907,0.34358698421712686
248,0.1719952712237561,0.2102083537904259,0.617796374985818
249,0.2711084405920498,0.18757104763116303,0.5413205117767872
250,0.5212332329566606,0.17916784263126764,0.2995989244120717
251,0.0961332743831226,0.3744513843623768,0.5294153412545006
252,0.4470966085579475,0.19807383721124575,0.35482955423080675
253,0.2862806997351554,0.39109587144844477,0.32262342881639977
254,0.2925434558292064,0.23912128511320752,0.46833525905758616
255,0.2829750747007635,0.3291231127927325,0.38790181250650396
256,0.20593251843735366,0.12284305206649188,0.6712244294961545
257,0.10991052985074116,0.3110150307008254,0.5790744394484334
258,0.29467525990514953,0.1640007859237429,0.5413239541711077
259,0.1637913468510129,0.2754047668876674,0.5608038862613197
260,0.15176140216021142,0.05309338959539248,0.7951452082443962
261,0.4043394260072107,0.08301573627020248,0.5126448377225868
262,0.056885295321593525,0.17724271414434054,0.765871990534066
263,0.1776574074887299,0.20503899690526023,0.6173035956060099
264,0.17524848663325296,0.21993830605380932,0.6048132073129378
265,0.259643940267816,0.20699513153295737,0.5333609281992266
266,0.3894063912820302,0.26020769739996985,0.35038591131800007
267,0.5592711605036002,0.13782032373353034,0.3029085157628695
268,0.07463105329910127,0.16362557672491,0.7617433699759888
269,0.18135965461348807,0.16912202001194285,0.6495183253745691
270,0.2852428109080087,0.14584186735947638,0.568915321732515
271,0.013952515046742213,0.33775585608871317,0.6482916288645446
272,0.34203711584650487,0.25996520872014645,0.3979976754333487
273,0.062073799435800055,0.22118232912362118,0.7167438714405788
274,0.041613738745216546,0.33377600321982154,0.624610258034962
275,0.08250888516757976,0.15412489017652625,0.763366224655894
276,0.5919795794864761,0.19879278399411227,0.2092276365194117
277,0.09869367299173737,0.36715969415972827,0.5341466328485344
278,0.17534309793061034,0.25979153766602764,0.564865364403362
279,0.999999325414268,7.728348774469262e-09,6.668573832496164e-07
280,0.47706654942577875,0.19321321503564506,0.3297202355385763
281,0.7296119766025794,0.1205606612404389,0.14982736215698186
282,0.08591611282233204,0.34559721535983295,0.5684866718178351
283,0.23442979600703864,0.18261491774181596,0.5829552862511455
284,0.1443803683595423,0.17921042247946728,0.6764092091609903
285,0.3366378740848864,0.08403590771580755,0.579326218199306
286,0.1244083723475597,0.23585342690861705,0.6397382007438233
287,0.3328947255142583,0.22746454810259087,0.4396407263831509
288,0.3264121108625637,0.16721884121372024,0.5063690479237161
289,0.05264652793437246,0.27578728259035223,0.6715661894752754
290,0.30797346444515405,0.06079437128062932,0.6312321642742167
291,0.1671954310384473,0.050321680312606414,0.7824828886489462
292,0.020083120218371293,0.28883985807986057,0.6910770217017681
293,0.01976426744369136,0.06797314899382705,0.9122625835624816
294,0.06805417828961936,0.0993720371777471,0.8325737845326335
295,0.1526190580309136,0.47678650794926053,0.37059443401982584
296,0.17272986587834138,0.4407120458167134,0.3865580883049452
297,0.11114328356592701,0.4254266937999886,0.46343002263408445
298,0.0697094708174122,0.14901199259223452,0.7812785365903532
299,0.04313179464938807,0.2961790397932043,0.6606891655574078
300,0.35436911672969,0.167547331932941,0.478083551337369
301,0.08131402523060122,0.1743516271382689,0.7443343476311298
302,0.11304216017890228,0.42705979358863805,0.45989804623245967
303,0.17365564506490086,0.06987391669666494,0.7564704382384342
304,0.3459692520261304,0.18507850611024673,0.46895224186362294
305,0.03815966777660491,0.18295696198524447,0.7788833702381506
306,0.11698985505328582,0.1402785762724183,0.7427315686742959
307,0.2690320608901939,0.04125146491535063,0.6897164741944555
308,0.023623079694457923,0.33698641875182184,0.6393905015537202
309,0.13714232329923642,0.3427005527071608,0.5201571239936028
310,0.35444640278360035,0.03373044176004693,0.6118231554563528
311,0.11127026231673394,0.217879033450434,0.6708507042328321
312,0.6692147221760925,0.15024143888869101,0.1805438389352164
313,0.08969664092425267,0.10371612813365998,0.8065872309420874
314,0.1783305437176527,0.34505949986278456,0.47660995641956283
315,0.05579052418699477,0.07111979138142063,0.8730896844315845
316,0.0700968466767591,0.25655494319067423,0.6733482101325665
317,0.08379536277519278,0.2380418815249193,0.6781627556998879
318,0.05778482407854312,0.15225721576388168,0.7899579601575752
319,0.2811884421761657,0.06080885265653043,0.6580027051673039
320,0.029533093554235598,0.09058137070942696,0.8798855357363374
321,0.09186511183671335,0.29329680811779735,0.6148380800454892
322,0.06618096072651086,0.2164172530531049,0.7174017862203842
323,0.13758040486072526,0.3615379128803721,0.5008816822589027
324,0.08266394785705466,0.3807978525912354,0.5365381995517099
325,0.42315801177609996,0.07672673673189978,0.5001152514920003
326,0.2621963917505959,0.31550998475404557,0.4222936234953586
327,0.19984623391862225,0.06995782207488138,0.7301959440064963
328,0.19667336279742917,0.2543764670917295,0.5489501701108414
329,0.30682472415225565,0.0624444259548217,0.6307308498929227
330,0.249725882864946,0.28626677319673277,0.4640073439383212
331,0.057440539317503675,0.35664298153980367,0.5859164791426927
332,0.8976595819773882,0.008237438933109784,0.09410297908950208
333,0.8228284290976435,0.056633252151221176,0.12053831875113523
334,0.144435358363544,0.2971029389782306,0.5584617026582254
335,0.4733433610470067,0.32206479734200927,0.20459184161098387
336,0.17161826476574382,0.2978364913678773,0.5305452438663789
337,0.04744334713881097,0.13829832880614357,0.8142583240550454
338,0.16612151345948914,0.1557605843750478,0.6781179021654631
339,0.24339648317496146,0.36914153524996357,0.38746198157507494
340,0.11431163516859316,0.08248610158297486,0.8032022632484319
341,0.042861375074402006,0.1454221530892146,0.8117164718363833
342,0.2818258814623665,0.04385646909375971,0.6743176494438738
343,0.0854486180208455,0.15724388542376513,0.7573074965553893
344,0.18840470697671846,0.25755126996441513,0.5540440230588664
345,0.1590822152503155,0.2045589986340893,0.6363587861155952
346,0.1387323199422251,0.22617142300892493,0.63509625704885
347,0.48776169382226203,0.17838257254923573,0.33385573362850224
348,0.15007700646548625,0.1194081739465357,0.730514819587978
349,0.08004647677116565,0.20412589939283202,0.7158276238360024
350,0.06577362585993204,0.49131771657975226,0.4429086575603156
351,0.03946499080784341,0.15870922852270156,0.8018257806694551
352,0.37034180441259906,0.07052480518782331,0.5591333903995775
353,0.08157241068518693,0.17474819331965483,0.7436793959951583
354,0.2998468251319252,0.1467870980751486,0.5533660767929263
355,0.12201057918028978,0.3382534818697447,0.5397359389499656
356,0.07760203497486749,0.16802619174071223,0.7543717732844203
357,0.1415970812210403,0.09643128535718558,0.7619716334217741
358,0.015008580846675487,0.3691903043739808,0.6158011147793437
359,0.025004691093078478,0.4082648404003803,0.5667304685065412
360,0.2100942873319053,0.3998521043249188,0.39005360834317593
361,0.1960488321408978,0.2618195512743738,0.5421316165847284
362,0.06887294450180383,0.1860196502458611,0.7451074052523351
363,0.04856664382976922,0.3035009418370836,0.6479324143331471
364,0.2530161149797811,0.40053639929174456,0.3464474857284744
365,0.424647842704682,0.08785590067624331,0.4874962566190748
366,0.04554334622184844,0.08737591134227488,0.8670807424358766
367,0.032518966413322005,0.3350780785304849,0.6324029550561932
368,0.14912842326590403,0.16524760354721071,0.6856239731868852
369,0.4407546443743298,0.08524566248957548,0.4739996931360947
370,0.5976070629016499,0.02846818326695732,0.37392475383139273
371,0.2154480248067446,0.23843080661520544,0.54612116857805
372,0.2144574526547148,0.08367313073509486,0.7018694166101903
373,0.015305378625649324,0.21494646721834715,0.7697481541560036
374,0.20645826850226623,0.45066427999117453,0.34287745150655924
375,0.098663205653383,0.1090155714484791,0.7923212228981379
376,0.4574253047548014,0.10368253642743269,0.43889215881776594
377,0.12514955879935852,0.16711523789048216,0.7077352033101595
378,0.6133386352238538,0.16255869740986578,0.22410266736628037
379,0.4211316749643568,0.08336243467009369,0.4955058903655495
380,0.3012770260670712,0.17152679110505356,0.5271961828278752
381,0.0787259560244623,0.07806277176673583,0.8432112722088019
382,0.030424446996443713,0.16558588377695643,0.8039896692265999
383,0.17927000018286018,0.2831817888948497,0.5375482109222901
384,0.4985875528168363,0.18221183923092277,0.3192006079522408
385,0.28755778114548874,0.11364233354898212,0.5987998853055292
386,0.92538474447091,0.005170962494004283,0.06944429303508569
387,0.1308102481626208,0.28315505893942927,0.58603469289795
388,0.42978470713094064,0.053439534876145015,0.5167757579929144
389,0.024474856715795516,0.07812097977091624,0.8974041635132882
390,0.02742142271524814,0.2669153948129721,0.7056631824717797
391,0.5305473889494782,0.06625954562782956,0.40319306542269234
392,0.9999993963132202,1.6359636746792562e-08,5.873271431034872e-07
393,0.061431309282117576,0.2448650903741662,0.6937036003437161
394,0.34162947240005237,0.028649451331668564,0.629721076268279
395,0.12737316330386528,0.41891739338568607,0.4537094433104487
396,0.11295534841143295,0.34959109137070626,0.5374535602178608
397,0.14673612496456678,0.13406143882068086,0.7192024362147523
398,0.02895967838644708,0.30749324844976794,0.663547073163785
399,0.30360270001415046,0.32911355251766083,0.36728374746818854
400,0.15709294893769082,0.23943947737150637,0.6034675736908027
401,0.12673089562127252,0.04765617757651489,0.8256129268022125
402,0.11760915869839109,0.2794609141452391,0.6029299271563698
403,0.5421700233771218,0.30913159737708923,0.14869837924578888
404,0.22577838761374666,0.330182584251864,0.4440390281343894
405,0.47309378597516627,0.05372851537964276,0.473177698645191
406,0.06917504631377484,0.08460607421434127,0.8462188794718839
407,0.04026046230660784,0.20738273857231262,0.7523567991210794
408,0.2824015689426204,0.34298031201636336,0.37461811904101616
409,0.2927841215763992,0.12756804914272435,0.5796478292808763
410,0.22075964156822173,0.18097674800016278,0.5982636104316155
411,0.03990614869226701,0.18314474406173448,0.7769491072459985
412,0.7426108401852239,0.0138678521298032,0.2435213076849728
413,0.48818879287381517,0.08592663973049884,0.4258845673956861
414,0.30566023953457505,0.08124013424216077,0.6130996262232641
415,0.5340253121547587,0.14737455161743332,0.3186001362278079
416,0.1347041984024826,0.17147362116384737,0.69382218043367
417,0.20468060984338676,0.0904262571827992,0.704893132973814
418,0.33429461580248426,0.03322048465974733,0.6324848995377683
419,0.0036223251046737783,0.4558805760589765,0.5404970988363497
420,0.2857664990019273,0.1268213920897254,0.5874121089083473
421,0.5178322466649888,0.10663126486266994,0.3755364884723412
422,0.5920711149321559,0.08977003402306694,0.31815885104477715
423,0.4216617727178063,0.3526435046995804,0.2256947225826133
424,0.1396523579139607,0.453504431448695,0.4068432106373444
425,0.007143429947897164,0.12159083794169294,0.8712657321104098
426,0.1605432946831289,0.33617443197636865,0.5032822733405025
427,0.041326982578754674,0.1433424088774534,0.815330608543792
428,0.13334801723049805,0.48688322805100526,0.37976875471849664
429,0.06639036093256291,0.19400814700491587,0.7396014920625212
430,0.21949926523748775,0.10580844745968751,0.6746922873028247
431,0.5242865099494448,0.14776867877001096,0.32794481128054426
432,0.27520678690131994,0.18514230756147892,0.5396509055372011
433,0.09264441497419415,0.39412311672815864,0.5132324682976472
434,0.01498149980758702,0.23942650621494163,0.7455919939774712
435,0.20461609217303328,0.4552495700362012,0.3401343377907656
436,0.1914285896590567,0.1540653091358646,0.6545061012050787
437,0.4971063693707537,0.05077569220981162,0.4521179384194348
438,0.009432899414011955,0.08519601130731991,0.9053710892786682
439,0.19432488483193344,0.11304036924736202,0.6926347459207045
440,0.06666694492322295,0.2514391789894408,0.6818938760873362
441,0.02671857799942484,0.1893466579512507,0.7839347640493245
442,0.003765457463115987,0.2831793540829582,0.7130551884539258
443,0.14488891926706013,0.2571000060408859,0.5980110746920541
444,0.08925752468489913,0.2137560955751971,0.6969863797399038
445,0.06414972257502073,0.23269681826284275,0.7031534591621366
446,0.19347304622194827,0.30526020315032715,0.5012667506277244
447,0.458070772762323,0.22465479725278487,0.31727442998489214
448,0.34372455881999264,0.09117730243119854,0.5650981387488088
449,0.1994644431282435,0.09282249670373487,0.7077130601680216
450,0.3461997738461579,0.05812082423057592,0.5956794019232661
451,0.030660341309159688,0.3441969267932675,0.6251427318975727
452,0.00891808622752305,0.30718171023174506,0.6839002035407319
453,0.1940945058843113,0.282840226464634,0.5230652676510547
454,0.14579122971034378,0.31515484803927457,0.5390539222503816
455,0.4688888729225489,0.03078098889948014,0.500330138177971
456,0.09881709456116519,0.2595034200324457,0.6416794854063892
457,0.8494499065309556,0.05333644669556109,0.09721364677348318
458,0.0332789503387184,0.26035346886689353,0.706367580794388
459,0.4570726171373711,0.1430335643150454,0.39989381854758355
460,0.29718206761737576,0.18951099985114025,0.5133069325314841
461,0.03135469905369997,0.33919266535399595,0.6294526355923041
462,0.48554083712523666,0.04086579706750047,0.47359336580726286
463,0.09453169082739274,0.33311074839988325,0.572357560772724
464,0.14201594690370997,0.12928931886247938,0.7286947342338107
465,0.24195231053020913,0.12092449107371832,0.6371231983960725
466,0.013395216217681393,0.22872360690034563,0.757881176881973
467,0.43400390118283827,0.1035498744481485,0.46244622436901317
468,0.2131213956517541,0.2705348712058599,0.516343733142386
469,0.5042020558709194,0.21606935441343042,0.2797285897156501
470,0.9990645439411208,0.00035521729484221684,0.0005802387640369439
471,0.3416788171939052,0.33068538121286484,0.32763580159323
472,0.08175239175289176,0.134399304580245,0.7838483036668632
473,0.8878362318408946,0.004929129372506506,0.10723463878659885
474,0.4912747538395642,0.24118148278958867,0.2675437633708473
475,0.17264873464637173,0.27576838330736986,0.5515828820462585
476,0.6117598232018637,0.00920777361804188,0.3790324031800945
477,0.2883759489268454,0.15302896232071242,0.5585950887524421
478,0.16980446514465547,0.49585574474370253,0.3343397901116419
479,0.17175464255932793,0.2074822343254548,0.6207631231152172
480,0.1226115944067065,0.09821307625966672,0.7791753293336268
481,0.12092158923427444,0.302396503264336,0.5766819075013896
482,0.25636634697684263,0.3329299389833311,0.41070371403982625
483,0.2486079182252842,0.10957793713336993,0.6418141446413459
484,0.2952429614630931,0.2731886778376697,0.43156836069923715
485,0.42026339519961103,0.2647372868449652,0.31499931795542374
486,0.018857557177773425,0.2889323487946909,0.6922100940275357
487,0.030787074168602966,0.32185479862310956,0.6473581272082874
488,0.15476003091263832,0.4611256623258048,0.38411430676155695
489,0.31295319977121366,0.1743614222313157,0.5126853779974706
490,0.02186039140347372,0.29567343868162815,0.6824661699148981
491,0.07877287421925061,0.29505404989007766,0.6261730758906716
492,0.012647959065030231,0.2531395523399881,0.7342124885949816
493,0.03611077742062996,0.15504215456162887,0.8088470680177412
494,0.090125777374072,0.41743036503979386,0.4924438575861342
495,0.26816860460188874,0.3234480074099292,0.40838338798818213
496,0.10371766654966574,0.27992529488143897,0.6163570385688952
497,0.9993214607155686,7.495009728506261e-05,0.0006035891871463267
498,0.2702553833074509,0.14034338956518488,0.5894012271273642
499,0.15754256683611223,0.12164501986571481,0.720812413298173
500,0.06759321349936857,0.3255051701472174,0.6069016163534139
501,0.2374673517351744,0.10140731957079016,0.6611253286940354
502,0.5135559636774718,0.2792197055362341,0.20722433078629407
503,0.292567535250094,0.13282035566468448,0.5746121090852215
504,0.056193600643059366,0.1549641941820315,0.7888422051749091
505,0.9991246574651178,0.00025227837887066405,0.0006230641560114209
506,0.0352198813526859,0.16752985227288303,0.7972502663744311
507,0.21225688893508757,0.20800681379209898,0.5797362972728134
508,0.14836550297595893,0.06712906370975788,0.7845054333142832
509,0.9976774460095289,0.001686752111741233,0.0006358018787299784
510,0.10903341320844051,0.42596116880106105,0.46500541799049855
511,0.25986414852454903,0.34192922868652653,0.39820662278892444
512,0.059986168743412956,0.3805015736317256,0.5595122576248615
513,0.03508442204043335,0.12377201478865797,0.8411435631709087
514,0.3968568527179385,0.13509639526992928,0.4680467520121322
515,0.11324372372365814,0.45966423856224803,0.4270920377140938
516,0.5353989935868118,0.14688639736146142,0.3177146090517268
517,0.060023295546975476,0.3212443638650278,0.6187323405879968
518,0.21889847429027684,0.36409540834564236,0.4170061173640808
519,0.4857831769264188,0.13651851638662643,0.3776983066869547
520,0.3886418462439163,0.13578232524439524,0.47557582851168845
521,0.22426769191933846,0.34972574827245784,0.4260065598082037
522,0.3879001087692784,0.05706241195105307,0.5550374792796686
523,0.6461105597750828,0.006910794208027523,0.3469786460168896
524,0.2577391055481256,0.352627008506783,0.38963388594509146
525,0.06524170185696589,0.14234983817097627,0.7924084599720578
526,0.13745038015651553,0.10834315786222175,0.7542064619812627
527,0.06565284209212498,0.10623154617856075,0.8281156117293144
528,0.13829031058228908,0.12566323750770209,0.7360464519100088
529,0.1330890709195715,0.21790216255288727,0.6490087665275412
530,0.15156422595125407,0.284074573704481,0.564361200344265
531,0.07742967188539954,0.13659835302934614,0.7859719750852543
532,0.007990519142281586,0.35869771497813374,0.6333117658795847
533,0.2929519416119319,0.30143329859131457,0.4056147597967535
534,0.29792671242412766,0.1138906281007558,0.5881826594751165
535,0.061906882903996485,0.0865947850463953,0.8514983320496082
536,0.14183509481328885,0.19155803518491638,0.666606870001795
537,0.00972553400161253,0.4089467005949447,0.5813277654034428
538,0.5984398255971775,0.09032525913824067,0.31123491526458186
539,0.26040497201910456,0.17691884866669805,0.5626761793141973
540,0.221136530146897,0.42538189137305704,0.3534815784800461
541,0.22132927416533812,0.20444083794772752,0.5742298878869344
542,0.45470853384128085,0.1518207238045003,0.3934707423542187
543,0.4908971050822172,0.05920833352010596,0.449894561397677
544,0.25787154337039336,0.09915312011547237,0.6429753365141343
545,0.5107206891041296,0.3058376622733327,0.18344164862253773
546,0.4453884711805691,0.15783400456905655,0.39677752425037427
547,0.27932311823973716,0.05919012572694577,0.6614867560333171
548,0.2485528693712355,0.332129918421973,0.41931721220679163
549,0.036491606335847526,0.07864976941685943,0.884858624247293
550,0.3552122179597152,0.056230206288405714,0.5885575757518791
551,0.08070009354860247,0.3548104125781523,0.5644894938732453
552,0.2752757543400143,0.3555013146365645,0.3692229310234212
553,0.3121984310674639,0.2735441850475195,0.41425738388501654
554,0.019818099837913244,0.3875360727451781,0.5926458274169087
555,0.0033443424227438843,0.2940605256976183,0.7025951318796378
556,0.41629964182256646,0.24046479958425857,0.343235558593175
557,0.7337203803225896,0.004764521048603531,0.2615150986288069
558,0.5631639649529271,0.15916476624613163,0.2776712688009413
559,0.01122637102741411,0.3049556674086587,0.683817961563927
560,0.39165487213124156,0.18828147732286385,0.42006365054589473
561,0.1313126712787318,0.13521389438401263,0.7334734343372556
562,0.4269880322361997,0.1331929333339628,0.43981903442983755
563,0.15601763887137202,0.3152349567579193,0.5287474043707087
564,0.40692639336662423,0.10026223969626477,0.49281136693711103
565,0.9992514245017553,5.728525322746256e-05,0.0006912902450172024
566,0.049325349211282156,0.22268588676491605,0.7279887640238019
567,0.3625830563853758,0.05991713334478506,0.5774998102698391
568,0.00932889412390725,0.3658739327013227,0.6247971731747701
569,0.0414125534968839,0.3396384919543465,0.6189489545487696
570,0.23978639818112074,0.10676923239125023,0.653444369427629
571,0.02103594824074679,0.3390369748440331,0.63992707691522
572,0.21991464139873873,0.26817274069926167,0.5119126179019996
573,0.06545186851494132,0.14587005856824267,0.788678072916816
574,0.16445608584383734,0.26280440345081374,0.572739510705349
575,0.035727854753359926,0.1953317493926373,0.7689403958540028
576,0.34914685968182146,0.08579930574642433,0.5650538345717542
577,0.5613819574796103,0.10453514303941924,0.3340828994809706
578,0.46968914561377045,0.17951364154285315,0.35079721284337645
579,0.10489226139763995,0.49228913286875114,0.40281860573360895
580,0.025432710463378173,0.06851102872655551,0.9060562608100663
581,0.16347025465356405,0.22386624363558236,0.6126635017108535
582,0.5264164008502855,0.24379914671926764,0.22978445243044682
583,0.5949481794672623,0.19622351665596377,0.20882830387677387
584,0.10008241423218393,0.12629112685284266,0.7736264589149735
585,0.05111984850590026,0.24813570950822833,0.7007444419858715
586,0.14965184773400417,0.4939796019942721,0.35636855027172376
587,0.2573044826618061,0.3327423047665878,0.40995321257160616
588,0.036222129597863514,0.3283549200975401,0.6354229503045964
589,0.4405402174418216,0.2544966021703059,0.30496318038787257
590,0.120074971798194,0.34665449721323094,0.5332705309885752
591,0.11827315574024459,0.23713552072054092,0.6445913235392144
592,0.1659962244559957,0.16340532772120353,0.6705984478228008
593,0.15420485898242128,0.06963906958014082,0.7761560714374379
594,0.1719701100363406,0.40955055887364883,0.4184793310900106
595,0.15659291325246444,0.13421715651445634,0.7091899302330792
596,0.38412986310512226,0.26085475885262416,0.35501537804225347
597,0.4650275865599947,0.18644321577409592,0.34852919766590934
598,0.10276178845801226,0.1999343740484347,0.6973038374935528
599,0.35541717059039357,0.09747462853981968,0.5471082008697867
600,0.21065004036266344,0.18300065970856674,0.6063492999287698
601,0.16213893277620484,0.33380556208109413,0.504055505142701
602,0.42198807114448444,0.12017802737449797,0.45783390148101755
603,0.02834572183544408,0.39326241013938357,0.5783918680251723
604,0.1896131806791055,0.21692960461249203,0.5934572147084024
605,0.3310988529127777,0.1903183543471231,0.47858279274009924
606,0.05334877584419794,0.07722561381970472,0.8694256103360972
607,0.30476270352088225,0.2002739987088979,0.4949632977702199
608,0.04551139392422018,0.3362101654197027,0.6182784406560771
609,0.16374255008151492,0.4399450928391924,0.3963123570792927
610,0.17443602884430615,0.1326863653362323,0.6928776058194616
611,0.279694699603051,0.3877566899979683,0.33254861039898076
612,0.012971566087304997,0.3795867969475987,0.6074416369650963
613,0.21855236019273525,0.3943385632305271,0.38710907657673777
614,0.20572923023366857,0.3732064220786291,0.42106434768770223
615,0.20446617818704801,0.10804030618680455,0.6874935156261474
616,0.2122853168868318,0.1339607772420201,0.6537539058711481
617,0.3013673227223779,0.2573179961549201,0.44131468112270195
618,0.05726660888650932,0.38708252918935115,0.5556508619241396
619,0.08031598789593196,0.3692283149895622,0.5504556971145058
620,0.18806297208988665,0.4487981695310858,0.3631388583790275
621,0.0631021960980646,0.27160408310481265,0.6652937207971227
622,0.332861417100864,0.18430063045158915,0.4828379524475469
623,0.6589165102432907,0.10289889098798576,0.23818459876872364
624,0.19154050387192817,0.20941529122086458,0.5990442049072072
625,0.18336385427896085,0.06784727394523596,0.7487888717758032
626,0.2705606471661227,0.11758769150348485,0.6118516613303925
627,0.11886326386564544,0.15437991641408352,0.726756819720271
628,0.035106032742244206,0.38329212108754324,0.5816018461702126
629,0.2591248651372979,0.25223729236254444,0.4886378425001577
630,0.4636101212301714,0.13747102790179347,0.39891885086803514
631,0.5069653207022895,0.22092945691683305,0.27210522238087753
632,0.2054139669367688,0.043563368584243284,0.7510226644789879
633,0.5256465795247182,0.036981386000895934,0.4373720344743859
634,0.1457561713094481,0.27953307832495944,0.5747107503655924
635,0.486312238642277,0.10814180844115844,0.4055459529165644
636,0.140039078702878,0.21734642500135484,0.6426144962957672
637,0.12316230267399103,0.06299925062231491,0.8138384467036941
638,0.18444700723811125,0.22822620966919255,0.5873267830926963
639,0.13673078008525633,0.2722684481524451,0.5910007717622985
