,proba_0,proba_1,proba_2
0,0.19134534219240895,0.2305476186990211,0.5781070391085698
1,0.20542889884968987,0.1502496706817732,0.6443214304685373
2,0.999999782167787,1.0790038495247473e-07,1.0993182804307543e-07
3,0.2406723006517936,0.21886251473053953,0.5404651846176671
4,0.23359475119769849,0.1743308910176115,0.5920743577846902
5,0.09530922862733958,0.24693744561628955,0.6577533257563708
6,0.05555371873597368,0.2431243621654341,0.7013219190985922
7,0.27565050077521636,0.20222893414639267,0.5221205650783907
8,0.27202364752872243,0.10309931887491074,0.6248770335963668
9,0.08664580520671224,0.22905413819414536,0.6843000565991425
10,0.18193636876068803,0.28062427844281207,0.5374393527965
11,0.5074783832228759,0.10832361148000015,0.38419800529712395
12,0.3649898920214478,0.18018643482560298,0.4548236731529496
13,0.20320914801943973,0.1955318454862662,0.6012590064942942
14,0.11921847377156945,0.20305258998394513,0.6777289362444853
15,0.15205653040655057,0.22620304069413216,0.6217404288993174
16,0.4757538548150141,0.18683203023507802,0.33741411494990803
17,0.30114357237867645,0.1937128642217262,0.5051435633995973
18,0.4437133216242845,0.2276964455517003,0.32859023282401495
19,0.2736393552877803,0.12022909217728121,0.6061315525349388
20,0.15792450893349697,0.27002749153273337,0.5720479995337696
21,0.09590277635658104,0.23928932974687525,0.6648078938965436
22,0.1859576443727654,0.20196323924693832,0.6120791163802962
23,0.21755506603994135,0.1723204685175828,0.6101244654424754
24,0.16030422544103184,0.20512744336598032,0.634568331192988
25,0.24063306691192596,0.2174673551455813,0.5418995779424925
26,0.0972084338470502,0.23063863280775254,0.6721529333451973
27,0.9999677361674328,3.9243465014816e-06,2.8339486065595523e-05
28,0.5500165692654492,0.2101449317031489,0.23983849903140195
29,0.9999998391761812,5.637081781298486e-08,1.0445300111721282e-07
30,0.24598807614504323,0.18695684759872444,0.5670550762562322
31,0.16842255667914646,0.2646168997835808,0.566960543537273
32,0.17823102797052454,0.16631947495888807,0.6554494970705873
33,0.3188825177963512,0.15007904610356063,0.5310384361000882
34,0.17587134566500065,0.17050753968617519,0.653621114648824
35,0.21542610934194023,0.1372751524717571,0.6472987381863027
36,0.586954156170167,0.1488217422178621,0.26422410161197063
37,0.812892989362747,0.10186562782809368,0.0852413828091594
38,0.22388566478019525,0.22233315461037945,0.553781180609425
39,0.039037669876590964,0.23964033476655708,0.7213219953568518
40,0.19130114965038572,0.20856567162943554,0.600133178720179
41,0.09986816683027948,0.2097445006635403,0.6903873325061802
42,0.1325064216914249,0.21783579541291545,0.6496577828956597
43,0.22302449695737644,0.19202135270535026,0.5849541503372733
44,0.16261698385217072,0.1941247101679604,0.6432583059798688
45,0.10714580809035916,0.2049236115092763,0.6879305804003645
46,0.08952883823789881,0.1766177934291659,0.7338533683329355
47,0.03818914588981342,0.2437014586637685,0.7181093954464182
48,0.07202991550627598,0.23452340250942255,0.6934466819843016
49,0.5439381654097023,0.12224202686425481,0.3338198077260429
50,0.1337203433923845,0.24097568191807855,0.6253039746895367
51,0.15864116899828337,0.22484475029742762,0.6165140807042891
52,0.42544953854231893,0.23768531891372466,0.3368651425439564
53,0.9999998391122068,5.6416049934197904e-08,1.0447174353335611e-07
54,0.1636734380350966,0.21955036876175912,0.6167761932031444
55,0.03731446487567916,0.23966514640366035,0.7230203887206607
56,0.4160228460423769,0.07797949903492853,0.5059976549226944
57,0.28404989799921665,0.12116347071831492,0.5947866312824686
58,0.2542440733942604,0.18866735411607208,0.5570885724896674
59,0.2707977686442537,0.1555140590224496,0.573688172333297
60,0.30980257510361003,0.1448747528727317,0.5453226720236584
61,0.31592629618370605,0.10515695960655239,0.5789167442097418
62,0.3388971452654743,0.2046595225071469,0.45644333222737876
63,0.1783612935879616,0.22101999351227353,0.6006187128997645
64,0.13482262572750123,0.23303406328996304,0.6321433109825358
65,0.10077324913000667,0.22999193433346218,0.6692348165365313
66,0.21478729609406466,0.19885001221667234,0.5863626916892628
67,0.16540086394496487,0.1576546516980544,0.6769444843569807
68,0.1259296890494064,0.2647677067761401,0.6093026041744536
69,0.271198039737974,0.1268556508647527,0.6019463093972732
70,0.7650118852723307,0.04161587529476064,0.19337223943290865
71,0.11308759125008686,0.2506284390579788,0.6362839696919346
72,0.18737255105620576,0.13973177286455793,0.6728956760792365
73,0.2998096410231665,0.2604281159939797,0.439762242982854
74,0.0793287746019972,0.27611574895251656,0.6445554764454858
75,0.9999998412444132,5.496886556899029e-08,1.037867212948849e-07
76,0.3699106396424638,0.0954883584130945,0.5346010019444416
77,0.1640637421891716,0.22173691180164748,0.6141993460091811
78,0.09895872970982784,0.2410654419350967,0.6599758283550752
79,0.9162789796916839,0.025457284720658026,0.05826373558765837
80,0.17855210258288437,0.2048809356242438,0.6165669617928717
81,0.28382682618529814,0.12403479340171619,0.5921383804129855
82,0.9999998390257953,5.647733665719631e-08,1.0449686820922731e-07
83,0.09335586552084912,0.24963385729610768,0.6570102771830432
84,0.12678755230962277,0.23107347054387833,0.642138977146499
85,0.14961141714732865,0.2662009215446884,0.5841876613079829
86,0.9999998414499824,5.483546324489394e-08,1.0371455417035213e-07
87,0.23224477624885165,0.20620250412823818,0.56155271962291
88,0.37902638893313406,0.12306309386952013,0.49791051719734575
89,0.3896480870371496,0.27452232881593913,0.335829584146911
90,0.1583532453828787,0.22002439302435886,0.6216223615927624
91,0.33526384629589007,0.1606812352042743,0.5040549184998356
92,0.1756612970615781,0.25034722821664174,0.5739914747217804
93,0.21228308199763551,0.1375064401190388,0.6502104778833256
94,0.18307698399763359,0.20264657010846293,0.6142764458939032
95,0.20716834868112283,0.18197269898577906,0.6108589523330981
96,0.46459648448979013,0.10943837008769951,0.4259651454225103
97,0.2386721127618531,0.18701812174079183,0.574309765497355
98,0.24983053167275499,0.16692001455710684,0.5832494537701378
99,0.27848876599970646,0.1476573442193786,0.5738538897809152
100,0.08510109193766364,0.2237676611063646,0.6911312469559718
101,0.10237842939877127,0.22375956721994508,0.6738620033812839
102,0.21867808620742146,0.13772165026170488,0.6436002635308734
103,0.10947103167013508,0.24254639769612932,0.6479825706337354
104,0.14021984705892274,0.2135819938309184,0.6461981591101587
105,0.09562106154877886,0.23583975128458,0.6685391871666413
106,0.21963092738028908,0.20920107187061548,0.5711680007490955
107,0.10209460753950848,0.24227118532026481,0.6556342071402267
108,0.2931902725885109,0.19967016032593468,0.5071395670855541
109,0.14447778903861386,0.17662455589765166,0.6788976550637343
110,0.2129117567823262,0.221151158976405,0.565937084241269
111,0.37020836656963796,0.1305352036045704,0.49925642982579166
112,0.08488238567982036,0.23416988991567805,0.6809477244045014
113,0.06309809037833508,0.23530073800458734,0.7016011716170772
114,0.2695838683289127,0.164448254624435,0.5659678770466524
115,0.2101222088495977,0.16333819699286584,0.6265395941575365
116,0.14538093193543108,0.26284559516911,0.5917734728954587
117,0.15675988883134562,0.16968458961958857,0.6735555215490662
118,0.1512983485108062,0.1888212184896286,0.6598804329995652
119,0.05836144597086373,0.28946384416332627,0.6521747098658102
120,0.18373973927127282,0.18759333133774306,0.6286669293909841
121,0.038657181652749194,0.2354559137364323,0.7258869046108185
122,0.1412931975247021,0.18803416372909976,0.6706726387461982
123,0.16981337773281224,0.2568338952646321,0.5733527270025558
124,0.18263216208196464,0.2041400449629751,0.61322779295506
125,0.19343297402107776,0.14415963025298276,0.6624073957259395
126,0.12071271935130223,0.21577523959454672,0.6635120410541511
127,0.2585470175101234,0.12793801129380958,0.6135149711960671
128,0.2775153493048155,0.2658795435589773,0.45660510713620683
129,0.20346353936824516,0.22172294509719484,0.5748135155345598
130,0.3263127746149754,0.20884376667252932,0.4648434587124955
131,0.2513785139016985,0.22419723321766605,0.5244242528806354
132,0.2493864768558525,0.14602477007203887,0.6045887530721088
133,0.9995344009961041,6.891477898634601e-05,0.0003966842249093866
134,0.25070539290512306,0.10802275925328733,0.6412718478415896
135,0.18306505423770975,0.260417216765397,0.5565177289968931
136,0.14065762346940575,0.23149734259972427,0.6278450339308701
137,0.35838141562801623,0.1033459630304682,0.5382726213415153
138,0.22059277102332128,0.15330099830256683,0.6261062306741118
139,0.20346237229543876,0.2326838805759827,0.5638537471285786
140,0.23088470564301888,0.1333566685134855,0.6357586258434954
141,0.38185809291832484,0.22284174361190603,0.39530016346976876
142,0.18523003352245782,0.2874753049254237,0.5272946615521185
143,0.21234870018452112,0.17698748738103115,0.6106638124344478
144,0.25176921261253704,0.1726782524579266,0.5755525349295364
145,0.12558244390579099,0.20270555648225744,0.6717119996119516
146,0.07083691022580238,0.20816000866974232,0.7210030811044553
147,0.22941931477949065,0.14209092837613,0.6284897568443792
148,0.33844827616719675,0.18311342672399578,0.4784382971088075
149,0.15375961663204651,0.18275639958661324,0.6634839837813404
150,0.1542496342858213,0.24983017771412996,0.5959201880000489
151,0.17561150828398836,0.1962911583398884,0.6280973333761235
152,0.3863969065246103,0.22850467944892505,0.38509841402646466
153,0.25824658552039254,0.14614361173940116,0.5956098027402064
154,0.12803837958053932,0.2514324079037778,0.6205292125156828
155,0.24304957982429912,0.1657610704296893,0.5911893497460114
156,0.18403501006846135,0.25729049299260526,0.5586744969389332
157,0.3125635283536202,0.14954100644063073,0.5378954652057492
158,0.0690137390940889,0.2411470804306825,0.6898391804752284
159,0.1223300102460338,0.24011805534332842,0.637551934410638
160,0.25009929946053205,0.16686399340260377,0.5830367071368643
161,0.20267934344439567,0.1907851001996089,0.6065355563559951
162,0.09595610780891849,0.24094327944751148,0.66310061274357
163,0.16214068850845192,0.23416261684647324,0.6036966946450746
164,0.2761265503401901,0.16493316699335156,0.5589402826664585
165,0.162245568242193,0.16377666607913383,0.6739777656786733
166,0.16984570523343603,0.20073055878199486,0.629423735984569
167,0.15370747620165734,0.23261917358543607,0.6136733502129064
168,0.13260519249933472,0.2866532521650897,0.5807415553355757
169,0.1288826230094539,0.22337597858063554,0.6477413984099106
170,0.20012828787170503,0.13458238217124432,0.6652893299570508
171,0.16054310394795043,0.2220670888916511,0.6173898071603983
172,0.13341650990007917,0.20486838591215595,0.6617151041877648
173,0.18569444731216525,0.18316809344714624,0.6311374592406881
174,0.11515833461211296,0.19132737068442052,0.6935142947034665
175,0.20517188015012175,0.1958488926496758,0.5989792272002027
176,0.23878776501989352,0.26892703778006927,0.4922851972000368
177,0.38475999518108445,0.1063999019077113,0.5088401029112042
178,0.437928525902796,0.10429433343623062,0.45777714066097336
179,0.23755752127409668,0.1237865378495326,0.6386559408763711
180,0.09847423766328002,0.23577497454467317,0.6657507877920468
181,0.08724961660541163,0.22581766108139273,0.6869327223131958
182,0.1273142933102378,0.20781421366152475,0.6648714930282374
183,0.1911335408085813,0.2764298102100261,0.5324366489813928
184,0.27803060136886903,0.1333528736293976,0.5886165250017333
185,0.3091104329140348,0.15135392627963629,0.5395356408063284
186,0.28840581691458933,0.18355360154186945,0.5280405815435409
187,0.2834414051716848,0.13017813485253166,0.5863804599757835
188,0.2786441762749205,0.13388416341619913,0.5874716603088805
189,0.1519190302793342,0.148614940756479,0.6994660289641869
190,0.18325972285695172,0.1930232289517469,0.6237170481913011
191,0.15707271771809173,0.16352456152753359,0.6794027207543746
192,0.17461214285612583,0.19309209544656827,0.6322957616973062
193,0.1883928723307355,0.1971165389494038,0.6144905887198604
194,0.1304788964228573,0.2811517507994877,0.5883693527776549
195,0.16119895902508635,0.21900485341581175,0.6197961875591018
196,0.5825499119795262,0.09068100846517217,0.32676907955530154
197,0.15222721683909038,0.27793442054326684,0.5698383626176429
198,0.37638302132747936,0.19092986232334122,0.4326871163491794
199,0.06063671276068023,0.24924631478053752,0.690116972458782
200,0.08610547348438816,0.23876256588409037,0.6751319606315217
201,0.42991345531925657,0.10085182289208454,0.46923472178865877
202,0.08189837467624399,0.2520064349613281,0.6660951903624276
203,0.7362353596310408,0.07269636517346656,0.19106827519549244
204,0.17836482881011564,0.280936575107192,0.5406985960826926
205,0.1495076533021936,0.2101914516441697,0.6403008950536366
206,0.2982525277401688,0.20201599111689403,0.49973148114293725
207,0.2162843359743053,0.189235289330535,0.5944803746951597
208,0.11713050641321353,0.23317447090356042,0.649695022683226
209,0.9999998407049725,5.5323799635228155e-08,1.0397122781968345e-07
210,0.12126654253585709,0.20847497381712754,0.6702584836470153
211,0.15460416548862307,0.23728788205787493,0.6081079524535018
212,0.20108038303055298,0.26156696406378194,0.537352652905665
213,0.8003802252492704,0.07579644923679242,0.12382332551393692
214,0.2072988189309774,0.22824723641108632,0.5644539446579362
215,0.2197800583909474,0.19561872797450794,0.5846012136345449
216,0.5029445095323469,0.18801429347549192,0.3090411969921611
217,0.1422665549167972,0.23428864041573633,0.6234448046674663
218,0.0681956608883266,0.2307977209169045,0.7010066181947686
219,0.2906058737883121,0.19347474610396978,0.5159193801077184
220,0.139670301036558,0.2501880693872205,0.6101416295762213
221,0.17847497040928634,0.2778044301774369,0.5437205994132768
222,0.7593184323391977,0.05777568591424146,0.18290588174656072
223,0.19362302255293318,0.19632143121443568,0.6100555462326311
224,0.22612539921322003,0.19556853179090425,0.5783060689958758
225,0.21146436810092106,0.17895767605936488,0.6095779558397142
226,0.18207336626773368,0.2539258752492286,0.5640007584830379
227,0.08875124038586471,0.25423944551190303,0.6570093141022324
228,0.22979482043776436,0.17408946667264322,0.5961157128895923
229,0.11888790834701353,0.22923026933808852,0.6518818223148979
230,0.8996985398274286,0.02159706592389285,0.07870439424867853
231,0.20424419578231598,0.19898278642065034,0.5967730177970336
232,0.1519399373648911,0.23317372927914948,0.6148863333559591
233,0.15819891178794568,0.22240618729960332,0.6193949009124511
234,0.5996195093475054,0.1806473187430787,0.21973317190941585
235,0.06965557507392242,0.2559685010699077,0.6743759238561696
236,0.18221327796541106,0.25665025901205696,0.5611364630225318
237,0.24429078744579424,0.12724804647398602,0.6284611660802196
238,0.1596698202181142,0.20630581713802454,0.6340243626438611
239,0.12528482705203495,0.21427145856046997,0.660443714387495
240,0.5398674572119737,0.16844889784308986,0.29168364494493654
241,0.14980947731814026,0.18803212706591757,0.6621583956159418
242,0.30443733159330394,0.20104845155860998,0.49451421684808633
243,0.23326938558874274,0.18405799855440552,0.5826726158568517
244,0.15249655917472996,0.219326908334669,0.6281765324906009
245,0.07302935679090819,0.24265456675452848,0.6843160764545633
246,0.2484444093618506,0.2130345871804487,0.5385210034577008
247,0.22629738921221104,0.21970175708549353,0.5540008537022952
248,0.187002426080323,0.18222305077183218,0.6307745231478445
249,0.32424989004868654,0.1542142431867446,0.5215358667645686
250,0.33058840245593607,0.2162633495192293,0.4531482480248344
251,0.1020063544302234,0.25657129755171004,0.6414223480180665
252,0.2988404758354076,0.180920699359842,0.52023882480475
253,0.1847108951740478,0.2528588856214628,0.5624302192044892
254,0.31312242967381876,0.15705701975251735,0.5298205505736637
255,0.20282282674135624,0.23384274845527145,0.5633344248033721
256,0.1576991784652354,0.1577077685302819,0.6845930530044825
257,0.12498339357987158,0.25322290402472963,0.6217937023953987
258,0.18132892304575846,0.19943821910921197,0.6192328578450297
259,0.17543852579548197,0.23618754583285817,0.5883739283716596
260,0.2488729722207526,0.11149092014457741,0.6396361076346699
261,0.2764545447787266,0.13287192966990932,0.5906735255513642
262,0.05573184302407002,0.2567786039994756,0.6874895529764541
263,0.187814976657728,0.18210105219642922,0.6300839711458429
264,0.1779308446279957,0.2009598697452231,0.6211092856267814
265,0.13127975802883382,0.21907773932032215,0.6496425026508439
266,0.22381858834775895,0.23693957816731204,0.5392418334849292
267,0.37483230065543993,0.14070562082720486,0.4844620785173552
268,0.18547293211597107,0.16931431481582665,0.6452127530682021
269,0.2575442140289489,0.19516006386261506,0.5472957221084361
270,0.2679663806689543,0.1477097100933801,0.5843239092376654
271,0.06923254872674615,0.25922778634378346,0.6715396649294705
272,0.253744300907803,0.17812003291035094,0.5681356661818462
273,0.1159017223745912,0.26557425522411415,0.6185240224012947
274,0.0604434938578575,0.26931030871932454,0.6702461974228181
275,0.17502168280464375,0.20020136595609905,0.624776951239257
276,0.4988095857852043,0.2277736262462253,0.2734167879685705
277,0.15977986004326478,0.23151960738594574,0.6087005325707895
278,0.17907220211699645,0.228805945182966,0.5921218527000375
279,0.9999998397600995,5.596339466382634e-08,1.0427650595604764e-07
280,0.319044384583254,0.16589211635220008,0.5150634990645461
281,0.7806976999720023,0.07708198183675276,0.14222031819124506
282,0.09070676932155104,0.24215826842752622,0.6671349622509225
283,0.20048277237100287,0.23216524468665417,0.5673519829423426
284,0.1787178363604559,0.22623805058491656,0.5950441130546275
285,0.22904860831181742,0.14454735506634991,0.6264040366218324
286,0.1862790263494802,0.21411474879302672,0.5996062248574929
287,0.22108002502699653,0.21792237474660717,0.5609976002263962
288,0.27140464619832877,0.16563782029198804,0.5629575335096831
289,0.06887245806640356,0.2343005269391872,0.6968270149944091
290,0.298371668262443,0.1179557364799842,0.5836725952575726
291,0.2302672640032845,0.11790830213498918,0.6518244338617264
292,0.08334232825075256,0.23949228732962166,0.6771653844196255
293,0.059356150364768344,0.20197665015576538,0.7386671994794661
294,0.1841316792576165,0.19543789152835067,0.6204304292140325
295,0.1351484821102966,0.27477590645075345,0.5900756114389498
296,0.18657367733419083,0.2858034488510597,0.5276228738147494
297,0.17109730710158869,0.27953906541634616,0.549363627482065
298,0.18298779858151426,0.1737335839305246,0.6432786174879611
299,0.08414509612816137,0.23838653436974633,0.6774683695020923
300,0.21589421482385718,0.1806945927361464,0.6034111924399965
301,0.15832279338088695,0.1759557130521112,0.6657214935670017
302,0.2516341754727278,0.26756784431966374,0.48079798020760856
303,0.24982217753897493,0.13207610181568377,0.6181017206453413
304,0.28911108196286145,0.16977854735484188,0.5411103706822964
305,0.11963275944078378,0.22045936263124255,0.6599078779279735
306,0.2368155079007082,0.15653162274159452,0.6066528693576971
307,0.3411017802936256,0.10779084761260557,0.5511073720937688
308,0.08232406333838421,0.23607048118367308,0.6816054554779429
309,0.15620041815069155,0.22955346680709107,0.6142461150422174
310,0.2928541732980629,0.16899150751135167,0.5381543191905853
311,0.20033748739143312,0.18890531676344727,0.6107571958451197
312,0.648753175196056,0.1629628753089788,0.1882839494949651
313,0.18148270195306337,0.2046203257261567,0.6138969723207794
314,0.14302819621965027,0.2407383232681407,0.6162334805122086
315,0.08182315990888268,0.18844156192915887,0.7297352781619585
316,0.12788604445935306,0.22312682644703452,0.6489871290936124
317,0.1114794765612246,0.22888622030319866,0.6596343031355767
318,0.12685128133950724,0.1930288099726103,0.6801199086878824
319,0.3002862524705163,0.11339727843948054,0.5863164690900032
320,0.06845891573258933,0.2027862196295744,0.7287548646378365
321,0.12373412828581436,0.24888980628566335,0.6273760654285223
322,0.09827441157902224,0.22479180625978432,0.6769337821611935
323,0.16842425467685618,0.2330496270330623,0.5985261182900816
324,0.13021334972074866,0.2571592890501418,0.6126273612291097
325,0.2395568644197816,0.1425102855736009,0.617932850006617
326,0.16685926748429766,0.19924670992036117,0.6338940225953412
327,0.2586443020762411,0.12935287854333627,0.6120028193804224
328,0.13424676330326524,0.20726585653019727,0.6584873801665375
329,0.36235415796359194,0.11989782106917571,0.5177480209672323
330,0.14176317492304483,0.24957553028772156,0.6086612947892336
331,0.13261298916272107,0.27240622464236663,0.5949807861949121
332,0.8306972344949716,0.09407789404017511,0.07522487146485358
333,0.6753195900583884,0.07559669100229788,0.24908371893931364
334,0.1117237257979816,0.22024019945820042,0.6680360747438177
335,0.3719807766553613,0.23572042088897213,0.3922988024556665
336,0.18350026675786843,0.2590442174930296,0.5574555157491019
337,0.04933345906985199,0.24858331495056118,0.7020832259795872
338,0.15084250833155377,0.16438515529808329,0.6847723363703629
339,0.23241298953396644,0.27712479710509796,0.49046221336093554
340,0.24227635368394304,0.19790596775778166,0.5598176785582751
341,0.15055431809431527,0.1842424080698388,0.6652032738358458
342,0.35544811962791145,0.14892628366870822,0.49562559670338047
343,0.15823861222238014,0.20480466491397128,0.6369567228636484
344,0.1835031437371161,0.22939505609666186,0.5871018001662222
345,0.18367874694586214,0.1795954900860138,0.6367257629681242
346,0.1399817026638985,0.2266141902112276,0.6334041071248743
347,0.39972185517853703,0.17380474518965475,0.42647339963180797
348,0.22576036472909716,0.15485716394922308,0.6193824713216799
349,0.17980806007589387,0.18978302230810748,0.6304089176159987
350,0.09981572247414414,0.2736539912339723,0.6265302862918835
351,0.16048508539652517,0.20770190474215774,0.6318130098613169
352,0.31093031028654977,0.1171021195167372,0.5719675701967128
353,0.083077630541817,0.21498829706172376,0.7019340723964592
354,0.22505892273651942,0.19989847168516756,0.5750426055783128
355,0.11926068516184218,0.2402260970937577,0.6405132177444002
356,0.11389754510198943,0.22219560522607842,0.6639068496719321
357,0.24718842913169403,0.13592876238134385,0.6168828084869619
358,0.06427745512612955,0.260844976564535,0.6748775683093353
359,0.07712210100308815,0.2681496580616434,0.6547282409352683
360,0.18781648738277498,0.24910948481385028,0.5630740278033748
361,0.21409713571919262,0.2300736075872358,0.5558292566935716
362,0.1481405397301318,0.18816363694172847,0.6636958233281398
363,0.06693772661098663,0.23870041768905653,0.6943618556999569
364,0.18582820146000928,0.2782248484023169,0.5359469501376739
365,0.3344777870780217,0.11478030824194072,0.5507419046800373
366,0.08116796132590516,0.19293926404732625,0.7258927746267684
367,0.06200416998593752,0.2424223124908501,0.6955735175232122
368,0.17478230226699537,0.18676792815340823,0.6384497695795962
369,0.25676502563643766,0.1413745412966183,0.6018604330669441
370,0.685510528016823,0.08162755772086727,0.2328619142623099
371,0.20160282713345384,0.18797412029792673,0.6104230525686195
372,0.26491775165610876,0.17476017473011818,0.560322073613773
373,0.07999569548799854,0.21863625625064698,0.7013680482613546
374,0.18060292899500363,0.28742852258689106,0.5319685484181055
375,0.13690460345923455,0.18536130315431165,0.677734093386454
376,0.3778413431029096,0.12615733722936542,0.49600131966772515
377,0.2023215761035656,0.1995800219202007,0.5980984019762338
378,0.6042799335911839,0.15190712727616262,0.24381293913265364
379,0.274775803886496,0.13510121455174587,0.5901229815617582
380,0.20922970969232493,0.1939923049901851,0.59677798531749
381,0.08529936206543273,0.20210281577918507,0.7125978221553818
382,0.06139160563103281,0.25411091419820847,0.684497480170759
383,0.20004784741618745,0.2322361160131691,0.5677160365706433
384,0.2727176174834438,0.17909740910428285,0.5481849734122733
385,0.17745604855712074,0.1535457838348174,0.6689981676080619
386,0.9288147027282728,0.031331771301328325,0.039853525970399
387,0.16756889566875488,0.22937652013681445,0.6030545841944305
388,0.24160007498052105,0.12425061102537109,0.6341493139941076
389,0.08192298927499458,0.20431083946581893,0.7137661712591863
390,0.12517564329421602,0.22382277750246818,0.6510015792033159
391,0.35291021815846724,0.11691473819351285,0.5301750436480198
392,0.9999998393157556,5.6272547495789806e-08,1.0441169688345816e-07
393,0.06751389145950337,0.23006670685311859,0.702419401687378
394,0.259614910221521,0.11791577221310363,0.6224693175653756
395,0.12186743288350718,0.2861267146907901,0.5920058524257026
396,0.12211798572477386,0.2691458141997492,0.608736200075477
397,0.3355278748478498,0.16670469934200868,0.49776742581014183
398,0.10861475078675054,0.24809597313212997,0.6432892760811193
399,0.27451593850580613,0.22781375883916422,0.49767030265502965
400,0.19060095100985683,0.21936739618355305,0.5900316528065901
401,0.24318758379681987,0.10809550065146774,0.6487169155517123
402,0.1819525817351371,0.22348816625770215,0.5945592520071608
403,0.5220386385901491,0.1533328803760957,0.3246284810337554
404,0.15264733570908956,0.22347230439771618,0.6238803598931946
405,0.3501575890180933,0.10672736727523381,0.5431150437066729
406,0.17147843007344468,0.15360909319815969,0.6749124767283956
407,0.11724822686813298,0.20514665411382538,0.6776051190180414
408,0.28985083684548885,0.188521432799371,0.5216277303551402
409,0.26409178406093264,0.15618276870567216,0.5797254472333953
410,0.19077448330498903,0.1880415142220433,0.621184002472968
411,0.07729851231425305,0.23394350790396073,0.6887579797817861
412,0.8153331325195972,0.0546366247009066,0.13003024277949649
413,0.39539592532710116,0.12088894965013276,0.4837151250227659
414,0.4024685312787344,0.1083893697992941,0.4891420989219716
415,0.3236406047504739,0.1605715674166553,0.5157878278328707
416,0.2138078628920063,0.20158246014146938,0.5846096769665241
417,0.180952668600507,0.19447154088397886,0.624575790515514
418,0.22945581257539138,0.14021178559490055,0.6303324018297083
419,0.036377072962209954,0.2604667204859254,0.7031562065518647
420,0.2934941031793841,0.14207509230175955,0.5644308045188565
421,0.3518584164193051,0.15036833732911398,0.4977732462515812
422,0.42758453463924345,0.11748394022706948,0.45493152513368706
423,0.35738763205601204,0.16466756105083494,0.47794480689315316
424,0.16608725794218304,0.2776670083582465,0.5562457336995706
425,0.03031488931788255,0.24785293978451337,0.721832170897604
426,0.16691845602386987,0.21657148669573204,0.6165100572803983
427,0.12356517319603719,0.19838238134829747,0.6780524454556655
428,0.13668873532623665,0.29016178928556124,0.5731494753882022
429,0.1750951621591588,0.190760862542561,0.6341439752982804
430,0.24798487941832623,0.13949005273740922,0.6125250678442646
431,0.3422316373838065,0.15228494767003312,0.50548341494616
432,0.2242289264130668,0.17528655287096173,0.6004845207159715
433,0.14245260330560794,0.2672488796577039,0.5902985170366882
434,0.08790700765266198,0.23559616776765382,0.6764968245796839
435,0.16922517915613816,0.28979662864465733,0.5409781921992043
436,0.14237692388567258,0.2235207216875713,0.634102354426756
437,0.46298617227175315,0.10737429986814753,0.42963952786009935
438,0.041216431064461594,0.23255122812449078,0.7262323408110474
439,0.27109135118661004,0.1408761777221766,0.5880324710912133
440,0.09662353068540652,0.22735614959231115,0.6760203197222823
441,0.10748347767991723,0.2078368005721298,0.6846797217479529
442,0.022769055516480993,0.2442947607367314,0.7329361837467879
443,0.1535004972099037,0.22806373112054898,0.6184357716695472
444,0.14691283135000038,0.19419149782600706,0.6588956708239926
445,0.08777258046548964,0.2445543095705924,0.6676731099639182
446,0.19332317785642486,0.23097394995101067,0.5757028721925642
447,0.3240414861775307,0.19617830939525072,0.4797802044272189
448,0.2424861736109947,0.14296419079582515,0.6145496355931802
449,0.2478312699060563,0.13344642200346096,0.6187223080904826
450,0.35649747727969555,0.10788225254594987,0.5356202701743545
451,0.05715021878450496,0.27093033435783637,0.6719194468576588
452,0.0784688987181436,0.24154422630796854,0.6799868749738879
453,0.12999213809728982,0.23962875484252436,0.6303791070601855
454,0.1752528379322332,0.22051485197754608,0.6042323100902207
455,0.548745833250174,0.09664443502644046,0.35460973172338545
456,0.16375747897326545,0.2278423691937841,0.6084001518329505
457,0.6794249186465587,0.07545035994552413,0.24512472140791702
458,0.15215402939221673,0.21705531451018903,0.6307906560975941
459,0.31405341106764645,0.1491464192901555,0.5368001696421982
460,0.32170707693915096,0.23445373363351363,0.4438391894273356
461,0.12408682763618452,0.28456945097789876,0.5913437213859165
462,0.4622455051300984,0.08825684028092827,0.4494976545889734
463,0.15187406132856004,0.24872243403194533,0.5994035046394948
464,0.2495210917320389,0.14608554137947302,0.6043933668884881
465,0.1646677863564215,0.15607535653306964,0.6792568571105089
466,0.041277652324262545,0.24191259105088098,0.7168097566248566
467,0.33860426296347035,0.14072711663787343,0.5206686203986561
468,0.13627614599020718,0.21941705463239586,0.6443067993773967
469,0.3152794826438591,0.19723666512892862,0.48748385222721224
470,0.999798345665287,2.4893058736635303e-05,0.00017676127597628837
471,0.2414143960926395,0.25360965119200163,0.504975952715359
472,0.16572480109804202,0.18950544400808872,0.6447697548938692
473,0.8912340823301332,0.05189102801895655,0.05687488965091023
474,0.28082519721223226,0.2030249073227371,0.5161498954650307
475,0.200202348935954,0.20610956179101242,0.5936880892730333
476,0.7954352914135455,0.05300596563617719,0.1515587429502774
477,0.1668714749973066,0.25145325884407316,0.5816752661586202
478,0.1494291513157681,0.29372932129515505,0.5568415273890767
479,0.16913759321749794,0.20402831883057915,0.6268340879519226
480,0.22196512991318848,0.14515508707564032,0.6328797830111709
481,0.16835015014034121,0.20583738106374733,0.6258124687959113
482,0.17088013778660147,0.2298609643426583,0.5992588978707402
483,0.2059268694070229,0.1671411921686219,0.6269319384243551
484,0.2655889490034502,0.17385765096077138,0.5605534000357782
485,0.475139006775704,0.2005536562975224,0.32430733692677344
486,0.07382599048001047,0.2684881304767154,0.6576858790432739
487,0.06356105506288631,0.25580414881300245,0.6806347961241114
488,0.18399235486949814,0.25663444707442884,0.5593731980560727
489,0.30652872109994256,0.1604570227576929,0.5330142561423646
490,0.0772375150013021,0.24794071356273473,0.6748217714359631
491,0.09432116128944994,0.22911480476064536,0.6765640339499047
492,0.04433761322228577,0.24246557159375648,0.7131968151839573
493,0.12014824104784076,0.2263051513197377,0.6535466076324215
494,0.1637957669390615,0.27934085892238203,0.5568633741385566
495,0.20592606319986165,0.2806856134544894,0.5133883233456488
496,0.09876329512656501,0.24522462888530827,0.6560120759881268
497,0.9999349582830015,2.8846361274695525e-06,6.215708087087611e-05
498,0.2815041319683932,0.16593408654012975,0.5525617814914769
499,0.1838258937776465,0.14863922007476182,0.6675348861475916
500,0.06907622766045173,0.24598043854996346,0.6849433337895846
501,0.21151639720315737,0.14537752982115507,0.6431060729756876
502,0.47353047675665594,0.24245062010608542,0.28401890313725875
503,0.24278045494007414,0.21993346767458305,0.537286077385343
504,0.14942175019873774,0.17718184377399862,0.6733964060272638
505,0.9999195548321181,9.65237530343294e-06,7.079279257851104e-05
506,0.08954012439978551,0.23393390708205722,0.6765259685181569
507,0.22209712388789157,0.19155808467971264,0.5863447914323954
508,0.2634697648308632,0.12366609609160284,0.612864139077534
509,0.9973854232175721,0.00042447773427706096,0.002190099048150958
510,0.16019031812113935,0.26801280504973835,0.5717968768291226
511,0.16753994953411017,0.22698809755701335,0.6054719529088766
512,0.12090535382320843,0.2642075628589368,0.6148870833178549
513,0.11266979635845856,0.2123826282960096,0.6749475753455322
514,0.27118344433344543,0.15458737446642593,0.5742291812001286
515,0.1569814038366154,0.2858511708931829,0.5571674252702018
516,0.33964743321403923,0.1560522403737508,0.5043003264122099
517,0.12673128218474142,0.23831722806836497,0.6349514897468935
518,0.15880532338111175,0.26124066554475045,0.5799540110741379
519,0.30633319701994777,0.14742556761008044,0.5462412353699717
520,0.2678831696142864,0.16454776825590942,0.5675690621298042
521,0.2341343825254513,0.26553455703083384,0.5003310604437147
522,0.3293216538553984,0.11208740842534318,0.5585909377192584
523,0.9051308444043864,0.03242325427739077,0.06244590131822296
524,0.22848944608560726,0.2675305219378722,0.5039800319765202
525,0.14129907970415356,0.21884346384389328,0.6398574564519531
526,0.2223213747122532,0.1543651951590848,0.6233134301286622
527,0.0653273828215032,0.23759575967119695,0.6970768575072998
528,0.22006535569712754,0.1921504691852654,0.5877841751176073
529,0.19525239381732742,0.2360432545110402,0.5687043516716322
530,0.3199248364101817,0.20862304169915122,0.47145212189066726
531,0.11828422633863585,0.23865077280548186,0.6430650008558824
532,0.04620545112907796,0.29103752831184476,0.662757020559077
533,0.27106693750411365,0.18701854484067484,0.5419145176552113
534,0.19952482313770395,0.1517293216197593,0.6487458552425367
535,0.16429620740901782,0.15938660785701697,0.676317184733965
536,0.1610627017394269,0.22886842534874502,0.6100688729118281
537,0.04716087074463335,0.25902554087054014,0.6938135883848264
538,0.44719612106506684,0.11483927351865258,0.4379646054162805
539,0.2089338805925388,0.21129599116141626,0.5797701282460449
540,0.20770393435482706,0.27054049100334554,0.5217555746418273
541,0.21430184351582754,0.17985656045828388,0.6058415960258885
542,0.629912374248475,0.13585761686443348,0.23423000888709133
543,0.2849863503271351,0.10995086731100011,0.6050627823618647
544,0.370897441028366,0.1667789446886114,0.46232361428302277
545,0.37863189939249675,0.22907260508855853,0.39229549551894455
546,0.3990209683099648,0.13583466499124244,0.46514436669879267
547,0.29726926688212424,0.17918528075123413,0.5235454523666415
548,0.20774012542428896,0.2416874077316269,0.5505724668440839
549,0.0698860566246047,0.20740884238822807,0.7227051009871672
550,0.30894634749353705,0.10926236288293162,0.5817912896235315
551,0.09243162177143535,0.23950153577936845,0.6680668424491962
552,0.20057093678973884,0.2553162647337396,0.5441127984765214
553,0.24745685148567215,0.18125212985580477,0.571291018658523
554,0.0664950589814908,0.2879588580431641,0.6455460829753451
555,0.040742768301006704,0.24589218898839377,0.7133650427105994
556,0.3542720875187789,0.20277337921365854,0.4429545332675622
557,0.9089454334481334,0.02126064752269138,0.06979391902917559
558,0.6693117287172152,0.12227084123750835,0.20841743004527635
559,0.05811071011032978,0.24890292169705563,0.6929863681926144
560,0.4590269592419613,0.13889639219868238,0.4020766485593564
561,0.1567101767518354,0.17937455470932231,0.6639152685388424
562,0.588205873627131,0.11426152138125827,0.29753260499161077
563,0.20076607991764328,0.23689688701346326,0.5623370330688935
564,0.23409168331313712,0.15670766104230968,0.609200655644553
565,0.9999557868016694,3.4472833252351524e-06,4.0765915005263425e-05
566,0.09364218772621917,0.22341827166828634,0.6829395406054943
567,0.29499601878710796,0.12258891067754166,0.5824150705353504
568,0.04651052560971207,0.2917707677837323,0.6617187066065555
569,0.0692112963661756,0.24143526981908117,0.6893534338147433
570,0.20595723501078428,0.17428532977595307,0.6197574352132629
571,0.0742723430550857,0.257382400893679,0.6683452560512351
572,0.1893853617611296,0.27881711724795266,0.5317975209909178
573,0.1352786933006631,0.1920139526006248,0.6727073540987122
574,0.1804336462507654,0.23880592753353283,0.5807604262157017
575,0.10317771257726771,0.2066590900680841,0.690163197354648
576,0.23409644513724762,0.13513441637991888,0.6307691384828338
577,0.341330809344054,0.12819875958078072,0.5304704310751652
578,0.2882713963641505,0.16137614818639215,0.5503524554494574
579,0.11054832039660249,0.2749018333688632,0.6145498462345343
580,0.07315349520229691,0.20192399568313477,0.7249225091145682
581,0.14118836890178812,0.24667160523067103,0.612140025867541
582,0.34463782170906526,0.22138086781587152,0.43398131047506316
583,0.43933987894707377,0.18488482019922564,0.37577530085370026
584,0.18175692618757688,0.16904999425112366,0.6491930795612992
585,0.1640134427500943,0.2154323351548237,0.6205542220950819
586,0.12783760650793602,0.2623559750447132,0.6098064184473505
587,0.15908089967648195,0.22904667348519203,0.6118724268383261
588,0.06828889946910209,0.258278391197167,0.6734327093337309
589,0.18614633876702086,0.2706745068607379,0.5431791543722414
590,0.1115970754678768,0.23179622565843735,0.6566066988736858
591,0.09018459774417113,0.22600064856028984,0.6838147536955391
592,0.16354765891245027,0.19105734988124307,0.6453949912063065
593,0.2668535300034034,0.12271343893941065,0.6104330310571859
594,0.1706570622848124,0.2794090164241835,0.5499339212910044
595,0.15970219343180603,0.18057294342602997,0.6597248631421639
596,0.24109330898988016,0.21867387109627087,0.540232819913849
597,0.265826858801008,0.18087141154772543,0.5533017296512662
598,0.1145206154997906,0.20758367572437716,0.6778957087758322
599,0.20677463700926657,0.16557342970072972,0.6276519332900037
600,0.3175141540578419,0.19584898436056622,0.4866368615815917
601,0.12901939937777973,0.24025656598408499,0.6307240346381352
602,0.3091205911545651,0.1388659215865617,0.5520134872588731
603,0.1281235981531504,0.2981396858551597,0.5737367159916901
604,0.17822596725807485,0.1983523181153148,0.6234217146266101
605,0.2868442764847267,0.16009642548961198,0.5530592980256609
606,0.13748360476247337,0.20565709585937852,0.6568592993781484
607,0.18850004032701306,0.18824958233770897,0.623250377335278
608,0.09607462261628347,0.2455991613150019,0.658326216068715
609,0.1849547098519549,0.27799774165244007,0.5370475484956048
610,0.17101572670439152,0.20164221956968445,0.6273420537259239
611,0.1771865881050621,0.27590918807393283,0.546904223821005
612,0.05020568105913319,0.29142332217003636,0.6583709967708304
613,0.15876731179118406,0.2479170586713257,0.5933156295374903
614,0.1753491467924742,0.24186029668349587,0.58279055652403
615,0.2809631355308516,0.13554224820929675,0.5834946162598513
616,0.1712866908302363,0.21010437789736974,0.618608931272394
617,0.2711359997229444,0.17588133015359303,0.5529826701234626
618,0.10330951008013652,0.2808941276858781,0.6157963622339852
619,0.1062717847209028,0.2602522114262396,0.6334760038528577
620,0.18639949777689432,0.28722827657806094,0.5263722256450449
621,0.083389971686117,0.2580372111105162,0.6585728172033668
622,0.2587748168812152,0.2347836032389846,0.5064415798798
623,0.7721552644320064,0.07336486210561452,0.154479873462379
624,0.16990021486385665,0.2014194597188285,0.6286803254173149
625,0.2567366717104126,0.12809522330565698,0.6151681049839303
626,0.20708590768822224,0.16624132099936698,0.6266727713124111
627,0.1850372532141188,0.1823883103311486,0.6325744364547324
628,0.07364452787315162,0.25251481066766673,0.6738406614591822
629,0.1533709890646578,0.233297618246152,0.61333139268919
630,0.3899125948565386,0.16523053652658737,0.4448568686168738
631,0.5173404641033018,0.2005167366675217,0.28214279922917623
632,0.22054170570779055,0.1232037961008033,0.6562544981914061
633,0.46825696081527524,0.084810339294515,0.4469326998902098
634,0.20342542020772106,0.21407103868029984,0.582503541111979
635,0.3154495441523886,0.13039070802799477,0.5541597478196167
636,0.1372169002212707,0.22207114474612208,0.6407119550326075
637,0.19085976064299232,0.13771658581807075,0.6714236535389364
638,0.17446546728635484,0.22599224815026467,0.5995422845633807
639,0.11350498800484231,0.22567402476470147,0.6608209872304559
640,0.9999998401936535,5.5666994485872163e-08,1.0413935205503013e-07
641,0.08002480250362354,0.22837300932479163,0.6916021881715846
