,proba_0,proba_1,proba_2
0,0.21484351025969808,0.16106057305679836,0.6240959166835036
1,0.2527985168699316,0.12518723455639752,0.6220142485736708
2,0.8911062687312687,0.021312687312687314,0.08758104395604396
3,0.16838897158270097,0.4022533568890673,0.4293576715282316
4,0.10017341152799863,0.12991099184077445,0.769915596631227
5,0.21615922106887175,0.16034512177153087,0.6234956571595973
6,0.14356506516083878,0.1962189612468566,0.6602159735923046
7,0.17458414873173667,0.47168493161997055,0.3537309196482928
8,0.20188342940273848,0.11500784720591486,0.6831087233913467
9,0.2234875451993525,0.1767737260217074,0.5997387287789401
10,0.1740876848137381,0.39836036690564663,0.42755194828061527
11,0.27846936255972765,0.20465980641822423,0.5168708310220481
12,0.2872827730569578,0.21101903222801954,0.5016981947150226
13,0.24822434660557768,0.1290735918379502,0.6227020615564721
14,0.17244882618715632,0.11521195251767838,0.7123392212951652
15,0.2148709404185085,0.3236542261224759,0.4614748334590157
16,0.24015727692038358,0.14651685513664708,0.6133258679429692
17,0.27036800048178194,0.22683517482802695,0.502796824690191
18,0.276459126977134,0.2211555371252932,0.5023853358975727
19,0.19430308596432916,0.2279184947814959,0.5777784192541748
20,0.13725857519602971,0.2802400493487171,0.5825013754552532
21,0.14473211955842172,0.31826793069029846,0.5369999497512798
22,0.25678782286552115,0.13818255512205935,0.6050296220124194
23,0.2651292148955676,0.12196806272007917,0.6129027223843533
24,0.29366768569229573,0.13220917900386916,0.5741231353038351
25,0.11070085487036856,0.27650209210728205,0.6127970530223493
26,0.20472271405617865,0.24207333527850225,0.5532039506653191
27,0.490990767902219,0.09753536703373575,0.4114738650640454
28,0.24104673512961416,0.13623872760326944,0.6227145372671163
29,0.792942503818357,0.0372656706309615,0.16979182555068156
30,0.13561550465933006,0.38205674098793646,0.48232775435273345
31,0.18929106003292134,0.48763238245381585,0.3230765575132628
32,0.22495138804593068,0.1259537161521569,0.6490948958019125
33,0.2562003615412571,0.25246008572126866,0.4913395527374743
34,0.2586275849471297,0.13695632279341127,0.6044160922594591
35,0.17088589163339446,0.14612160362660845,0.6829925047399971
36,0.24724122076334765,0.14697912659429874,0.6057796526423536
37,0.7282665178589127,0.06188325621929998,0.20985022592178723
38,0.20224759888845192,0.4489984088439123,0.34875399226763565
39,0.1321171259477727,0.1336086219285953,0.7342742521236322
40,0.3186770681052086,0.19807254061949153,0.4832503912753001
41,0.2637157034771136,0.17174709532600957,0.5645372011968767
42,0.07682632966490727,0.43876417606061957,0.4844094942744732
43,0.21853802395538957,0.1312361468455687,0.6502258291990417
44,0.09238827492254192,0.11741380515116229,0.7901979199262961
45,0.19300321012027172,0.19555650832024474,0.6114402815594835
46,0.14774433560744002,0.2537185934155617,0.5985370709769982
47,0.14869958459538618,0.13246340876562862,0.7188370066389852
48,0.20520361928955913,0.24656414150198175,0.5482322392084591
49,0.26086602479620724,0.15077865001126592,0.5883553251925268
50,0.12326066603403854,0.19606173260443782,0.6806776013615238
51,0.20261391167521647,0.13310758655967986,0.6642785017651036
52,0.15819085052794377,0.15566191077299213,0.686147238699064
53,0.7796091704850235,0.0372656706309615,0.18312515888401493
54,0.20814684433953057,0.13370928733039503,0.6581438683300743
55,0.1158369730458431,0.10346075718919852,0.7807022697649583
56,0.2228811248729459,0.13234829789394234,0.6447705772331118
57,0.28359564639866125,0.13199642174973716,0.5844079318516017
58,0.25400487133649763,0.15349208200468234,0.5925030466588201
59,0.1827899925755489,0.21119515001994857,0.6060148574045026
60,0.22254970418264983,0.22915725420236818,0.5482930416149822
61,0.22929530465808048,0.14329706313604412,0.6274076322058754
62,0.1622250692745739,0.2416050787445155,0.5961698519809104
63,0.07976765919390055,0.2816675657750876,0.638564775031012
64,0.16076951451438476,0.2388160640219386,0.6004144214636765
65,0.15320103109313096,0.1685670010797472,0.6782319678271217
66,0.13625491725380046,0.38448955556035663,0.4792555271858427
67,0.26912114241568086,0.19336203606714247,0.5375168215171767
68,0.11529438360365794,0.334028259138243,0.5506773572580992
69,0.19256395552954653,0.23458516144816255,0.5728508830222908
70,0.4848947189349091,0.23682591670815725,0.2782793643569335
71,0.24312818952878754,0.204816738687619,0.5520550717835937
72,0.24785737095191357,0.12857997877841953,0.623562650269667
73,0.2402231988255174,0.17296435430740345,0.5868124468670792
74,0.09102261183188616,0.41648128359126746,0.49249610457684645
75,0.884191933066933,0.011164085914085915,0.10464398101898102
76,0.25997707301203754,0.16645700096741722,0.5735659260205452
77,0.17428775307280464,0.35174185455180734,0.47397039237538807
78,0.23892616354326102,0.1263042102926761,0.6347696261640627
79,0.3067399570126581,0.20462839153986234,0.48863165144747944
80,0.199163732936657,0.18930409933866876,0.6115321677246743
81,0.23892893425326384,0.14984994805115812,0.611221117695578
82,0.792942503818357,0.0372656706309615,0.16979182555068156
83,0.2052360438410879,0.299393060607378,0.49537089555153413
84,0.06773783729076997,0.3972360112857672,0.5350261514234629
85,0.15083000376745828,0.24309719220585996,0.6060728040266817
86,0.8875824175824176,0.011498501498501498,0.10091908091908092
87,0.18976735869853428,0.4166967749938914,0.39353586630757426
88,0.242378526130832,0.16675592475161022,0.5908655491175577
89,0.15283660172950328,0.2184395907278658,0.6287238075426308
90,0.27193157414490526,0.19618560022967116,0.5318828256254237
91,0.24950436814259822,0.17639314076433832,0.5741024910930634
92,0.12898366832281166,0.21495928498332717,0.6560570466938611
93,0.23235916250122413,0.1565168779944302,0.6111239595043457
94,0.21096353490360747,0.3113519868623346,0.47768447823405813
95,0.3272427495394689,0.21596905941234318,0.4567881910481881
96,0.6413917732639713,0.12752572219677558,0.23108250453925305
97,0.21972044286002235,0.3233431620954545,0.4569363950445232
98,0.09863455221110097,0.15894768883688618,0.742417758952013
99,0.28631843133325446,0.24754383914242906,0.46613772952431654
100,0.21007185079209012,0.14697278799880883,0.642955361209101
101,0.12969908242012146,0.40960686715802747,0.4606940504218511
102,0.2204895118308029,0.11330396471249728,0.6662065234566998
103,0.10672295503222937,0.3693854019953858,0.5238916429723849
104,0.254978054483211,0.15161691198038107,0.5934050335364079
105,0.20832483567142634,0.12188665123334742,0.6697885130952261
106,0.22673391242106755,0.27899160788130684,0.49427447969762567
107,0.09397360505465051,0.38972984088635165,0.5162965540589979
108,0.20519929905504253,0.26287419324815925,0.5319265076967983
109,0.2324142813425218,0.1497210942538349,0.6178646244036434
110,0.11166582032869264,0.25078560492589924,0.637548574745408
111,0.21275535043170687,0.14215009120400457,0.6450945583642885
112,0.21006833385369159,0.29253568608392705,0.4973959800623814
113,0.19511698180238302,0.2793870655906213,0.5254959526069957
114,0.38402588851232805,0.1549510369347838,0.4610230745528881
115,0.252926120604238,0.11404628841595191,0.6330275909798102
116,0.17154203446305932,0.29815595010682155,0.5303020154301192
117,0.19358277754480224,0.15072120418601243,0.6556960182691853
118,0.2186005519935987,0.19045816930450926,0.590941278701892
119,0.1431026586760688,0.19487267909891506,0.6620246622250161
120,0.22090048452147004,0.13952702690567953,0.6395724885728504
121,0.12848738254064573,0.17457850560132276,0.6969341118580314
122,0.2209439262301412,0.1291533653604982,0.6499027084093606
123,0.1877916670123606,0.45230539679681664,0.3599029361908228
124,0.19406186410237652,0.1277508834154694,0.6781872524821541
125,0.20970332441239073,0.169854137434677,0.6204425381529322
126,0.15314836508319105,0.12612194535099447,0.7207296895658145
127,0.21896395552954653,0.19458516144816254,0.5864508830222909
128,0.20022319882551742,0.19296435430740344,0.6068124468670792
129,0.13306154812707333,0.4133729053072743,0.4535655465656523
130,0.3881928756028922,0.303771254002921,0.308035870394187
131,0.2667395538566513,0.1264593946145271,0.6068010515288215
132,0.21093115270522328,0.22950966275461857,0.5595591845401582
133,0.8117314183397145,0.012927800024174476,0.17534078163611094
134,0.18980067955487848,0.15613469515270617,0.6540646252924153
135,0.15725029012092487,0.10811852589108485,0.7346311839879902
136,0.13879215039311765,0.2417982671039912,0.6194095825028911
137,0.2480861349992924,0.13988723458396837,0.6120266304167391
138,0.24035321012027172,0.1763231749869114,0.5833236148928168
139,0.10485641992194512,0.390039571973941,0.5051040081041138
140,0.19463645893277998,0.1780596196846302,0.6273039213825897
141,0.2015913552090388,0.16619282966560547,0.6322158151253557
142,0.11730089552457303,0.5790910342046234,0.30360807027080355
143,0.5090137718350466,0.15940079580583724,0.33158543235911614
144,0.626687732859931,0.14151562118667457,0.23179664595339447
145,0.2285333892536286,0.145154606180627,0.6263120045657444
146,0.2575751990694173,0.2119283427196466,0.530496458210936
147,0.18410321012027173,0.2647231749869114,0.5511736148928169
148,0.31678782286552115,0.11818255512205936,0.5650296220124195
149,0.16000659119156668,0.210641034326989,0.6293523744814442
150,0.19308974366692927,0.24054313334783942,0.5663671229852314
151,0.25899161375156177,0.19541890241748433,0.545589483830954
152,0.28929628313449973,0.1881470974058856,0.522556619459615
153,0.3857831639937406,0.11045595699357566,0.5037608790126838
154,0.29912072323954614,0.21841083007502524,0.48246844668542876
155,0.21049324470246553,0.1477623210233266,0.6417444342742078
156,0.20147076894160063,0.3748777368563329,0.4236514942020663
157,0.42658549103569837,0.15962520660279578,0.41378930236150596
158,0.08878454838510072,0.14080374688085692,0.7704117047340425
159,0.2358436158815261,0.1910340840054505,0.5731223001130233
160,0.12780033049851958,0.27212347859143604,0.6000761909100446
161,0.15195618837611874,0.17767285422530477,0.6703709573985764
162,0.20594034568277486,0.282486536210102,0.5115731181071232
163,0.1805071726480256,0.43157640492190835,0.38791642243006597
164,0.18414694638664006,0.18082801324013023,0.6350250403732297
165,0.19691611087813554,0.15274501370982196,0.6503388754120424
166,0.2399569573396837,0.39418064840377176,0.36586239425654443
167,0.2265319145990724,0.1491000097655886,0.6243680756353389
168,0.1504200460069754,0.30772034470862564,0.541859609284399
169,0.2072039206387466,0.13028861201766115,0.6625074673435921
170,0.2057947944673119,0.19591253404814343,0.5982926714845447
171,0.2381528296317522,0.14375360453683042,0.6180935658314174
172,0.3607272168049152,0.11806134300084721,0.5212114401942376
173,0.20872401393323475,0.16887343213443767,0.6224025539323275
174,0.1863806537292943,0.26889768479083304,0.5447216614798728
175,0.12897043309143613,0.22995274291064088,0.641076823997923
176,0.20489053438749838,0.17673176204243032,0.6183777035700713
177,0.2147639484193974,0.1714235933785136,0.613812458202089
178,0.23692360798550902,0.16199253604969083,0.6010838559648002
179,0.2473028213739189,0.13812690273107195,0.614570275895009
180,0.2900452774132982,0.10011467345701011,0.6098400491296915
181,0.15314836508319105,0.12612194535099447,0.7207296895658145
182,0.22667147188683337,0.19795960006642893,0.5753689280467377
183,0.24038612150272445,0.3573005954040795,0.40231328309319614
184,0.2473845198621568,0.14257987941034966,0.6100356007274936
185,0.1683190009899787,0.1899780717275132,0.6417029272825079
186,0.49301293641315863,0.1639262761734229,0.3430607874134186
187,0.2571045581511434,0.13100238488524885,0.6118930569636076
188,0.2750208372209109,0.13210513329962517,0.592874029479464
189,0.23594082845826234,0.13374916509655801,0.6303100064451796
190,0.18585605204713534,0.1321114173761069,0.6820325305767578
191,0.22579439414469127,0.1425797244149938,0.6316258814403148
192,0.21034249478155315,0.2304648698195252,0.5591926353989216
193,0.15160903848659626,0.23762169035152836,0.6107692711618753
194,0.18697544418103484,0.4066666150598655,0.4063579407590997
195,0.27315434083248136,0.21871395476090563,0.5081317044066133
196,0.28282230373619827,0.20724804171234187,0.5099296545514599
197,0.23232082827761538,0.27506827903179,0.4926108926905946
198,0.2717183353071082,0.15351037743920656,0.5747712872536852
199,0.08233291275761012,0.33646511393828293,0.5812019733041072
200,0.14787605518362146,0.13693399700092274,0.7151899478154559
201,0.2365382959274595,0.14605258540102195,0.6174091186715186
202,0.09465751310062753,0.3941229443346275,0.511219542564745
203,0.4834679585137999,0.13158218632836116,0.38494985515783897
204,0.12591658866894148,0.5229037243471205,0.351179686983938
205,0.2322980503371087,0.19861301796767333,0.5690889316952179
206,0.11705473022034484,0.2526971915666978,0.6302480782129574
207,0.21724737945316103,0.27644688811207246,0.5063057324347665
208,0.1843824086729006,0.4355121694729835,0.3801054218541159
209,0.884191933066933,0.011164085914085915,0.10464398101898102
210,0.24656460813990738,0.14606096353488066,0.6073744283252119
211,0.24935598867314648,0.17092099741990957,0.579723013906944
212,0.09222907800617153,0.3664343495667632,0.5413365724270653
213,0.4582116358890563,0.15458970512535364,0.38719865898559014
214,0.14866475323518855,0.20238891291576183,0.6489463338490497
215,0.16272421684046748,0.40237533330623554,0.43490044985329673
216,0.2507729834025272,0.12712898838354672,0.622098028213926
217,0.22546385709508815,0.18697374723810561,0.5875623956668062
218,0.23068142969092537,0.279625691440599,0.4896928788684756
219,0.2635802423797231,0.1926567152225676,0.5437630423977095
220,0.22019073658519855,0.2701823627718736,0.5096269006429279
221,0.16408768481373806,0.4083603669056467,0.42755194828061527
222,0.362869744104668,0.1328933635208774,0.5042368923744548
223,0.1945094317770603,0.29453245042602405,0.5109581177969157
224,0.12322421684046748,0.4296278585587608,0.4471479246007716
225,0.574009207098307,0.0754239881324307,0.35056680476926233
226,0.11508171684724205,0.2763122067465759,0.608606076406182
227,0.24982889412682005,0.2294052561351542,0.5207658497380259
228,0.147314914961468,0.22810648711482742,0.6245785979237045
229,0.15986428711863046,0.24608600983307394,0.5940497030482955
230,0.4608485297446219,0.11353572164469178,0.42561574861068635
231,0.20967384812727125,0.14769018509089854,0.6426359667818302
232,0.16649391526466137,0.14604770129133676,0.6874583834440018
233,0.244502710860789,0.11544687266024843,0.6400504164789627
234,0.27951240633441576,0.14803601448171572,0.5724515791838685
235,0.1466151498670175,0.22253765693371058,0.6308471931992718
236,0.18110086562087763,0.38087969482550404,0.4380194395536182
237,0.2274629617961081,0.10867955624555486,0.6638574819583368
238,0.2586275849471297,0.13695632279341127,0.6044160922594591
239,0.14787605518362146,0.13693399700092274,0.7151899478154559
240,0.2602778977973068,0.12726189658268675,0.6124602056200064
241,0.18432361012742804,0.1814450297621862,0.6342313601103857
242,0.25689897209968715,0.23501864832923672,0.5080823795710763
243,0.21165683250524053,0.12411812049758769,0.6642250469971717
244,0.15590116200864934,0.19727459448645962,0.646824243504891
245,0.1804330046282841,0.2923091656272064,0.5272578297445096
246,0.11370202049591932,0.42598780290594357,0.4603101765981371
247,0.20724759888845187,0.44270211254761604,0.3500502885639319
248,0.23640410378896898,0.1268882350382887,0.6367076611727424
249,0.22692873622746035,0.1252371637717561,0.6478341000007835
250,0.2656890521844105,0.14382643289026104,0.5904845149253284
251,0.12760014801468547,0.339155267836459,0.5332445841488556
252,0.39882529541354694,0.21175385486270962,0.3894208497237435
253,0.2608605867184945,0.2746731656127975,0.46446624766870814
254,0.32494965117937114,0.15322942919925472,0.5218209196213742
255,0.1397311631193796,0.18344754857519172,0.6768212883054286
256,0.21957467990060128,0.1465229347821938,0.6339023853172049
257,0.25198400799681797,0.15171326795131054,0.5963027240518715
258,0.2457805055859454,0.12051017351386921,0.6337093209001853
259,0.2633039221989042,0.13920729357467634,0.5974887842264195
260,0.22136975263099581,0.17358516144816258,0.6050450859208415
261,0.20645785058371582,0.16674200783540072,0.6268001415808836
262,0.20743148751114876,0.1342034852167521,0.658365027272099
263,0.2394822998584905,0.23254135526092537,0.5279763448805841
264,0.2376645578767431,0.22339431211220698,0.5389411300110502
265,0.18327297521085728,0.2158356967865621,0.6008913280025807
266,0.24706662835695417,0.16481411076451888,0.588119260878527
267,0.25972701137898246,0.19458099557849995,0.5456919930425177
268,0.2611980078280407,0.16740411320885912,0.5713978789631003
269,0.2253505014763667,0.17358080267419557,0.6010686958494378
270,0.16762008966292757,0.21774962682685256,0.6146302835102199
271,0.19011657242958635,0.14033718298682835,0.6695462445835852
272,0.2641494526712968,0.2469399627021398,0.48891058462656356
273,0.09528579938268365,0.1770995827165243,0.7276146179007921
274,0.18529039767513406,0.21631117223696844,0.5983984300878976
275,0.2502588021188659,0.15104589346181677,0.5986953044193172
276,0.24036747879818388,0.13773070047205388,0.6219018207297622
277,0.1497676627977059,0.2700583509948605,0.5801739862074338
278,0.2766387359880629,0.3046042759342747,0.41875698807766254
279,0.7596091704850235,0.05090203426732513,0.18948879524765128
280,0.2212347144602149,0.20230368465413023,0.5764616008856548
281,0.4494679585137999,0.13358218632836116,0.416949855157839
282,0.19281401926336714,0.2924680836441075,0.5147178970925252
283,0.35772106310316176,0.11061512699603489,0.5316638099008035
284,0.2860227784004797,0.15616727299782052,0.5578099486016999
285,0.24874421822739767,0.12095194043875047,0.6303038413338519
286,0.20423625492686295,0.11818943557165357,0.6775743095014835
287,0.08126546849789795,0.26790046082023855,0.6508340706818635
288,0.45567751758500985,0.1863250274666691,0.3579974549483211
289,0.11945161175215438,0.28928209795803345,0.5912662902898123
290,0.2493206716767199,0.12787983934326597,0.6227994889800141
291,0.2130884444215907,0.13505700091711717,0.6518545546612919
292,0.1066589654934899,0.17158764261578038,0.7217533918907297
293,0.18198784510633462,0.13859487922010116,0.6794172756735642
294,0.24322317402479857,0.18065559580424587,0.5761212301709555
295,0.15595179636633383,0.277079565760757,0.5669686378729092
296,0.1266696386461798,0.5376223552878718,0.3357080060659483
297,0.223237389396228,0.3317099037385126,0.4450527068652594
298,0.3013725344420792,0.12991086824795672,0.5687165973099642
299,0.08636574908678814,0.3633068671580274,0.5503273837551845
300,0.2721009602537201,0.17717489929663863,0.5507241404496414
301,0.23262863799141387,0.1653208726598536,0.6020504893487325
302,0.17527603260084754,0.18854646327972663,0.6361775041194258
303,0.2836055804661063,0.12136091879449465,0.595033500739399
304,0.23371631139266782,0.13765923671315008,0.6286244518941821
305,0.22299743231765498,0.13214812696583136,0.6448544407165135
306,0.2710122003317451,0.13699478433187282,0.5919930153363822
307,0.17646780464416112,0.14025033540424875,0.6832818599515902
308,0.09100354527922566,0.2884322033487239,0.6205642513720506
309,0.08636574908678814,0.3424402004913608,0.5711940504218511
310,0.2551477299623098,0.2629864015107423,0.481865868526948
311,0.23459296020362294,0.28731219057534335,0.47809484922103357
312,0.23187604269805212,0.13902187306757433,0.6291020842343734
313,0.13007678304864645,0.14728171743038085,0.7226414995209727
314,0.2104403460320187,0.40962411950240984,0.3799355344655712
315,0.09487517959926266,0.10740240418976796,0.7977224162109694
316,0.22846986696474822,0.3512584650841011,0.4202716679511505
317,0.2336758281148865,0.1924886793433347,0.5738354925417788
318,0.22164887309962075,0.17342821795262128,0.604922908947758
319,0.26277982148447954,0.15169947213968996,0.5855207063758305
320,0.23914540182076002,0.2794779539240433,0.48137664425519666
321,0.21741351187069227,0.20208031928771564,0.5805061688415921
322,0.1883145803519225,0.12365882505295409,0.6880265945951234
323,0.1528737234037665,0.24205330048980997,0.6050729761064237
324,0.20964804421227437,0.17795069951294834,0.6124012562747775
325,0.26711781956472486,0.1312371775568296,0.6016450028784456
326,0.2498774148241945,0.12900162906556692,0.6211209561102387
327,0.25173313471049374,0.18584058729917566,0.5624262779903306
328,0.17752973702258415,0.2937702974555336,0.5286999655218824
329,0.2381683232788491,0.17303885197242785,0.588792824748723
330,0.28220879981778313,0.2718091591269143,0.44598204105530265
331,0.09698605452420345,0.33020640742639557,0.5728075380494011
332,0.5235512024145117,0.09708256521084714,0.3793662323746411
333,0.2723041952044736,0.1666472804069425,0.561048524388584
334,0.1208055990915497,0.3230707395421825,0.5561236613662679
335,0.24962716392109288,0.16428794272516478,0.5860848933537425
336,0.16575182765020013,0.20200076579347098,0.6322474065563288
337,0.1839638441442631,0.169554353537829,0.6464818023179077
338,0.2470996016020726,0.134571282863074,0.6183291155348534
339,0.11843361873750452,0.3179209571990512,0.5636454240634443
340,0.258196324392486,0.18291390799646043,0.5588897676110535
341,0.1863806537292943,0.26889768479083304,0.5447216614798728
342,0.28787562143958056,0.24155577086804136,0.4705686076923781
343,0.21231517559457977,0.20321362451368694,0.5844711998917334
344,0.2745500615398633,0.31029935520534563,0.4151505832547911
345,0.24192610567883016,0.14192485528498522,0.6161490390361847
346,0.2623152556964868,0.14680086456522293,0.5908838797382904
347,0.15330283161210595,0.3611849465949304,0.48551222179296366
348,0.18239330709712498,0.18909654491370137,0.6285101479891736
349,0.2668358695343001,0.10461721301867516,0.6285469174470247
350,0.177861212281157,0.44901272876437454,0.3731260589544685
351,0.22569600920318372,0.12682410074213518,0.647479890054681
352,0.22358302427371154,0.1314940627714063,0.6449229129548821
353,0.21874144212368718,0.2433704008438605,0.5378881570324523
354,0.217751575904585,0.1654541792146091,0.6167942448808057
355,0.2141243619103762,0.42726911125977607,0.3586065268298476
356,0.25275157590458497,0.12681781557824542,0.6204306085171694
357,0.2072540525063998,0.20229186470828586,0.5904540827853143
358,0.10619367025660523,0.30246762938819843,0.5913387003551965
359,0.10323544492137458,0.24945124465966106,0.6473133104189646
360,0.16483578372421676,0.42307781639204656,0.41208639988373647
361,0.23431395649685954,0.19221152880400408,0.5734745146991364
362,0.17764305714260234,0.23016893093060792,0.5921880119267897
363,0.1137877475461849,0.21917199315056027,0.6670402593032548
364,0.10574129512656041,0.5106939378334292,0.3835647670400104
365,0.2592638670407874,0.23150367938556513,0.5092324535736475
366,0.2235873426188842,0.2664993126795382,0.5099133447015776
367,0.15077662249587456,0.21248876985357618,0.6367346076505492
368,0.14576639650349846,0.28615809521895247,0.568075508277549
369,0.20607259063801153,0.2677021896245428,0.5262252197374458
370,0.193620362978588,0.1964142679939191,0.6099653690274927
371,0.17638759666572867,0.20169842149623549,0.6219139818380357
372,0.3421870036096801,0.1679700610363751,0.4898429353539448
373,0.1093138076103986,0.20120519198515704,0.6894810004044443
374,0.10959846021915386,0.5640406948321146,0.32636084494873147
375,0.21434751590911488,0.13587975685206424,0.6497727272388208
376,0.22121688889324534,0.16362701428092763,0.6151560968258271
377,0.2068434537228912,0.20055380576942866,0.59260274050768
378,0.26283548235760923,0.19365357526874744,0.5435109423736432
379,0.20477055313485668,0.24097610999343516,0.5542533368717082
380,0.28873613158127975,0.2177773334406257,0.4934865349780948
381,0.26901626158100994,0.2011785956618712,0.5298051427571189
382,0.1694015751491469,0.1389483248235206,0.6916501000273325
383,0.19645785058371584,0.16674200783540072,0.6368001415808835
384,0.4500868323873699,0.24092684842722403,0.3089863191854062
385,0.19932554674420858,0.10774907668527202,0.6929253765705193
386,0.5247584186073904,0.11923903802665374,0.356002543365956
387,0.21812697127947214,0.15291790527231208,0.6289551234482157
388,0.2457190004434511,0.10960709247743892,0.64467390707911
389,0.1727143679240052,0.1867557317745508,0.640529900301444
390,0.27515326606107754,0.15969282565196444,0.565153908286958
391,0.2325299886558539,0.17366627275966565,0.5938037385844804
392,0.7796091704850235,0.04090203426732513,0.1794887952476513
393,0.2640036227105719,0.23502219967953433,0.5009741776098938
394,0.24591400668998922,0.18829933722075803,0.5657866560892527
395,0.14187553980194445,0.23185173434073914,0.6262727258573163
396,0.1846721709406104,0.3800481313689824,0.4352796976904071
397,0.22434111747543714,0.1264446323754754,0.6492142501490874
398,0.13795450639182558,0.323961555592141,0.5380839380160335
399,0.3128572087269665,0.15769570160200191,0.5294470896710317
400,0.106890128957244,0.3280592982528151,0.565050572789941
401,0.18744594097120937,0.20133377730089308,0.6112202817278974
402,0.231005875951505,0.14010741466996487,0.6288867093785301
403,0.3050054101762151,0.14713256330876232,0.5478620265150227
404,0.16507820744008106,0.4521783491491023,0.3827434434108165
405,0.2480861349992924,0.13988723458396837,0.6120266304167391
406,0.3482810140486064,0.12454067132203757,0.527178314629356
407,0.16999924037952885,0.20641631827759238,0.6235844413428788
408,0.28265196942356957,0.12244674282544596,0.5949012877509845
409,0.5188508784535449,0.1541210591958343,0.32702806235062093
410,0.18016790421523193,0.15008437561435475,0.6697477201704133
411,0.21036886011372083,0.2380246783051097,0.5516064615811694
412,0.5670972878132118,0.13789158801015763,0.29501112417663067
413,0.2933580932629686,0.15967195861215955,0.5469699481248719
414,0.2371019294203303,0.14026272661635525,0.6226353439633144
415,0.6516738136984443,0.11672846830144724,0.2315977180001083
416,0.2525417856947948,0.12626614502657488,0.6211920692786302
417,0.41362523429843057,0.08451833268849271,0.5018564330130768
418,0.39272136198192087,0.10649230823621926,0.5007863297818599
419,0.08463150792989749,0.2448673324260222,0.6705011596440804
420,0.24506187458959694,0.13651432323580548,0.6184238021745978
421,0.21540147105363885,0.2688107534759045,0.5157877754704568
422,0.6045967402015566,0.09717895910487923,0.29822430069356404
423,0.2664498270048242,0.12882302053077024,0.6047271524644056
424,0.14780490894284395,0.6171619716395984,0.23503311941755764
425,0.09599496210616312,0.09734690823928713,0.8066581296545497
426,0.3008176027890719,0.09272784763914978,0.6064545495717781
427,0.19372810471389948,0.17312909893831996,0.6331427963477805
428,0.19628860866719708,0.34537100516505653,0.45834038616774647
429,0.22596197132474719,0.16491683225581322,0.6091211964194396
430,0.21733285568315278,0.13950280133807072,0.6431643429787764
431,0.6167419671769558,0.08079996205445494,0.3024580707685893
432,0.4915206719968435,0.12878248747267215,0.3796968405304843
433,0.12589745622551685,0.2097666043439683,0.664335939430515
434,0.11650823984395574,0.19480462872298435,0.6886871314330598
435,0.12414227841726942,0.3445693736655228,0.5312883479172078
436,0.18705007672027876,0.3012129446826883,0.5117369785970332
437,0.2690519233124822,0.22492162216553307,0.5060264545219847
438,0.14549906143824745,0.13724560982973089,0.7172553287320217
439,0.16657841059834097,0.14898237803482858,0.6844392113668303
440,0.18641770796588086,0.24332493525660837,0.5702573567775109
441,0.205409007221721,0.2178898416535781,0.5767011511247009
442,0.12291088615320664,0.17299475957012375,0.7040943542766697
443,0.2398974742659827,0.2050069369987004,0.5550955887353168
444,0.17093788244114283,0.2094146801074716,0.6196474374513855
445,0.1297936092520466,0.31937790360647067,0.5508284871414828
446,0.10668363791468036,0.3107483510620305,0.5825680110232891
447,0.2711139189133996,0.21323909980495215,0.5156469812816482
448,0.18734131445621038,0.11361607013275099,0.6990426154110385
449,0.2791683232788491,0.13503885197242785,0.585792824748723
450,0.21152417080103303,0.19253804220682547,0.5959377869921415
451,0.1328033709191468,0.40559066081725964,0.4616059682635935
452,0.09886087757523841,0.24264736618954427,0.6584917562352175
453,0.26376218275198443,0.305632688538679,0.4306051287093366
454,0.26389766147388455,0.15190823612590415,0.5841941024002112
455,0.27781907167414266,0.1962848872197756,0.5258960411060817
456,0.19230113797749443,0.14142104247495582,0.6662778195475498
457,0.25279575210172617,0.16146160628030556,0.5857426416179683
458,0.28451974798141266,0.16428738049504354,0.5511928715235439
459,0.581656232152507,0.1024048542473957,0.3159389136000974
460,0.22195424939302233,0.16226478414361323,0.6157809664633643
461,0.12896004180692608,0.17895564332258487,0.6920843148704889
462,0.22671122940191663,0.13326695654430007,0.6400218140537832
463,0.20497045380129147,0.3203927359545727,0.47463681024413595
464,0.13420962745710863,0.12214531185373603,0.7436450606891555
465,0.24630207694207157,0.1629473895113104,0.590750533546618
466,0.1184148107089002,0.2910825005147898,0.5905026887763101
467,0.2019658458433196,0.13937810133704262,0.6586560528196378
468,0.15935356485176425,0.24961742482433644,0.5910290103238993
469,0.21562553181448213,0.2735427125003598,0.5108317556851582
470,0.8304521390604355,0.015282368878743331,0.15426549206082138
471,0.25266218275198443,0.27063268853867894,0.47670512870933657
472,0.16201174902979396,0.13955408899108346,0.6984341619791227
473,0.5124240691087106,0.143785484738726,0.3437904461525633
474,0.16958414873173666,0.46168493161997054,0.3687309196482928
475,0.11274255334777124,0.18431667603856958,0.7029407706136594
476,0.30483802316820563,0.15471532074793667,0.5404466560838577
477,0.25833410535931295,0.17069063391287126,0.5709752607278158
478,0.3279636204672998,0.34915047696308293,0.3228859025696172
479,0.2351086093433199,0.15700587511053046,0.6078855155461496
480,0.19809249583455746,0.20229757974881618,0.5996099244166263
481,0.22798395982989716,0.2864602575461283,0.48555578262397453
482,0.17968200038461674,0.5344995351414052,0.28581846447397796
483,0.1580955459048345,0.2794363812574219,0.5624680728377437
484,0.2605592330060127,0.12650162906556692,0.6129391379284204
485,0.2768934000104975,0.12338247153760402,0.5997241284518985
486,0.2146786312499693,0.16937914590928332,0.6159422228407473
487,0.21171979365461963,0.14326480249385162,0.6450154038515288
488,0.17835986780166913,0.33528831907484874,0.48635181312348225
489,0.3581550767433283,0.12033098143983616,0.5215139418168355
490,0.13201857036383174,0.3287731924261798,0.5392082372099886
491,0.14787605518362146,0.13693399700092274,0.7151899478154559
492,0.12433149651066064,0.27781302632633903,0.5978554771630002
493,0.24766599326010444,0.14061143403211213,0.6117225727077833
494,0.20323738939622799,0.3389826310112399,0.4577799795925322
495,0.16524393738729376,0.26772426302472496,0.5670317995879812
496,0.198258830641025,0.17576594170551713,0.6259752276534577
497,0.739452705779172,0.08570232022010986,0.17484497400071825
498,0.35237168329980073,0.12408070745037096,0.5235476092498285
499,0.27127539736993994,0.12720429890273965,0.6015203037273205
500,0.07411573141008038,0.31480652689039135,0.6110777416995284
501,0.2535071415785563,0.12149026485942782,0.6250025935620158
502,0.19210028865236878,0.18065813222000984,0.6272415791276214
503,0.12795161829243354,0.14761455924642036,0.7244338224611461
504,0.18850627008857646,0.1944785390761322,0.6170151908352912
505,0.7807363876051343,0.04531189578702434,0.1739517166078414
506,0.2578165584977051,0.1345906010990708,0.607592840403224
507,0.18378550319676215,0.20549210802986007,0.6107223887733777
508,0.2219313397298094,0.18943195781242092,0.5886367024577697
509,0.6968559604642566,0.03832523592161037,0.2648188036141329
510,0.15248455743716124,0.47850274181728053,0.36901270074555825
511,0.16480826301087936,0.5823764222924859,0.25281531469663465
512,0.13168170926281308,0.17358795026778118,0.6947303404694057
513,0.1499272933359506,0.17468314002073457,0.675389566643315
514,0.33324564923433136,0.1885154581589288,0.47823889260673985
515,0.14662498040679742,0.6156037096707871,0.23777130992241527
516,0.6795755034065857,0.10018571356514411,0.22023878302827016
517,0.21788107189091846,0.2632375895963312,0.5188813385127504
518,0.2812951236122815,0.16329697946255828,0.5554078969251602
519,0.20902359843485738,0.19163207916983122,0.5993443223953113
520,0.1945865739180586,0.20862201137289269,0.5967914147090488
521,0.15626569893800576,0.21694876866319546,0.6267855323987988
522,0.2785428938989421,0.12177882924225586,0.5996782768588019
523,0.25454889999001395,0.1355984270214693,0.6098526729885168
524,0.1696535398802029,0.4788017444175925,0.3515447157022046
525,0.18312740900389352,0.21171737946738728,0.6051552115287192
526,0.23660321012027172,0.19382317498691143,0.5695736148928168
527,0.1743812204864198,0.19666344608962694,0.6289553334239532
528,0.22426847589715518,0.12776369795037984,0.647967826152465
529,0.17861725008052567,0.15987962094235988,0.6615031289771145
530,0.2835094716434314,0.190268305883795,0.5262222224727735
531,0.21500009405243467,0.12525639602238817,0.6597435099251772
532,0.19334764298326854,0.2150623260821215,0.5915900309346099
533,0.2700931720256242,0.15658949937948713,0.5733173285948887
534,0.2231523006752546,0.1719605448025604,0.604887154522185
535,0.24501800958360065,0.16551617140548833,0.589465819010911
536,0.2360627007175591,0.21118668156134646,0.5527506177210944
537,0.10582519739620741,0.21266320805215194,0.6815115945516408
538,0.6526833202881367,0.13660753053345065,0.21070914917841255
539,0.3156113479819551,0.1412053295465556,0.5431833224714894
540,0.3073455668193126,0.2995863096897937,0.39306812349089365
541,0.16667047051702358,0.28618080168914206,0.5471487277938344
542,0.2551234576586744,0.16203919972970507,0.5828373426116206
543,0.1848431821954987,0.2030271575841506,0.6121296602203506
544,0.48172845977672585,0.10605690812239998,0.41221463210087417
545,0.2966017198391993,0.29584063945522754,0.40755764070557327
546,0.298432817803556,0.3288436027934543,0.3727235794029896
547,0.2496609442573251,0.242737438623672,0.5076016171190028
548,0.20676375035159858,0.2530812098741807,0.5401550397742209
549,0.14869869480755735,0.17646827595092218,0.6748330292415203
550,0.27147020438006186,0.18119306826140621,0.547336727358532
551,0.16219159243646264,0.3309752196810943,0.506833187882443
552,0.1148204379563567,0.31823846369437264,0.5669410983492709
553,0.2450275168751874,0.2771966745514648,0.4777758085733479
554,0.20247581292212208,0.1860928220845727,0.6114313649933051
555,0.09869036596292192,0.3507734509016852,0.5505361831353929
556,0.28318038863909684,0.31592504697589946,0.40089456438500376
557,0.345553665189188,0.14901477984828368,0.5054315549625283
558,0.2540721409167116,0.1820350391543279,0.5638928199289606
559,0.08263746854897105,0.25873791894067366,0.6586246125103553
560,0.3068844007335484,0.1692819635718221,0.5238336356946296
561,0.185062403210655,0.14527111247408916,0.6696664843152559
562,0.27151004578423055,0.17093461664360404,0.5575553375721656
563,0.33030109729043905,0.24397092806321669,0.4257279746463443
564,0.10727002711064859,0.39041441151181006,0.5023155613775413
565,0.7066206255786708,0.07073364854091188,0.22264572588041745
566,0.1995087832504732,0.19799215838628745,0.6024990583632392
567,0.1626427222889193,0.10891043942718312,0.7284468382838974
568,0.1578822174562136,0.18694363571100392,0.6551741468327825
569,0.16600755931504668,0.23362265775216998,0.6003697829327832
570,0.36261419966973163,0.14481323306557628,0.4925725672646922
571,0.15215775647077043,0.1661918873152169,0.6816503562140127
572,0.18898041194370008,0.2169451790025368,0.5940744090537631
573,0.231238798025013,0.1552174679246008,0.6135437340503862
574,0.2524773616906928,0.2906860822038373,0.45683655610546986
575,0.13311722221561173,0.15140542766411744,0.715477350120271
576,0.1717839420579083,0.15067979575107834,0.6775362621910134
577,0.23967698865588233,0.166714523677215,0.5936084876669027
578,0.22846673541873172,0.17380083767204652,0.5977324269092218
579,0.14918346542278527,0.3748415030401753,0.4759750315370394
580,0.18701155545784898,0.16397768301551074,0.6490107615266403
581,0.12784840275749412,0.15995506937801496,0.7121965278644908
582,0.4417881244041882,0.2557134255023737,0.30249845009343823
583,0.21864513965761936,0.26546428112781073,0.5158905792145699
584,0.20287591580918957,0.13989945064776,0.6572246335430504
585,0.19943945971821397,0.14164988088537908,0.6589106593964069
586,0.18480263274800093,0.24052587976602469,0.5746714874859746
587,0.12574706586137155,0.4006943194263929,0.47355861471223554
588,0.27495976859196297,0.16578109322066864,0.5592591381873683
589,0.1533570434810183,0.16773841232024256,0.678904544198739
590,0.1630443709592045,0.36749886332605775,0.4694567657147377
591,0.20593323643410597,0.1778380813542859,0.6162286822116083
592,0.21479805033710872,0.17986301796767332,0.6053389316952179
593,0.16743090337722438,0.21844850857351908,0.6141205880492564
594,0.15647685120290444,0.3781201626654424,0.4654029861316532
595,0.18468267638282576,0.15484249373294887,0.6604748298842251
596,0.1941075359318942,0.2709706668181018,0.5349217972500041
597,0.2953366831473459,0.2945656778288306,0.4100976390238234
598,0.16453904246103096,0.19066808991210327,0.6447928676268657
599,0.14633680945111513,0.33136770159977524,0.5222954889491098
600,0.2029259594137924,0.19772081727343666,0.599353223312771
601,0.22699313810976288,0.2860219078958885,0.48698495399434855
602,0.4831775175850098,0.13002873117037278,0.3867937512446175
603,0.14924266200983527,0.23880162027839763,0.611955717711767
604,0.24034547629302658,0.1619391989321414,0.5977153247748322
605,0.19208444193423976,0.23610593299342508,0.5718096250723351
606,0.221880237556594,0.13813881329272662,0.6399809491506794
607,0.2717864914770842,0.19758599986736924,0.5306275086555468
608,0.19114624039879494,0.3085875178385668,0.5002662417626383
609,0.2714899451460029,0.32930820520222004,0.39920184965177713
610,0.2393457969107358,0.3605444236896057,0.40010977939965836
611,0.13843984022167452,0.41999280881891954,0.4415673509594058
612,0.1578822174562136,0.19222141348878172,0.6498963690550048
613,0.15581505469153922,0.2641732001173256,0.5800117451911353
614,0.12272834332555443,0.3748782002408985,0.502393456433547
615,0.23433135067566918,0.144381421614739,0.6212872277095919
616,0.2767878228655211,0.13818255512205935,0.5850296220124194
617,0.2127706359102154,0.34106516981746215,0.44616419427232246
618,0.2542141138274449,0.34549804801580314,0.40028783815675184
619,0.10969908242012147,0.37494020049136073,0.5153607170885178
620,0.10012827647695398,0.6249838913474804,0.27488783217556545
621,0.18980779229935232,0.20848765167688502,0.6017045560237626
622,0.18878513451503434,0.16544479826154027,0.6457700672234253
623,0.3012138702793422,0.18882338726851203,0.5099627424521458
624,0.14470392063874665,0.1194552786843278,0.7358408006769256
625,0.1821959409712094,0.20987081433793012,0.6079332446908604
626,0.11083938757370435,0.27307848480303026,0.6160821276232656
627,0.19896395552954654,0.19458516144816254,0.6064508830222909
628,0.14049055148546408,0.30542128562312637,0.5540881628914096
629,0.2612626562903063,0.2185803468978887,0.5201569968118049
630,0.40962034891019117,0.13987950528950954,0.4505001458002993
631,0.291471166118293,0.17539347425864643,0.5331353596230605
632,0.2086380878571137,0.15025599981384088,0.6411059123290453
633,0.2438760645667518,0.1599067611841047,0.5962171742491434
634,0.10965273769353694,0.29870033849911853,0.5916469238073447
635,0.5667781054313091,0.06601482395687311,0.36720707061181784
636,0.22582295455166806,0.19698958678435102,0.5771874586639807
637,0.21613036761796064,0.10837218639264391,0.6754974459893952
638,0.393844693108301,0.16950320473288513,0.4366521021588141
639,0.16084459635208373,0.2567502077620729,0.5824051958858434
640,0.7796091704850235,0.020902034267325134,0.19948879524765128
641,0.191804931758683,0.17812051490938355,0.6300745533319335
642,0.09260317281807329,0.3822220842181841,0.5251747429637426
643,0.2144140861882709,0.19129175950074687,0.5942941543109823
