,proba_0,proba_1,proba_2
0,0.3035343849271137,0.1883085991034459,0.5081570159694403
1,0.22211014388302522,0.19355764216023377,0.5843322139567408
2,0.994979961165801,0.004582499951118226,0.00043753888308058935
3,0.1908582143808852,0.2048884124439637,0.6042533731751512
4,0.24397768091402292,0.19925008873067535,0.5567722303553017
5,0.22505934165872507,0.19308830747163516,0.5818523508696397
6,0.20066586030641864,0.21331399256638145,0.5860201471271995
7,0.2299460266153448,0.20672476659937436,0.5633292067852805
8,0.16787692061157883,0.19512610284160592,0.6369969765468154
9,0.0744979614430804,0.22258184646729107,0.7029201920896285
10,0.16263229728591375,0.21187997062362396,0.625487732090462
11,0.17255562319897869,0.17902549786426006,0.648418878936761
12,0.2609454790823499,0.18712944574209717,0.5519250751755532
13,0.2926603390330427,0.19229649731800777,0.5150431636489495
14,0.285864955356308,0.17606090984520856,0.5380741347984838
15,0.2840690815180525,0.2019096821845603,0.5140212362973869
16,0.16093808673240684,0.19705692842741135,0.6420049848401818
17,0.17113250826690393,0.18543176131610575,0.6434357304169903
18,0.1306476193476912,0.21407718790881566,0.6552751927434931
19,0.2651397332131571,0.199995797371398,0.5348644694154451
20,0.13529927082542367,0.21769018007127752,0.647010549103299
21,0.1694104542004356,0.20927200452603528,0.6213175412735289
22,0.369461980310176,0.17239378686095527,0.4581442328288685
23,0.3558381535711404,0.16851209575643586,0.47564975067242343
24,0.3481882198844724,0.17539992439656882,0.4764118557189587
25,0.2087052027921927,0.20905613140527066,0.5822386658025371
26,0.10129600566191414,0.2420598803894296,0.6566441139486562
27,0.9109824777627564,0.05973786729743768,0.029279654939806048
28,0.17602677808612988,0.20495413422499548,0.6190190876888749
29,0.9996477141103625,0.00033189758916604077,2.0388300471524698e-05
30,0.23246871196039814,0.19672626309247837,0.5708050249471234
31,0.17633625304927913,0.21188910956290008,0.6117746373878208
32,0.2803011610668723,0.17977260412924384,0.5399262348038837
33,0.13972189121115883,0.1884770454892325,0.6718010632996089
34,0.253435254892314,0.18043649485176372,0.5661282502559224
35,0.21810212318382943,0.18866143966256843,0.5932364371536023
36,0.13847509396796895,0.20857544091285649,0.6529494651191743
37,0.5936308278399817,0.15482955852868716,0.2515396136313311
38,0.21399248990402403,0.2080435263957906,0.5779639837001853
39,0.09014116239902738,0.23099672113888972,0.6788621164620827
40,0.30262425367293044,0.19604319192744576,0.5013325543996238
41,0.0912589427886832,0.2164654369580883,0.6922756202532283
42,0.15458384566210256,0.22481310573362817,0.6206030486042692
43,0.2318584042784955,0.2000621085546895,0.5680794871668148
44,0.20373017870454888,0.20363616405681015,0.5926336572386407
45,0.22698853234489783,0.20194733576446094,0.5710641318906412
46,0.10011103202867161,0.20823990487599914,0.6916490630953294
47,0.2125037552618487,0.2140468855039578,0.5734493592341935
48,0.10642264452779188,0.23850718617956687,0.6550701692926412
49,0.1542471952129422,0.2065486494505916,0.6392041553364662
50,0.16608900166504798,0.19533700504244222,0.6385739932925096
51,0.3425168472436577,0.17208289338437327,0.485400259371969
52,0.2172931673136985,0.18467584444035604,0.5980309882459455
53,0.9997427285170618,0.00024283782502569607,1.4433657912233911e-05
54,0.28086013535611004,0.181241761671399,0.5378981029724913
55,0.11636044620387845,0.20287131639830097,0.6807682373978207
56,0.20740820651299433,0.18194727352182813,0.6106445199651775
57,0.24711927975710082,0.19939471353217555,0.5534860067107235
58,0.3359443232952921,0.17688762614564202,0.4871680505590657
59,0.22622233516224058,0.2011336640676929,0.5726440007700663
60,0.14055470974897213,0.2290985928612341,0.6303466973897935
61,0.4140834179706082,0.17791987158818198,0.40799671044120966
62,0.0836230623487406,0.23028280818691782,0.6860941294643416
63,0.1703042932702938,0.20935336332744764,0.6203423434022584
64,0.20357900192062411,0.20868915875740804,0.587731839321968
65,0.20976768525947667,0.21072771714895402,0.5795045975915694
66,0.2237246259199421,0.19418542278829204,0.582089951291766
67,0.22955938101726708,0.20665680792162053,0.5637838110611123
68,0.19853139474162218,0.20061421662459558,0.6008543886337825
69,0.21394811263529898,0.2069589984122329,0.5790928889524678
70,0.6406385616839693,0.1191874144023116,0.24017402391371898
71,0.19691518474997574,0.19603261117498316,0.6070522040750408
72,0.21861037371393907,0.1867782465513814,0.5946113797346797
73,0.13520420388302265,0.21680408787288838,0.6479917082440891
74,0.1469421016137793,0.22607098613816715,0.6269869122480534
75,0.9991244693860494,0.0008189993531497194,5.6531260800872195e-05
76,0.42799979638509084,0.18020755795132512,0.39179264566358407
77,0.15280936570902223,0.2115471337736219,0.6356435005173559
78,0.19878210760294737,0.20140645988076422,0.5998114325162881
79,0.48467734425606585,0.1519000756145837,0.3634225801293501
80,0.33171723148982457,0.18922928299696262,0.47905348551321253
81,0.24208918968256649,0.19794099040116817,0.5599698199162653
82,0.9996979907725223,0.0002848461716198651,1.7163055857932606e-05
83,0.1999395029186862,0.20207947257014092,0.5979810245111727
84,0.2734424525237498,0.19197790438557166,0.5345796430906785
85,0.1352961595877348,0.21790327915750504,0.64680056125476
86,0.9997525017040746,0.0002340030019772153,1.3495293948081344e-05
87,0.227539724963614,0.20701849529021257,0.5654417797461734
88,0.306135477674831,0.189119823568498,0.5047446987566707
89,0.2871881718742072,0.17803360932223905,0.5347782188035537
90,0.3022746017797966,0.20041243196747743,0.4973129662527257
91,0.19319961769726476,0.19673432120045523,0.6100660611022802
92,0.17564790943145187,0.211758669647267,0.6125934209212807
93,0.19810299374427554,0.2106516917415527,0.5912453145141716
94,0.16734830080493854,0.2216173294875162,0.6110343697075451
95,0.2074997916139753,0.2132744747513306,0.5792257336346943
96,0.31817785496071,0.18549316884141054,0.49632897619787975
97,0.23141587415769257,0.19580858434974982,0.5727755414925576
98,0.2604853144176117,0.19477703799689655,0.5447376475854914
99,0.3008318283297014,0.18911911530135941,0.5100490563689392
100,0.20940404273491645,0.19523138547437868,0.5953645717907046
101,0.13585353217810794,0.22024661411207574,0.6438998537098163
102,0.23718195630377772,0.18891261678134147,0.5739054269148807
103,0.12270958862416521,0.2309494953805835,0.6463409159952513
104,0.3574426789376025,0.17604089506402823,0.46651642599836923
105,0.2111723810645084,0.21656587099373809,0.5722617479417536
106,0.19860554676053158,0.20491636184646758,0.5964780913930003
107,0.2587971061467674,0.19545786801367282,0.54574502583956
108,0.23830379409386832,0.19730805163031545,0.5643881542758162
109,0.3098656183681976,0.16915369948089348,0.5209806821509088
110,0.21048486018469256,0.20699109277549366,0.5825240470398136
111,0.26308271948483203,0.19714488029556956,0.5397724002195979
112,0.11426432926997848,0.23159298943420195,0.6541426812958195
113,0.092943477252904,0.2079553850519379,0.6991011376951581
114,0.24130622952615677,0.19415346589259688,0.5645403045812462
115,0.4092635216565158,0.15607951769241304,0.434656960651071
116,0.1825874648243784,0.21008709358726535,0.6073254415883566
117,0.24489857650381588,0.2030529051376279,0.5520485183585564
118,0.24868155658490193,0.17427311954145724,0.5770453238736407
119,0.15946620345231333,0.2110575172783118,0.6294762792693747
120,0.23853314698988498,0.18773698476495318,0.5737298682451619
121,0.2684416787691037,0.1812162342681655,0.550342086962731
122,0.2578964178050939,0.1930549751541271,0.5490486070407786
123,0.19806508435883075,0.20666208813838702,0.5952728275027823
124,0.30495050141291413,0.17856454134470945,0.5164849572423763
125,0.23878073599178118,0.20175008102890618,0.5594691829793125
126,0.19020386780628074,0.21660487681091653,0.5931912553828026
127,0.22317323586430574,0.20509313295649598,0.5717336311791983
128,0.1348369081243095,0.21691661546577964,0.6482464764099106
129,0.1224124133516706,0.2257351150873432,0.6518524715609861
130,0.22951682667962303,0.20782155675888825,0.5626616165614884
131,0.2963390976208037,0.18704688962432459,0.5166140127548714
132,0.24271626262510487,0.19661820653017006,0.5606655308447249
133,0.8892960036552988,0.07386886963878608,0.036835126705915155
134,0.22260863160146543,0.19256190967028194,0.5848294587282526
135,0.13673566736835888,0.20528980090492918,0.6579745317267119
136,0.1526491289035747,0.2124327216894601,0.6349181494069654
137,0.27233886785307876,0.1910519858439401,0.5366091463029813
138,0.20421764558487712,0.20234125691380606,0.5934410975013169
139,0.10982841500477761,0.23916148971037338,0.6510100952848489
140,0.21447594107022105,0.20582478664444614,0.5796992722853327
141,0.32450259896779166,0.17632473415681965,0.4991726668753887
142,0.1664694986744281,0.20812925635294724,0.6254012449726245
143,0.26750996015932194,0.1918767737647573,0.5406132660759208
144,0.269222090941804,0.18814455527521481,0.5426333537829813
145,0.22996371751122557,0.18850043058022845,0.5815358519085457
146,0.16710468102057058,0.18829883429754246,0.6445964846818869
147,0.21828927012886784,0.2006454392937438,0.5810652905773883
148,0.39878103642738083,0.16959254689235145,0.4316264166802679
149,0.24496339581421225,0.20494341168326843,0.5500931925025191
150,0.1457499759371524,0.21510196718927888,0.6391480568735687
151,0.3837754109192811,0.1755941349632666,0.4406304541174523
152,0.14446547401150933,0.2135295379477955,0.6420049880406952
153,0.30442449074358596,0.18909770750189175,0.5064778017545223
154,0.16939362445025297,0.20417087695193548,0.6264354985978116
155,0.19118231304903321,0.20424392824890658,0.60457375870206
156,0.17691106588699276,0.20444547934598462,0.6186434547670226
157,0.33045635809256335,0.18453145387225853,0.4850121880351781
158,0.12117126032121237,0.23114130597042282,0.6476874337083647
159,0.271134449477538,0.18630286044786473,0.542562690074597
160,0.2680618679250275,0.19284557590286022,0.5390925561721124
161,0.24873699292623822,0.19482916374367212,0.5564338433300896
162,0.1304531326197269,0.22863583953197913,0.640911027848294
163,0.19570309920098905,0.208885742795364,0.595411158003647
164,0.3223414354316453,0.1850817912836714,0.4925767732846832
165,0.24222682773002266,0.2028598701391259,0.5549133021308513
166,0.1610830452077,0.2203573330659191,0.618559621726381
167,0.30576992735945224,0.19005613986710995,0.5041739327734378
168,0.17099521856932393,0.21604140870643201,0.6129633727242437
169,0.22582918302231883,0.21404067014244227,0.5601301468352389
170,0.20301307581399136,0.1940056599236027,0.6029812642624057
171,0.3329817342323909,0.18215105724067693,0.48486720852693177
172,0.3963810254085266,0.17289077585008686,0.4307281987413864
173,0.22945696318253156,0.18782699533427197,0.582716041483196
174,0.1967290456597865,0.21064434001694893,0.5926266143232646
175,0.24299750349107826,0.19665332192060545,0.5603491745883163
176,0.3562191039541501,0.17265071736147042,0.4711301786843799
177,0.2820553908802885,0.1948271335117019,0.5231174756080098
178,0.3215720523382532,0.18528968253074776,0.49313826513099895
179,0.23224238849777945,0.18892254353524324,0.578835067966977
180,0.3497166760991453,0.17216969713301208,0.47811362676784297
181,0.2548290464464603,0.20663185751393898,0.5385390960396008
182,0.3163981479428246,0.17566642403821428,0.5079354280189609
183,0.18616241647177484,0.21074710452993098,0.6030904789982939
184,0.32234004864607985,0.19337553788105402,0.4842844134728663
185,0.13881907659191076,0.20550281548502997,0.6556781079230595
186,0.32590069304270364,0.1827915344930486,0.4913077724642481
187,0.17462363930670421,0.20490045606415633,0.6204759046291395
188,0.17658276630188438,0.2050210784747796,0.6183961552233361
189,0.17163903637933584,0.19908883602161817,0.629272127599046
190,0.25075536872144844,0.18748884518910047,0.561755786089451
191,0.25789297195459365,0.17609611185863774,0.5660109161867688
192,0.2581643675723582,0.20422312272561546,0.5376125097020263
193,0.2079782030811316,0.20472498914869597,0.5872968077701725
194,0.1636279955566295,0.2121337765085502,0.6242382279348205
195,0.2942059446745074,0.19588066796412087,0.5099133873613719
196,0.17988565731269537,0.1792194910189601,0.6408948516683444
197,0.12477117282185042,0.21392597492906792,0.6613028522490817
198,0.2889773731661862,0.1843929846989086,0.5266296421349049
199,0.15903487066444613,0.21849030375992018,0.6224748255756335
200,0.19114180298734368,0.21739438206234699,0.5914638149503092
201,0.23269246349942602,0.1940093759295525,0.5732981605710215
202,0.24272575088187487,0.1993972802162539,0.557876968901871
203,0.30707285875867824,0.18205455978962798,0.5108725814516938
204,0.15663064312793332,0.20933477836527928,0.6340345785067875
205,0.2660834822158073,0.2044537508417695,0.5294627669424228
206,0.22896003981048826,0.2090698725006259,0.5619700876888857
207,0.252557381708603,0.1957929704141401,0.551649647877257
208,0.16491748403560602,0.21517876641418207,0.619903749550212
209,0.9967935438552037,0.002929488144036501,0.0002769680007596987
210,0.22712872863471747,0.18871274937082272,0.5841585219944595
211,0.31421256369720935,0.1917588271399715,0.4940286091628194
212,0.16852322935107888,0.2057886539464237,0.6256881167024977
213,0.2588320027109822,0.1863385328992995,0.5548294643897184
214,0.20622340541035686,0.20716327799863027,0.586613316591013
215,0.17649894972399185,0.2056413779627596,0.6178596723132483
216,0.15169393796312658,0.205115793171757,0.6431902688651164
217,0.32708169348063626,0.19092208729341725,0.4819962192259466
218,0.13032996943392272,0.23141786224134195,0.6382521683247353
219,0.3059426012225637,0.1869215542347203,0.507135844542716
220,0.18106351596076295,0.2005035823885239,0.6184329016507131
221,0.16337821291518476,0.21196556970652694,0.6246562173782886
222,0.34296451885747964,0.17049833969413564,0.48653714144838484
223,0.23008194566855333,0.20683660441743218,0.5630814499140147
224,0.17252631123763323,0.20619039485938778,0.6212832939029789
225,0.2807488143623107,0.1853659982171729,0.5338851874205167
226,0.10641556918629971,0.22964634924581026,0.66393808156789
227,0.07653636396319896,0.24758206320903534,0.6758815728277654
228,0.19532508255318182,0.204405756290448,0.6002691611563703
229,0.1996995018055103,0.2011909209791068,0.5991095772153829
230,0.5456701039037982,0.14141263223096026,0.31291726386524127
231,0.34653826026411916,0.18180450246348556,0.4716572372723951
232,0.09787024599719946,0.21350162015958965,0.688628133843211
233,0.2937724517760423,0.17804255746680994,0.5281849907571481
234,0.1450404173268819,0.21203127800786667,0.6429283046652513
235,0.13792860535548399,0.2225501713029323,0.6395212233415837
236,0.17741987320803532,0.20501894752371938,0.6175611792682453
237,0.22045895897211834,0.1908276975543534,0.5887133434735282
238,0.2576000177413064,0.18687756638620048,0.5555224158724934
239,0.1855206008827574,0.21573616024652406,0.5987432388707186
240,0.1942994527564454,0.20064471372256512,0.6050558335209895
241,0.20435232693164182,0.2084190383190084,0.5872286347493498
242,0.23399694771216048,0.2073013012112519,0.5587017510765875
243,0.24111291580179334,0.18085689299876914,0.5780301911994372
244,0.18188383839191244,0.21310904392002397,0.6050071176880635
245,0.1284097616482449,0.23160325973983042,0.6399869786119246
246,0.13961556939166506,0.23163005706154458,0.6287543735467903
247,0.22122521634000303,0.2072705354141007,0.5715042482458962
248,0.32028437365957857,0.17865002013297995,0.5010656062074411
249,0.3041362178585273,0.18255646634721706,0.5133073157942555
250,0.20559511862362712,0.19407126819283926,0.6003336131835336
251,0.21049992024654704,0.20082622532524164,0.5886738544282113
252,0.348230967967676,0.17797646119891317,0.47379257083341103
253,0.2118526192481552,0.1973556523955955,0.5907917283562494
254,0.4240695144601418,0.16882122522636178,0.4071092603134965
255,0.18827694813587115,0.21077434041866144,0.6009487114454675
256,0.21281017872010957,0.19299745537971053,0.5941923659001802
257,0.32239678353851264,0.1921809696701853,0.48542224679130197
258,0.30533961558556744,0.1773138998764245,0.5173464845380078
259,0.2390030423710304,0.19474760535318533,0.5662493522757841
260,0.27317555806937804,0.20002682298772317,0.5267976189428988
261,0.2957557577097076,0.19758557814944785,0.5066586641408446
262,0.14652395328752132,0.19641221352180682,0.6570638331906719
263,0.24806767767574872,0.19540411529624696,0.5565282070280043
264,0.15555723129609172,0.22665516053059082,0.6177876081733175
265,0.11630436916364391,0.24323559095878605,0.6404600398775698
266,0.2769090394409924,0.1883697696325378,0.5347211909264701
267,0.3527653370071399,0.18367217181091314,0.4635624911819471
268,0.3876015460983485,0.17541208638983247,0.43698636751181863
269,0.268457053699789,0.19161488176089084,0.53992806453932
270,0.21706410670605056,0.20337528616546777,0.5795606071284816
271,0.1738375484782604,0.21458906014549434,0.6115733913762453
272,0.23639821179719406,0.19683708830959748,0.5667646998932084
273,0.11932608903754825,0.20446600481546182,0.6762079061469899
274,0.10204720703787801,0.2317330495435287,0.6662197434185935
275,0.2522154114373649,0.17840467480015668,0.5693799137624781
276,0.16375021308587262,0.20706761313883298,0.6291821737752943
277,0.15287987503173872,0.2190168027667195,0.6281033222015417
278,0.24438565659108313,0.21185120353811362,0.5437631398708033
279,0.9995243049668133,0.00044703388042472857,2.8661152762032227e-05
280,0.3733552660761748,0.17791623412703683,0.44872849979678825
281,0.3286458727656977,0.174585893099363,0.4967682341349392
282,0.17279035863199663,0.2156490103290254,0.6115606310389778
283,0.11599142661430026,0.21970270755310434,0.6643058658325954
284,0.32702530198698093,0.17341177155674897,0.49956292645627043
285,0.29828948031267105,0.18982380877642005,0.5118867109109089
286,0.2984936111824797,0.17595600547435475,0.5255503833431655
287,0.1457784046563787,0.2220553981991004,0.6321661971445208
288,0.24935250627099412,0.19249293224248026,0.5581545614865253
289,0.14655364490780826,0.21944497483594796,0.6340013802562438
290,0.249336544958062,0.19859962637491807,0.55206382866702
291,0.13891760952806037,0.21119452629901106,0.6498878641729285
292,0.21773767216321685,0.18028186026886084,0.6019804675679225
293,0.18406927111910096,0.18660901923081555,0.6293217096500834
294,0.10665239110296529,0.22709126621453618,0.6662563426824987
295,0.21489023624555162,0.1997743856147004,0.585335378139748
296,0.1624592587442362,0.21108828429226703,0.6264524569634966
297,0.17165754487151028,0.21540561762447025,0.6129368375040194
298,0.22182948387863222,0.18740432834409085,0.5907661877772766
299,0.15682284254688736,0.2127133585321497,0.6304637989209628
300,0.1020956392787473,0.2522866054422401,0.6456177552790126
301,0.3701079457489132,0.17585460673102926,0.45403744752005754
302,0.3084939332504151,0.17834447628936123,0.5131615904602238
303,0.24808514736849427,0.19538514035917232,0.5565297122723335
304,0.2366341536298752,0.2006400105488216,0.562725835821303
305,0.3412417293596072,0.176491896574612,0.4822663740657809
306,0.24866372466722533,0.18999290034663585,0.5613433749861386
307,0.3659968065635358,0.1901505406212911,0.4438526528151729
308,0.13067059228025502,0.2301873094309869,0.6391420982887581
309,0.1847632882892677,0.20706953534143693,0.6081671763692954
310,0.13588910858458014,0.18969073043810517,0.6744201609773146
311,0.22697517385227284,0.19353485188765726,0.5794899742600699
312,0.15172561640636256,0.21131449262199545,0.6369598909716417
313,0.087454563661592,0.22152507777618857,0.6910203585622194
314,0.20952286205764928,0.2086020711224426,0.5818750668199084
315,0.11881207661269673,0.2073532414743405,0.6738346819129626
316,0.21194167694639984,0.20942190066228025,0.57863642239132
317,0.2561025810307049,0.2018128447178594,0.5420845742514357
318,0.20645320717514892,0.20595903524333908,0.5875877575815122
319,0.19090889216094462,0.20404006587434126,0.6050510419647143
320,0.105176922921632,0.20553377981902637,0.6892892972593415
321,0.326192860838313,0.1887964434190716,0.48501069574261535
322,0.27308796223742166,0.20486949008390526,0.5220425476786734
323,0.1660270903365023,0.2135108761288135,0.6204620335346842
324,0.1634137998727515,0.21302672734035463,0.6235594727868938
325,0.3017688189041468,0.1882076978133642,0.5100234832824888
326,0.28858113441049876,0.18178259174480127,0.5296362738446997
327,0.21353038389687268,0.20384508342700478,0.5826245326761225
328,0.2327016012123565,0.20419245823824636,0.5631059405493968
329,0.24399742625907464,0.19396038114660152,0.562042192594324
330,0.2561262673797822,0.20887561907960672,0.5349981135406108
331,0.14750087908896786,0.21822917262929173,0.6342699482817404
332,0.733485697049244,0.12787365289489855,0.13864065005585754
333,0.33787307378670045,0.17925810168926218,0.4828688245240375
334,0.20479840626723447,0.20909197086088288,0.5861096228718826
335,0.13837189275277734,0.21586819438159804,0.6457599128656244
336,0.23784347259408814,0.18376413532156677,0.5783923920843451
337,0.10804775548432162,0.20539657844752285,0.6865556660681559
338,0.28293337406819485,0.17653234076729973,0.5405342851645056
339,0.18273544913301823,0.2096727837742034,0.6075917670927785
340,0.13631482792162708,0.2156325879804838,0.6480525840978894
341,0.2316652828919621,0.19714606817954494,0.5711886489284929
342,0.16750486164268327,0.18058749654407064,0.6519076418132461
343,0.2597181138478396,0.1919168185431885,0.5483650676089719
344,0.2542731938444369,0.20981628438785851,0.5359105217677045
345,0.3055160227346623,0.1815545448448416,0.5129294324204959
346,0.337348758601897,0.18266290624005518,0.4799883351580476
347,0.19823396355088843,0.2060042897658349,0.5957617466832767
348,0.20125272478429415,0.20818765378105591,0.5905596214346501
349,0.25035798459010405,0.18648373095323437,0.5631582844566616
350,0.2098514914968084,0.19884916813054698,0.5912993403726449
351,0.3255524687610831,0.17783141955762968,0.49661611168128705
352,0.169376708642509,0.20635866349116513,0.6242646278663257
353,0.11451537420105329,0.23956002483866587,0.6459246009602809
354,0.3893620527810002,0.17568087645805078,0.43495707076094875
355,0.1786543374426865,0.21242190926894175,0.6089237532883716
356,0.35965862852848063,0.1768571325770571,0.4634842388944621
357,0.22269511081017976,0.20466441866295074,0.5726404705268696
358,0.11171757941654162,0.23940480529876032,0.648877615284698
359,0.09884058619102372,0.24841653583676193,0.6527428779722145
360,0.18143642115310712,0.2060680520719509,0.612495526774942
361,0.2063350500147942,0.18610300640798724,0.6075619435772185
362,0.19593930566157974,0.20862692294660046,0.5954337713918195
363,0.16208460668710176,0.2135616175586149,0.6243537757542834
364,0.1669664041915782,0.20448137760049312,0.6285522182079287
365,0.2621567415495401,0.19646339013508377,0.5413798683153762
366,0.09601827939118524,0.2102522505087844,0.6937294701000304
367,0.1998975231743999,0.21294930166816814,0.587153175157432
368,0.2190988757978725,0.20174429160476914,0.5791568325973585
369,0.24353234538833968,0.20941172136994818,0.547055933241712
370,0.1532045534748018,0.1906417958766283,0.6561536506485699
371,0.24104170056875543,0.19847245188082993,0.5604858475504143
372,0.31661857652371234,0.17449614210400544,0.5088852813722821
373,0.13909616566177974,0.22384719901338634,0.6370566353248337
374,0.171086504883815,0.2055879901301857,0.6233255049859995
375,0.0883925747933226,0.23402117754125026,0.6775862476654272
376,0.28861037480362417,0.19252863203622886,0.518860993160147
377,0.17318824881772868,0.20382344974086403,0.6229883014414072
378,0.13498482149019989,0.21095787211044492,0.6540573063993553
379,0.2604982950199186,0.20539035328126437,0.534111351698817
380,0.269643205234751,0.19972489006077437,0.5306319047044749
381,0.09279799695857265,0.21415871438681153,0.6930432886546158
382,0.3198593021046171,0.17080024319639464,0.5093404546989884
383,0.21936151388339145,0.1989691486819551,0.5816693374346532
384,0.38145773100062813,0.17858564369399063,0.439956625305381
385,0.2145937995804693,0.19495368953535716,0.5904525108841736
386,0.7565754758177464,0.11942698379167374,0.12399754039057977
387,0.3077466787852605,0.1788668038571914,0.5133865173575484
388,0.23651281715903952,0.18639588070394475,0.5770913021370159
389,0.17131153328287013,0.1926692256612726,0.636019241055857
390,0.24039273021298346,0.19015781036016433,0.5694494594268522
391,0.2696410585429532,0.1999920783370107,0.5303668631200361
392,0.9997805660838258,0.0002072699831481974,1.2163933025910132e-05
393,0.11954701020078583,0.2380707092805021,0.6423822805187122
394,0.20602437811257326,0.19186437255601527,0.6021112493314115
395,0.11419675396758522,0.22305489570814913,0.6627483503242656
396,0.2569835913321404,0.20967040659700317,0.5333460020708565
397,0.31868661153342787,0.17100829604345918,0.5103050924231133
398,0.10054055758812785,0.24852515046489568,0.6509342919469766
399,0.32776739005675226,0.17882457986006606,0.4934080300831819
400,0.09939440656078644,0.2535631809371239,0.6470424125020895
401,0.28085241037181397,0.19733225418999084,0.5218153354381951
402,0.2881776095458918,0.17941949020216041,0.532402900251948
403,0.36637028556678225,0.17176159228923413,0.46186812214398326
404,0.20381043335407184,0.21203188634059306,0.5841576803053352
405,0.26619065875759396,0.1930509947909764,0.5407583464514295
406,0.24239509377138604,0.20479160737285762,0.5528132988557561
407,0.22400395529196526,0.20137931380018234,0.5746167309078525
408,0.21459471722606205,0.19846442825003932,0.5869408545238985
409,0.21526954381780644,0.2001511972024919,0.5845792589797015
410,0.129797293643516,0.23626546816714855,0.6339372381893352
411,0.11039859644862907,0.23793068205031087,0.6516707215010599
412,0.3514787598873291,0.1995480180171757,0.4489732220954953
413,0.33678086720178513,0.17301886930692323,0.4902002634912917
414,0.3326249227301713,0.18217778486845332,0.48519729240137566
415,0.3929431467834023,0.17403826128832714,0.4330185919282703
416,0.3606175330312593,0.17371639688959878,0.4656660700791416
417,0.34115719958852575,0.17454013172493923,0.48430266868653493
418,0.3346695946483672,0.165760306334287,0.4995700990173455
419,0.12751077783920411,0.2235329686377394,0.6489562535230563
420,0.35520872014778443,0.17015304584432583,0.47463823400788957
421,0.11931015257923355,0.23926588644744945,0.6414239609733167
422,0.34055865181918893,0.1826192077179499,0.47682214046286103
423,0.36851502265222885,0.17187641053805267,0.4596085668097185
424,0.1718110598689292,0.21205431702347216,0.6161346231075986
425,0.12905174312067186,0.19907577358535175,0.6718724832939765
426,0.2909690488886159,0.1822600716697782,0.5267708794416059
427,0.2440443552629622,0.1980994953597691,0.5578561493772687
428,0.1701192450090358,0.21520661999497512,0.6146741349959888
429,0.367724487121681,0.17513229319480494,0.45714321968351407
430,0.30472574399287666,0.17165707820760004,0.5236171777995233
431,0.34960236601092143,0.17943552303121732,0.47096211095786095
432,0.27631599125693596,0.19016639332787286,0.533517615415191
433,0.1570115408080257,0.2131121699415118,0.6298762892504627
434,0.09960449740121201,0.24535413553663435,0.6550413670621537
435,0.16728970249715777,0.21565369027213044,0.6170566072307118
436,0.1394522342790143,0.23094380291274416,0.6296039628082416
437,0.2682438504750485,0.1797617533973138,0.5519943961276381
438,0.11118732165774303,0.20558088537501007,0.6832317929672465
439,0.21800765860371474,0.20427681029231165,0.5777155311039738
440,0.11150903393748246,0.23856935068767293,0.6499216153748445
441,0.22452132759174245,0.20188747703344523,0.5735911953748124
442,0.2339071012863062,0.18078394216665428,0.5853089565470395
443,0.23206949811219468,0.2140261658257797,0.5539043360620255
444,0.22754358349544782,0.19956671629219086,0.5728897002123613
445,0.13213408869687496,0.22004084864429987,0.6478250626588249
446,0.10218526005564119,0.24440634388436347,0.6534083960599955
447,0.29067446177668543,0.1971558736202241,0.5121696646030904
448,0.19449753084953128,0.1969211509105617,0.6085813182399074
449,0.21745658871925505,0.19882139997926432,0.5837220113014807
450,0.2750226287868364,0.1970933093696451,0.5278840618435187
451,0.13916611045250216,0.2285957960315337,0.6322380935159639
452,0.168994947634721,0.21464309162157388,0.6163619607437051
453,0.3086978990005065,0.19775961535103867,0.49354248564845493
454,0.27759718022721375,0.18545385001322284,0.5369489697595634
455,0.1765613956555899,0.17892026717989581,0.644518337164514
456,0.24956528988197946,0.19364312792228683,0.5567915821957338
457,0.35141738374816633,0.17778839816666922,0.4707942180851643
458,0.22142101022006483,0.1946117866509465,0.5839672031289885
459,0.3032767990807166,0.18696349109202745,0.509759709827256
460,0.12757094677943664,0.21286041542498813,0.6595686377955754
461,0.15239542110331178,0.19532906393130284,0.6522755149653857
462,0.20881128057464746,0.19628436313011088,0.5949043562952416
463,0.17379881248442913,0.21106023863804052,0.6151409488775302
464,0.2577009542159878,0.19576647723165602,0.5465325685523562
465,0.2305459064823683,0.1897529614395156,0.5797011320781162
466,0.0841758856101322,0.24830360813271934,0.6675205062571485
467,0.199728001741854,0.2103894430942616,0.5898825551638842
468,0.19983736750643472,0.2123959189414923,0.5877667135520728
469,0.2747379568970967,0.2006846273595088,0.5245774157433942
470,0.8705553394806252,0.0816116073394785,0.0478330531798963
471,0.3444261662453434,0.2000934633812258,0.45548037037343053
472,0.2882291834582593,0.18165993937575842,0.5301108771659823
473,0.7502202727467044,0.12259905326578742,0.12718067398750804
474,0.22970964512399453,0.20685552943455268,0.5634348254414528
475,0.29264215432751145,0.19407802468920146,0.5132798209832871
476,0.24334756978517316,0.18041323669096884,0.5762391935238579
477,0.32949329549455764,0.16833465809053585,0.5021720464149068
478,0.16904402829186785,0.21352530149788068,0.6174306702102512
479,0.2401423222164292,0.2088013092701389,0.5510563685134319
480,0.19777379086500388,0.20990621432413817,0.5923199948108578
481,0.21411795994966418,0.20902947984781228,0.5768525602025235
482,0.23733318358023112,0.204898406846213,0.5577684095735556
483,0.18508161406406187,0.21288605393338905,0.6020323320025491
484,0.3430259325874484,0.17454113215386816,0.48243293525868336
485,0.17353044593208267,0.20623519062941045,0.6202343634385068
486,0.3492066577598535,0.17180808994992774,0.47898525229021877
487,0.18991957286157068,0.22103239046986908,0.5890480366685599
488,0.18427778927125457,0.19943234486361505,0.6162898658651306
489,0.274009680169275,0.18815285214680982,0.5378374676839152
490,0.1906524269967094,0.2071377571559142,0.6022098158473762
491,0.21105618230134993,0.21207390179739918,0.5768699159012508
492,0.0779939391809327,0.25200548159776753,0.6700005792212996
493,0.30408810320151947,0.1819959469395835,0.5139159498588971
494,0.16584144648161236,0.21750307013491316,0.6166554833834746
495,0.18845718082083282,0.19170027022555527,0.6198425489536119
496,0.21821658898546964,0.21510275812166021,0.5666806528928704
497,0.9322945773625254,0.051278619774766165,0.016426802862708482
498,0.34334394130810014,0.17097189076197453,0.48568416792992514
499,0.2839286337308226,0.17273836238684012,0.5433330038823374
500,0.1775246590276576,0.2089737905377051,0.6135015504346373
501,0.21864433668748467,0.19377731346175853,0.5875783498507569
502,0.31473754644959473,0.17588558224632755,0.5093768713040776
503,0.2258874637075883,0.1827722800215891,0.5913402562708227
504,0.20750474859299922,0.20885459777541954,0.5836406536315814
505,0.8684601733422002,0.08058192484554981,0.050957901812250024
506,0.3401272946080785,0.175701145032746,0.4841715603591758
507,0.2753184546422812,0.19062811437295668,0.5340534309847621
508,0.23255184472221993,0.2020328416560149,0.5654153136217649
509,0.8956593307533706,0.07288807959554638,0.03145258965108322
510,0.1725276875452851,0.21169650153552255,0.6157758109191924
511,0.20185198876754143,0.2115444992316175,0.5866035120008409
512,0.08094167687846451,0.2510476040862815,0.6680107190352541
513,0.11150246085009288,0.215767972030595,0.6727295671193123
514,0.40709113755675386,0.15709463766155976,0.43581422478168663
515,0.1710564633346291,0.21163074195309922,0.6173127947122714
516,0.3754697862464702,0.17603942497073294,0.44849078878279675
517,0.17488196322087354,0.19936752796271337,0.6257505088164129
518,0.24109890606434783,0.20606744863843315,0.552833645297219
519,0.313344519518368,0.18854284513541894,0.498112635346213
520,0.1033627229693374,0.24963508815773913,0.6470021888729234
521,0.17168609947423838,0.21097248110711048,0.6173414194186512
522,0.25637542816313613,0.196303200440441,0.5473213713964228
523,0.42317629164375,0.15959861886577392,0.4172250894904761
524,0.17983658804065922,0.2121823517386621,0.6079810602206787
525,0.17429890964531883,0.21026391035441178,0.6154371800002694
526,0.21619120852059262,0.2002674628247789,0.5835413286546286
527,0.10241155629660605,0.20437709111537947,0.6932113525880145
528,0.3075367848598413,0.18222474726241003,0.5102384678777485
529,0.14964691589504966,0.20488631695921092,0.6454667671457396
530,0.28759673138999775,0.1716247027071656,0.5407785659028368
531,0.35841628750709215,0.16938694088353817,0.4721967716093697
532,0.16587877843872526,0.21525645956927386,0.6188647619920007
533,0.34651271715995874,0.18091548619485084,0.47257179664519033
534,0.23141670751118049,0.19390438195973178,0.5746789105290875
535,0.22651137802744775,0.20691633504292747,0.5665722869296245
536,0.1822243449818428,0.2047043708955159,0.6130712841226411
537,0.08845488324257136,0.24915740733806202,0.6623877094193666
538,0.3345074723845513,0.18337565973294243,0.4821168678825061
539,0.2833313896668687,0.19121454393294784,0.5254540664001831
540,0.1916999044067351,0.20917767063073914,0.5991224249625255
541,0.2882639266641532,0.1901430050496808,0.5215930682861659
542,0.2952130157652567,0.17927367743696423,0.5255133067977787
543,0.15452871834233814,0.20550205852589296,0.6399692231317688
544,0.22651943582166004,0.19376226809439032,0.5797182960839496
545,0.15174843475252034,0.21082085502236486,0.6374307102251147
546,0.43658998882704264,0.16125592408869285,0.4021540870842647
547,0.13733270665784666,0.19105558078660095,0.6716117125555523
548,0.14286569610803324,0.21360603078289803,0.6435282731090687
549,0.16512261118291974,0.1918069826505748,0.6430704061665058
550,0.1715955626985179,0.20646603365630292,0.6219384036451794
551,0.1975311975198354,0.21176373910024018,0.5907050633799243
552,0.16991159105844733,0.20644592274877444,0.6236424861927781
553,0.23534056531969735,0.19644296331136063,0.5682164713689419
554,0.18754715852057316,0.21496842588951895,0.597484415589908
555,0.11200171064535526,0.2355952538673937,0.6524030354872511
556,0.22759437566077248,0.20719229468311215,0.5652133296561153
557,0.4505504185729222,0.1551527738187153,0.3942968076083627
558,0.2520787298307558,0.19088845168915047,0.5570328184800939
559,0.08643043997554377,0.2572022575763622,0.6563673024480942
560,0.43037061390324305,0.17116200864284206,0.39846737745391503
561,0.23023224061223058,0.18578113507278546,0.5839866243149838
562,0.40774377711078963,0.1631941883750365,0.429062034514174
563,0.201460412992303,0.20746397561785018,0.591075611389847
564,0.10842565599158711,0.24768527225997422,0.6438890717484389
565,0.9074566617487722,0.06424197539339423,0.028301362857833738
566,0.24616946014970256,0.20458266959833166,0.5492478702519658
567,0.21172841742515094,0.202319149973277,0.5859524326015718
568,0.15822879630419145,0.21506658509350823,0.6267046186023001
569,0.19968448885548037,0.21254637710811616,0.5877691340364033
570,0.2484568020265335,0.1881799561858347,0.5633632417876322
571,0.1656456729162931,0.21479156762639826,0.6195627594573087
572,0.3257719941243931,0.17275210348673173,0.5014759023888752
573,0.25469428362009017,0.19465431141820294,0.550651404961707
574,0.2718201265767488,0.20793664858312985,0.5202432248401214
575,0.10717761008212887,0.24367469459226307,0.649147695325608
576,0.22199981976701055,0.18958255267095778,0.5884176275620319
577,0.22319103337580304,0.2024363212065616,0.5743726454176354
578,0.27347192494208544,0.195361276268582,0.5311667987893327
579,0.19857353105099318,0.19987328458530873,0.6015531843636982
580,0.1773016970203272,0.1902213657483568,0.6324769372313163
581,0.23976299479841007,0.17772190917082642,0.5825150960307635
582,0.1837498497837184,0.20249360445296283,0.6137565457633186
583,0.23405749562981315,0.1982203965070733,0.5677221078631136
584,0.23126032305309735,0.19348269428961096,0.5752569826572913
585,0.3163641655552354,0.1846477604812784,0.498988073963486
586,0.2323060888602267,0.18675633134224318,0.5809375797975299
587,0.10472311535920405,0.24978320470696316,0.645493679933833
588,0.1915320765869828,0.22140698038721007,0.5870609430258071
589,0.34908746147221875,0.16554603842773208,0.48536650010004934
590,0.17640818861018856,0.21412424589686319,0.6094675654929479
591,0.09365270719088978,0.25634208219770627,0.6500052106114038
592,0.2522782227632203,0.20612860577778022,0.5415931714589993
593,0.222474293672895,0.205191611368233,0.5723340949588718
594,0.153877089469368,0.21144368744992567,0.6346792230807062
595,0.21419562724735433,0.21307558980692548,0.5727287829457205
596,0.2185326422022807,0.20798056527885142,0.5734867925188678
597,0.37327416162925564,0.18017670516992054,0.4465491332008236
598,0.21520434560221768,0.2095023202978072,0.5752933340999751
599,0.14011405140909722,0.23373311405570926,0.6261528345351937
600,0.2795401162007206,0.19503141260473056,0.5254284711945487
601,0.19453560287377625,0.20370944153305587,0.6017549555931675
602,0.2282130063209446,0.1959681458413794,0.5758188478376761
603,0.1745292611498619,0.1908103518051188,0.6346603870450191
604,0.1406555552787306,0.23251231922903268,0.6268321254922365
605,0.21188746871751737,0.20165969030180889,0.5864528409806739
606,0.2962214520665109,0.18148812222608074,0.5222904257074084
607,0.09850628440222142,0.25331305147830435,0.6481806641194742
608,0.1062538328759098,0.2401092582572615,0.6536369088668288
609,0.18222828304190195,0.21193671130148037,0.6058350056566179
610,0.12075697891542343,0.2278341233304983,0.6514088977540783
611,0.1829185633588055,0.19747365470325706,0.6196077819379375
612,0.15739300239375267,0.21333638160640958,0.6292706159998377
613,0.12259016457153475,0.22302339054969053,0.6543864448787746
614,0.1881375996072127,0.2119371955385677,0.5999252048542196
615,0.32441240397609244,0.1804554699740392,0.4951321260498681
616,0.34842287632409,0.1734358686486803,0.4781412550272295
617,0.22184662574491615,0.19795176026481123,0.5802016139902725
618,0.2080644423330878,0.21263285233982615,0.5793027053270858
619,0.17750609418019345,0.20509750316837022,0.6173964026514364
620,0.1646033314672306,0.2093088472060255,0.6260878213267438
621,0.16009974649410758,0.20720939530351049,0.6326908582023816
622,0.19156033095199068,0.19445915231850924,0.6139805167294999
623,0.25905492498349053,0.1896887889286119,0.5512562860878978
624,0.23193270332536028,0.2097996337339741,0.558267662940665
625,0.21968034149113688,0.2044853741163355,0.5758342843925277
626,0.081068571561124,0.2645681446343193,0.6543632838045568
627,0.22225974534992374,0.2005084397416529,0.5772318149084235
628,0.187975683260633,0.20456480677914024,0.6074595099602268
629,0.33091242544641714,0.17985540934176383,0.4892321652118193
630,0.4300335128709108,0.16877725639533459,0.4011892307337546
631,0.14908433145812244,0.20789090639540814,0.6430247621464691
632,0.19097303090652779,0.19826022737262136,0.6107667417208508
633,0.20121342589582417,0.1969795397513263,0.6018070343528492
634,0.11318554450948,0.24116987637069143,0.6456445791198283
635,0.36247446102475606,0.18406561581015943,0.4534599231650846
636,0.2963243184992527,0.20164668465391178,0.5020289968468352
637,0.22815861567264967,0.18039618165375207,0.5914452026735979
638,0.31668278290589924,0.1945503419275403,0.48876687516656026
639,0.19111003572627835,0.2144483276714467,0.5944416366022749
640,0.9998089443925098,0.0001806176712606661,1.043793622958495e-05
641,0.0930749697525978,0.2556708843867591,0.6512541458606431
642,0.15698531768432913,0.22316148310273332,0.6198531992129376
