,proba_0,proba_1,proba_2
0,0.22554614391755767,0.16194065810583835,0.612513197976604
1,0.20609033332545526,0.15404339421391267,0.639866272460632
2,0.8186909731095778,0.06891747356863637,0.11239155332178587
3,0.23589616537217295,0.2453698253045892,0.5187340093232379
4,0.2694325989582437,0.2176826597572168,0.5128847412845395
5,0.18466497323781467,0.19205791941475336,0.623277107347432
6,0.12569312172263905,0.3320056389424269,0.5423012393349341
7,0.29311400627507544,0.23753514771733766,0.4693508460075869
8,0.1936094285739262,0.0692707708132509,0.7371198006128229
9,0.2580965147129195,0.1367042761364736,0.6051992091506069
10,0.09889844124940947,0.610589934062203,0.29051162468838754
11,0.23619679676601466,0.2356270428233056,0.5281761604106797
12,0.2464586103269796,0.11796053713174873,0.6355808525412716
13,0.2597859087593438,0.12285229802696224,0.6173617932136939
14,0.1498015348856726,0.07308883340477351,0.7771096317095539
15,0.3090391838971424,0.4276341410046672,0.2633266750981904
16,0.14319186492380873,0.14644204895808408,0.7103660861181074
17,0.1547659848721759,0.15043475244958662,0.6947992626782376
18,0.4105863361646749,0.1145921936596024,0.47482147017572257
19,0.09427026357513853,0.2552520126296394,0.6504777237952222
20,0.4028190096301949,0.2701768322353579,0.3270041581344472
21,0.18552247698502228,0.24729879466845833,0.5671787283465194
22,0.3381514316459752,0.15798689320233814,0.5038616751516866
23,0.3416908800046101,0.097303819736887,0.561005300258503
24,0.14362837471251244,0.07156502388096399,0.7848066014065236
25,0.1389668671648532,0.19914351477154654,0.6618896180636004
26,0.18892773789834133,0.2026234067989725,0.6084488553026862
27,0.7093839167953254,0.05260386141644157,0.23801222178823309
28,0.411384021501502,0.12575374695872527,0.46286223153977263
29,0.4069896296296296,0.2163585507246377,0.3766518196457327
30,0.35665437894588287,0.19668111045025694,0.44666451060386014
31,0.08614213436091835,0.5474080669243435,0.3664497987147382
32,0.20757293415828457,0.11549888557575753,0.6769281802659579
33,0.21713031489557788,0.1740604033219013,0.6088092817825207
34,0.16290405819911716,0.08432056221173408,0.7527753795891488
35,0.22621842699653683,0.07645073184768053,0.6973308411557827
36,0.18212193932228574,0.13522888437495045,0.6826491763027639
37,0.5150644319801952,0.1149787752597064,0.3699567927600983
38,0.29311400627507544,0.23753514771733766,0.4693508460075869
39,0.12367342419056569,0.12964837182910022,0.7466782039803341
40,0.34307891899648013,0.3126672535874487,0.34425382741607125
41,0.17511145293669153,0.1834811498718905,0.6414073971914179
42,0.141811651956312,0.25610936324220535,0.6020789848014827
43,0.20499421597452194,0.10747818003734279,0.6875276039881352
44,0.2839695202141803,0.1766772294144193,0.5393532503714004
45,0.1314335021545851,0.14151170552558384,0.7270547923198311
46,0.2133207910860541,0.16072706998856795,0.6259521389253778
47,0.14407524472421807,0.16215386758629918,0.693770887689483
48,0.2532414633885374,0.19817896235452806,0.5485795742569346
49,0.43991966949800826,0.10903663810404682,0.45104369239794495
50,0.14670405906458592,0.20078513008280738,0.6525108108526068
51,0.33832180201634565,0.15968318949863444,0.5019950084850199
52,0.1589568034292802,0.22219095152816468,0.6188522450425551
53,0.4069896296296296,0.2163585507246377,0.3766518196457327
54,0.19858878276162417,0.16714363370046773,0.6342675835379081
55,0.17247005254099015,0.14518086409006223,0.6823490833689475
56,0.2534945304972978,0.08113913807450247,0.6653663314281997
57,0.22738920573104704,0.08718354786790032,0.6854272464010527
58,0.35835754667127667,0.06539905783212506,0.5762433954965982
59,0.2300716051514314,0.15277382072442447,0.6171545741241442
60,0.19092753476378732,0.23727490750369729,0.5717975577325154
61,0.1623361025047414,0.13558378708102845,0.70208011041423
62,0.15808098928133568,0.14685188359794968,0.6950671271207146
63,0.14088430966004886,0.159079407818143,0.7000362825218083
64,0.23180870610021004,0.25509795286709935,0.5130933410326907
65,0.12060133594292118,0.14927722141500277,0.7301214426420763
66,0.3135774558689598,0.1782195719887185,0.5082029721423217
67,0.192420696306293,0.20335586968852667,0.6042234340051803
68,0.1835746228926353,0.44942961289917804,0.3669957642081865
69,0.11143350215458511,0.14818364228447709,0.7403828555609379
70,0.8366666666666667,0.019166666666666665,0.14416666666666667
71,0.21073047964389052,0.3060260959541427,0.4832434244019667
72,0.20116431010260172,0.10258147618775991,0.6962542137096385
73,0.5712518123872842,0.25108120931909567,0.1776669782936201
74,0.12388106531762139,0.5200752058952007,0.3560437287871779
75,0.9028571428571428,0.05142857142857142,0.045714285714285714
76,0.18055876401456172,0.13738074337644485,0.6820604926089935
77,0.12721881389084705,0.2972580615297764,0.5755231245793765
78,0.24919496900470314,0.17383330409955003,0.5769717268957469
79,0.510340689005154,0.10911057212290853,0.3805487388719375
80,0.1759091602391182,0.12587338128124365,0.6982174584796382
81,0.2973537505409527,0.12137762412383225,0.5812686253352151
82,0.4069896296296296,0.2163585507246377,0.3766518196457327
83,0.25120135400758203,0.2698278262057062,0.4789708197867118
84,0.1642624379932184,0.3018621891999158,0.5338753728068658
85,0.3864856762968615,0.23817683223535788,0.37533749146778056
86,0.39299387960548193,0.12808365455927503,0.47892246583524295
87,0.27859562173551117,0.4065838525894152,0.31482052567507357
88,0.16199370614387767,0.1379597832783759,0.7000465105777465
89,0.12835788819775096,0.2685170753388154,0.6031250364634336
90,0.3603034118335626,0.32581690974962063,0.3138796784168167
91,0.24165883292019058,0.13013840510015345,0.628202761979656
92,0.10570487270824405,0.26406167968391175,0.6302334476078442
93,0.12648112120220417,0.10501481111564594,0.76850406768215
94,0.10723120977646956,0.2633070465067022,0.6294617437168282
95,0.29378548581301717,0.26384213494532016,0.44237237924166267
96,0.27955949879918923,0.1487879459828122,0.5716525552179985
97,0.2888387992089244,0.145472370254193,0.5656888305368826
98,0.18722690862725433,0.20219465850195026,0.6105784328707955
99,0.33072031301181687,0.21821957198871844,0.4510601149994645
100,0.257278921768836,0.3379314751604346,0.40478960307072936
101,0.09100263394507235,0.5067407521136882,0.4022566139412395
102,0.30454649154631935,0.07752985546507979,0.6179236529886007
103,0.10023466955435768,0.3532206505903143,0.5465446798553281
104,0.17380153488567263,0.06823169054763065,0.7579667745666967
105,0.23313407613102888,0.2001698538621326,0.5666960700068384
106,0.26975522332534857,0.20246031204213477,0.5277844646325166
107,0.1879915632470107,0.31502784601253286,0.49698059074045636
108,0.24175369940068037,0.18886070423975312,0.5693855963595665
109,0.2257379206329796,0.1076158003069722,0.6666462790600483
110,0.10283337883161443,0.35179358705264974,0.5453730341157358
111,0.1374841247624145,0.14412617639307687,0.7183896988445087
112,0.18993631297588198,0.21157067919452072,0.5984930078295974
113,0.16117111422811742,0.1645809609430203,0.6742479248288623
114,0.304688058117786,0.16650548283697447,0.5288064590452396
115,0.521952380952381,0.18402380952380948,0.2940238095238095
116,0.1672525423643273,0.3716026366824518,0.4611448209532209
117,0.2431050331322793,0.16236737298485418,0.5945275938828666
118,0.1994207273834545,0.07881254997111431,0.7217667226454312
119,0.08930413325675993,0.185225780690233,0.7254700860530072
120,0.19031972870516223,0.12338636923577581,0.6862939020590619
121,0.12099956025118772,0.27561252890485716,0.6033879108439552
122,0.2742384814736034,0.10515450532502378,0.6206070132013728
123,0.0880944886359617,0.48267972225314154,0.42922578911089665
124,0.172867193871824,0.13503535208168826,0.6920974540464877
125,0.2210834145703071,0.10378849443686974,0.6751280909928231
126,0.13216876001037062,0.15084553635045722,0.7169857036391725
127,0.19221781508716648,0.2290891774961324,0.5786930074167013
128,0.5712518123872842,0.25108120931909567,0.1776669782936201
129,0.15714445955170903,0.3790700943960789,0.46378544605221217
130,0.4397833577739149,0.21741180815961042,0.34280483406647455
131,0.2687025156878661,0.1333349606118326,0.5979625237003013
132,0.1105210902523476,0.16333919512942038,0.7261397146182321
133,0.8887763713080169,0.04860759493670886,0.06261603375527426
134,0.1925560062510652,0.07894913364030551,0.7284948601086293
135,0.15066911760845142,0.14998643496308692,0.6993444474284617
136,0.12923318524858554,0.1940413234155129,0.6767254913359017
137,0.3139453865903446,0.09856525213740992,0.5874893612722454
138,0.12902182459467224,0.18682882970859033,0.6841493456967374
139,0.133262469809766,0.30533607229715815,0.5614014578930759
140,0.2175521070212818,0.11494624452796874,0.6675016484507494
141,0.14885839743680232,0.20402122199966213,0.6471203805635356
142,0.0968316191825874,0.6074819309541999,0.2956864498632127
143,0.2519460800303534,0.2067992097488832,0.5412547102207634
144,0.20056443536372848,0.18049362673816183,0.6189419378981097
145,0.13023432864551662,0.11471520145125413,0.7550504699032292
146,0.2495867327807884,0.08955426988005169,0.66085899733916
147,0.09014723487347912,0.1757858542660439,0.734066910860477
148,0.32890465343919706,0.17604774262318756,0.4950476039376154
149,0.14402367023170778,0.19249203185175412,0.6634842979165382
150,0.21517181208296943,0.3572680652578879,0.42756012265914267
151,0.16703955491528194,0.16467709536575093,0.6682833497189671
152,0.438013717149189,0.31509159892948524,0.24689468392132574
153,0.28943397216738864,0.12851492719419677,0.5820511006384146
154,0.2379659669193778,0.3321206513217416,0.4299133817588806
155,0.20920767654410832,0.13758011064258435,0.6532122128133073
156,0.27667291906687735,0.29591444639866993,0.4274126345344527
157,0.2670793586494839,0.18005698563880837,0.5528636557117078
158,0.14525824547289326,0.18413982647284105,0.6706019280542657
159,0.1403281713970311,0.29288815893816605,0.5667836696648029
160,0.31505396252573675,0.22151543296558185,0.46343060450868134
161,0.18603030280184601,0.1717075127933799,0.6422621844047742
162,0.18872834313668613,0.311764547018361,0.499507109844953
163,0.27689902093302804,0.32244055635200125,0.40066042271497065
164,0.2171539551887839,0.1530309835431435,0.6298150612680725
165,0.3019939220211682,0.152196432813914,0.5458096451649177
166,0.11218866626333777,0.28905010329835235,0.5987612304383098
167,0.3481504896277697,0.10288068496223475,0.5489688254099954
168,0.13120236748190714,0.4125329513623632,0.4562646811557297
169,0.22466871171519048,0.12582425097217387,0.6495070373126356
170,0.16565098701548464,0.08590886605134614,0.7484401469331692
171,0.21054587663472618,0.10342186334507207,0.6860322600202017
172,0.2527700314369889,0.1567016267446579,0.5905283418183533
173,0.19726993249747127,0.11847408853402142,0.6842559789685072
174,0.102962913919291,0.13284049033104206,0.7641965957496669
175,0.24987695053801973,0.18082085100304096,0.5693021984589394
176,0.2384610109738163,0.1616891506341258,0.5998498383920579
177,0.2592707341649701,0.12721537252842058,0.6135138933066094
178,0.17498991282614976,0.183998722717176,0.6410113644566742
179,0.2126689764334741,0.14472791367039378,0.6426031098961321
180,0.2525993923365948,0.17448549148475098,0.5729151161786542
181,0.18711128874600277,0.1295786142559489,0.6833100969980483
182,0.15780153488567258,0.07308883340477351,0.7691096317095538
183,0.20460065701048452,0.4492086352529407,0.3461907077365749
184,0.17342261091445244,0.1306723521486554,0.6959050369368921
185,0.16753487055987448,0.16021070829519013,0.6722544211449355
186,0.40374602531615045,0.18005698563880843,0.41619698904504104
187,0.2831273703624923,0.06515450532502377,0.651718124312484
188,0.24312737036249227,0.10515450532502378,0.651718124312484
189,0.15330405819911713,0.11952056221173411,0.7271753795891488
190,0.1957885732302681,0.1298110516314201,0.6744003751383117
191,0.16591220926226558,0.0773363781485442,0.7567514125891903
192,0.3851573476011198,0.2507160321092408,0.3641266202896392
193,0.15281358358059838,0.1320295316215249,0.7151568847978769
194,0.16809448863596171,0.44839400796742723,0.38351150339661094
195,0.3183151077399954,0.3832048239796401,0.29848006828036444
196,0.13680036172904858,0.20796390849258017,0.6552357297783712
197,0.1518190893410107,0.23687090368910863,0.6113100069698806
198,0.20353398479584658,0.1290825457562385,0.667383469447915
199,0.11378866626333778,0.19865010329835237,0.68756123043831
200,0.23941388881428216,0.12332274370751722,0.6372633674782008
201,0.29989055253551056,0.16047001404217184,0.5396394334223176
202,0.12367948173379158,0.1995142038519304,0.6768063144142781
203,0.5383333333333332,0.15821428571428572,0.303452380952381
204,0.09328637129619878,0.47129434953865484,0.43541927916514633
205,0.23747779830479118,0.2474113038155937,0.5151108978796151
206,0.13598885792934706,0.32632381009414035,0.5376873319765125
207,0.3138850278147557,0.15050548283697446,0.5356094893482698
208,0.24707042667988133,0.2540909737095798,0.4988385996105388
209,0.933953488372093,0.04837209302325581,0.017674418604651163
210,0.18033864975685035,0.1089017817402187,0.7107595685029309
211,0.3187956509180924,0.12030003980094443,0.5609043092809631
212,0.23076167149376947,0.3544164569307777,0.4148218715754528
213,0.581121212121212,0.1589935064935065,0.2598852813852814
214,0.08704711316403381,0.4270758575188421,0.48587702931712407
215,0.31645784682797207,0.15118665596847872,0.5323554972035492
216,0.18707432027466664,0.13694317008923615,0.6759825096360972
217,0.2613671499821527,0.21917848985196786,0.5194543601658793
218,0.14089614090899794,0.23041941311059422,0.6286844459804078
219,0.16541390602127862,0.13141196302973251,0.703174130948989
220,0.20160233055574142,0.33418125738234766,0.4642164120619109
221,0.13489844124940947,0.5785899340622029,0.28651162468838753
222,0.33319484133972194,0.0877843127523451,0.5790208459079329
223,0.23596753749193058,0.2845558211270012,0.47947664138106816
224,0.22549800702240008,0.26479484136602144,0.5097071516115784
225,0.19971107959061069,0.15857116801623983,0.6417177523931497
226,0.12457449698283994,0.2880694421232561,0.5873560608939041
227,0.31600626440994567,0.11627860705760007,0.5677151285324542
228,0.2189164407234555,0.12950070045269374,0.6515828588238507
229,0.22545969938135124,0.24934621355489484,0.5251940870637539
230,0.38446082440881235,0.11651732633594677,0.49902184925524096
231,0.13093978734093156,0.16670852097830996,0.7023516916807587
232,0.16319834385751675,0.14053046546907536,0.6962711906734078
233,0.214107712664643,0.21495421646880553,0.5709380708665516
234,0.36791966949800825,0.14703663810404685,0.48504369239794487
235,0.1690903201427309,0.1992446939900333,0.6316649858672359
236,0.23667291906687737,0.29591444639866993,0.4674126345344527
237,0.19453512160552303,0.06765697560973177,0.7378079027847453
238,0.14706680953425885,0.0973717679048694,0.7555614225608717
239,0.1032221380832389,0.15450385005074993,0.7422740118660113
240,0.2772294998148503,0.07440797648484841,0.6483625237003013
241,0.1195382882645325,0.17205136653155617,0.7084103452039113
242,0.26888799955207515,0.1534885979035191,0.5776234025444057
243,0.17417437756034648,0.12990642853734888,0.6959191939023048
244,0.14256284241134612,0.30496362526603066,0.5524735323226232
245,0.29284867515659857,0.23563484293391837,0.4715164819094831
246,0.15622284277013893,0.3378908508519366,0.5058863063779244
247,0.29311400627507544,0.19753514771733766,0.509350846007587
248,0.15753129834248633,0.0898319339940736,0.75263676766344
249,0.2590510473609529,0.20088891748102733,0.5400600351580198
250,0.35860946754555273,0.07798457014071125,0.563405962313736
251,0.20266951340358422,0.39839311654881315,0.3989373700476026
252,0.3777592770948873,0.15360773309216588,0.4686329898129468
253,0.18943016245403752,0.19755435066164245,0.6130154868843202
254,0.25343691175064187,0.07317683560990283,0.6733862526394554
255,0.15267457221506134,0.3760277061980365,0.47129772158690225
256,0.20056070417897792,0.07521826786357722,0.7242210279574449
257,0.2945719644027925,0.17703088963126287,0.5283971459659444
258,0.14513105049932423,0.07008183207714141,0.7847871174235344
259,0.2507521621046695,0.15157933216554256,0.5976685057297879
260,0.1356495739199661,0.17525201262963944,0.6890984134503946
261,0.17839998648006328,0.13374927522557847,0.6878507382943583
262,0.19409752313867826,0.12090488486032473,0.6849975920009971
263,0.18442302337686192,0.1916424245051414,0.6239345521179966
264,0.13590500374641756,0.17188531129345594,0.6922096849601266
265,0.20917928301553557,0.1632655834943733,0.6275551334900912
266,0.3127934790218178,0.11458187619928493,0.5726246447788972
267,0.35356176143697865,0.1878707377207784,0.45856750084224296
268,0.2669381841415628,0.12557508916073787,0.6074867266976993
269,0.19586393263134141,0.16455127274144463,0.639584794627214
270,0.21569033689837444,0.11667238611906491,0.6676372769825608
271,0.21418095903207296,0.16166755800021498,0.6241514829677121
272,0.2794849530550783,0.2175954471772699,0.5029195997676518
273,0.17367453433370725,0.14731617975478964,0.679009285911503
274,0.22154767403292136,0.15442021150625218,0.6240321144608266
275,0.14955050487906602,0.08358813046158113,0.766861364659353
276,0.41791966949800824,0.10703663810404683,0.47504369239794486
277,0.10763482010949164,0.2563424109906601,0.6360227688998483
278,0.37077960230975315,0.2934359573686683,0.3357844403215786
279,0.4069896296296296,0.2163585507246377,0.3766518196457327
280,0.2557061342054273,0.20873757178210683,0.5355562940124658
281,0.6459523809523808,0.15154761904761904,0.2025
282,0.17518729812345588,0.3080882886594687,0.5167244132170753
283,0.130428377053381,0.2032924709769527,0.6662791519696661
284,0.13730597992179427,0.0893143624374897,0.7733796576407161
285,0.2601916334414613,0.06747033165555598,0.6723380349029827
286,0.26426420722967675,0.19284599560063279,0.5428897971696905
287,0.2006248813042796,0.13136495545802135,0.6680101632376991
288,0.3043850278147557,0.18650548283697446,0.5091094893482699
289,0.1382127726892585,0.20632600935886403,0.6554612179518774
290,0.13825877094843836,0.0754444174331177,0.7862968116184439
291,0.152646259526497,0.08071692877132426,0.7666368117021787
292,0.135903747947699,0.2316403536260135,0.6324558984262876
293,0.2268685850060063,0.15282600860770146,0.6203054063862924
294,0.25642972240806117,0.0998239396913484,0.6437463379005903
295,0.18973788819875778,0.39285818432774955,0.41740392747349264
296,0.09990854225951047,0.5459434694157383,0.3541479883247512
297,0.2662307758781313,0.4334295058029251,0.30033971831894357
298,0.17622613612119506,0.09071103840221026,0.7330628254765945
299,0.13665095914711786,0.37653688990655354,0.48681215094632857
300,0.16350932630557882,0.1797338086025984,0.6567568650918227
301,0.2669381841415628,0.14557508916073789,0.5874867266976993
302,0.183770749367332,0.1614481335653724,0.6547811170672955
303,0.19924603735258453,0.08955889800795633,0.7111950646394593
304,0.16180408073331695,0.13925745151454796,0.6989384677521352
305,0.1356858815132539,0.10896770093530737,0.7553464175514388
306,0.2121179685902566,0.10455551551926218,0.6833265158904811
307,0.1374841247624145,0.14412617639307687,0.7183896988445087
308,0.05997541273086018,0.5329859574662966,0.4070386298028433
309,0.11523466955435771,0.2751650950347587,0.6096002354108836
310,0.19490809267335568,0.1962826255441235,0.6088092817825207
311,0.2852024355725608,0.145472370254193,0.5693251941732462
312,0.36791966949800825,0.10703663810404683,0.5250436923979449
313,0.11081257921088251,0.1511805689887441,0.7380068518003735
314,0.23385474701581618,0.3071647773469673,0.45898047563721656
315,0.14202392504805225,0.14054554390728824,0.7174305310446595
316,0.2297727825790106,0.25875639763427766,0.5114708197867118
317,0.4350506291921943,0.19816044960459211,0.3667889212032135
318,0.2658959547839729,0.09001263315974628,0.6440914120562807
319,0.1333284285635505,0.2285299743004927,0.6381415971359568
320,0.22310082747478613,0.17389339158967218,0.6030057809355417
321,0.28269532441572803,0.11538821285133656,0.6019164627329353
322,0.2368177054326405,0.13107309067043954,0.63210920389692
323,0.11098071343185556,0.3209279587762079,0.5680913277919366
324,0.19862774681609605,0.2550928690787107,0.5462793841051932
325,0.20056070417897792,0.07521826786357722,0.7242210279574449
326,0.19129133419522826,0.20769682472825257,0.6010118410765192
327,0.30664898715264466,0.12256529214701635,0.5707857207003388
328,0.13408555999767036,0.37782343060131074,0.488091009401019
329,0.2582587709484383,0.0754444174331177,0.6662968116184439
330,0.27022633631648707,0.2879259236986346,0.44184773998487825
331,0.14523734577881886,0.39029876987218914,0.464463884348992
332,0.45503536688400403,0.19639737546464453,0.3485672576513514
333,0.35625895000077307,0.24335194315230477,0.40038910684692214
334,0.10052813702848269,0.34714555945285125,0.5523263035186661
335,0.4512518123872842,0.3510812093190957,0.1976669782936201
336,0.14670405906458592,0.20078513008280738,0.6525108108526068
337,0.19978924225505496,0.08373037622423184,0.7164803815207132
338,0.37383064672409844,0.12048245335870199,0.5056868999171995
339,0.0968316191825874,0.5674819309542,0.3356864498632127
340,0.20546835672971436,0.18347173843348674,0.6110599048367988
341,0.10980229215763294,0.26078581818524965,0.6294118896571174
342,0.23961950907831134,0.08620705265906699,0.6741734382626217
343,0.19559303271468453,0.22854621355489485,0.5758607537304206
344,0.37077960230975315,0.2934359573686683,0.3357844403215786
345,0.1784836792948673,0.11435574351788313,0.7071605771872496
346,0.25880173404415585,0.07476231708547712,0.6664359488703668
347,0.14629317295571823,0.25639842836809207,0.5973083986761898
348,0.09902433478506178,0.18809354657373623,0.712882118641202
349,0.24166206290175335,0.15669677789164413,0.6016411592066025
350,0.20632872956842005,0.24196926466413088,0.5517020057674491
351,0.19858878276162417,0.16714363370046773,0.6342675835379081
352,0.3630362956812537,0.07856525213740992,0.5583984521813363
353,0.23806409893018837,0.20991059205313836,0.5520253090166733
354,0.26146442044977086,0.1684778177546897,0.5700577617955394
355,0.29632783593729056,0.3096587392773454,0.394013424785364
356,0.21417497111355466,0.1939353219066027,0.5918897069798427
357,0.09619345604053045,0.31446659344524325,0.5893399505142264
358,0.17934275251514678,0.15456236168410864,0.6660948858007447
359,0.09520752646581958,0.21407484516877787,0.6907176283654027
360,0.20398618551057857,0.2775420941132742,0.5184717203761472
361,0.12385618354100149,0.17708344923009986,0.6990603672288987
362,0.0998910859733228,0.2266443445508718,0.6734645694758054
363,0.1575093125253521,0.2635935312217206,0.5788971562529273
364,0.18260205166117177,0.4655099743539819,0.35188797398484634
365,0.23694948218591758,0.17202064262064717,0.5910298751934352
366,0.2733509725280003,0.2427804101124963,0.48386861735950343
367,0.12304849362346552,0.32869985381845995,0.5482516525580745
368,0.17826133128520635,0.1695024026096944,0.6522362661050994
369,0.24367056992288083,0.18619755561247683,0.5701318744646424
370,0.28999576402789917,0.11847592521149343,0.5915283107606074
371,0.20708025797449386,0.12866991798296604,0.6642498240425403
372,0.1662299727235839,0.14370132447994977,0.6900687027964661
373,0.13592832966765303,0.2038299423973586,0.6602417279349884
374,0.1699072137259977,0.4965572732735498,0.33353551300045253
375,0.21769956367790244,0.17114669101409974,0.6111537453079978
376,0.13943592494202864,0.14677334260040978,0.7137907324575616
377,0.24844486641273225,0.1458864292772117,0.6056687043100559
378,0.19236670356704993,0.12945505820112427,0.6781782382318257
379,0.19847056992288084,0.15955210106702228,0.641977329010097
380,0.47159198257565293,0.20181959747426628,0.32658841995008075
381,0.17717697448303443,0.17077324165371496,0.6520497838632505
382,0.21663732485290424,0.12311284359559686,0.660249831551499
383,0.22963761102107816,0.15323969221599548,0.6171226967629263
384,0.3303592489103555,0.23844868856750387,0.43119206252214054
385,0.29787484510996703,0.06515450532502377,0.636970649565009
386,0.480231100520636,0.14051098623560992,0.37925791324375396
387,0.12635180008901423,0.2721805640014572,0.6014676359095287
388,0.21194649726689868,0.08358706218981835,0.7044664405432829
389,0.2403113241396629,0.21375460347201217,0.5459340723883249
390,0.18709489115598044,0.20137934565414814,0.6115257631898713
391,0.18314312511482758,0.14232070379700704,0.6745361710881654
392,0.4069896296296296,0.2163585507246377,0.3766518196457327
393,0.16101692406218387,0.28085466555432126,0.5581284103834949
394,0.21270430212143135,0.10978068195474101,0.6775150159238278
395,0.1357907832817449,0.1587951997233118,0.7054140169949434
396,0.31681696167492013,0.4005971039676301,0.28258593435744966
397,0.2429698957676294,0.10915572825723684,0.6478743759751339
398,0.19057805615578713,0.19813036061753336,0.6112915832266794
399,0.18636210451473165,0.18352202352878827,0.63011587195648
400,0.11830752475482093,0.17430427366101167,0.7073882015841676
401,0.20822086519121644,0.11402484227009589,0.6777542925386875
402,0.11419493734391616,0.20551389733479047,0.6802911653212934
403,0.6492642390289448,0.11551027077497666,0.2352254901960784
404,0.25059723608874,0.3118811104502569,0.43752165346100297
405,0.39576356840852633,0.07856525213740992,0.5256711794540636
406,0.2999428323959169,0.12228132160282383,0.5777758460012592
407,0.08831465957254939,0.14465896146826507,0.7670263789591857
408,0.4380750605434298,0.1013435097147213,0.4605814297418489
409,0.19560077079500668,0.1365468410598891,0.6678523881451042
410,0.13590500374641756,0.17188531129345594,0.6922096849601266
411,0.14507588604648952,0.18454933272489843,0.6703747812286122
412,0.3927238964140497,0.19413491039599623,0.413141193189954
413,0.28213289699896327,0.15158889556257787,0.5662782074384588
414,0.1739180256001104,0.19303627065666795,0.6330457037432214
415,0.4330999896510962,0.19207831819713353,0.37482169215177025
416,0.19858878276162417,0.16859817915501313,0.6328130380833628
417,0.2908752882168161,0.13088378496455355,0.5782409268186304
418,0.47162738794111797,0.06327207370514094,0.4651005383537411
419,0.10885013812480966,0.19624664009488912,0.6949032217803014
420,0.1513291125501366,0.10452045858423756,0.7441504288656259
421,0.21554291937917194,0.22720497743376725,0.5572521031870609
422,0.3142189044240799,0.15446177035924663,0.5313193252166735
423,0.35057976889349896,0.10174826418133145,0.5476719669251697
424,0.10127606362703183,0.6030374865097553,0.2956864498632127
425,0.13247005254099012,0.18518086409006218,0.6823490833689475
426,0.3979206078712098,0.14187611113768744,0.4602032809911026
427,0.23737307725867393,0.2050701554028124,0.5575567673385136
428,0.13120236748190714,0.4125329513623632,0.4562646811557297
429,0.1498310428035765,0.12608546847242977,0.7240834887239939
430,0.2425012084983236,0.07144065622341052,0.686058135278266
431,0.31812861755834543,0.18989009822158986,0.4919812842200647
432,0.24181274669702005,0.2515992097488832,0.5065880435540968
433,0.172823719206333,0.22121275821414102,0.6059635225795259
434,0.18047831862297872,0.17677602990887198,0.6427456514681495
435,0.3287781250576647,0.276429055258467,0.3947928196838682
436,0.29284867515659857,0.23563484293391837,0.4715164819094831
437,0.3036580712434217,0.07440797648484841,0.62193395227173
438,0.17069834385751673,0.1660066559452658,0.6632950001972173
439,0.1935474797555173,0.14188450733118613,0.6645680129132967
440,0.17525981166815463,0.2726400714938854,0.55210011683796
441,0.1251948539210982,0.1688541772474104,0.7059509688314916
442,0.12835788819775096,0.2685170753388154,0.6031250364634336
443,0.2098116846335162,0.21208441650935156,0.5781038988571322
444,0.14723951397204602,0.135115778707772,0.7176447073201823
445,0.17985095914711785,0.43733688990655367,0.38281215094632853
446,0.125262469809766,0.21871789047897627,0.6560196397112579
447,0.22460144442552007,0.1366526643075855,0.6387458912668944
448,0.18585832322659698,0.07750001389532324,0.7366416628780799
449,0.28303629568125366,0.15856525213740993,0.5583984521813363
450,0.2198345436887796,0.12574420369725176,0.6544212526139687
451,0.18504236904441013,0.4717738646964696,0.3431837662591203
452,0.09733575187507526,0.25917658094399715,0.6434876671809276
453,0.36887674689957123,0.28956505364314344,0.3415581994572853
454,0.40552075184708414,0.13294426814921526,0.4615349800037005
455,0.15072795224090876,0.22920236042766132,0.6200696873314299
456,0.1572326521618884,0.1744003086574051,0.6683670391807065
457,0.39408033964674644,0.21091926239734954,0.3950003979559041
458,0.20842925321305336,0.11425591378680852,0.677314833000138
459,0.29835076230460084,0.13204335690607383,0.5696058807893254
460,0.3261268123551511,0.10874854286595159,0.5651246447788972
461,0.17509231462105274,0.17128230059047567,0.6536253847884717
462,0.17063279852481536,0.30985611029885624,0.5195110911763284
463,0.1965390962223097,0.36512515374782595,0.43833575002986436
464,0.14345422509758596,0.1610357340717946,0.6955100408306195
465,0.20056070417897792,0.07521826786357722,0.7242210279574449
466,0.1466290622820187,0.25138137910988595,0.6019895586080953
467,0.1746011930161627,0.1401132755550994,0.6852855314287379
468,0.1454648470743017,0.44040242152102765,0.4141327314046706
469,0.2288879995520752,0.1534885979035191,0.6176234025444057
470,0.9687763713080169,0.008607594936708861,0.02261603375527426
471,0.33992138345004463,0.19904059979240196,0.46103801675755335
472,0.15599201107614882,0.07642216673810685,0.7675858221857444
473,0.4544152821053426,0.14569566817994997,0.3998890497147074
474,0.1934706930801477,0.4296587392773455,0.3768705676425069
475,0.23064354903875892,0.17378249872662102,0.5955739522346201
476,0.2664159197855629,0.18696449639712248,0.5466195838173147
477,0.33179683395955306,0.09583564034401144,0.5723675256964355
478,0.17635542870639692,0.5591485976208665,0.26449597367273653
479,0.337333246440855,0.17494910669183444,0.4877176468673106
480,0.11143350215458511,0.14818364228447709,0.7403828555609379
481,0.2690784062864645,0.3347032491134989,0.3962183446000365
482,0.17074379035324502,0.4486900783086844,0.3805661313380706
483,0.18073371711533867,0.18443402873005288,0.6348322541546085
484,0.2662623085760387,0.10882762926069653,0.624910062163265
485,0.24705633964169008,0.07774130981818175,0.6752023505401283
486,0.27050008725776076,0.156862458810436,0.5726374539318033
487,0.1289843283429668,0.15169267682608067,0.7193229948309526
488,0.34503934520780605,0.2214029234656289,0.43355773132656494
489,0.2724449523287106,0.15169274237913405,0.5758623052921554
490,0.09896553054710744,0.30744452192320576,0.5935899475296867
491,0.12044462207933612,0.1439489846263193,0.7356063932943449
492,0.12881221246516886,0.26825561598412284,0.6029321715507083
493,0.17096602160435395,0.12270195270981508,0.706332025685831
494,0.3114070529878034,0.44219916352725436,0.24639378348494212
495,0.15225617464766125,0.23207511976288991,0.6156687055894488
496,0.17411577820076768,0.15099219878555492,0.6748920230136775
497,0.6229137466307277,0.08025696316262353,0.2968292902066487
498,0.5243423180592992,0.0794236298292902,0.3962340521114106
499,0.2962149604495887,0.10603539453517258,0.5977496450152386
500,0.16317825929794744,0.27372577879544246,0.5630959619066102
501,0.3099287171638391,0.15404339421391267,0.5360278886222481
502,0.13592977771305076,0.23498935461079679,0.6290808676761526
503,0.1336745343337072,0.18731617975478965,0.679009285911503
504,0.14195981794405876,0.15624854763084697,0.7017916344250942
505,0.9687763713080169,0.008607594936708861,0.02261603375527426
506,0.3092933102091015,0.16945193333074904,0.5212547564601495
507,0.30285331867993615,0.12894143208309425,0.5682052492369697
508,0.2024448901546929,0.11542081052119821,0.6821342993241089
509,0.7687763713080169,0.12860759493670884,0.10261603375527426
510,0.09482784864663266,0.512827114543391,0.39234503680997634
511,0.23025686341793258,0.31753514771733765,0.4522079888647298
512,0.1583075247548209,0.13030427366101166,0.7113882015841676
513,0.3519501337451193,0.1534826558268662,0.4945672104280145
514,0.4638571428571428,0.3164047619047619,0.2197380952380952
515,0.13699034934131757,0.6389898674621364,0.22401978319654606
516,0.47427477140449925,0.14069123782272944,0.3850339907727713
517,0.20953656546548718,0.1450017021598236,0.6454617323746892
518,0.31455385253457274,0.3447751583934835,0.34067098907194376
519,0.2189164407234555,0.12950070045269374,0.6515828588238507
520,0.1667550405912931,0.19720497743376722,0.6360399819749396
521,0.09990854225951047,0.5059434694157383,0.39414798832475123
522,0.24609033332545527,0.07404339421391266,0.6798662724606319
523,0.4324466581533766,0.08202137024497423,0.485531971601649
524,0.16656525375360295,0.40075499584083757,0.4326797504055595
525,0.2383004951367477,0.16314437137316118,0.5985551334900913
526,0.10686207358315652,0.21810910812298645,0.675028818293857
527,0.1899604238582984,0.09486646708574098,0.7151731090559608
528,0.1572326521618884,0.1744003086574051,0.6683670391807065
529,0.43175983512947824,0.11595920539183152,0.45228095947869024
530,0.16570236071259592,0.1529340610528398,0.6813635782345642
531,0.23464794176172127,0.13509767430804875,0.63025438393023
532,0.17273491969129678,0.20596314545369718,0.621301934855006
533,0.3479514316459752,0.16338689320233815,0.48866167515168657
534,0.24771147471130253,0.0675298554650798,0.6847586698236177
535,0.11801053296691003,0.09488905046655872,0.7871004165665313
536,0.2542205848455888,0.16789166067614247,0.5778877544782688
537,0.09520752646581958,0.17407484516877786,0.7307176283654029
538,0.28534850978820026,0.1795890855839518,0.5350624046278479
539,0.5148136936998293,0.14521549131265232,0.3399708149875183
540,0.26189143102760126,0.48230641982131345,0.25580214915108535
541,0.263499946453785,0.2297051025678195,0.5067949509783956
542,0.5705714285714285,0.08973809523809524,0.3396904761904762
543,0.26025479063290047,0.07165073184768053,0.6680944775194189
544,0.2464586103269796,0.11796053713174873,0.6355808525412716
545,0.30243759803574993,0.4014080061267306,0.2961543958375195
546,0.7983333333333335,0.10583333333333333,0.09583333333333333
547,0.14563555008956722,0.178695622014804,0.6756688278956289
548,0.25282040707787934,0.2709541762484523,0.47622541667366847
549,0.16434337295765256,0.23463526526969303,0.6010213617726545
550,0.17684913746254138,0.18139659382883658,0.641754268708622
551,0.1671483487578034,0.33259097370957974,0.5002606775326168
552,0.25609433144654126,0.21972863717172017,0.5241770313817387
553,0.2826849530550783,0.2223954471772699,0.4949195997676518
554,0.2576184696810411,0.21739341024860692,0.524988120070352
555,0.18365779826668693,0.1800038554408369,0.6363383462924762
556,0.36695989689287584,0.21854311297222886,0.41449699013489516
557,0.4692621081090046,0.1330435617544763,0.39769433013651906
558,0.3756826904012073,0.13680919036390962,0.48750811923488313
559,0.19057805615578713,0.19813036061753336,0.6112915832266794
560,0.29343691175064185,0.07317683560990283,0.6333862526394555
561,0.15770993524471819,0.07227985675243405,0.7700102080028476
562,0.6514375561545372,0.12123315363881401,0.22732929020664872
563,0.08260266871958936,0.34985363529661984,0.5675436959837907
564,0.14854734766157296,0.2625971262038813,0.5888555261345458
565,0.7541458215572302,0.07974671855929871,0.16610745988347117
566,0.3073859030077346,0.30350198264691763,0.38911211434534765
567,0.15468999713796655,0.06834967779905726,0.7769603250629763
568,0.14145312697420995,0.1864746203884987,0.6720722526372914
569,0.13658774716271904,0.3480947292133354,0.5153175236239456
570,0.42193041824414834,0.07689328582635307,0.5011762959294986
571,0.13454969263077557,0.1714348224087007,0.6940154849605237
572,0.1642378173823104,0.1548726758770078,0.6808895067406817
573,0.25921507872119814,0.1406194620903386,0.6001654591884632
574,0.23712692111180875,0.36097521359002976,0.4018978652981615
575,0.1996730287572418,0.2269356509382307,0.5733913203045274
576,0.21372684450495436,0.1407941661911149,0.6454789893039308
577,0.15024689957464818,0.13823193681270587,0.7115211636126461
578,0.25949744002822045,0.18802074545847197,0.5524818145133075
579,0.12893782215530983,0.518068218434795,0.3529939594098952
580,0.22878207819181234,0.21507948014572606,0.5561384416624616
581,0.19372588666355003,0.1637930939436248,0.6424810193928252
582,0.2877382189791374,0.26289773717215814,0.44936404384870443
583,0.2822213328854085,0.14931351372843493,0.5684651533861566
584,0.21825877094843832,0.1554444174331177,0.626296811618444
585,0.14364350536569734,0.250429502314005,0.6059269923202977
586,0.16837496440077523,0.1470710224664254,0.6845540131327995
587,0.1988280806694945,0.3291188777270223,0.4720530416034831
588,0.1689843283429668,0.1476926768260807,0.6833229948309526
589,0.2709645741140644,0.16975450454277655,0.5592809213431591
590,0.17712453923399388,0.29944811656672266,0.5234273441992835
591,0.15267423451564835,0.1740419546500993,0.6732838108342526
592,0.3776100794306938,0.19807165753644523,0.424318263032861
593,0.1531770402199423,0.17036698544275336,0.6764559743373043
594,0.22224338388846973,0.4504819309541999,0.3272746851573304
595,0.11424951120555515,0.19804638542387348,0.6877041033705713
596,0.30220304623296124,0.28455542504461934,0.4132415287224193
597,0.30253316195383373,0.26180272583458464,0.4356641122115816
598,0.12764446918874847,0.2578598620081411,0.6144956688031104
599,0.17421269605410988,0.325734262342407,0.5000530416034832
600,0.2232849178148758,0.1249097449176073,0.6518053372675169
601,0.3391404019794178,0.2816331196027833,0.37922647841779894
602,0.25017149497078806,0.17671666296119806,0.5731118420680139
603,0.13052088604962414,0.24642515773333284,0.623053956217043
604,0.13590500374641756,0.17188531129345594,0.6922096849601266
605,0.18908665193515567,0.2638053761077815,0.5471079719570628
606,0.19216309906978588,0.13832422790297633,0.6695126730272378
607,0.1791792830155355,0.22672012894891871,0.5941005880355457
608,0.23071821153454905,0.3096580643360877,0.4596237241293632
609,0.24387460659031646,0.41629434953865485,0.33983104387102864
610,0.14504236904441012,0.4717738646964696,0.3831837662591203
611,0.0576679077908577,0.6259152428443567,0.31641684936478554
612,0.12930413325675993,0.181225780690233,0.6894700860530071
613,0.26561363147006745,0.20372125476578984,0.5306651137641427
614,0.13598885792934706,0.36632381009414033,0.4976873319765126
615,0.16772534905259515,0.18467784771759985,0.647596803229805
616,0.32806381259835626,0.1609126074880524,0.5110235799135914
617,0.2755054658755911,0.145472370254193,0.5790221638702158
618,0.3109825654338739,0.40092489101380424,0.28809254355232183
619,0.1233038398614401,0.4323686704067199,0.4443274897318399
620,0.0968316191825874,0.6074819309541999,0.2956864498632127
621,0.12849649230553437,0.13141107899192767,0.7400924287025379
622,0.13532719539813295,0.15839514980434793,0.706277654797519
623,0.2240560129243822,0.18006731923853078,0.5958766678370871
624,0.28962869716784945,0.1738712071645089,0.5365000956676416
625,0.22664898715264467,0.20256529214701632,0.5707857207003388
626,0.11352470928300239,0.2076642195625001,0.6788110711544977
627,0.10980229215763294,0.26078581818524965,0.6294118896571174
628,0.1997943081123008,0.24374482685211862,0.5564608650355806
629,0.21445833340321405,0.18553034449837685,0.600011322098409
630,0.3596665831611267,0.14980507502051996,0.49052834181835325
631,0.2090928940432404,0.12760982010588617,0.6632972858508732
632,0.19043154091177836,0.06741216686656236,0.7421562922216594
633,0.13426916216117898,0.30985611029885624,0.5558747275399647
634,0.1505780561557871,0.19813036061753336,0.6512915832266796
635,0.27948229649708595,0.17662319435505322,0.5438945091478609
636,0.27022633631648707,0.2879259236986346,0.44184773998487825
637,0.1672578127627078,0.06437099156380278,0.7683711956734895
638,0.2630541319473113,0.23123307788895756,0.5057127901637309
639,0.1193133524236151,0.3241529326425156,0.5565337149338692
640,0.4920471008939974,0.2265654472763618,0.2813874518296407
641,0.13590500374641756,0.17588531129345597,0.6882096849601266
642,0.08747948075145735,0.6052312537136066,0.30728926553493596
643,0.4472464355601656,0.0698435022765695,0.48291006216326493
