,proba_0,proba_1,proba_2
0,0.092,0.116,0.792
1,0.218,0.14,0.642
2,0.988,0.002,0.01
3,0.184,0.362,0.454
4,0.186,0.082,0.732
5,0.088,0.37,0.542
6,0.074,0.18,0.746
7,0.312,0.51,0.178
8,0.102,0.044,0.854
9,0.078,0.38,0.542
10,0.082,0.684,0.234
11,0.492,0.088,0.42
12,0.236,0.312,0.452
13,0.2,0.06,0.74
14,0.154,0.114,0.732
15,0.368,0.276,0.356
16,0.364,0.112,0.524
17,0.354,0.32,0.326
18,0.556,0.254,0.19
19,0.108,0.358,0.534
20,0.312,0.326,0.362
21,0.096,0.332,0.572
22,0.12,0.14,0.74
23,0.178,0.074,0.748
24,0.472,0.088,0.44
25,0.166,0.284,0.55
26,0.344,0.14,0.516
27,0.996,0.0,0.004
28,0.508,0.194,0.298
29,0.778,0.034,0.188
30,0.116,0.174,0.71
31,0.026,0.666,0.308
32,0.078,0.056,0.866
33,0.306,0.18,0.514
34,0.376,0.208,0.416
35,0.116,0.054,0.83
36,0.332,0.27,0.398
37,0.798,0.1,0.102
38,0.48,0.348,0.172
39,0.026,0.044,0.93
40,0.342,0.328,0.33
41,0.094,0.182,0.724
42,0.024,0.414,0.562
43,0.112,0.058,0.83
44,0.15,0.092,0.758
45,0.06,0.194,0.746
46,0.124,0.126,0.75
47,0.044,0.028,0.928
48,0.186,0.12,0.694
49,0.472,0.122,0.406
50,0.086,0.224,0.69
51,0.112,0.23,0.658
52,0.362,0.196,0.442
53,0.778,0.034,0.188
54,0.062,0.066,0.872
55,0.016,0.064,0.92
56,0.186,0.126,0.688
57,0.172,0.102,0.726
58,0.418,0.18,0.402
59,0.16,0.144,0.696
60,0.124,0.122,0.754
61,0.348,0.152,0.5
62,0.284,0.288,0.428
63,0.142,0.094,0.764
64,0.068,0.198,0.734
65,0.036,0.07,0.894
66,0.128,0.124,0.748
67,0.366,0.084,0.55
68,0.102,0.308,0.59
69,0.09,0.35,0.56
70,0.728,0.096,0.176
71,0.016,0.532,0.452
72,0.068,0.048,0.884
73,0.58,0.202,0.218
74,0.046,0.606,0.348
75,0.938,0.008,0.054
76,0.348,0.114,0.538
77,0.024,0.214,0.762
78,0.042,0.124,0.834
79,0.668,0.036,0.296
80,0.232,0.08,0.688
81,0.342,0.098,0.56
82,0.778,0.034,0.188
83,0.156,0.434,0.41
84,0.092,0.178,0.73
85,0.352,0.286,0.362
86,0.836,0.04,0.124
87,0.2,0.676,0.124
88,0.208,0.258,0.534
89,0.212,0.48,0.308
90,0.202,0.124,0.674
91,0.172,0.136,0.692
92,0.038,0.424,0.538
93,0.096,0.086,0.818
94,0.074,0.352,0.574
95,0.726,0.126,0.148
96,0.646,0.046,0.308
97,0.148,0.112,0.74
98,0.148,0.172,0.68
99,0.288,0.08,0.632
100,0.096,0.416,0.488
101,0.166,0.276,0.558
102,0.27,0.054,0.676
103,0.074,0.204,0.722
104,0.266,0.08,0.654
105,0.276,0.086,0.638
106,0.212,0.238,0.55
107,0.062,0.308,0.63
108,0.52,0.246,0.234
109,0.112,0.222,0.666
110,0.102,0.164,0.734
111,0.192,0.078,0.73
112,0.102,0.16,0.738
113,0.038,0.44,0.522
114,0.692,0.052,0.256
115,0.2,0.116,0.684
116,0.068,0.304,0.628
117,0.162,0.238,0.6
118,0.186,0.024,0.79
119,0.104,0.234,0.662
120,0.258,0.13,0.612
121,0.032,0.164,0.804
122,0.174,0.198,0.628
123,0.116,0.55,0.334
124,0.056,0.052,0.892
125,0.086,0.066,0.848
126,0.086,0.064,0.85
127,0.224,0.19,0.586
128,0.528,0.214,0.258
129,0.168,0.544,0.288
130,0.706,0.056,0.238
131,0.156,0.128,0.716
132,0.236,0.348,0.416
133,0.96,0.004,0.036
134,0.204,0.076,0.72
135,0.236,0.158,0.606
136,0.018,0.258,0.724
137,0.496,0.082,0.422
138,0.188,0.368,0.444
139,0.03,0.314,0.656
140,0.158,0.184,0.658
141,0.216,0.242,0.542
142,0.092,0.756,0.152
143,0.134,0.376,0.49
144,0.738,0.04,0.222
145,0.202,0.294,0.504
146,0.102,0.096,0.802
147,0.192,0.434,0.374
148,0.142,0.184,0.674
149,0.154,0.112,0.734
150,0.03,0.404,0.566
151,0.214,0.066,0.72
152,0.382,0.232,0.386
153,0.566,0.078,0.356
154,0.062,0.522,0.416
155,0.246,0.124,0.63
156,0.284,0.346,0.37
157,0.282,0.084,0.634
158,0.02,0.182,0.798
159,0.06,0.322,0.618
160,0.146,0.262,0.592
161,0.25,0.324,0.426
162,0.074,0.16,0.766
163,0.176,0.312,0.512
164,0.37,0.202,0.428
165,0.13,0.182,0.688
166,0.176,0.238,0.586
167,0.4,0.222,0.378
168,0.106,0.424,0.47
169,0.188,0.136,0.676
170,0.106,0.24,0.654
171,0.236,0.296,0.468
172,0.114,0.124,0.762
173,0.322,0.136,0.542
174,0.06,0.104,0.836
175,0.04,0.072,0.888
176,0.188,0.174,0.638
177,0.38,0.156,0.464
178,0.282,0.232,0.486
179,0.104,0.216,0.68
180,0.104,0.066,0.83
181,0.024,0.032,0.944
182,0.118,0.13,0.752
183,0.266,0.322,0.412
184,0.206,0.084,0.71
185,0.462,0.126,0.412
186,0.548,0.152,0.3
187,0.272,0.192,0.536
188,0.29,0.174,0.536
189,0.076,0.16,0.764
190,0.174,0.132,0.694
191,0.05,0.122,0.828
192,0.524,0.106,0.37
193,0.038,0.116,0.846
194,0.15,0.406,0.444
195,0.394,0.25,0.356
196,0.444,0.064,0.492
197,0.052,0.568,0.38
198,0.428,0.15,0.422
199,0.026,0.612,0.362
200,0.118,0.07,0.812
201,0.414,0.13,0.456
202,0.044,0.39,0.566
203,0.602,0.11,0.288
204,0.186,0.594,0.22
205,0.318,0.146,0.536
206,0.266,0.426,0.308
207,0.12,0.154,0.726
208,0.23,0.404,0.366
209,0.946,0.01,0.044
210,0.392,0.242,0.366
211,0.416,0.31,0.274
212,0.046,0.484,0.47
213,0.566,0.144,0.29
214,0.086,0.216,0.698
215,0.034,0.24,0.726
216,0.318,0.268,0.414
217,0.396,0.206,0.398
218,0.054,0.214,0.732
219,0.508,0.058,0.434
220,0.024,0.474,0.502
221,0.088,0.698,0.214
222,0.512,0.054,0.434
223,0.348,0.306,0.346
224,0.038,0.2,0.762
225,0.212,0.058,0.73
226,0.074,0.25,0.676
227,0.086,0.222,0.692
228,0.052,0.14,0.808
229,0.158,0.246,0.596
230,0.72,0.026,0.254
231,0.072,0.206,0.722
232,0.076,0.148,0.776
233,0.112,0.074,0.814
234,0.596,0.254,0.15
235,0.038,0.322,0.64
236,0.298,0.334,0.368
237,0.236,0.03,0.734
238,0.292,0.416,0.292
239,0.052,0.078,0.87
240,0.422,0.184,0.394
241,0.04,0.068,0.892
242,0.466,0.158,0.376
243,0.31,0.056,0.634
244,0.194,0.15,0.656
245,0.064,0.222,0.714
246,0.122,0.572,0.306
247,0.51,0.34,0.15
248,0.284,0.096,0.62
249,0.15,0.188,0.662
250,0.502,0.168,0.33
251,0.036,0.368,0.596
252,0.38,0.134,0.486
253,0.22,0.42,0.36
254,0.176,0.114,0.71
255,0.228,0.318,0.454
256,0.164,0.074,0.762
257,0.41,0.346,0.244
258,0.116,0.08,0.804
259,0.066,0.078,0.856
260,0.058,0.148,0.794
261,0.17,0.094,0.736
262,0.238,0.222,0.54
263,0.074,0.322,0.604
264,0.082,0.246,0.672
265,0.074,0.242,0.684
266,0.306,0.194,0.5
267,0.53,0.244,0.226
268,0.186,0.048,0.766
269,0.482,0.114,0.404
270,0.17,0.134,0.696
271,0.15,0.262,0.588
272,0.168,0.146,0.686
273,0.138,0.138,0.724
274,0.144,0.258,0.598
275,0.166,0.042,0.792
276,0.524,0.218,0.258
277,0.118,0.262,0.62
278,0.276,0.36,0.364
279,0.786,0.03,0.184
280,0.582,0.148,0.27
281,0.6,0.202,0.198
282,0.11,0.264,0.626
283,0.308,0.268,0.424
284,0.264,0.084,0.652
285,0.494,0.048,0.458
286,0.096,0.154,0.75
287,0.142,0.154,0.704
288,0.762,0.054,0.184
289,0.024,0.264,0.712
290,0.246,0.114,0.64
291,0.08,0.034,0.886
292,0.096,0.24,0.664
293,0.104,0.066,0.83
294,0.25,0.206,0.544
295,0.098,0.266,0.636
296,0.104,0.718,0.178
297,0.142,0.486,0.372
298,0.398,0.166,0.436
299,0.084,0.304,0.612
300,0.228,0.2,0.572
301,0.144,0.07,0.786
302,0.164,0.434,0.402
303,0.164,0.066,0.77
304,0.356,0.07,0.574
305,0.2,0.054,0.746
306,0.162,0.246,0.592
307,0.302,0.054,0.644
308,0.024,0.296,0.68
309,0.106,0.238,0.656
310,0.37,0.26,0.37
311,0.114,0.064,0.822
312,0.6,0.21,0.19
313,0.122,0.152,0.726
314,0.246,0.4,0.354
315,0.116,0.06,0.824
316,0.232,0.322,0.446
317,0.426,0.116,0.458
318,0.042,0.05,0.908
319,0.232,0.142,0.626
320,0.064,0.278,0.658
321,0.382,0.282,0.336
322,0.052,0.034,0.914
323,0.13,0.332,0.538
324,0.27,0.234,0.496
325,0.506,0.042,0.452
326,0.146,0.044,0.81
327,0.322,0.128,0.55
328,0.074,0.242,0.684
329,0.416,0.142,0.442
330,0.324,0.392,0.284
331,0.038,0.342,0.62
332,0.722,0.098,0.18
333,0.102,0.064,0.834
334,0.068,0.334,0.598
335,0.486,0.208,0.306
336,0.048,0.354,0.598
337,0.114,0.186,0.7
338,0.116,0.06,0.824
339,0.202,0.436,0.362
340,0.24,0.2,0.56
341,0.052,0.318,0.63
342,0.53,0.142,0.328
343,0.196,0.322,0.482
344,0.26,0.442,0.298
345,0.208,0.104,0.688
346,0.426,0.116,0.458
347,0.716,0.106,0.178
348,0.048,0.266,0.686
349,0.15,0.062,0.788
350,0.014,0.882,0.104
351,0.04,0.068,0.892
352,0.184,0.194,0.622
353,0.186,0.164,0.65
354,0.172,0.31,0.518
355,0.216,0.436,0.348
356,0.086,0.18,0.734
357,0.078,0.172,0.75
358,0.048,0.238,0.714
359,0.034,0.526,0.44
360,0.296,0.31,0.394
361,0.272,0.504,0.224
362,0.01,0.092,0.898
363,0.012,0.192,0.796
364,0.16,0.586,0.254
365,0.238,0.104,0.658
366,0.092,0.272,0.636
367,0.076,0.198,0.726
368,0.376,0.164,0.46
369,0.166,0.172,0.662
370,0.422,0.088,0.49
371,0.026,0.136,0.838
372,0.444,0.282,0.274
373,0.018,0.166,0.816
374,0.074,0.736,0.19
375,0.126,0.15,0.724
376,0.19,0.118,0.692
377,0.184,0.124,0.692
378,0.424,0.276,0.3
379,0.14,0.116,0.744
380,0.478,0.114,0.408
381,0.138,0.24,0.622
382,0.072,0.254,0.674
383,0.1,0.11,0.79
384,0.318,0.388,0.294
385,0.098,0.092,0.81
386,0.864,0.044,0.092
387,0.064,0.312,0.624
388,0.264,0.036,0.7
389,0.096,0.058,0.846
390,0.368,0.332,0.3
391,0.104,0.054,0.842
392,0.796,0.03,0.174
393,0.056,0.186,0.758
394,0.098,0.288,0.614
395,0.06,0.45,0.49
396,0.136,0.812,0.052
397,0.18,0.044,0.776
398,0.048,0.3,0.652
399,0.222,0.196,0.582
400,0.056,0.362,0.582
401,0.156,0.102,0.742
402,0.128,0.164,0.708
403,0.672,0.122,0.206
404,0.146,0.33,0.524
405,0.556,0.056,0.388
406,0.388,0.04,0.572
407,0.034,0.15,0.816
408,0.344,0.262,0.394
409,0.372,0.102,0.526
410,0.06,0.11,0.83
411,0.096,0.152,0.752
412,0.794,0.066,0.14
413,0.476,0.088,0.436
414,0.346,0.186,0.468
415,0.772,0.064,0.164
416,0.12,0.13,0.75
417,0.08,0.048,0.872
418,0.33,0.102,0.568
419,0.042,0.364,0.594
420,0.092,0.062,0.846
421,0.618,0.066,0.316
422,0.582,0.036,0.382
423,0.248,0.164,0.588
424,0.054,0.728,0.218
425,0.014,0.128,0.858
426,0.186,0.136,0.678
427,0.1,0.176,0.724
428,0.174,0.392,0.434
429,0.116,0.062,0.822
430,0.068,0.124,0.808
431,0.756,0.08,0.164
432,0.188,0.302,0.51
433,0.11,0.202,0.688
434,0.02,0.152,0.828
435,0.164,0.382,0.454
436,0.332,0.126,0.542
437,0.254,0.256,0.49
438,0.014,0.06,0.926
439,0.092,0.076,0.832
440,0.134,0.144,0.722
441,0.046,0.226,0.728
442,0.026,0.104,0.87
443,0.238,0.256,0.506
444,0.02,0.178,0.802
445,0.118,0.218,0.664
446,0.022,0.292,0.686
447,0.368,0.082,0.55
448,0.056,0.016,0.928
449,0.398,0.176,0.426
450,0.27,0.216,0.514
451,0.048,0.658,0.294
452,0.008,0.356,0.636
453,0.356,0.304,0.34
454,0.136,0.264,0.6
455,0.456,0.072,0.472
456,0.28,0.128,0.592
457,0.146,0.066,0.788
458,0.38,0.266,0.354
459,0.424,0.194,0.382
460,0.31,0.266,0.424
461,0.178,0.22,0.602
462,0.336,0.186,0.478
463,0.22,0.294,0.486
464,0.106,0.068,0.826
465,0.134,0.04,0.826
466,0.066,0.288,0.646
467,0.288,0.05,0.662
468,0.144,0.464,0.392
469,0.432,0.122,0.446
470,0.988,0.002,0.01
471,0.624,0.282,0.094
472,0.11,0.128,0.762
473,0.754,0.084,0.162
474,0.312,0.5,0.188
475,0.228,0.168,0.604
476,0.56,0.042,0.398
477,0.29,0.26,0.45
478,0.308,0.402,0.29
479,0.292,0.134,0.574
480,0.062,0.126,0.812
481,0.12,0.44,0.44
482,0.246,0.488,0.266
483,0.144,0.108,0.748
484,0.296,0.064,0.64
485,0.472,0.16,0.368
486,0.11,0.218,0.672
487,0.176,0.098,0.726
488,0.184,0.256,0.56
489,0.222,0.054,0.724
490,0.032,0.414,0.554
491,0.054,0.048,0.898
492,0.058,0.284,0.658
493,0.288,0.08,0.632
494,0.07,0.638,0.292
495,0.082,0.446,0.472
496,0.166,0.05,0.784
497,0.978,0.004,0.018
498,0.378,0.182,0.44
499,0.058,0.102,0.84
500,0.024,0.212,0.764
501,0.262,0.114,0.624
502,0.18,0.576,0.244
503,0.254,0.096,0.65
504,0.078,0.048,0.874
505,0.996,0.002,0.002
506,0.128,0.144,0.728
507,0.316,0.296,0.388
508,0.122,0.08,0.798
509,0.938,0.004,0.058
510,0.044,0.626,0.33
511,0.186,0.664,0.15
512,0.026,0.246,0.728
513,0.098,0.106,0.796
514,0.472,0.254,0.274
515,0.076,0.742,0.182
516,0.822,0.05,0.128
517,0.032,0.268,0.7
518,0.286,0.484,0.23
519,0.164,0.1,0.736
520,0.24,0.096,0.664
521,0.128,0.276,0.596
522,0.496,0.06,0.444
523,0.692,0.03,0.278
524,0.18,0.324,0.496
525,0.128,0.16,0.712
526,0.17,0.43,0.4
527,0.086,0.188,0.726
528,0.216,0.062,0.722
529,0.188,0.318,0.494
530,0.35,0.362,0.288
531,0.118,0.238,0.644
532,0.156,0.186,0.658
533,0.212,0.166,0.622
534,0.138,0.05,0.812
535,0.228,0.118,0.654
536,0.134,0.168,0.698
537,0.048,0.472,0.48
538,0.534,0.042,0.424
539,0.366,0.06,0.574
540,0.352,0.24,0.408
541,0.102,0.552,0.346
542,0.486,0.13,0.384
543,0.1,0.158,0.742
544,0.24,0.184,0.576
545,0.406,0.222,0.372
546,0.544,0.274,0.182
547,0.4,0.296,0.304
548,0.108,0.306,0.586
549,0.024,0.042,0.934
550,0.204,0.18,0.616
551,0.084,0.216,0.7
552,0.072,0.322,0.606
553,0.184,0.126,0.69
554,0.262,0.298,0.44
555,0.03,0.322,0.648
556,0.676,0.074,0.25
557,0.7,0.03,0.27
558,0.51,0.148,0.342
559,0.062,0.204,0.734
560,0.192,0.168,0.64
561,0.148,0.122,0.73
562,0.508,0.188,0.304
563,0.108,0.3,0.592
564,0.186,0.124,0.69
565,0.988,0.002,0.01
566,0.27,0.118,0.612
567,0.278,0.068,0.654
568,0.158,0.196,0.646
569,0.052,0.2,0.748
570,0.358,0.128,0.514
571,0.13,0.204,0.666
572,0.116,0.522,0.362
573,0.138,0.264,0.598
574,0.308,0.452,0.24
575,0.178,0.108,0.714
576,0.086,0.072,0.842
577,0.388,0.058,0.554
578,0.386,0.12,0.494
579,0.012,0.896,0.092
580,0.082,0.058,0.86
581,0.054,0.184,0.762
582,0.806,0.05,0.144
583,0.58,0.062,0.358
584,0.126,0.332,0.542
585,0.03,0.294,0.676
586,0.126,0.428,0.446
587,0.13,0.464,0.406
588,0.206,0.088,0.706
589,0.228,0.42,0.352
590,0.142,0.382,0.476
591,0.074,0.184,0.742
592,0.41,0.13,0.46
593,0.1,0.14,0.76
594,0.154,0.574,0.272
595,0.3,0.1,0.6
596,0.172,0.346,0.482
597,0.246,0.454,0.3
598,0.076,0.1,0.824
599,0.202,0.186,0.612
600,0.536,0.074,0.39
601,0.118,0.298,0.584
602,0.412,0.062,0.526
603,0.144,0.38,0.476
604,0.062,0.168,0.77
605,0.144,0.17,0.686
606,0.11,0.09,0.8
607,0.088,0.162,0.75
608,0.068,0.186,0.746
609,0.26,0.356,0.384
610,0.676,0.148,0.176
611,0.14,0.52,0.34
612,0.136,0.218,0.646
613,0.076,0.346,0.578
614,0.148,0.584,0.268
615,0.294,0.214,0.492
616,0.1,0.164,0.736
617,0.154,0.142,0.704
618,0.142,0.654,0.204
619,0.12,0.294,0.586
620,0.092,0.75,0.158
621,0.032,0.174,0.794
622,0.266,0.148,0.586
623,0.528,0.11,0.362
624,0.192,0.08,0.728
625,0.288,0.14,0.572
626,0.236,0.084,0.68
627,0.076,0.33,0.594
628,0.124,0.398,0.478
629,0.14,0.246,0.614
630,0.144,0.192,0.664
631,0.478,0.27,0.252
632,0.1,0.132,0.768
633,0.312,0.162,0.526
634,0.088,0.396,0.516
635,0.528,0.024,0.448
636,0.182,0.096,0.722
637,0.07,0.136,0.794
638,0.362,0.384,0.254
639,0.122,0.326,0.552
640,0.822,0.026,0.152
641,0.072,0.18,0.748
642,0.17,0.292,0.538
643,0.216,0.226,0.558
644,0.966,0.006,0.028
645,0.242,0.19,0.568
646,0.11,0.07,0.82
647,0.156,0.13,0.714
648,0.194,0.068,0.738
649,0.412,0.028,0.56
650,0.16,0.31,0.53
651,0.178,0.052,0.77
652,0.184,0.216,0.6
653,0.022,0.098,0.88
654,0.1,0.404,0.496
655,0.182,0.132,0.686
656,0.49,0.182,0.328
657,0.108,0.066,0.826
658,0.122,0.19,0.688
659,0.31,0.31,0.38
660,0.09,0.296,0.614
661,0.578,0.118,0.304
662,0.062,0.298,0.64
663,0.06,0.136,0.804
664,0.344,0.22,0.436
665,0.118,0.058,0.824
666,0.038,0.29,0.672
667,0.182,0.358,0.46
668,0.056,0.03,0.914
669,0.21,0.132,0.658
670,0.238,0.632,0.13
671,0.296,0.122,0.582
672,0.15,0.064,0.786
673,0.066,0.044,0.89
674,0.24,0.096,0.664
675,0.116,0.124,0.76
676,0.036,0.578,0.386
677,0.114,0.232,0.654
678,0.13,0.308,0.562
679,0.012,0.426,0.562
680,0.114,0.12,0.766
681,0.082,0.05,0.868
682,0.114,0.254,0.632
683,0.994,0.002,0.004
684,0.428,0.112,0.46
685,0.29,0.06,0.65
686,0.304,0.102,0.594
687,0.31,0.414,0.276
688,0.792,0.042,0.166
689,0.314,0.148,0.538
690,0.112,0.23,0.658
691,0.146,0.362,0.492
692,0.01,0.23,0.76
693,0.12,0.164,0.716
694,0.2,0.474,0.326
695,0.246,0.146,0.608
696,0.05,0.12,0.83
697,0.208,0.204,0.588
698,0.158,0.172,0.67
699,0.156,0.208,0.636
700,0.124,0.154,0.722
701,0.342,0.428,0.23
702,0.4,0.232,0.368
703,0.268,0.23,0.502
704,0.458,0.188,0.354
705,0.522,0.338,0.14
706,0.158,0.078,0.764
707,0.47,0.192,0.338
708,0.244,0.496,0.26
709,0.196,0.15,0.654
710,0.126,0.044,0.83
711,0.768,0.048,0.184
712,0.362,0.2,0.438
713,0.25,0.612,0.138
714,0.058,0.114,0.828
715,0.222,0.04,0.738
716,0.414,0.062,0.524
717,0.12,0.112,0.768
718,0.046,0.062,0.892
719,0.366,0.124,0.51
720,0.668,0.058,0.274
721,0.062,0.196,0.742
722,0.048,0.052,0.9
723,0.954,0.008,0.038
724,0.266,0.322,0.412
725,0.27,0.046,0.684
726,0.418,0.066,0.516
727,0.214,0.092,0.694
728,0.202,0.202,0.596
729,0.378,0.048,0.574
730,0.482,0.178,0.34
731,0.268,0.108,0.624
732,0.094,0.38,0.526
733,0.334,0.178,0.488
734,0.1,0.094,0.806
735,0.098,0.138,0.764
736,0.54,0.148,0.312
737,0.708,0.06,0.232
738,0.044,0.378,0.578
739,0.09,0.37,0.54
740,0.116,0.322,0.562
741,0.606,0.124,0.27
742,0.07,0.304,0.626
743,0.948,0.006,0.046
744,0.282,0.276,0.442
745,0.08,0.06,0.86
746,0.352,0.278,0.37
747,0.34,0.294,0.366
748,0.328,0.364,0.308
749,0.03,0.438,0.532
750,0.092,0.022,0.886
751,0.036,0.218,0.746
752,0.064,0.136,0.8
753,0.058,0.214,0.728
754,0.142,0.428,0.43
755,0.318,0.268,0.414
756,0.37,0.176,0.454
757,0.164,0.034,0.802
758,0.34,0.192,0.468
759,0.744,0.088,0.168
760,0.108,0.052,0.84
761,0.296,0.162,0.542
762,0.026,0.352,0.622
763,0.056,0.778,0.166
764,0.29,0.114,0.596
765,0.162,0.136,0.702
766,0.16,0.166,0.674
767,0.026,0.552,0.422
768,0.116,0.264,0.62
769,0.096,0.22,0.684
770,0.108,0.076,0.816
771,0.014,0.452,0.534
772,0.988,0.0,0.012
773,0.524,0.136,0.34
774,0.342,0.366,0.292
775,0.224,0.148,0.628
776,0.24,0.354,0.406
777,0.03,0.138,0.832
778,0.126,0.13,0.744
779,0.006,0.26,0.734
780,0.338,0.322,0.34
781,0.378,0.344,0.278
782,0.312,0.322,0.366
783,0.176,0.574,0.25
784,0.424,0.156,0.42
785,0.508,0.206,0.286
786,0.86,0.05,0.09
787,0.1,0.08,0.82
788,0.028,0.09,0.882
789,0.08,0.194,0.726
790,0.262,0.356,0.382
791,0.03,0.428,0.542
792,0.164,0.274,0.562
793,0.08,0.43,0.49
794,0.198,0.104,0.698
795,0.068,0.472,0.46
796,0.212,0.25,0.538
797,0.556,0.228,0.216
798,0.042,0.23,0.728
799,0.888,0.028,0.084
800,0.082,0.438,0.48
801,0.008,0.182,0.81
802,0.346,0.158,0.496
803,0.094,0.106,0.8
804,0.346,0.042,0.612
805,0.502,0.204,0.294
806,0.102,0.24,0.658
807,0.56,0.264,0.176
808,0.094,0.316,0.59
809,0.292,0.156,0.552
810,0.022,0.174,0.804
811,0.164,0.464,0.372
812,0.188,0.06,0.752
813,0.054,0.076,0.87
814,0.12,0.114,0.766
815,0.08,0.442,0.478
816,0.126,0.196,0.678
817,0.32,0.194,0.486
818,0.098,0.08,0.822
819,0.098,0.138,0.764
820,0.088,0.222,0.69
821,0.172,0.01,0.818
822,0.306,0.208,0.486
823,0.32,0.092,0.588
824,0.69,0.05,0.26
825,0.158,0.174,0.668
826,0.384,0.344,0.272
827,0.376,0.124,0.5
828,0.514,0.052,0.434
829,0.116,0.282,0.602
830,0.5,0.08,0.42
831,0.504,0.056,0.44
832,0.126,0.216,0.658
833,0.198,0.246,0.556
834,0.034,0.198,0.768
835,0.662,0.068,0.27
836,0.46,0.354,0.186
837,0.126,0.242,0.632
838,0.172,0.474,0.354
839,0.504,0.098,0.398
840,0.484,0.176,0.34
841,0.432,0.132,0.436
842,0.742,0.056,0.202
843,0.5,0.18,0.32
844,0.114,0.228,0.658
845,0.936,0.012,0.052
846,0.502,0.124,0.374
847,0.19,0.376,0.434
848,0.092,0.124,0.784
849,0.946,0.008,0.046
850,0.044,0.16,0.796
851,0.208,0.62,0.172
852,0.37,0.05,0.58
853,0.196,0.184,0.62
854,0.3,0.264,0.436
855,0.282,0.202,0.516
856,0.258,0.242,0.5
857,0.152,0.588,0.26
858,0.254,0.232,0.514
859,0.138,0.09,0.772
860,0.044,0.366,0.59
861,0.116,0.318,0.566
862,0.022,0.616,0.362
863,0.402,0.286,0.312
864,0.18,0.152,0.668
865,0.238,0.21,0.552
866,0.052,0.134,0.814
867,0.092,0.092,0.816
868,0.232,0.388,0.38
869,0.29,0.146,0.564
870,0.126,0.094,0.78
871,0.104,0.124,0.772
872,0.092,0.054,0.854
873,0.366,0.042,0.592
874,0.096,0.304,0.6
875,0.048,0.062,0.89
876,0.23,0.446,0.324
877,0.368,0.162,0.47
878,0.946,0.004,0.05
879,0.054,0.192,0.754
880,0.208,0.052,0.74
881,0.34,0.182,0.478
882,0.238,0.22,0.542
883,0.048,0.608,0.344
884,0.032,0.48,0.488
885,0.268,0.198,0.534
886,0.098,0.468,0.434
887,0.13,0.09,0.78
888,0.376,0.204,0.42
889,0.336,0.164,0.5
890,0.03,0.26,0.71
891,0.364,0.218,0.418
892,0.086,0.488,0.426
893,0.2,0.392,0.408
894,0.286,0.316,0.398
895,0.088,0.11,0.802
896,0.026,0.692,0.282
897,0.26,0.18,0.56
898,0.44,0.056,0.504
899,0.166,0.128,0.706
900,0.24,0.362,0.398
901,0.08,0.358,0.562
902,0.278,0.222,0.5
903,0.088,0.35,0.562
904,0.862,0.03,0.108
905,0.154,0.31,0.536
906,0.188,0.482,0.33
907,0.164,0.192,0.644
908,0.12,0.504,0.376
909,0.336,0.31,0.354
910,0.97,0.008,0.022
911,0.278,0.33,0.392
912,0.774,0.046,0.18
913,0.13,0.288,0.582
914,0.154,0.332,0.514
915,0.164,0.438,0.398
916,0.57,0.008,0.422
917,0.238,0.146,0.616
918,0.042,0.444,0.514
919,0.12,0.188,0.692
920,0.116,0.2,0.684
921,0.12,0.228,0.652
922,0.27,0.23,0.5
923,0.104,0.366,0.53
924,0.128,0.312,0.56
925,0.178,0.102,0.72
926,0.028,0.418,0.554
927,0.462,0.246,0.292
928,0.48,0.228,0.292
929,0.198,0.11,0.692
930,0.312,0.046,0.642
931,0.51,0.198,0.292
932,0.096,0.248,0.656
933,0.046,0.13,0.824
934,0.45,0.21,0.34
935,0.73,0.06,0.21
936,0.126,0.214,0.66
937,0.108,0.152,0.74
938,0.116,0.056,0.828
939,0.982,0.0,0.018
940,0.214,0.172,0.614
941,0.57,0.122,0.308
942,0.292,0.162,0.546
943,0.368,0.412,0.22
944,0.856,0.03,0.114
945,0.628,0.048,0.324
946,0.452,0.204,0.344
947,0.026,0.048,0.926
948,0.624,0.268,0.108
949,0.142,0.126,0.732
950,0.276,0.192,0.532
951,0.294,0.2,0.506
952,0.024,0.042,0.934
953,0.062,0.158,0.78
954,0.508,0.042,0.45
955,0.28,0.162,0.558
956,0.188,0.67,0.142
957,0.49,0.158,0.352
958,0.728,0.02,0.252
959,0.318,0.36,0.322
960,0.196,0.388,0.416
961,0.346,0.044,0.61
962,0.424,0.116,0.46
963,0.91,0.016,0.074
964,0.732,0.112,0.156
965,0.552,0.162,0.286
966,0.986,0.0,0.014
967,0.274,0.39,0.336
968,0.026,0.114,0.86
969,0.236,0.4,0.364
970,0.14,0.062,0.798
971,0.124,0.102,0.774
972,0.326,0.232,0.442
973,0.088,0.244,0.668
974,0.114,0.098,0.788
975,0.04,0.67,0.29
976,0.522,0.268,0.21
977,0.276,0.13,0.594
978,0.022,0.032,0.946
979,0.204,0.2,0.596
980,0.402,0.086,0.512
981,0.306,0.16,0.534
982,0.168,0.354,0.478
983,0.408,0.158,0.434
984,0.586,0.086,0.328
985,0.146,0.152,0.702
986,0.204,0.176,0.62
987,0.47,0.136,0.394
988,0.082,0.574,0.344
989,0.652,0.12,0.228
990,0.06,0.422,0.518
991,0.194,0.104,0.702
992,0.324,0.048,0.628
993,0.244,0.152,0.604
994,0.372,0.236,0.392
995,0.106,0.278,0.616
996,0.416,0.192,0.392
997,0.046,0.23,0.724
998,0.048,0.196,0.756
999,0.18,0.098,0.722
1000,0.314,0.054,0.632
1001,0.104,0.154,0.742
1002,0.5,0.198,0.302
1003,0.084,0.142,0.774
1004,0.13,0.394,0.476
1005,0.108,0.114,0.778
1006,0.564,0.268,0.168
1007,0.04,0.104,0.856
1008,0.068,0.454,0.478
1009,0.802,0.036,0.162
1010,0.15,0.682,0.168
1011,0.404,0.04,0.556
1012,0.128,0.058,0.814
1013,0.288,0.168,0.544
1014,0.044,0.036,0.92
1015,0.758,0.014,0.228
1016,0.252,0.06,0.688
1017,0.088,0.084,0.828
1018,0.156,0.066,0.778
1019,0.176,0.058,0.766
1020,0.276,0.424,0.3
1021,0.174,0.256,0.57
1022,0.328,0.032,0.64
1023,0.078,0.316,0.606
1024,0.244,0.352,0.404
1025,0.058,0.24,0.702
1026,0.048,0.156,0.796
1027,0.034,0.038,0.928
1028,0.398,0.058,0.544
1029,0.314,0.214,0.472
1030,0.534,0.108,0.358
1031,0.076,0.264,0.66
1032,0.104,0.084,0.812
1033,0.238,0.05,0.712
1034,0.12,0.044,0.836
1035,0.088,0.204,0.708
1036,0.08,0.194,0.726
1037,0.232,0.368,0.4
1038,0.104,0.234,0.662
1039,0.362,0.162,0.476
1040,0.414,0.074,0.512
1041,0.088,0.07,0.842
1042,0.192,0.17,0.638
1043,0.908,0.034,0.058
1044,0.066,0.06,0.874
1045,0.298,0.452,0.25
1046,0.042,0.27,0.688
1047,0.088,0.09,0.822
1048,0.214,0.19,0.596
1049,0.358,0.218,0.424
1050,0.124,0.228,0.648
1051,0.142,0.312,0.546
1052,0.338,0.414,0.248
1053,0.292,0.196,0.512
1054,0.154,0.172,0.674
1055,0.158,0.16,0.682
1056,0.108,0.282,0.61
1057,0.072,0.134,0.794
1058,0.282,0.134,0.584
1059,0.324,0.148,0.528
1060,0.656,0.09,0.254
1061,0.142,0.074,0.784
1062,0.986,0.002,0.012
1063,0.586,0.14,0.274
1064,0.092,0.214,0.694
1065,0.438,0.072,0.49
1066,0.036,0.054,0.91
1067,0.484,0.326,0.19
1068,0.06,0.242,0.698
1069,0.178,0.496,0.326
1070,0.274,0.392,0.334
1071,0.25,0.054,0.696
1072,0.522,0.29,0.188
1073,0.572,0.302,0.126
1074,0.134,0.356,0.51
1075,0.102,0.312,0.586
1076,0.212,0.17,0.618
1077,0.788,0.064,0.148
1078,0.014,0.236,0.75
1079,0.144,0.086,0.77
1080,0.046,0.098,0.856
1081,0.718,0.11,0.172
1082,0.092,0.26,0.648
1083,0.114,0.136,0.75
1084,0.06,0.266,0.674
1085,0.318,0.164,0.518
1086,0.14,0.266,0.594
1087,0.136,0.064,0.8
1088,0.546,0.016,0.438
1089,0.422,0.02,0.558
1090,0.198,0.066,0.736
1091,0.336,0.178,0.486
1092,0.142,0.278,0.58
1093,0.444,0.05,0.506
1094,0.24,0.078,0.682
1095,0.252,0.058,0.69
1096,0.136,0.068,0.796
1097,0.432,0.142,0.426
1098,0.1,0.044,0.856
1099,0.154,0.394,0.452
1100,0.486,0.204,0.31
1101,0.5,0.17,0.33
1102,0.078,0.346,0.576
1103,0.114,0.12,0.766
1104,0.272,0.204,0.524
1105,0.256,0.044,0.7
1106,0.02,0.058,0.922
1107,0.078,0.084,0.838
1108,0.16,0.312,0.528
1109,0.492,0.08,0.428
1110,0.104,0.116,0.78
1111,0.812,0.056,0.132
1112,0.27,0.054,0.676
1113,0.088,0.482,0.43
1114,0.928,0.012,0.06
1115,0.358,0.304,0.338
1116,0.014,0.65,0.336
1117,0.224,0.264,0.512
1118,0.226,0.318,0.456
1119,0.636,0.052,0.312
1120,0.088,0.244,0.668
1121,0.142,0.546,0.312
1122,0.16,0.09,0.75
1123,0.148,0.438,0.414
1124,0.064,0.136,0.8
1125,0.044,0.182,0.774
1126,0.03,0.37,0.6
1127,0.348,0.06,0.592
1128,0.024,0.268,0.708
1129,0.136,0.396,0.468
1130,0.032,0.29,0.678
1131,0.166,0.478,0.356
1132,0.194,0.308,0.498
1133,0.224,0.054,0.722
1134,0.15,0.274,0.576
1135,0.494,0.036,0.47
1136,0.436,0.338,0.226
1137,0.754,0.054,0.192
1138,0.026,0.142,0.832
1139,0.292,0.172,0.536
1140,0.22,0.198,0.582
1141,0.368,0.186,0.446
1142,0.082,0.13,0.788
1143,0.312,0.274,0.414
1144,0.33,0.118,0.552
1145,0.1,0.442,0.458
1146,0.248,0.44,0.312
1147,0.382,0.06,0.558
1148,0.412,0.21,0.378
1149,0.048,0.344,0.608
1150,0.038,0.044,0.918
1151,0.204,0.24,0.556
1152,0.948,0.01,0.042
1153,0.054,0.118,0.828
1154,0.102,0.496,0.402
1155,0.1,0.312,0.588
1156,0.128,0.354,0.518
1157,0.422,0.298,0.28
1158,0.218,0.392,0.39
1159,0.152,0.052,0.796
1160,0.126,0.12,0.754
1161,0.124,0.046,0.83
1162,0.056,0.234,0.71
1163,0.366,0.248,0.386
1164,0.058,0.452,0.49
1165,0.028,0.184,0.788
1166,0.952,0.008,0.04
1167,0.69,0.118,0.192
1168,0.94,0.004,0.056
1169,0.434,0.196,0.37
1170,0.274,0.086,0.64
1171,0.152,0.064,0.784
1172,0.108,0.156,0.736
1173,0.072,0.144,0.784
1174,0.032,0.458,0.51
1175,0.196,0.262,0.542
1176,0.372,0.152,0.476
1177,0.246,0.172,0.582
1178,0.184,0.362,0.454
1179,0.238,0.512,0.25
1180,0.43,0.254,0.316
1181,0.196,0.236,0.568
1182,0.416,0.166,0.418
1183,0.036,0.296,0.668
1184,0.05,0.286,0.664
1185,0.186,0.292,0.522
1186,0.298,0.344,0.358
1187,0.728,0.056,0.216
1188,0.444,0.164,0.392
1189,0.036,0.08,0.884
1190,0.118,0.212,0.67
1191,0.33,0.45,0.22
1192,0.156,0.026,0.818
1193,0.002,0.016,0.982
1194,0.4,0.082,0.518
1195,0.272,0.35,0.378
1196,0.226,0.124,0.65
1197,0.062,0.06,0.878
1198,0.106,0.242,0.652
1199,0.08,0.28,0.64
1200,0.132,0.178,0.69
1201,0.138,0.288,0.574
1202,0.526,0.1,0.374
1203,0.098,0.158,0.744
1204,0.336,0.126,0.538
1205,0.978,0.01,0.012
1206,0.108,0.2,0.692
1207,0.044,0.312,0.644
1208,0.428,0.154,0.418
1209,0.664,0.066,0.27
1210,0.304,0.188,0.508
1211,0.232,0.162,0.606
1212,0.298,0.082,0.62
1213,0.634,0.214,0.152
1214,0.02,0.096,0.884
1215,0.018,0.79,0.192
1216,0.126,0.07,0.804
1217,0.226,0.134,0.64
1218,0.254,0.12,0.626
1219,0.016,0.044,0.94
1220,0.056,0.142,0.802
1221,0.114,0.328,0.558
1222,0.972,0.006,0.022
1223,0.134,0.08,0.786
1224,0.82,0.028,0.152
1225,0.18,0.238,0.582
1226,0.184,0.106,0.71
1227,0.134,0.336,0.53
1228,0.248,0.538,0.214
1229,0.122,0.44,0.438
1230,0.106,0.15,0.744
1231,0.046,0.154,0.8
1232,0.182,0.308,0.51
1233,0.248,0.214,0.538
1234,0.368,0.226,0.406
1235,0.218,0.42,0.362
1236,0.12,0.36,0.52
1237,0.176,0.482,0.342
1238,0.04,0.212,0.748
1239,0.296,0.142,0.562
1240,0.116,0.184,0.7
1241,0.056,0.128,0.816
1242,0.416,0.192,0.392
1243,0.06,0.072,0.868
1244,0.238,0.14,0.622
1245,0.054,0.164,0.782
1246,0.096,0.184,0.72
1247,0.114,0.61,0.276
1248,0.132,0.272,0.596
1249,0.364,0.278,0.358
1250,0.046,0.552,0.402
1251,0.546,0.164,0.29
1252,0.09,0.244,0.666
1253,0.284,0.11,0.606
1254,0.15,0.396,0.454
1255,0.576,0.176,0.248
1256,0.966,0.012,0.022
1257,0.522,0.268,0.21
1258,0.044,0.156,0.8
1259,0.292,0.458,0.25
1260,0.28,0.054,0.666
1261,0.06,0.278,0.662
1262,0.202,0.106,0.692
1263,0.024,0.408,0.568
1264,0.334,0.136,0.53
1265,0.028,0.552,0.42
1266,0.114,0.05,0.836
1267,0.016,0.46,0.524
1268,0.26,0.146,0.594
1269,0.06,0.252,0.688
1270,0.118,0.232,0.65
1271,0.224,0.144,0.632
1272,0.872,0.026,0.102
1273,0.166,0.254,0.58
1274,0.046,0.104,0.85
1275,0.234,0.138,0.628
1276,0.174,0.114,0.712
1277,0.116,0.162,0.722
1278,0.068,0.232,0.7
1279,0.442,0.204,0.354
1280,0.988,0.002,0.01
1281,0.152,0.18,0.668
1282,0.508,0.202,0.29
1283,0.296,0.542,0.162
1284,0.172,0.046,0.782
1285,0.384,0.386,0.23
1286,0.892,0.024,0.084
1287,0.17,0.058,0.772
1288,0.238,0.104,0.658
1289,0.48,0.064,0.456
1290,0.38,0.49,0.13
1291,0.244,0.036,0.72
1292,0.138,0.188,0.674
1293,0.318,0.172,0.51
1294,0.768,0.054,0.178
1295,0.582,0.17,0.248
1296,0.022,0.752,0.226
1297,0.354,0.206,0.44
1298,0.422,0.234,0.344
1299,0.11,0.446,0.444
1300,0.26,0.28,0.46
1301,0.142,0.19,0.668
1302,0.082,0.04,0.878
1303,0.034,0.412,0.554
1304,0.392,0.126,0.482
1305,0.382,0.216,0.402
1306,0.558,0.03,0.412
1307,0.278,0.128,0.594
1308,0.182,0.106,0.712
1309,0.164,0.358,0.478
1310,0.132,0.152,0.716
1311,0.26,0.186,0.554
1312,0.116,0.356,0.528
1313,0.046,0.33,0.624
1314,0.274,0.184,0.542
1315,0.096,0.382,0.522
1316,0.948,0.01,0.042
1317,0.208,0.076,0.716
1318,0.424,0.246,0.33
1319,0.096,0.032,0.872
1320,0.33,0.084,0.586
1321,0.1,0.094,0.806
1322,0.332,0.382,0.286
1323,0.056,0.36,0.584
1324,0.218,0.16,0.622
1325,0.158,0.082,0.76
1326,0.154,0.404,0.442
1327,0.162,0.054,0.784
1328,0.074,0.22,0.706
1329,0.084,0.276,0.64
1330,0.308,0.162,0.53
1331,0.19,0.248,0.562
1332,0.274,0.05,0.676
1333,0.486,0.048,0.466
1334,0.14,0.498,0.362
1335,0.496,0.25,0.254
1336,0.276,0.208,0.516
1337,0.502,0.16,0.338
1338,0.17,0.088,0.742
1339,0.024,0.112,0.864
1340,0.028,0.23,0.742
1341,0.34,0.294,0.366
1342,0.05,0.39,0.56
1343,0.232,0.462,0.306
1344,0.058,0.19,0.752
1345,0.108,0.21,0.682
1346,0.566,0.26,0.174
1347,0.144,0.232,0.624
1348,0.074,0.122,0.804
1349,0.104,0.048,0.848
1350,0.556,0.138,0.306
1351,0.312,0.202,0.486
1352,0.304,0.12,0.576
1353,0.512,0.066,0.422
1354,0.2,0.092,0.708
1355,0.074,0.032,0.894
1356,0.13,0.33,0.54
1357,0.034,0.042,0.924
1358,0.54,0.084,0.376
1359,0.014,0.262,0.724
1360,0.278,0.116,0.606
1361,0.416,0.066,0.518
1362,0.55,0.082,0.368
1363,0.436,0.044,0.52
1364,0.06,0.23,0.71
1365,0.044,0.376,0.58
1366,0.292,0.516,0.192
1367,0.616,0.134,0.25
1368,0.104,0.116,0.78
1369,0.372,0.132,0.496
1370,0.034,0.684,0.282
1371,0.324,0.08,0.596
1372,0.08,0.308,0.612
1373,0.106,0.07,0.824
1374,0.056,0.264,0.68
1375,0.846,0.034,0.12
1376,0.094,0.55,0.356
1377,0.03,0.31,0.66
1378,0.48,0.122,0.398
1379,0.4,0.1,0.5
1380,0.204,0.412,0.384
1381,0.152,0.11,0.738
1382,0.156,0.1,0.744
1383,0.23,0.422,0.348
1384,0.24,0.246,0.514
1385,0.182,0.232,0.586
1386,0.314,0.426,0.26
1387,0.174,0.172,0.654
1388,0.186,0.282,0.532
1389,0.168,0.24,0.592
1390,0.114,0.046,0.84
1391,0.196,0.11,0.694
1392,0.516,0.082,0.402
1393,0.15,0.426,0.424
1394,0.034,0.316,0.65
1395,0.13,0.2,0.67
1396,0.162,0.034,0.804
1397,0.548,0.194,0.258
1398,0.276,0.044,0.68
1399,0.042,0.324,0.634
1400,0.062,0.15,0.788
1401,0.142,0.134,0.724
1402,0.02,0.026,0.954
1403,0.316,0.142,0.542
1404,0.12,0.368,0.512
1405,0.11,0.194,0.696
1406,0.026,0.296,0.678
1407,0.012,0.11,0.878
1408,0.04,0.364,0.596
1409,0.294,0.04,0.666
1410,0.64,0.15,0.21
1411,0.028,0.052,0.92
1412,0.254,0.072,0.674
1413,0.056,0.162,0.782
1414,0.014,0.184,0.802
1415,0.066,0.612,0.322
1416,0.568,0.14,0.292
1417,0.174,0.588,0.238
1418,0.226,0.092,0.682
1419,0.11,0.242,0.648
1420,0.53,0.138,0.332
1421,0.192,0.06,0.748
1422,0.164,0.098,0.738
1423,0.038,0.396,0.566
1424,0.118,0.148,0.734
1425,0.214,0.116,0.67
1426,0.142,0.38,0.478
1427,0.062,0.224,0.714
1428,0.264,0.214,0.522
1429,0.298,0.326,0.376
1430,0.098,0.418,0.484
1431,0.248,0.166,0.586
1432,0.272,0.42,0.308
1433,0.032,0.044,0.924
1434,0.608,0.142,0.25
1435,0.306,0.13,0.564
1436,0.972,0.008,0.02
1437,0.148,0.154,0.698
1438,0.128,0.256,0.616
1439,0.45,0.208,0.342
1440,0.196,0.204,0.6
1441,0.056,0.272,0.672
1442,0.066,0.156,0.778
1443,0.056,0.2,0.744
1444,0.388,0.12,0.492
1445,0.262,0.206,0.532
1446,0.206,0.102,0.692
1447,0.092,0.072,0.836
1448,0.188,0.152,0.66
1449,0.038,0.038,0.924
1450,0.392,0.12,0.488
1451,0.148,0.108,0.744
1452,0.46,0.204,0.336
1453,0.038,0.508,0.454
1454,0.098,0.132,0.77
1455,0.19,0.11,0.7
1456,0.088,0.228,0.684
1457,0.08,0.088,0.832
1458,0.114,0.192,0.694
1459,0.2,0.122,0.678
1460,0.808,0.05,0.142
1461,0.074,0.112,0.814
1462,0.168,0.064,0.768
1463,0.04,0.242,0.718
1464,0.006,0.094,0.9
1465,0.172,0.248,0.58
1466,0.036,0.208,0.756
1467,0.19,0.204,0.606
1468,0.306,0.066,0.628
1469,0.012,0.894,0.094
1470,0.282,0.178,0.54
1471,0.372,0.19,0.438
1472,0.878,0.024,0.098
1473,0.348,0.186,0.466
1474,0.088,0.086,0.826
1475,0.082,0.12,0.798
1476,0.236,0.23,0.534
1477,0.128,0.232,0.64
1478,0.142,0.08,0.778
1479,0.192,0.186,0.622
1480,0.04,0.086,0.874
1481,0.084,0.1,0.816
1482,0.39,0.266,0.344
1483,0.19,0.4,0.41
1484,0.056,0.194,0.75
1485,0.344,0.394,0.262
1486,0.594,0.148,0.258
1487,0.072,0.288,0.64
1488,0.292,0.042,0.666
1489,0.154,0.068,0.778
1490,0.294,0.334,0.372
1491,0.144,0.124,0.732
1492,0.714,0.026,0.26
1493,0.202,0.468,0.33
1494,0.08,0.06,0.86
1495,0.032,0.284,0.684
1496,0.266,0.042,0.692
1497,0.098,0.11,0.792
1498,0.096,0.19,0.714
1499,0.948,0.01,0.042
1500,0.116,0.25,0.634
1501,0.188,0.232,0.58
1502,0.512,0.128,0.36
1503,0.024,0.264,0.712
1504,0.894,0.042,0.064
1505,0.042,0.14,0.818
1506,0.986,0.0,0.014
1507,0.06,0.312,0.628
1508,0.47,0.112,0.418
1509,0.126,0.192,0.682
1510,0.182,0.344,0.474
1511,0.014,0.064,0.922
1512,0.064,0.168,0.768
1513,0.268,0.452,0.28
1514,0.022,0.414,0.564
1515,0.59,0.212,0.198
1516,0.132,0.156,0.712
1517,0.188,0.066,0.746
1518,0.338,0.282,0.38
1519,0.21,0.178,0.612
1520,0.364,0.304,0.332
1521,0.322,0.344,0.334
1522,0.244,0.428,0.328
1523,0.54,0.134,0.326
1524,0.3,0.07,0.63
1525,0.1,0.056,0.844
1526,0.096,0.512,0.392
1527,0.428,0.326,0.246
1528,0.124,0.142,0.734
1529,0.898,0.034,0.068
1530,0.142,0.078,0.78
1531,0.036,0.19,0.774
1532,0.112,0.138,0.75
1533,0.094,0.386,0.52
1534,0.102,0.116,0.782
1535,0.18,0.064,0.756
1536,0.1,0.012,0.888
1537,0.112,0.13,0.758
1538,0.196,0.078,0.726
1539,0.12,0.334,0.546
1540,0.038,0.136,0.826
1541,0.368,0.22,0.412
1542,0.07,0.314,0.616
1543,0.096,0.134,0.77
1544,0.144,0.26,0.596
1545,0.098,0.258,0.644
1546,0.176,0.474,0.35
1547,0.2,0.51,0.29
1548,0.488,0.18,0.332
1549,0.206,0.666,0.128
1550,0.022,0.372,0.606
1551,0.132,0.056,0.812
1552,0.374,0.25,0.376
1553,0.258,0.404,0.338
1554,0.156,0.066,0.778
1555,0.504,0.256,0.24
1556,0.226,0.386,0.388
1557,0.084,0.062,0.854
1558,0.156,0.11,0.734
1559,0.16,0.406,0.434
1560,0.204,0.448,0.348
1561,0.204,0.404,0.392
1562,0.122,0.096,0.782
1563,0.158,0.154,0.688
1564,0.542,0.234,0.224
1565,0.114,0.242,0.644
1566,0.238,0.14,0.622
1567,0.038,0.218,0.744
1568,0.062,0.48,0.458
1569,0.1,0.098,0.802
1570,0.104,0.328,0.568
1571,0.178,0.146,0.676
1572,0.04,0.452,0.508
1573,0.144,0.54,0.316
1574,0.066,0.282,0.652
1575,0.11,0.366,0.524
1576,0.326,0.262,0.412
1577,0.788,0.078,0.134
1578,0.19,0.384,0.426
1579,0.106,0.198,0.696
1580,0.366,0.398,0.236
1581,0.126,0.386,0.488
1582,0.122,0.242,0.636
1583,0.074,0.218,0.708
1584,0.062,0.498,0.44
1585,0.154,0.166,0.68
1586,0.472,0.184,0.344
1587,0.024,0.414,0.562
1588,0.226,0.16,0.614
1589,0.062,0.136,0.802
1590,0.442,0.212,0.346
1591,0.07,0.328,0.602
1592,0.33,0.154,0.516
1593,0.094,0.062,0.844
1594,0.124,0.35,0.526
1595,0.084,0.096,0.82
1596,0.508,0.17,0.322
1597,0.008,0.22,0.772
1598,0.814,0.038,0.148
1599,0.072,0.096,0.832
1600,0.896,0.032,0.072
1601,0.036,0.02,0.944
1602,0.14,0.112,0.748
1603,0.142,0.31,0.548
1604,0.09,0.444,0.466
1605,0.664,0.096,0.24
1606,0.236,0.104,0.66
1607,0.332,0.446,0.222
1608,0.076,0.206,0.718
1609,0.108,0.216,0.676
1610,0.132,0.154,0.714
1611,0.306,0.216,0.478
1612,0.248,0.236,0.516
1613,0.622,0.126,0.252
1614,0.468,0.054,0.478
1615,0.064,0.356,0.58
1616,0.604,0.102,0.294
1617,0.166,0.362,0.472
1618,0.044,0.044,0.912
1619,0.414,0.136,0.45
1620,0.118,0.062,0.82
1621,0.144,0.134,0.722
1622,0.048,0.026,0.926
1623,0.222,0.184,0.594
1624,0.29,0.456,0.254
1625,0.106,0.046,0.848
1626,0.132,0.128,0.74
1627,0.078,0.29,0.632
1628,0.138,0.1,0.762
1629,0.122,0.112,0.766
1630,0.162,0.12,0.718
1631,0.118,0.156,0.726
1632,0.18,0.402,0.418
1633,0.154,0.212,0.634
1634,0.192,0.688,0.12
1635,0.388,0.138,0.474
1636,0.028,0.04,0.932
1637,0.2,0.056,0.744
1638,0.188,0.438,0.374
1639,0.09,0.036,0.874
1640,0.138,0.122,0.74
1641,0.29,0.132,0.578
1642,0.042,0.67,0.288
1643,0.094,0.096,0.81
1644,0.074,0.152,0.774
1645,0.574,0.164,0.262
1646,0.308,0.43,0.262
1647,0.172,0.216,0.612
1648,0.168,0.106,0.726
1649,0.446,0.09,0.464
1650,0.166,0.426,0.408
1651,0.036,0.148,0.816
1652,0.472,0.074,0.454
1653,0.156,0.072,0.772
1654,0.196,0.02,0.784
1655,0.416,0.162,0.422
1656,0.068,0.232,0.7
1657,0.152,0.122,0.726
1658,0.38,0.212,0.408
1659,0.076,0.09,0.834
1660,0.042,0.22,0.738
1661,0.052,0.258,0.69
1662,0.034,0.144,0.822
1663,0.13,0.17,0.7
1664,0.282,0.426,0.292
1665,0.08,0.15,0.77
1666,0.076,0.046,0.878
1667,0.052,0.182,0.766
1668,0.022,0.018,0.96
1669,0.206,0.118,0.676
1670,0.708,0.036,0.256
1671,0.23,0.138,0.632
1672,0.62,0.128,0.252
1673,0.066,0.82,0.114
1674,0.036,0.488,0.476
1675,0.134,0.094,0.772
1676,0.108,0.262,0.63
1677,0.06,0.786,0.154
1678,0.094,0.056,0.85
1679,0.478,0.094,0.428
1680,0.108,0.04,0.852
1681,0.244,0.106,0.65
1682,0.058,0.096,0.846
1683,0.136,0.488,0.376
1684,0.116,0.066,0.818
1685,0.334,0.306,0.36
1686,0.278,0.036,0.686
1687,0.098,0.302,0.6
1688,0.088,0.136,0.776
1689,0.732,0.104,0.164
1690,0.148,0.552,0.3
1691,0.092,0.152,0.756
1692,0.042,0.236,0.722
1693,0.134,0.044,0.822
1694,0.53,0.222,0.248
1695,0.262,0.022,0.716
1696,0.194,0.11,0.696
1697,0.118,0.15,0.732
1698,0.402,0.036,0.562
1699,0.552,0.078,0.37
1700,0.466,0.1,0.434
1701,0.09,0.264,0.646
1702,0.226,0.248,0.526
1703,0.206,0.06,0.734
1704,0.07,0.134,0.796
1705,0.968,0.002,0.03
1706,0.182,0.084,0.734
1707,0.27,0.094,0.636
1708,0.108,0.164,0.728
1709,0.09,0.484,0.426
1710,0.278,0.156,0.566
1711,0.108,0.124,0.768
1712,0.098,0.17,0.732
1713,0.048,0.272,0.68
1714,0.784,0.112,0.104
1715,0.056,0.104,0.84
1716,0.582,0.052,0.366
1717,0.404,0.05,0.546
1718,0.046,0.08,0.874
1719,0.106,0.136,0.758
1720,0.948,0.01,0.042
1721,0.064,0.696,0.24
1722,0.344,0.198,0.458
1723,0.982,0.002,0.016
1724,0.038,0.35,0.612
1725,0.05,0.51,0.44
1726,0.164,0.084,0.752
1727,0.09,0.082,0.828
1728,0.09,0.204,0.706
1729,0.616,0.054,0.33
1730,0.07,0.44,0.49
1731,0.062,0.106,0.832
1732,0.564,0.156,0.28
1733,0.122,0.076,0.802
1734,0.09,0.138,0.772
1735,0.336,0.214,0.45
1736,0.018,0.2,0.782
1737,0.286,0.19,0.524
1738,0.112,0.15,0.738
1739,0.05,0.658,0.292
1740,0.102,0.22,0.678
1741,0.3,0.302,0.398
1742,0.042,0.404,0.554
1743,0.088,0.032,0.88
1744,0.138,0.334,0.528
1745,0.052,0.11,0.838
1746,0.04,0.342,0.618
1747,0.824,0.03,0.146
1748,0.148,0.204,0.648
1749,0.072,0.302,0.626
1750,0.218,0.336,0.446
1751,0.652,0.1,0.248
1752,0.15,0.17,0.68
1753,0.22,0.084,0.696
1754,0.012,0.314,0.674
1755,0.13,0.114,0.756
1756,0.058,0.274,0.668
1757,0.182,0.702,0.116
1758,0.322,0.15,0.528
1759,0.088,0.396,0.516
1760,0.03,0.3,0.67
1761,0.036,0.39,0.574
1762,0.11,0.102,0.788
1763,0.058,0.502,0.44
1764,0.308,0.192,0.5
1765,0.398,0.258,0.344
1766,0.032,0.194,0.774
1767,0.47,0.328,0.202
1768,0.136,0.434,0.43
1769,0.474,0.29,0.236
1770,0.036,0.37,0.594
1771,0.056,0.14,0.804
1772,0.334,0.41,0.256
1773,0.186,0.154,0.66
1774,0.122,0.058,0.82
1775,0.014,0.056,0.93
1776,0.092,0.496,0.412
1777,0.182,0.114,0.704
1778,0.104,0.146,0.75
1779,0.14,0.312,0.548
1780,0.218,0.21,0.572
1781,0.536,0.068,0.396
1782,0.356,0.11,0.534
1783,0.48,0.132,0.388
1784,0.088,0.638,0.274
1785,0.116,0.136,0.748
1786,0.172,0.124,0.704
1787,0.056,0.172,0.772
1788,0.18,0.084,0.736
1789,0.078,0.31,0.612
1790,0.056,0.326,0.618
1791,0.078,0.102,0.82
1792,0.194,0.154,0.652
1793,0.094,0.094,0.812
1794,0.08,0.174,0.746
1795,0.314,0.104,0.582
1796,0.23,0.276,0.494
1797,0.14,0.298,0.562
1798,0.506,0.038,0.456
1799,0.102,0.34,0.558
1800,0.192,0.078,0.73
1801,0.44,0.306,0.254
1802,0.068,0.21,0.722
1803,0.284,0.518,0.198
1804,0.104,0.718,0.178
1805,0.206,0.434,0.36
1806,0.268,0.072,0.66
1807,0.302,0.252,0.446
1808,0.29,0.122,0.588
1809,0.556,0.1,0.344
1810,0.12,0.176,0.704
1811,0.392,0.032,0.576
1812,0.38,0.124,0.496
1813,0.04,0.078,0.882
1814,0.032,0.034,0.934
1815,0.09,0.226,0.684
1816,0.478,0.158,0.364
1817,0.324,0.102,0.574
1818,0.052,0.29,0.658
1819,0.086,0.352,0.562
1820,0.082,0.068,0.85
1821,0.632,0.15,0.218
1822,0.038,0.588,0.374
1823,0.342,0.244,0.414
1824,0.308,0.188,0.504
1825,0.106,0.198,0.696
1826,0.222,0.334,0.444
1827,0.04,0.234,0.726
1828,0.082,0.288,0.63
1829,0.158,0.256,0.586
1830,0.212,0.194,0.594
1831,0.12,0.296,0.584
1832,0.43,0.1,0.47
1833,0.502,0.188,0.31
1834,0.218,0.27,0.512
1835,0.646,0.036,0.318
1836,0.244,0.192,0.564
1837,0.408,0.14,0.452
1838,0.18,0.202,0.618
1839,0.486,0.342,0.172
