,proba_0,proba_1,proba_2
0,0.10151529211547222,0.2768215052676565,0.6216632026168714
1,0.07182067543101614,0.12691067597012415,0.8012686485988596
2,0.9785192132060114,0.021480584867671782,2.019263167424771e-07
3,0.228191063350837,0.3424600711740806,0.42934886547508244
4,0.06232487459142189,0.21271456053836937,0.7249605648702087
5,0.05603343432167919,0.37452402396674117,0.5694425417115797
6,0.011395526474751871,0.19341714337271357,0.7951873301525346
7,0.2966228519279966,0.17273258349528448,0.5306445645767189
8,0.22685723861073925,0.02195858041378535,0.7511841809754753
9,0.01686184944132353,0.3258341551827243,0.6573039953759522
10,0.06423717035537704,0.5712285327087383,0.3645342969358846
11,0.6279276537634859,0.06095572253100068,0.3111166237055135
12,0.3373571338386861,0.4503215226161447,0.21232134354516918
13,0.31088609175870285,0.18955762155563294,0.49955628668566415
14,0.040508039268941774,0.1134094625841636,0.8460824981468946
15,0.35210903106471675,0.29447646320648957,0.35341450572879374
16,0.6718686771611185,0.02873200905625547,0.29939931378262596
17,0.36245657379153434,0.42357645097655505,0.21396697523191066
18,0.7693723304018601,0.12656373710001972,0.10406393249812004
19,0.5053624052249062,0.0597167701130481,0.4349208246620457
20,0.2336593886752084,0.42218466917573877,0.3441559421490529
21,0.04849247129995447,0.24065848888180055,0.710849039818245
22,0.03188459579882621,0.06791331622508182,0.9002020879760919
23,0.10148554039021801,0.197565355677447,0.7009491039323349
24,0.5477977869001075,0.12749101500189844,0.32471119809799415
25,0.19200541486487036,0.42348045412988317,0.3845141310052465
26,0.188548274635515,0.20765843111761473,0.6037932942468701
27,0.9900830052397682,0.009911110833954294,5.883926277394308e-06
28,0.7468301484259348,0.058821250938197955,0.19434860063586729
29,0.9999999156380555,8.436192331012842e-08,2.1245798168502233e-14
30,0.11827872268945469,0.25472489735623444,0.6269963799543109
31,0.15386874161850927,0.5257882524423018,0.32034300593918885
32,0.33559606311113144,0.27904427894333117,0.38535965794553745
33,0.3946725121048733,0.3336019716327889,0.2717255162623378
34,0.022401675506315773,0.1189514748150937,0.8586468496785906
35,0.12477493381544406,0.06919391812091712,0.8060311480636387
36,0.6485434613928046,0.027748972443169127,0.3237075661640262
37,0.9353618021412511,0.0420724976074251,0.022565700251323668
38,0.40444557904246997,0.24699110105993488,0.34856331989759515
39,0.001417245461407375,0.13954385882879364,0.859038895709799
40,0.6323003287552769,0.16897935775716266,0.19872031348756053
41,0.009215690589621222,0.22573238831273112,0.7650519210976476
42,0.029860697549171138,0.41776351993781724,0.5523757825130117
43,0.11059796397883197,0.1473387121759581,0.7420633238452099
44,0.018492863922239058,0.1839492159041783,0.7975579201735826
45,0.022738732130725383,0.0877081368190275,0.8895531310502471
46,0.036306180807981876,0.11380098854516249,0.8498928306468555
47,0.009980835159064672,0.1750489953184086,0.8149701695225268
48,0.07798893129520575,0.26623423247390904,0.6557768362308851
49,0.31149020537875405,0.030600411868247305,0.6579093827529986
50,0.041597914516569454,0.24815118443492393,0.7102509010485065
51,0.12247218961479128,0.35975673972566313,0.5177710706595455
52,0.6908742883685056,0.07667541278409677,0.23245029884739746
53,0.9999998275445467,1.7245543489294563e-07,1.839273623446012e-14
54,0.010571447417146879,0.11199555103663493,0.8774330015462181
55,0.000480716791953313,0.12123332928032662,0.87828595392772
56,0.15348500237017457,0.008045084874826457,0.838469912754999
57,0.22260656612075974,0.03870850351918033,0.7386849303600599
58,0.35051282559537356,0.2080076438043811,0.4414795306002453
59,0.16717001691706837,0.08184915154304517,0.7509808315398864
60,0.4904499584608921,0.05887376553610589,0.450676276003002
61,0.2844159820235301,0.017158404040466826,0.6984256139360031
62,0.12879935590572006,0.172148661577419,0.6990519825168608
63,0.1881288658131724,0.2516390826979058,0.5602320514889216
64,0.07353710719790105,0.2028206277616215,0.7236422650404775
65,0.035468330984230044,0.15588482680759255,0.8086468422081774
66,0.0313763745447563,0.144262582165782,0.8243610432894617
67,0.13097899531395485,0.03499899155091074,0.8340220131351345
68,0.0886500324528526,0.2679329400803307,0.6434170274668168
69,0.24548718853178692,0.09216463738007545,0.6623481740881376
70,0.7592761518043674,0.045540615567806524,0.19518323262782597
71,0.01867139146234687,0.4623498201934417,0.5189787883442115
72,0.05651855645996765,0.09344454533427057,0.8500368982057617
73,0.31872574636383894,0.2633558329598412,0.4179184206763198
74,0.13948313811046678,0.5222775368870117,0.3382393250025215
75,0.999988149669753,1.1850178685425741e-05,1.5156174330054242e-10
76,0.2547420682903462,0.010126192527414268,0.7351317391822395
77,0.03413050160440449,0.29474897323626675,0.6711205251593289
78,0.03662244355770935,0.28874607847634576,0.6746314779659448
79,0.7568050164078768,0.004406970299986441,0.2387880132921367
80,0.006698086034999763,0.2329526772838683,0.760349236681132
81,0.1418303059124607,0.03540425438286896,0.8227654397046704
82,0.9999998874363953,1.1256358693383045e-07,1.7800960926525392e-14
83,0.009347910050754301,0.6056212173114467,0.38503087263779906
84,0.011156153788943178,0.37583453199191813,0.6130093142191388
85,0.24242296621783183,0.4146690065083085,0.3429080272738598
86,0.9999878915406087,1.2108459352971349e-05,3.8314685131012295e-14
87,0.3645943841708686,0.23128494738058472,0.4041206684485467
88,0.29286214995041554,0.013657499620706379,0.6934803504288781
89,0.5485649388609778,0.3072943651290831,0.14414069600993903
90,0.3303448860295084,0.2717756718902293,0.3978794420802623
91,0.09651402029691013,0.0517166939944597,0.8517692857086302
92,0.2500810832363362,0.4780487896691538,0.27187012709451
93,0.22251839415695737,0.004812559710794865,0.7726690461322477
94,0.07582644402106194,0.3013816957028842,0.6227918602760539
95,0.2643170862971532,0.1592423227267486,0.5764405909760981
96,0.7654427817281937,0.06955488489196429,0.16500233337984194
97,0.05727434380656832,0.13349436254692262,0.809231293646509
98,0.13970208857664332,0.21306000778431183,0.6472379036390449
99,0.16011025981855115,0.07876671543821988,0.761123024743229
100,0.015729430247115685,0.45027941301250674,0.5339911567403776
101,0.04743685529750481,0.08989671007406971,0.8626664346284254
102,0.13092965549318772,0.07310134816840744,0.7959689963384049
103,0.1001284683856416,0.2217455245562489,0.6781260070581094
104,0.15422157874115971,0.18291228305479415,0.6628661382040462
105,0.11258471988015814,0.1451300741175416,0.7422852060023002
106,0.1680565696894175,0.32805387903030503,0.5038895512802773
107,0.00681522804152077,0.4305392663403385,0.5626455056181409
108,0.06541794802639903,0.1412886557569179,0.793293396216683
109,0.0032836832890459117,0.13187956041507437,0.8648367562958796
110,0.17493927614310176,0.2601144853126347,0.5649462385442635
111,0.3027797722554029,0.010978782028946218,0.6862414457156508
112,0.06235969155805438,0.13717722966144746,0.8004630787804982
113,0.005915579027705621,0.31255318123711306,0.6815312397351814
114,0.4138658612658539,0.08208541025225517,0.504048728481891
115,0.1262470163864708,0.22007607572908164,0.6536769078844475
116,0.10010728609281655,0.4961174798403918,0.40377523406679156
117,0.04420097656105989,0.11640893680648738,0.8393900866324527
118,0.18998406328177117,0.012895101021125241,0.7971208356971037
119,0.0025931761525846064,0.5626141677312885,0.434792656116127
120,0.07126160278333162,0.09851673022591573,0.8302216669907527
121,0.0011880752688168865,0.3021557835846434,0.6966561411465397
122,0.032638824208721794,0.1345143980180663,0.8328467777732118
123,0.16081383726257414,0.34867212076401105,0.4905140419734148
124,0.013434887859656746,0.07587579982093638,0.910689312319407
125,0.030214531576988977,0.05456682668443888,0.9152186417385721
126,0.0654489999936642,0.09685136430049857,0.8376996357058373
127,0.10264598785045494,0.036846858854461574,0.8605071532950835
128,0.2927358399113828,0.2978972673898014,0.4093668926988158
129,0.010535811642852966,0.17136861023817604,0.818095578118971
130,0.5130984061500429,0.22930627505761014,0.25759531879234704
131,0.10033765933800318,0.216373247907364,0.6832890927546328
132,0.3467927337028017,0.03506457963456773,0.6181426866626305
133,0.9786616209686735,0.02133747525052423,9.037808021950688e-07
134,0.31049933760738924,0.003984137868035366,0.6855165245245755
135,0.3334846608682216,0.3835362175088877,0.28297912162289063
136,0.03384346779348799,0.33109550371837143,0.6350610284881406
137,0.3470632001184323,0.01986440723612565,0.633072392645442
138,0.1207216076902349,0.09477925586994242,0.7844991364398227
139,0.15021951044760334,0.3866161712894111,0.46316431826298554
140,0.05848159923915937,0.07373606860251906,0.8677823321583216
141,0.6050075603186772,0.3216882743573728,0.07330416532394991
142,0.15223241839524093,0.5695240027172747,0.2782435788874845
143,0.4361596141801327,0.14449707001797657,0.4193433158018908
144,0.4972211836138743,0.10267644531951342,0.40010237106661234
145,0.021882474225449772,0.26346680257448435,0.714650723200066
146,0.019336301899902413,0.11450829265555701,0.8661554054445405
147,0.2536613061882528,0.020417390456581724,0.7259213033551655
148,0.56817826566825,0.12163314229826684,0.31018859203348315
149,0.12580696546946915,0.17305099251838021,0.7011420420121506
150,0.07488432164580687,0.4010417723602992,0.5240739059938939
151,0.009022329381973076,0.05259995570496416,0.9383777149130628
152,0.4843130079347805,0.20096465217960396,0.31472233988561543
153,0.47362016016781044,0.14189895793124394,0.3844808819009456
154,0.029847005290411652,0.5736265548870786,0.3965264398225097
155,0.15536297387986078,0.07923996774997408,0.7653970583701651
156,0.07146373485780697,0.37710360821829353,0.5514326569238995
157,0.3723260031450676,0.10839245727731905,0.5192815395776135
158,9.206429627497778e-05,0.18774932362876073,0.8121586120749642
159,0.01097513164185684,0.23135325047577526,0.7576716178823678
160,0.20010465134820052,0.21633411700558583,0.5835612316462135
161,0.2786443167381285,0.3951596049909727,0.32619607827089875
162,0.06393017975295512,0.2781562057624232,0.6579136144846216
163,0.12801956077542131,0.2121958904398025,0.6597845487847762
164,0.405673278764801,0.14334922092382177,0.4509775003113771
165,0.03760423603226163,0.09950231266578856,0.8628934513019498
166,0.08269308108223189,0.1734317073432161,0.743875211574552
167,0.09837108234381978,0.3266621692186504,0.5749667484375299
168,0.06955669434401891,0.5053562324399596,0.42508707321602124
169,0.06382332135637739,0.2717607009837677,0.6644159776598548
170,0.04208339719368277,0.06926232582609591,0.8886542769802213
171,0.04199155021011345,0.3521995666127266,0.60580888317716
172,0.007966143250352883,0.08556174892057754,0.9064721078290695
173,0.049740227106653774,0.09688966450823158,0.8533701083851147
174,0.03543511335432468,0.1919623700788783,0.772602516566797
175,0.1392195740469701,0.28418157368907887,0.576598852263951
176,0.40695500231950105,0.5064520226311688,0.08659297504933017
177,0.6076058589398434,0.05206859693473159,0.3403255441254251
178,0.3135929091301412,0.013088904086514712,0.6733181867833441
179,0.2503897643818381,0.007322949216809835,0.7422872864013522
180,0.0006938006708385335,0.19924833675222445,0.800057862576937
181,0.07036246902878657,0.14590443998746042,0.783733090983753
182,0.08685646440273842,0.14790554793622307,0.7652379876610385
183,0.264609424016905,0.4166108505646942,0.31877972541840066
184,0.7258947167900697,0.02251208375810024,0.2515931994518301
185,0.13372185213584611,0.06265217012812214,0.8036259777360317
186,0.44639501328500836,0.3038864193151557,0.2497185673998359
187,0.22215513472097853,0.14842088779769516,0.6294239774813264
188,0.1811099542656421,0.15248780978345483,0.666402235950903
189,0.034290522333480226,0.04280860019383022,0.9229008774726896
190,0.1215442090375573,0.11061025077248872,0.767845540189954
191,0.031765249262946084,0.1029704215737533,0.8652643291633005
192,0.4794545132503859,0.1465726822356065,0.37397280451400766
193,0.1207955904012224,0.2441483377820557,0.635056071816722
194,0.07557039788975994,0.37144291666778845,0.5529866854424517
195,0.23533197555381907,0.19817684969306915,0.5664911747531117
196,0.5938552744594463,0.038023250689379284,0.3681214748511744
197,0.14163360656838767,0.45282155741488384,0.4055448360167285
198,0.09482345338390491,0.1279740618062056,0.7772024848098894
199,0.00020642749235792588,0.2917293549270582,0.7080642175805838
200,0.044081570582925625,0.10012159133649064,0.8557968380805838
201,0.21587880338673548,0.06214617259655315,0.7219750240167113
202,0.004448968556862829,0.4791919950787241,0.5163590363644129
203,0.6514470047987093,0.008300196951817811,0.34025279824947297
204,0.17294573334522556,0.5087334563819437,0.3183208102728308
205,0.17980768647923645,0.12268463714619149,0.6975076763745721
206,0.38852357363941725,0.26728252298463334,0.34419390337594935
207,0.260037885844126,0.2475977670051867,0.4923643471506873
208,0.148833081958247,0.2293107183417068,0.6218561997000461
209,0.9997980033915514,0.00020195465085328537,4.195759515977841e-08
210,0.01697030553258338,0.19118409526869368,0.7918455991987229
211,0.15160125996613497,0.3624993690877847,0.4858993709460803
212,0.2939599125242854,0.4430653739004283,0.2629747135752864
213,0.8405744405884615,0.04889992811977679,0.11052563129176181
214,0.17119672402399108,0.29378054641352763,0.5350227295624813
215,0.06976509359192194,0.2593510049643779,0.6708839014437001
216,0.5144886637499527,0.062226781305545195,0.42328455494450207
217,0.18212546651834247,0.42195710793155616,0.3959174255501014
218,0.02768929555044482,0.4497850113509619,0.5225256930985934
219,0.2040149577732365,0.1541052921151964,0.6418797501115671
220,0.025694726685363944,0.5465436118465533,0.42776166146808253
221,0.05892925181806037,0.570827390623097,0.3702433575588426
222,0.8046875515532774,0.04541586720741151,0.1498965812393111
223,0.28034718813316356,0.17809016765675553,0.5415626442100809
224,0.06711281124097193,0.25662277140173023,0.6762644173572978
225,0.13230787123705587,0.1516596994253833,0.7160324293375608
226,0.14206872496996514,0.5577691048293831,0.30016217020065167
227,0.005472141690948323,0.15203934025862606,0.8424885180504257
228,0.048728676261807026,0.16782367601921921,0.7834476477189737
229,0.020912426067045162,0.30363709793846355,0.6754504759944913
230,0.7921841370930288,0.010246074067261609,0.19756978883970963
231,0.04433386622583942,0.1973759314832894,0.7582902022908711
232,0.041908691325001794,0.22700055391743568,0.7310907547575625
233,0.06223702232424341,0.39508642707735975,0.5426765505983968
234,0.7489371246069313,0.022502323030992505,0.22856055236207617
235,0.0163460835220198,0.44189814962244794,0.5417557668555324
236,0.0833941145179944,0.3706389724109361,0.5459669130710694
237,0.1691928454903649,0.051140587426375665,0.7796665670832594
238,0.03187372151420595,0.29902616911349467,0.6691001093722994
239,0.05679974717494584,0.09372243461717022,0.8494778182078839
240,0.33273498273237584,0.20608135691575527,0.4611836603518688
241,0.07226817578783946,0.16424728707044323,0.7634845371417174
242,0.5904784966600153,0.23399610119017789,0.1755254021498069
243,0.09090298716421776,0.020024798763834967,0.8890722140719474
244,0.07859068142234796,0.1394441655211714,0.7819651530564806
245,0.0372339607774853,0.40265206024559486,0.5601139789769198
246,0.39314318012762917,0.31413184285341755,0.2927249770189533
247,0.4010400537185809,0.23286577580144105,0.36609417047997805
248,0.48232646916415844,0.09350020923175144,0.42417332160409016
249,0.3418288326630829,0.1434700992753233,0.5147010680615938
250,0.31930842017689137,0.021151927030944165,0.6595396527921644
251,0.1373920201367979,0.29290553150065507,0.5697024483625469
252,0.5046134348210126,0.25953455194422054,0.23585201323476684
253,0.12061510011947284,0.4864971845663615,0.39288771531416566
254,0.3948764177551213,0.03005481412451537,0.5750687681203634
255,0.3637335671598282,0.3356290022968651,0.30063743054330666
256,0.05560978434230315,0.034015738856586396,0.9103744768011105
257,0.07289417219161567,0.3927037945934301,0.5344020332149543
258,0.21055130169961978,0.12320167231082367,0.6662470259895567
259,0.18699231744197778,0.2859143507915271,0.5270933317664951
260,0.31073486272603684,0.021900056352444523,0.6673650809215187
261,0.703583137244972,0.021843947043395234,0.2745729157116327
262,0.02904803366675338,0.14702053758926362,0.8239314287439831
263,0.3062638865397783,0.15483702035525282,0.538899093104969
264,0.06469138615096755,0.24960078469210922,0.6857078291569232
265,0.03157450306866935,0.4103611183486896,0.558064378582641
266,0.08381903305395352,0.15838939073021271,0.7577915762158337
267,0.6474514583267235,0.1202442590232418,0.23230428265003467
268,0.017080101048660944,0.402626237243599,0.58029366170774
269,0.08549034410800808,0.09695956173801575,0.8175500941539763
270,0.17609779831146338,0.07154409914807251,0.7523581025404641
271,0.009255758903896509,0.4591900133515663,0.5315542277445371
272,0.08665336312200415,0.11847663786729033,0.7948699990107055
273,0.02983413258282615,0.33274999341020506,0.6374158740069689
274,0.007647596596805091,0.24858219547143368,0.7437702079317613
275,0.08167069303028918,0.02153097943750928,0.8967983275322017
276,0.7262328290731362,0.07616746446528919,0.1975997064615745
277,0.04006216145682089,0.2769409352198176,0.6829969033233615
278,0.1794014097155675,0.2984059027500942,0.5221926875343382
279,0.9999999067440544,9.325592408194279e-08,2.1461481275547593e-14
280,0.607989963894892,0.15815711408968297,0.23385292201542487
281,0.8554286954312256,0.06332757512003548,0.0812437294487389
282,0.016454057849223533,0.3082151834859978,0.6753307586647788
283,0.25211702827304,0.20017796915013783,0.5477050025768222
284,0.10518221833939308,0.1741180010158627,0.7206997806447443
285,0.35746211827728086,0.04390881114526789,0.5986290705774512
286,0.0554275338891878,0.17971281403924805,0.7648596520715641
287,0.45151608075207567,0.06496182925683118,0.48352208999109314
288,0.4445290644174779,0.0892663903099098,0.4662045452726123
289,0.03043259574116014,0.37037216844288434,0.5991952358159556
290,0.23214598367149433,0.03570688757769714,0.7321471287508086
291,0.07411287984296847,0.02552395226607466,0.9003631678909568
292,0.008607736825186582,0.1899905636309284,0.801401699543885
293,0.009822129833102504,0.06136044876419209,0.9288174214027054
294,0.05349608797905793,0.10888912583635195,0.8376147861845902
295,0.15744527442193043,0.35602666075487327,0.4865280648231962
296,0.08454257229322912,0.5765043511317001,0.3389530765750708
297,0.2331018119892677,0.47227303806939974,0.2946251499413326
298,0.027456487685113534,0.10482866365436785,0.8677148486605185
299,0.03827430893445037,0.25040863194543694,0.7113170591201126
300,0.10151307737686867,0.04935600344098728,0.8491309191821441
301,0.015664418444820374,0.42429872535706814,0.5600368561981114
302,0.5380932188499075,0.39964385326340485,0.06226292788668763
303,0.13275165706638542,0.0672046182774242,0.8000437246561903
304,0.32896860788000043,0.05458440343911331,0.6164469886808863
305,0.0341922181455643,0.14256090785620165,0.823246873998234
306,0.11747814497822644,0.061809462723668045,0.8207123922981054
307,0.20283628419318492,0.004466386534968789,0.7926973292718463
308,0.038085099415988186,0.2581436596935694,0.7037712408904425
309,0.0712429560536713,0.09279866127716924,0.8359583826691594
310,0.35452731101132967,0.42098220454272556,0.22449048444594477
311,0.018666105834046546,0.18266255384468288,0.7986713403212706
312,0.7577378621875992,0.017060790234470574,0.22520134757793014
313,0.048091430955449536,0.1730141242504955,0.778894444794055
314,0.16356405878806834,0.3843639780869982,0.4520719631249334
315,0.05069782431451151,0.026465738931096702,0.9228364367543918
316,0.03855723296271083,0.36715494054403264,0.5942878264932566
317,0.21927131476679776,0.3676857968448658,0.4130428883883364
318,0.01109029408302836,0.1520624927352745,0.8368472131816971
319,0.066627913282917,0.02976384795764711,0.903608238759436
320,0.0023732329426899715,0.4100196203819325,0.5876071466753776
321,0.06518795695270486,0.36890009369588145,0.5659119493514138
322,0.11952674454076474,0.16159505841823907,0.7188781970409962
323,0.05864869890894402,0.3058736369246171,0.6354776641664389
324,0.06519426343142926,0.4008148083089518,0.5339909282596189
325,0.40499904894387356,0.04359376021893411,0.5514071908371924
326,0.1186247137200492,0.5757089710396335,0.3056663152403172
327,0.06815615484958788,0.03483418334144437,0.8970096618089677
328,0.19988254075322523,0.31849132978832356,0.48162612945845124
329,0.16401049290208194,0.0807939326941258,0.7551955744037923
330,0.2578938421068225,0.30106852623598124,0.4410376316571962
331,0.06565175588151088,0.2829221266268078,0.6514261174916812
332,0.9760702534427934,0.008579784077066577,0.01534996248014009
333,0.6287772045427025,0.08920609614029494,0.2820166993170026
334,0.15158323935535595,0.3046642149680434,0.5437525456766007
335,0.4357319681338124,0.18614398558068768,0.3781240462855
336,0.17433144625361632,0.4091901897589147,0.41647836398746896
337,0.04302180551244021,0.1714969837893644,0.7854812106981953
338,0.08985800268093715,0.3405507834809861,0.5695912138380768
339,0.1398136494789723,0.1936103066190627,0.6665760439019649
340,0.10102690203671438,0.1142162417420361,0.7847568562212496
341,0.08623903139531255,0.2562077548794303,0.6575532137252572
342,0.5870535967201513,0.3048677816466995,0.10807862163314916
343,0.01948422016097874,0.16150412560932306,0.8190116542296982
344,0.2166540480154208,0.3020473246456745,0.4812986273389047
345,0.3777352718902035,0.0636180141290902,0.5586467139807064
346,0.15733161817832875,0.25895063048384004,0.5837177513378313
347,0.6102897628480741,0.05690444137205821,0.3328057957798677
348,0.11142279791405274,0.12683991577422823,0.761737286311719
349,0.02512449054169115,0.18991868391464986,0.7849568255436591
350,0.008750992396054601,0.6369870855751377,0.35426192202880763
351,0.007553454127739076,0.10018221271199235,0.8922643331602687
352,0.09908112330412581,0.048242881779166656,0.8526759949167076
353,0.10688277655924054,0.5303430975604416,0.3627741258803178
354,0.07734339372774421,0.06306299036687157,0.8595936159053842
355,0.030770975185856482,0.3443068214600239,0.6249222033541196
356,0.008592309683175864,0.1014350910177304,0.8899725992990937
357,0.11779657219109058,0.11774888321201454,0.7644545445968949
358,0.0005456155885679381,0.46563404404691167,0.5338203403645203
359,0.011130076493092396,0.5603597790057537,0.4285101445011538
360,0.12261154889004379,0.3302873808897474,0.5471010702202089
361,0.16403400836095114,0.35800803942661336,0.4779579522124355
362,0.06947795639499746,0.21541676352425368,0.7151052800807488
363,0.03272393213088992,0.3030069161805091,0.6642691516886009
364,0.31168984818555756,0.4480982631872879,0.24021188862715448
365,0.4700234089317263,0.03836731919230112,0.4916092718759725
366,0.005240059652170489,0.32725652052286575,0.6675034198249639
367,0.01370249784254138,0.2055073884469438,0.7807901137105148
368,0.10265359210027658,0.14786337138181535,0.749483036517908
369,0.697545432976641,0.03509527620748826,0.26735929081587073
370,0.6485645887197062,0.02861287219616936,0.32282253908412434
371,0.1442495536869152,0.22418013006808968,0.631570316244995
372,0.43972193651306674,0.3013719132281274,0.2589061502588059
373,0.00017909147497300408,0.06442070564465542,0.9354002028803716
374,0.22663929499103475,0.5472707954483835,0.22608990956058173
375,0.035958717796012826,0.10980083111606857,0.8542404510879186
376,0.30370907947103803,0.012125917069958954,0.6841650034590031
377,0.046474140524141845,0.22592713817095583,0.7275987213049023
378,0.6774465672982808,0.029574548996921843,0.29297888370479735
379,0.6924758428393349,0.03187317652890706,0.27565098063175797
380,0.5423794734548926,0.15323365242212597,0.3043868741229815
381,0.00820987446048334,0.25228856564062846,0.7395015598988882
382,0.001398912200171532,0.12345194716805716,0.8751491406317713
383,0.19521623332726423,0.3003222719685263,0.5044614947042094
384,0.6264555257533964,0.1306594240237519,0.24288505022285176
385,0.02717058875048541,0.055379663314926865,0.9174497479345878
386,0.9909736001429262,0.0031899392816332217,0.005836460575440575
387,0.16862305958942636,0.1661168900256413,0.6652600503849323
388,0.1794793762237191,0.04927925604079074,0.7712413677354901
389,0.021245674608858563,0.048115813719506316,0.9306385116716351
390,0.027541842426218016,0.250745142858945,0.721713014714837
391,0.7679687884546409,0.013207311098364491,0.21882390044699462
392,0.9999997310694483,2.689305248597069e-07,2.6867324948378005e-14
393,0.025510080895253823,0.4710324461303536,0.5034574729743926
394,0.12731946426587024,0.04373855754010466,0.828941978194025
395,0.10904272983948628,0.5424086744994776,0.3485485956610361
396,0.07645841977935978,0.4437406403283346,0.47980093989230566
397,0.14505916412320968,0.011281177518328892,0.8436596583584614
398,0.006901754725182922,0.3228871666151148,0.6702110786597024
399,0.44062317525320177,0.40924273265162353,0.15013409209517467
400,0.11414609169315332,0.3853905089817822,0.5004633993250646
401,0.15938407025786602,0.009874961685001122,0.8307409680571329
402,0.0809148088448928,0.14529732281114388,0.7737878683439633
403,0.36828842569482056,0.15306657776295146,0.47864499654222803
404,0.06315439884422037,0.46314440260871803,0.47370119854706155
405,0.3176225201577592,0.0225552607860638,0.659822219056177
406,0.1380133505348903,0.0362186693715784,0.8257679800935313
407,0.056024040019340415,0.13412663711342976,0.8098493228672299
408,0.1380966528822259,0.17188534059143126,0.6900180065263428
409,0.3401319416000471,0.061043334619021894,0.598824723780931
410,0.07282679328444767,0.08677485759354378,0.8403983491220085
411,0.06208837776366591,0.1905581027523053,0.7473535194840287
412,0.7240680602250497,0.274129984117817,0.0018019556571332357
413,0.6234736577051193,0.036600202031293265,0.33992614026358736
414,0.31041996376479425,0.013186066231910747,0.6763939700032949
415,0.7428220515485726,0.06308847406516742,0.19408947438626
416,0.02261142246436438,0.0607821209351091,0.9166064566005265
417,0.02275322200729006,0.051989886060435433,0.9252568919322746
418,0.13158380959256433,0.19509112136240192,0.6733250690450338
419,0.001442053275925681,0.4466780657939686,0.5518798809301058
420,0.5164026043844382,0.015962345305203667,0.4676350503103581
421,0.7662858416797077,0.0321325866843803,0.2015815716359121
422,0.7852942464473036,0.07340408034000219,0.14130167321269424
423,0.14357656496205337,0.13784327332875762,0.7185801617091891
424,0.13093320917344684,0.5569107448693351,0.31215604595721813
425,0.0004010439514716179,0.1694091713900494,0.830189784658479
426,0.10984056047122415,0.2983573692204895,0.5918020703082864
427,0.02205591417019264,0.10294302176312137,0.875001064066686
428,0.074387739358688,0.5264110658111348,0.3992011948301771
429,0.051255830914323855,0.18350173357970842,0.7652424355059678
430,0.3135825627675236,0.07516068953092572,0.6112567477015506
431,0.6879903247766255,0.0631592477949122,0.2488504274284625
432,0.49031128291365117,0.1380835744067951,0.37160514267955375
433,0.06613606775986938,0.47805579386369235,0.4558081383764383
434,6.901181468196296e-05,0.15540234351793006,0.844528644667388
435,0.11690382351126098,0.5759035795729409,0.30719259691579803
436,0.32759404336794956,0.27863903847575194,0.3937669181562985
437,0.535087035975586,0.13884773466298597,0.326065229361428
438,0.0005704611854041848,0.09063610539896379,0.908793433415632
439,0.13820300375344372,0.1300574742952716,0.7317395219512846
440,0.1825706464326407,0.4555906956124626,0.3618386579548967
441,0.03537296757882526,0.10823349487369495,0.8563935375474798
442,0.0001425608365440294,0.26931560330747034,0.7305418358559858
443,0.11392216450791566,0.28083098794770595,0.6052468475443784
444,0.1337136837897089,0.1618978570114066,0.7043884591988846
445,0.05449816210328132,0.14025444312817226,0.8052473947685465
446,0.10192891372477188,0.3392093556188619,0.5588617306563661
447,0.6095768206138656,0.2018129180635162,0.18861026132261816
448,0.1554141031404637,0.1575844564536958,0.6870014404058405
449,0.08773219437463695,0.18611235913180757,0.7261554464935556
450,0.5861686849869028,0.055135709778610625,0.3586956052344866
451,0.0496467997854929,0.6599928063551738,0.29036039385933343
452,0.0017732746854773546,0.16322432034114231,0.8350024049733803
453,0.1901216845301179,0.4356544336018734,0.3742238818680087
454,0.11964895432094658,0.25608752939574625,0.6242635162833072
455,0.6145240231425315,0.04638875710605274,0.3390872197514158
456,0.06267468907002649,0.22968307648418076,0.7076422344457928
457,0.6651512263931092,0.06929132477057072,0.26555744883632004
458,0.038343250217779797,0.2225594646172996,0.7390972851649207
459,0.5776082038558203,0.0572273226492283,0.3651644734949514
460,0.2164361873034762,0.1513215315582496,0.6322422811382741
461,0.035527458909427996,0.44110411571617547,0.5233684253743967
462,0.34340838639204857,0.04338822347538188,0.6132033901325695
463,0.06384773391215881,0.408954558096206,0.5271977079916352
464,0.040627699205955395,0.05879973499060503,0.9005725658034396
465,0.06855827074692927,0.03368102302202655,0.8977607062310441
466,0.018697028095016697,0.2539068440224753,0.7273961278825081
467,0.28020340599392185,0.013798433747015252,0.7059981602590629
468,0.05401272630129585,0.13558205526285247,0.8104052184358518
469,0.5977699642968455,0.22060012180064797,0.18162991390250657
470,0.99030762867695,0.00969147034743251,9.009756175759501e-07
471,0.7357717812115315,0.17825140219297836,0.0859768165954901
472,0.0270587487800145,0.17193001529359048,0.8010112359263951
473,0.9815840751591671,0.00463605301302606,0.013779871827806827
474,0.30616259945406393,0.18795941247179418,0.5058779880741419
475,0.09464407087139654,0.23228868034429034,0.6730672487843131
476,0.432395894732228,0.00951031636051683,0.5580937889072553
477,0.05013480653169479,0.04158852359828053,0.9082766698700248
478,0.09329819652572463,0.5828178205430558,0.3238839829312197
479,0.4724658375430526,0.14197355079878649,0.38556061165816086
480,0.08916915364578572,0.09384374087851742,0.8169871054756969
481,0.09916793346089404,0.41639307178038776,0.48443899475871816
482,0.16017209999775975,0.46085046894661535,0.378977431055625
483,0.2560377036615514,0.03947518327457913,0.7044871130638696
484,0.4205904602286021,0.3871155269773772,0.19229401279402078
485,0.32318655751382525,0.21290247279423977,0.463910969691935
486,0.0007886365684509658,0.40569288070043624,0.5935184827311127
487,0.026038685463370466,0.2928422517524156,0.681119062784214
488,0.04588922598758053,0.41780364901277456,0.536307124999645
489,0.2299342624133519,0.15393210862844156,0.6161336289582067
490,0.001671723515912237,0.14166251735290508,0.8566657591311827
491,0.035108226916807775,0.15387740754703955,0.8110143655361527
492,0.01719586100028425,0.2776241266933205,0.7051800123063953
493,0.0011078885137570432,0.10971350174716328,0.8891786097390796
494,0.20853365602200757,0.484151241368295,0.3073151026096974
495,0.1976138909221609,0.5136053782820266,0.28878073079581257
496,0.09852149420594047,0.1529366462527364,0.748541859541323
497,0.9933556064754652,0.0065751548360444955,6.923868849046359e-05
498,0.5559950126884696,0.38061568906408205,0.06338929824744827
499,0.14214574353742365,0.04549897926766475,0.8123552771949116
500,0.03962755629467785,0.27456311891671026,0.6858093247886119
501,0.09321843531121549,0.1091812677815197,0.7976002969072647
502,0.7327980027472293,0.1855053749757437,0.0816966222770271
503,0.3652219817995613,0.27911708075850966,0.35566093744192906
504,0.04365460580202335,0.13123454411108648,0.8251108500868902
505,0.9926672738750435,0.007331313279345823,1.4128456106604067e-06
506,0.0011977125367409718,0.15050996420608065,0.8482923232571784
507,0.3152031811106938,0.38271811906534126,0.302078699823965
508,0.16927471247998274,0.06384673744130595,0.7668785500787113
509,0.927745123547136,0.07225196460437677,2.911848487246085e-06
510,0.17884247382059393,0.5453047582785632,0.275852767900843
511,0.08552539038289446,0.498357417252771,0.41611719236433453
512,0.04760012999733003,0.5221810200775286,0.43021884992514126
513,0.054101072595968074,0.022975371004102053,0.9229235563999298
514,0.4584641226448356,0.11800183202399991,0.42353404533116457
515,0.11820996101022525,0.5796494963172002,0.3021405426725745
516,0.7222047452743483,0.06370050305597566,0.2140947516696761
517,0.006549408794956759,0.30857999189286534,0.6848705993121779
518,0.10533456221164242,0.5174547800409788,0.37721065774737866
519,0.37283080902010496,0.10130567882531197,0.525863512154583
520,0.1942789268446803,0.020222839985356175,0.7854982331699636
521,0.12281236135207538,0.25884510772803093,0.6183425309198937
522,0.2675830570636119,0.029425163029015617,0.7029917799073725
523,0.7560049757355959,0.003752040418097107,0.24024298384630696
524,0.27650995337613127,0.1318935994971635,0.5915964471267052
525,0.00019719006720274752,0.07786072891423516,0.921942081018562
526,0.132573787296482,0.09611767731484841,0.7713085353886696
527,0.0880342684624555,0.17780689061334795,0.7341588409241966
528,0.05345366118617353,0.0618837206559621,0.8846626181578644
529,0.12624639087591058,0.03447314169984757,0.8392804674242418
530,0.3862225032459336,0.271148848423595,0.34262864833047146
531,0.0020732328504968283,0.0814267132196701,0.916500053929833
532,0.0014947367188384113,0.4360053957892432,0.5624998674919184
533,0.5049357728959286,0.31678290319916114,0.17828132390491022
534,0.05971989348648526,0.043243719288144834,0.8970363872253699
535,0.13615112271267427,0.0354148947138578,0.8284339825734679
536,0.027224280672188416,0.3258434735362632,0.6469322457915483
537,0.0005026866725129926,0.349838071968754,0.649659241358733
538,0.7836225134972503,0.0726214673588908,0.14375601914385888
539,0.37077593960175514,0.2587048676873025,0.3705191927109423
540,0.27974602044177305,0.3907471645328478,0.32950681502537926
541,0.46093673595181084,0.23124399315232966,0.30781927089585953
542,0.7043447693493623,0.08876878394178518,0.20688644670885242
543,0.3699424104089805,0.04508463624238561,0.584972953348634
544,0.24691862494514533,0.28717463684054423,0.4659067382143104
545,0.507685265146903,0.235141274133347,0.25717346071974995
546,0.764747227495741,0.09500039054392084,0.14025238196033823
547,0.3217788141011181,0.479794169674937,0.19842701622394499
548,0.14707337800096013,0.46277806144774236,0.39014856055129754
549,0.034037871885050294,0.031015563169440392,0.9349465649455093
550,0.08774375799753412,0.026454836112108544,0.8858014058903573
551,0.030305717015338178,0.2530946002809046,0.7165996827037573
552,0.28362717192672315,0.4211026807925743,0.29527014728070244
553,0.076319576354852,0.12402964194430773,0.7996507817008403
554,0.011215760420447753,0.4986723724955886,0.49011186708396365
555,1.716937471386133e-05,0.2202966610002735,0.7796861696250127
556,0.5800026930825939,0.17400931604250877,0.2459879908748975
557,0.7216494551377433,0.006004809765993731,0.2723457350962631
558,0.7242671160281371,0.025520048802077137,0.2502128351697857
559,0.0024738164113732733,0.3972359824132803,0.6002902011753465
560,0.457303212313427,0.07234051332786195,0.470356274358711
561,0.07457038509305418,0.09180226031344108,0.8336273545935048
562,0.1724203446261371,0.10999005719308111,0.7175895981807818
563,0.16311816997975434,0.3289683046569857,0.50791352536326
564,0.6030285614245606,0.026394678066297445,0.37057676050914196
565,0.9893018071089477,0.010688807923397695,9.384967654445557e-06
566,0.1549512715825094,0.33127085124283623,0.5137778771746544
567,0.42752659333912074,0.00720330629446694,0.5652701003664123
568,0.0012153478630103564,0.4592820552691104,0.5395025968678792
569,0.016666832276575914,0.2180722203371238,0.7652609473863002
570,0.36870697289074533,0.45838966040107343,0.17290336670818118
571,0.016262740146963325,0.47570826517583586,0.508028994677201
572,0.0993482909181415,0.3974430180743678,0.5032086910074907
573,0.027501382334613206,0.12593922019421416,0.8465593974711727
574,0.17722577525622,0.26357814559736154,0.5591960791464184
575,0.15051359844858975,0.24249800818851497,0.6069883933628955
576,0.11827230842311101,0.07195578079099792,0.8097719107858911
577,0.4445374951821067,0.010600464300393292,0.5448620405175
578,0.24588932375641168,0.19941557394533949,0.5546951022982489
579,0.009797100638249782,0.6597654820890116,0.33043741727273857
580,0.018507430402369473,0.04874177992476856,0.932750789672862
581,0.055231138037651575,0.13934909498613,0.8054197669762183
582,0.5731483952064761,0.32244426511215096,0.10440733968137289
583,0.6762365460980817,0.1698684630554398,0.1538949908464785
584,0.03926788847723722,0.19397992413719292,0.7667521873855699
585,0.06579219321343728,0.17580704081090903,0.7584007659756536
586,0.04932418440816157,0.4956334534680412,0.4550423621237972
587,0.037101797811095585,0.15487307384796367,0.8080251283409408
588,0.0319546641161323,0.31083034810616855,0.6572149877776992
589,0.15442645695235688,0.3192840725956397,0.5262894704520035
590,0.0954793510913507,0.195084683759211,0.7094359651494383
591,0.029755935673345713,0.5311516228902172,0.439092441436437
592,0.43172867590164976,0.14128125055702298,0.4269900735413273
593,0.19653825665741487,0.07176454734469905,0.7316971959978861
594,0.11615447143164337,0.5279531501248323,0.3558923784435243
595,0.2748412024161851,0.12188025875364279,0.603278538830172
596,0.3383628286267918,0.2970085670311811,0.3646286043420271
597,0.590600352271484,0.13089925661713955,0.27850039111137653
598,0.08543762732819002,0.24828423225943957,0.6662781404123704
599,0.6353000931816845,0.06036274018038562,0.3043371666379299
600,0.2348078765171546,0.19120773728070606,0.5739843862021393
601,0.09917805593194737,0.2593883458996919,0.6414335981683608
602,0.4325733455363664,0.014955237061043328,0.5524714174025904
603,0.03917157975874823,0.48857698686774254,0.47225143337350933
604,0.05808331090875712,0.21402618295710485,0.727890506134138
605,0.07653821440520577,0.13926145925747171,0.7842003263373225
606,0.0014844803820816546,0.047916769123682396,0.9505987504942359
607,0.06826311860006541,0.10390025155640607,0.8278366298435285
608,0.11691311641176386,0.30357030963530157,0.5795165739529345
609,0.2578661822088166,0.43085124947048625,0.3112825683206972
610,0.2506949184041431,0.056194926879451886,0.693110154716405
611,0.4893889634963633,0.3596610445567621,0.15094999194687464
612,0.001506372624994022,0.5061608860415195,0.49233274133348653
613,0.10204605439526147,0.342405097392287,0.5555488482124515
614,0.1323454348143516,0.5191950120223642,0.3484595531632842
615,0.23894546473681016,0.026320873691319205,0.7347336615718707
616,0.023666697423298303,0.10779333423818802,0.8685399683385137
617,0.08466993391888257,0.20477438602098041,0.710555680060137
618,0.043349785554260126,0.572142316223187,0.3845078982225528
619,0.06597919487929046,0.21200669686253723,0.7220141082581724
620,0.12380848882263945,0.5751646748574755,0.301026836319885
621,0.0341396659753638,0.33450511677898176,0.6313552172456545
622,0.5895649096271403,0.18130296484388123,0.22913212552897852
623,0.6620878493279106,0.006761852005062261,0.331150298667027
624,0.38389560195243805,0.14127655554240331,0.4748278425051586
625,0.07552755487909675,0.0323139404384469,0.8921585046824564
626,0.4300402036389072,0.025303652456730545,0.5446561439043622
627,0.12713724072789448,0.3611648894873041,0.5116978697848014
628,0.008401294138058525,0.3956814039034543,0.5959173019584871
629,0.08292449700544334,0.08231497464422612,0.8347605283503305
630,0.5656528649362883,0.06503258799377422,0.36931454706993755
631,0.6199358043937087,0.07784139955698917,0.30222279604930213
632,0.07364727634508855,0.0824668109350477,0.8438859127198637
633,0.36626804726750495,0.03398642130244937,0.5997455314300456
634,0.13033210412774654,0.3880965256361469,0.4815713702361066
635,0.7227490183586233,0.06591057127380916,0.21134041036756765
636,0.26122234161332086,0.23749982798080357,0.5012778304058757
637,0.05317947154927453,0.047316374121342444,0.899504154329383
