,proba_0,proba_1,proba_2
0,0.19935112663442228,0.19354192801608952,0.6071069453494882
1,0.2362926066517272,0.14903158379784953,0.6146758095504233
2,0.9999997326492223,5.481002666461348e-08,2.1254075094522544e-07
3,0.24049410041801061,0.20464959206002264,0.5548563075219665
4,0.27005939340903706,0.19518319233582473,0.534757414255138
5,0.13228377760991292,0.27684385249409327,0.5908723698959939
6,0.07375877394872575,0.22827950908238082,0.6979617169688934
7,0.33121136410862884,0.1791697932927383,0.4896188425986327
8,0.26367294593885676,0.10752147120862549,0.6288055828525175
9,0.09475142897990528,0.22323417072094143,0.6820144002991533
10,0.1679671180781439,0.2836958008071243,0.5483370811147317
11,0.4522072743314727,0.10830281708361135,0.43948990858491604
12,0.5285355906513819,0.1733867931947735,0.298077616153845
13,0.18510553086939233,0.1876298512739607,0.627264617856647
14,0.12674898005343752,0.18122429989180397,0.6920267200547587
15,0.18008221717519549,0.2118706696313494,0.6080471131934552
16,0.3044028863734154,0.18368321162582366,0.5119139020007608
17,0.38439846018782803,0.17337286273906707,0.44222867707310465
18,0.4416794983823598,0.19387585724471135,0.3644446443729289
19,0.23336891223891995,0.16343518338459653,0.6031959043764836
20,0.16344982978043898,0.2667685670774118,0.5697816031421492
21,0.14656076547083205,0.2197733514227943,0.6336658831063735
22,0.16431466293109984,0.20117129534550393,0.634514041723396
23,0.21234274057426591,0.15396996765239482,0.6336872917733395
24,0.1908494253335729,0.19354421301491523,0.615606361651512
25,0.2841159061021252,0.19564832248384548,0.5202357714140291
26,0.09819166052862693,0.23624192452957649,0.6655664149417965
27,0.9999732893178273,4.238542765713273e-06,2.2472139406955483e-05
28,0.42846312184839724,0.1772618924098999,0.3942749857417029
29,0.999999848506374,5.076120578684052e-08,1.0073242020105173e-07
30,0.23321252579999366,0.18624046684476475,0.5805470073552416
31,0.17553050566721562,0.2667959673246541,0.55767352700813
32,0.24867825396491255,0.15961998228045174,0.5917017637546358
33,0.3697358045329216,0.12994774888047886,0.5003164465865996
34,0.1717546501660347,0.15391690459099733,0.6743284452429681
35,0.27730891920260936,0.1262586405163607,0.5964324402810299
36,0.37318829486649036,0.19154531221831989,0.43526639291518976
37,0.7963754401354418,0.10146634623110316,0.10215821363345522
38,0.28624099599572267,0.21108757811916093,0.5026714258851162
39,0.06563314756719688,0.24227530848865572,0.6920915439441473
40,0.24735491933914097,0.195139554308532,0.5575055263523268
41,0.11787376368337542,0.19307285249601353,0.6890533838206111
42,0.1515662744354474,0.22312386915484636,0.6253098564097062
43,0.21453634462978186,0.1889333899974596,0.5965302653727584
44,0.20393335857391762,0.2072661809669786,0.588800460459104
45,0.084068129498083,0.20730688837151615,0.708624982130401
46,0.08872458091542011,0.1659653970372173,0.7453100220473625
47,0.05410401691752827,0.22442819341382544,0.7214677896686464
48,0.09043934203293144,0.22859439274690274,0.6809662652201659
49,0.3960265062692608,0.14044662440040023,0.46352686933033893
50,0.14270846799935627,0.2383451010551907,0.618946430945453
51,0.14829491443037401,0.2703041836507885,0.5814009019188375
52,0.3352605552010888,0.19860020445165574,0.46613924034725573
53,0.9999998485195299,5.075437123730594e-08,1.0072609877713331e-07
54,0.11861803488388248,0.20640896928787414,0.6749729958282433
55,0.06266392967050417,0.20530148799028916,0.7320345823392067
56,0.3034518294274901,0.08825767117924824,0.6082904993932617
57,0.24961216212703957,0.14703336193902738,0.6033544759339333
58,0.38496828568634106,0.15469957217574928,0.46033214213790946
59,0.27106404133341616,0.16988117741033806,0.5590547812562459
60,0.31105483006992124,0.15474492675156648,0.5342002431785126
61,0.22522942194892787,0.11848520513256355,0.6562853729185087
62,0.25014991121988633,0.20535848953226324,0.5444915992478504
63,0.1683797709774504,0.22311085306568018,0.6085093759568694
64,0.17476237210923226,0.2206918391671124,0.6045457887236555
65,0.1263238454353996,0.22336657333923024,0.65030958122537
66,0.21317804937115983,0.19274212891968528,0.5940798217091549
67,0.1111268404048274,0.17783642361149868,0.711036735983674
68,0.1778609368786883,0.2465330149044288,0.5756060482168827
69,0.22367656644649864,0.158069668823611,0.6182537647298904
70,0.7016065015729391,0.05279467788690737,0.2455988205401534
71,0.16888663989948172,0.2537885906666869,0.5773247694338312
72,0.23933385273084073,0.12429749036296381,0.6363686569061955
73,0.29368043868660126,0.247876879399074,0.45844268191432475
74,0.07968702012872933,0.27618041911438884,0.6441325607568816
75,0.9999998483748996,5.082963817640228e-08,1.0079546223117271e-07
76,0.22853618667109662,0.11316348286926667,0.6583003304596365
77,0.13784219149095228,0.22274954428095023,0.6394082642280976
78,0.11394701262422013,0.23028582340901457,0.6557671639667655
79,0.8325890299688797,0.04049011583432805,0.12692085419679197
80,0.15740223649570806,0.1872281532988208,0.6553696102054709
81,0.2338460934291008,0.13879153896517926,0.6273623676057198
82,0.9999998485207967,5.0753713305597196e-08,1.007254899998557e-07
83,0.11173210364341989,0.24275524925017292,0.6455126471064073
84,0.21025599997425798,0.21930596259991023,0.5704380374258317
85,0.15053059012445028,0.2640009421683963,0.5854684677071532
86,0.9999998480368136,5.100671901137604e-08,1.0095646722539772e-07
87,0.27396664575685736,0.19787846653583457,0.5281548877073079
88,0.2758515692148333,0.11928147809514844,0.6048669526900183
89,0.33467350623425657,0.2908987477651834,0.37442774600056006
90,0.19034240104305097,0.20077350895340518,0.6088840900035436
91,0.3496182708492906,0.14866170126940914,0.5017200278813001
92,0.18717336593055506,0.24982960213731759,0.5629970319321274
93,0.12356216034642473,0.14991388582326468,0.7265239538303104
94,0.17272370584918573,0.20422182560573346,0.6230544685450806
95,0.24426168813101223,0.17863855164566528,0.5770997602233227
96,0.45531751290740613,0.12656139048693976,0.4181210966056541
97,0.24906993228891067,0.1873990605401823,0.5635310071709071
98,0.27482879570514557,0.19010429241766014,0.5350669118771945
99,0.26420043401894494,0.1660068871067681,0.569792678874287
100,0.08163998569734997,0.22149378223373825,0.6968662320689115
101,0.14239154769761866,0.21918300225510706,0.6384254500472742
102,0.2583665044562076,0.12422214920625305,0.6174113463375395
103,0.08765350861445104,0.2676213087091964,0.6447251826763524
104,0.15694089933290745,0.19591430857163086,0.6471447920954616
105,0.10821744649343913,0.23530769430933854,0.656474859197222
106,0.22152486361992882,0.2153724010801036,0.5631027352999676
107,0.17231082896809072,0.23023289995353835,0.597456271078371
108,0.22368681790776493,0.22477767239458554,0.5515355096976494
109,0.11520096133980012,0.15315900586850198,0.7316400327916975
110,0.2268293438483516,0.20111763563793156,0.5720530205137169
111,0.29377733924058014,0.1216558534364253,0.5845668073229946
112,0.08578076528586855,0.24430163992388237,0.669917594790249
113,0.06957749103962012,0.2088900051607535,0.7215325037996266
114,0.2460952327232371,0.18314573461475575,0.5707590326620069
115,0.17993302032776984,0.15328433439173844,0.6667826452804922
116,0.15731911178013191,0.2596329252070166,0.5830479630128513
117,0.17012477048868363,0.19099733101111593,0.6388778985002004
118,0.15651889584538767,0.186704143472203,0.6567769606824093
119,0.059947181432940984,0.2996450867730847,0.6404077317939747
120,0.17903156887007635,0.17413260692120275,0.646835824208721
121,0.05882443615172742,0.27035953758346026,0.6708160262648123
122,0.14281249706018947,0.1924116338194197,0.664775869120391
123,0.1771958113978061,0.24118421008071586,0.581619978521478
124,0.12424755807804759,0.22088296124232518,0.6548694806796271
125,0.17326895172001353,0.17234161246915883,0.6543894358108275
126,0.1247320915633521,0.1967592249656894,0.6785086834709585
127,0.21227488344293213,0.1433315760024077,0.64439354055466
128,0.2769106392496187,0.25387203821247967,0.469217322537902
129,0.1881745404005661,0.2554068075157809,0.5564186520836529
130,0.318653113977685,0.19543314753984842,0.48591373848246644
131,0.2168913939568913,0.21510561433044614,0.5680029917126626
132,0.22865684561035265,0.15277001918775626,0.6185731352018907
133,0.9998655159003736,3.129343755944497e-05,0.00010319066206686993
134,0.24315904536901953,0.10765016816758828,0.649190786463392
135,0.2240670659233535,0.22700213296561472,0.5489308011110317
136,0.11908370218961642,0.2313371589037711,0.6495791389066125
137,0.35193025311828696,0.11720912505708375,0.5308606218246292
138,0.19895282218607457,0.16300501192585534,0.6380421658880702
139,0.2406376798367961,0.2437334556223519,0.5156288645408519
140,0.19850997660558523,0.15717470874010403,0.6443153146543102
141,0.3103485151669228,0.27214464741108707,0.4175068374219901
142,0.1883567866796199,0.2888095544040099,0.5228336589163702
143,0.21940518436956397,0.19626362143745693,0.5843311941929791
144,0.23990803147044903,0.18345070627953708,0.5766412622500137
145,0.12384826053745446,0.19819108044886719,0.6779606590136782
146,0.09543152265372355,0.18759251428661772,0.7169759630596587
147,0.1920017663880085,0.14876461602044036,0.6592336175915513
148,0.30000970788640724,0.211332287168636,0.4886580049449564
149,0.20491537070217652,0.1986494979708224,0.5964351313270013
150,0.16607394665407493,0.25767259232276446,0.5762534610231606
151,0.14565525329023457,0.17140812965789676,0.6829366170518689
152,0.34958376403336994,0.2260618731301741,0.42435436283645617
153,0.32224313760244827,0.15420135730279413,0.5235555050947576
154,0.1467166916796844,0.26603015280020414,0.5872531555201115
155,0.19265792877244337,0.18006484404412598,0.6272772271834308
156,0.1765235890350559,0.23908022428261802,0.5843961866823261
157,0.3248248101925554,0.15642501626429875,0.5187501735431456
158,0.10124871344223041,0.24311131775124742,0.655639968806522
159,0.12623659015585537,0.2521857108242509,0.6215776990198938
160,0.27812143921431604,0.18939448366273262,0.5324840771229514
161,0.21072742586864915,0.19782709554285602,0.5914454785884946
162,0.10605221497740595,0.23861785318099926,0.6553299318415949
163,0.20667487556270916,0.21730676871593668,0.576018355721354
164,0.2990097999758206,0.16978886029193266,0.5312013397322467
165,0.1678680148752206,0.1853848494160303,0.646747135708749
166,0.1521021265397504,0.20073448626230195,0.6471633871979474
167,0.16000374478995544,0.22045960930004735,0.6195366459099971
168,0.11770549111633374,0.29721736797742215,0.585077140906244
169,0.1848495454981462,0.2202769784643117,0.5948734760375417
170,0.19441495431480166,0.12898738366705337,0.676597662018145
171,0.16563743209576245,0.2154852621240087,0.6188773057802288
172,0.1219024421660059,0.19524779843709308,0.6828497593969011
173,0.1769447913079116,0.16730242064621292,0.6557527880458754
174,0.10034076819337723,0.21249536891039672,0.6871638628962261
175,0.19326544542711127,0.20350262929329466,0.6032319252795939
176,0.24538097565917477,0.28902495289425223,0.4655940714465729
177,0.33709731366023,0.14603710067730774,0.5168655856624623
178,0.2588843591768795,0.11200408966463674,0.6291115511584837
179,0.2510583638583908,0.11666294918364317,0.6322786869579661
180,0.09213387839252382,0.22364725274968064,0.6842188688577956
181,0.12430954767894102,0.20039613248854804,0.675294319832511
182,0.13803077579492126,0.1878375924229549,0.6741316317821241
183,0.17607432030105002,0.2603661842212625,0.5635594954776872
184,0.27934378535471577,0.14993306402515252,0.5707231506201317
185,0.3268362653221303,0.12915727045550493,0.5440064642223648
186,0.3365754743679753,0.1778585939439082,0.48556593168811624
187,0.2841552589723193,0.12987170125686606,0.5859730397708145
188,0.2711451525282427,0.13402360960566218,0.5948312378660952
189,0.16955643790265842,0.14714319339378198,0.6833003687035595
190,0.17904039611659003,0.17934157939300363,0.6416180244904062
191,0.1443092787289981,0.14953453410492595,0.7061561871660763
192,0.21555910828865793,0.19967114573509964,0.5847697459762426
193,0.18120767185380665,0.2123391848024609,0.606453143343732
194,0.1064441296067821,0.2788110862726946,0.6147447841205237
195,0.18908680319675766,0.20170292526624103,0.6092102715370011
196,0.5129896332449535,0.09668404803222512,0.3903263187228216
197,0.09285519215349783,0.2910963418637743,0.616048465982728
198,0.2491206930891602,0.16948678907441678,0.5813925178364232
199,0.10393239693730782,0.26424017923699344,0.6318274238256983
200,0.10043614363131245,0.20717759042825143,0.6923862659404362
201,0.38361100966578143,0.1189386407222591,0.4974503496119593
202,0.14133408736441178,0.2363692461511839,0.6222966664844041
203,0.6625607945564113,0.08703797536597462,0.250401230077614
204,0.18862293999194252,0.2718616300609758,0.5395154299470816
205,0.17484493015506786,0.19827593635011773,0.6268791334948143
206,0.3084025859514462,0.18381036756375324,0.5077870464848006
207,0.24090390891565375,0.20754487127902796,0.5515512198053183
208,0.1275691291037121,0.22848886077738856,0.6439420101188994
209,0.9999998462557531,5.196730708704738e-08,1.0177693982688977e-07
210,0.12013971421192922,0.19798822077725783,0.6818720650108132
211,0.16223940074062015,0.22380195221800445,0.613958647041375
212,0.2064257562938801,0.26285451373175633,0.5307197299743638
213,0.7372113827557899,0.0886924539792838,0.17409616326492627
214,0.2186642531911199,0.2095840975233956,0.5717516492854844
215,0.17237858752073676,0.208513754247416,0.6191076582318471
216,0.31502213308298316,0.21742836312843314,0.46754950378858373
217,0.16908900706922236,0.22974901850164545,0.6011619744291322
218,0.07934571703587838,0.25525979848922375,0.6653944844748979
219,0.2167226723791214,0.1660885372795051,0.6171887903413735
220,0.16734827289448057,0.26234073512683503,0.5703109919786844
221,0.16701510147099824,0.28020664030012815,0.5527782582288737
222,0.767551611137442,0.06671964939593593,0.16572873946662192
223,0.2582543401878514,0.20003590013311226,0.5417097596790365
224,0.18376788026118068,0.20462721303248715,0.6116049067063322
225,0.22121962533297582,0.18487973675336453,0.5939006379136595
226,0.187685752790134,0.26290843361140864,0.549405813598457
227,0.10391006747174293,0.24646858271914407,0.6496213498091133
228,0.19741640311225853,0.2012416454117589,0.6013419514759825
229,0.10257409985052747,0.23540808528711488,0.6620178148623576
230,0.8613768216232831,0.033913367133621204,0.10470981124309547
231,0.16598973919237955,0.21032443450245222,0.623685826305168
232,0.137191602758944,0.20730071400551406,0.6555076832355419
233,0.1311977409701099,0.2603481793770725,0.6084540796528174
234,0.44803594457696005,0.17046545691921985,0.3814985985038204
235,0.07185334133126274,0.25990666340744206,0.6682399952612953
236,0.1742924553330606,0.23766083190048592,0.5880467127664535
237,0.2616381551355643,0.12131456360147626,0.6170472812629594
238,0.14519081417927163,0.2062967735364433,0.6485124122842851
239,0.1279818153375019,0.19548658007616798,0.6765316045863302
240,0.49095038431462656,0.18153634718717504,0.32751326849819856
241,0.12953494825815448,0.20638081187968066,0.6640842398621649
242,0.3249884593559108,0.19388703228757706,0.4811245083565118
243,0.1740435827127267,0.16280260686469178,0.6631538104225814
244,0.14947418429571357,0.20386756082589785,0.6466582548783883
245,0.06377166910891614,0.2652869249853577,0.670941405905726
246,0.25211221903671166,0.22555306204741035,0.5223347189158775
247,0.2944768126518301,0.208290254518891,0.4972329328292787
248,0.2534916483247679,0.15232880962028195,0.59417954205495
249,0.20811360019497158,0.177889456160855,0.6139969436441736
250,0.44048636082383946,0.14652058025854275,0.41299305891761756
251,0.1470431483379888,0.24147190345990252,0.6114849482021089
252,0.3667083197864708,0.16500244026307295,0.46828923995045596
253,0.20310914657651066,0.24191173769838722,0.554979115725102
254,0.37053855509888306,0.13935807402463346,0.49010337087648354
255,0.2388929590580051,0.22622272708285304,0.5348843138591417
256,0.18023759582033422,0.15498834669418032,0.6647740574854853
257,0.1459837288316681,0.24913417053069462,0.6048821006376371
258,0.20117399239077288,0.17689531721197005,0.621930690397257
259,0.22679603903504406,0.19545852779236172,0.5777454331725942
260,0.21280324232006595,0.15090568596354473,0.6362910717163894
261,0.2865757487379779,0.15102319309108453,0.5624010581709374
262,0.09801509952987454,0.22433015996211247,0.6776547405080132
263,0.18891946651227468,0.203955415370717,0.607125118117008
264,0.162941879253996,0.20250729652209978,0.6345508242239044
265,0.1579206540128387,0.21349592672588527,0.6285834192612759
266,0.252098460040522,0.1867065805150106,0.5611949594444672
267,0.43546148422007785,0.1478368295510541,0.41670168622886783
268,0.12841907369224484,0.1876116468202876,0.6839692794874677
269,0.21085047109163163,0.19618856013067543,0.5929609687776933
270,0.25570783909676936,0.16563460721878678,0.5786575536844436
271,0.05764503983428319,0.2559498071771804,0.6864051529885365
272,0.2757664254462439,0.18333983686416458,0.5408937376895915
273,0.1280211052044502,0.22692100737946674,0.6450578874160832
274,0.0807788857099054,0.268895737383425,0.6503253769066697
275,0.14516128807340878,0.20952728392377565,0.6453114280028155
276,0.40803569369069886,0.18922123468870436,0.4027430716205966
277,0.17238191228631436,0.23169831028822394,0.5959197774254618
278,0.2279323041934532,0.2270988948618392,0.5449688009447076
279,0.999999848356735,5.083911171231561e-08,1.0080415337905636e-07
280,0.38275571119655677,0.15688326487667367,0.46036102392676986
281,0.7397216608332037,0.08295139409851636,0.17732694506827995
282,0.11900555107933129,0.23061791465879872,0.6503765342618697
283,0.25485268107506026,0.24368475230760658,0.5014625666173329
284,0.20236957532802388,0.1818245952436172,0.6158058294283589
285,0.2366891757042375,0.1453280323059724,0.6179827919897903
286,0.17991274381537614,0.2684619419566001,0.5516253142280241
287,0.1616056369740195,0.24750019143106688,0.5908941715949138
288,0.24945147982584845,0.18190926251557132,0.5686392576585804
289,0.08883273744756688,0.2506673385075199,0.6604999240449133
290,0.26686068822565634,0.1420567465897992,0.5910825651845447
291,0.21782389562377646,0.12799364505501085,0.6541824593212127
292,0.12779950679161517,0.2699089379924453,0.6022915552159396
293,0.13826299046320195,0.1955796933027449,0.6661573162340533
294,0.2426837897946765,0.2456698063472866,0.5116464038580372
295,0.16991019223614323,0.25110107126901243,0.5789887364948442
296,0.1766744270876434,0.28805480409494605,0.5352707688174102
297,0.13957785081013221,0.26757682094397855,0.5928453282458891
298,0.17630803565551262,0.15798617002540785,0.6657057943190794
299,0.12752754364097227,0.22566728138567674,0.6468051749733508
300,0.20811639053513328,0.1807162440554631,0.6111673654094036
301,0.12662840033767758,0.19277344509819286,0.6805981545641296
302,0.28108453840378067,0.2841608661673155,0.4347545954289037
303,0.24124327248215416,0.14411330847381879,0.6146434190440272
304,0.24170942328299388,0.15759585121549358,0.6006947255015127
305,0.1143513608115959,0.19132064393158046,0.6943279952568235
306,0.17907146516467434,0.17225314126995128,0.6486753935653743
307,0.2972266425299345,0.10554185106829474,0.5972315064017708
308,0.1092763681585965,0.23689109264809702,0.6538325391933063
309,0.2326787347823199,0.2114623774250627,0.5558588877926175
310,0.3545020895645114,0.1386315235999716,0.5068663868355171
311,0.2014579798862513,0.19246344683140226,0.6060785732823467
312,0.4747037990187883,0.15967812244375273,0.36561807853745903
313,0.15581749143743795,0.19800881553353902,0.646173693029023
314,0.1972814683056381,0.22396673207326126,0.5787517996211006
315,0.14529435740988123,0.18011192321737493,0.6745937193727439
316,0.15370969356918823,0.24350421203982675,0.6027860943909849
317,0.15980329483886443,0.22258424782897393,0.6176124573321617
318,0.12403025155516532,0.21140588670236873,0.664563861742466
319,0.26398479127677477,0.12586217075420653,0.6101530379690189
320,0.08351288712636724,0.1958507437780065,0.7206363690956257
321,0.14583035764546068,0.246658736538954,0.6075109058155855
322,0.1343990641825416,0.1991708727022356,0.6664300631152227
323,0.19002831029054656,0.23315111546389936,0.5768205742455541
324,0.14119302888384344,0.24253485582500298,0.6162721152911538
325,0.25705249241390205,0.1391684318856582,0.6037790757004396
326,0.12909585183440375,0.2011222062413142,0.669781941924282
327,0.20488429265005706,0.1392261861524664,0.6558895211974761
328,0.18022052403478864,0.21448730394104473,0.6052921720241663
329,0.32491822512702073,0.13843455654260953,0.5366472183303695
330,0.15704634328984632,0.22961429878560197,0.6133393579245519
331,0.10264070551239575,0.27899077007069745,0.6183685244169069
332,0.9036019237797461,0.047345964985158404,0.049052111235095654
333,0.5683586281902384,0.12415658558391991,0.3074847862258418
334,0.1529739830866601,0.2230041267711663,0.6240218901421734
335,0.34152102828983893,0.22749732622917865,0.43098164548098244
336,0.12129541012682206,0.26340184670773603,0.615302743165442
337,0.08105719684380665,0.22259786593304423,0.6963449372231493
338,0.20244035377085637,0.16026959788536677,0.6372900483437768
339,0.18495995088473274,0.25528958998430956,0.5597504591309579
340,0.3132542860936529,0.23474356506343375,0.4520021488429135
341,0.14195544500313784,0.20001561505912535,0.6580289399377366
342,0.394384486956032,0.13069182282193273,0.4749236902220352
343,0.18464597457948811,0.2098419404972159,0.6055120849232958
344,0.22118656295834227,0.2274224290808383,0.5513910079608193
345,0.23575885094245272,0.15477436236753672,0.6094667866900106
346,0.15563206629269885,0.20726399652510838,0.6371039371821925
347,0.3720715982902134,0.16570920149845828,0.4622192002113284
348,0.1647748794101929,0.1816495457412731,0.6535755748485338
349,0.19247024468150595,0.18749795842815073,0.6200317968903435
350,0.11045421585482569,0.28880711123052016,0.600738672914654
351,0.13306730880233003,0.2249559213188166,0.6419767698788532
352,0.27966196083906947,0.11923027346539487,0.6011077656955356
353,0.09909451760396369,0.22492589850743094,0.6759795838886054
354,0.24069130428438448,0.1934365724997901,0.5658721232158251
355,0.1547024802414864,0.22971789157297942,0.6155796281855345
356,0.1753636048937023,0.2089384217790619,0.6156979733272359
357,0.21434045752303435,0.16103012280730378,0.6246294196696619
358,0.0902428361061851,0.25980724956540413,0.6499499143284108
359,0.08819234417942227,0.2694515452569495,0.642356110563628
360,0.17175420550628537,0.230824808623913,0.5974209858698014
361,0.32753676352270034,0.213319634177299,0.45914360230000056
362,0.13488994339653435,0.21443373150405387,0.6506763250994118
363,0.09723366719986014,0.2529394001688625,0.6498269326312774
364,0.20858570211508826,0.2688592798763266,0.5225550180085847
365,0.3375343652090648,0.15112205782740892,0.511343576963526
366,0.09649330961827239,0.1846977444516352,0.7188089459300929
367,0.08137877222501752,0.22915204406814046,0.6894691837068421
368,0.18781606620831867,0.2123572978260666,0.5998266359656147
369,0.27987595894725814,0.16807443077751905,0.5520496102752225
370,0.5650360449035552,0.09906708651944691,0.33589686857699785
371,0.20830494989102505,0.210100914897715,0.5815941352112599
372,0.3860120075302369,0.15026448615531696,0.46372350631444625
373,0.11375408543052001,0.2259166676099346,0.6603292469595454
374,0.193463159544177,0.28656319399509933,0.5199736464607237
375,0.1915122002176432,0.2477914128853865,0.5606963868969699
376,0.287561009023491,0.11985986165741512,0.5925791293190938
377,0.1262689914857399,0.22407568580341572,0.6496553227108445
378,0.37176496727185854,0.19642440150916152,0.43181063121898006
379,0.2894542994504508,0.16150861987342438,0.5490370806761248
380,0.2514273686012201,0.19915668574256898,0.5494159456562105
381,0.11013181028400466,0.18794454305137295,0.7019236466646224
382,0.11192691604542307,0.2858578181673564,0.6022152657872207
383,0.24637344105254771,0.1922705754146766,0.5613559835327756
384,0.3543909894228416,0.16996572884712502,0.4756432817300332
385,0.2199111205487406,0.15757305602284752,0.6225158234284118
386,0.9635848831361119,0.015356940833385442,0.021058176030502574
387,0.1657427252506659,0.21420085999729457,0.6200564147520395
388,0.25992030255236653,0.11627727995162215,0.6238024174960112
389,0.16457503744578839,0.194441900578316,0.6409830619758956
390,0.11452532613737929,0.22035334972442602,0.6651213241381946
391,0.36149728323503344,0.136128554480022,0.5023741622849447
392,0.9999998484865825,5.0771491972239795e-08,1.0074192547803745e-07
393,0.08009149628255041,0.24824939184144354,0.6716591118760055
394,0.2470770230909401,0.11506537857833739,0.6378575983307226
395,0.07299803809364658,0.31379367471425834,0.6132082871920951
396,0.13791283929059298,0.261546135395909,0.6005410253134981
397,0.22029262838005184,0.1751528812512644,0.6045544903686836
398,0.11761530703101239,0.24659236465030776,0.6357923283186797
399,0.31765905738149397,0.2202133361228506,0.46212760649565554
400,0.1898168387993935,0.2330902221945355,0.5770929390060713
401,0.2132938858596364,0.14104500499775943,0.6456611091426042
402,0.19449078901072578,0.2084201738575399,0.5970890371317343
403,0.48382758221751754,0.13710301587068602,0.37906940191179644
404,0.22628776122313046,0.22445607935522432,0.5492561594216453
405,0.3365420659057865,0.12304756161609466,0.5404103724781187
406,0.11817349769276517,0.1704485604258086,0.711377941881426
407,0.10270001387523513,0.21648374295850034,0.6808162431662647
408,0.29508402314376675,0.16832963500955067,0.5365863418466826
409,0.20153066362845684,0.18500861169638988,0.6134607246751533
410,0.1636063711407231,0.19562617701595983,0.6407674518433172
411,0.07629412070337611,0.24075788604232443,0.6829479932542997
412,0.9028850421661959,0.034582298652195816,0.06253265918160833
413,0.3524770186478553,0.12063002916986086,0.526892952182284
414,0.25560801978988973,0.11413445515745818,0.6302575250526521
415,0.3924824971273586,0.14365914400199245,0.46385835887064897
416,0.200584678098367,0.20876420121735328,0.5906511206842794
417,0.17610771303071932,0.20674284186590114,0.6171494451033795
418,0.3290847704213353,0.11841360257699501,0.5525016270016696
419,0.07266375197305831,0.26483198823721144,0.6625042597897305
420,0.34116529102886756,0.11728118345472256,0.5415535255164097
421,0.3516664583469004,0.1677500022112934,0.4805835394418061
422,0.43805044243699753,0.1283600549439987,0.43358950261900375
423,0.3435527343960103,0.14828897850436534,0.5081582870996242
424,0.1653572106925128,0.27699702891696654,0.5576457603905205
425,0.055854058720209536,0.20629784818548863,0.737848093094302
426,0.16702000641940584,0.24514737263339983,0.5878326209471945
427,0.1032669224029858,0.2031083730732438,0.6936247045237702
428,0.12314489668416234,0.29807812161467295,0.5787769817011648
429,0.1343262685140231,0.1898024762750359,0.6758712552109412
430,0.26067230858315205,0.14173886180229497,0.5975888296145527
431,0.37991810365811957,0.1431154608688298,0.4769664354730503
432,0.2363869465592735,0.1918412519034141,0.5717718015373123
433,0.14283834079557509,0.2551684529424917,0.6019932062619331
434,0.1046583738514518,0.2498127369066689,0.6455288892418792
435,0.12930521398074243,0.3050801722415655,0.5656146137776922
436,0.11054834427907131,0.2584010590779753,0.6310505966429532
437,0.4968874559229571,0.10675748698162016,0.39635505709542285
438,0.06752068379252597,0.20506280529220342,0.7274165109152707
439,0.23657705017508351,0.16631911116554973,0.5971038386593667
440,0.10436298451189653,0.22785790959603586,0.6677791058920676
441,0.08867579265466694,0.21513615330449976,0.6961880540408334
442,0.038599115407200985,0.2542800366166311,0.7071208479761678
443,0.2122190922554784,0.22362530990707236,0.5641555978374487
444,0.13992733189314016,0.2129756284383445,0.6470970396685153
445,0.09867583287634031,0.249691097570222,0.6516330695534376
446,0.23171745143738096,0.24826159572883594,0.5200209528337831
447,0.3323046744469876,0.17884883200857518,0.48884649354443727
448,0.2538143300174699,0.13207409639512604,0.6141115735874041
449,0.22924212411837255,0.1466678432862318,0.624090032595396
450,0.3067231560572203,0.1505459197467996,0.54273092419598
451,0.07225212677159115,0.2733293358681464,0.6544185373602623
452,0.11734946012593891,0.24938312944363922,0.6332674104304219
453,0.1581976203702955,0.23368424757965367,0.6081181320500509
454,0.18689754643258513,0.2331600699939092,0.5799423835735058
455,0.4890308538402475,0.10146735534339367,0.40950179081635874
456,0.15877376803480783,0.2124505436149425,0.6287756883502498
457,0.5883278060809095,0.109175559472723,0.30249663444636726
458,0.15127514615937263,0.21001643528594546,0.6387084185546823
459,0.32981788899475245,0.15135126668406262,0.5188308443211849
460,0.2893807939143763,0.18429283443764247,0.5263263716479815
461,0.14737272670253515,0.27688918265407514,0.5757380906433897
462,0.42224905191012074,0.10013613388131762,0.4776148142085616
463,0.16710619229755017,0.24445005892466973,0.5884437487777798
464,0.22578565337232623,0.16941053870296766,0.6048038079247062
465,0.19481238726497502,0.1535556355892093,0.6516319771458156
466,0.05138058677853872,0.21911755905304564,0.7295018541684156
467,0.30713036333531474,0.12942011112468232,0.5634495255400026
468,0.16495842101599686,0.1980006016720872,0.6370409773119157
469,0.32968270691148266,0.1855130029278401,0.48480429016067716
470,0.9999023741249986,2.187762769151288e-05,7.574824730992343e-05
471,0.24042985663251779,0.2621687640311469,0.497401379336335
472,0.14821840046165272,0.16694683937012922,0.6848347601682179
473,0.9369284139446337,0.026797355259641914,0.03627423079572413
474,0.3336467165447099,0.17913652664416985,0.4872167568111204
475,0.2801650218867335,0.2113252982386062,0.5085096798746603
476,0.5515336084357909,0.0884940442338558,0.3599723473303534
477,0.15475013659209216,0.24831418306472802,0.5969356803431797
478,0.1385245378138833,0.2976500701239985,0.5638253920621182
479,0.2423391689382634,0.20348479158795124,0.5541760394737854
480,0.15490474193664794,0.17135299443461993,0.6737422636287318
481,0.21180722580616176,0.20871961804089495,0.5794731561529431
482,0.22449599159701425,0.2155192648114276,0.559984743591558
483,0.1946274130097155,0.1834999166562777,0.6218726703340067
484,0.2502169637831969,0.1878457621656543,0.5619372740511488
485,0.43774709313396326,0.19923334832089484,0.36301955854514195
486,0.08554353309833224,0.29993779617324823,0.6145186707284195
487,0.08367627814841855,0.24741165911905558,0.6689120627325259
488,0.18273332177235296,0.24311655334299384,0.5741501248846529
489,0.3006103772490897,0.1668633967966339,0.5325262259542766
490,0.1103823475505866,0.25068795761951673,0.6389296948298966
491,0.11595975687532907,0.22187051292913545,0.6621697301955355
492,0.05397140884783047,0.22569529063829927,0.7203333005138702
493,0.10597083002502974,0.1853789500695836,0.7086502199053868
494,0.13210339977300173,0.26900339381711924,0.5988932064098789
495,0.16058664480226462,0.26148548606624633,0.577927869131489
496,0.1186858644957014,0.21668825768172467,0.6646258778225738
497,0.9999009278454482,4.52169609071774e-06,9.455045846090382e-05
498,0.4114141379540801,0.14941395337838215,0.4391719086675374
499,0.23583415731531251,0.12993327455347556,0.6342325681312121
500,0.10784820312348659,0.24650646397854964,0.645645332897964
501,0.2447665177251472,0.1409518151500062,0.6142816671248463
502,0.4323453684479758,0.251222802721856,0.31643182883016807
503,0.19749785129672767,0.22229043904956677,0.5802117096537056
504,0.1282247945907531,0.20108108022686147,0.6706941251823854
505,0.9999472701741025,1.1748806668123915e-05,4.098101922924595e-05
506,0.08660846403332235,0.22699015862476546,0.6864013773419122
507,0.23690778671446783,0.1985055773330129,0.564586635952519
508,0.22923073836615676,0.15097795577614037,0.6197913058577029
509,0.9995474365147011,0.00010724438032271369,0.00034531910497601336
510,0.15932371452928457,0.267571601944109,0.5731046835266065
511,0.23697193716719872,0.22796889182064597,0.5350591710121554
512,0.1328536811135654,0.27029732201595313,0.5968489968704813
513,0.14063235641676552,0.20401535169367752,0.655352291889557
514,0.39217677969031894,0.12087109082166754,0.4869521294880134
515,0.14794201118059522,0.2817120657258643,0.5703459230935402
516,0.3933870038385822,0.14156698298185352,0.46504601317956407
517,0.16572543276782847,0.22379102259409664,0.610483544638075
518,0.17678244651170413,0.2698510153855973,0.5533665381026986
519,0.3200086000191104,0.16068997722401962,0.51930142275687
520,0.27101608287543666,0.16993719004878963,0.5590467270757735
521,0.20319233015966803,0.24192192702594975,0.554885742814382
522,0.3057351538054249,0.13204058513123992,0.5622242610633351
523,0.8134949509463649,0.048825937065937394,0.13767911198769767
524,0.1583481364238452,0.2657922781898909,0.5758595853862638
525,0.1331879188819912,0.23831337353305712,0.6284987075849517
526,0.20111672242506246,0.16610096543047995,0.632782312144458
527,0.08849530506554754,0.22587054075496088,0.6856341541794916
528,0.18036062724335591,0.18185381120763067,0.6377855615490132
529,0.2690058087120281,0.19013299519600474,0.5408611960919668
530,0.38483365875504916,0.18754769591003118,0.4276186453349197
531,0.142223864079958,0.26636622934579407,0.5914099065742481
532,0.04456500581564345,0.29277202918570583,0.6626629649986506
533,0.23954020702345122,0.22308443439325856,0.5373753585832901
534,0.23979092913301775,0.1538772201458543,0.6063318507211279
535,0.10930982647758293,0.18011579167248132,0.7105743818499357
536,0.1378478515028026,0.21805357279834942,0.644098575698848
537,0.06992132682537634,0.27302021433425355,0.6570584588403703
538,0.446975470558308,0.12739492653418014,0.42562960290751195
539,0.24841423910005808,0.2060648200966495,0.5455209408032923
540,0.20601920123590692,0.25243143200593865,0.5415493667581542
541,0.2428112806730643,0.20245493932396247,0.5547337800029734
542,0.6285666998040984,0.130409112910063,0.24102418728583846
543,0.3055000054987839,0.11018675141146467,0.5843132430897512
544,0.5108947569752861,0.17904188199404922,0.3100633610306648
545,0.3460671883608122,0.22891670227011499,0.4250161093690725
546,0.5192858525827043,0.11717561726712061,0.3635385301501749
547,0.38514452804752686,0.15048426688326977,0.4643712050692033
548,0.218153823345536,0.24661008731170253,0.5352360893427615
549,0.14115825573018023,0.172501229349364,0.6863405149204556
550,0.2868653317458112,0.1213747801723505,0.5917598880818382
551,0.11407913622619058,0.22661512365816855,0.6593057401156408
552,0.20588890381043762,0.25501372230070346,0.539097373888859
553,0.26751893370021446,0.1847963051349872,0.5476847611647983
554,0.06681994916811985,0.2914796327640234,0.6417004180678568
555,0.06472888164087699,0.2485998803325162,0.6866712380266068
556,0.33166603950966944,0.1917546255007842,0.47657933498954647
557,0.8125248401351317,0.04008424049193878,0.14739091937292942
558,0.5538080776935356,0.12221362381073007,0.3239782984957344
559,0.07388752657874235,0.2525939594073813,0.673518514013876
560,0.40988197626933953,0.14088304488479217,0.44923497884586827
561,0.15674106538600358,0.16327968782454558,0.6799792467894505
562,0.4426814208028235,0.1239760100196505,0.43334256917752584
563,0.20858660980998758,0.21935531565033306,0.5720580745396795
564,0.2217994366201759,0.20296288121600778,0.5752376821638164
565,0.9999589206439085,3.778132474005887e-06,3.730122361759662e-05
566,0.13971928038370693,0.21877384886332477,0.6415068707529682
567,0.27093092293160714,0.12355035449677809,0.6055187225716145
568,0.04475134221791852,0.2955934150759545,0.659655242706127
569,0.08946010298407173,0.22920561759849678,0.6813342794174315
570,0.3450671212877251,0.16522432543637053,0.48970855327590435
571,0.059926959117216363,0.25271485908831604,0.687358181794468
572,0.23080730042023095,0.3025887727273254,0.4666039268524438
573,0.12723212492252528,0.19672566884261228,0.6760422062348626
574,0.18550766519999207,0.23014555859877084,0.5843467762012371
575,0.12527138636527066,0.2166347542915839,0.6580938593431455
576,0.29994224044768947,0.1262851924913098,0.5737725670610007
577,0.31754261176604115,0.12408006011750819,0.5583773281164506
578,0.3756346477315762,0.16720004302832892,0.45716530924009463
579,0.12056520714122507,0.28380710767037465,0.5956276851884004
580,0.16283440416611375,0.1949233846995092,0.6422422111343767
581,0.12532961758563052,0.21479334090481844,0.6598770415095513
582,0.3413021140216715,0.21598553550716948,0.4427123504711588
583,0.42096746527330536,0.1944812009245492,0.3845513338021454
584,0.19032543920784645,0.17482129809527486,0.6348532626968785
585,0.17660649864525022,0.21114609475960675,0.6122474065951429
586,0.1688567864578648,0.24735709954477095,0.5837861139973642
587,0.14168300032455636,0.23938362501420687,0.6189333746612368
588,0.08999848582018075,0.25120618701538533,0.6587953271644339
589,0.18594543138048078,0.29642532336539557,0.5176292452541235
590,0.1242563729604681,0.22528587973339723,0.6504577473061346
591,0.10229685180736167,0.2218658791683079,0.6758372690243303
592,0.20745198308529963,0.19625789934368174,0.5962901175710186
593,0.223355622218117,0.15281322495239524,0.6238311528294876
594,0.17119835913266093,0.2707239403481485,0.5580777005191906
595,0.20684376094156173,0.18288166844830286,0.6102745706101352
596,0.2622451397343399,0.20010545190978785,0.5376494083558725
597,0.34447542641724693,0.17449144661431318,0.4810331269684402
598,0.16605667051304718,0.20039978452822327,0.6335435449587296
599,0.21435286727225275,0.19357406369827485,0.5920730690294721
600,0.23360458799749442,0.1823411844971071,0.5840542275053983
601,0.19598127582391997,0.2123222029836936,0.5916965211923864
602,0.24340314418446016,0.1527352486154772,0.6038616072000625
603,0.15748440514322318,0.311143209097414,0.5313723857593626
604,0.15562105524520786,0.2021661626901928,0.6422127820645992
605,0.2831113196926653,0.17276608728965162,0.5441225930176828
606,0.12257194010120992,0.18489665496120578,0.6925314049375844
607,0.1721074561763388,0.191559863155954,0.636332680667707
608,0.09740020680227779,0.24990613716762444,0.6526936560300977
609,0.16388526080819957,0.2631082805987066,0.573006458593094
610,0.15081616021375033,0.19989485217594083,0.6492889876103084
611,0.2141582666818303,0.26201700977909403,0.5238247235390756
612,0.04951777818507758,0.29947749400727225,0.65100472780765
613,0.1942688713748176,0.24456537888895952,0.5611657497362227
614,0.21271375330482126,0.24128702816384615,0.5459992185313324
615,0.22207353913125585,0.13079210520035045,0.6471343556683938
616,0.1578297246785212,0.2197029523839297,0.622467322937549
617,0.267737359073076,0.17550917586373052,0.5567534650631933
618,0.10877724434905188,0.2916894202513993,0.5995333353995486
619,0.13934414789030494,0.24604646664831104,0.614609385461384
620,0.18506629498873747,0.2892967214217076,0.525636983589555
621,0.10237306914260465,0.26030651297786134,0.6373204178795339
622,0.22118825095798925,0.25391088600617545,0.5249008630358354
623,0.6500762506829477,0.09593934890049792,0.25398440041655446
624,0.24096472995708743,0.2036350121614678,0.5554002578814448
625,0.20343285202909137,0.14049845903560032,0.6560686889353083
626,0.19010863992983365,0.19996986557351373,0.6099214944966524
627,0.16795531854187173,0.19084254211950508,0.6412021393386234
628,0.0898120479400944,0.2505981818468556,0.65958977021305
629,0.24226306050015964,0.1925250351351421,0.5652119043646983
630,0.3451619438584846,0.16823199243059692,0.48660606371091886
631,0.3211019358614046,0.2202612641704934,0.45863679996810175
632,0.21148238409777473,0.12393021340686636,0.6645874024953591
633,0.43002772326412547,0.09360744516638045,0.4763648315694942
634,0.23066730413643172,0.22671608314479058,0.5426166127187775
635,0.338877219078984,0.14180240345019082,0.5193203774708248
636,0.17024291356320428,0.2017851800196446,0.6279719064171512
637,0.21231845113362968,0.12556266735995247,0.662118881506418
638,0.2023425124626733,0.20693653010812232,0.5907209574292045
639,0.13784209492079133,0.20265451067621956,0.6595033944029893
640,0.9999998483308749,5.085260658078555e-08,1.0081651857430057e-07
641,0.09016983984813345,0.2265626346641931,0.6832675254876736
