,proba_0,proba_1,proba_2
0,0.1837015654106242,0.24647497685661318,0.5698234577327627
1,0.315870874001917,0.151704047676973,0.53242507832111
2,0.8007501285220524,0.027451554020436232,0.17179831745751134
3,0.21714246007485516,0.26327487469490324,0.5195826652302415
4,0.20714090060082657,0.24330576100250792,0.5495533383966655
5,0.37436668914400073,0.12709243111674887,0.4985408797392504
6,0.20762463546440743,0.24308250524472177,0.5492928592908707
7,0.22073828997701617,0.2572620104480965,0.5219996995748875
8,0.2690808466583314,0.11001384072955858,0.6209053126121101
9,0.22901117494485582,0.15900767484696282,0.6119811502081813
10,0.19615403281630892,0.2860456712879414,0.5178002958957497
11,0.27269099704926975,0.12064574054233589,0.6066632624083944
12,0.29583634788073426,0.12212230869218735,0.5820413434270785
13,0.23832466128732988,0.17435857372273264,0.5873167649899375
14,0.23142880717395098,0.16499704112210264,0.6035741517039463
15,0.20897721686393914,0.23007564970724306,0.5609471334288177
16,0.2934433667517094,0.12923530043328738,0.5773213328150031
17,0.1927857075200401,0.16754223714489028,0.6396720553350697
18,0.31366224868761605,0.14666806409790523,0.5396696872144788
19,0.3195745911747541,0.16874923217549231,0.5116761766497536
20,0.22277991599923305,0.27081836751458616,0.5064017164861808
21,0.16356285718936878,0.2812856862969495,0.5551514565136818
22,0.22808999085661336,0.2020639733068555,0.5698460358365312
23,0.3084031811447737,0.11950969047704067,0.5720871283781856
24,0.20222438423576675,0.2096563854665542,0.588119230297679
25,0.2154587892161205,0.26495326406799563,0.5195879467158839
26,0.1679756555395966,0.27460241828438053,0.5574219261760228
27,0.602003912250749,0.06817803349701507,0.329818054252236
28,0.3815490371830108,0.11893932993573451,0.4995116328812547
29,0.8789830970869987,0.004523415242533217,0.11649348767046801
30,0.24006867945479438,0.22464432550829005,0.5352869950369156
31,0.20506901067403227,0.2865613831940592,0.5083696061319085
32,0.28844631996364234,0.10032715908111199,0.6112265209552455
33,0.24658545127658277,0.13564209003399885,0.6177724586894184
34,0.2522605041548804,0.12599470669865956,0.62174478914646
35,0.2943000189829903,0.13766883153636916,0.5680311494806405
36,0.34360487717385624,0.12574990655251295,0.5306452162736308
37,0.2560681535824678,0.19831748662168333,0.5456143597958488
38,0.20882569447186988,0.26592968916440757,0.5252446163637225
39,0.20220695728071003,0.1506594592339034,0.6471335834853865
40,0.21051443370246564,0.23754317871599556,0.5519423875815387
41,0.25747333284565355,0.1399732709132588,0.6025533962410877
42,0.18951418741699144,0.2511831043114492,0.5593027082715593
43,0.2742557082715114,0.16510915274534077,0.5606351389831478
44,0.20281946504427814,0.2305957261225447,0.5665848088331772
45,0.2809683210791597,0.19211992473543593,0.5269117541854043
46,0.22708847848662098,0.14379730945009603,0.6291142120632829
47,0.20692324535401246,0.23678819216316666,0.5562885624828209
48,0.1620686556907029,0.2868845814385996,0.5510467628706975
49,0.3364356969734676,0.12510368099204494,0.5384606220344875
50,0.19015398891766877,0.16814200325805728,0.641704007824274
51,0.16862782912736543,0.22791487689438536,0.6034572939782493
52,0.26214354844068816,0.1435953526476162,0.5942610989116957
53,0.8793449614561435,0.0046968044078191775,0.11595823413603731
54,0.3577935942906086,0.11661681579054939,0.525589589918842
55,0.1725597778994526,0.16291382937781726,0.6645263927227301
56,0.2676544311368781,0.09309966247807956,0.6392459063850423
57,0.35814599404456804,0.14183833928131928,0.5000156666741126
58,0.36912954662629116,0.09755656473575851,0.5333138886379503
59,0.26242287417455074,0.21126374598830094,0.5263133798371484
60,0.17207983086746903,0.2169906512943384,0.6109295178381926
61,0.24544136500078723,0.15892094391944792,0.5956376910797648
62,0.26894578227660487,0.1607639288714789,0.5702902888519162
63,0.15457125321462964,0.2593665880399622,0.5860621587454082
64,0.21006672722739606,0.2548759472246407,0.5350573255479633
65,0.20957338305472997,0.24542206554934096,0.5450045513959291
66,0.24003396710051964,0.22965057551373105,0.5303154573857493
67,0.36427864988868336,0.144350939200301,0.4913704109110157
68,0.16620819503710121,0.28666961271238683,0.547122192250512
69,0.30056900850421764,0.1814420078452392,0.5179889836505432
70,0.36685399710020294,0.08790603190838658,0.5452399709914105
71,0.18074638182429717,0.26186336658670223,0.5573902515890005
72,0.2569292702423796,0.10807667060263629,0.634994059154984
73,0.22356539902361547,0.2485900403766401,0.5278445605997444
74,0.16838165608510308,0.289581421683366,0.542036922231531
75,0.9033729301638387,0.011711051910124727,0.08491601792603665
76,0.2432006181921146,0.16262010643962393,0.5941792753682614
77,0.24436678122732927,0.23003536717823383,0.5255978515944368
78,0.2908311893729597,0.1540752625730335,0.5550935480540068
79,0.42712278693713224,0.09795046034795808,0.47492675271490986
80,0.22853528980761859,0.23854417303638228,0.5329205371559991
81,0.30829785533145043,0.1573401964752639,0.5343619481932855
82,0.8781021648548029,0.004530036387697552,0.11736779875749959
83,0.15084347013057298,0.26448169646343683,0.5846748334059901
84,0.19743456018865327,0.2491620083228131,0.5534034314885337
85,0.2228488729048601,0.2697149669389462,0.5074361601561936
86,0.915742720760922,0.010187065923492876,0.07407021331558515
87,0.22385708351211167,0.26195970042506433,0.514183216062824
88,0.19302593975499893,0.20620274121052987,0.6007713190344712
89,0.2303718871665629,0.15648099506005328,0.6131471177733838
90,0.2237513622848206,0.21033263787499465,0.5659159998401848
91,0.336432804369357,0.12636087945158012,0.5372063161790629
92,0.20355178980485567,0.27999449048330016,0.5164537197118442
93,0.3475961377947005,0.15382449151623634,0.4985793706890633
94,0.1481706836459369,0.2541700130045687,0.5976593033494945
95,0.239706806748153,0.2361511425228949,0.5241420507289521
96,0.28141330303080514,0.19240093205093267,0.5261857649182622
97,0.2517951268105852,0.22858064078336376,0.519624232406051
98,0.209728607878459,0.24324603028449537,0.5470253618370456
99,0.24231751891203962,0.2277676059583823,0.529914875129578
100,0.2407820101415122,0.12474901263172718,0.6344689772267607
101,0.1571085661474666,0.27986724727506956,0.5630241865774639
102,0.3143036691193063,0.12145259096827088,0.5642437399124228
103,0.18461657785979546,0.252613111744925,0.5627703103952795
104,0.2259246059631582,0.19607945806452332,0.5779959359723186
105,0.23462987409101144,0.24610709722127633,0.5192630286877122
106,0.23302777796819227,0.24797792539735639,0.5189942966344512
107,0.19234794992401624,0.25306686135952344,0.5545851887164603
108,0.19514149289697402,0.23845920075403298,0.5663993063489932
109,0.28074430458886096,0.11031307990106969,0.6089426155100693
110,0.2129892602948117,0.26425402654979163,0.5227567131553966
111,0.18990428492872316,0.21210959416729847,0.5979861209039784
112,0.17158078007713165,0.24981338909169815,0.5786058308311701
113,0.2103593522189326,0.16516404407678384,0.6244766037042836
114,0.2797887619469327,0.19476751506623022,0.5254437229868371
115,0.30421182109047484,0.1282343380348434,0.5675538408746817
116,0.20060395395134267,0.2843148099772119,0.5150812360714454
117,0.280860317516308,0.18841794832373215,0.5307217341599598
118,0.2517883590490696,0.1352759948835318,0.6129356460673986
119,0.19982647141827842,0.2689030272869788,0.5312705012947428
120,0.22592186054129096,0.15542867824852333,0.6186494612101858
121,0.17034047546066794,0.172253454358761,0.657406070180571
122,0.3210122807719795,0.15886741831989104,0.5201203009081294
123,0.20169988223304872,0.283647240416972,0.5146528773499793
124,0.36049790584887825,0.12452369133992092,0.5149784028112009
125,0.31794515717698746,0.1638186154352488,0.5182362273877636
126,0.23079395196917676,0.23000039585387386,0.5392056521769494
127,0.2890930366820596,0.17955253448462255,0.5313544288333177
128,0.22354887079807753,0.2525259375403811,0.5239251916615414
129,0.17263543728681693,0.2540796235130746,0.5732849392001085
130,0.24028608171107368,0.26223432247607337,0.497479595812853
131,0.32703078626253934,0.12953134177389003,0.5434378719635706
132,0.2680367360069294,0.20369875420907496,0.5282645097839956
133,0.5735846629571082,0.08924299079052532,0.33717234625236653
134,0.31288857004054516,0.08709998739446774,0.6000114425649872
135,0.2067036370536085,0.1694294542109443,0.6238669087354471
136,0.2416728308353067,0.234713666408344,0.5236135027563493
137,0.3652345921567231,0.11139382154106743,0.5233715863022095
138,0.25807832733553965,0.19817394931867807,0.5437477233457824
139,0.1552109755923289,0.26904522865144403,0.5757437957562271
140,0.2929851030999809,0.1867532368784143,0.5202616600216048
141,0.2507595541618411,0.1528533533933844,0.5963870924447744
142,0.18603472388943892,0.2877897441886428,0.5261755319219183
143,0.26477460049732765,0.21517347425637134,0.5200519252463011
144,0.2600740841814325,0.19937716406444878,0.5405487517541188
145,0.2506715792412186,0.12900544281616083,0.6203229779426207
146,0.1767951705823601,0.17679661086440412,0.6464082185532358
147,0.2728187147833282,0.19239814482648485,0.534783140390187
148,0.23074342811598733,0.20043157810580498,0.5688249937782077
149,0.2566759739180477,0.21153462778115978,0.5317893983007925
150,0.16971168917532073,0.27301703718589965,0.5572712736387796
151,0.234046703545636,0.20980373755827128,0.5561495588960927
152,0.22039292745379496,0.23409306215827372,0.5455140103879312
153,0.22977705392520226,0.21342065520975007,0.5568022908650476
154,0.17227611360597947,0.28909160154045593,0.5386322848535647
155,0.25811577198563723,0.12932311795535312,0.6125611100590096
156,0.21102388544070555,0.26496453011891263,0.5240115844403819
157,0.2584203840903326,0.2293203953261718,0.5122592205834957
158,0.16580224820378722,0.2781344616199784,0.5560632901762343
159,0.19757543323398993,0.22777946747478725,0.5746450992912228
160,0.21140784748128014,0.2432816817759115,0.5453104707428084
161,0.26350720271919553,0.22613584250630925,0.5103569547744952
162,0.1604290398543581,0.2914343657507823,0.5481365943948595
163,0.20938373615559447,0.26014079946996554,0.5304754643744398
164,0.27202414487351545,0.2243619180294896,0.503613937096995
165,0.28967449822064195,0.18306684995176906,0.5272586518275889
166,0.14877792956087574,0.2508921898457333,0.600329880593391
167,0.20972795877015524,0.20504595800566655,0.5852260832241781
168,0.1753797855461374,0.28349268093854946,0.5411275335153132
169,0.2321983767367731,0.22897736710515124,0.5388242561580756
170,0.28236330951774335,0.09090495292590918,0.6267317375563474
171,0.2265214324228274,0.18362391948684964,0.5898546480903231
172,0.2366603884235502,0.19272833029425113,0.5706112812821986
173,0.23022019564626572,0.14500066190173916,0.6247791424519952
174,0.2637647893875468,0.19228989009612776,0.5439453205163254
175,0.2243506094047133,0.2298935167938872,0.5457558738013996
176,0.2057902677694339,0.17231671873994273,0.6218930134906233
177,0.310140470392681,0.18319947638012948,0.5066600532271895
178,0.19241587122172416,0.2030044862853153,0.6045796424929605
179,0.3168973127640492,0.07759782608512018,0.6055048611508306
180,0.22733323766883812,0.18720901015739505,0.5854577521737667
181,0.216840023524182,0.2216609217248104,0.5614990547510075
182,0.21896907676962962,0.18439614865578208,0.5966347745745882
183,0.2346136227492521,0.27124733459963063,0.4941390426511173
184,0.269752330253918,0.17692910879353718,0.5533185609525448
185,0.3198467052268939,0.13016970221092,0.5499835925621861
186,0.25789354512010826,0.23413396053202942,0.5079724943478623
187,0.30598037000733,0.1487095859320331,0.5453100440606369
188,0.30420331315037274,0.1541334316174826,0.5416632552321446
189,0.24540665208675783,0.11370448161890608,0.6408888662943361
190,0.2199109221822992,0.16532672361285383,0.6147623542048469
191,0.283057256886824,0.10373371664264276,0.6132090264705333
192,0.2494393754079125,0.2156375879913652,0.5349230366007223
193,0.25056208945213304,0.22634138067651433,0.5230965298713527
194,0.1906766894796506,0.2837193051740593,0.52560400534629
195,0.21259032893649604,0.24453820433297768,0.5428714667305264
196,0.2932041362880982,0.11571696180214033,0.5910789019097615
197,0.24916380125269316,0.137851754269944,0.6129844444773629
198,0.35596513145094344,0.10883556874490467,0.535199299804152
199,0.17591816773981814,0.26396399448684915,0.5601178377733327
200,0.20145525385507213,0.229025245117217,0.5695195010277108
201,0.32854425483649274,0.15733497158284993,0.5141207735806573
202,0.18698116811429247,0.25711534924978413,0.5559034826359234
203,0.4424237263532227,0.08050791218772223,0.4770683614590551
204,0.20233536701657673,0.27788468915849684,0.5197799438249265
205,0.22786634602851752,0.2428402155668935,0.529293438404589
206,0.22235935003356838,0.26485330245020494,0.5127873475162267
207,0.24868771878587706,0.22157135339995962,0.5297409278141634
208,0.23612715756873415,0.24186300674801156,0.5220098356832543
209,0.891305691285086,0.016230412638309526,0.09246389607660448
210,0.24398237236265477,0.1327902949849585,0.6232273326523867
211,0.2113958228210143,0.20891360447803425,0.5796905727009514
212,0.160188138111019,0.28077224665451644,0.5590396152344645
213,0.4103091767411537,0.10003156753047722,0.489659255728369
214,0.2119876507917281,0.2678743466541703,0.5201380025541015
215,0.2347494377247259,0.21702124518986965,0.5482293170854045
216,0.3231769686351965,0.130713800992583,0.5461092303722204
217,0.22455309225213876,0.20410044471287683,0.5713464630349844
218,0.13443435478868146,0.28635125598442696,0.5792143892268915
219,0.20996333190155897,0.24340942569406784,0.5466272424043731
220,0.17416554306382984,0.2805677952602918,0.5452666616758785
221,0.19804680495907942,0.28586359649980386,0.5160895985411167
222,0.38581878913733236,0.11351379993065708,0.5006674109320106
223,0.23395087135263598,0.24634918546734375,0.5196999431800203
224,0.24067643430245442,0.21673661217133716,0.5425869535262084
225,0.23809911697424585,0.21901723720251037,0.5428836458232438
226,0.14309458705004827,0.2823601530354632,0.5745452599144886
227,0.2536318314039316,0.1563348671217067,0.5900333014743616
228,0.27680681300526944,0.21662082634217253,0.506572360652558
229,0.18005627094315832,0.24147257727246105,0.5784711517843806
230,0.4272262750824282,0.08913693823197724,0.48363678668559446
231,0.18313747829132862,0.2090994780611912,0.6077630436474802
232,0.18437291308092532,0.17055677694765065,0.645070309971424
233,0.1681866879987781,0.21015984230155269,0.6216534696996693
234,0.38174670243022046,0.12791400671621256,0.49033929085356703
235,0.16759082037083292,0.31389181713841485,0.5185173624907521
236,0.21243198388955614,0.2664595723983551,0.5211084437120888
237,0.29452533563780803,0.12633604118541125,0.5791386231767808
238,0.23458565229788786,0.13608796189508493,0.6293263858070272
239,0.2287562375568888,0.23348896005429892,0.5377548023888122
240,0.3168757837504008,0.1289102970647485,0.5542139191848506
241,0.2749541406299161,0.20455114659198398,0.5204947127780998
242,0.20537840464567472,0.2497382746926114,0.5448833206617139
243,0.30890680456601816,0.11913064032057323,0.5719625551134087
244,0.22607083912499126,0.244651122791329,0.5292780380836798
245,0.16009617733504564,0.24406962338076096,0.5958341992841935
246,0.197602082854786,0.25348922911357546,0.5489086880316386
247,0.20917143002149532,0.2639162353471858,0.5269123346313189
248,0.3088416372710335,0.08449012539345067,0.606668237335516
249,0.18982881557785533,0.20786336351688744,0.6023078209052573
250,0.36381748340015413,0.11072735736705759,0.5254551592327882
251,0.15398386080350054,0.30282781065113173,0.5431883285453677
252,0.24742968387936232,0.23046473857042832,0.5221055775502094
253,0.14248138806995925,0.2843352658891279,0.5731833460409128
254,0.4438487121936455,0.08659977688299497,0.46955151092335945
255,0.2043321711594435,0.2729742192972766,0.5226936095432799
256,0.25692684878428296,0.1396297961042548,0.6034433551114622
257,0.22679589182815907,0.2157796276812311,0.5574244804906099
258,0.19546357894254526,0.21679049627155508,0.5877459247858996
259,0.15796686021973305,0.2598997887782343,0.5821333510020326
260,0.3134272332029736,0.1714560662149698,0.5151167005820566
261,0.26962525626632733,0.18025566180006233,0.5501190819336104
262,0.20502917002992826,0.16198262393819818,0.6329882060318736
263,0.2643052484132195,0.21638314223668817,0.5193116093500924
264,0.14877666792793245,0.252669725151142,0.5985536069209256
265,0.14858124012861315,0.2604458150213868,0.5909729448500001
266,0.3371811821580831,0.12444749331746033,0.5383713245244565
267,0.2610865604337223,0.23069879537012308,0.5082146441961547
268,0.18181213842610033,0.2019040129285355,0.6162838486453641
269,0.2120950403490948,0.23239915353190863,0.5555058061189966
270,0.2657493369806586,0.204406787507744,0.5298438755115975
271,0.2419880138106362,0.2346590722004691,0.5233529139888947
272,0.2554405144783075,0.2248946726005784,0.5196648129211141
273,0.1669261253263081,0.18650378774171147,0.6465700869319804
274,0.22622941196865262,0.16247073773673337,0.611299850294614
275,0.3079774338460199,0.12773289228413576,0.5642896738698444
276,0.3721122357260974,0.1287934364973937,0.49909432777650886
277,0.1372951445700761,0.27255663249843237,0.5901482229314916
278,0.24133634849782942,0.23210527482490928,0.5265583766772612
279,0.8853563944256226,0.004902211410772912,0.10974139416360452
280,0.26691266318302015,0.23175727695736992,0.50133005985961
281,0.40433380273578146,0.1015739487805671,0.49409224848365146
282,0.2130042029663937,0.24840735289095,0.5385884441426563
283,0.2620259788047869,0.14173677351671607,0.5962372476784971
284,0.2068995527414525,0.17654054121305637,0.6165599060454913
285,0.3619598366250046,0.11080092627210217,0.5272392371028933
286,0.2133627330894624,0.18372311503561825,0.6029141518749195
287,0.16100134125192456,0.2717971038051482,0.5672015549429272
288,0.274824770930224,0.1958393028889357,0.5293359261808402
289,0.13475137503570656,0.29193650433976787,0.5733121206245255
290,0.36299284198286164,0.13595605683723364,0.5010511011799049
291,0.26226557495439673,0.1120546120812657,0.6256798129643375
292,0.15987377328767652,0.18052584329479618,0.6596003834175272
293,0.2212243983909136,0.13418925560483433,0.644586346004252
294,0.3160910530982054,0.12735035637587064,0.5565585905259239
295,0.17151341362045724,0.30090071268631946,0.5275858736932232
296,0.1922411134924688,0.2865113057783538,0.5212475807291774
297,0.2162902601662094,0.2758088996325485,0.5079008402012419
298,0.2427201053941302,0.13024650569058968,0.62703338891528
299,0.1624353414885621,0.2808867309103464,0.5566779276010916
300,0.1554071873123155,0.24403032548402306,0.6005624872036616
301,0.17804305525559955,0.19656878369671654,0.6253881610476839
302,0.2013695350652316,0.1677615013400242,0.6308689635947442
303,0.3202482930112242,0.1671877152903294,0.5125639916984464
304,0.19058584893434988,0.22622015032462459,0.5831940007410256
305,0.2094676301902442,0.18675742025184755,0.6037749495579082
306,0.26385694047132485,0.10848400969654703,0.6276590498321282
307,0.22690866650353678,0.1766127596403078,0.5964785738561554
308,0.16373174961561343,0.27147884300584,0.5647894073785465
309,0.15807832192758223,0.29272814976871625,0.5491935283037016
310,0.2357779626824295,0.14161937447416822,0.6226026628434022
311,0.25733026591327995,0.22097677254935078,0.5216929615373692
312,0.38840683491729455,0.11802848298306878,0.49356468209963666
313,0.1993403982951178,0.15821806604828145,0.6424415356566008
314,0.210814801492786,0.2644692191312644,0.5247159793759496
315,0.22241837427141392,0.13170204328831,0.6458795824402761
316,0.17743298083253997,0.2452107871051236,0.5773562320623364
317,0.2251028737432634,0.23000471794576227,0.5448924083109743
318,0.28521945882014194,0.1732578533108057,0.5415226878690523
319,0.31308758401066783,0.14399279002545082,0.5429196259638812
320,0.21206821277280566,0.15160196682263352,0.6363298204045609
321,0.22486844588495028,0.21254503860566185,0.562586515509388
322,0.21821846852714996,0.21629067218193793,0.5654908592909121
323,0.137652675861347,0.27367216343014794,0.5886751607085051
324,0.20696095816657745,0.2775598732519235,0.515479168581499
325,0.35260891366492425,0.10800712031006103,0.5393839660250147
326,0.2684263768824065,0.13329138289428144,0.598282240223312
327,0.30156600682957424,0.16801929624159548,0.5304146969288303
328,0.19853475512595625,0.24662475071663933,0.5548404941574044
329,0.31706558218146874,0.17631145463836045,0.5066229631801706
330,0.21335929278569282,0.22735207808421004,0.5592886291300971
331,0.1873619475514543,0.2750171317803115,0.5376209206682342
332,0.25245120602496246,0.16008574026762187,0.5874630537074156
333,0.24503038709438096,0.109499288304455,0.645470324601164
334,0.19104474587124332,0.25336932858988387,0.5555859255388729
335,0.22351380082479824,0.23516854888667713,0.5413176502885246
336,0.19338252174975043,0.15812481086854638,0.6484926673817032
337,0.20658142047406441,0.15936410116799543,0.6340544783579402
338,0.2819596631745878,0.11034155147550302,0.6076987853499091
339,0.23009412060843115,0.2685666698011964,0.5013392095903724
340,0.3227384143960316,0.12173455207777832,0.55552703352619
341,0.251064639463671,0.22179584711731481,0.5271395134190141
342,0.21951960362167172,0.14455687421371874,0.6359235221646095
343,0.21996808280055064,0.2286899623218171,0.5513419548776323
344,0.24299697876645504,0.2313204484614074,0.5256825727721376
345,0.3079752930975256,0.08281419494518538,0.609210511957289
346,0.21341545548039584,0.2109712184322428,0.5756133260873614
347,0.19097295572676698,0.269324811329337,0.5397022329438961
348,0.29211053648181823,0.1966713356664527,0.5112181278517289
349,0.2453719290993753,0.22276150426850172,0.531866566632123
350,0.19336509368104154,0.26133532972737816,0.5452995765915801
351,0.3779952400375684,0.12388247590618058,0.4981222840562511
352,0.3097044328780469,0.14741778571810576,0.5428777814038473
353,0.16283533785349033,0.25525782197202845,0.5819068401744811
354,0.4499460596365972,0.10196077593809855,0.44809316442530417
355,0.21336807370164754,0.25751155637849665,0.5291203699198558
356,0.4210048548375633,0.11448307765416642,0.46451206750827034
357,0.2818378397075626,0.1975014144078536,0.5206607458845837
358,0.1607215089109014,0.2761194550946967,0.5631590359944019
359,0.13895800152516144,0.2633968097359922,0.5976451887388464
360,0.2143587393248329,0.2663104135835237,0.5193308470916433
361,0.18146485591219977,0.18058914202957094,0.6379460020582292
362,0.25872842027269777,0.2058832793256352,0.535388300401667
363,0.13582867219231498,0.29369210256638245,0.5704792252413027
364,0.19753420831766652,0.27506271172164753,0.527403079960686
365,0.2881460820345718,0.198472869155432,0.5133810488099962
366,0.2243981950420562,0.1447873535467379,0.6308144514112058
367,0.2082201220404021,0.2439236861030268,0.5478561918565711
368,0.21886997222199184,0.20980021967038712,0.571329808107621
369,0.24711084631060248,0.18458559260899712,0.5683035610804004
370,0.3346470362884195,0.11458353878294122,0.5507694249286392
371,0.2563957153654731,0.21539493823117695,0.52820934640335
372,0.22791983381780048,0.14945895039577978,0.6226212157864197
373,0.15900211729241112,0.26128299709220454,0.5797148856153844
374,0.18150046808988446,0.28854815357035524,0.5299513783397602
375,0.3250753444076061,0.1283766974867445,0.5465479581056494
376,0.19273898281024587,0.20874896642815335,0.5985120507616006
377,0.27142524320881556,0.12401629544338043,0.604558461347804
378,0.3531857924149056,0.12649231499504807,0.5203218925900462
379,0.2555028554831828,0.18227943964293694,0.5622177048738802
380,0.252785616802638,0.21364267761958303,0.5335717055777789
381,0.24542645157514323,0.13940645231168164,0.6151670961131751
382,0.17533159178347643,0.18852371836747367,0.63614468984905
383,0.1585442068966912,0.26653436343370446,0.5749214296696045
384,0.235080345638652,0.2408838815434489,0.5240357728178991
385,0.29031384643002556,0.13455213370859348,0.5751340198613809
386,0.3009329328192505,0.1339157595492258,0.5651513076315237
387,0.19785145553386996,0.2167870854794235,0.5853614589867066
388,0.302558676803678,0.11091303424273784,0.5865282889535842
389,0.24398725084428874,0.13287451369141373,0.6231382354642975
390,0.250616475026429,0.13090485125403353,0.6184786737195376
391,0.2729463069022065,0.1771556131526397,0.5498980799451538
392,0.8834619491333395,0.005109659194076046,0.11142839167258436
393,0.13531704486341165,0.2816504315280139,0.5830325236085744
394,0.28296595889928416,0.09750280302183753,0.6195312380788783
395,0.2677665212944178,0.13649910224947762,0.5957343764561047
396,0.23357676147664766,0.23935711343534644,0.5270661250880059
397,0.33012857384058963,0.12732667457985955,0.5425447515795507
398,0.17020219857931274,0.2732504660146595,0.5565473354060276
399,0.39005162402968446,0.13035946851848243,0.47958890745183314
400,0.19214289345988028,0.2542341875209741,0.5536229190191456
401,0.34191435638759626,0.15470284491156194,0.5033827987008418
402,0.20185366659627246,0.20914455484517722,0.5890017785585503
403,0.3654579386752185,0.12936166519587025,0.5051803961289114
404,0.21455829166147045,0.26247794428866167,0.5229637640498679
405,0.3691986170822367,0.11545116402860557,0.5153502188891578
406,0.376114521446736,0.13443081808425256,0.4894546604690114
407,0.26699736105741656,0.21252012521328723,0.5204825137292962
408,0.2956822440785158,0.12831970135025664,0.5759980545712275
409,0.2976148726879786,0.19227506071184286,0.5101100666001785
410,0.14797663610923995,0.2476081968285773,0.6044151670621827
411,0.17031464370283697,0.2531614361732218,0.5765239201239413
412,0.24755494457403449,0.2213007409427093,0.5311443144832562
413,0.21688071000759157,0.16670567379617102,0.6164136161962375
414,0.19269750256741247,0.20172447921130449,0.6055780182212831
415,0.24913838177986664,0.2292284877359489,0.5216331304841845
416,0.39689666085509157,0.12549206116548156,0.4776112779794269
417,0.22950470531209552,0.19052848269288922,0.5799668119950152
418,0.29462729742620253,0.09961064653445653,0.6057620560393409
419,0.15038889287758303,0.26905278668390087,0.5805583204385161
420,0.3358343603881034,0.07978963667802257,0.584376002933874
421,0.16664774982202987,0.24403651591444284,0.5893157342635272
422,0.26627971371583864,0.19468549051490994,0.5390347957692514
423,0.3469276436248845,0.12777923164439295,0.5252931247307225
424,0.20034410044383655,0.28920379504031885,0.5104521045158447
425,0.16742729385687316,0.16999499683660732,0.6625777093065195
426,0.16805094663143458,0.23352086883326725,0.5984281845352981
427,0.30163040809141706,0.1728865997451983,0.5254829921633846
428,0.17844915852403975,0.286370293348745,0.5351805481272153
429,0.17610979628473253,0.19649724587054238,0.627392957844725
430,0.3018092211520656,0.096533342979692,0.6016574358682425
431,0.2635540827447027,0.2227478974105964,0.5136980198447009
432,0.26445012670511286,0.21485820998007538,0.5206916633148118
433,0.2059337178385515,0.2820579845220141,0.5120082976394345
434,0.16618452966144806,0.27597411205876365,0.5578413582797883
435,0.1868582041310601,0.27822701484646234,0.5349147810224776
436,0.17042278959771195,0.23139083226281348,0.5981863781394746
437,0.3017457587647863,0.11348934758883436,0.5847648936463794
438,0.17755077206927586,0.15683348095795954,0.6656157469727646
439,0.27703352519019714,0.20605586376119323,0.5169106110486096
440,0.16343939931616278,0.2686063237214298,0.5679542769624073
441,0.27167697597233226,0.2059082701672123,0.5224147538604553
442,0.1442667654158472,0.1849548677256941,0.6707783668584586
443,0.2365682389345033,0.2315383620761614,0.5318933989893352
444,0.26366934458179114,0.21720997563527925,0.5191206797829296
445,0.17008295145200172,0.25350200238928894,0.5764150461587093
446,0.15543637785972172,0.2671780011228323,0.577385621017446
447,0.20867565792032625,0.25022836814765126,0.5410959739320225
448,0.2799756042491432,0.14473474470795059,0.5752896510429063
449,0.3215411568895258,0.1395849734633342,0.53887386964714
450,0.31380717233343597,0.1788517088242661,0.5073411188422979
451,0.16852566982119468,0.2951218244047996,0.5363525057740057
452,0.1721801944613518,0.26430094025191664,0.5635188652867316
453,0.2251928517743398,0.21626906919238503,0.5585380790332751
454,0.16477343961380553,0.2397839391356857,0.5954426212505088
455,0.28401360635832523,0.1176496203137881,0.5983367733278867
456,0.16558282118376258,0.24820627896225123,0.5862108998539862
457,0.2490621875865546,0.10338832710677455,0.6475494853066708
458,0.2268832322956358,0.14813161576709863,0.6249851519372656
459,0.27295840599527244,0.21577338754159045,0.5112682064631371
460,0.3248791686063413,0.1443386287921881,0.5307822026014707
461,0.1482786155684656,0.20065846141386545,0.651062923017669
462,0.3244691370112463,0.13863659969171702,0.5368942632970367
463,0.21187176150732046,0.2722884181169292,0.5158398203757503
464,0.23242641519065374,0.2277684394345665,0.5398051453747797
465,0.2594816604609519,0.1462906660053162,0.594227673533732
466,0.15463201407814234,0.29957550191099336,0.5457924840108643
467,0.18035311744831314,0.2241915096670549,0.5954553728846319
468,0.20615897045869347,0.24011882140706742,0.553722208134239
469,0.2074397003775251,0.2498523912022036,0.5427079084202714
470,0.5548172315882206,0.09169714349274606,0.35348562491903346
471,0.23313505549991106,0.2375986366507061,0.5292663078493829
472,0.2260129018872058,0.15995307128252412,0.6140340268302702
473,0.27845356347884015,0.14244361892585983,0.5791028175953
474,0.22084054609840498,0.2584854797291462,0.5206739741724488
475,0.2087723147137724,0.2521746914413616,0.5390529938448659
476,0.40153643679099665,0.09851959710512026,0.49994396610388303
477,0.19339004863626127,0.18286281424791215,0.6237471371158265
478,0.18462233239982956,0.29045219419238316,0.5249254734077873
479,0.21729411920141695,0.2437200891238125,0.5389857916747705
480,0.30147246192827587,0.18441400091973648,0.5141135371519875
481,0.20150341568279373,0.25251305330451046,0.5459835310126958
482,0.2057551258286627,0.2823777675144802,0.511867106656857
483,0.21949088876713332,0.2044594146249208,0.5760496966079459
484,0.27149700034870067,0.12766427965601065,0.6008387199952887
485,0.31305313886261754,0.12676427705558235,0.5601825840818
486,0.18337616392268138,0.20231898397255324,0.6143048521047653
487,0.2119083200909381,0.24652901197306765,0.5415626679359943
488,0.2033882116137813,0.26235451281016464,0.5342572755760541
489,0.261068065145927,0.21359351351536776,0.5253384213387051
490,0.18026125198966647,0.25927325073073154,0.560465497279602
491,0.20879714225167156,0.24328649511917522,0.5479163626291531
492,0.1550715086701033,0.30193782329847535,0.5429906680314214
493,0.19866895373246535,0.24044099411386782,0.5608900521536667
494,0.2078472501632828,0.27783997737907273,0.5143127724576444
495,0.21283282279421847,0.14687387135492913,0.6402933058508524
496,0.20190834228239019,0.22838942778491295,0.5697022299326968
497,0.5975723443721536,0.035484458427390446,0.3669431972004559
498,0.31100981704695835,0.10341782785489026,0.5855723550981513
499,0.31498016115148775,0.08850628762198387,0.5965135512265284
500,0.13868579128302447,0.29531174046551323,0.5660024682514624
501,0.3148168284706173,0.14595480124794047,0.5392283702814422
502,0.2557191820954165,0.14290710215735009,0.6013737157472334
503,0.22120662481099107,0.14389766041932886,0.6348957147696801
504,0.2932026185542851,0.18983979333471715,0.5169575881109979
505,0.5597945614697267,0.08961472977549166,0.3505907087547815
506,0.2019007998544339,0.2172775644668043,0.5808216356787617
507,0.2609512998667206,0.23260571582738213,0.5064429843058972
508,0.31738029136788903,0.1707209025002872,0.5118988061318238
509,0.6031869544093569,0.07967353275407775,0.31713951283656533
510,0.2046341561100649,0.2858643415668053,0.5095015023231299
511,0.21356339535481592,0.2711589527901994,0.5152776518549845
512,0.14214237853430176,0.2824088359009018,0.5754487855647965
513,0.2697174109360319,0.13126009709182052,0.5990224919721475
514,0.33672256945744217,0.09697515336220666,0.5663022771803512
515,0.20128310776797917,0.29120888539668277,0.5075080068353381
516,0.2567997989529092,0.22612865154981732,0.5170715494972734
517,0.15955878520828842,0.28378887253395085,0.5566523422577607
518,0.23108183217516215,0.23728341404002484,0.531634753784813
519,0.26988937578727046,0.22087025655800505,0.5092403676547245
520,0.15403714484049696,0.23964008782142412,0.606322767338079
521,0.2331021932318052,0.26508448382359934,0.5018133229445954
522,0.37025354571081154,0.12509589231220675,0.5046505619769818
523,0.423986002237159,0.10179865161936996,0.47421534614347105
524,0.19222686118960267,0.2831793637623145,0.5245937750480828
525,0.17627936530224741,0.2504986757364354,0.5732219589613172
526,0.255532589674943,0.2030500480422869,0.54141736228277
527,0.2232089256260602,0.1583687597105596,0.6184223146633803
528,0.2206000424663027,0.21174246317257667,0.5676574943611206
529,0.31681925510909964,0.13729454194103904,0.5458862029498613
530,0.1979996673931426,0.16630394055337083,0.6356963920534866
531,0.1966665152909685,0.19386168261594336,0.609471802093088
532,0.20076498611758875,0.25478234195771643,0.5444526719246947
533,0.20359126987089668,0.21176433953943394,0.5846443905896692
534,0.2794005461210737,0.16216420825216335,0.558435245626763
535,0.3576642860523286,0.14961839078787126,0.49271732315980005
536,0.2928348055443373,0.13056835436219233,0.5765968400934703
537,0.1532474644187299,0.26237438576772,0.58437814981355
538,0.2714749383383748,0.19378273317909495,0.5347423284825302
539,0.2431494139583231,0.20765479824589592,0.5491957877957809
540,0.2432385880186287,0.267470207095922,0.4892912048854493
541,0.24160963718784112,0.23817722379196926,0.5202131390201896
542,0.355803518982433,0.10452529400773758,0.5396711870098294
543,0.28720452488132375,0.1252325037097411,0.5875629714089352
544,0.30599760150000105,0.12036929909995371,0.5736330994000453
545,0.21521822387871123,0.23709329159978,0.5476884845215089
546,0.40002539855498614,0.07565764573072635,0.5243169557142875
547,0.21614580481587162,0.15696743134701813,0.6268867638371103
548,0.14636867890049893,0.2869194895192739,0.5667118315802273
549,0.22303637941839682,0.1313206476927392,0.645642972888864
550,0.30121760852366164,0.13633861889007373,0.5624437725862647
551,0.21014149371851668,0.24850103089693645,0.541357475384547
552,0.1597132723888583,0.2778457938672064,0.5624409337439352
553,0.25390951553337904,0.22705557823091221,0.5190349062357087
554,0.19911136873035046,0.2563800804491134,0.5445085508205363
555,0.155179308283382,0.26891370123312897,0.575906990483489
556,0.2380225785502004,0.26138303791023404,0.5005943835395655
557,0.4294897472417028,0.08927675264531408,0.48123350011298316
558,0.4508747310409349,0.08382484741977934,0.46530042153928575
559,0.1817639978020972,0.25506128205339756,0.5631747201445053
560,0.4499635059764402,0.09816375132743681,0.451872742696123
561,0.2012114800434504,0.1665069299665358,0.6322815899900136
562,0.3663129867186385,0.11016826930715683,0.5235187439742047
563,0.2117371611804986,0.2712485650309774,0.517014273788524
564,0.22688182495845746,0.19557545348050698,0.5775427215610355
565,0.5832203798458905,0.050602401726342935,0.36617721842776657
566,0.2215229870830583,0.2321963387944582,0.5462806741224834
567,0.36555143686148955,0.11939842148779405,0.5150501416507164
568,0.20060143756139132,0.26069844968384204,0.5387001127547667
569,0.20886698135524753,0.2447715796327662,0.5463614390119862
570,0.25318381883121244,0.11667755716919825,0.6301386239995893
571,0.23608579213353748,0.2402110533233227,0.5237031545431399
572,0.1966581767204719,0.1740557332059074,0.6292860900736207
573,0.31567223216494716,0.1635067073614921,0.5208210604735609
574,0.25948382326788677,0.2269772664891367,0.5135389102429766
575,0.20258827022548254,0.21217799355600656,0.5852337362185109
576,0.2998635251621039,0.1444202092061492,0.5557162656317469
577,0.20170939059055387,0.2073841898061767,0.5909064196032694
578,0.22003716119417813,0.2417287801168518,0.5382340586889701
579,0.2051015465859367,0.2619028721811658,0.5329955812328974
580,0.23652433062751155,0.13184852597892716,0.6316271433935613
581,0.1883258021058569,0.1511291525442849,0.6605450453498583
582,0.19135934145814934,0.2357115753127829,0.5729290832290678
583,0.21490607614535448,0.2616978882766769,0.5233960355779687
584,0.3020859974852032,0.17791354920792804,0.5200004533068687
585,0.2099408352556431,0.21718185964634154,0.5728773050980154
586,0.16665223647847197,0.28558315196045,0.547764611561078
587,0.1403727492295929,0.26122300841583246,0.5984042423545746
588,0.21317358207720283,0.24742401304617564,0.5394024048766216
589,0.1737628655662147,0.18691261630891803,0.6393245181248671
590,0.23993144973206457,0.23686742738092154,0.5232011228870138
591,0.14393794285310121,0.2660352203592487,0.5900268367876501
592,0.24895265370135627,0.21574553657244983,0.5353018097261938
593,0.31190554152400246,0.1736032161525143,0.5144912423234833
594,0.20382851895994794,0.27909806937576287,0.5170734116642892
595,0.2484194091060137,0.2246146527616266,0.5269659381323597
596,0.2287922628525694,0.2650875712559733,0.5061201658914573
597,0.2310970492453817,0.2416966481284837,0.5272063026261345
598,0.22226284058861315,0.24158056712064846,0.5361565922907383
599,0.2230787312510039,0.19422214702574214,0.582699121723254
600,0.20841886657919653,0.25100059937147107,0.5405805340493325
601,0.1707115610498253,0.28246820035736236,0.5468202385928124
602,0.27750964179634463,0.18986668181259642,0.532623676391059
603,0.1429917642192445,0.20759607073510045,0.6494121650456549
604,0.14950767133802365,0.25133792954987494,0.5991543991121013
605,0.272234835954838,0.21830686408770894,0.5094582999574531
606,0.22728855775513052,0.20473739905535998,0.5679740431895095
607,0.15241680335095284,0.2470791166139925,0.6005040800350546
608,0.16333989318588463,0.2860602683209745,0.5505998384931408
609,0.22969732336529128,0.27264625900253453,0.49765641763217416
610,0.17591989756114373,0.25490857380695614,0.5691715286319001
611,0.18584092725486828,0.2757621338360927,0.5383969389090391
612,0.19950022997705177,0.26654460217333464,0.5339551678496136
613,0.1435544650851524,0.30241845424947156,0.554027080665376
614,0.20900091439254123,0.2824401763295506,0.5085589092779081
615,0.19587300621947687,0.19969477973407865,0.6044322140464446
616,0.226781806081646,0.1938496493192592,0.5793685445990948
617,0.25743125320101856,0.2225496373800586,0.5200191094189229
618,0.21235585777364055,0.25882777975904275,0.5288163624673168
619,0.1654672921687771,0.27470326727386235,0.5598294405573605
620,0.18817213849659445,0.28730703225990023,0.5245208292435054
621,0.2777579814856942,0.14515304207080962,0.5770889764434962
622,0.23832302112931283,0.14166028376876372,0.6200166951019235
623,0.45045181918692234,0.08076048369341421,0.4687876971196634
624,0.21861494461906905,0.24183998582296312,0.5395450695579678
625,0.29615500088720687,0.17239109006659759,0.5314539090461955
626,0.22135670904094198,0.1994772330412358,0.5791660579178223
627,0.27499462538132713,0.20403427811309396,0.5209710965055789
628,0.16377239673718222,0.2559991928466748,0.580228410416143
629,0.43056396382328527,0.09860396679935099,0.47083206937736377
630,0.2275026318223851,0.20970523795082593,0.562792130226789
631,0.3417700401733727,0.13069335690920103,0.5275366029174262
632,0.28989200567093604,0.09676803224516507,0.613339962083899
633,0.32019304761320616,0.13253205312551372,0.5472748992612801
634,0.1908924931468627,0.26418278427477054,0.5449247225783667
635,0.25412899469865696,0.20128561877951665,0.5445853865218263
636,0.22193084098550606,0.2121352011398564,0.5659339578746375
637,0.274958668919204,0.10515496515871284,0.6198863659220831
638,0.23590988487403397,0.21881086205514563,0.5452792530708205
639,0.20395061731833974,0.23757434654521403,0.5584750361364462
640,0.8962597459990757,0.006684966278365743,0.09705528772255864
641,0.14175646073688725,0.26926592117948867,0.588977618083624
642,0.17616506176389082,0.2555679655457281,0.5682669726903811
643,0.30944834724430476,0.11928745880662661,0.5712641939490687
644,0.814825141794121,0.019399375012750127,0.16577548319312876
