,proba_0,proba_1,proba_2
0,0.2279123346998672,0.17217152976776606,0.5999161355323666
1,0.21270545182134418,0.1536090359384256,0.6336855122402301
2,0.9755725438558102,0.0017735230958622762,0.022653933048327628
3,0.19286398675912966,0.233912601022647,0.5732234122182231
4,0.20563920172893574,0.18847120991867922,0.605889588352385
5,0.28647949278619306,0.20931551760213907,0.504204989611668
6,0.12185141004942582,0.2719629121586019,0.606185677791972
7,0.15338434678920027,0.2721945466513694,0.5744211065594304
8,0.28569163248334567,0.14937537351961155,0.5649329939970426
9,0.2076474150058046,0.20377218770176456,0.5885803972924308
10,0.16663539740348535,0.27268918072465637,0.5606754218718581
11,0.26511628629355305,0.15099147630269835,0.5838922374037485
12,0.2630023315479859,0.17964783944362012,0.5573498290083936
13,0.1920913250920285,0.1745239380874343,0.633384736820537
14,0.24331201213020817,0.16955058762800473,0.5871374002417873
15,0.146333448025022,0.24038541704600483,0.6132811349289734
16,0.18669974656077432,0.2312490251332766,0.582051228305949
17,0.29370161171706394,0.1724897993689685,0.5338085889139674
18,0.24845827303148796,0.15917880084555638,0.5923629261229558
19,0.2551509543567966,0.1609290029440809,0.5839200426991222
20,0.17621320001055407,0.2592735880974601,0.5645132118919856
21,0.17992301479363243,0.22163622876939823,0.5984407564369691
22,0.21670337151828953,0.17033106235863468,0.6129655661230756
23,0.18022036075789452,0.22086095371262812,0.5989186855294774
24,0.23451519650421318,0.15507846161103725,0.6104063418847493
25,0.16618613457509943,0.25429794557630164,0.579515919848599
26,0.11464454411957826,0.2262523241646514,0.6591031317157705
27,0.900910356125767,0.00713192022624528,0.09195772364798785
28,0.2542066675723982,0.17377830065674485,0.5720150317708569
29,0.9561786106144097,0.002923263459943121,0.040898125925647184
30,0.2472317277285988,0.1997076100016786,0.5530606622697226
31,0.19139696632869818,0.25796903886201167,0.5506339948092903
32,0.20655513529057026,0.21514405050017263,0.578300814209257
33,0.2203528255174361,0.16695019038501543,0.6126969840975487
34,0.15370100514673443,0.23432182491425266,0.6119771699390129
35,0.3339679118585016,0.10678117219093648,0.5592509159505619
36,0.20596596127000716,0.2376083460630264,0.5564256926669663
37,0.461817787374191,0.11041952170735725,0.4277626909184517
38,0.16138748821366403,0.2661162635655406,0.5724962482207951
39,0.12937125472338729,0.22124811546350667,0.649380629813106
40,0.17244102513764573,0.20972711350726916,0.6178318613550849
41,0.2066980422614428,0.18424208331618405,0.6090598744223733
42,0.16610492493067555,0.24409565731456198,0.5897994177547625
43,0.20720718811817526,0.19364305531960163,0.5991497565622227
44,0.19708946027232277,0.18247622702159197,0.6204343127060851
45,0.22664591864298742,0.18585339620382307,0.5875006851531898
46,0.27499831230948635,0.16892811012261452,0.5560735775678991
47,0.12979877035619902,0.25872052026752007,0.6114807093762806
48,0.11127028506017886,0.21830513376140848,0.6704245811784125
49,0.2624458818542795,0.12663041889499474,0.6109236992507258
50,0.13566428423811108,0.2426770205374907,0.6216586952243982
51,0.15514181668744534,0.21336487852690825,0.6314933047856465
52,0.20703231839433756,0.20742786547507527,0.5855398161305874
53,0.952861806440269,0.0032118472100393274,0.04392634634969199
54,0.22605692248746592,0.24310419792198013,0.5308388795905541
55,0.1996632203623208,0.1681539619258886,0.6321828177117909
56,0.268108308254086,0.1720284448228,0.5598632469231142
57,0.20875910385240712,0.16462693720808463,0.626613958939508
58,0.31491009383586155,0.14336291447806102,0.5417269916860774
59,0.27943986422350336,0.16629846548503247,0.5542616702914644
60,0.23165185639182667,0.12772903007863118,0.6406191135295423
61,0.2889297375475286,0.10743673896890267,0.6036335234835688
62,0.23135949245067025,0.15535442362151,0.6132860839278195
63,0.1948791190857104,0.2200376155687955,0.5850832653454942
64,0.13684262008946066,0.26936111821764663,0.5937962616928926
65,0.13845944255185372,0.2530538992613377,0.6084866581868085
66,0.2549255286350718,0.18870859615245092,0.5563658752124774
67,0.19372998407420236,0.19734067977013037,0.6089293361556671
68,0.23008850831530328,0.20806077452599123,0.5618507171587053
69,0.2652563491892218,0.16782165039192196,0.5669220004188561
70,0.27954110336876037,0.16520133520107452,0.5552575614301652
71,0.16319671757000678,0.25214233124194874,0.5846609511880444
72,0.23714181510229945,0.14661383286068297,0.6162443520370176
73,0.1875213251652081,0.22546761595558415,0.5870110588792077
74,0.20478346901373234,0.2145872598278164,0.5806292711584511
75,0.9693654960113937,0.0022858798610445796,0.028348624127562
76,0.26539202271483536,0.1207612303469871,0.6138467469381772
77,0.2261957884854022,0.21013171274476522,0.5636724987698328
78,0.18768051561978777,0.22804735894907177,0.5842721254311404
79,0.3407129640486524,0.10124076735615288,0.5580462685951944
80,0.29346368952322593,0.1272501482458517,0.5792861622309222
81,0.20920050173933327,0.1870727449964703,0.6037267532641968
82,0.9540185990814388,0.0030462528252901324,0.04293514809327126
83,0.14618718384132914,0.2401000097498605,0.6137128064088103
84,0.20257058696023741,0.19219903731685992,0.6052303757229025
85,0.1753112669251271,0.2607948702490769,0.5638938628257961
86,0.9645585610357914,0.002508440932396038,0.03293299803181274
87,0.17125186282327237,0.2590033346594378,0.56974480251729
88,0.23086285965066874,0.1398427990123015,0.6292943413370297
89,0.17946719431619537,0.20182130906183995,0.6187114966219648
90,0.14583721479612327,0.22480614126819407,0.6293566439356826
91,0.3195463882423247,0.13099301917661296,0.5494605925810623
92,0.19154853277746586,0.2584665942511258,0.5499848729714082
93,0.1975453551147532,0.20448336586683843,0.5979712790184084
94,0.1777842888643043,0.20210005400784692,0.6201156571278489
95,0.1379625940931772,0.27035504743931676,0.5916823584675062
96,0.24460112269901985,0.2026364616001774,0.5527624157008024
97,0.2670844731659962,0.17998939107561598,0.5529261357583874
98,0.22710814798332143,0.17999144743462128,0.592900404582057
99,0.29104625394382355,0.15973100341502852,0.5492227426411478
100,0.048116708380312595,0.3551922625593631,0.5966910290603242
101,0.19795669846841785,0.2007994830406108,0.6012438184909713
102,0.2571369339858979,0.1495161008946382,0.5933469651194638
103,0.22661785617812324,0.1939722084402528,0.579409935381624
104,0.21174399778172512,0.169646122447896,0.6186098797703792
105,0.14618805082279715,0.2590349224042612,0.5947770267729418
106,0.2235651660026268,0.20473840885747205,0.5716964251399012
107,0.1988224893282946,0.1992164326863838,0.6019610779853216
108,0.2593076745344033,0.17294384296551737,0.5677484825000793
109,0.11048802252596489,0.29385881859076035,0.5956531588832747
110,0.18844906101851794,0.24710876246603766,0.5644421765154444
111,0.22291754834941388,0.13523777881493168,0.6418446728356546
112,0.15316456666925893,0.22535953486294913,0.6214758984677915
113,0.2507235979196164,0.1897752957548998,0.5595011063254839
114,0.23659359183774534,0.20449112973799316,0.5589152784242616
115,0.17728576679447058,0.23701695194695407,0.5856972812585753
116,0.19687183004839545,0.22936358331100656,0.5737645866405979
117,0.23182560568276914,0.17899950543912044,0.5891748888781103
118,0.19368220350147902,0.24096345748879572,0.5653543390097252
119,0.1755337013762481,0.24913985816912418,0.575326440454628
120,0.23813264013777163,0.15617200909982001,0.6056953507624084
121,0.13275384413555064,0.23046326736101685,0.6367828885034325
122,0.20299866971063352,0.1746535897776947,0.6223477405116721
123,0.2070489855974583,0.22884588747349682,0.5641051269290447
124,0.23995500848510035,0.22461160773707115,0.5354333837778288
125,0.2158688888441367,0.18110778006609224,0.603023331089771
126,0.14616195119445702,0.2556012008291517,0.5982368479763911
127,0.24982389572250283,0.17181464166947757,0.5783614626080195
128,0.18556581806871328,0.2302203936468099,0.5842137882844767
129,0.2077500178410414,0.19948853442229972,0.5927614477366588
130,0.2125636319889412,0.24673763548118552,0.5406987325298732
131,0.27154463642729293,0.17136376644048754,0.5570915971322195
132,0.33068920802852886,0.1315780851074147,0.5377327068640566
133,0.7915476586424125,0.014089030390791455,0.194363310966796
134,0.38325251978951924,0.09684473836988704,0.5199027418405936
135,0.1698200587869212,0.1902976193412869,0.6398823218717915
136,0.22150113378828296,0.214871172537281,0.563627693674436
137,0.2632027419185144,0.11757857727001024,0.6192186808114754
138,0.2789356911367881,0.15401360056697427,0.5670507082962378
139,0.15623802000867207,0.23500733301103888,0.608754646980289
140,0.23346293095634335,0.17594996966623205,0.5905870993774249
141,0.20346697761993454,0.1797014941503425,0.6168315282297229
142,0.18055504811472167,0.24773836028880478,0.5717065915964733
143,0.3036339904398592,0.14930817259409218,0.5470578369660486
144,0.22882984857929345,0.2014299368132762,0.5697402146074303
145,0.15497937358330677,0.20777145628735366,0.6372491701293396
146,0.3246072535049974,0.1466895919641426,0.5287031545308598
147,0.3179317935139716,0.13592569923139575,0.5461425072546325
148,0.19244995806377996,0.20699982948101509,0.6005502124552047
149,0.22600608925110494,0.19309824715855092,0.5808956635903441
150,0.12751879271845276,0.24093717585589244,0.6315440314256549
151,0.26331820710281745,0.15945811768959442,0.5772236752075882
152,0.21542306254844773,0.19818310641916007,0.5863938310323923
153,0.20433129575688846,0.19826376560793066,0.597404938635181
154,0.12409341674225902,0.275074042639529,0.6008325406182118
155,0.24602445313254795,0.19419401824339272,0.5597815286240593
156,0.1630858341871054,0.2631571322693006,0.5737570335435938
157,0.3239655189192591,0.1440544777490966,0.531980003331644
158,0.13910261876734953,0.2673220237969654,0.593575357435685
159,0.21588560079344163,0.17786743874034547,0.6062469604662127
160,0.2368176225917627,0.17640920519857162,0.5867731722096655
161,0.29840022928968185,0.15734310871147486,0.544256661998843
162,0.11159087634211891,0.23385878770206453,0.6545503359558164
163,0.13639304862355056,0.2777402797556845,0.5858666716207647
164,0.3580403373005649,0.13045635483949305,0.5115033078599419
165,0.232219115787505,0.17923106076905454,0.5885498234434406
166,0.1673780174631804,0.21901413630460262,0.613607846232217
167,0.15796144373797658,0.21569729072787977,0.6263412655341436
168,0.2516414744186917,0.2046351449110017,0.5437233806703066
169,0.15181298085904926,0.22616639745384381,0.6220206216871071
170,0.23810998835614774,0.1612258336544731,0.600664177989379
171,0.17196117958248378,0.21567961996158805,0.6123592004559282
172,0.22660177142586366,0.16354876348321376,0.6098494650909226
173,0.22618119839514672,0.16733064184376084,0.6064881597610925
174,0.24422434210107397,0.17378057439251376,0.5819950835064123
175,0.2393164217016349,0.20038155352301903,0.5603020247753463
176,0.15540375223722178,0.18994575103024428,0.6546504967325341
177,0.25138726488013563,0.18211646622301264,0.5664962688968516
178,0.23893200447101,0.13672616110816563,0.6243418344208242
179,0.2968498700500132,0.1195017552051977,0.5836483747447893
180,0.19732461845520696,0.18965637896697404,0.6130190025778194
181,0.1626844901715649,0.22936154291952637,0.6079539669089083
182,0.22795450990473246,0.16321222095121118,0.6088332691440562
183,0.20053125157284823,0.25129996060780857,0.5481687878193432
184,0.15077374326153042,0.26858923861045797,0.5806370181280114
185,0.2695428865953218,0.1375695039657563,0.5928876094389219
186,0.31880628723564075,0.1567203810073872,0.5244733317569719
187,0.1904365448910275,0.18279226940774201,0.6267711857012306
188,0.19037583469261116,0.1877595425993826,0.6218646227080065
189,0.2550836507211734,0.1661265159251046,0.5787898333537218
190,0.24420069123570398,0.1511899373648511,0.6046093713994448
191,0.1853354823034398,0.23826913269518654,0.5763953850013738
192,0.21984864910359683,0.1748035115946923,0.6053478393017108
193,0.23184095325100018,0.19116927213208992,0.5769897746169097
194,0.21040560575978753,0.21309947031039767,0.5764949239298146
195,0.18623669452943994,0.22385749269065108,0.5899058127799087
196,0.23774840065391936,0.16141052751642362,0.6008410718296568
197,0.10784965832563653,0.25938898798413695,0.6327613536902265
198,0.30423241008730023,0.14687009381000043,0.5488974961026992
199,0.1270254035019714,0.2528036946436733,0.6201709018543552
200,0.14599156011219525,0.24307061647149858,0.6109378234163061
201,0.16544630879857697,0.19325778525246026,0.6412959059489627
202,0.1910738176986779,0.20679053630408945,0.6021356459972326
203,0.3761924506109844,0.11246811206348281,0.511339437325533
204,0.18022984541758713,0.24101044385861778,0.5787597107237948
205,0.1764800506986921,0.22240538476988242,0.6011145645314256
206,0.16935259399336453,0.26041027399561145,0.5702371320110242
207,0.25343231487199297,0.18980937691198554,0.5567583082160216
208,0.1449832208793961,0.2775368960992977,0.577479883021306
209,0.9728542347810045,0.0019563059973198324,0.02518945922167556
210,0.165344245465539,0.2063801705068706,0.6282755840275905
211,0.15687327270867854,0.21555523849661953,0.627571488794702
212,0.21756754456170624,0.21528924184326048,0.5671432135950334
213,0.35892844461306866,0.12089821964178317,0.5201733357451478
214,0.1936418987440178,0.24068466991432774,0.5656734313416546
215,0.22011779834697576,0.20837941374477548,0.5715027879082486
216,0.16884413577509239,0.23521047932995653,0.5959453848949512
217,0.17299747291272832,0.2098514411135496,0.6171510859737223
218,0.14225964440254268,0.21444818246792902,0.6432921731295282
219,0.27676715405270275,0.1684596280756808,0.5547732178716167
220,0.1358399711342394,0.2714352244552357,0.5927248044105247
221,0.16558467198453572,0.27639705328357134,0.5580182747318929
222,0.306044371958538,0.11977916737905296,0.5741764606624088
223,0.20364153665793197,0.22514629868376262,0.5712121646583055
224,0.22424106420830114,0.20734853945266096,0.5684103963390377
225,0.2130193170872024,0.20698087963121242,0.5799998032815848
226,0.21210878520961315,0.20540925768659862,0.5824819571037881
227,0.13366823309593548,0.20739206893939374,0.6589396979646709
228,0.2375283338840221,0.21005557359220642,0.5524160925237714
229,0.2007232911121703,0.19895776726200878,0.600318941625821
230,0.34089546826142275,0.08839223528380924,0.5707122964547681
231,0.26608161617144793,0.1519107378062807,0.5820076460222715
232,0.17930805950092643,0.23153553742515018,0.5891564030739236
233,0.2306549780204973,0.16948710157354405,0.5998579204059586
234,0.24947206615070042,0.1748065952668536,0.575721338582446
235,0.10027483270385137,0.24346383829159274,0.6562613290045559
236,0.16067407908130082,0.26751149676343694,0.5718144241552622
237,0.2730574331568846,0.1565042721653273,0.5704382946777881
238,0.12812774923418807,0.22173824966507066,0.6501340011007413
239,0.13651478742382156,0.2663860859000678,0.5970991266761106
240,0.26592578001730577,0.1902631615233427,0.5438110584593516
241,0.22748653484993311,0.1960154896498919,0.576497975500175
242,0.3231584703265739,0.14257596465212702,0.5342655650212994
243,0.1880056580733249,0.2564064539935235,0.5555878879331516
244,0.13139787621018423,0.2817273933501478,0.5868747304396681
245,0.18613633978841126,0.2257508298789785,0.5881128303326104
246,0.25402611056916485,0.16365694255095414,0.5823169468798811
247,0.1599357948953224,0.26533977387866686,0.5747244312260107
248,0.3288042295949685,0.12074047865621819,0.5504552917488132
249,0.24137764103323942,0.15828795382581143,0.600334405140949
250,0.3034410331584495,0.1510575418697866,0.5455014249717638
251,0.22887397920512575,0.20844038641396057,0.5626856343809138
252,0.2980826980045358,0.1702366480563449,0.5316806539391192
253,0.1740025971699341,0.24793371949983134,0.5780636833302346
254,0.3826490069146097,0.12449033552547233,0.492860657559918
255,0.18280047574851374,0.25906209017415166,0.5581374340773345
256,0.38245319324672356,0.11264340168112738,0.504903405072149
257,0.15954752086599136,0.22165573115284454,0.6187967479811641
258,0.2740681602418658,0.1513650318799886,0.5745668078781458
259,0.20299203726777923,0.19615528774388694,0.6008526749883335
260,0.2270014507484575,0.18173825719397377,0.5912602920575688
261,0.15160911124513737,0.26259618278882646,0.5857947059660359
262,0.27696917257764414,0.15813514069902881,0.5648956867233271
263,0.2982537803898621,0.15340990149130224,0.5483363181188355
264,0.18624838754105275,0.1881737110963441,0.6255779013626034
265,0.218141148519214,0.1567475390493528,0.6251113124314333
266,0.25202975353400375,0.21186262503731265,0.5361076214286835
267,0.3088685351049216,0.1522821544672384,0.5388493104278398
268,0.3176244725331373,0.10319016834068649,0.5791853591261762
269,0.24074059791286648,0.1771973598601575,0.5820620422269761
270,0.2753462783449703,0.16716527708813397,0.557488444566896
271,0.15135402525118613,0.2520346886564442,0.5966112860923698
272,0.27581565824480636,0.1723453183831646,0.5518390233720288
273,0.17383074324992617,0.23807507636556097,0.5880941803845129
274,0.15055107132031365,0.2526972777792078,0.5967516509004784
275,0.20951847796970205,0.22747178174345375,0.5630097402868439
276,0.22931561440617534,0.18850409087078654,0.5821802947230383
277,0.12308667458486605,0.26592044735351017,0.610992878061624
278,0.14003532596724788,0.23101438536625857,0.6289502886664935
279,0.9531998567531317,0.0032704063408757265,0.043529736905992565
280,0.37393887820841903,0.12141170999451963,0.5046494117970614
281,0.351206831704258,0.1310103865084012,0.5177827817873407
282,0.11045587678497346,0.2948621407656274,0.594681982449399
283,0.17817550053152884,0.2061086108494569,0.615715888619014
284,0.3133335938933826,0.10239520484499484,0.5842712012616224
285,0.2874038715025038,0.13552592722289386,0.577070201274602
286,0.18540672691497326,0.18359480224781088,0.6309984708372157
287,0.17616586411013982,0.2384315706292828,0.5854025652605774
288,0.23525938540680041,0.20622257947408432,0.5585180351191151
289,0.17092533503111515,0.21971197549323196,0.609362689475653
290,0.20969754670494795,0.16820169943158303,0.6221007538634685
291,0.24291064821474104,0.18918275670847795,0.5679065950767809
292,0.21292592967720914,0.16453894641207478,0.622535123910716
293,0.23534271432909687,0.17286157799166116,0.5917957076792416
294,0.2585858420525942,0.18743276171899395,0.5539813962284118
295,0.2178617920094891,0.22568276354645464,0.5564554444440563
296,0.170493241922998,0.25697592978604444,0.5725308282909577
297,0.20053862150442459,0.2348295932112991,0.5646317852842764
298,0.17237277459978811,0.20582101637685093,0.6218062090233608
299,0.18039486778230562,0.21828727607240223,0.6013178561452921
300,0.26115489696933986,0.12155936526224843,0.6172857377684116
301,0.334134167457594,0.09565814787181469,0.5702076846705912
302,0.1940519915307391,0.20746009294705367,0.5984879155222071
303,0.2637924731534102,0.14780026948708422,0.5884072573595058
304,0.18854150243926038,0.19036079599826136,0.6210977015624785
305,0.2551487845200997,0.11192081707591887,0.6329303984039814
306,0.23015000502452576,0.1570219081587113,0.6128280868167628
307,0.2569886060765944,0.12600509955571762,0.6170062943676878
308,0.14969152582281778,0.23781669392090835,0.6124917802562738
309,0.2034357740465394,0.21423870568198,0.5823255202714804
310,0.23689452348920523,0.16471451192063938,0.5983909645901551
311,0.2457783425526439,0.19888649057911356,0.5553351668682425
312,0.2717400596498528,0.15966626291671152,0.5685936774334355
313,0.1730237694986008,0.2177639788269126,0.6092122516744868
314,0.1674697738318878,0.24985102729221953,0.5826791988758925
315,0.23078520211426354,0.1474886915291823,0.6217261063565545
316,0.1644766751928449,0.2135773675281606,0.6219459572789944
317,0.19326057529510118,0.20758831464511068,0.5991511100597885
318,0.2241419209053021,0.16972192204322972,0.6061361570514682
319,0.17860329068474692,0.18787814440928374,0.6335185649059693
320,0.2812541852262586,0.1759164066735149,0.5428294081002267
321,0.16355276179869646,0.2171237834667973,0.6193234547345062
322,0.15113024014475446,0.233798231383643,0.6150715284716024
323,0.1294313073566589,0.2631635567704088,0.6074051358729323
324,0.1653325142967489,0.2521325190439186,0.5825349666593325
325,0.3174767813453158,0.12349993850991521,0.5590232801447689
326,0.11464059559490464,0.2670690804685821,0.6182903239365131
327,0.2333892038917078,0.17374852905642213,0.5928622670518702
328,0.17614948474157305,0.21881872833127478,0.6050317869271524
329,0.17824172917444003,0.19166027921882012,0.6300979916067398
330,0.12430817696551083,0.24421251597254037,0.6314793070619485
331,0.21957172118133747,0.19809696759399192,0.5823313112246707
332,0.4221031887344323,0.0860715681793692,0.4918252430861986
333,0.22145230414559208,0.1497102507730608,0.6288374450813471
334,0.17133632751409755,0.21872735860846715,0.6099363138774351
335,0.19987376432460213,0.20494734955591243,0.5951788861194852
336,0.11841705927363669,0.22792084383858063,0.6536620968877823
337,0.24012712566422825,0.2198694052981588,0.5400034690376126
338,0.14883715182830776,0.2410916705077613,0.6100711776639306
339,0.1675036743831904,0.2525659489192671,0.5799303766975427
340,0.2789409994612093,0.18414129194096082,0.5369177085978297
341,0.28079526916847286,0.16046355778216956,0.5587411730493577
342,0.37416760055887205,0.13185662987605604,0.49397576956507183
343,0.18724421040261108,0.20973655024545035,0.6030192393519384
344,0.14292643421528023,0.22733947763729145,0.6297340881474284
345,0.37402837649824827,0.10374159605094124,0.5222300274508105
346,0.19470004205809413,0.18559882435402275,0.6197011335878831
347,0.23536237737754923,0.21016331256085932,0.5544743100615914
348,0.2342803224822514,0.19438854611900952,0.5713311313987388
349,0.24352397415384866,0.20115191049342204,0.5553241153527294
350,0.16774284435747006,0.267266341962911,0.5649908136796189
351,0.2634455611974777,0.2155616265128076,0.520992812289715
352,0.18621674107288425,0.17762335409995963,0.6361599048271565
353,0.15424807108971186,0.19360105784882434,0.6521508710614636
354,0.28844382571845495,0.13718037981574027,0.5743757944658043
355,0.13066953257173194,0.28137957733686264,0.5879508900914054
356,0.3017916866225608,0.19131502496153616,0.5068932884159031
357,0.23908085595983783,0.18608634062663137,0.5748328034135307
358,0.13568912222153082,0.29120275738973406,0.5731081203887353
359,0.09964706220616674,0.2844496007990689,0.6159033369947645
360,0.15111961822970593,0.2731128956323822,0.5757674861379117
361,0.3515137757293602,0.13667975390088571,0.511806470369754
362,0.24922479736397535,0.18482330125557794,0.5659519013804466
363,0.19847554953981567,0.21269282036830037,0.5888316300918842
364,0.19035210419860282,0.23108219938196858,0.5785656964194286
365,0.2384965065065223,0.19777776675532413,0.5637257267381536
366,0.2542456199622536,0.17666940820254431,0.5690849718352017
367,0.11901098934334155,0.27607997351287694,0.6049090371437816
368,0.18059164012895756,0.2127587176372315,0.6066496422338106
369,0.1884263874149825,0.22870990906252797,0.5828637035224897
370,0.25240455121930905,0.1382418717273025,0.6093535770533886
371,0.25849618822948456,0.1831052108262197,0.5583986009442956
372,0.3064373049277401,0.1729451645128434,0.5206175305594162
373,0.1337283953774798,0.24918793105165968,0.6170836735708607
374,0.1897556334604603,0.24131339245212996,0.5689309740874094
375,0.18633400006611084,0.23046551084387973,0.5832004890900095
376,0.22579600745767345,0.13665319326974182,0.6375507992725848
377,0.2019801469960334,0.19437461766999858,0.6036452353339682
378,0.2116800523896059,0.2240477180541324,0.5642722295562618
379,0.17268053468397912,0.24156342468006656,0.5857560406359542
380,0.23266964650432673,0.16997353963918418,0.5973568138564889
381,0.22198034366797806,0.17883852199142036,0.5991811343406016
382,0.17886926416971743,0.20633123572711662,0.6147995001031658
383,0.21246449517016475,0.19065513317274743,0.5968803716570878
384,0.3252629419308836,0.14255124050200546,0.5321858175671107
385,0.25413266874089546,0.13043668059555863,0.6154306506635457
386,0.42800958527886784,0.13393620085402935,0.43805421386710297
387,0.22192292585804144,0.1638948413305343,0.614182232811424
388,0.2759415969179518,0.15561610252616076,0.5684423005558875
389,0.22635066887485356,0.17939149280314473,0.5942578383220016
390,0.15744902398629546,0.2146774877774719,0.6278734882362322
391,0.1885599037011634,0.22352602424906562,0.587914072049771
392,0.9539154492885773,0.003211131719330293,0.04287341899209225
393,0.14763870119234132,0.1998766781584572,0.6524846206492015
394,0.2762232477064819,0.13346839049404302,0.5903083617994752
395,0.10943847702527233,0.2584262175129079,0.6321353054618202
396,0.12166032367834897,0.25555383464501785,0.6227858416766332
397,0.21435913059754902,0.21327345920542784,0.5723674101970231
398,0.13970216362951923,0.26811016670981186,0.5921876696606688
399,0.3179279019113573,0.15752240711261983,0.5245496909760227
400,0.18552943283689027,0.22433548554747482,0.5901350816156351
401,0.22505840364479046,0.16726887711714183,0.6076727192380676
402,0.23093081478813385,0.15368804471039998,0.6153811405014663
403,0.2913522938985847,0.1891394226712697,0.5195082834301455
404,0.1383791185072652,0.2643531534623169,0.5972677280304179
405,0.24714965252324803,0.12566547867381056,0.6271848688029416
406,0.19689182610306516,0.18306286031747854,0.6200453135794561
407,0.26699948120433553,0.16628999504770364,0.566710523747961
408,0.21935025051477544,0.21360581013542776,0.5670439393497967
409,0.2359687255342809,0.20231150178553595,0.5617197726801834
410,0.19109641357945523,0.17486117484138644,0.6340424115791584
411,0.1470573837618094,0.2034468978122286,0.6494957184259622
412,0.18727885756574697,0.16683815744097044,0.6458829849932826
413,0.36207090144797605,0.09784296262713692,0.5400861359248867
414,0.25329043508316285,0.122029722470113,0.6246798424467241
415,0.3480377448989533,0.127350959258732,0.5246112958423144
416,0.26519219193603993,0.17374585835373535,0.5610619497102246
417,0.2083101460241087,0.17044022606845644,0.621249627907435
418,0.21533032815529593,0.16953947810674658,0.6151301937379574
419,0.1470691136034766,0.23684933436828368,0.6160815520282397
420,0.3972600127323492,0.0796844951510085,0.5230554921166422
421,0.19530904033281127,0.17161710835001298,0.6330738513171758
422,0.2376290236493998,0.20793980966561945,0.5544311666849805
423,0.23442102076317972,0.19750894487965387,0.5680700343571663
424,0.197200067180184,0.2569591813449802,0.5458407514748356
425,0.18879364408426283,0.17726454265466238,0.633941813261075
426,0.1793521835607778,0.1944638494419642,0.6261839669972579
427,0.196967025319495,0.19052981275650688,0.6125031619239982
428,0.24339711299709027,0.2052823150382313,0.5513205719646785
429,0.3157682345648936,0.11085611648078414,0.5733756489543221
430,0.24004674707659773,0.18667092120531456,0.5732823317180875
431,0.36389673325547833,0.11950158229421314,0.5166016844503086
432,0.3048932328451146,0.14794970963025889,0.5471570575246264
433,0.16685828011459763,0.2535660458271176,0.5795756740582849
434,0.14392128134996704,0.27985898558007766,0.5762197330699551
435,0.25249596076688735,0.20075767576632328,0.5467463634667893
436,0.1822267343090375,0.23451803996956194,0.5832552257214005
437,0.23863047375642008,0.18718433594649428,0.5741851902970858
438,0.20160656470316776,0.1713068431258536,0.6270865921709787
439,0.24028903844747648,0.18963040498374756,0.5700805565687761
440,0.13280160600573365,0.2124251350883924,0.6547732589058739
441,0.25165457209162534,0.17594324469961964,0.5724021832087551
442,0.14351986620855248,0.19805566608625705,0.6584244677051903
443,0.14796560613908774,0.2273345196097344,0.6246998742511775
444,0.28510350092011433,0.15550976497379101,0.559386734106095
445,0.20427682087231608,0.20163943028728581,0.5940837488403982
446,0.13805876714879484,0.23050090670593826,0.6314403261452668
447,0.30348496378747253,0.15257854299886506,0.5439364932136622
448,0.2537238423734975,0.14618132088975458,0.6000948367367479
449,0.18131558786424812,0.1967595661329659,0.6219248460027861
450,0.25262034292510605,0.17869479938802169,0.5686848576868725
451,0.18918415068518346,0.22183717988154808,0.5889786694332684
452,0.16037922736883492,0.23870636442443455,0.6009144082067305
453,0.15283357324162278,0.22339786520243757,0.6237685615559393
454,0.20069472854062018,0.1823916454991824,0.6169136259601973
455,0.2529113385125229,0.15466904333044115,0.5924196181570358
456,0.18612131163192208,0.22692115417060416,0.5869575341974738
457,0.20358367997763374,0.1714858981649917,0.6249304218573747
458,0.15687647917801914,0.224102359509041,0.6190211613129402
459,0.358189494300868,0.11930022828825568,0.5225102774108761
460,0.22474498051960007,0.1836649377239924,0.5915900817564074
461,0.1765723212319326,0.2250403989637009,0.5983872798043666
462,0.179946430386466,0.1837189324035007,0.6363346372100332
463,0.16135982095102297,0.2710052514200382,0.567634927628939
464,0.25226459212733693,0.171913410641947,0.5758219972307157
465,0.35859046413141277,0.10957567501182477,0.5318338608567625
466,0.11114220957248573,0.24867408681936468,0.6401837036081497
467,0.21815669073328975,0.13621270207364217,0.6456306071930679
468,0.1273153916369732,0.2715310470965243,0.6011535612665024
469,0.31629040767831806,0.1512930750553003,0.5324165172663816
470,0.825764207504275,0.011891937536712676,0.1623438549590125
471,0.157455761728304,0.22042130232366952,0.6221229359480266
472,0.18993813098044876,0.1889839914763167,0.6210778775432347
473,0.43916656537028737,0.10271328672948993,0.45812014790022276
474,0.15653606964917208,0.27240024140231356,0.5710636889485144
475,0.23107310632014552,0.17913083468377822,0.5897960589960761
476,0.28976770488140435,0.12122270710368681,0.5890095880149088
477,0.2306494852527685,0.1144403975687836,0.6549101171784477
478,0.2295428364512546,0.21844662535803763,0.5520105381907079
479,0.1865528494929535,0.2099569317138319,0.6034902187932144
480,0.22982993873107668,0.17820494979630414,0.5919651114726191
481,0.19838850790830845,0.20496652397798157,0.5966449681137099
482,0.17657356265899302,0.2539935810162104,0.5694328563247967
483,0.17396883749418152,0.22208047692527136,0.6039506855805469
484,0.1793487111533536,0.21377214425268587,0.6068791445939604
485,0.2767333972514694,0.17070623128686196,0.5525603714616686
486,0.17712704442394903,0.18716291863280843,0.6357100369432421
487,0.10968447872496703,0.27336354883749914,0.6169519724375337
488,0.1734016437714759,0.24697690805571057,0.5796214481728134
489,0.23959506490654786,0.20190962705868407,0.558495308034768
490,0.17254094765839878,0.2304573332547687,0.5970017190868326
491,0.13939374531072005,0.24639454588940615,0.6142117087998736
492,0.09771716828545336,0.25794422530079736,0.6443386064137487
493,0.27295477150214537,0.14068768347750601,0.5863575450203486
494,0.20082509782826097,0.23219933323608277,0.5669755689356561
495,0.12840888454456484,0.2429119420658666,0.6286791733895685
496,0.13847318496021924,0.24560807989845704,0.6159187351413237
497,0.925448422603156,0.004888606095174048,0.06966297130167023
498,0.2088732042323198,0.24346783367734534,0.5476589620903348
499,0.2157239120533398,0.18873030510811203,0.5955457828385483
500,0.21666261152333674,0.21083664442227942,0.5725007440543838
501,0.21652160799871784,0.15325549883479275,0.6302228931664893
502,0.23842595963810073,0.1702647255052625,0.5913093148566366
503,0.19800578508841515,0.1822759197080248,0.6197182952035601
504,0.20917665880445105,0.19829810078758814,0.5925252404079608
505,0.8476069319733739,0.010157820079716266,0.14223524794690973
506,0.2146778062826876,0.1510999112365486,0.6342222824807641
507,0.31145004136021515,0.15561497111305939,0.5329349875267256
508,0.2641742862454799,0.15680062930921868,0.5790250844453017
509,0.6723481632970375,0.02101433215588748,0.3066375045470752
510,0.19499574497787361,0.25851436885294166,0.5464898861691849
511,0.1573460904800194,0.25235173737492156,0.590302172145059
512,0.13767835686111324,0.25081473508297725,0.6115069080559097
513,0.20379488790236416,0.17272107142763773,0.6234840406699981
514,0.22724670049466056,0.221082147923942,0.5516711515813973
515,0.2032019778985617,0.25371669741262276,0.5430813246888154
516,0.3575787777576439,0.12356903716002961,0.5188521850823263
517,0.17517878101420908,0.2144630891051711,0.6103581298806198
518,0.16606350366090927,0.21019582552282717,0.6237406708162636
519,0.3256522760752528,0.14870239297989302,0.5256453309448543
520,0.23176151912996315,0.13397459108802773,0.6342638897820091
521,0.16574694448608357,0.27088393718452064,0.5633691183293957
522,0.2227719373676489,0.144216268097062,0.6330117945352892
523,0.35654626790984195,0.09490960511617542,0.5485441269739827
524,0.18300948542562437,0.23152487515278616,0.5854656394215891
525,0.18505459249473868,0.20149016022123087,0.6134552472840303
526,0.289396792793427,0.14869704082279184,0.5619061663837812
527,0.21257304980691705,0.22234979812363775,0.5650771520694451
528,0.18919590004614056,0.2144265482586665,0.5963775516951928
529,0.2534006489519384,0.1481595582920533,0.5984397927560081
530,0.38073563974632463,0.13024071912629392,0.4890236411273811
531,0.19004167938206334,0.19214592944860745,0.6178123911693293
532,0.13763855734408753,0.2576242186551205,0.6047372240007917
533,0.2107656332938343,0.20405299663402113,0.5851813700721445
534,0.2915155108446675,0.12355815460379253,0.5849263345515402
535,0.19452254093493523,0.19822573934138496,0.60725171972368
536,0.21669709918985028,0.18599140339271847,0.5973114974174314
537,0.13020181502159717,0.2659091816351538,0.6038890033432491
538,0.24027851469288034,0.2063228496738622,0.5533986356332575
539,0.21508825758159375,0.1659921638967175,0.6189195785216887
540,0.20218193985580263,0.251005674121123,0.5468123860230741
541,0.31039129934581583,0.15079319344554523,0.5388155072086387
542,0.2917422565149745,0.16314198094466895,0.5451157625403567
543,0.20986824895501713,0.18010337204931431,0.6100283789956684
544,0.27575055177286156,0.18612790716458907,0.5381215410625491
545,0.22656787671492346,0.19938919566477617,0.5740429276203002
546,0.31731784622822057,0.1459298108495683,0.536752342922211
547,0.2652316323537172,0.17393074997377933,0.5608376176725036
548,0.24229780571112777,0.19974990199619466,0.5579522922926778
549,0.2272152204244336,0.16388307644952582,0.6089017031260406
550,0.18889405912777357,0.19150970590214425,0.6195962349700821
551,0.12311878178179274,0.2808841272877831,0.595997090930424
552,0.21442701775099116,0.2151324852033307,0.5704404970456782
553,0.27309413107948644,0.17423167871446726,0.5526741902060464
554,0.1363902345754881,0.2546166092815037,0.6089931561430079
555,0.11820758454017462,0.2826045693807777,0.5991878460790476
556,0.21639759910158082,0.2503699540624168,0.5332324468360022
557,0.34571047084301965,0.09157025276768732,0.562719276389293
558,0.3481892418599762,0.1321892501951445,0.5196215079448792
559,0.1173340738075244,0.28465499084613866,0.5980109353463371
560,0.2978334123605344,0.10081500567142562,0.60135158196804
561,0.3344761677694699,0.12792703421814958,0.5375967980123804
562,0.2672423978588549,0.1988614877460313,0.533896114395114
563,0.19794990960654463,0.2374557465919559,0.5645943438014992
564,0.17916317514475094,0.19506175257257496,0.6257750722826739
565,0.9129008628027842,0.005810708618218753,0.08128842857899697
566,0.20578827552957502,0.1816520306871733,0.6125596937832518
567,0.28842155269938907,0.11934256044526617,0.5922358868553448
568,0.14931327263295482,0.25381788206064043,0.5968688453064046
569,0.11696534017420214,0.2810323197222497,0.6020023401035481
570,0.24157055455836807,0.18196370670421025,0.5764657387374217
571,0.15999483410941034,0.2528620551273525,0.587143110763237
572,0.18832525953011753,0.17629991109370716,0.6353748293761753
573,0.19917619850086593,0.18165748062291656,0.6191663208762171
574,0.13421027481976727,0.24803236869257977,0.6177573564876527
575,0.1259404583539322,0.24274005200982857,0.6313194896362393
576,0.3169475630405021,0.10871789375708814,0.5743345432024097
577,0.2324438697964756,0.13380910706587623,0.6337470231376484
578,0.22276256610328585,0.18191416275500863,0.5953232711417055
579,0.16880923214640786,0.2715855524241845,0.5596052154294077
580,0.22979427181297649,0.1773130894765142,0.5928926387105092
581,0.13113850439886096,0.2476272920018236,0.6212342035993154
582,0.22933958064726453,0.20690301364599242,0.5637574057067428
583,0.3180460022182417,0.1428857195208238,0.5390682782609343
584,0.19764752059245855,0.18324630469811806,0.6191061747094232
585,0.21539978638187726,0.17986225014493104,0.6047379634731919
586,0.1998390214823061,0.2339154555139046,0.566245523003789
587,0.13610504010963315,0.21110816153753134,0.6527867983528355
588,0.10673334009768133,0.27498525014155994,0.6182814097607587
589,0.17310208020020576,0.17846707479797339,0.6484308450018208
590,0.13716877820382561,0.28343747155256716,0.5793937502436072
591,0.1868640726710597,0.158239083402953,0.6548968439259871
592,0.21679126167585197,0.1792892296465304,0.6039195086776178
593,0.26538927437613324,0.15933661568998847,0.5752741099338784
594,0.17547451817361984,0.24565640925409948,0.5788690725722806
595,0.17709687292901868,0.2332933642417611,0.5896097628292202
596,0.17553581090148046,0.25960832987310783,0.5648558592254115
597,0.3120763857732252,0.14826525640716406,0.5396583578196109
598,0.155688493737175,0.24496623177676158,0.5993452744860633
599,0.18985244635937296,0.19189677911054204,0.6182507745300849
600,0.29253980981290767,0.155552312531561,0.5519078776555312
601,0.1807715715395332,0.2265396294868688,0.5926887989735978
602,0.24040882856309553,0.19317021460267822,0.566420956834226
603,0.18347252225071484,0.20968219989494616,0.606845277854339
604,0.1939503249366342,0.17246834377106018,0.6335813312923056
605,0.2469035745443776,0.19288270661767037,0.5602137188379518
606,0.21752059858406536,0.1558077409747914,0.6266716604411431
607,0.25173723479134735,0.1280354470688403,0.6202273181398127
608,0.11205280314391369,0.23265745832002446,0.6552897385360619
609,0.20036545177790882,0.2501594123739368,0.5494751358481543
610,0.2048947497908526,0.20082170903310229,0.5942835411760452
611,0.21058383991859198,0.21316593688896673,0.5762502231924412
612,0.16798367408459505,0.2472788029448139,0.5847375229705911
613,0.20594656506647913,0.1907223291605783,0.6033311057729426
614,0.18241611650284847,0.2516506767342541,0.5659332067628975
615,0.29944015877782604,0.10723294667339849,0.5933268945487754
616,0.20536650938305862,0.17668903925757729,0.617944451359364
617,0.2528165222987358,0.18937508991642668,0.5578083877848377
618,0.14490855116303797,0.23954888767235413,0.6155425611646079
619,0.23047568724661618,0.20514975996002316,0.5643745527933608
620,0.17665728454486768,0.25025578863414777,0.5730869268209845
621,0.13353880487312034,0.26740272222359246,0.599058472903287
622,0.1688227798829255,0.21781308324493795,0.6133641368721365
623,0.3754687176980132,0.11427085376771975,0.5102604285342669
624,0.17781253935578004,0.21799840509348442,0.6041890555507355
625,0.2440320052097233,0.17303326815973818,0.5829347266305387
626,0.15094291955105724,0.217143523430197,0.6319135570187455
627,0.25789672656451373,0.17409394243634535,0.5680093309991411
628,0.1897400438839436,0.21230929857045516,0.5979506575456012
629,0.28973139746017507,0.17554581807263855,0.5347227844671864
630,0.2350959688828135,0.18143958831628154,0.5834644428009049
631,0.17982664398389625,0.2261294943766443,0.5940438616394592
632,0.25520844561212574,0.16326007196037357,0.5815314824275009
633,0.18930477331420195,0.1795511482009886,0.6311440784848094
634,0.1719130289516152,0.23075737962560597,0.597329591422779
635,0.24145107979656696,0.2091575091194736,0.5493914110839592
636,0.14474652279396685,0.22910547888286073,0.6261479983231724
637,0.343022179454065,0.137604402453354,0.5193734180925812
638,0.1716889659031819,0.21458727089136637,0.6137237632054516
639,0.13058664442029455,0.26313136685941274,0.6062819887202926
640,0.9612866909375409,0.002573950313888848,0.03613935874857015
641,0.17495434876733149,0.1636059392110023,0.661439712021666
642,0.24379886838948805,0.2130526333699307,0.5431484982405813
643,0.2793066542500696,0.16047108767764623,0.5602222580722841
