,proba_0,proba_1,proba_2
0,0.12191195986198304,0.15094971099065063,0.7271383291473664
1,0.2913967457821799,0.17137267049567836,0.5372305837221417
2,0.976,0.01,0.014
3,0.14776754752791488,0.3344318780196595,0.5178005744524257
4,0.1841563928610102,0.08089078796115691,0.7349528191778327
5,0.14568788483987485,0.28598052816153063,0.5683315869985947
6,0.11783705289546959,0.14159391733809368,0.7405690297664365
7,0.18445746407142666,0.5530134201677738,0.2625291157607993
8,0.07264316545002933,0.03957501553718912,0.8877818190127815
9,0.1121638948237013,0.3087634611677775,0.579072644008521
10,0.09307317927170868,0.7137762064656727,0.19315061426261834
11,0.2582979337495846,0.1476924050903089,0.5940096611601062
12,0.2453431303104094,0.21027874851605308,0.5443781211735373
13,0.5345746910537392,0.03143906827091456,0.4339862406753462
14,0.03767532453773491,0.0854603799556229,0.8768642955066422
15,0.18917743386811187,0.6752525639005341,0.13557000223135376
16,0.44547944544480206,0.250484019692904,0.30403653486229393
17,0.23963571462134833,0.39319221261343745,0.3671720727652143
18,0.28868813648070224,0.34447644798144345,0.3668354155378542
19,0.08448476305354442,0.37865521607734504,0.5368600208691107
20,0.2548513625254885,0.34032316154629566,0.4048254759282158
21,0.09736377751357463,0.4924278937418307,0.41020832874459456
22,0.23120767325781422,0.1598537488524507,0.6089385778897353
23,0.2545726657070662,0.12386535609541455,0.6215619781975192
24,0.2156156665021643,0.15020528806618913,0.6341790454316467
25,0.05713166963855789,0.22905734221463225,0.7138109881468099
26,0.1949936242928355,0.2039301894873819,0.6010761862197824
27,0.958,0.016,0.026
28,0.3645163562551585,0.13568477439253082,0.4997988693523108
29,0.82,0.044,0.136
30,0.17465066972876758,0.23124961179791553,0.5940997184733169
31,0.0493722496459877,0.5426057083665143,0.408022041987498
32,0.1559074474486653,0.16054866140845286,0.6835438911428818
33,0.27173304171317114,0.16761334828564362,0.5606536100011852
34,0.16800198838725508,0.21105421927722043,0.6209437923355245
35,0.1692759931375459,0.03556445690754516,0.7951595499549089
36,0.3935881888286303,0.09150653344805301,0.5149052777233166
37,0.7464459221142604,0.05059188106643978,0.2029621968193
38,0.22343611986706802,0.49740090583863295,0.2791629742942989
39,0.12550081649203096,0.13478452370781838,0.7397146598001508
40,0.3728709092356167,0.4681386875260871,0.15899040323829638
41,0.049042454679515124,0.08152743305073058,0.8694301122697543
42,0.05357678561010127,0.3774623045453325,0.5689609098445665
43,0.26796312256950805,0.0293147063442777,0.7027221710862142
44,0.09246445888162148,0.0814770238546447,0.8260585172637337
45,0.1998142713709453,0.2126419756691921,0.5875437529598629
46,0.11268497993609812,0.075991331713955,0.811323688349947
47,0.1214053260573636,0.13553773937424998,0.7430569345683861
48,0.1556345861502153,0.19280839478125886,0.6515570190685257
49,0.4345560479743084,0.09313734694770258,0.472306605077989
50,0.17478637042536288,0.14894160948654747,0.6762720200880898
51,0.12563906664390467,0.3530398963894193,0.5213210369666761
52,0.3255596777884777,0.34786012576772396,0.3265801964437983
53,0.828,0.038,0.134
54,0.1369436903858132,0.15964795246706892,0.7034083571471182
55,0.022018172493196524,0.0840038838977151,0.8939779436090886
56,0.2506424899215544,0.07425216405458988,0.6751053460238556
57,0.1543370183377182,0.09338647625372823,0.7522765054085534
58,0.30093756745794703,0.06826740311198745,0.6307950294300655
59,0.19368482093449732,0.13573337409512698,0.6705818049703757
60,0.15688570147171813,0.1385947224335977,0.7045195760946842
61,0.1264391531869541,0.12650672160201687,0.7470541252110288
62,0.14600303609505708,0.19614217002712528,0.6578547938778179
63,0.09652286321711902,0.07500528997013751,0.8284718468127434
64,0.12319647784937815,0.11876756024406321,0.7580359619065583
65,0.11923371091430755,0.07045329735290234,0.8103129917327899
66,0.10007232175149561,0.198449526622127,0.7014781516263772
67,0.3638796196821198,0.13712238559943754,0.4989979947184429
68,0.15162102122037666,0.1783508918731128,0.6700280869065106
69,0.20503629241239008,0.1552091586274621,0.6397545489601477
70,0.4837469064548833,0.11976243254305151,0.39649066100206504
71,0.06702386708317937,0.41482370918887496,0.5181524237279457
72,0.1279813108055492,0.05131951922212978,0.8206991699723211
73,0.7159933351208647,0.13028330938115978,0.1537233554979756
74,0.04930801379577931,0.6808308484103505,0.2698611377938703
75,0.934,0.026,0.04
76,0.09697484257513135,0.12261115518758754,0.7804140022372807
77,0.1000789808893713,0.30631789389491443,0.5936031252157145
78,0.10819371551359151,0.16940248393207785,0.7224038005543311
79,0.37256779883249863,0.05126875595566411,0.576163445211837
80,0.34144364449409953,0.12030571303683929,0.5382506424690613
81,0.35808703767125627,0.21467769479111262,0.42723526753763114
82,0.822,0.044,0.134
83,0.16110691748147965,0.20727850406500756,0.6316145784535129
84,0.12476642699942415,0.30777988303492143,0.5674536899656546
85,0.2767009120750381,0.302056494879629,0.42124259304533296
86,0.898,0.032,0.07
87,0.14446587230673905,0.5762588915219243,0.2792752361713366
88,0.13858566162555858,0.3260198061695458,0.5353945322048959
89,0.4015518939827456,0.21988411541895853,0.37856399059829593
90,0.2877655104184363,0.5369018138858601,0.1753326756957036
91,0.275413671265682,0.0505846804595073,0.6740016482748105
92,0.08611976176998976,0.30827620277627915,0.6056040354537311
93,0.240491797429072,0.1699365998621767,0.5895716027087514
94,0.06875072380288283,0.5019002359733342,0.42934904022378284
95,0.5131514708573932,0.13191581825082246,0.3549327108917843
96,0.3107921300563428,0.14299020645813332,0.5462176634855238
97,0.17056687837107082,0.36346845391878657,0.4659646677101426
98,0.1791535073217996,0.1306209351491189,0.6902255575290813
99,0.34444814189116046,0.37789887101230024,0.2776529870965392
100,0.13871844143418494,0.41915874329158,0.44212281527423486
101,0.14108100581448255,0.3423953983295994,0.5165235958559181
102,0.3035272220126665,0.13812202133796195,0.5583507566493715
103,0.16301061360865637,0.1618576846859912,0.6751317017053524
104,0.2787239879135915,0.05749835066814638,0.6637776614182621
105,0.5115794585806417,0.1014737500307468,0.3869467913886116
106,0.2419893852812366,0.22658904574387115,0.5314215689748921
107,0.08612405311700258,0.3093883750123508,0.6044875718706466
108,0.6396034650434008,0.07608144409068042,0.2843150908659188
109,0.17399556278754472,0.09000089047960955,0.7360035467328458
110,0.20263262275965394,0.2349247101508654,0.5624426670894807
111,0.13163220667326792,0.17492374320930806,0.693444050117424
112,0.15318133260936373,0.2078696084604034,0.6389490589302329
113,0.06083097564747458,0.43612107402284095,0.5030479503296845
114,0.4676268526545628,0.13395904612153428,0.39841410122390314
115,0.3347604981005122,0.2487997199903516,0.4164397819091361
116,0.06379918023187775,0.29312000727704657,0.6430808124910757
117,0.20272822534471363,0.2572570462674993,0.540014728387787
118,0.2805930096351848,0.06039351979975517,0.6590134705650601
119,0.017325310698206052,0.32352476545918735,0.6591499238426067
120,0.21539791309018105,0.13245794435962385,0.652144142550195
121,0.02362369241438173,0.2256289975557151,0.7507473100299031
122,0.36402913627056205,0.19277466278349079,0.44319620094594714
123,0.19673279374939892,0.6436007119195849,0.1596664943310161
124,0.11306418542544745,0.13291721268006912,0.7540186018944837
125,0.11386672328700928,0.08816377167239318,0.7979695050405977
126,0.17391817378592705,0.07896092349721144,0.747120902716861
127,0.17219538015102429,0.2723350345360194,0.5554695853129564
128,0.5437307154888195,0.19915518100227314,0.2571141035089074
129,0.1171543850192858,0.4349585593558701,0.4478870556248441
130,0.5297703497692307,0.16458785974150936,0.30564179048926016
131,0.2478109382166179,0.08640779830486467,0.6657812634785174
132,0.04099759406217449,0.20662869751011248,0.752373708427713
133,0.8138544461661559,0.0949089601640988,0.0912365936697453
134,0.11960858677558195,0.13599605069489368,0.7443953625295245
135,0.49755684425193364,0.2415627105329974,0.2608804452150689
136,0.015433859130339683,0.14473722638016445,0.8398289144894958
137,0.3996907948964843,0.07828136394474372,0.522027841158772
138,0.1371547575642786,0.07555574848616962,0.7872894939495518
139,0.02733786565034373,0.5986905925890383,0.3739715417606176
140,0.24676072352512918,0.09465165554840879,0.6585876209264617
141,0.4406163951438127,0.09553408939065032,0.463849515465537
142,0.13486029411764708,0.8119103641456582,0.05322934173669467
143,0.1690348396840445,0.23220798415141689,0.5987571761645387
144,0.44309570108475715,0.10119585493338976,0.4557084439818531
145,0.10749240049785927,0.13050085564257446,0.7620067438595663
146,0.41638658687851576,0.1465451701889079,0.43706824293257623
147,0.16195172493719714,0.3145805209646517,0.5234677540981512
148,0.22495460198619452,0.1676618824896261,0.6073835155241797
149,0.18815467117354903,0.05434395196536337,0.7575013768610875
150,0.15082164287000124,0.22640162119749233,0.6227767359325064
151,0.2702028762082697,0.07073002285789816,0.659067100933832
152,0.6286947201858283,0.14288863111193023,0.2284166487022415
153,0.22660306536584143,0.14972504602253794,0.6236718886116207
154,0.199230604540241,0.3385530124121181,0.4622163830476409
155,0.1757753588301885,0.12510599007484008,0.6991186510949716
156,0.11320735602684491,0.2017836953042518,0.6850089486689035
157,0.2894367646608406,0.2180775408371617,0.492485694501998
158,0.019122302667519384,0.39837621317625654,0.5825014841562243
159,0.029137418294440925,0.19683841271039818,0.7740241689951608
160,0.15076745238497738,0.20484593415551183,0.6443866134595106
161,0.07204756137649514,0.20976795319687935,0.7181844854266256
162,0.10629602579903853,0.47438381923119866,0.4193201549697628
163,0.2372159321810538,0.3496137682406595,0.4131702995782865
164,0.09603627582005575,0.060909290975639824,0.8430544332043045
165,0.2564052458606624,0.16490726960805135,0.5786874845312863
166,0.09280060568015683,0.46097721164707106,0.446222182672772
167,0.2639747348149796,0.040787906588015385,0.6952373585970049
168,0.2156979390284407,0.41734577871285333,0.36695628225870586
169,0.19445256470146208,0.15519189716556772,0.6503555381329702
170,0.34375412138160866,0.0657483939569065,0.5904974846614849
171,0.2000200956061972,0.08316124239419369,0.7168186619996092
172,0.32547130273336733,0.06604440465985129,0.6084842926067814
173,0.19538452107277332,0.09773542993361134,0.7068800489936155
174,0.2540652377581055,0.25642431879231203,0.4895104434495825
175,0.20305716865095005,0.14916259006325236,0.6477802412857976
176,0.07601672567684058,0.3975728692024882,0.5264104051206712
177,0.09956292319268552,0.0510864454333776,0.849350631373937
178,0.086266788170272,0.3977299143108746,0.5160032975188535
179,0.12164337457316891,0.0927131788509538,0.7856434465758774
180,0.07988600350274444,0.170162355064155,0.7499516414331004
181,0.06909307739995581,0.08760647013217587,0.8433004524678681
182,0.09536162882142278,0.10661286985144593,0.7980255013271316
183,0.201100994962312,0.35877790381193525,0.44012110122575276
184,0.5238894898431199,0.040002717218891384,0.4361077929379887
185,0.35856873126399474,0.18561838110489529,0.45581288763111016
186,0.3983958321876159,0.18821686327219292,0.41338730454019146
187,0.23708839209882626,0.14161590112126193,0.621295706779912
188,0.24147289398014224,0.15433628798384477,0.604190818036013
189,0.04813671555241943,0.05558991221846532,0.8962733722291152
190,0.09334787761946467,0.24824369654341683,0.6584084258371186
191,0.2937305016995012,0.2609922403376072,0.4452772579628917
192,0.37215805515267686,0.16704763042779508,0.4607943144195279
193,0.09485816357413243,0.08212749704196932,0.823014339383898
194,0.31433527029712754,0.2154188958577511,0.47024583384512136
195,0.2523885543956619,0.5114165311316129,0.23619491447272545
196,0.1650283277840103,0.1351312506813087,0.6998404215346808
197,0.05965971238690437,0.3668432615683456,0.5734970260447501
198,0.40806914235483327,0.10537701762484096,0.4865538400203257
199,0.00872727944539965,0.4667309684768927,0.5245417520777076
200,0.1498564833332261,0.12373057873205276,0.7264129379347206
201,0.19301926783095721,0.16424725004409688,0.6427334821249459
202,0.05045037236092182,0.3785166443443066,0.5710329832947715
203,0.63733176407067,0.10805107767857708,0.2546171582507528
204,0.21486029411764707,0.6699103641456583,0.11522934173669468
205,0.1536724578180778,0.18766770269315844,0.6586598394887637
206,0.18695645706896394,0.21193040555775527,0.6011131373732806
207,0.34435464054992637,0.1640740698503888,0.49157128959968505
208,0.21690044400316116,0.46220534475475483,0.3208942112420839
209,0.972,0.012,0.016
210,0.07323550489864614,0.11783715796975117,0.8089273371316028
211,0.3184452506862804,0.03455365274699695,0.6470010965667229
212,0.14051510740461928,0.3523511435090528,0.5071337490863278
213,0.709843741780016,0.09878773376786476,0.19136852445211902
214,0.20897255254664257,0.28932633890666654,0.5017011085466909
215,0.2470445014923004,0.19605302926209917,0.5569024692456003
216,0.4474819463985351,0.2907156926168416,0.2618023609846233
217,0.6703572590342021,0.055274603343419874,0.2743681376223778
218,0.16870202479506344,0.22307786063012752,0.608220114574809
219,0.41761243287281224,0.129633791208867,0.45275377591832067
220,0.1513862190406831,0.3455273713864771,0.5030864095728398
221,0.07707317927170867,0.7632762064656727,0.15965061426261834
222,0.5567891323384513,0.07809051132753886,0.36512035633400997
223,0.25184325878632124,0.19860063209863857,0.5495561091150403
224,0.19685872556121314,0.203961171547341,0.5991801028914457
225,0.1964708222091945,0.05682106983265741,0.7467081079581479
226,0.187705675329362,0.3579711053539321,0.4543232193167058
227,0.26312614790747657,0.3417831150875127,0.3950907370050107
228,0.051808869277596745,0.1161284689066839,0.832062661815719
229,0.2769536252522025,0.23526909748965324,0.4877772772581443
230,0.5958632411050457,0.0900137691901353,0.3141229897048188
231,0.01999057042072632,0.23312820936880835,0.7468812202104651
232,0.3087404027537991,0.39023429828506223,0.30102529896113867
233,0.10464194932069346,0.165140893978618,0.7302171567006888
234,0.362860920129622,0.26753509620676097,0.3696039836636168
235,0.07302358526062841,0.44485037499569857,0.4821260397436729
236,0.09673927199740603,0.21382636364227492,0.6894343643603192
237,0.33763952986073287,0.041345889076913035,0.6210145810623543
238,0.1988840093953671,0.1436105496192285,0.6575054409854044
239,0.1268343366443588,0.06728490118779759,0.8058807621678434
240,0.6646814401927146,0.10027695298708397,0.23504160682020145
241,0.08860943261539643,0.38911657648397646,0.5222739909006269
242,0.5956187654169153,0.10434004082939635,0.30004119375368826
243,0.1817428455503608,0.0717898909752019,0.7464672634744376
244,0.14062417794188276,0.22056654805028936,0.6388092740078277
245,0.18437306208553209,0.1839208509521296,0.6317060869623383
246,0.12109583717022877,0.49121963543761943,0.38768452739215165
247,0.28027697495306386,0.4404697491247397,0.2792532759221964
248,0.3884289704874172,0.12393409709066365,0.48763693242191913
249,0.1139759246992744,0.32310181638889324,0.5629222589118325
250,0.5690264870344696,0.0885274009123188,0.3424461120532114
251,0.2125544148779046,0.2397586072526977,0.5476869778693976
252,0.2888881945045998,0.24413559247921818,0.46697621301618225
253,0.2350803841453296,0.16297391048583285,0.6019457053688376
254,0.15887772843167852,0.05809981995379524,0.7830224516145262
255,0.16296560532569504,0.1823526390847578,0.6546817555895471
256,0.06923576837437476,0.08620667417073453,0.8445575574548908
257,0.420214511729223,0.051795679733431875,0.5279898085373451
258,0.06352195015340725,0.051331369721045635,0.8851466801255473
259,0.16388379544950377,0.07988781960465084,0.7562283849458455
260,0.10638574631386716,0.3124013021408592,0.5812129515452737
261,0.4989955137744316,0.06821910377351324,0.43278538245205517
262,0.12722029365617543,0.19841333309150047,0.6743663732523241
263,0.06047581866276779,0.1050615691650688,0.8344626121721632
264,0.06274583083766819,0.32284061283681614,0.6144135563255156
265,0.16897842115748019,0.25631715472122996,0.5747044241212895
266,0.23899286859240942,0.20951148348323315,0.5514956479243576
267,0.3078423328955738,0.37388972749366667,0.31826793961075944
268,0.14594830596642316,0.06613272007427007,0.7879189739593067
269,0.6106695655948181,0.04597976150879078,0.3433506728963912
270,0.1340951951208895,0.07406081620648733,0.7918439886726232
271,0.1134124634934049,0.16921855776461214,0.7173689787419831
272,0.21820844158886374,0.2857181574665093,0.496073400944627
273,0.28276881239351703,0.4067150808279644,0.3105161067785185
274,0.30157781294181335,0.29726179033747285,0.4011603967207137
275,0.21847613901109736,0.04494665819844787,0.7365772027904551
276,0.3895019204460235,0.22996865365138175,0.3805294259025947
277,0.08365623869285425,0.17940068310044496,0.736943078206701
278,0.371103095054458,0.4057567593627976,0.2231401455827444
279,0.822,0.04,0.138
280,0.1694413524282686,0.19541613685256462,0.6351425107191667
281,0.7031782888049656,0.08352505500518599,0.21329665618984833
282,0.10670267639311051,0.13779737140856843,0.7554999521983209
283,0.5452877764847986,0.2632958661308316,0.1914163573843698
284,0.13054863574545097,0.0552115624839379,0.8142398017706112
285,0.2618484122424164,0.08956059587788845,0.6485909918796953
286,0.06992346952599995,0.29180051236007537,0.6382760181139244
287,0.12902441943667017,0.20719879616533618,0.6637767843979937
288,0.5041784192667136,0.16217898151428745,0.33364259921899897
289,0.16363591407938696,0.13751043079800468,0.6988536551226082
290,0.12147009241927133,0.060475940275071846,0.8180539673056568
291,0.12515725040226763,0.06960922835428994,0.8052335212434425
292,0.05878038518025426,0.20580194572896499,0.7354176690907805
293,0.17641267589097445,0.11334756599677229,0.7102397581122534
294,0.2774201779097591,0.0693632695680228,0.6532165525222181
295,0.1046440545203137,0.27715544301248424,0.6182005024672019
296,0.08297794117647057,0.822216959511077,0.09480509931245226
297,0.20439193294448615,0.532505883326961,0.26310218372855276
298,0.1609361789236026,0.16212033618560046,0.6769434848907971
299,0.06933479200632825,0.4653643813803644,0.4653008266133072
300,0.14623966269328814,0.19251230672356306,0.6612480305831488
301,0.16999454091230484,0.07784504470409696,0.7521604143835984
302,0.04482809641780659,0.30764835508407856,0.6475235484981148
303,0.13264783657804227,0.09286047115477167,0.7744916922671862
304,0.40095129298339127,0.06922069228213489,0.529828014734474
305,0.07687178114376571,0.09702973606847876,0.8260984827877556
306,0.23136251154394433,0.08471226343731532,0.6839252250187403
307,0.048154202821475825,0.1846990641746715,0.7671467330038527
308,0.014715627043644274,0.25104622778135705,0.734238145174999
309,0.133681855207661,0.16519031570470702,0.7011278290876322
310,0.30743872364016556,0.18496483774619105,0.5075964386136433
311,0.17376131256697674,0.14384518611036848,0.6823935013226547
312,0.3306082397376064,0.194346713661357,0.4750450466010365
313,0.30426330465347246,0.3954079344049215,0.300328760941606
314,0.2317445338316329,0.46935371783826957,0.29890174833009736
315,0.06369370315704827,0.051035668897355016,0.8852706279455971
316,0.1317399961295798,0.28313721054359003,0.5851227933268305
317,0.4965850188708366,0.1328532143610949,0.3705617667680682
318,0.13498533649962685,0.151507669892004,0.713506993608369
319,0.3050908006030499,0.09973944466176601,0.5951697547351841
320,0.19474542061018596,0.3492751275784575,0.4559794518113566
321,0.35897947560426946,0.05859666680875393,0.5824238575869767
322,0.13520259820276204,0.12578298860991294,0.7390144131873251
323,0.0981199232464365,0.1848176973640065,0.7170623793895571
324,0.18395295728947333,0.20186401464487908,0.6141830280656475
325,0.27464793012487326,0.07703871880955367,0.648313351065573
326,0.25980717724188457,0.12281568863786455,0.6173771341202509
327,0.21015321042144924,0.1656856650261033,0.6241611245524473
328,0.05596419396955098,0.30072614748509197,0.643309658545357
329,0.22045010531988007,0.2474749431264885,0.5320749515536314
330,0.2597005259500267,0.5481819198296114,0.19211755422036197
331,0.18169846978210513,0.18695198507808117,0.6313495451398136
332,0.5324666310767769,0.14506635017675745,0.32246701874646555
333,0.32487590227894225,0.1389482963754936,0.5361758013455642
334,0.02854749046372279,0.2978592871228451,0.6735932224134323
335,0.6359870930671843,0.13587580098190566,0.22813710595091014
336,0.07428952033007917,0.3155982118431324,0.6101122678267882
337,0.1344504590596022,0.2052849689014507,0.6602645720389471
338,0.17897749165849075,0.21199320678937958,0.6090293015521296
339,0.3750281649929278,0.21414406205964398,0.41082777294742817
340,0.3252252260873879,0.07025884048456145,0.6045159334280504
341,0.14168056903216042,0.19787629107106347,0.6604431398967764
342,0.1568879098761697,0.18475183801804626,0.6583602521057839
343,0.1566571216939302,0.20757898978903974,0.63576388851703
344,0.44594874699650444,0.3814704032164195,0.17258084978707597
345,0.3076700867922163,0.06214377846134249,0.6301861347464414
346,0.5447874286103004,0.027323170835017122,0.42788940055468255
347,0.557,0.23052913640032285,0.21247086359967715
348,0.04970551955001333,0.2866455869190205,0.6636488935309662
349,0.24708226267583724,0.10073665661407584,0.6521810807100867
350,0.15957799697585417,0.4499367720889302,0.3904852309352156
351,0.10873546505416576,0.1434698286106428,0.7477947063351918
352,0.1812923078176497,0.03522388767657339,0.783483804505777
353,0.17675345335266462,0.16694512732731975,0.6563014193200156
354,0.13045450796983118,0.17256954782446834,0.6969759442057004
355,0.2058874833115235,0.49950962071396,0.2946028959745162
356,0.19507132720125323,0.18183796657773427,0.6230907062210128
357,0.07050947575573353,0.3749793374203601,0.5545111868239064
358,0.08143621609115122,0.19116315082658347,0.7274006330822655
359,0.08482174124103352,0.21736074838693242,0.697817510372034
360,0.15940180001199888,0.3175781631310797,0.5230200368569213
361,0.15320800321330055,0.5512915896612697,0.29550040712542974
362,0.057735848452273864,0.07564722105050778,0.8666169304972182
363,0.14479670426958893,0.14190799691102965,0.7132952988193814
364,0.39986029411764706,0.5329103641456583,0.06722934173669468
365,0.3861252557566413,0.16417881607256243,0.4496959281707964
366,0.20556518344359032,0.25403237323954386,0.5404024433168658
367,0.12234645257853607,0.19101081759837957,0.6866427298230839
368,0.2080904061609212,0.12897458323712963,0.6629350106019494
369,0.4357108898939806,0.14279834208344847,0.42149076802257085
370,0.14978729326081364,0.09312489355886967,0.7570878131803167
371,0.12718157595293944,0.10232793396664788,0.7704904900804128
372,0.15019584168944544,0.3892703198889762,0.4605338384215784
373,0.03569782009399391,0.106768926366741,0.8575332535392652
374,0.22658548281783575,0.6718694557000986,0.10154506148206559
375,0.27781353287134314,0.11615642139863154,0.6060300457300252
376,0.13434113461794214,0.2330897424575472,0.632569122924511
377,0.23352784452551203,0.13737353701077393,0.6290986184637141
378,0.47118166669211203,0.1197625993066376,0.40905573400125034
379,0.44103653982171215,0.09508344111075422,0.46388001906753357
380,0.47376198127756647,0.20128546531939237,0.32495255340304113
381,0.12396704272626388,0.12754364756697775,0.7484893097067585
382,0.06649209213689308,0.2642438345401073,0.6692640733229996
383,0.18924155242500892,0.13794474904438436,0.6728136985306068
384,0.4128651635202061,0.38588933123777347,0.20124550524202017
385,0.15707344943816687,0.05643236815389524,0.786494182407938
386,0.6096656282324528,0.10741513941988899,0.2829192323476581
387,0.025248550564395237,0.1857233716822185,0.7890280777533861
388,0.24212466229967342,0.043592906620772684,0.7142824310795541
389,0.22256192555189988,0.1234855013908331,0.653952573057267
390,0.1589357289969227,0.2463623243436429,0.5947019466594344
391,0.33167165591419234,0.06274721465690952,0.6055811294288982
392,0.84,0.034,0.126
393,0.18404569938633922,0.1686011269058455,0.6473531737078151
394,0.06921501931244925,0.14620068961475,0.7845842910728008
395,0.05721833390476029,0.2644844424901508,0.6782972236050887
396,0.2559983663874184,0.6409680646865898,0.10303356892599164
397,0.30061402969578244,0.1388429514774656,0.5605430188267522
398,0.12657514391973662,0.18067295994437219,0.6927518961358914
399,0.20451493184495168,0.0912335366294211,0.7042515315256273
400,0.06644064425127866,0.37064401147922516,0.562915344269496
401,0.17196412958675467,0.08875927592649571,0.7392765944867493
402,0.2045388796319935,0.16733358049640207,0.6281275398716042
403,0.6894098725778695,0.0654107779746638,0.24517934944746664
404,0.272733936862364,0.22768275437672894,0.499583308760907
405,0.40515262583305445,0.060830182739504884,0.5340171914274406
406,0.33587238429797767,0.10372780671786319,0.5603998089841591
407,0.05106140051980794,0.1992620946110208,0.7496765048691715
408,0.5726035464777098,0.12075417448455228,0.30664227903773783
409,0.2924328787073352,0.1780308507436153,0.5295362705490494
410,0.07660391096540287,0.18047167894024016,0.742924410094357
411,0.14771806873728,0.1735290783762708,0.6787528528864492
412,0.57,0.178,0.252
413,0.21645085355548735,0.064408781197163,0.7191403652473497
414,0.14789856575936958,0.2993851185699649,0.5527163156706657
415,0.5109594581674667,0.27916280666288146,0.20987773516965183
416,0.10868691060880008,0.0975175406631379,0.7937955487280624
417,0.10051389531356408,0.1463922682527374,0.7530938364336983
418,0.4458634202120774,0.08917736003961402,0.4649592197483086
419,0.01703346644879826,0.4998383019641601,0.48312823158704166
420,0.21446947216781415,0.1037127627169865,0.6818177651151991
421,0.19010972446236138,0.27626734129588254,0.533622934241756
422,0.35150366574327846,0.1107034063517907,0.5377929279049307
423,0.3396725011316527,0.07548247414950708,0.5848450247188401
424,0.060275616932594644,0.7048421382697412,0.23488224479766404
425,0.023986280182499063,0.1069160418644215,0.8690976779530796
426,0.25527532198731834,0.17023199777565695,0.5744926802370248
427,0.09828026452382245,0.2923143260258932,0.6094054094502843
428,0.25223874166696353,0.44175154181717774,0.3060097165158588
429,0.09950106015857646,0.09883850787432127,0.8016604319671022
430,0.10900766101083391,0.1831763620986509,0.7078159768905152
431,0.32847977569305414,0.16961482535444805,0.501905398952498
432,0.18662053408118445,0.22060171831207726,0.5927777476067384
433,0.14606519940083848,0.2874444069312965,0.5664903936678649
434,0.07473462749032198,0.11924042015460755,0.8060249523550705
435,0.37739615886897154,0.37629302944910936,0.24631081168191915
436,0.23591346853151132,0.20295411825242476,0.5611324132160638
437,0.32491398649748887,0.16537824664281622,0.5097077668596949
438,0.03040595826875123,0.10467439202250349,0.8649196497087454
439,0.1382992669804025,0.06989589854789323,0.7918048344717042
440,0.2917769809361922,0.20760792009011253,0.5006150989736952
441,0.059514022291160096,0.33868852076090844,0.6017974569479315
442,0.046825269199711174,0.19262614945787232,0.7605485813424163
443,0.2614631155414995,0.14639247121485877,0.5921444132436414
444,0.041391275534413845,0.04885039497107607,0.90975832949451
445,0.1338341858381202,0.2693455986922084,0.5968202154696715
446,0.08812234051688393,0.28798850426237077,0.6238891552207451
447,0.5011109845953288,0.10877288005821152,0.3901161353464597
448,0.14765210844901788,0.024798301723555176,0.8275495898274269
449,0.29963504297484783,0.1373799830506782,0.5629849739744741
450,0.04300434486542769,0.05036235706762078,0.9066332980669515
451,0.08516848512377927,0.5931453953889249,0.3216861194872959
452,0.02742491718807508,0.4671522770390048,0.5054228057729202
453,0.3591635319212477,0.5593272959128914,0.0815091721658608
454,0.22695890412638622,0.142025808708566,0.6310152871650478
455,0.2002615119599715,0.12822786903879663,0.6715106190012318
456,0.19771429742186428,0.0506214462418197,0.7516642563363161
457,0.28832233410244357,0.12699448177409042,0.5846831841234662
458,0.208022434199216,0.22164525767906001,0.5703323081217241
459,0.08578157228255463,0.1521657467520061,0.7620526809654389
460,0.4676194014539903,0.14602318825009264,0.38635741029591714
461,0.2283473087390866,0.44440446376887177,0.3272482274920417
462,0.39244842268639435,0.34152025442367434,0.2660313228899313
463,0.09119041307456716,0.2717385556693679,0.6370710312560651
464,0.08303181386510747,0.12572347564299274,0.7912447104918996
465,0.06894713331068898,0.040114070559449044,0.890938796129862
466,0.09158170190699605,0.4233095971973465,0.4851087008956574
467,0.3013260426274866,0.10514057946426757,0.5935333779082461
468,0.16376558704174735,0.2442479603574935,0.591986452600759
469,0.5300901939883439,0.11411146940082494,0.3557983366108311
470,0.9262881027640696,0.034827368730713355,0.03888452850521715
471,0.482088601356557,0.37826109566805377,0.13965030297538908
472,0.08903257476736871,0.09001286985144591,0.8209545553811857
473,0.590855170867488,0.11220453408809417,0.29694029504441793
474,0.19009662935712374,0.555739981542795,0.2541633891000812
475,0.2517763198134475,0.10213903978612773,0.6460846404004249
476,0.5662257280072367,0.03615097037233248,0.3976233016204307
477,0.14606261057106318,0.08097408398135572,0.7729633054475811
478,0.20633744978928048,0.6099479441488613,0.18371460606185816
479,0.3514022820513182,0.2016345221778378,0.4469631957708439
480,0.16428833024986433,0.21017360796608284,0.6255380617840529
481,0.11556788400398936,0.33219459294937265,0.5522375230466381
482,0.17938299357133863,0.6656478129638848,0.1549691934647763
483,0.09929400917939467,0.28130568514621773,0.6194003056743875
484,0.207890520948142,0.1617513405637681,0.6303581384880899
485,0.6482325485670988,0.0841472521039348,0.26762019932896636
486,0.14734914299394195,0.2499680656943331,0.6026827913117249
487,0.11460180709105712,0.10453751637869042,0.7808606765302523
488,0.13576733306081487,0.13365022358616546,0.7305824433530195
489,0.2748315781191569,0.09954716754856183,0.6256212543322812
490,0.025563026454110044,0.39501547451160685,0.5794214990342833
491,0.11459578425599821,0.10448934145487002,0.7809148742891314
492,0.13544578896533271,0.22391924741155497,0.6406349636231125
493,0.16634337035464622,0.05966463465133348,0.7739919949940203
494,0.16945692128947445,0.67209373214481,0.1584493465657156
495,0.05384789965089585,0.44869939701381306,0.49745270333529124
496,0.18204904322759413,0.11803613421409084,0.6999148225583148
497,0.9503076923076924,0.008102564102564103,0.04158974358974359
498,0.40117370570462274,0.13609564831048593,0.4627306459848913
499,0.4451346831610411,0.18060893105239278,0.37425638578656617
500,0.08884252296995465,0.18387641319198986,0.7272810638380554
501,0.42070044693451303,0.2126811973969124,0.3666183556685744
502,0.3363093966669662,0.17248067996891636,0.4912099233641174
503,0.3594680389039794,0.2109666776845906,0.42956528341142997
504,0.1274890527812772,0.06756546176831496,0.8049454854504079
505,0.9676214360974029,0.013094035397380018,0.019284528505217155
506,0.318596527343773,0.09404614869619628,0.5873573239600309
507,0.043455645154425036,0.04287374549614087,0.913670609349434
508,0.1410379095968094,0.12486752677086106,0.7340945636323295
509,0.6923305912431685,0.17626685597620426,0.1314025527806272
510,0.12587313429836225,0.3901101717408911,0.48401669396074665
511,0.1651305868528001,0.6734773987335076,0.16139201441369222
512,0.07001645637829902,0.1379743832089969,0.7920091604127043
513,0.10698803374416065,0.17026807132193506,0.7227438949339046
514,0.42672426185804085,0.3109458713220836,0.2623298668198755
515,0.203471721030595,0.5196853474318528,0.27684293153755196
516,0.5085503194687458,0.174680994537421,0.31676868599383307
517,0.10105479631726061,0.15729298221364046,0.741652221469099
518,0.27334923030954866,0.3017257544587471,0.4249250152317041
519,0.06657516263355669,0.11154752410264217,0.821877313263801
520,0.14374852471027386,0.20128680580288272,0.6549646694868434
521,0.19322805168719726,0.22098426909003266,0.5857876792227701
522,0.38132551648492324,0.08825652127069347,0.5304179622443834
523,0.3897096124867898,0.05336373901462544,0.5569266484985846
524,0.40887423814529744,0.14517813133273766,0.44594763052196484
525,0.3455793730239443,0.18078252979625423,0.4736380971798015
526,0.19475362455273307,0.12935985173489153,0.6758865237123751
527,0.08048017924136665,0.10002334559753832,0.8194964751610951
528,0.17172265829198474,0.032253110647735186,0.7960242310602802
529,0.16978853656633974,0.18361384975089318,0.6465976136827676
530,0.17855631566437444,0.22650367696517584,0.59494000737045
531,0.0902899672892938,0.2700541147867593,0.6396559179239467
532,0.06769116501093829,0.19129265293941422,0.7410161820496475
533,0.1358958574968788,0.20548480381960926,0.6586193386835117
534,0.10766172151179486,0.0612401881710313,0.8310980903171739
535,0.2077290781789956,0.12333804825316953,0.6689328735678349
536,0.21613210971346702,0.19204841254640614,0.5918194777401269
537,0.05909172422746256,0.11769841874585195,0.8232098570266857
538,0.375468062893667,0.1528452738579105,0.4716866632484224
539,0.3630817593943416,0.06814876598967697,0.5687694746159815
540,0.20689715981694762,0.32594703602904357,0.4671558041540088
541,0.15917941951709602,0.2925945784904815,0.5482260019924226
542,0.6730790592403335,0.08158694011707111,0.24533400064259525
543,0.26486090482282976,0.04695808600532088,0.6881810091718495
544,0.3315968024414659,0.0941987678122151,0.5742044297463188
545,0.6042922969003325,0.17624697419619875,0.2194607289034687
546,0.44038969018846147,0.2589758573095273,0.30063445250201115
547,0.2617347221411798,0.22518802652754655,0.5130772513312737
548,0.2429698739031884,0.3919709663642242,0.3650591597325874
549,0.3039219891179045,0.10658276112701832,0.5894952497550773
550,0.24146225207188401,0.14528837581271667,0.6132493721153994
551,0.18721816016833479,0.13559275408556193,0.6771890857461028
552,0.1790619651220652,0.2749435200008101,0.5459945148771245
553,0.19268299617290746,0.2840991589966404,0.5232178448304521
554,0.17483571425046623,0.15300500700420833,0.6721592787453252
555,0.02581280362816307,0.23458172228067864,0.7396054740911586
556,0.5450472425223974,0.14321421020890923,0.3117385472686933
557,0.5810919648865805,0.08887137290354044,0.3300366622098788
558,0.6792652330080862,0.09180916233929333,0.2289256046526203
559,0.10181836297934348,0.19454546757713817,0.7036361694435184
560,0.21857355091548278,0.08444035187701705,0.6969860972075002
561,0.11188776734843528,0.061843703939668766,0.8262685287118963
562,0.5589770566046837,0.08234858066890557,0.35867436272641073
563,0.21020438315854356,0.4891433579743306,0.300652258867126
564,0.1410220596145134,0.3754682164332642,0.48350972395222225
565,0.9536666666666667,0.014,0.03233333333333333
566,0.2814651043871558,0.16476698451886385,0.5537679110939803
567,0.26039695749209446,0.050423402249402983,0.6891796402585026
568,0.051287699967210075,0.1497292710068148,0.7989830290259752
569,0.12933567089674528,0.14424049169315092,0.7264238374101034
570,0.3548398431976645,0.17080738157491698,0.47435277522741864
571,0.04804832272213745,0.2305360283021736,0.721415648975689
572,0.08347759655599923,0.38571865786711906,0.5308037455768817
573,0.23533193703922717,0.36657601720453503,0.3980920457562378
574,0.24568663385995623,0.5770947197803304,0.17721864635971338
575,0.05304944024986983,0.34960893997727127,0.597341619772859
576,0.17449908512863885,0.07380003882389526,0.7517008760474658
577,0.394080382290631,0.082346853379074,0.5235727643302952
578,0.35021905190891695,0.10670141604728346,0.5430795320437999
579,0.134517396563719,0.5362823790586096,0.3292002243776714
580,0.20995174253515952,0.12839412036748488,0.6616541370973558
581,0.05724744785117524,0.10498748051772215,0.8377650716311028
582,0.846068556425604,0.07440701023614876,0.07952443333824719
583,0.7576094482125304,0.04587479068661323,0.19651576110085622
584,0.25876604233306527,0.23157636434506615,0.5096575933218686
585,0.06778475350576289,0.3553386498120094,0.5768765966822277
586,0.21928012807498679,0.1816250304288159,0.5990948414961974
587,0.11867594799455863,0.22149769813708525,0.659826353868356
588,0.1835641859447701,0.131853815659871,0.6845819983953586
589,0.06435654231571943,0.3562160243178729,0.5794274333664076
590,0.2308734029526238,0.3293417446931355,0.4397848523542407
591,0.3060189722625394,0.1602961891436446,0.533684838593816
592,0.23799211678105558,0.19045478690830936,0.5715530963106349
593,0.132260669708081,0.07994668089963837,0.7877926493922806
594,0.23486029411764708,0.5912869875222816,0.1738527183600713
595,0.24302268634682528,0.07362295276712484,0.6833543608860497
596,0.2885849294966481,0.1585980572766809,0.552817013226671
597,0.3430283156312529,0.4298858249414384,0.22708585942730858
598,0.18154064893576075,0.06256960002247162,0.7558897510417674
599,0.079973766490192,0.32467405005108135,0.5953521834587265
600,0.3636686202293512,0.1484239078261317,0.48790747194451706
601,0.17281875586855297,0.440036191000128,0.387145053131319
602,0.3555508831067478,0.22115925195920724,0.423289864934045
603,0.157609929838917,0.5253134622122889,0.3170766079487941
604,0.0712225233957182,0.25147804341471536,0.6772994331895663
605,0.33214868331530295,0.15582421920839512,0.512027097476302
606,0.13416878490149572,0.04605623438661196,0.8197749807118921
607,0.1358798241355481,0.1623240892670056,0.7017960865974462
608,0.18869863555461805,0.3370515904248909,0.47424977402049096
609,0.19556465070954981,0.4468384313614423,0.3575969179290078
610,0.3985458175158175,0.2829697152847153,0.3184844671994672
611,0.35396805025040323,0.479165991851286,0.16686595789831082
612,0.05012208173280171,0.17731576945828695,0.7725621488089114
613,0.1901175040508185,0.3994937324869904,0.4103887634621911
614,0.07223784376319717,0.41060775493703305,0.5171544012997695
615,0.15846291373449006,0.19541086133823501,0.646126224927275
616,0.1768089142565294,0.21189483100026357,0.6112962547432071
617,0.28458435015983713,0.2131448070812828,0.5022708427588802
618,0.14206217024724818,0.4554583312252677,0.4024794985274842
619,0.14393728605132713,0.2306552674196587,0.6254074465290143
620,0.08286029411764706,0.8579103641456581,0.059229341736694675
621,0.20751254305574748,0.23376563636413272,0.5587218205801198
622,0.19257545564678133,0.3402178762117556,0.46720666814146317
623,0.6777229921408454,0.11209443607456707,0.2101825717845874
624,0.3137650713057854,0.10799665311994988,0.5782382755742643
625,0.20412991595366767,0.1101352049713311,0.6857348790750009
626,0.13540544725940815,0.2317334946064217,0.6328610581341703
627,0.1470753516224581,0.1897209736869633,0.6632036746905787
628,0.12526810337847877,0.2074164428785319,0.6673154537429896
629,0.22901851932530787,0.14183104524933546,0.6291504354253565
630,0.35473064324788556,0.0870397694519053,0.5582295873002093
631,0.48751739505361846,0.11490728936990231,0.39757531557647924
632,0.22608684617444924,0.11887809821286441,0.6550350556126864
633,0.32395354050002284,0.30700299933833414,0.3690434601616431
634,0.10890095772749955,0.21998525722528828,0.6711137850472121
635,0.46897677837230295,0.1592639604705819,0.3717592611571151
636,0.22667321166131968,0.5436853339362924,0.22964145440238803
637,0.06323036982912966,0.07720000069204057,0.8595696294788298
638,0.4195524816533745,0.07187701923840589,0.5085704991082196
639,0.26002359421720694,0.2457643413126673,0.4942120644701257
640,0.8543999999999999,0.0362,0.10940000000000001
641,0.25691288880351465,0.13524362427931505,0.6078434869171702
642,0.2607175789938175,0.32869928343187116,0.4105831375743113
643,0.21201428136169512,0.15938189771522623,0.6286038209230786
644,0.976,0.006,0.018
645,0.11142880544235476,0.12525061011867575,0.7633205844389693
646,0.13491369064876005,0.08660053678992678,0.7784857725613137
647,0.09614998861319077,0.2432981985624216,0.6605518128243878
648,0.1606260653278606,0.14109120293945623,0.6982827317326832
649,0.31996496961322435,0.1253085098206094,0.5547265205661666
650,0.20638117590125746,0.1428988343358783,0.6507199897628642
