,proba_0,proba_1,proba_2
0,0.24659690922057975,0.1801793730210518,0.5732237177583684
1,0.2974328757675678,0.1381669125754174,0.5644002116570147
2,0.9981896594725165,6.40690047457181e-05,0.0017462715227378263
3,0.14236391757966624,0.2642957721813247,0.5933403102390088
4,0.2082542464179141,0.21432716747228336,0.5774185861098027
5,0.17590587273629196,0.20129034854755107,0.6228037787161568
6,0.15202937933793306,0.21532571475860632,0.6326449059034605
7,0.26876310901020245,0.19785855804110838,0.5333783329486892
8,0.22449327079881473,0.17369062601932733,0.6018161031818577
9,0.1258531436383318,0.22563540947662292,0.6485114468850454
10,0.20291885650810781,0.26061868243625474,0.5364624610556374
11,0.40046239522745086,0.10876116913130826,0.49077643564124096
12,0.46724685613751865,0.12579569808158997,0.4069574457808911
13,0.20862058837360364,0.2036741578599875,0.5877052537664086
14,0.25577102170253924,0.20597421692613102,0.5382547613713294
15,0.15427270289901218,0.2169173115548789,0.6288099855461088
16,0.27548223384614806,0.22536385931236075,0.49915390684149136
17,0.206440389667552,0.18378085728387944,0.6097787530485683
18,0.17407079566878192,0.24588833672415236,0.5800408676070653
19,0.2110894782792889,0.16576367613919676,0.6231468455815146
20,0.1263043767135337,0.2514386542329712,0.622256969053495
21,0.13989974715399062,0.24777076804471618,0.6123294848012931
22,0.15321338230511494,0.2054800868274655,0.6413065308674198
23,0.47511368942862575,0.10462439680214461,0.4202619137692296
24,0.22027318291905543,0.18682336885250572,0.5929034482284387
25,0.2953499310257364,0.23938695783567715,0.46526311113858637
26,0.1705952319048912,0.2464025156909677,0.5830022524041409
27,0.999615147183158,1.065642619966817e-05,0.00037419639064227475
28,0.1767568126503161,0.22407801859362397,0.5991651687560599
29,0.9999626510207311,1.1434438972498426e-06,3.620553537162884e-05
30,0.2120248056454616,0.21137875197078643,0.5765964423837517
31,0.21313378285857568,0.25908281704973507,0.527783400091689
32,0.28365592202147033,0.1629671100372724,0.5533769679412576
33,0.2443516636800166,0.1754171865572652,0.5802311497627182
34,0.1447069393812977,0.2441419369137615,0.611151123704941
35,0.31199031921351245,0.11917399940613775,0.5688356813803495
36,0.21205410658642176,0.24644962271767157,0.5414962706959063
37,0.604260095101232,0.07940233737573438,0.3163375675230337
38,0.2676342942685038,0.22380895696671932,0.508556748764777
39,0.04167731807109318,0.26263702152741836,0.6956856604014885
40,0.17101545035099838,0.20061300350198846,0.6283715461470131
41,0.21195499641743615,0.1503348917429309,0.6377101118396329
42,0.07783291549725901,0.25459464253608566,0.6675724419666555
43,0.30180151975134073,0.14622221086574236,0.5519762693829171
44,0.19108042451008092,0.21481847194957462,0.5941011035403445
45,0.24695766323846438,0.18507696163524515,0.5679653751262903
46,0.1684198071704789,0.14187023492891337,0.6897099579006077
47,0.1259328251427741,0.21561458960563484,0.658452585251591
48,0.17441016283102292,0.24361978198160664,0.5819700551873704
49,0.2948747214375916,0.11297583616215577,0.5921494424002527
50,0.2645222324690891,0.2325901629648261,0.5028876045660848
51,0.13245769967027848,0.25355648572664946,0.6139858146030724
52,0.2759110516356446,0.22288941500815462,0.5011995333562007
53,0.9999613857514211,8.984779572705649e-07,3.771577062175741e-05
54,0.26499662567764853,0.1536411921242455,0.5813621821981056
55,0.08185227385902025,0.25197424185040257,0.6661734842905772
56,0.19215789338416792,0.18792614809612695,0.6199159585197053
57,0.31760609413789465,0.13305856564862276,0.5493353402134824
58,0.7217544912423692,0.04523942775345848,0.23300608100417255
59,0.206657567972348,0.20691521496321338,0.5864272170644385
60,0.23304594622351701,0.18571944016917719,0.5812346136073057
61,0.39587193372425483,0.111881847369306,0.49224621890643916
62,0.10181191765403587,0.2386626287943512,0.6595254535516129
63,0.18011554907668703,0.22668502256260017,0.5931994283607125
64,0.1900496706407485,0.21175338220119558,0.5981969471580559
65,0.1303042499795339,0.21700057300068798,0.6526951770197781
66,0.23278435238993908,0.21026195422199845,0.5569536933880624
67,0.14999749426343711,0.18546813500270395,0.6645343707338589
68,0.20695397893742937,0.24878858539465765,0.544257435667913
69,0.1714566635412986,0.19485736479421445,0.633685971664487
70,0.5501106911392972,0.098764225110279,0.35112508375042384
71,0.16528923058864683,0.24423006687085538,0.5904807025404977
72,0.23537679443089138,0.19214981196952552,0.5724733935995833
73,0.15103228392536283,0.2370168819275579,0.6119508341470793
74,0.13261157566478585,0.25169991883394244,0.6156885055012719
75,0.9997689586119304,6.174688352746772e-07,0.00023042391923435072
76,0.3352931015989574,0.10596283359581138,0.5587440648052311
77,0.10719057026985575,0.23030208752354728,0.662507342206597
78,0.12735572526868813,0.2159670592371106,0.6566772154942013
79,0.44478528888339613,0.0762031237599916,0.47901158735661226
80,0.37847579602813813,0.10976643537652062,0.5117577685953411
81,0.39938099229878077,0.1255495855887542,0.4750694221124648
82,0.9999627101663161,1.011284532167717e-06,3.627854915187019e-05
83,0.13070212236824236,0.2535071079162561,0.6157907697155017
84,0.17304829408699612,0.22677808774871935,0.6001736181642847
85,0.1254131692365098,0.252570012933417,0.6220168178300733
86,0.999940421044431,1.532909265720281e-07,5.942566464254373e-05
87,0.21661760663609725,0.2673960325171005,0.5159863608468022
88,0.2956958880371855,0.13422518847413908,0.5700789234886755
89,0.3542947377391853,0.1790461826311504,0.46665907962966424
90,0.20796285311554105,0.20419700087383882,0.5878401460106201
91,0.3015448266620701,0.11370899876842383,0.584746174569506
92,0.2028426785541151,0.26395530623037666,0.5332020152155081
93,0.1403267208897103,0.1864409990873656,0.6732322800229243
94,0.1187577950872918,0.24555109321379456,0.6356911116989133
95,0.14036537307662522,0.22699769436667924,0.6326369325566954
96,0.31373417715527924,0.15359843193633796,0.5326673909083829
97,0.24022137655370818,0.2024881569843941,0.5572904664618978
98,0.2537034020983553,0.195581074331018,0.5507155235706266
99,0.28877044433263427,0.15948135467584035,0.5517482009915253
100,0.09162310034355764,0.2469446195508381,0.6614322801056042
101,0.18048923458406751,0.23552387562833252,0.5839868897875997
102,0.22911038500781358,0.14829322460764457,0.6225963903845416
103,0.16289427697276773,0.24093147408347096,0.5961742489437611
104,0.21720801908611867,0.19866153099913306,0.5841304499147483
105,0.08167690774718171,0.23322183429910237,0.6851012579537157
106,0.1447146800819551,0.2391754796148992,0.6161098403031456
107,0.14918088779605548,0.23454963420845643,0.6162694779954881
108,0.33348338349739276,0.14234412486511902,0.5241724916374884
109,0.19016459160970564,0.19446720524631123,0.6153682031439831
110,0.24367281531384066,0.23457488252399689,0.5217523021621624
111,0.297348481079025,0.13457755082921233,0.5680739680917625
112,0.18480972258693154,0.2330553060920001,0.5821349713210683
113,0.10986068236873626,0.20104444854589348,0.6890948690853701
114,0.17189154454733738,0.19278638614087656,0.6353220693117857
115,0.23410552397897594,0.17202091782738166,0.5938735581936424
116,0.20420078820294196,0.24604993320794194,0.549749278589116
117,0.21583434637232427,0.1865986161928979,0.597567037434778
118,0.3674891981842307,0.09192700671952328,0.5405837950962461
119,0.07080283477106829,0.24690809492970395,0.682289070299228
120,0.20881160336803795,0.20729707853478432,0.5838913180971779
121,0.02527569099623573,0.24215356607728247,0.7325707429264817
122,0.3396088675228072,0.13501664057784865,0.5253744918993436
123,0.22339041757177236,0.2413940873953682,0.5352154950328593
124,0.21704063376868182,0.15888720509597984,0.6240721611353379
125,0.2817030189577722,0.15214763534831577,0.566149345693912
126,0.08429391785786851,0.23546175378061648,0.680244328361515
127,0.2453602853851671,0.18400512116651205,0.5706345934483209
128,0.14803949357908983,0.23885241602861343,0.6131080903922967
129,0.18611353875734862,0.24316057976355937,0.570725881479092
130,0.2712090779832577,0.25465066095958255,0.47414026105715973
131,0.21748704958393955,0.18185540828486174,0.6006575421311987
132,0.24530343336899293,0.22657911072102063,0.5281174559099865
133,0.992188370380971,0.00032484564308788127,0.007486783975941181
134,0.291192538354221,0.15881371205446,0.5499937495913186
135,0.288830749829721,0.2279043571641757,0.4832648930061032
136,0.09278139752762281,0.23389449538261267,0.6733241070897643
137,0.34230806845506573,0.11282150808254436,0.5448704234623899
138,0.17302346833001683,0.21932970260015583,0.6076468290698269
139,0.2583926333015715,0.23294592629839614,0.5086614404000322
140,0.18018147931957035,0.19309454597780518,0.6267239747026245
141,0.2854944684330968,0.21060504376744102,0.5039004877994621
142,0.20534429580289493,0.26256829011776317,0.532087414079342
143,0.28272426727146804,0.1724502073305674,0.5448255253979642
144,0.1898225730214296,0.1932421873079504,0.6169352396706198
145,0.14225944122929005,0.2640196675539738,0.5937208912167363
146,0.14889724724047315,0.1077203993298146,0.743382353429712
147,0.24119709087402785,0.21653391583415177,0.5422689932918203
148,0.17853266252030398,0.22920133462824352,0.5922660028514525
149,0.14791775677736246,0.2362733155643008,0.6158089276583365
150,0.1249988818312649,0.2535127588393973,0.6214883593293377
151,0.25789016281037475,0.13175299255130918,0.610356844638316
152,0.16921202514416994,0.22721700565148206,0.6035709692043476
153,0.3230562113159107,0.16172684305032772,0.5152169456337612
154,0.13969037587459723,0.2594254462215995,0.6008841779038032
155,0.28062959076709726,0.18852228422232936,0.530848125010573
156,0.14091391295422098,0.23854882828208257,0.6205372587636967
157,0.28626773220011065,0.1633203575787947,0.5504119102210944
158,0.0538564514036519,0.25656811426884857,0.6895754343274996
159,0.20263370084465493,0.21780925245924854,0.5795570466960962
160,0.27357620775461433,0.18919323103761265,0.537230561207773
161,0.23868670948287848,0.19687717060842175,0.5644361199086999
162,0.12841176318669534,0.26602801315526203,0.6055602236580423
163,0.20686752702162942,0.22356906173650778,0.5695634112418628
164,0.28961270240464637,0.18934290597308379,0.5210443916222698
165,0.23096972595843332,0.178341074820511,0.5906891992210557
166,0.14506049599237514,0.23799447126855092,0.6169450327390739
167,0.19427633886096313,0.21902687819216063,0.5866967829468762
168,0.1831014090553564,0.25448286388060737,0.5624157270640362
169,0.10932824804428523,0.2239983795206751,0.6666733724350398
170,0.2026379855061544,0.18635757805376404,0.6110044364400816
171,0.25195063022110853,0.18604214912484124,0.5620072206540498
172,0.15470721250334082,0.1789485431088975,0.6663442443877615
173,0.19449233629688176,0.22028704227854282,0.5852206214245753
174,0.148128598989051,0.21728380419581778,0.6345875968151312
175,0.23535820468476273,0.20541536333134805,0.5592264319838891
176,0.22533672433315918,0.2583177544523615,0.516345521214479
177,0.22232322410024924,0.17441007840047487,0.6032666974992761
178,0.2205404251990217,0.17312596898624902,0.6063336058147291
179,0.20364996607685856,0.2058436213964606,0.5905064125266808
180,0.1357894980483464,0.21736799246928434,0.646842509482369
181,0.19179933574459415,0.20476792953823242,0.6034327347171735
182,0.24117027804073093,0.19919571897926508,0.5596340029800042
183,0.14896058231998513,0.27472154072328375,0.5763178769567309
184,0.4064588431733325,0.09459272820874634,0.49894842861792116
185,0.2850647836583488,0.11249397407837398,0.6024412422632771
186,0.25450375346763016,0.1970859647006109,0.5484102818317588
187,0.25050750240620784,0.15837779562516943,0.5911147019686227
188,0.25463395117923643,0.16346249611619543,0.5819035527045681
189,0.17068788741008561,0.23525382590570884,0.5940582866842055
190,0.21485866621896257,0.19681642617415396,0.5883249076068835
191,0.2504799642203605,0.19525430466894972,0.5542657311106899
192,0.1550070670591498,0.20739268312254386,0.6376002498183065
193,0.12391384415998692,0.22587961485086902,0.6502065409891437
194,0.1651375486504308,0.2511339864410389,0.5837284649085304
195,0.16855191841991576,0.20139207664438447,0.6300560049356999
196,0.43546365527888625,0.09572809084094534,0.4688082538801683
197,0.13831216015777112,0.2626269297943708,0.5990609100478582
198,0.24662788840604782,0.14304969852178318,0.6103224130721694
199,0.07699331262543532,0.2560071628934822,0.6669995244810821
200,0.10851684568666814,0.23049982756893783,0.6609833267443941
201,0.3506120060804793,0.1285221493000944,0.5208658446194262
202,0.123611345919538,0.2420527043014778,0.6343359497789842
203,0.405129565913281,0.1528139041697088,0.44205652991701
204,0.191770941392386,0.24264369464069035,0.5655853639669235
205,0.12806669404221183,0.20901407508409542,0.6629192308736926
206,0.2785766404215346,0.2400895124658373,0.48133384711262805
207,0.23427337690831815,0.18785264895767265,0.5778739741340091
208,0.13975811697775004,0.224794268411686,0.6354476146105641
209,0.9998456668744526,4.676235573307444e-07,0.000153865501990152
210,0.15550542749586624,0.26413814820997034,0.5803564242941635
211,0.1948389476754638,0.21719028018019165,0.5879707721443442
212,0.19644012086576793,0.23883647776406577,0.5647234013701664
213,0.36632445532241714,0.14937597470061767,0.484299569976965
214,0.23631847370830777,0.23729623199859182,0.5263852942931004
215,0.1535109986690913,0.22144761318539324,0.6250413881455155
216,0.21329906182886504,0.2472084432837296,0.5394924948874051
217,0.23389315907334807,0.1832750351336097,0.5828318057930423
218,0.18118551055102403,0.23606835026357045,0.5827461391854057
219,0.3878784153950958,0.12857456416564056,0.4835470204392636
220,0.13752620303389249,0.2571987064472478,0.6052750905188597
221,0.19861821775807906,0.26070753746542547,0.5406742447764953
222,0.47538487965786885,0.08196092276790826,0.442654197574223
223,0.17876532679874274,0.25050856280339984,0.5707261103978574
224,0.1442972617162078,0.22300648122083175,0.6326962570629604
225,0.2348215670166541,0.19777751249556977,0.5674009204877762
226,0.19351242650230877,0.2319062356552182,0.5745813378424728
227,0.10219794329326876,0.24963965863253026,0.6481623980742011
228,0.11740763545757417,0.22293691121997936,0.6596554533224462
229,0.1797927178681847,0.2380332336770003,0.582174048454815
230,0.6050022186062869,0.059892054695452335,0.33510572669826094
231,0.21926129892847684,0.18342064987495002,0.5973180511965732
232,0.16002222589014528,0.23517428882705038,0.6048034852828043
233,0.09167683954255507,0.2585649309423681,0.6497582295150766
234,0.16059327411256982,0.2379017651377483,0.6015049607496818
235,0.13489904787825654,0.26836000741230776,0.5967409447094355
236,0.13758222406777953,0.23813515006992966,0.6242826258622907
237,0.2668996611716576,0.15256494965371642,0.5805353891746258
238,0.18830207402405677,0.2634474855603338,0.5482504404156094
239,0.09051654822678674,0.22877865997489624,0.680704791798317
240,0.11532585623611794,0.2291566358723934,0.6555175078914887
241,0.12094881096191719,0.2199585148784861,0.6590926741595964
242,0.5101414342298005,0.11900673525972989,0.3708518305104697
243,0.3223439081777339,0.1209570419150853,0.5566990499071808
244,0.09879219490745582,0.22645547355201556,0.6747523315405286
245,0.19319757305547222,0.23535968906264462,0.5714427378818833
246,0.3685446712683061,0.19072396586123758,0.4407313628704565
247,0.26645527620317605,0.217436921736536,0.5161078020602877
248,0.2562087833702532,0.1776193510135269,0.5661718656162201
249,0.159736358890979,0.215185621655518,0.6250780194535029
250,0.11568778260354592,0.22135638521881754,0.6629558321776365
251,0.19771882519752845,0.23680354949142252,0.5654776253110492
252,0.2802437671824841,0.19426347064418256,0.5254927621733335
253,0.1756981775449396,0.2381115319015799,0.5861902905534806
254,0.5164555536690029,0.08251794474880673,0.4010265015821906
255,0.24719203327545172,0.2516511617615957,0.5011568049629526
256,0.20522427971801716,0.18179021559870698,0.6129855046832758
257,0.21474071530161612,0.20667691962175827,0.5785823650766256
258,0.2800146560916194,0.17362391675233754,0.5463614271560434
259,0.28121981271792185,0.1782769821802935,0.5405032051017848
260,0.17688044558538782,0.1770183484796803,0.6461012059349319
261,0.41792787541982346,0.09146135769537511,0.49061076688480143
262,0.23337597600437016,0.11422278865069282,0.652401235344937
263,0.2665906736146963,0.1798471798400804,0.5535621465452232
264,0.11528400430794193,0.24658448660925936,0.6381315090827988
265,0.18022761070960916,0.2364759752638073,0.5832964140265836
266,0.17744709965472663,0.2027378591209803,0.6198150412242934
267,0.3957722747003171,0.13746470655052648,0.4667630187491563
268,0.38444160514158054,0.13868070753597161,0.4768776873224479
269,0.3199912812945572,0.12414174377463162,0.5558669749308114
270,0.1947150991981716,0.21193138370972703,0.5933535170921012
271,0.09016624922745568,0.2351490637974008,0.6746846869751432
272,0.23610440886116763,0.19841415730833825,0.5654814338304941
273,0.14695856157421444,0.23450123390864142,0.618540204517144
274,0.034716171229581226,0.26994817435412455,0.6953356544162943
275,0.2447127017780442,0.13175318300979388,0.6235341152121616
276,0.17237293889886102,0.2318177197765095,0.5958093413246294
277,0.11704581983857497,0.2504919736550784,0.6324622065063465
278,0.14452095108608667,0.19926616967871955,0.6562128792351938
279,0.9999580861213117,1.3487601096582902e-06,4.056511857874442e-05
280,0.3519478470854162,0.16347356014408768,0.48457859277049586
281,0.46982779421723936,0.1308920779894598,0.3992801277933007
282,0.1021875490125072,0.22979123729082707,0.6680212136966659
283,0.22730648946288604,0.23804237299474326,0.5346511375423706
284,0.266002475328281,0.21766217747095282,0.5163353472007661
285,0.29135664897351793,0.11735352590627096,0.5912898251202112
286,0.07985295313653136,0.24290419563084756,0.6772428512326211
287,0.16901877715322564,0.23472430353581694,0.5962569193109575
288,0.17730094672019453,0.1923461219678037,0.6303529313120015
289,0.19013090910038724,0.23175677524618835,0.5781123156534244
290,0.3336974629798378,0.12761126164660622,0.5386912753735558
291,0.2719468266178727,0.1592270007744054,0.5688261726077216
292,0.041886360180223535,0.2439402487205338,0.7141733910992424
293,0.05328648965821236,0.24034956834209853,0.7063639419996889
294,0.22661450553943066,0.13698101447795225,0.6364044799826168
295,0.23922606115826994,0.2437257090159694,0.5170482298257606
296,0.20758813414564423,0.2610183619725853,0.5313935038817704
297,0.12726823122019312,0.2712892391390443,0.6014425296407625
298,0.14437769184487065,0.2471043347538203,0.608517973401309
299,0.14425244995518977,0.24151027278513698,0.6142372772596728
300,0.1910094831343726,0.22233947811581564,0.586651038749812
301,0.3612815381567885,0.1541045046333605,0.48461395720985084
302,0.10710200488249853,0.24011968797309458,0.6527783071444068
303,0.28137133022363253,0.14236591915392346,0.5762627506224437
304,0.25598896655012904,0.14122044891151736,0.6027905845383538
305,0.19423175906821508,0.22222345690069117,0.5835447840310937
306,0.16292437566670956,0.24735249826071878,0.5897231260725714
307,0.29063263054779287,0.11932316410646156,0.5900442053457455
308,0.09790389386856567,0.24530476027799686,0.6567913458534373
309,0.18029415717299346,0.24546480901446036,0.5742410338125461
310,0.23143237952582224,0.17844822548888142,0.5901193949852961
311,0.15365141190061532,0.21760954876853852,0.628739039330846
312,0.15314256652751437,0.2315365168007816,0.6153209166717044
313,0.16949237287349672,0.23880408489290336,0.5917035422335998
314,0.30355600235677127,0.2162219637493622,0.4802220338938666
315,0.08483168599119326,0.24507244584732157,0.6700958681614849
316,0.21972030424946543,0.21328131883280269,0.5669983769177318
317,0.15778575317533197,0.21101649925344398,0.6311977475712243
318,0.24311363861317442,0.19021058305881328,0.5666757783280124
319,0.3059089420108426,0.12322262433200512,0.5708684336571523
320,0.17017360817512034,0.1802976666120715,0.649528725212808
321,0.22229347019740323,0.20540127174286507,0.5723052580597316
322,0.18120882229778268,0.2055259450723556,0.6132652326298615
323,0.12931938303791915,0.24976910538109784,0.620911511580983
324,0.16098687559902197,0.251882364255898,0.5871307601450804
325,0.29719225715799524,0.11596593159662327,0.5868418112453815
326,0.23150945780937746,0.1934829191002494,0.5750076230903732
327,0.3397951555891079,0.13797509100897384,0.5222297534019184
328,0.19361393911443125,0.21437884776062535,0.5920072131249433
329,0.32100183908349267,0.14849041648288827,0.530507744433619
330,0.11653104941365716,0.24295157183489619,0.6405173787514468
331,0.15535557812845874,0.2518619275408664,0.5927824943306746
332,0.8007269338291965,0.04359635751289121,0.15567670865791208
333,0.4875434554981072,0.13406146823187762,0.3783950762700149
334,0.15893995481396953,0.22809249565860967,0.6129675495274208
335,0.16107831136426926,0.23094535744477687,0.6079763311909538
336,0.18866401281956785,0.2306969174476689,0.5806390697327635
337,0.2125628393080407,0.10959139913193339,0.6778457615600257
338,0.2027974875902688,0.21941009133578976,0.5777924210739412
339,0.17917423861617374,0.24088603047971993,0.5799397309041061
340,0.256519667150541,0.12461206803762859,0.6188682648118304
341,0.1603408334216908,0.23012781836518484,0.6095313482131246
342,0.22769281083375748,0.14341140759631135,0.6288957815699311
343,0.21129715168302446,0.20405039257481852,0.584652455742157
344,0.15761077821804478,0.19501947225640315,0.6473697495255519
345,0.20658373323111254,0.19722768964565848,0.5961885771232291
346,0.21193398388152196,0.21123631362720086,0.5768297024912772
347,0.22205988126344514,0.2614533665295785,0.5164867522069764
348,0.14183209547393327,0.21624706611687047,0.6419208384091964
349,0.16573909247778304,0.22014362748344177,0.6141172800387754
350,0.16870284905782443,0.22607217864731766,0.605224972294858
351,0.2085858289956448,0.16355618858796495,0.6278579824163903
352,0.28835731826423655,0.12496943746740351,0.58667324426836
353,0.1550454341522445,0.257249878788681,0.5877046870590743
354,0.2753091533581716,0.13948461018688751,0.5852062364549411
355,0.13412846871177414,0.23775878644918963,0.6281127448390363
356,0.23008488554990764,0.1658569817835616,0.6040581326665306
357,0.14104091696706234,0.212997418764285,0.6459616642686528
358,0.05902584223909857,0.26230410244960295,0.6786700553112988
359,0.13016435642898389,0.25934875456113327,0.6104868890098828
360,0.12883900670193563,0.23582839617498735,0.6353325971230769
361,0.1595512967919963,0.23063262544728638,0.6098160777607177
362,0.16175311220964508,0.20793866116474435,0.6303082266256104
363,0.17622876123624254,0.23814232998973128,0.5856289087740261
364,0.18581503351671302,0.2444749838445422,0.5697099826387446
365,0.21390667293908108,0.1742095144385555,0.6118838126223634
366,0.2016641390141407,0.17154088464904557,0.6267949763368138
367,0.1574013517945475,0.21649274442782332,0.6261059037776292
368,0.1980957862641297,0.20755573886594336,0.5943484748699267
369,0.43336329101112836,0.09789504277496548,0.4687416662139061
370,0.34430961655672737,0.09834565823194451,0.5573447252113278
371,0.21399031705692123,0.1875615051791097,0.5984481777639691
372,0.2280743763043666,0.18394692469403254,0.5879786990016009
373,0.0811425582795082,0.25007351099562247,0.6687839307248694
374,0.20006147268004487,0.2631373958804142,0.5368011314395412
375,0.23189567666596594,0.1456080944904165,0.6224962288436178
376,0.2964313082436135,0.13127962003870638,0.5722890717176801
377,0.2137858134016391,0.199231308831559,0.5869828777668019
378,0.1954808388743413,0.24734152254852101,0.5571776385771378
379,0.4269757401488931,0.09178301718721026,0.48124124266389656
380,0.19707263432012956,0.19638032992413051,0.6065470357557398
381,0.2306903007505477,0.149778130424398,0.6195315688250542
382,0.026334210348220196,0.23393873476966245,0.7397270548821172
383,0.3307380658383169,0.16333865212873688,0.5059232820329461
384,0.3791486873849532,0.15466958308561582,0.46618172952943093
385,0.25205700045583973,0.13845575941053465,0.6094872401336259
386,0.8479572363549795,0.018593568254978633,0.13344919539004207
387,0.15610472583403875,0.2183545128867273,0.6255407612792341
388,0.22932090673063815,0.1521170253855396,0.618562067883822
389,0.07451327885224156,0.2350756013801655,0.6904111197675928
390,0.16810309395289813,0.23151509563510964,0.6003818104119928
391,0.44833300184442826,0.08819626041402835,0.4634707377415435
392,0.9999600980313386,6.744572584992844e-07,3.9227511403178664e-05
393,0.17412373552395288,0.23970902641600028,0.5861672380600468
394,0.20875830978089094,0.19116405486384927,0.6000776353552597
395,0.11762514837726214,0.2632558408087189,0.6191190108140189
396,0.13098761928794572,0.21631862900235482,0.6526937517096993
397,0.29287355213021554,0.11683174495644641,0.5902947029133381
398,0.0643293522727655,0.26140800278472653,0.6742626449425079
399,0.3812349700739488,0.1263123407069949,0.49245268921905644
400,0.1424915403597473,0.262151407214225,0.5953570524260277
401,0.24809681307111653,0.1387083107070893,0.6131948762217939
402,0.10692252082835298,0.23715345659577838,0.6559240225758685
403,0.3848132242158987,0.1299859125558829,0.48520086322821854
404,0.16634730161785571,0.22538392659759274,0.6082687717845514
405,0.3430236904833467,0.11385619064806636,0.5431201188685869
406,0.17583286513840352,0.17123361061693515,0.6529335242446613
407,0.21668897915126772,0.2074211251055666,0.5758898957431658
408,0.30823963567424423,0.2161342113499667,0.47562615297578903
409,0.145000041562692,0.19815961678048313,0.656840341656825
410,0.11607720321069132,0.24469684177797657,0.6392259550113321
411,0.17096288090402925,0.243840282639998,0.5851968364559728
412,0.32710523422906446,0.15956412297176603,0.5133306427991697
413,0.3182998536563155,0.1885998997823899,0.49310024656129464
414,0.21002120406887304,0.1870532383372245,0.602925557593902
415,0.4023626068035524,0.15445322503463682,0.4431841681618108
416,0.25299499848158996,0.13931806248372672,0.6076869390346836
417,0.13487334918569524,0.2168539454738751,0.6482727053404296
418,0.359358993985327,0.13536094777477947,0.5052800582398935
419,0.05601499994331458,0.2551586192536055,0.6888263808030798
420,0.19884255085898084,0.19114190568425785,0.6100155434567613
421,0.2965899816807551,0.2016851795518676,0.5017248387673773
422,0.3409611414746232,0.15381127239477463,0.5052275861306023
423,0.5747295252735046,0.08155164062115006,0.3437188341053454
424,0.1940128896355168,0.2590502931151634,0.5469368172493196
425,0.07264850209290623,0.2503646686716254,0.6769868292354683
426,0.13507688975828105,0.23531350902276332,0.6296096012189557
427,0.31075351802725865,0.1592651741288226,0.5299813078439188
428,0.18774390162393528,0.2540462052079417,0.558209893168123
429,0.20993203198633822,0.20684166788389716,0.5832263001297646
430,0.20620323758829576,0.19092053640265252,0.6028762260090518
431,0.3798771850005614,0.17018283481861876,0.44993998018081977
432,0.29022940447774465,0.1693940555539413,0.5403765399683139
433,0.16214771118718943,0.250341301244304,0.5875109875685063
434,0.060152624458987974,0.2621187281526215,0.6777286473883903
435,0.1584950093659166,0.25967610024472604,0.5818288903893574
436,0.19241925117718958,0.2368136436875997,0.5707671051352109
437,0.4896362545649817,0.131724061691643,0.378639683743375
438,0.08712430213375548,0.25464407852454335,0.6582316193417014
439,0.1392742385084775,0.21793568306614575,0.6427900784253766
440,0.18587141072373184,0.2538448925403869,0.5602836967358812
441,0.22981799522365834,0.19862408254541206,0.5715579222309297
442,0.024943987984332876,0.2523696685065267,0.7226863435091404
443,0.12396472894885233,0.210927486929079,0.6651077841220685
444,0.24358932186950824,0.1925906361851859,0.5638200419453059
445,0.18565978124203628,0.23119425346141542,0.5831459652965483
446,0.19299138436039118,0.2551731765595511,0.5518354390800574
447,0.5244180574205743,0.11151204173832646,0.3640699008410993
448,0.25556199842411115,0.145333466470618,0.599104535105271
449,0.26638984746897526,0.14018111348377135,0.5934290390472533
450,0.20262436575501033,0.1834084249487517,0.613967209296238
451,0.1685930366306745,0.23573170319189132,0.5956752601774341
452,0.09612279707079989,0.24480606587564688,0.6590711370535532
453,0.2167584262996903,0.19743050626550804,0.5858110674348015
454,0.14740902472230266,0.2274706338497501,0.6251203414279474
455,0.4262571932660966,0.09957649018617003,0.4741663165477332
456,0.2791023546070095,0.175629426612477,0.5452682187805133
457,0.5169572308093512,0.11538099444233273,0.3676617747483162
458,0.26235737688997157,0.22616010949593596,0.5114825136140922
459,0.3243624870884909,0.19536285364557204,0.48027465926593726
460,0.16515884137998468,0.21716313724052222,0.617678021379493
461,0.10383627599471437,0.2386801259604722,0.6574835980448134
462,0.3367109023076686,0.12144876831290888,0.5418403293794225
463,0.1557722917642945,0.2551583043891068,0.589069403846599
464,0.28189321368915005,0.1673235471300172,0.5507832391808327
465,0.21688420322078833,0.1720873594817199,0.6110284372974919
466,0.11200609378571548,0.24362413425828228,0.6443697719560021
467,0.29835788316989686,0.1466628379300844,0.5549792789000186
468,0.20013444126815408,0.1951892432342469,0.604676315497599
469,0.5216756136992624,0.11422906223962798,0.3640953240611096
470,0.9968977303755299,0.00013652672163505454,0.0029657429028351885
471,0.20203280533595003,0.2087056610433736,0.5892615336206762
472,0.2503515456880341,0.1676466140699539,0.5820018402420117
473,0.8398934639959714,0.02573486511673752,0.1343716708872912
474,0.27588523956327504,0.20092304224973975,0.5231917181869851
475,0.27976921657798726,0.20019461692707313,0.5200361664949396
476,0.33525862113487076,0.09921082582125595,0.5655305530438733
477,0.27501804252313844,0.1764712903821267,0.5485106670947354
478,0.19810434443355385,0.2535530895135366,0.5483425660529094
479,0.14065813216208206,0.2062451390078164,0.6530967288301015
480,0.15922218699214813,0.20755729279488772,0.6332205202129639
481,0.16205276616523226,0.24024397220783458,0.5977032616269334
482,0.2688728377008904,0.23120718314669975,0.49991997915240965
483,0.17876176904530586,0.22010407295849918,0.6011341579961952
484,0.6042860635569135,0.10301754437141683,0.2926963920716696
485,0.09822234216529277,0.22985277723023365,0.6719248806044734
486,0.06724405184641587,0.22373080168510961,0.7090251464684743
487,0.05980565586217606,0.23360025171060048,0.7065940924272234
488,0.15249481767585538,0.23661794133222802,0.6108872409919164
489,0.22990924534734627,0.19949688915388147,0.5705938654987722
490,0.10577524404404394,0.23744758837514082,0.6567771675808152
491,0.10347592467614646,0.2272555079085231,0.6692685674153301
492,0.11822051403197754,0.24893236039139896,0.6328471255766234
493,0.2524082306501967,0.13464789679579475,0.6129438725540084
494,0.12703399256217687,0.26999893304018646,0.6029670743976367
495,0.20609016887355616,0.24839106298018407,0.5455187681462597
496,0.09233805897818792,0.24574989140275538,0.6619120496190567
497,0.9962252205623735,0.0002824809900634331,0.003492298447563047
498,0.46285306989567593,0.1341617069903034,0.4029852231140205
499,0.2037640991321492,0.19776310513345793,0.5984727957343928
500,0.16827876758082427,0.24148463591370847,0.5902365965054673
501,0.285293185790311,0.14066009965368975,0.5740467145559988
502,0.30415431243518615,0.20357126619785348,0.4922744213669601
503,0.40558811820310064,0.16203674915082059,0.4323751326460787
504,0.1526877332180281,0.1939237180814589,0.6533885487005128
505,0.9989397980832447,2.200273182825765e-05,0.0010381991849269536
506,0.12633113163624213,0.19877394828447123,0.6748949200792865
507,0.23725733826332554,0.20110707458047666,0.5616355871561975
508,0.2206554517882895,0.16766535457403084,0.6116791936376799
509,0.9891568059663172,0.001725370072336251,0.009117823961346541
510,0.17493797903178185,0.2646775189465877,0.5603845020216308
511,0.2050224527494979,0.23399655727114949,0.5609809899793524
512,0.10385905174326096,0.26135704195722376,0.6347839062995153
513,0.06949119620622697,0.25424671620717354,0.6762620875865996
514,0.45373278038039266,0.1385300325749835,0.4077371870446238
515,0.1681128559179632,0.26247648159743064,0.5694106624846063
516,0.396457681243725,0.16052375381072365,0.4430185649455512
517,0.21911339622839845,0.22512681860948,0.5557597851621218
518,0.17597335133724024,0.2191508269485268,0.6048758217142328
519,0.2737087972168557,0.17570180707142313,0.5505893957117213
520,0.19487412446421082,0.21828089943691797,0.5868449760988712
521,0.1738493614936038,0.24863993562097284,0.5775107028854233
522,0.3339839191853553,0.12178672939121565,0.544229351423429
523,0.41253377518194156,0.07924366919890315,0.5082225556191554
524,0.19614859541096885,0.23561375027883347,0.5682376543101976
525,0.2896997099162533,0.15814821341732863,0.552152076666418
526,0.17268347878994544,0.22140777232028375,0.6059087488897704
527,0.22612382712797374,0.11156125906172326,0.6623149138103032
528,0.2392662293551001,0.14822237904347285,0.6125113916014269
529,0.09513832382627158,0.24247716845653308,0.6623845077171955
530,0.17652482256661023,0.21625692866917645,0.6072182487642132
531,0.06193152076651493,0.22123036546856423,0.7168381137649205
532,0.05209413368467249,0.2548606186136507,0.6930452477016769
533,0.17904117707152334,0.2217839277253822,0.5991748952030946
534,0.24319619693424954,0.15796415024516297,0.5988396528205874
535,0.1448854606892209,0.18861104794800987,0.666503491362769
536,0.18192885203109585,0.19860608281207282,0.6194650651568313
537,0.05416981498027426,0.25928353062548226,0.6865466543942433
538,0.33342206997893925,0.1534254998812565,0.5131524301398039
539,0.2801859675076234,0.16931260815105378,0.5505014243413225
540,0.17455745920374047,0.2778309377260045,0.5476116030702552
541,0.2468822622034357,0.19862350448972407,0.5544942333068403
542,0.20158047660482378,0.2023176208685507,0.5961019025266255
543,0.22024045810875728,0.15067063555202811,0.6290889063392143
544,0.38755244324111265,0.1212845587393054,0.49116299801958185
545,0.1742205703479315,0.2249884738658781,0.6007909557861901
546,0.5684277297763864,0.09908154836435401,0.3324907218592595
547,0.22081434551640544,0.18427244066655687,0.5949132138170377
548,0.25564611524507325,0.21665745643478057,0.5276964283201463
549,0.028181577794948412,0.24000635883061958,0.7318120633744319
550,0.3091326231873611,0.11824966898188329,0.5726177078307556
551,0.17584486062152385,0.2234803450694582,0.600674794309018
552,0.19690748342815018,0.23286389686707473,0.570228619704775
553,0.23929467149869885,0.1987426130101767,0.5619627154911243
554,0.06183811039863122,0.2579770408135702,0.6801848487877984
555,0.06555296074579038,0.2557925246881021,0.6786545145661075
556,0.28608103810460356,0.2404065867039408,0.47351237519145534
557,0.5376166379019014,0.06204636433231994,0.40033699776577863
558,0.2877073223093413,0.1808603827321625,0.5314322949584963
559,0.04459641822136719,0.2582997527644469,0.6971038290141859
560,0.4682400627217211,0.09708502995724773,0.4346749073210313
561,0.23377997447902893,0.19316780146553347,0.5730522240554377
562,0.45621145020209447,0.10530137942438365,0.4384871703735219
563,0.23186442048355732,0.23879841630195156,0.529337163214491
564,0.3030324593837353,0.18721285286542327,0.5097546877508413
565,0.9992136258219072,4.1942427374742054e-05,0.0007444317507180027
566,0.13569634954445034,0.21849827693401752,0.6458053735215323
567,0.2768742641477107,0.11349003635609625,0.6096356994961931
568,0.05579585490414694,0.2516197738906253,0.6925843712052275
569,0.16314093274136554,0.21778941856846815,0.6190696486901663
570,0.34757916067980477,0.1784939639430169,0.4739268753771782
571,0.0744570523505935,0.2391641659605456,0.6863787816888608
572,0.21478464642333842,0.21262005676622625,0.5725952968104353
573,0.345149522557637,0.14101544896989238,0.5138350284724705
574,0.17704066715389116,0.1994362752606875,0.6235230575854214
575,0.1113872171303669,0.24156457600986975,0.6470482068597636
576,0.31135501823607153,0.12045488604245456,0.5681900957214739
577,0.2856100983404711,0.13150015315593325,0.5828897485035955
578,0.3097715428988029,0.18129745790140145,0.5089309991997955
579,0.14614189320814025,0.2298940139608279,0.6239640928310316
580,0.06922200201462544,0.2362408503497792,0.6945371476355954
581,0.19736766323521035,0.21653207693753337,0.5861002598272562
582,0.17025836652405882,0.2246049980444122,0.605136635431529
583,0.5025402905617772,0.13129726821289042,0.3661624412253328
584,0.31374660479040245,0.1635713482242674,0.5226820469853299
585,0.18802545212861074,0.214696131318713,0.5972784165526765
586,0.19736631879988467,0.22143242299106364,0.5812012582090514
587,0.14883923346021993,0.2567651481387359,0.594395618401044
588,0.061641139159174005,0.23577659695609096,0.7025822638847348
589,0.1469014685598319,0.24686927789632937,0.6062292535438388
590,0.13338954591043392,0.21614336736862302,0.6504670867209431
591,0.1636308310941013,0.24937296861671093,0.5869962002891876
592,0.14068996512419044,0.2114980401330666,0.6478119947427429
593,0.19127635815708066,0.18023228351476522,0.6284913583281544
594,0.19031654186139277,0.2429724440310719,0.5667110141075351
595,0.12011922481060631,0.22263250189726821,0.6572482732921255
596,0.2507155759552996,0.2801273638247771,0.46915706021992315
597,0.3760159935260497,0.1576021786346542,0.4663818278392961
598,0.12864736483174674,0.2330850163691311,0.6382676187991219
599,0.38509546612242956,0.14252286695826258,0.47238166691930794
600,0.42121276773453536,0.12306149882447921,0.4557257334409853
601,0.16188535376091498,0.25315941989466295,0.5849552263444217
602,0.17874209385560577,0.1994910494086924,0.6217668567357016
603,0.0917835038146591,0.2407678318511121,0.6674486643342291
604,0.10899018374593626,0.24715916265677848,0.6438506535972852
605,0.16667244136838,0.20982353916098034,0.6235040194706396
606,0.21237412818051044,0.13590054107178803,0.6517253307477016
607,0.11852729038172767,0.2500454669572396,0.6314272426610327
608,0.13255777131444552,0.2679057858952626,0.5995364427902918
609,0.14054792175052588,0.2735874594187349,0.5858646188307394
610,0.19511419630984494,0.23481711750181322,0.5700686861883417
611,0.17451136972536532,0.24583534240188995,0.5796532878727446
612,0.058238434417736025,0.2500964057045653,0.6916651598776986
613,0.2704507272773098,0.21675397963787632,0.5127952930848138
614,0.2570614644427163,0.24965424695065994,0.49328428860662343
615,0.2836231809342511,0.18820755014819146,0.5281692689175572
616,0.1264050404396781,0.21997472187818123,0.6536202376821408
617,0.18751304306468336,0.21599774209435385,0.5964892148409623
618,0.09712929605847832,0.25293894508230425,0.6499317588592175
619,0.1852929610934522,0.2494031873969964,0.5653038515095516
620,0.20707348354550792,0.2620533827165517,0.5308731337379402
621,0.13504230134545933,0.22256433426401417,0.6423933643905265
622,0.3227185966061539,0.20850270181294867,0.4687787015808976
623,0.3376996714282362,0.16033547646268353,0.5019648521090798
624,0.12106819830386721,0.21977664856243612,0.6591551531336968
625,0.29525827720995,0.15672829675798314,0.5480134260320666
626,0.18272654491168713,0.23923071078396235,0.5780427443043503
627,0.24732045651511878,0.18537980527249798,0.5672997382123833
628,0.13374328856314083,0.24742080150627582,0.6188359099305832
629,0.435105965041808,0.09084424459689756,0.47404979036129424
630,0.2523489056769803,0.19016495611085318,0.5574861382121663
631,0.17778790930004684,0.25535648577005304,0.5668556049299004
632,0.25363345657797615,0.15606440818304018,0.5903021352389836
633,0.3317484216396336,0.12158331150701687,0.5466682668533495
634,0.11651539622644401,0.26518037866072414,0.6183042251128319
635,0.3169478016929778,0.1623841257266215,0.5206680725804005
636,0.1987953911754217,0.20463284319644257,0.5965717656281355
637,0.2099787610254148,0.18437431671295484,0.6056469222616305
638,0.21577829465679838,0.19297668074401833,0.5912450245991828
639,0.16938121283593024,0.20398318177940974,0.62663560538466
640,0.9999587802836692,3.0261330015483856e-07,4.091710303045315e-05
641,0.16859365935811668,0.24663648414597983,0.5847698564959035
