,proba_0,proba_1,proba_2
0,0.08305114085197848,0.07512581807694597,0.8418230410710753
1,0.25745746510672785,0.1475920406520425,0.5949504942412296
2,0.98,0.0,0.02
3,0.15131070201276386,0.38259234167893963,0.46609695630829656
4,0.16236521044690444,0.08042115285782288,0.7572136366952726
5,0.08759487111803672,0.23812391390940138,0.6742812149725619
6,0.059259824832576344,0.14363867941391834,0.7971014957535054
7,0.3525392734413353,0.39212567501227297,0.25533505154639174
8,0.06999785130563375,0.0193634978430546,0.9106386508513116
9,0.0644060170730267,0.3675445224559109,0.5680494604710624
10,0.05212121212121212,0.7500378787878788,0.19784090909090907
11,0.5290010852635829,0.08690878524268253,0.38409012949373456
12,0.19000634348095724,0.34972620883145855,0.4602674476875842
13,0.1904531661273958,0.032525289469513045,0.7770215444030909
14,0.09667790148177773,0.067916309598182,0.8354057889200399
15,0.4417458098294755,0.2782270526702544,0.28002713750027014
16,0.37284136164206905,0.10390910814963053,0.5232495302083005
17,0.3959039117886944,0.2995171466214944,0.30457894158981114
18,0.5239907470289845,0.19639413979871356,0.2796151131723018
19,0.0754745638610079,0.25098056343092295,0.6735448727080692
20,0.3981709956709957,0.2541125541125541,0.3477164502164502
21,0.07411511205503105,0.32409608837231957,0.6017887995726495
22,0.15056518089479745,0.21404901413382244,0.63538580497138
23,0.18434248431926437,0.07913205020255015,0.7365254654781852
24,0.31333704212472535,0.14611327500357224,0.5405496828717024
25,0.12721391258953477,0.4092968964087149,0.4634891910017503
26,0.20922370037959684,0.16013433732900875,0.6306419622913944
27,0.98,0.0,0.02
28,0.44072011310280224,0.1555678992786987,0.40371198761849897
29,0.82,0.04,0.14
30,0.17091492308920464,0.21652471043299534,0.6125603664778
31,0.041525974025974015,0.6930025252525254,0.2654715007215007
32,0.21162843517533317,0.03839644005107536,0.7499751247735912
33,0.33731273177279975,0.19997361775316722,0.46271365047403307
34,0.25870343156268316,0.25631107480946397,0.4849854936278529
35,0.06866901181009191,0.06380572864857549,0.8675252595413323
36,0.35194090614006485,0.2346580725630538,0.4134010212968813
37,0.8143426578652386,0.04700144891435214,0.13865589322040933
38,0.49293290043290044,0.39956709956709957,0.1075
39,0.05966876132012674,0.029531595424894128,0.910799643254979
40,0.56,0.24,0.2
41,0.11669207426312582,0.15891309358433106,0.7243948321525433
42,0.025997165590380712,0.3387748035452362,0.6352280308643828
43,0.07379650301893657,0.13641064009792925,0.7897928568831338
44,0.07444709102149143,0.09200516854312285,0.8335477404353856
45,0.035224710448960174,0.19249911584334042,0.7722761737076991
46,0.1643326664105508,0.16330440642760963,0.6723629271618397
47,0.06490543877773851,0.04025376042350429,0.894840800798757
48,0.1518302784947139,0.13076616450364678,0.7174035570016393
49,0.46177326217822967,0.13091894081339572,0.4073077970083746
50,0.11231640908023303,0.3123202918048174,0.5753632991149495
51,0.11087098209121589,0.23751616794196662,0.6516128499668173
52,0.3048529914130033,0.27972297094049076,0.4154240376465059
53,0.82,0.04,0.14
54,0.17553089473702613,0.17004741423339098,0.6544216910295827
55,0.03764481886868421,0.10990093967442044,0.8524542414568951
56,0.12119951617443725,0.14135900278050073,0.7374414810450618
57,0.24099934243283022,0.03808967730063804,0.7209109802665313
58,0.3307251846387429,0.23349808766143665,0.43577672769982057
59,0.18002496024226372,0.09245214320275646,0.7275228965549797
60,0.12574983548577126,0.10542307028194027,0.7688270942322883
61,0.34031283809372725,0.10607160956291667,0.553615552343356
62,0.21387552493475884,0.18419063290015214,0.601933842165089
63,0.11962507249217155,0.06435098611316853,0.8160239413946598
64,0.07423640544076072,0.12284635265319535,0.8029172419060439
65,0.03556600941625032,0.06914899672315235,0.8952849938605972
66,0.15642454557660743,0.12462119646612775,0.7189542579572649
67,0.3269095809112342,0.07898910176810894,0.5941013173206567
68,0.08610505080523902,0.3334958641551309,0.5803990850396302
69,0.1492777088207301,0.2263001898165531,0.6244221013627168
70,0.6631678794178794,0.12166839916839917,0.21516372141372142
71,0.01682074797276277,0.5261479525123185,0.4570312995149187
72,0.11392802024595852,0.04260189720470096,0.8434700825493402
73,0.6717458183990442,0.11756345715216686,0.21069072444878897
74,0.018553891272036074,0.6072103696301885,0.37423573909777547
75,0.92,0.02,0.06
76,0.3014833036681536,0.11929584431042992,0.5792208520214165
77,0.028267751310018054,0.1571637767775524,0.8145684719124293
78,0.07271902564247515,0.12305445538456007,0.8042265189729646
79,0.646623671991319,0.0855496567996568,0.26782667120902415
80,0.21104672236767466,0.0398285577775311,0.749124719854794
81,0.23643370595401028,0.1178159319870725,0.6457503620589172
82,0.82,0.04,0.14
83,0.08724455636910398,0.35770143642401414,0.5550540072068819
84,0.0674092429335355,0.17753139009964625,0.7550593669668182
85,0.4386802549302549,0.24480699855699858,0.3165127465127465
86,0.87,0.02,0.11
87,0.12655801318363538,0.6240982689600875,0.24934371785627715
88,0.2042316161864158,0.1925040091643374,0.6032643746492465
89,0.24247728123655496,0.3328671109281915,0.42465560783525363
90,0.15662223274565967,0.1982200497983765,0.6451577174559638
91,0.1436982131259743,0.12400576998756847,0.7322960168864572
92,0.05221295524047817,0.37447806042072096,0.5733089843388008
93,0.048808656044720074,0.03809183822882596,0.9130995057264539
94,0.07978758745722603,0.38230821607568655,0.5379041964670873
95,0.6788257575757575,0.1263514911014911,0.19482275132275134
96,0.7271845838167026,0.023879057357926236,0.24893635882537116
97,0.196646959438379,0.11884174645139557,0.6845112941102255
98,0.10945211175291406,0.13321817088159246,0.7573297173654933
99,0.24555053383277048,0.058736261142986086,0.6957132050242434
100,0.20100505491406145,0.38371455614159233,0.4152803889443462
101,0.24866552568398007,0.21636444242210767,0.5349700318939122
102,0.316955423686527,0.08060194681083307,0.6024426295026398
103,0.13635433905342423,0.2210758529007239,0.642569808045852
104,0.297479379996888,0.039684383704432113,0.6628362362986797
105,0.30715206670818995,0.1722491402075463,0.5205987930842637
106,0.13471875184985027,0.2307923302649905,0.6344889178851592
107,0.09679802847698488,0.32021997443585215,0.5829819970871629
108,0.5356507936507936,0.3662380952380952,0.09811111111111112
109,0.13098882342945395,0.17376455047125766,0.6952466260992882
110,0.21711555264307555,0.19902748322014374,0.5838569641367806
111,0.15270003787624328,0.07591575924866019,0.7713842028750961
112,0.0907533465690712,0.13880407428332991,0.7704425791475987
113,0.04343599235575921,0.4599466682908587,0.49661733935338226
114,0.6780355713426901,0.04340499620886508,0.2785594324484448
115,0.40575714215125047,0.091495409422161,0.5027474484265886
116,0.0945134538441482,0.32622917481517794,0.5792573713406739
117,0.2768496910024684,0.18685907758132317,0.5362912314162084
118,0.2352781605254509,0.07731059988431267,0.6874112395902364
119,0.17015151515151516,0.33712121212121215,0.4927272727272727
120,0.08858344923626095,0.18026164062987973,0.731154910133859
121,0.043729082015149474,0.18181811072377152,0.7744528072610787
122,0.23703179070583427,0.29391298018867146,0.46905522910549413
123,0.10534026284348866,0.5512319756706854,0.343427761485826
124,0.07623977955983455,0.10884072457510394,0.8149194958650614
125,0.08593140585499666,0.09277902627085678,0.8212895678741464
126,0.0656239507932101,0.07088979426916461,0.8634862549376251
127,0.24827925282853439,0.29688786854615346,0.45483287862531213
128,0.5783333333333333,0.13351178451178453,0.28815488215488216
129,0.12288805530418917,0.6163990089264537,0.2607129357693571
130,0.7113407696597882,0.062308979364194085,0.22635025097601788
131,0.25383936849644934,0.1446385799042036,0.6015220515993469
132,0.2829721641887226,0.25716173980773555,0.45986609600354184
133,0.98,0.0,0.02
134,0.11801278268582642,0.042607273186015135,0.8393799441281583
135,0.20118012878173172,0.17337340876110804,0.6254464624571601
136,0.014510234632816001,0.08985302151900833,0.8956367438481756
137,0.428729340282368,0.12424599409882059,0.44702466561881155
138,0.1202199162433833,0.32884315822159055,0.5509369255350262
139,0.056352871253208967,0.43702781891614095,0.5066193098306501
140,0.16531389384167125,0.21253882618018946,0.6221472799781393
141,0.3381718817944002,0.2624434732778022,0.39938464492779774
142,0.052283688466170215,0.773097895008479,0.17461841652535082
143,0.2362728275261374,0.24075017931245785,0.5229769931614046
144,0.7448993871293321,0.01644418848283997,0.23865642438782803
145,0.1920580490228149,0.22443801755426665,0.5835039334229185
146,0.10684802666152024,0.13600289870480592,0.7571490746336739
147,0.1911332682471701,0.34998130047760123,0.4588854312752288
148,0.11443110494578851,0.2519322002073681,0.6336366948468433
149,0.18621520546014522,0.11213789875966203,0.7016468957801927
150,0.0695251767210005,0.4403863059418051,0.49008851733719444
151,0.09355502376715168,0.045779206802915355,0.8606657694299327
152,0.5436735874560692,0.12224837600895995,0.3340780365349708
153,0.4341741864915996,0.05087662278569306,0.5149491907227075
154,0.10194882254066308,0.5005718692057158,0.3974793082536209
155,0.10362779815716339,0.11399746466021035,0.782374737182626
156,0.21161835016835012,0.37525202020202014,0.4131296296296296
157,0.2635316525583262,0.05492688091765526,0.6815414665240184
158,0.029271832647914366,0.17620357323457958,0.7945245941175061
159,0.05630274222973899,0.2329156533336036,0.7107816044366573
160,0.12985048160873636,0.21150816827784194,0.6586413501134216
161,0.19198875820077466,0.2860928071587498,0.5219184346404755
162,0.12627416295243005,0.21529881183582833,0.6584270252117418
163,0.2847710549667446,0.3328158410235996,0.3824131040096557
164,0.40270678199412074,0.26980786429112563,0.3274853537147536
165,0.1976354654132428,0.1344664008136464,0.6678981337731108
166,0.1961881451151537,0.2519604677159231,0.5518513871689231
167,0.22406041991900089,0.2720882834455349,0.5038512966354642
168,0.1645796876739341,0.4272186321145102,0.4082016802115557
169,0.23429503812623206,0.1218559743684605,0.6438489875053074
170,0.06665774138024795,0.1465353625468705,0.7868068960728811
171,0.10443149609696822,0.3502807787239457,0.5452877251790861
172,0.08986647299586092,0.17114948849179037,0.7389840385123485
173,0.1274212512192242,0.17876045364482174,0.6938182951359539
174,0.13455582800272306,0.1618814005742344,0.7035627714230424
175,0.06093347032992294,0.10336874755333016,0.8356977821167467
176,0.17175260586860788,0.21006086883121658,0.6181865253001755
177,0.5028329383754895,0.14342979259079697,0.3537372690337136
178,0.25308016333868905,0.23561145120158009,0.5113083854597309
179,0.0662778222312205,0.23156172489648125,0.702160452872298
180,0.1618407296357918,0.10641667698874899,0.7317425933754591
181,0.047728022394810006,0.028869583237355646,0.9234023943678342
182,0.1482177619734983,0.14623141308360574,0.7055508249428957
183,0.2618886292076476,0.24387174992696464,0.4942396208653877
184,0.123374514951191,0.16381950371778747,0.7128059813310214
185,0.323053302099747,0.14075903220839614,0.5361876656918569
186,0.5496553119693727,0.10241859258575549,0.34792609544487185
187,0.3238895829948576,0.20298959413882392,0.47312082286631835
188,0.3165188933396852,0.20520511138020325,0.47827599528011144
189,0.059569566487405065,0.09665321451094198,0.8437772190016527
190,0.1060364861332266,0.1666257979956667,0.7273377158711064
191,0.06374344755713059,0.11851360400338523,0.8177429484394837
192,0.5228510149470684,0.10894232655686331,0.3682066584960682
193,0.05594407865251865,0.12225842399843873,0.8217974973490426
194,0.06912100871848098,0.32153141586600364,0.6093475754155153
195,0.5408583877995643,0.15101711795829442,0.3081244942421413
196,0.4775725138350115,0.08048021381411109,0.4419472723508775
197,0.0779137257913402,0.4919728739405073,0.4301134002681524
198,0.3684691387117969,0.16863049781834583,0.46290036346985736
199,0.04044387796476089,0.4440312647444902,0.5155248572907489
200,0.14416993468713216,0.13230726965488077,0.7235227956579869
201,0.3122445833558434,0.19651373615088874,0.49124168049326783
202,0.0437482831025283,0.3657591983355942,0.5904925185618773
203,0.5768819627131441,0.1475017685943352,0.27561626869252065
204,0.18035035513283687,0.5471948647054486,0.2724547801617145
205,0.404805218065413,0.13734124883764004,0.45785353309694704
206,0.20293290043290044,0.4207792207792208,0.37628787878787884
207,0.09834834368002038,0.12057336943015351,0.7810782868898261
208,0.2663039016820731,0.3337647461330887,0.3999313521848382
209,0.94,0.01,0.05
210,0.20070475399498725,0.302887984581159,0.4964072614238538
211,0.26433104338269514,0.33206687756381387,0.403602079053491
212,0.06574597419505936,0.5121039627337117,0.4221500630712288
213,0.6089213060987254,0.14742817702495123,0.24365051687632333
214,0.14711555264307558,0.20902748322014375,0.6438569641367806
215,0.12604720390633026,0.2790844836649382,0.5948683124287316
216,0.23852132220886393,0.28667524628799085,0.4748034315031452
217,0.3036988538402115,0.23193236775989232,0.4643687783998962
218,0.047655588244890475,0.3005556419958236,0.6517887697592859
219,0.30547371887479746,0.05144664966054322,0.6430796314646591
220,0.024993666579692878,0.42011374015667646,0.5548925932636306
221,0.06221295524047817,0.7606800806227412,0.17710696413678065
222,0.5406901697007533,0.09106412568676195,0.3682457046124847
223,0.2861907673237145,0.2296484262915796,0.4841608063847059
224,0.11497782462087373,0.19415986258951418,0.690862312789612
225,0.15202834606608204,0.073768641325899,0.7742030126080189
226,0.09165351482066754,0.2888289474714123,0.6195175377079203
227,0.13092062857481396,0.15480280972075827,0.7142765617044275
228,0.036961521453951034,0.09852426752747355,0.8645142110185753
229,0.11063233491718304,0.17151591472893632,0.7178517503538805
230,0.6767998096674569,0.05557641432641433,0.2676237760061289
231,0.07565212829111848,0.23679603918898706,0.6875518325198944
232,0.09616925264871817,0.18137913952936047,0.7224516078219214
233,0.147415817225453,0.13312593878309442,0.7194582439914525
234,0.5687422382250662,0.23736399432332336,0.19389376745161047
235,0.1293314981814523,0.298605273672558,0.5720632281459896
236,0.2017698653198653,0.39570656565656565,0.402523569023569
237,0.26621715261270745,0.051785760838958354,0.681997086548334
238,0.2996360319746976,0.42166229736268945,0.27870167066261287
239,0.09550694172787227,0.040949763006677256,0.8635432952654505
240,0.4083774737100266,0.1987596731074545,0.39286285318251907
241,0.019295037994533536,0.08056391947622744,0.9001410425292389
242,0.490608322436143,0.19816524151731252,0.31122643604654454
243,0.2810097337743791,0.10512463401754221,0.6138656322080787
244,0.09541175190905164,0.1874141139588578,0.7171741341320904
245,0.08776621508997519,0.17821420041988859,0.7340195844901362
246,0.10089998424308771,0.5903754631702908,0.30872455258662157
247,0.4887532295098333,0.3569643406209444,0.15428242986922233
248,0.3643904833410421,0.05027558008359006,0.5853339365753678
249,0.09665207450782848,0.18384607719134263,0.7195018483008286
250,0.413193107663174,0.1597926125893868,0.42701427974743905
251,0.04624545777790648,0.4204564707905511,0.5332980714315424
252,0.4193586612516693,0.08112121087390008,0.4995201278744305
253,0.08697984074713715,0.40178560907761146,0.5112345501752514
254,0.25538229300660126,0.12326369020310728,0.6213540167902915
255,0.20302464355216648,0.29142142261408316,0.5055539338337504
256,0.07215712009163619,0.044935231957943855,0.8829076479504196
257,0.32120370370370366,0.466820987654321,0.2119753086419753
258,0.056193966441135015,0.092611342783118,0.8511946907757468
259,0.07994611543439255,0.10288160241426082,0.8171722821513464
260,0.017824011149210416,0.14152951836535574,0.8406464704854337
261,0.12367449347977941,0.1449645385223614,0.7313609679978589
262,0.1785260091568207,0.14032640936680893,0.6811475814763703
263,0.12440448796886193,0.258221730347647,0.617373781683491
264,0.058955944455197626,0.24577371929588449,0.6952703362489178
265,0.22124621181113213,0.2206786711893961,0.5580751169994719
266,0.2932498798288382,0.15558048077885508,0.5511696393923065
267,0.4987304918106436,0.2705840612732323,0.23068544691612403
268,0.16452642479397717,0.10948778393347379,0.7259857912725488
269,0.4142643605202895,0.2080774716222718,0.3776581678574387
270,0.21852994850517451,0.12809797653608979,0.6533720749587356
271,0.15338758348702092,0.2044718736495031,0.6421405428634759
272,0.2423092019565466,0.08070697548060692,0.6769838225628465
273,0.1275082986604378,0.17301158957900642,0.6994801117605557
274,0.08859374037359408,0.22618279235962388,0.685223467266782
275,0.17464269558482973,0.08579754593657359,0.7395597584785967
276,0.4059664101105283,0.22882674590865562,0.36520684398081593
277,0.025914169106672134,0.36686095389899875,0.607224876994329
278,0.39092599693251534,0.31663663087934557,0.2924373721881391
279,0.83,0.03,0.14
280,0.5154589297158665,0.17469082149299936,0.3098502487911341
281,0.5921460227508615,0.21824770623157722,0.1896062710175613
282,0.10892750037319004,0.20201771268135363,0.6890547869454562
283,0.21887032801119713,0.20201710782483953,0.5791125641639633
284,0.14717974241449494,0.07775934795639698,0.7750609096291079
285,0.26392631561945756,0.09251911999189807,0.6435545643886441
286,0.08060420389320098,0.20516919370303818,0.7142266024037606
287,0.18735848728047763,0.14962077670415477,0.6630207360153675
288,0.7089051365600816,0.04449195273060421,0.24660291070931437
289,0.05982025621739125,0.23132712763672467,0.708852616145884
290,0.23532555482528783,0.07501239762289107,0.6896620475518209
291,0.06678558351352189,0.03298964446099777,0.9002247720254803
292,0.04527065427570226,0.2601552622572492,0.6945740834670484
293,0.08981661681993602,0.0653427338430862,0.8448406493369776
294,0.16598855796891374,0.1992800414539858,0.6347314005771004
295,0.07958404357637755,0.2551734042856851,0.6652425521379374
296,0.05895035513283688,0.7267948647054487,0.2142547801617145
297,0.10321612528052157,0.556937209035661,0.3398466656838174
298,0.2098741522834039,0.3286448585932477,0.4614809891233484
299,0.09474011205503104,0.30659608837231955,0.5986637995726496
300,0.21319682511257057,0.1911448593754591,0.5956583155119702
301,0.16522717332081263,0.10255136889923269,0.7322214577799545
302,0.138824657246062,0.38977711835766743,0.47139822439627044
303,0.20948104232031792,0.08546201246524911,0.7050569452144327
304,0.28234872319220317,0.09438898528344017,0.6232622915243565
305,0.12168730363147434,0.03875263519369488,0.8395600611748304
306,0.16502489650767913,0.23855323788065574,0.5964218656116651
307,0.3168516029784427,0.1221987450586609,0.5609496519628965
308,0.03896166500585887,0.2153686769734568,0.7456696580206842
309,0.11439675365904108,0.2353660688791421,0.6502371774618169
310,0.36775977227124207,0.31506707569709247,0.31717315203166546
311,0.06882586053791975,0.08186224765128688,0.8493118918107934
312,0.5696070523284511,0.19132736991558869,0.23906557775596016
313,0.14446886622371066,0.15091291343818353,0.704618220338106
314,0.36544826875804387,0.37377286982281616,0.2607788614191399
315,0.06782409954810598,0.07149267150866201,0.8606832289432318
316,0.14768596535302414,0.2036280002697851,0.6486860343771909
317,0.5144068474495611,0.14444909197489494,0.3411440605755442
318,0.026820344322410063,0.07872521147389644,0.8944544442036935
319,0.18161975586300008,0.1382945155396621,0.6800857285973375
320,0.10706376200619586,0.25531079269848106,0.6376254452953232
321,0.2849350579276362,0.41703209265706975,0.298032849415294
322,0.0889825746303416,0.034208139220496564,0.8768092861491616
323,0.03591416910667214,0.36686095389899875,0.597224876994329
324,0.2337299040605984,0.3018478616838648,0.4644222342555369
325,0.2978805486716287,0.07901778360396378,0.6231016677244073
326,0.26160162054906605,0.06172624075249915,0.6766721386984349
327,0.14585009863440054,0.1544861157641727,0.6996637856014267
328,0.09658003080023744,0.2570842375820028,0.6463357316177598
329,0.31263407597298315,0.11882235215012821,0.5685435718768885
330,0.23363072638676424,0.5499810306696654,0.21638824294357037
331,0.11531302100726747,0.3575555655514436,0.5271314134412889
332,0.6965232384832432,0.09412489072813521,0.2093518707886216
333,0.29828284932694904,0.15162523944720305,0.550091911225848
334,0.030482757764762173,0.33172897659341766,0.6377882656418202
335,0.5559698924731182,0.1435720430107527,0.30045806451612905
336,0.1123447000154539,0.44017546305886796,0.44747983692567816
337,0.12571502053509304,0.11549753808102425,0.7587874413838825
338,0.16665926571634082,0.07375316993570177,0.7595875643479572
339,0.15919110459433042,0.3141507587394684,0.5266581366662012
340,0.23891271233406122,0.1801094957026486,0.5809777919632901
341,0.11689522498427987,0.23216005463288802,0.650944720382832
342,0.44793681888307124,0.1857783957127603,0.36628478540416837
343,0.08683509301584362,0.25499374095417354,0.6581711660299828
344,0.38175933026584863,0.3477255197682345,0.27051514996591686
345,0.2760069929471558,0.06332055841723792,0.6606724486356064
346,0.2763711728125513,0.12917532959976685,0.5944534975876816
347,0.8,0.075,0.125
348,0.034333718790585346,0.38564723009758967,0.5800190511118251
349,0.1591689715060307,0.04653143091701486,0.7942995975769545
350,0.043268181818181824,0.8184699134199134,0.13826190476190475
351,0.09735850907593249,0.10374934163056311,0.7988921492935043
352,0.22915452830528393,0.2602745327171505,0.5105709389775653
353,0.13093311817650094,0.144292888844671,0.7247739929788279
354,0.1278904678711521,0.23785877040602152,0.6342507617228264
355,0.24323031422600386,0.4411317547395134,0.31563793103448273
356,0.11710454035403836,0.12804743989937195,0.7548480197465897
357,0.1245912132852317,0.23729680756035562,0.6381119791544126
358,0.016980370200978433,0.22771079768177738,0.755308832117244
359,0.07692653748200975,0.4728647799018865,0.4502086826161038
360,0.21156986531986532,0.42023989898989894,0.36819023569023573
361,0.2452298716254833,0.4156871801032175,0.3390829482712992
362,0.016466385165880712,0.08609505500736298,0.8974385598267562
363,0.02924836079255466,0.2806000034537181,0.6901516357537271
364,0.12786864801875186,0.4823923322400778,0.3897390197411703
365,0.26253393001352365,0.06656533655153538,0.6709007334349408
366,0.1630179152898181,0.22242013734855534,0.6145619473616266
367,0.07925982483257635,0.15463867941391832,0.7661014957535053
368,0.22881014640937,0.13321785749781984,0.63797199609281
369,0.24027912523522094,0.17416381782024312,0.5855570569445359
370,0.3906427427392509,0.08905193262760154,0.5203053246331476
371,0.02848206516484915,0.08955720181595715,0.8819607330191936
372,0.4452669552669553,0.24005230880230882,0.314680735930736
373,0.024822371925749712,0.14034065355603273,0.8348369745182174
374,0.04486015905440551,0.7370273067731848,0.21811253417240967
375,0.12238576256031669,0.17060486038569586,0.7070093770539876
376,0.1423379120743196,0.07961191178117255,0.7780501761445073
377,0.10089737244671569,0.1672822080038384,0.7318204195494458
378,0.4332031012620161,0.2536580725630538,0.3131388261749301
379,0.16285104304344017,0.14097089544581387,0.6961780615107458
380,0.5886878834089636,0.14402763176944441,0.26728448482159195
381,0.17384121707429995,0.15372625158168815,0.6724325313440118
382,0.06581718957055294,0.36670610203751947,0.5674767083919274
383,0.10960420182609205,0.10143947518007675,0.7889563229938308
384,0.42636267833349867,0.21688362491223767,0.35675369675426355
385,0.09216201231450215,0.07203328146098009,0.8358047062245174
386,0.84,0.08,0.08
387,0.0495240997425186,0.17865285423084834,0.7718230460266328
388,0.30031152383137644,0.04790864408613937,0.6517798320824842
389,0.11180389930098654,0.06722769001197293,0.8209684106870404
390,0.18614254120138296,0.34358674366013275,0.4702707151384843
391,0.11777471003112153,0.06691712958901393,0.8153081603798641
392,0.83,0.03,0.14
393,0.049131385663382016,0.2893044845343117,0.6615641298023062
394,0.08471408379609427,0.14603453241885775,0.7692513837850475
395,0.11851709985863618,0.4030104428138147,0.4784724573275491
396,0.19614583333333335,0.7311458333333334,0.07270833333333333
397,0.24156110166296504,0.09775455157700864,0.6606843467600264
398,0.01632436079212802,0.3056525917259567,0.678023047481915
399,0.2588987130229028,0.1503245015205857,0.5907767854565115
400,0.06586810017685134,0.4234108864215076,0.510721013401641
401,0.0314087918948827,0.04784318818918539,0.9207480199159319
402,0.04243865709527819,0.11163816630058906,0.8459231766041324
403,0.5770616829763043,0.15716289678444892,0.2657754202392468
404,0.15349535229764574,0.3224477788621412,0.524056868840213
405,0.5090376736157013,0.11051266076548728,0.38044966561881155
406,0.44799619126767226,0.07961889037669065,0.4723849183556371
407,0.019002209685294737,0.22042718263280003,0.7605706076819051
408,0.3559382636420153,0.2470062423277945,0.3970554940301902
409,0.37566812052589443,0.10127086860307873,0.5230610108710269
410,0.05777033839459156,0.1333305374777027,0.8088991241277057
411,0.13573124467828876,0.10084643488387313,0.7634223204378381
412,0.91,0.038461538461538464,0.05153846153846153
413,0.3905375841708675,0.09958435073273444,0.5098780650963981
414,0.2830801633386891,0.22561145120158005,0.4913083854597308
415,0.7119794958021124,0.04309977882098041,0.2449207253769071
416,0.13917151243011325,0.10188311509231181,0.758945372477575
417,0.033258457615795815,0.11589459349031146,0.8508469488938925
418,0.4733853063331441,0.07558624346683702,0.4510284502000191
419,0.0711605696112097,0.28813564816872367,0.6407037822200665
420,0.12712465091818415,0.03199092292993358,0.840884426151882
421,0.49805925131981643,0.1046656842614244,0.39727506441875915
422,0.7372150367211026,0.00628696280145424,0.2564980004774433
423,0.3256969747321332,0.1187599688675477,0.5555430564003191
424,0.021525974025974025,0.7314267676767677,0.24704725829725832
425,0.02217756691773661,0.1285497691058586,0.8492726639764046
426,0.11097125126560081,0.23922904842279963,0.6497997003115995
427,0.055799999044299387,0.2025942197982269,0.7416057811574734
428,0.22568339137763782,0.38717418767006573,0.38714242095229634
429,0.10554386751985985,0.02711072312525358,0.8673454093548864
430,0.10066454804984713,0.11007696030220775,0.7892584916479448
431,0.734423074640786,0.045071302068365716,0.22050562329084822
432,0.290621440777293,0.21375980951276607,0.4956187497099409
433,0.07881394046215305,0.28636973579515496,0.6348163237426919
434,0.020467831627743367,0.18556582147423728,0.793966346898019
435,0.2763532838507561,0.3906011128357006,0.3330456033135433
436,0.4460119921694409,0.059968375552455856,0.49401963227810325
437,0.30140142691934035,0.1955323260068113,0.5030662470738484
438,0.046313641801205764,0.09744306839805603,0.8562432898007379
439,0.16746513369035973,0.09120908764720091,0.7413257786624393
440,0.1483931395789999,0.21453513763746251,0.6370717227835376
441,0.02913852981780833,0.1974938295260336,0.7733676406561579
442,0.0403674141103555,0.23954420723531256,0.7200883786543316
443,0.294644768770391,0.24020725456907308,0.46514797666053603
444,0.0502163033471159,0.13787276280011743,0.8119109338527666
445,0.13218781984346464,0.20576544931789012,0.6620467308386452
446,0.06543486768814659,0.4009335028906106,0.5336316294212429
447,0.28066604092257363,0.14809605497381784,0.5712379041036084
448,0.06988177738747094,0.05951861347749974,0.8705996091350291
449,0.3109169196101651,0.1868197336285996,0.5022633467612353
450,0.3339542715186454,0.17468060480652148,0.491365123674833
451,0.03166052411542752,0.6925723557388845,0.275767120145688
452,0.00898707329166876,0.3364838058972059,0.6545291208111251
453,0.412342326328761,0.32928689731117644,0.2583707763600626
454,0.04791015474572409,0.34485723370476956,0.6072326115495063
455,0.5018317730942708,0.07242465825855554,0.4257435686471737
456,0.14695618644523212,0.16112851414098742,0.6919152994137804
457,0.3303654414999879,0.10984729940778877,0.5597872590922234
458,0.22575720294244886,0.3164949018880763,0.45774789516947484
459,0.4446214147815774,0.19381051407640165,0.36156807114202094
460,0.35711893039897413,0.26973490036049125,0.37314616924053473
461,0.14656699384826966,0.27561495121057883,0.5778180549411513
462,0.28550249177984044,0.17676104551844218,0.5377364627017174
463,0.13418444951514388,0.3535524071384103,0.512263143346446
464,0.08917498554871779,0.031075843109451516,0.8797491713418306
465,0.09162583018103593,0.04999477293331724,0.8583793968856466
466,0.11039975002472714,0.18583372032255177,0.703766529652721
467,0.3178574429731984,0.03798463075472334,0.644157926272078
468,0.1396175856337621,0.48166996454202343,0.37871244982421454
469,0.3613803266368595,0.1390484359261988,0.4995712374369419
470,0.99,0.0,0.01
471,0.5708487021857924,0.3261458333333333,0.1030054644808743
472,0.06986341336457004,0.07835567332188136,0.8517809133135483
473,0.7116245898345945,0.14159110694435142,0.14678430322105404
474,0.3625392734413353,0.372125675012273,0.26533505154639175
475,0.14953797120627813,0.17358702572570145,0.6768750030680202
476,0.5515318100819389,0.0597518641624481,0.38871632575561293
477,0.22604950631262763,0.15679876385517433,0.6171517298321979
478,0.2937807458749923,0.41568202057789866,0.29053723354710903
479,0.3354781021037243,0.16942947679129527,0.4950924211049804
480,0.07036184421676517,0.16379028437493623,0.7658478714082985
481,0.05510851653853168,0.37624087112739063,0.5686506123340778
482,0.21161725067385442,0.610188679245283,0.17819407008086252
483,0.08239865653520609,0.10814997205705967,0.8094513714077342
484,0.21159112570534483,0.04070539065556558,0.7477034836390896
485,0.44555836420969663,0.18150160810273014,0.37294002768757323
486,0.12444636940901495,0.22029018459165883,0.6552634459993262
487,0.19488173956039112,0.1431662742380824,0.6619519862015264
488,0.11441845041414009,0.3055390028967615,0.5800425466890985
489,0.19651766617409494,0.05815979766433751,0.7453225361615675
490,0.05456934485402833,0.3641911183237933,0.5812395368221782
491,0.07791389301413391,0.06259374641790204,0.859492360567964
492,0.09013999026496738,0.17454993653876794,0.7353100731962645
493,0.13507720993399291,0.06752547511816044,0.7973973149478464
494,0.10334897199585003,0.6374861141451501,0.25916491385899987
495,0.12712358852031122,0.520597912992298,0.35227849848739085
496,0.20852029095913735,0.11091928778160477,0.6805604212592578
497,0.97,0.0,0.03
498,0.5499583979665469,0.12609330956562256,0.32394829246783063
499,0.10180326440595479,0.0798667017555229,0.8183300338385222
500,0.02904822034311645,0.2497547017139573,0.7211970779429261
501,0.20881990462799085,0.1053029650217904,0.6858771303502185
502,0.278599190923025,0.41405023745424674,0.30735057162272844
503,0.25821038955880515,0.19918808440717775,0.5426015260340169
504,0.051551704376637586,0.05104405835206535,0.8974042372712969
505,1.0,0.0,0.0
506,0.15631477655005613,0.1883292058197561,0.6553560176301876
507,0.2590079889700054,0.2710607558766986,0.46993125515329603
508,0.17783311416482475,0.07812581102205332,0.7440410748131218
509,0.93,0.01,0.06
510,0.010692640692640693,0.5438358585858586,0.44547150072150066
511,0.2006607744107744,0.6344823232323232,0.16485690235690234
512,0.07510554256929537,0.25606947425376286,0.6688249831769417
513,0.10857760493065564,0.1455565046774118,0.7458658903919325
514,0.46727495224215976,0.17349488795207224,0.35923015980576795
515,0.08712121212121213,0.5983844396344397,0.31449434824434824
516,0.732902919225536,0.05410578482698642,0.21299129594747765
517,0.020473337942662373,0.40717317669357195,0.5723534853637656
518,0.2918061241429686,0.5087313417556208,0.19946253410141054
519,0.19447954507286447,0.07413523785147948,0.7313852170756558
520,0.27895952319363504,0.08709310955373714,0.6339473672526278
521,0.1269931188396602,0.21156289356076882,0.661443987599571
522,0.35934127289357426,0.11313112843183724,0.5275275986745883
523,0.626823671991319,0.07712743457743458,0.2960488934312464
524,0.18163101604278076,0.2852339572192513,0.5331350267379679
525,0.06791001069482559,0.08880486532523676,0.8432851239799374
526,0.14718762551707415,0.459860243558461,0.39295213092446474
527,0.1270004490871723,0.10214513858219751,0.7708544123306302
528,0.13559603373468673,0.06668777114524158,0.7977161951200712
529,0.24810905449370105,0.19810026210017276,0.5537906834061261
530,0.27750352027413194,0.3789531067441441,0.34354337298172394
531,0.09854626194634189,0.36806119850060914,0.5333925395530489
532,0.2514718847320796,0.16655919755558876,0.5819689177123317
533,0.25148958610188216,0.18785001277337746,0.5606604011247404
534,0.07203240873393951,0.07705808053358822,0.850909510732472
535,0.21303458091123417,0.08998910176810894,0.6969763173206566
536,0.185553749999731,0.17919608916477267,0.6352501608354962
537,0.06211489992897193,0.45964837648922346,0.4782367235818046
538,0.7370566265828538,0.01321380611942659,0.2497295672977198
539,0.3568002724174623,0.07840013261492308,0.5647995949676146
540,0.3414576527766712,0.18309349114870588,0.475448856074623
541,0.11640448796886192,0.48279315891907565,0.40080235311206247
542,0.46386806857183066,0.127249916155386,0.4088820152727834
543,0.08449988013109229,0.05520869145847605,0.8602914284104315
544,0.2925614274209333,0.21074712598546924,0.49669144659359743
545,0.5436735874560692,0.12224837600895995,0.3340780365349708
546,0.4860700154248541,0.23412041685428786,0.2798095677208581
547,0.4769779526903215,0.2498411377644511,0.2731809095452274
548,0.10547053737391861,0.3289073874798439,0.5656220751462375
549,0.03354516524690279,0.029794820837557075,0.9366600139155401
550,0.18955792633309376,0.10762518868193198,0.7028168849849741
551,0.06622381111064816,0.18988970735125166,0.7438864815381001
552,0.06717008852678238,0.33544333471438814,0.5973865767588294
553,0.24872410075562826,0.08102283374938937,0.6702530654949822
554,0.3022651264273831,0.24784757098056012,0.44988730259205667
555,0.028214749471378028,0.2657273256501351,0.7060579248784867
556,0.7,0.07,0.23
557,0.6675929027605497,0.05640093885093886,0.27600615838851134
558,0.41691746294024346,0.12379199575268032,0.45929054130707636
559,0.03673549330285077,0.2842403390038884,0.6790241676932608
560,0.24750277772725696,0.14695912061816366,0.6055381016545792
561,0.10404734485105138,0.10991192970491895,0.7860407254440294
562,0.452360675650297,0.1904364010579532,0.3572029232917498
563,0.15038803941556236,0.34791781511047565,0.501694145473962
564,0.2796460630440613,0.09019117771360725,0.6301627592423314
565,0.98,0.0,0.02
566,0.38470350237913853,0.12238659197489495,0.4929099056459667
567,0.1553314393281032,0.07759029609129711,0.7670782645805992
568,0.24147188473207962,0.1771474328497064,0.5813806824182141
569,0.06550982483257634,0.17191845608885628,0.7625717190785672
570,0.35589876489392724,0.12429517450823395,0.519806060597839
571,0.08191501502815109,0.18520215901717765,0.7328828259546711
572,0.09848504812219842,0.44858751563098953,0.4529274362468121
573,0.1764777942376118,0.3327330487279181,0.49078915703447007
574,0.26413317736715647,0.5109777626958093,0.22488905993703445
575,0.14588885145570854,0.07366460156061425,0.7804465469836771
576,0.07622182097226479,0.07293999142999186,0.8508381875977432
577,0.41517675668327675,0.07456160951194044,0.5102616338047827
578,0.3308862554060241,0.10953270511824288,0.5595810394757329
579,0.005968656184173426,0.8042465417724037,0.18978480204342277
580,0.11119592716476363,0.0663082510844655,0.8224958217507706
581,0.11787674414456772,0.17126189228199715,0.7108613635734351
582,0.8322135076252724,0.05487332710862122,0.11291316526610644
583,0.5429963403430171,0.08122090513272232,0.3757827545242606
584,0.26549973795509524,0.2996285225353294,0.43487173950957514
585,0.03329379355995847,0.2841751655823793,0.6825310408576621
586,0.10209760426492513,0.3612672161193869,0.536635179615688
587,0.10364817029161147,0.48678301687734565,0.40956881283104285
588,0.28488173956039115,0.1431662742380824,0.5719519862015264
589,0.14913952407651726,0.25876580095754076,0.5920946749659419
590,0.15514247767271094,0.3123938801047029,0.532463642222586
591,0.12663458812867467,0.24548885163601752,0.6278765602353078
592,0.44271016987664596,0.11060899322352999,0.4466808368998242
593,0.18202553017149267,0.1067651758109508,0.7112092940175565
594,0.1224510504785734,0.5315992725419332,0.3459496769794935
595,0.3541009803240601,0.10393986361100413,0.5419591560649358
596,0.19864379996281833,0.43498322178843657,0.36637297824874515
597,0.28574524306262417,0.30155450720401267,0.4127002497333631
598,0.10403633784834562,0.05257640428412148,0.8433872578675328
599,0.24503045150207192,0.14278312982386254,0.6121864186740654
600,0.41735540844546415,0.07425129954536402,0.5083932920091718
601,0.145515112055031,0.2739960883723195,0.5804887995726495
602,0.3914907243217561,0.06055352009507013,0.5479557555831737
603,0.13378551181678763,0.30796028830591593,0.5582541998772965
604,0.055740218648746016,0.21210399109994665,0.7321557902513074
605,0.19455718669680686,0.09979725487423238,0.7056455584289607
606,0.07189462547112056,0.11102554425899423,0.8170798302698848
607,0.09388988046079838,0.1746816608613707,0.7314284586778308
608,0.12573856985726967,0.22481075196274466,0.6494506781799858
609,0.20114788846690687,0.34297227902749383,0.4558798325055994
610,0.7626671059745876,0.10438725199295788,0.1329456420324544
611,0.14786864801875185,0.5023923322400778,0.3497390197411703
612,0.200882659142854,0.25111427211066334,0.5480030687464827
613,0.1092983622336846,0.42557721107108226,0.4651244266952331
614,0.13152031454783747,0.6618543230469837,0.20662536240517893
615,0.24588751042558266,0.13032991940418145,0.623782570170236
616,0.10253609602332128,0.2591361402372529,0.6383277637394257
617,0.13354827522785268,0.12491411487244822,0.741537609899699
618,0.2030405183837567,0.6215554913832658,0.17540399023297748
619,0.1256586222338104,0.3088982210574877,0.5654431567087019
620,0.052283688466170215,0.7834615313721155,0.16425478016171446
621,0.12476350465552893,0.20974299356790232,0.6654935017765686
622,0.275902254739186,0.12573950900088918,0.5983582362599248
623,0.5352966400004021,0.1173610272664971,0.34734233273310083
624,0.2070406425476451,0.13710918321040313,0.6558501742419516
625,0.26343602327652005,0.13494288302640514,0.6016210936970746
626,0.36342976835677293,0.06686126103383534,0.5697089706093919
627,0.11810447218824124,0.2188942429753755,0.6630012848363832
628,0.11077500497627896,0.3238062604495543,0.5654187345741668
629,0.17040685296681166,0.2740237184887998,0.5555694285443885
630,0.19413069089482213,0.22333932607168006,0.5825299830334977
631,0.39976030699196635,0.2900979189606635,0.3101417740473702
632,0.11013278411925037,0.06208465881301594,0.8277825570677334
633,0.24596660194503756,0.1969061588592077,0.5571272391957548
634,0.06395040984643723,0.45979968478797906,0.47624990536558365
635,0.47383905247014907,0.019180849001508734,0.5069800985283421
636,0.14823593991076872,0.1387801744089684,0.7129838856802627
637,0.08451411627313131,0.0655580213687139,0.8499278623581544
638,0.4815876753362712,0.25104635310156787,0.267365971562161
639,0.11980426496358872,0.360973979413119,0.5192217556232923
640,0.84,0.03,0.13
641,0.11661921927621564,0.21580135163601752,0.6675794290877668
642,0.2644222802665267,0.3067605791015791,0.42881714063189413
643,0.22583283227465872,0.1512337430125761,0.622933424712765
644,0.94,0.0,0.06
645,0.17181560681652233,0.19023912410057012,0.6379452690829076
646,0.11358046993281853,0.09113726489913355,0.7952822651680478
647,0.21563032531309154,0.09867200249891506,0.6856976721879933
648,0.14284723269936125,0.09502451885013868,0.7621282484505
649,0.5596390452457366,0.05943974425129477,0.38092121050296873
650,0.1342215959748143,0.23152987401318814,0.6342485300119974
651,0.20238858704308194,0.10633642292203788,0.6912749900348802
652,0.13739511926198947,0.2317748271908751,0.6308300535471354
653,0.019649640557080347,0.14783773425538071,0.8325126251875388
654,0.06599354957707695,0.44445056862636284,0.48955588179656007
655,0.15852994850517452,0.1480979765360898,0.6933720749587355
656,0.5139871555223181,0.1629910696319572,0.3230217748457247
