,proba_0,proba_1,proba_2
0,0.22977970027267286,0.16141852376145016,0.608801775965877
1,0.19066154607785965,0.11014318058228623,0.6991952733398543
2,0.9586219336219336,0.02468109668109668,0.016696969696969696
3,0.25776090844991395,0.23265052508536713,0.5095885664647192
4,0.19399666452525977,0.1250721743490223,0.680931161125718
5,0.17774465945380746,0.1567145573799104,0.6655407831662822
6,0.2008554192436276,0.2688661955356257,0.5302783852207473
7,0.1710773790315595,0.49997990923539004,0.3289427117330508
8,0.22382330680214324,0.05893617882329792,0.717240514374559
9,0.14943752038730218,0.22248981716368388,0.6280726624490144
10,0.20297697791811917,0.4240575783190993,0.3729654437627821
11,0.3051296295519271,0.1759101402961666,0.5189602301519063
12,0.2677444290829971,0.21731070170270178,0.5149448692143013
13,0.20531114985092297,0.11452491498851841,0.6801639351605587
14,0.2583697122032744,0.15783910333740017,0.5837911844593259
15,0.15629305625985995,0.43011502908081867,0.4135919146593221
16,0.22714831431876384,0.13580328990582952,0.6370483957754065
17,0.22123857105587053,0.15112586096769884,0.6276355679764304
18,0.509091482792355,0.13865135057738365,0.35225716663026124
19,0.20481615868415254,0.16321208210055171,0.6319717592152958
20,0.22392159984117527,0.3376450279488659,0.4384333722099592
21,0.08544708612443956,0.4170208442207332,0.49753206965482755
22,0.14746894416751738,0.22007710397714655,0.6324539518553358
23,0.21030995320069706,0.10471496914497004,0.6849750776543331
24,0.27716765372172747,0.12099062450075053,0.601841721777522
25,0.18769217045067818,0.3353463197704626,0.4769615097788601
26,0.26675908400544923,0.2539211971908761,0.4793197188036744
27,0.9363958008182961,0.024111866076575287,0.03949233310512874
28,0.23926924648609257,0.15744919493611778,0.6032815585777895
29,0.731225894652216,0.0727875053248262,0.19598660002295754
30,0.23073590419170273,0.22933481862615088,0.5399292771821466
31,0.17001813217523676,0.2872299121021578,0.5427519557226056
32,0.1541178180942338,0.0762994070712289,0.7695827748345375
33,0.21875953755576788,0.15714309334464502,0.6240973690995872
34,0.17607142882413573,0.17960900579608338,0.6443195653797811
35,0.3269655423110708,0.07989174654567646,0.5931427111432523
36,0.26855950475052215,0.1639029023520769,0.5675375928974011
37,0.631722907453488,0.09581671562175094,0.272460376924761
38,0.16106774227215118,0.5582609216940434,0.2806713360338055
39,0.12223959561473156,0.2097080133558164,0.6680523910294521
40,0.25101598019122107,0.17517863289105337,0.5738053869177259
41,0.14947810385201568,0.15849075065966672,0.6920311454883177
42,0.08177679120677879,0.4341859583656307,0.4840372504275906
43,0.30186427641898367,0.15802334920660335,0.5401123743744131
44,0.19471214449827348,0.12555047464854993,0.6797373808531769
45,0.219674293515058,0.17010755425617663,0.6102181522287654
46,0.34617213786313483,0.12533415710382642,0.5284937050330386
47,0.1586786825037977,0.19979155316756989,0.6415297643286327
48,0.22402071301392507,0.23875310957651805,0.5372261774095564
49,0.18754182005983877,0.10044613423589961,0.7120120457042614
50,0.10839932307743004,0.14926730138498898,0.7423333755375805
51,0.12139020393850908,0.2451562041388414,0.6334535919226496
52,0.16036068822668076,0.14717452049660762,0.6924647912767112
53,0.7397621956517163,0.0707394116839478,0.18949839266433552
54,0.1638719787992978,0.22245830760222665,0.6136697135984756
55,0.10673941258183116,0.1371013475730148,0.7561592398451539
56,0.18164463152025248,0.0660382848494783,0.7523170836302694
57,0.1950707908602266,0.1356015049765235,0.6693277041632503
58,0.28267684872028326,0.11359546907041854,0.6037276822092982
59,0.24516720110486762,0.15131798523681667,0.6035148136583166
60,0.14918635498461377,0.1845812011291859,0.6662324438862001
61,0.1760056264952633,0.1118189506357238,0.7121754228690128
62,0.2399438832983151,0.1932963615825632,0.5667597551191218
63,0.12657038128561915,0.2023848015893734,0.6710448171250076
64,0.1778824442865114,0.3335151666255226,0.4886023890879667
65,0.18751409373786185,0.1684035322074515,0.6440823740546874
66,0.23305160773835892,0.20054464329835653,0.5664037489632848
67,0.2281874918195127,0.1827131920973889,0.5890993160830985
68,0.060906168649076886,0.3635473674380176,0.5755464639129056
69,0.22657615162605946,0.18263204609399253,0.5907918022799482
70,0.6704601563641351,0.22960914588033784,0.09993069775552688
71,0.22075867885191414,0.23782727175355187,0.5414140493945341
72,0.3146943554282292,0.06731628371250924,0.617989360859262
73,0.3622475242454035,0.3095878445209649,0.3281646312336317
74,0.057760002479577216,0.33988568650393247,0.6023543110164911
75,0.9526774891774893,0.012667207792207792,0.03465530303030303
76,0.18898998618734397,0.12688218047901909,0.6841278333336366
77,0.21498968036992758,0.18411645492292475,0.600893864707148
78,0.21212262674398033,0.16633409674623104,0.6215432765097889
79,0.5902434404417558,0.03793473060268575,0.3718218289555583
80,0.36182328885091786,0.13259164771530235,0.5055850634337796
81,0.229021514435988,0.1582870451061714,0.6126914404578409
82,0.7315387179888967,0.07576191466547545,0.19269936734562737
83,0.08006012422355117,0.3528499862539866,0.5670898895224625
84,0.10495083265112438,0.26408072699884444,0.630968440350031
85,0.21280814826792852,0.34712062299701646,0.4400712287350553
86,0.8385539682539681,0.08768392857142857,0.07376210317460317
87,0.24872017142677236,0.29388201375799844,0.45739781481522973
88,0.2396011425674419,0.16310616541475886,0.5972926920177992
89,0.10183666453164966,0.17927464998785816,0.7188886854804925
90,0.19663330381194966,0.27725787934769247,0.5261088168403579
91,0.19928274159088186,0.08333259505725164,0.7173846633518662
92,0.1588736236706843,0.23891077864151683,0.6022155976877993
93,0.19812805593319205,0.14978881549234072,0.6520831285744675
94,0.07691874200376728,0.38377473922513133,0.5393065187711019
95,0.19554059845990512,0.32275232774235846,0.48170707379773714
96,0.30569014382888976,0.1956553619027707,0.4986544942683398
97,0.2540163960110366,0.27232351015532047,0.47366009383364355
98,0.20070937903848757,0.13978892560365108,0.6595016953578617
99,0.28139391082534226,0.20018780971968472,0.5184182794549733
100,0.19114939126125582,0.3888782525781027,0.4199723561606419
101,0.2915410279343124,0.2980902044299423,0.41036876763574526
102,0.2236194175491129,0.09984639539092706,0.67653418705996
103,0.07977021673059483,0.29089361662173546,0.6293361666476702
104,0.2465593769036037,0.11933897093928335,0.6341016521571128
105,0.2263389861521291,0.14493940485125728,0.6287216089966144
106,0.22383155100237934,0.26098153824227194,0.5151869107553493
107,0.08512219319044115,0.3894032189065285,0.5254745879030305
108,0.2543579083223029,0.2759642055490119,0.4696778861286852
109,0.18936728976078673,0.17478930872261025,0.6358434015166035
110,0.16136364568683792,0.3185275718189989,0.5201087824941636
111,0.3148269745372004,0.13332866722053044,0.5518443582422691
112,0.41289163196335893,0.17593766670624342,0.41117070133039746
113,0.15939233685361706,0.18427608117121858,0.6563315819751648
114,0.24888090881576352,0.18405625800891195,0.5670628331753246
115,0.2026585006379427,0.09810772779203353,0.6992337715700238
116,0.15468245531760919,0.1720823498869368,0.6732351947954546
117,0.20471220412737803,0.15970814519152554,0.6355796506810966
118,0.22492133194972266,0.13770195630551596,0.6373767117447615
119,0.19241526027460168,0.1689102484827975,0.6386744912426012
120,0.3013682488997199,0.15236767398017478,0.5462640771201056
121,0.10731906524250934,0.2015799306306386,0.6911010041268519
122,0.19645422734162407,0.14536272520472382,0.6581830474536522
123,0.1698093042832899,0.48175811258338486,0.34843258313332576
124,0.18706236071955254,0.14940135329873788,0.6635362859817099
125,0.22346465554145606,0.1572609693068932,0.6192743751516511
126,0.22617007325822225,0.13189122304537787,0.6419387036964007
127,0.2128845826039246,0.1839002545385685,0.6032151628575071
128,0.30612511196434034,0.33985758723794307,0.3540173007977171
129,0.1210020545273612,0.4482906640116412,0.4307072814609981
130,0.27502674271727007,0.23737927433569875,0.48759398294703127
131,0.26612977030562307,0.09607159864524799,0.637798631049129
132,0.21521693995888364,0.16504370087022324,0.6197393591708933
133,0.678675569727932,0.07635892607777396,0.24496550419429453
134,0.24591240511198584,0.09232369577165375,0.6617638991163609
135,0.10931055797574447,0.174457881138675,0.7162315608855806
136,0.1986940250701574,0.15336530079719068,0.6479406741326523
137,0.21616675712682312,0.13094838173250536,0.6528848611406718
138,0.24158339254994446,0.1705732345267947,0.5878433729232609
139,0.05603092710227614,0.3712539570131701,0.5727151158845539
140,0.21868753540934593,0.170367985776186,0.6109444788144681
141,0.11630827710199117,0.23771501711538542,0.6459767057826239
142,0.23440015519058408,0.480370506793236,0.2852293380161802
143,0.289391883694075,0.17756683009161559,0.5330412862143094
144,0.2956160036100772,0.17668715890612205,0.5276968374838008
145,0.2890251059035684,0.14539492244559254,0.5655799716508393
146,0.23938776790908517,0.15653043166515532,0.6040818004257592
147,0.23247003989980833,0.17754389757509872,0.5899860625250931
148,0.12110947268290949,0.21371625632962882,0.6651742709874615
149,0.20024367679023067,0.1379045811530449,0.6618517420567253
150,0.24142924622892625,0.22037435348260362,0.5381964002884698
151,0.20701560216763212,0.1985903081794354,0.5943940896529329
152,0.4227113144608675,0.31689726635312715,0.2603914191860056
153,0.2238528024037747,0.12124279907361829,0.6549043985226074
154,0.1487509223195071,0.2703665628027028,0.58088251487779
155,0.2995510689110526,0.18341561535239423,0.5170333157365532
156,0.19541236137130624,0.39996562189662554,0.4046220167320687
157,0.32926195685698206,0.16958779258305942,0.5011502505599583
158,0.09882155301184904,0.28919961308619535,0.6119788339019556
159,0.17792918625891502,0.1682698026159099,0.6538010111251753
160,0.24221305114709457,0.17722748816508663,0.580559460687819
161,0.20481106466161997,0.169532791991493,0.6256561433468871
162,0.15194551621681207,0.2611308349010924,0.5869236488820947
163,0.17453074783117603,0.4755981734872872,0.3498710786815372
164,0.26678915967756406,0.16241788363405524,0.5707929566883808
165,0.2168449436413094,0.16477565304440406,0.6183794033142866
166,0.11238089933679983,0.28435100039002104,0.6032681002731795
167,0.34180479192926644,0.1494023770057886,0.508792831064945
168,0.15708896980572531,0.4020644257784008,0.4408466044158745
169,0.19650298968397525,0.13188917834163424,0.6716078319743908
170,0.19434550385329594,0.09234862794089643,0.7133058682058077
171,0.3147348882483155,0.17147198332405758,0.5137931284276271
172,0.1806145591752907,0.20752773004922753,0.6118577107754817
173,0.28266097593717965,0.14744537540579936,0.5698936486570214
174,0.20933882989575528,0.17771943619340289,0.6129417339108422
175,0.2570917677178532,0.16857547692102723,0.5743327553611199
176,0.11071070818572439,0.2860670174953596,0.6032222743189161
177,0.2426016675565647,0.1512411242808096,0.6061572081626265
178,0.20079791453887544,0.1599337881581967,0.6392682973029277
179,0.14434298424874875,0.11931508512585022,0.7363419306254012
180,0.13762627163308475,0.18372535777014729,0.6786483705967677
181,0.19550234097935223,0.17094026170766707,0.633557397312981
182,0.2738024940482105,0.13197691737568273,0.5942205885761068
183,0.3782952050506085,0.2755740035687814,0.3461307913806105
184,0.20446153040833254,0.19092892733450662,0.6046095422571608
185,0.21366787608622306,0.15212141552904995,0.6342107083847267
186,0.31959334806127,0.16416136962385858,0.5162452823148713
187,0.19808823724145744,0.11600682747780419,0.6859049352807387
188,0.19202441514812807,0.11152937254690973,0.6964462123049623
189,0.1653421001977746,0.11598443250294722,0.7186734672992787
190,0.31153868026430076,0.17974649704344603,0.5087148226922534
191,0.23561650878011475,0.12373518271444617,0.6406483085054397
192,0.20658457556010817,0.17286422713923125,0.6205511973006608
193,0.21662296511174212,0.14898557498429338,0.6343914599039656
194,0.13467301460666137,0.3883667099724871,0.476960275420852
195,0.2520629389557883,0.181401562196777,0.566535498847435
196,0.23827099479726963,0.1353637674217161,0.6263652377810143
197,0.14668815382307387,0.27334671850025605,0.5799651276766703
198,0.2924849235155085,0.10211561905087618,0.6053994574336151
199,0.07562726001726267,0.3511617677140897,0.5732109722686479
200,0.22087461150797688,0.13408826365093218,0.6450371248410914
201,0.21038363013982914,0.12368453071011812,0.665931839150053
202,0.08659234840933672,0.3968909273159616,0.5165167242747015
203,0.5562049822808361,0.061684702319086564,0.3821103154000773
204,0.1670007226308532,0.47878928621091227,0.35420999115823487
205,0.19286143580250123,0.16058577239269545,0.6465527918048036
206,0.19607729280689606,0.35495477052248753,0.44896793667061696
207,0.3221027806702039,0.187690300701148,0.49020691862864824
208,0.18935724378670885,0.4715946976253643,0.33904805858792747
209,0.9702886002886004,0.0026672077922077924,0.027044191919191916
210,0.1886718445526756,0.17128645082474464,0.64004170462258
211,0.35578846418943694,0.14808419729326072,0.49612733851730256
212,0.16028787827337496,0.3833189803853406,0.45639314134128467
213,0.6067783746104344,0.053560003653281084,0.3396616217362842
214,0.16193140857771163,0.21075979687668966,0.627308794545599
215,0.23249010555877272,0.22059638485382316,0.5469135095874043
216,0.18822367672777954,0.20009476994404168,0.6116815533281786
217,0.2514446622858168,0.24483663920483964,0.5037186985093434
218,0.29852473381105676,0.22122148991097823,0.480253776277965
219,0.26658025708362687,0.15941127581409467,0.5740084671022786
220,0.16726530518764302,0.2092122516771454,0.6235224431352114
221,0.17575098265585265,0.4615336273096021,0.36271539003454567
222,0.7211753082674844,0.037943627895939865,0.24088106383657512
223,0.264314448674672,0.22231311284061953,0.5133724384847087
224,0.22771510500103861,0.21854218358628338,0.5537427114126781
225,0.22687802897574502,0.1291125499520896,0.6440094210721659
226,0.0736065250181522,0.3195541606925904,0.6068393142892574
227,0.18845715011941105,0.19268622159827808,0.6188566282823109
228,0.19883049770237674,0.1457585731573353,0.6554109291402886
229,0.10596280360177966,0.22724250446841532,0.666794691929805
230,0.8198188613749895,0.03274596361819339,0.1474351750068169
231,0.19547306804174255,0.17339726500789965,0.6311296669503578
232,0.18510067057368618,0.15397638159945737,0.6609229478268565
233,0.18662400771061224,0.15878953225781353,0.6545864600315744
234,0.3433838786534491,0.20044050811917963,0.45617561322737116
235,0.27223049724964155,0.2863883331816876,0.4413811695686708
236,0.17934195518338417,0.4306818330423662,0.38997621177425
237,0.2736548514909301,0.08782227818210446,0.6385228703269653
238,0.23340591042628062,0.24233882162099196,0.5242552679527273
239,0.20192861460419753,0.16397834133013794,0.6340930440656652
240,0.27415381695420915,0.09667949103128101,0.62916669201451
241,0.18098251150928424,0.15266424665384273,0.6663532418368734
242,0.3830963053447186,0.19482729661996437,0.4220763980353168
243,0.18197815442069423,0.17172614271593886,0.6462957028633669
244,0.16032090335643023,0.3174619156284299,0.5222171810151405
245,0.37524618905073426,0.23212611404495598,0.3926276969043096
246,0.23013801355354202,0.33560030011414443,0.43426168633231405
247,0.15869319130746667,0.5456286900478253,0.29567811864470805
248,0.22360881248876902,0.12624457505041783,0.6501466124608136
249,0.2722737726009295,0.14350838444381814,0.584217842955252
250,0.2266864634000537,0.10876801270176484,0.6645455238981813
251,0.06749123761087189,0.28287809700750743,0.6496306653816206
252,0.3004367808306255,0.2023512688410886,0.4972119503282861
253,0.1353731157966689,0.39398622695682284,0.4706406572465085
254,0.31703952894487203,0.10205048039157513,0.5809099906635526
255,0.17541513328526004,0.238843259430887,0.5857416072838533
256,0.3107809382807682,0.13453674947084848,0.5546823122483833
257,0.24345924789837953,0.2392677614852346,0.5172729906163855
258,0.2549158911119914,0.11247456519890027,0.6326095436891083
259,0.18510165443518425,0.1701557505166181,0.6447425950481978
260,0.18648552100372193,0.1603262754765757,0.6531882035197029
261,0.22330205681414964,0.19380891477859585,0.5828890284072545
262,0.23535701609547852,0.13853505559274618,0.6261079283117753
263,0.23173749880573935,0.15238660186754338,0.615875899326718
264,0.07488413670784427,0.3132027616266058,0.6119131016655505
265,0.19664441178519776,0.14813091612750895,0.6552246720872937
266,0.20245717646162456,0.13039986008890955,0.6671429634494662
267,0.3013449113925101,0.19625640548491657,0.5023986831225733
268,0.18796833798693205,0.12653646573243485,0.6854951962806326
269,0.2714837685227424,0.19696075755906117,0.5315554739181961
270,0.23481588176440715,0.1454103475919301,0.6197737706436635
271,0.12396643677824408,0.3052456767990203,0.5707878864227363
272,0.2852481550039746,0.2516674838258131,0.4630843611702129
273,0.18411261163298762,0.14378493501705492,0.6721024533499574
274,0.2402494432596879,0.18802098092694514,0.5717295758133669
275,0.17778643784561152,0.12162552846444492,0.7005880336899437
276,0.24887716617392083,0.17811537845276643,0.5730074553733128
277,0.06780759615080394,0.25563261409735055,0.6765597897518454
278,0.2353377983732176,0.17938762881206913,0.5852745728147134
279,0.7449103651046237,0.07550642900009998,0.17958320589527635
280,0.2761197748499671,0.16747104259035403,0.5564091825596789
281,0.8425753918088795,0.039016205003129065,0.1184084031879914
282,0.1611744204411208,0.34544889162972076,0.4933766879291591
283,0.20490497180864925,0.19038501358875634,0.6047100146025942
284,0.1883214653994523,0.10855573957334068,0.703122795027207
285,0.27137430640460075,0.1312362750622688,0.5973894185331308
286,0.12410581524007981,0.2123503143948356,0.6635438703650847
287,0.20176191219496692,0.2612344329735851,0.5370036548314483
288,0.27553282484284664,0.1782072858107039,0.5462598893464495
289,0.22435315445428788,0.2446555943102366,0.5309912512354757
290,0.2014588459034475,0.12379328575505053,0.674747868341502
291,0.23986618073616522,0.060484030203285195,0.6996497890605498
292,0.20494380179672803,0.15185754828289763,0.6431986499203743
293,0.2551622362123604,0.13966782320764173,0.6051699405799973
294,0.1905556956931394,0.13307070102768206,0.6763736032791786
295,0.25432902815520714,0.326919625349258,0.41875134649553547
296,0.2058237242666566,0.4779652172622277,0.31621105847111647
297,0.3401420551366261,0.26890073278392895,0.3909572120794454
298,0.19676362261535094,0.2231814702130232,0.5800549071716261
299,0.08907924177316677,0.39517110154797275,0.5157496566788609
300,0.2726901993165636,0.18988487305199742,0.5374249276314387
301,0.1831467316132062,0.12371093492699713,0.6931423334597963
302,0.18092870791522575,0.1740782243779958,0.6449930677067779
303,0.22614017444504653,0.12313738574413481,0.6507224398108189
304,0.37869618693759344,0.1271325723571087,0.4941712407052977
305,0.159990511670609,0.09686996524629278,0.7431395230830982
306,0.20517434348353383,0.18301071188067528,0.6118149446357913
307,0.3116119168693282,0.15522882311214206,0.5331592600185296
308,0.050190464660203854,0.247453268308727,0.7023562670310689
309,0.07410703878237387,0.36806685401234845,0.5578261072052781
310,0.18279334313453208,0.16671755657760254,0.6504891002878653
311,0.25343564225037946,0.17682962790623005,0.5697347298433906
312,0.36331925639321255,0.1610311632705641,0.47564958033622345
313,0.1849207546011283,0.16731484356769577,0.6477644018311759
314,0.16960293734230653,0.5550459833444296,0.275351079313264
315,0.1778157506030892,0.13480200682934676,0.6873822425675636
316,0.09109815481159103,0.39320393682153415,0.515697908366875
317,0.23239707162982867,0.18239821368260015,0.5852047146875715
318,0.20086598875999342,0.15475278246975044,0.6443812287702565
319,0.18911337416476645,0.10793824253803075,0.7029483832972029
320,0.22067004800818413,0.1476950696407025,0.6316348823511133
321,0.33052181388322516,0.147038779202255,0.5224394069145198
322,0.17327908580689078,0.16595030304229072,0.6607706111508189
323,0.06964418217416123,0.2701485289242345,0.6602072889016045
324,0.16078747395061113,0.21250529965397608,0.6267072263954132
325,0.301388151146971,0.1375180936915955,0.5610937551614337
326,0.21133089189928606,0.10454875228821274,0.6841203558125014
327,0.2458153624557869,0.15573627870045234,0.598448358843761
328,0.07607157800347579,0.3415741040435904,0.5823543179529342
329,0.21033168183784293,0.15362679844936486,0.6360415197127924
330,0.151730432034422,0.3306492962672191,0.5176202716983597
331,0.0814871075449235,0.27043653099865245,0.6480763614564241
332,0.46444985473293005,0.10488352285446895,0.43066662241260056
333,0.2937918218396039,0.11793315566245309,0.5882750224979432
334,0.06735271192904033,0.3310251058499516,0.6016221822210084
335,0.41504868963989855,0.2858015358290491,0.2991497745310524
336,0.09127270987761278,0.2104669129114138,0.6982603772109734
337,0.21056545213485445,0.19373345216550486,0.5957010956996411
338,0.1498413329240205,0.09120234016538298,0.7589563269105968
339,0.2192324024755472,0.3537645988778805,0.4270029986465729
340,0.18927883762870706,0.10668497137163085,0.7040361909996617
341,0.24457716547734676,0.17871887602566697,0.5767039584969865
342,0.29006036390028156,0.12710331085344667,0.5828363252462716
343,0.13994419763914684,0.15432977463256153,0.705726027728292
344,0.23059082719955273,0.20928921663602262,0.5601199561644248
345,0.2317003258206553,0.13293155942596727,0.6353681147533778
346,0.25159702710163717,0.11579562229024147,0.6326073506081215
347,0.3004528934308848,0.3464310845508713,0.3531160220182443
348,0.18546786317253236,0.16346976725236617,0.6510623695751018
349,0.27125783577446655,0.1651418184980363,0.5636003457274974
350,0.17378186774203536,0.4553871592372707,0.37083097302069445
351,0.21958527547127898,0.1610691708609706,0.6193455536677502
352,0.23385565763945595,0.12263437789395387,0.6435099644665904
353,0.325822511488374,0.24859388265386437,0.42558360585776156
354,0.19048977691337174,0.09893314901090795,0.7105770740757202
355,0.21523280323072397,0.48094125844987784,0.3038259383193989
356,0.17681332694801621,0.14408860277603697,0.6790980702759468
357,0.1856868421390821,0.1585308595916702,0.655782298269248
358,0.0856029009007962,0.2311023143528366,0.6832947847463667
359,0.0992071101103784,0.2527876713182331,0.6480052185713887
360,0.15083939207170158,0.4790613135277449,0.37009929440055406
361,0.22743172217635182,0.20412389873941406,0.5684443790842341
362,0.19352295025545133,0.14358299417856216,0.6628940555659871
363,0.09111096147813809,0.24874502472076773,0.6601440138010939
364,0.2545857117539646,0.41554313104918983,0.3298711571968459
365,0.294962216597658,0.16685899359261944,0.5381787898097228
366,0.24930883341284388,0.15296543940383278,0.5977257271833233
367,0.19611678914186229,0.2878844017778318,0.5159988090803066
368,0.14849507752683416,0.1196491328393955,0.7318557896337706
369,0.18355242885817002,0.40567754565350855,0.41077002548832175
370,0.19517389828107773,0.12488208441863109,0.679944017300291
371,0.2708221293505449,0.17460262002127855,0.5545752506281768
372,0.19665613372307872,0.15978580103348825,0.6435580652434331
373,0.04702498711754769,0.18675974458547492,0.7662152682969774
374,0.20519590217247036,0.5026205015364263,0.29218359629110374
375,0.16668422180179024,0.2060566469376828,0.6272591312605272
376,0.26762720880136864,0.15134288215571365,0.5810299090429177
377,0.19720031576419622,0.1551418826230919,0.6476578016127118
378,0.27082232068881107,0.196132591181685,0.533045088129504
379,0.19364220719121733,0.2589263367636633,0.5474314560451188
380,0.24963904678334123,0.15799029223621097,0.5923706609804482
381,0.1588597429675714,0.18586041704712927,0.6552798399852999
382,0.16781403114207516,0.19880537605644105,0.6333805928014834
383,0.20391482723541676,0.16381330575464656,0.6322718670099368
384,0.3828733149380863,0.15447324889205655,0.4626534361698571
385,0.19995069411247368,0.10627221933167973,0.6937770865558462
386,0.41534749465390086,0.16364359466051143,0.42100891068558716
387,0.1901159231571123,0.1699719763032287,0.6399121005396593
388,0.22650302707117428,0.11046440398294351,0.6630325689458821
389,0.2855022514652712,0.14308314132450853,0.5714146072102201
390,0.28292803258554905,0.21914401587450136,0.4979279515399497
391,0.2831539942846222,0.17084390989730244,0.5460020958180752
392,0.7564938590686224,0.07260580631263187,0.17090033461874546
393,0.32465921182088714,0.1918842913228242,0.48345649685628855
394,0.187911712034723,0.11694870765575843,0.6951395803095188
395,0.15031456607957047,0.2552011639238203,0.5944842699966095
396,0.14360918461370303,0.43736557503780815,0.41902524034848965
397,0.175700412817231,0.13618395199300753,0.688115635189761
398,0.10999631386736443,0.30272467254909446,0.5872790135835413
399,0.26766531931967297,0.09364640019451154,0.6386882804858152
400,0.11047992349820521,0.4280146000483272,0.4615054764534679
401,0.20889111922244666,0.15868303749179788,0.6324258432857557
402,0.1782913597092824,0.16281033675013679,0.6588983035405812
403,0.34604291409379095,0.07527843003723023,0.5786786558689786
404,0.21293254632488526,0.32884305349199616,0.458224400183119
405,0.21944380932292462,0.1261575970021946,0.6543985936748812
406,0.21839342771210626,0.20972204830863111,0.5718845239792627
407,0.19397188377614089,0.15578147381007032,0.650246642413789
408,0.20375764982142405,0.1020887841389099,0.6941535660396656
409,0.24798418002423722,0.18851383876054,0.5635019812152231
410,0.1355622351380432,0.16998527234353128,0.6944524925184258
411,0.29203532951173805,0.22360781465889584,0.4843568558293658
412,0.4343668123301582,0.25329738606903357,0.3123358016008081
413,0.49944079684142556,0.07997120970922629,0.42058799344934816
414,0.29819884175275035,0.1131981386499438,0.5886030195973053
415,0.38627528751723594,0.16113420320006464,0.4525905092826995
416,0.19230535611354038,0.12679072541159553,0.680903918474864
417,0.2718100252387097,0.14475506901805013,0.5834349057432401
418,0.3612059352702416,0.11855920986344642,0.5202348548663124
419,0.07335958645693777,0.18656092125253532,0.740079492290527
420,0.1837290680200769,0.09890672560502972,0.7173642063748932
421,0.20411495554695544,0.1656503218407163,0.6302347226123283
422,0.3137614428450972,0.18105046658475232,0.5051880905701506
423,0.2396807989639077,0.08454881946215655,0.6757703815739358
424,0.15446082507707376,0.35916052095793993,0.4863786539649869
425,0.0989675915729417,0.11959093874118522,0.7814414696858731
426,0.18239401316518344,0.243129407764878,0.5744765790699385
427,0.2068990787010293,0.15619591808930416,0.636905003209667
428,0.1470647661895743,0.42058486565343045,0.43235036815699596
429,0.17341717591377068,0.1060814092771707,0.7205014148090586
430,0.270571316736002,0.04031835087738053,0.6891103323866177
431,0.29422795859843087,0.16599651942367508,0.539775521977894
432,0.30868154137488557,0.17307073585697796,0.5182477227681364
433,0.15216233803024715,0.14894609630070943,0.6988915656690441
434,0.09268588660035829,0.2785849394385529,0.6287291739610885
435,0.14230900037216065,0.44470105348530803,0.4129899461425318
436,0.20105371512499134,0.28065329852145765,0.5182929863535516
437,0.4555823510257009,0.06005267582725268,0.4843649731470467
438,0.12883166315645797,0.15405062384086518,0.717117713002677
439,0.18731470478009007,0.13071150455610508,0.6819737906638054
440,0.2103166555026643,0.21209725986273087,0.5775860846346044
441,0.19355887796844354,0.16271427079168077,0.6437268512398758
442,0.09518798321977061,0.18618051023846086,0.7186315065417687
443,0.19553898610094977,0.1541358731808193,0.6503251407182314
444,0.21765166554570956,0.15023112443626735,0.6321172100180237
445,0.3500015210654316,0.24106609916108487,0.40893237977348346
446,0.04641124996215651,0.3415819162930882,0.6120068337447557
447,0.32541186572746944,0.14248685173597392,0.5321012825365565
448,0.20911783315552615,0.10210436487964454,0.6887778019648294
449,0.22567178279420144,0.1258837704161262,0.6484444467896727
450,0.213481777173601,0.14680108233474387,0.6397171404916558
451,0.069452637479616,0.35639548989808234,0.5741518726223018
452,0.0692047665712016,0.3374250282026167,0.5933702052261822
453,0.18312829384800744,0.4226781167205737,0.3941935894314191
454,0.3177700206048985,0.16078482794908164,0.5214451514460197
455,0.25305889620648303,0.18181639917011597,0.5651247046234013
456,0.2950451984332251,0.12911367525633732,0.5758411263104379
457,0.30576734442093184,0.1146724831852923,0.5795601723937758
458,0.2750020345887727,0.15885572863804223,0.5661422367731856
459,0.264999119727539,0.17211970493828951,0.5628811753341714
460,0.21206880101260547,0.12347104720849776,0.6644601517788967
461,0.14786921663560598,0.16434561830215502,0.687785165062239
462,0.22750801975184531,0.1145208370342363,0.6579711432139186
463,0.15734835128057773,0.33002354416045515,0.5126281045589675
464,0.22943377108516722,0.17830802348245858,0.5922582054323744
465,0.2829061001678147,0.11929587434215295,0.5977980254900328
466,0.12280474461863504,0.29389835684382426,0.5832968985375409
467,0.3246128571251344,0.12765427455568581,0.5477328683191798
468,0.1867665066329957,0.3185528038295192,0.49468068953748584
469,0.37485582309236626,0.17788755996738542,0.44725661694024804
470,0.7940909184066696,0.049955405471182594,0.155953676122148
471,0.3280590970664006,0.1868115488530499,0.48512935408054964
472,0.3237853903983405,0.14294538329614404,0.5332692263055157
473,0.4048268103707661,0.14124843333942846,0.45392475628980516
474,0.1609929631253591,0.5527318926529422,0.2862751442216989
475,0.1976424724625114,0.13288634243503178,0.6694711851024574
476,0.28889529639249323,0.0820712897828236,0.6290334138246831
477,0.2504006030621284,0.105189905633448,0.6444094913044235
478,0.18858576400038404,0.45741738354201644,0.3539968524576003
479,0.19053748205019594,0.1578661478596648,0.6515963700901397
480,0.20585115454865993,0.16034806223865022,0.6338007832126901
481,0.12381204417060289,0.32509106242943936,0.5510968933999579
482,0.16309487505943845,0.55112408395488,0.28578104098568186
483,0.08539862049581938,0.24891298585845384,0.6656883936457266
484,0.29869653895453485,0.1021733748254884,0.5991300862199774
485,0.24420613023255,0.1211112502186354,0.6346826195488147
486,0.1424775237249958,0.20086533768340367,0.6566571385916005
487,0.1524639905822493,0.19497968510229596,0.6525563243154551
488,0.16893458302383418,0.3230677508349208,0.5079976661412455
489,0.3091981606617371,0.15937648653019137,0.5314253528080717
490,0.06507229555574282,0.3461112557283992,0.5888164487158583
491,0.21068515066352086,0.16840957001833853,0.6209052793181411
492,0.11564526560034591,0.27632002548136214,0.6080347089182919
493,0.22360127606464947,0.152630596548501,0.62376812738685
494,0.291273075487677,0.33272681560903605,0.37600010890328756
495,0.11852860076614347,0.2528969281559927,0.6285744710778636
496,0.18788718975941396,0.16325743898564385,0.6488553712549427
497,0.931454288925874,0.05334951489188778,0.015196196182238055
498,0.3549104705731429,0.23069203560734985,0.41439749381950736
499,0.19054168032808932,0.07720796060181391,0.732250359070097
500,0.070644743059534,0.27133835651662486,0.6580169004238414
501,0.19130799332194878,0.10941255247679656,0.699279454201255
502,0.1969446521250519,0.1426742435651319,0.6603811043098163
503,0.12466185067937027,0.16337985985285758,0.7119582894677717
504,0.22646550072749974,0.18188167740306846,0.5916528218694319
505,0.8281200967276054,0.03206249420522012,0.1398174090671748
506,0.1550628069593493,0.2005338765434357,0.644403316497215
507,0.2360103334342117,0.1571333008065702,0.6068563657592186
508,0.25042749063561326,0.15608639031414773,0.5934861190502394
509,0.6528840762991371,0.08977212682609285,0.25734379687477044
510,0.17719158283475114,0.2822901945775728,0.5405182225876763
511,0.14424581709346374,0.5770469978244473,0.2787071850820889
512,0.08116726915724405,0.22280918034739017,0.6960235504953656
513,0.2045953223161954,0.18100655206909363,0.6143981256147107
514,0.5839493312037322,0.2865888650985011,0.1294618036977668
515,0.14739207498294338,0.523677387566257,0.32893053745080036
516,0.3504173370009131,0.16578354186325334,0.4837991211358334
517,0.2530370189923544,0.15791295897744392,0.5890500220302018
518,0.1801039441333352,0.36436860102593704,0.4555274548407283
519,0.26326980610890394,0.16479002396892378,0.5719401699221723
520,0.28011586615807993,0.1763142815052186,0.5435698523367009
521,0.13007379035742317,0.2677315237886171,0.6021946858539596
522,0.2078622042947094,0.11840997413666106,0.6737278215686298
523,0.5902622879466877,0.03618543960822666,0.37355227244508543
524,0.15430410566906277,0.38336576727582106,0.46233012705511645
525,0.1050153494100863,0.2775872888334037,0.6173973617565099
526,0.2419208093937266,0.17374028057812163,0.584338910028152
527,0.19715350420989947,0.16113350075247065,0.6417129950376298
528,0.18376989064153867,0.19419366490270687,0.6220364444557548
529,0.2534092282686763,0.15625016762778746,0.590340604103536
530,0.4354047813100115,0.14631958027072148,0.41827563841926657
531,0.13497181007849082,0.1984353098089441,0.666592880112565
532,0.11779226460012665,0.23040653287137064,0.6518012025285029
533,0.1594922483067233,0.25762047698619767,0.5828872747070795
534,0.1923750444071817,0.11390365519893218,0.6937213003938861
535,0.21577500919682466,0.15730935958196926,0.6269156312212063
536,0.23255108010418143,0.18479976782522037,0.5826491520705978
537,0.1208635808893157,0.2016113535963482,0.6775250655143357
538,0.30206051392951,0.1751249817106529,0.5228145043598371
539,0.20833619180606802,0.12510558912079975,0.6665582190731325
540,0.30487969106590623,0.28774708889772244,0.4073732200363716
541,0.24662065708412415,0.1667041772831541,0.5866751656327223
542,0.24389132161523921,0.10951989702334693,0.6465887813614138
543,0.3032060092992848,0.08557157347420238,0.6112224172265126
544,0.2817278649543774,0.15650407340725458,0.5617680616383685
545,0.4730485114872484,0.28624389163919756,0.24070759687355406
546,0.5451300722399052,0.3524481899693095,0.10242173779078517
547,0.21805958981813933,0.15793981788246877,0.6240005922993916
548,0.15541007484169808,0.2874701624601628,0.5571197626981391
549,0.15744461786303973,0.16950771677307933,0.6730476653638809
550,0.2231493105669831,0.12313560149042642,0.6537150879425905
551,0.15690941090482904,0.38914648817781006,0.4539441009173614
552,0.1674847137924915,0.35013172400284487,0.48238356220466383
553,0.2706056639543342,0.2796771294006073,0.44971720664505926
554,0.11969873258345679,0.34060225583399456,0.5396990115825493
555,0.15419976476382175,0.2084656866415297,0.6373345485946484
556,0.24158252468148983,0.25396882831262724,0.5044486470058832
557,0.6608594349367729,0.050773174896683954,0.28836739016654284
558,0.19964082147367068,0.08324896779004291,0.7171102107362859
559,0.10700666152661242,0.24995946815406264,0.6430338703193247
560,0.264402244493515,0.07907643312539518,0.6565213223810898
561,0.2909101846017702,0.165628888539689,0.5434609268585407
562,0.45220496649595493,0.14553722689159243,0.4022578066124527
563,0.18127183236648506,0.16138932421205643,0.6573388434214592
564,0.11180610241000356,0.3660741314534361,0.5221197661365605
565,0.9254635924878093,0.030044889692525733,0.044491517819664955
566,0.19517243933043482,0.16166626272613885,0.6431612979434266
567,0.264912635872855,0.11362560563915683,0.6214617584879883
568,0.12650430931313472,0.21804048197029383,0.6554552087165718
569,0.18923925078012724,0.28406507865632735,0.5266956705635458
570,0.24651814580676654,0.1215165115293798,0.6319653426638537
571,0.1282927308030645,0.24191195364919968,0.6297953155477359
572,0.11940706621730869,0.2252050137740921,0.6553879200085996
573,0.2097190405035761,0.15559346031257118,0.6346874991838534
574,0.15281520716716274,0.36747525239560497,0.4797095404372329
575,0.11240875417723227,0.22684421759313508,0.6607470282296326
576,0.2868653615578161,0.0910154966894815,0.6221191417527021
577,0.3413958535372007,0.12320407269071842,0.5354000737720808
578,0.25969269716721516,0.13004353751935782,0.6102637653134275
579,0.16803764084756576,0.4229437102771443,0.4090186488752905
580,0.27861338768313965,0.14246058495039157,0.5789260273664686
581,0.11175964093240398,0.25229105111356576,0.6359493079540302
582,0.7891879237520832,0.07201774911104426,0.13879432713687226
583,0.25152835325805334,0.1933865995409429,0.5550850472010038
584,0.20873408611232264,0.14540428709371345,0.6458616267939641
585,0.22390560947655386,0.17569619545600773,0.6003981950674386
586,0.20868065867067162,0.2796708786376741,0.5116484626916543
587,0.06569566042079267,0.3293260030848465,0.604978336494361
588,0.14205657897807325,0.19104122285657632,0.6669021981653508
589,0.09870676198612807,0.23605668543166744,0.6652365525822048
590,0.18020617661163305,0.46641828697330073,0.3533755364150668
591,0.15537603112889165,0.18700107990754258,0.6576228889635657
592,0.19478737880817218,0.1592606661480359,0.6459519550437923
593,0.24388389695515972,0.1504584863097817,0.6056576167350588
594,0.20450524270777307,0.40211414335809703,0.39338061393413043
595,0.21897570665254934,0.18206585515737617,0.598958438190075
596,0.20688691913697474,0.36389469377214406,0.4292183870908815
597,0.35384412080559857,0.16528376667280462,0.4808721125215968
598,0.2175305872564312,0.203602687888492,0.5788667248550776
599,0.10332061088316999,0.3914799266712558,0.5051994624455747
600,0.37649921709924217,0.14993935258127158,0.47356143031948594
601,0.11668997609735422,0.3810646476250998,0.5022453762775463
602,0.26502976824723506,0.17817823311399797,0.556791998638767
603,0.1316414271808429,0.15948098028394408,0.7088775925352129
604,0.0751429854922693,0.2895312406655676,0.6353257738421637
605,0.2625500639727594,0.19647140638409746,0.5409785296431435
606,0.15839159899520297,0.1556904006645074,0.6859180003402899
607,0.12466874815125721,0.21872005766192842,0.656611194186814
608,0.13478124624161802,0.28306915140644384,0.5821496023519374
609,0.3595735261357097,0.2665296765475664,0.3738967973167243
610,0.409509021934648,0.2660220269583544,0.3244689511069976
611,0.23741926027318055,0.333896275798696,0.42868446392812387
612,0.18756250190497836,0.16422142971264692,0.6482160683823754
613,0.10610847630763028,0.31063415252128457,0.583257371171085
614,0.15104109543992167,0.4092548799321435,0.439704024627935
615,0.4650268176614947,0.07932327558219675,0.45564990675630873
616,0.12353859326446867,0.23524546904051624,0.6412159376950151
617,0.2400392567873627,0.21769936622074718,0.5422613769918901
618,0.12958108811527613,0.4415594079087684,0.4288595039759562
619,0.08317661070172079,0.3505089840246057,0.5663144052736736
620,0.21256805916550114,0.5094882910256953,0.27794364980880404
621,0.2049671028957236,0.19091551604559306,0.6041173810586836
622,0.17709974942025303,0.13425972865993047,0.6886405219198161
623,0.4071608855421617,0.06913434041787235,0.5237047740399664
624,0.19952015194014713,0.1351582659514946,0.6653215821083587
625,0.24898338865677036,0.1542752391376759,0.5967413722055539
626,0.12914845835417674,0.2442573913179219,0.6265941503279009
627,0.24303221054790744,0.1641000854286413,0.5928677040234515
628,0.09132605182779953,0.25562664738825136,0.6530473007839488
629,0.20767048406974176,0.1608461029701497,0.6314834129601088
630,0.19531735242981169,0.18456785672812207,0.6201147908420662
631,0.2237132270399883,0.2160124109463039,0.5602743620137075
632,0.20034979686300874,0.11258359947236507,0.6870666036646266
633,0.22353618352082694,0.11596505361893499,0.6604987628602383
634,0.08027540982112395,0.5308627357238587,0.38886185445501775
635,0.33592909647107977,0.1463477716683,0.5177231318606205
636,0.1820881565908922,0.30987621710470376,0.5080356263044046
637,0.1430615485460102,0.08804643532298946,0.7688920161310009
638,0.24529964467349458,0.135330123368129,0.6193702319583766
639,0.17499102106192213,0.2811740069191845,0.5438349720188941
640,0.746027308046441,0.07031251481220192,0.1836601771413568
641,0.1291318552189778,0.19416045650934502,0.6767076882716772
642,0.10891770751138649,0.45276424605332055,0.43831804643529343
