,proba_0,proba_1,proba_2
0,0.21078892592676055,0.2186793804218721,0.5705316936513674
1,0.2281288013644648,0.15633243771449803,0.6155387609210372
2,0.9767543998919435,0.0008211403657926486,0.022424459742263942
3,0.26773362139402207,0.20924663065611576,0.5230197479498622
4,0.2271677835525975,0.18526223168009132,0.5875699847673111
5,0.18885416709694008,0.1254799969107261,0.6856658359923338
6,0.15110676312908763,0.2707568922745622,0.5781363445963501
7,0.3047496469420051,0.23027962826875742,0.4649707247892374
8,0.42114554355168804,0.08757527855588877,0.4912791778924231
9,0.2836028589641337,0.16428397272789064,0.5521131683079756
10,0.21928880901508815,0.3337750049378,0.4469361860471118
11,0.3014745622370731,0.12279063365846705,0.5757348041044598
12,0.245957825403317,0.07492862003311236,0.6791135545635707
13,0.3178205091048094,0.16341647821920377,0.5187630126759868
14,0.1907471295314202,0.1661017674599612,0.6431511030086186
15,0.20208512082770352,0.22666509699511464,0.5712497821771819
16,0.1137518174435322,0.2311702658430407,0.6550779167134271
17,0.11203881445637885,0.1773609465575775,0.7106002389860436
18,0.19389912622838268,0.18274372098192324,0.6233571527896941
19,0.27861602536867125,0.1535840130477825,0.5677999615835463
20,0.1874088861679254,0.29168916335001993,0.5209019504820547
21,0.19097085070435965,0.2912821745249181,0.5177469747707223
22,0.25326623852050617,0.1584683506258792,0.5882654108536146
23,0.26313310287457353,0.08170190322734469,0.6551649938980818
24,0.2906393259624794,0.15124371522207702,0.5581169588154438
25,0.36825822617441434,0.22994940715677603,0.4017923666688097
26,0.12270298194129202,0.32401669664122523,0.5532803214174828
27,0.9402664769047682,0.0037058394103248495,0.05602768368490686
28,0.09973108092179542,0.2088269463531855,0.6914419727250191
29,0.9986709415447536,0.000776574393759368,0.0005524840614869363
30,0.23981067528063837,0.21354677339025668,0.546642551329105
31,0.24893860765366854,0.31082691121099126,0.4402344811353402
32,0.18752306016287348,0.11621541480210751,0.6962615250350189
33,0.2278457541064582,0.15047269271207617,0.6216815531814657
34,0.16424432513537612,0.16430882594489113,0.6714468489197327
35,0.3416595215402712,0.12406877364241724,0.5342717048173116
36,0.11821527280555615,0.2263133673921587,0.6554713598022851
37,0.728974870222985,0.034570132977506364,0.23645499679950854
38,0.346038900606116,0.2135954763484519,0.44036562304543214
39,0.17492230611618928,0.18231628007906878,0.6427614138047418
40,0.2745955447158322,0.1947224627233933,0.5306819925607745
41,0.13028625250722403,0.19137880262477514,0.6783349448680008
42,0.11342844169245697,0.2426885777390123,0.6438829805685308
43,0.18066948122942703,0.1844348387910348,0.6348956799795382
44,0.20218032902551866,0.18712453088979084,0.6106951400846905
45,0.10408581997465512,0.19477657354147718,0.7011376064838677
46,0.14198379488766327,0.16506637751348502,0.6929498275988517
47,0.15136212000176527,0.2793178774214909,0.5693200025767439
48,0.10552911475547679,0.308290415075825,0.5861804701686981
49,0.3128644662893664,0.14698880862468217,0.5401467250859514
50,0.16091931418722064,0.21266839823554565,0.6264122875772336
51,0.27812975399906903,0.1456650144121551,0.5762052315887759
52,0.11996016898024935,0.23316129876232478,0.6468785322574259
53,0.9990017042330509,0.0006316046396269239,0.00036669112732196443
54,0.13308332982397697,0.14997045661034317,0.7169462135656799
55,0.16059771483362584,0.1792609795286215,0.6601413056377526
56,0.4053115859049844,0.1015810022099271,0.4931074118850886
57,0.2220618595311138,0.17164973572578748,0.6062884047430986
58,0.2968377984923038,0.05531094952461219,0.6478512519830841
59,0.2939800952199342,0.1797290778380764,0.5262908269419895
60,0.1991304023421969,0.2971841877015021,0.5036854099563011
61,0.2854589085516371,0.08809465129910234,0.6264464401492607
62,0.22162213491230265,0.16765812207980707,0.6107197430078903
63,0.17407778575157512,0.2653410103336544,0.5605812039147705
64,0.2201829207736433,0.23199536400866677,0.54782171521769
65,0.21360258052679038,0.23345411212860284,0.5529433073446068
66,0.24141138832357056,0.22302559658191848,0.5355630150945109
67,0.15996557508142525,0.1645492926102886,0.6754851323082861
68,0.12314536218486231,0.39891533896148557,0.47793929885365205
69,0.2552718114841903,0.14934360857047976,0.5953845799453299
70,0.5008110238445312,0.05695918530742664,0.4422297908480421
71,0.264733960822167,0.256618300458075,0.478647738719758
72,0.296361272851735,0.11775212394646936,0.5858866032017956
73,0.18209840389429938,0.3096161958951606,0.5082854002105399
74,0.15568411307628335,0.3015647205040621,0.5427511664196546
75,0.994254009679418,0.00014568555649198032,0.005600304764090145
76,0.3040304669993005,0.10645784668811424,0.5895116863125853
77,0.16969254608085568,0.21137440441685174,0.6189330495022926
78,0.09701869928110057,0.18841116745189176,0.7145701332670076
79,0.5157099788080317,0.06382040955093034,0.42046961164103797
80,0.3322054340108899,0.15893038303922996,0.5088641829498802
81,0.19280160118530693,0.18174697711753462,0.6254514216971585
82,0.9988458496092854,0.0007314100138030053,0.0004227403769114815
83,0.1532308055116424,0.2636694518794364,0.5830997426089212
84,0.16056855829640576,0.213998373225992,0.6254330684776023
85,0.1897751823951111,0.2875388131655522,0.5226860044393367
86,0.9978307908828142,0.0001593748994608679,0.0020098342177247946
87,0.3141574627184509,0.21528455538284633,0.4705579818987028
88,0.26502805330224355,0.13559666245307178,0.5993752842446847
89,0.15091823991159067,0.2323767340801393,0.61670502600827
90,0.2580505250873767,0.24318893042894063,0.49876054448368273
91,0.28644052188565333,0.09105819381071753,0.6225012843036292
92,0.2727837134754941,0.2863935020342554,0.4408227844902505
93,0.1454537519245735,0.16500559747366286,0.6895406506017636
94,0.14098279366522162,0.28426146086324605,0.5747557454715323
95,0.2918536896382191,0.20967130329135714,0.4984750070704238
96,0.3155073371818863,0.16175436287554762,0.522738299942566
97,0.26021600213975504,0.20904789838357263,0.5307360994766723
98,0.2679025954113034,0.18882362867619862,0.5432737759124979
99,0.2842362753336892,0.19674875486951546,0.5190149697967953
100,0.11297524797368126,0.16859360641590604,0.7184311456104128
101,0.1745304623920971,0.2645279876999214,0.5609415499079815
102,0.21200847464017064,0.1568573191209603,0.6311342062388692
103,0.1528535242748739,0.3038450182963477,0.5433014574287784
104,0.2821144751847435,0.15077470709825855,0.5671108177169978
105,0.2608540041453525,0.2124857396327342,0.5266602562219133
106,0.24423710269739124,0.19176817195407456,0.5639947253485342
107,0.1393667432530819,0.21893873984769005,0.6416945168992281
108,0.24931020900081696,0.22000653016197042,0.5306832608372126
109,0.20283455171180723,0.15838461808712528,0.6387808302010676
110,0.24946095302124616,0.31203838037113646,0.4385006666076174
111,0.27973035783629424,0.15140245725751653,0.5688671849061891
112,0.14558378597319377,0.29063234936901383,0.5637838646577923
113,0.2160336242439896,0.15910510125850233,0.6248612744975081
114,0.20199233785776038,0.1998768698553292,0.5981307922869105
115,0.2148746458635393,0.09906228242082041,0.6860630717156403
116,0.23705603406305956,0.3208557052064002,0.4420882607305402
117,0.23387808873197122,0.19060390793926504,0.5755180033287637
118,0.14670282940598176,0.14286525424446772,0.7104319163495505
119,0.10105346444406718,0.2548918295813304,0.6440547059746025
120,0.11940618770072095,0.23279724482670372,0.6477965674725754
121,0.2119034648812235,0.15750059752045348,0.630595937598323
122,0.10671340484535795,0.1835652272136747,0.7097213679409674
123,0.2111161507514025,0.34541783610341503,0.4434660131451825
124,0.16142941891474194,0.13221246278806112,0.706358118297197
125,0.23395448792649925,0.17308332374975277,0.592962188323748
126,0.19014453131415615,0.25450711964737177,0.5553483490384721
127,0.28971183142242324,0.17563640340840453,0.5346517651691722
128,0.1819510417189501,0.30862697692516533,0.5094219813558846
129,0.15003294665659306,0.28152505286494883,0.5684420004784579
130,0.3363390809990084,0.27481416335098574,0.3888467556500058
131,0.1959031207301924,0.13697569740653248,0.6671211818632752
132,0.2302427082763919,0.1783210955946559,0.5914361961289523
133,0.8721594246321623,0.017932403646803752,0.109908171721034
134,0.33225371256082786,0.12817418385137475,0.5395721035877975
135,0.23134834008640537,0.181264267258531,0.5873873926550637
136,0.1625223758394092,0.2125040088712103,0.6249736152893806
137,0.31058305028198446,0.1392480177236395,0.550168931994376
138,0.2031258540267289,0.18485557244678136,0.6120185735264897
139,0.1014809793963788,0.2954057699038895,0.6031132506997318
140,0.24394341951294551,0.1802737013416521,0.5757828791454024
141,0.16548440941329218,0.23447212028327516,0.6000434703034326
142,0.20158765894288774,0.34594014693406316,0.45247219412304907
143,0.2126119887816896,0.1912332793337421,0.5961547318845684
144,0.18895370941847234,0.21886309759826228,0.5921831929832654
145,0.12090232077118107,0.17073003908609388,0.708367640142725
146,0.0915307404516663,0.12802535485877323,0.7804439046895604
147,0.20874914833412758,0.17394460928680755,0.617306242379065
148,0.30802131894812285,0.16023066959627127,0.5317480114556059
149,0.25219490773779846,0.19422746957342377,0.5535776226887777
150,0.2321923183755559,0.293853238467205,0.47395444315723917
151,0.29552066513466135,0.1393502231269006,0.565129111738438
152,0.18209085446595819,0.3213438030693628,0.49656534246467915
153,0.21610121999204546,0.20935530455615173,0.5745434754518028
154,0.23799628398228276,0.30977511053538853,0.4522286054823286
155,0.15621233161378992,0.18480261868118697,0.6589850497050231
156,0.13826521842672146,0.2850940257613114,0.5766407558119673
157,0.28059741968050333,0.1817419077932463,0.5376606725262503
158,0.09614426110156078,0.27890204959967324,0.6249536892987659
159,0.23238882095030453,0.20076681492303702,0.5668443641266584
160,0.2929811927825215,0.18818724892665809,0.5188315582908205
161,0.2549677835069434,0.16824376683343012,0.5767884496596265
162,0.13616920762209528,0.32038304877504215,0.5434477436028624
163,0.23522186482079263,0.23868423294936514,0.5260939022298422
164,0.25731226082274433,0.1936241560598421,0.5490635831174137
165,0.229921895641367,0.1879737085308925,0.5821043958277405
166,0.14969579301469424,0.2543280688381233,0.5959761381471824
167,0.18600378703563294,0.22152732136650308,0.5924688915978641
168,0.12699554445429834,0.404690627591398,0.46831382795430365
169,0.2917098380783573,0.22022723348622142,0.48806292843542126
170,0.4260603520122641,0.09798190087254151,0.47595774711519434
171,0.19157821532716418,0.19606346951856155,0.6123583151542743
172,0.22170887355170232,0.15200515228586767,0.62628597416243
173,0.12701832715307393,0.21735214665913744,0.6556295261877888
174,0.1501105349308387,0.19647939429638403,0.6534100707727772
175,0.22883649994906483,0.23385393512436145,0.5373095649265738
176,0.2801671306787024,0.14102775776326762,0.5788051115580299
177,0.3233600452786275,0.14668477469528818,0.5299551800260843
178,0.24171315700060184,0.1422495794548043,0.616037263544594
179,0.2798940223582915,0.10891603930981775,0.6111899383318908
180,0.17833753905644784,0.16536718398952546,0.6562952769540267
181,0.22785726905546236,0.2594496566799843,0.5126930742645532
182,0.2566859698187338,0.14137868211089968,0.6019353480703666
183,0.21123741942091578,0.3443918692614329,0.44437071131765127
184,0.21205504486723037,0.18879926921073623,0.5991456859220333
185,0.44877215365249273,0.11071581490698246,0.44051203144052464
186,0.2829703634360826,0.18268223278508594,0.5343474037788314
187,0.2559848866564777,0.13992020906599476,0.6040949042775277
188,0.23692813496350032,0.14814483069527357,0.6149270343412262
189,0.23072252961242148,0.15007725878978798,0.6192002115977906
190,0.1424285799170049,0.21802652381080248,0.6395448962721927
191,0.21677712886296102,0.13051374117769027,0.6527091299593487
192,0.22190052498407312,0.23041156640616622,0.5476879086097607
193,0.22410568390309268,0.17813012730105104,0.5977641887958562
194,0.16868180207594488,0.3707704987355441,0.4605476991885109
195,0.1768537379770283,0.2658941226548624,0.5572521393681094
196,0.35870639536772025,0.11734751654404231,0.5239460880882373
197,0.18312169688450833,0.20345731323672459,0.613420989878767
198,0.21187700916821942,0.14742535126001696,0.6406976395717635
199,0.08083430035530098,0.2943012174056513,0.6248644822390477
200,0.15267540765325274,0.2838129706450418,0.5635116217017053
201,0.3079192775397855,0.14474283222984863,0.5473378902303659
202,0.114084532824829,0.2362756155664646,0.6496398516087064
203,0.20963876665574202,0.08716716871902473,0.7031940646252334
204,0.1643774933855368,0.3525268922813346,0.4830956143331287
205,0.1972090163037254,0.24975002773701704,0.5530409559592576
206,0.3607926835702595,0.2459092040499858,0.3932981123797547
207,0.23258188579570055,0.19255159849986814,0.5748665157044314
208,0.23090269700508428,0.24059203650652744,0.5285052664883882
209,0.9930993002122429,0.00015590895056081603,0.006744790837196366
210,0.11607555640913124,0.1890053079270729,0.6949191356637959
211,0.18725722856240978,0.23483510535730487,0.5779076660802852
212,0.16080085699965216,0.34522835650222256,0.4939707864981253
213,0.1966802757541736,0.11215078236636115,0.6911689418794652
214,0.24297278930087102,0.3225739531558054,0.4344532575433235
215,0.19096738517685302,0.22513761055255693,0.58389500427059
216,0.09952902811530889,0.2327406942701777,0.6677302776145135
217,0.21969445004030758,0.2205913731750181,0.5597141767846743
218,0.12167134052225315,0.27299451414766773,0.6053341453300792
219,0.26429915535404663,0.1739580408468469,0.5617428037991063
220,0.25674986603160493,0.2908892940413896,0.45236083992700554
221,0.2230400700401031,0.3299788160920675,0.4469811138678295
222,0.2880448816659544,0.09162579485719342,0.6203293234768521
223,0.28848159071472074,0.19992491072738042,0.5115934985578988
224,0.1839793168084809,0.22038659520430995,0.5956340879872091
225,0.18869810862270414,0.2351902466656487,0.5761116447116471
226,0.09784393925239522,0.3173862206320978,0.5847698401155069
227,0.12176460610883995,0.20773105592087127,0.6705043379702889
228,0.24290328622444352,0.1711898185233199,0.5859068952522365
229,0.16794051272143257,0.27223245978631067,0.5598270274922568
230,0.4783641891389782,0.07426185494491333,0.4473739559161084
231,0.21145748505329562,0.15851436287157752,0.6300281520751269
232,0.12560919838735327,0.20004617398818197,0.6743446276244647
233,0.1548875224286963,0.19610676734219148,0.6490057102291121
234,0.11509525826850196,0.20254623363981003,0.6823585080916882
235,0.15128198614818864,0.31420742836360266,0.5345105854882087
236,0.1417208378929379,0.2812810470371927,0.5769981150698694
237,0.28937333769364776,0.14501077514739358,0.5656158871589587
238,0.1312489412441225,0.15722155973870822,0.7115294990171692
239,0.1865589767804833,0.2535640436437199,0.5598769795757969
240,0.1566879999190946,0.12910123549198904,0.7142107645889164
241,0.16972282157750557,0.18187019550985095,0.6484069829126434
242,0.2537362707113213,0.20486101988213598,0.5414027094065428
243,0.15680743852567777,0.1648777115650418,0.6783148499092805
244,0.17461017718267638,0.2518721950589596,0.573517627758364
245,0.1418416886516722,0.3302039566590591,0.5279543546892685
246,0.17718026523347935,0.24072309383543303,0.5820966409310876
247,0.3486162302267647,0.20720677178847338,0.44417699798476196
248,0.23779938631512243,0.11976434033408563,0.6424362733507919
249,0.20041309493339565,0.15171473080651374,0.6478721742600906
250,0.2483791698128075,0.12139923502897423,0.6302215951582182
251,0.13355557140936664,0.3832385033754672,0.483205925215166
252,0.28064263584065585,0.19738368570843262,0.5219736784509115
253,0.2035329867771973,0.2533001043889773,0.5431669088338253
254,0.39762968265077453,0.04188680955016675,0.5604835077990588
255,0.3201794778799502,0.24748501628610975,0.43233550583394
256,0.23686771652279784,0.1697432333202974,0.5933890501569047
257,0.1677572158514479,0.21287058548891877,0.6193721986596332
258,0.24857216373741386,0.2097689343780495,0.5416589018845367
259,0.26531279149317066,0.18254706450459554,0.5521401440022338
260,0.23758910842953676,0.16322382817604641,0.5991870633944169
261,0.2273987018542447,0.19355840204705535,0.5790428960987
262,0.12222940934038055,0.10360567736798618,0.7741649132916333
263,0.19354437663040977,0.1937076392598659,0.6127479841097244
264,0.13272852996516107,0.29369169367033193,0.573579776364507
265,0.1463282208194541,0.29536308720862126,0.5583086919719248
266,0.22607291756563294,0.12831399195816423,0.6456130904762029
267,0.43490279659266123,0.14776786382289642,0.41732933958444246
268,0.19867591004910087,0.13146751549814573,0.6698565744527535
269,0.25765256446859214,0.19788847487476569,0.5444589606566422
270,0.29363461509333916,0.17706805366027878,0.5292973312463821
271,0.1090548615530055,0.23722827248912035,0.6537168659578741
272,0.275931434948492,0.19816114216425035,0.5259074228872577
273,0.1170932007184002,0.2091002283644996,0.6738065709171001
274,0.13050496914273452,0.19709072045247733,0.6724043104047881
275,0.18467337146554869,0.14876782513178183,0.6665588034026695
276,0.09543958910345915,0.21719846462166156,0.6873619462748793
277,0.14106102457150532,0.25748797240203336,0.6014510030264614
278,0.31414673283646033,0.20817584891013866,0.4776774182534011
279,0.9981595598942128,0.0006961307568671202,0.0011443093489201985
280,0.2861136876809895,0.19366619126206935,0.5202201210569412
281,0.21218703189178445,0.09931520670969318,0.6884977613985224
282,0.19270403859163385,0.2450293349506656,0.5622666264577005
283,0.202850750611912,0.18818180603680626,0.6089674433512818
284,0.25147826118765476,0.0692543366663392,0.6792674021460061
285,0.25351133925060293,0.14978428714015696,0.5967043736092401
286,0.2161483907140626,0.18336617144927028,0.6004854378366672
287,0.12552166857573502,0.31217303338526936,0.5623052980389958
288,0.19918281209614874,0.20411228255565445,0.5967049053481969
289,0.14216229265919908,0.24846869473584574,0.6093690126049551
290,0.22982244743304756,0.16783491195746356,0.6023426406094889
291,0.3769973022093659,0.11135153773710044,0.5116511600535337
292,0.2145484570473456,0.16719002091729443,0.6182615220353599
293,0.21639507628308632,0.17120068739211086,0.6124042363248028
294,0.196774774589922,0.13603517274547447,0.6671900526646035
295,0.18560976261538287,0.3698664636421083,0.4445237737425089
296,0.21205258558962606,0.3398979126069492,0.4480495018034246
297,0.16588016986968449,0.3628363181619056,0.47128351196840984
298,0.15083208450322774,0.1805920734978945,0.6685758419988778
299,0.18243842542572933,0.2834806810226428,0.5340808935516278
300,0.18794959314657494,0.266112462839269,0.5459379440141561
301,0.1968742553473302,0.12137113711762211,0.6817546075350477
302,0.29033201788236074,0.13489157333034743,0.5747764087872919
303,0.25876180321586534,0.14408308982728482,0.5971551069568498
304,0.29946199109121613,0.16488648161038785,0.535651527298396
305,0.22856192835510178,0.07981618196948992,0.6916218896754083
306,0.16684698623091382,0.14613009384213418,0.687022919926952
307,0.3868617138900318,0.11202735744599457,0.5011109286639737
308,0.09995864062677204,0.23965949224025304,0.6603818671329749
309,0.22431261948715991,0.3007343406256123,0.4749530398872278
310,0.186025171283747,0.15585122979496557,0.6581235989212875
311,0.22845428140741386,0.20252523442081602,0.5690204841717701
312,0.1202928772911639,0.19259812311465177,0.6871089995941844
313,0.13458568237956245,0.1915645154332107,0.6738498021872269
314,0.27688307586205896,0.25016355126638784,0.4729533728715532
315,0.23271561778557906,0.14485125495081416,0.6224331272636068
316,0.13204686875419935,0.2579723598572955,0.6099807713885051
317,0.18444503613627228,0.2399333150739476,0.5756216487897801
318,0.12052705095476518,0.20008340453601117,0.6793895445092236
319,0.33793091153702526,0.13779687369297788,0.5242722147699969
320,0.08521703694416909,0.18075679816538462,0.7340261648904463
321,0.15912613589567845,0.2018803931923254,0.6389934709119962
322,0.23993835747273556,0.25736677318641965,0.5026948693408448
323,0.15680108643774784,0.25259606988989397,0.5906028436723582
324,0.1810816846677014,0.31257059207679005,0.5063477232555085
325,0.25949773654039454,0.15052958009201453,0.5899726833675909
326,0.1252438144177305,0.155353180013283,0.7194030055689865
327,0.2901810365379831,0.1645979444071116,0.5452210190549053
328,0.14400624976225934,0.23018938783977339,0.6258043623979672
329,0.2755060993885131,0.16538149103524136,0.5591124095762455
330,0.1965227520874529,0.26982996034178297,0.5336472875707643
331,0.1317012985785042,0.38660071336492263,0.48169798805657316
332,0.6055801443709354,0.051355878525495426,0.343063977103569
333,0.19990713925799986,0.13259920216190074,0.6674936585800995
334,0.13235759693134708,0.2276250694952293,0.6400173335734236
335,0.18257025680124198,0.3142402538610606,0.5031894893376976
336,0.19463871909366842,0.17181491798898524,0.6335463629173463
337,0.11273846743151879,0.12416887937142981,0.7630926531970513
338,0.2142932798978586,0.09976503051248631,0.6859416895896551
339,0.1760420043051492,0.3521161450779696,0.4718418506168811
340,0.2084070407298658,0.11752982560245916,0.6740631336676751
341,0.17901246597302192,0.19125308336677235,0.6297344506602057
342,0.18660227155678966,0.12807501034398525,0.6853227180992251
343,0.18940238937719875,0.24269280043414512,0.5679048101886561
344,0.3144118022315098,0.20759254716988648,0.47799565059860377
345,0.23080727786899993,0.1375250812336221,0.6316676408973779
346,0.2760543110051101,0.17929160852490728,0.5446540804699828
347,0.31724871966194934,0.26962602423045395,0.4131252561075966
348,0.2298639574590182,0.1611436971760922,0.6089923453648897
349,0.22827169353099452,0.21524564276307695,0.5564826637059285
350,0.1515683018869029,0.2609036684136015,0.5875280296994956
351,0.16022883212312453,0.1257086789134595,0.714062488963416
352,0.35014180908405745,0.12774205211173248,0.52211613880421
353,0.12031698204178337,0.31999099339946335,0.5596920245587532
354,0.20157362105616278,0.11276039146151907,0.6856659874823182
355,0.21798045038541,0.26035157694645117,0.5216679726681388
356,0.1911138902783106,0.10826126894993808,0.7006248407717512
357,0.28000470001875827,0.1714603161056406,0.5485349838756012
358,0.06515200503644888,0.30597500647612474,0.6288729884874262
359,0.057304931527805386,0.3373446343785148,0.6053504340936798
360,0.15608972920770797,0.267825918772767,0.5760843520195251
361,0.10292583584988137,0.18654503406374318,0.7105291300863756
362,0.18315548722749192,0.19341213767614707,0.623432375096361
363,0.14403314607567347,0.27520770381389026,0.5807591501104363
364,0.15472502280313244,0.357521294278583,0.48775368291828464
365,0.25272590912359233,0.17456216860341228,0.5727119222729955
366,0.11183499110493517,0.18018591020927063,0.7079790986857942
367,0.15232782089539282,0.2671947985677412,0.580477380536866
368,0.17699918307951662,0.2237707716601896,0.5992300452602938
369,0.2071151133721734,0.221967724541498,0.5709171620863286
370,0.47079110462386153,0.10839014303774462,0.4208187523383939
371,0.22431286791186275,0.18784803828703164,0.5878390938011057
372,0.169928454232116,0.1313370790785488,0.6987344666893353
373,0.08985686609331414,0.30040868280956035,0.6097344510971255
374,0.1934239886335522,0.3500231935821041,0.45655281778434353
375,0.20743573697075765,0.15852367321040647,0.6340405898188358
376,0.2730254414205764,0.142476129329717,0.5844984292497066
377,0.13845992889402858,0.1807372717473077,0.6808027993586637
378,0.11458129295153555,0.2226047333143156,0.662813973734149
379,0.2399181547157245,0.20886989965810315,0.5512119456261723
380,0.23403690075656702,0.22946806311205542,0.5364950361313776
381,0.13773788073149965,0.18443556910624054,0.6778265501622597
382,0.19190611177032404,0.16291062917110197,0.645183259058574
383,0.26488585385199,0.19195981446077595,0.543154331687234
384,0.28663691872494873,0.22053369680694218,0.49282938446810914
385,0.21941978488438343,0.16341235435904522,0.6171678607565713
386,0.5983329397109914,0.04577296140370556,0.355894098885303
387,0.1984748964618228,0.19702043603654373,0.6045046675016335
388,0.2551754126185109,0.14460100329439884,0.6002235840870903
389,0.219067006563755,0.17772536390555663,0.6032076295306884
390,0.1416397010155145,0.1664466855362665,0.6919136134482191
391,0.25754369778284236,0.19635947716339244,0.5460968250537652
392,0.9991285734749844,0.0004908346834473268,0.00038059184156827536
393,0.11022054961670345,0.28066159907502747,0.6091178513082691
394,0.2805046839112754,0.1507568723800655,0.568738443708659
395,0.16092679154115144,0.20060797496356292,0.6384652334952856
396,0.20443613489073498,0.24287412577196293,0.552689739337302
397,0.11056009600219677,0.17718505189903394,0.7122548520987693
398,0.07601445787174468,0.2822336774057582,0.6417518647224972
399,0.29050341891374754,0.06823329417760332,0.6412632869086491
400,0.11974475928304057,0.27259419222224296,0.6076610484947165
401,0.21208093550044063,0.16877121693459748,0.6191478475649619
402,0.22609315463873342,0.16655253250575497,0.6073543128555117
403,0.25453421897371653,0.08513675001199658,0.6603290310142869
404,0.331975587298263,0.21203158655781987,0.4559928261439171
405,0.29648349826044496,0.14356060409122579,0.5599558976483293
406,0.16873324453855534,0.16252723807092959,0.668739517390515
407,0.13737440485714242,0.1993267280859325,0.6632988670569251
408,0.19631514931820082,0.1074172692738739,0.6962675814079253
409,0.20491169403210305,0.18521684901453633,0.6098714569533606
410,0.11960883535438675,0.29682099338756357,0.5835701712580496
411,0.12807435460285513,0.3101038904923375,0.5618217549048075
412,0.5168091403635173,0.1004953256619816,0.382695533974501
413,0.28400056926056283,0.08085913977288993,0.6351402909665473
414,0.21379619006762826,0.14235061956356804,0.6438531903688037
415,0.3059409464719947,0.19707393344211177,0.4969851200858936
416,0.12758515485082836,0.15314427818277526,0.7192705669663964
417,0.17782974903038792,0.17571565001441375,0.6464546009551984
418,0.43728667627444756,0.07607202385648433,0.48664129986906807
419,0.06416266512537434,0.3075044100369378,0.6283329248376878
420,0.2866407754806118,0.1112875459995237,0.6020716785198645
421,0.16294307217708578,0.30814516559572197,0.5289117622271922
422,0.292407881528981,0.17789263330946223,0.5296994851615567
423,0.2964426940974478,0.07306198985502431,0.630495316047528
424,0.22117817051255134,0.33405377434166694,0.44476805514578177
425,0.15294074554318524,0.18143389351179393,0.6656253609450208
426,0.29308385034085305,0.1606878770180375,0.5462282726411095
427,0.09428156380589833,0.1913452088772544,0.7143732273168473
428,0.13456690043455383,0.3977025110062856,0.4677305885591605
429,0.2320678255090079,0.08324080894009234,0.6846913655508998
430,0.21193615279684175,0.11564704268084244,0.6724168045223159
431,0.2986685869463373,0.1836863315372,0.5176450815164627
432,0.22087213016957982,0.19072296222206153,0.5884049076083586
433,0.17082854512922216,0.33185639021654406,0.49731506465423386
434,0.11356111788998022,0.2841964494746851,0.6022424326353347
435,0.12931111511954696,0.4211381364287845,0.4495507484516686
436,0.1429247354836195,0.33815560039638287,0.5189196641199976
437,0.273740640731517,0.0845852192824077,0.6416741399860754
438,0.16894445530408933,0.177447740038725,0.6536078046571857
439,0.29573861097753745,0.17087681371068436,0.5333845753117781
440,0.13123768981839895,0.31120790614881966,0.5575544040327814
441,0.1214418891078359,0.197919178183154,0.6806389327090101
442,0.24247704340121468,0.1558516544805698,0.6016713021182155
443,0.30380409220276294,0.21561641594536352,0.48057949185187365
444,0.16264935454178336,0.1985270961458705,0.6388235493123462
445,0.14349529314059525,0.31847056382113975,0.5380341430382649
446,0.08455585866191415,0.3074394754534671,0.6080046658846188
447,0.29961940531081943,0.18210517556826727,0.5182754191209132
448,0.2851400892519579,0.13833804118526039,0.5765218695627817
449,0.2769167881304318,0.1373771375029803,0.585706074366588
450,0.31563709433726667,0.14685703494747826,0.537505870715255
451,0.12295912191747596,0.29304152637742104,0.583999351705103
452,0.1036979428286647,0.28538928494026206,0.6109127722310732
453,0.22687904617672078,0.23273163011425282,0.5403893237090265
454,0.2895800978995752,0.1682132800435089,0.5422066220569159
455,0.3339911074976632,0.11931848801337785,0.546690404488959
456,0.17961931559262248,0.22699382457126702,0.5933868598361104
457,0.24098209694090764,0.10825672122265048,0.6507611818364419
458,0.11751447599958426,0.1900225545828146,0.6924629694176011
459,0.2775787219646559,0.17910202166614927,0.5433192563691948
460,0.15504230164376284,0.18263466103609696,0.6623230373201402
461,0.11309717598333892,0.2174952948850841,0.6694075291315771
462,0.34054240628379945,0.12741447788929022,0.5320431158269103
463,0.23848114974758414,0.29350439083187657,0.46801445942053926
464,0.2551582272077906,0.21739434530158783,0.5274474274906216
465,0.2293043564410061,0.17336543795158768,0.5973302056074062
466,0.09828091724617344,0.29414185203827037,0.6075772307155562
467,0.2830853308399746,0.17515885874505904,0.5417558104149663
468,0.2047237816340795,0.25560450451344396,0.5396717138524766
469,0.28346903007312996,0.19225646766754367,0.5242745022593264
470,0.8905752901558622,0.013609894445449891,0.09581481539868779
471,0.1941876300503397,0.19582981871293034,0.6099825512367298
472,0.2811753523060092,0.14699672059113003,0.5718279271028607
473,0.5827547903002952,0.05281869235661077,0.3644265173430941
474,0.30809986210546353,0.23419733697656828,0.45770280091796817
475,0.22418666955262675,0.2003486231356932,0.5754647073116801
476,0.4743623505195124,0.10014498365289767,0.42549266582758993
477,0.2706433684990587,0.08347454838977708,0.6458820831111644
478,0.15653721846126464,0.38310266092106454,0.4603601206176708
479,0.3046538914094095,0.19681839545053148,0.498527713140059
480,0.20990066119155998,0.16325246194750592,0.6268468768609341
481,0.1578471945876031,0.19605019391446168,0.6461026114979352
482,0.3192656550661116,0.24710549450373148,0.4336288504301569
483,0.1379356126762453,0.22936266214318957,0.6327017251805651
484,0.17421588882344846,0.10374666368987971,0.7220374474866719
485,0.16443208478096205,0.13647092397543212,0.6990969912436059
486,0.23147270130467557,0.16415406530845097,0.6043732333868734
487,0.17236797440267096,0.2653358862445327,0.5622961393527964
488,0.13960819886783618,0.292159820084,0.5682319810481639
489,0.24072102346160382,0.19583895995779815,0.5634400165805981
490,0.13915703533360707,0.25423797910785867,0.6066049855585343
491,0.207585182112005,0.23580196019460167,0.5566128576933933
492,0.08829107380670953,0.3082467765288064,0.6034621496644841
493,0.2574696881309726,0.1681530507323601,0.5743772611366673
494,0.15225431069233658,0.3647741453136541,0.4829715439940094
495,0.201748548237126,0.19248018492122995,0.6057712668416441
496,0.16574398663679288,0.28036701908880013,0.5538889942744071
497,0.9477602337166622,0.003720768217750784,0.0485189980655872
498,0.16908990047180497,0.11127469850088566,0.7196354010273094
499,0.2570660545918188,0.11457931679977336,0.6283546286084079
500,0.11407992774882626,0.3331338610552786,0.5527862111958951
501,0.25019484923488133,0.15013125208438455,0.5996738986807341
502,0.13846025302659645,0.2306628504727241,0.6308768965006795
503,0.14225408598386846,0.19336676656141052,0.664379147454721
504,0.1404373813275654,0.18544813601794807,0.6741144826544865
505,0.9125694836977634,0.009896242648989124,0.07753427365324762
506,0.2285096275830396,0.16341541125730577,0.6080749611596545
507,0.26386489086507375,0.17226740475761668,0.5638677043773096
508,0.2526000921785788,0.14478125554929502,0.6026186522721261
509,0.861953248438187,0.024407980927132367,0.11363877063468074
510,0.23867596693804338,0.3159085869547784,0.4454154461071781
511,0.35224443319365967,0.21636146494584035,0.4313941018605
512,0.05644451129929992,0.31668489879110273,0.6268705899095973
513,0.20461820063657746,0.16878195730314788,0.6265998420602746
514,0.26274830733522525,0.09239645342855267,0.644855239236222
515,0.20745195301290117,0.3477737905862237,0.44477425640087503
516,0.3040182707651651,0.188656429216872,0.5073253000179629
517,0.2691565333786788,0.21217429702864182,0.5186691695926794
518,0.15824003360465272,0.2700664157943258,0.5716935506010216
519,0.2504163041627515,0.18866576230962315,0.5609179335276253
520,0.18693772122730995,0.26564605891869364,0.5474162198539965
521,0.2071152919387386,0.32665757233037707,0.46622713573088426
522,0.2532439583738009,0.15659800651156452,0.5901580351146345
523,0.5004440569331837,0.07706655570239195,0.4224893873644244
524,0.14995739576715253,0.3700124880605906,0.4800301161722568
525,0.2517742429613554,0.23904845336078812,0.5091773036778564
526,0.21126689791412595,0.1859528461456793,0.6027802559401947
527,0.13258970826079086,0.15144856054460837,0.7159617311946008
528,0.23143978850483526,0.16896793467550744,0.5995922768196573
529,0.20728821209076967,0.16423394178790968,0.6284778461213207
530,0.12556698395207821,0.15571917196682578,0.7187138440810961
531,0.21934042042587676,0.15630937763465763,0.6243502019394657
532,0.08815019429252391,0.26626971891061063,0.6455800867968654
533,0.24307603315580517,0.18342413183357975,0.5734998350106152
534,0.20808600779819045,0.17512488904388065,0.6167891031579289
535,0.1579429933077317,0.16481721939615154,0.6772397872961168
536,0.13259428760619157,0.17376328591662,0.6936424264771884
537,0.06332963251257268,0.3184226231227735,0.6182477443646539
538,0.3007288945480216,0.17195775238187513,0.5273133530701032
539,0.2514383121530128,0.21581678019262526,0.5327449076543619
540,0.22994427286382085,0.32937296408461847,0.44068276305156057
541,0.2893375851695842,0.1750492289360233,0.5356131858943926
542,0.13618380134552535,0.14853377802321233,0.7152824206312622
543,0.3731336941500406,0.10701126847300446,0.5198550373769549
544,0.22375418071374345,0.08014513025482228,0.6961006890314343
545,0.1813824775094302,0.3281023251406982,0.4905151973498717
546,0.2728588669102633,0.08199580187078373,0.6451453312189529
547,0.12938820627985492,0.16708242591860414,0.703529367801541
548,0.15720928440115003,0.2912206645263983,0.5515700510724517
549,0.10101345049648491,0.21490389924064057,0.6840826502628745
550,0.3627596253451069,0.12495133652291217,0.5122890381319808
551,0.16337066028716243,0.2592103756370557,0.577418964075782
552,0.17300186483623411,0.31982580323850607,0.5071723319252598
553,0.27066131329674165,0.2018265792189675,0.5275121074842909
554,0.0933115023914131,0.2855556312323503,0.6211328663762367
555,0.07430057991446753,0.31657756847236695,0.6091218516131653
556,0.32109077141886394,0.2824104762274761,0.39649875235366
557,0.4608991172780568,0.08898232583593368,0.45011855688600944
558,0.18036816310027975,0.1296218936630557,0.6900099432366645
559,0.0898638636524353,0.26610602705868525,0.6440301092888795
560,0.3120625716980407,0.060401704651900194,0.6275357236500592
561,0.21880469201383634,0.19121596422848963,0.589979343757674
562,0.32414542787815515,0.08599180663023731,0.5898627654916074
563,0.23207645216002862,0.33367068319040794,0.43425286464956353
564,0.11487983273163647,0.27101088769301424,0.6141092795753493
565,0.9460468068455571,0.0029581999244283033,0.050994993230014725
566,0.18718044214668164,0.23616133580347212,0.5766582220498463
567,0.236145776195413,0.15182894955351103,0.612025274251076
568,0.09134334738629807,0.2602641144653777,0.6483925381483241
569,0.15306648466655565,0.26381210344704087,0.5831214118864035
570,0.293255379684313,0.08837684127243808,0.6183677790432489
571,0.12550702097647665,0.2246124824307563,0.6498804965927669
572,0.1572687486741858,0.17074088522657163,0.6719903660992426
573,0.10021623721350251,0.18684890304361865,0.7129348597428788
574,0.203030052809667,0.2536352516086111,0.5433346955817219
575,0.06869207489011593,0.2857013894082177,0.6456065357016664
576,0.32279483158443234,0.12773395342906585,0.5494712149865019
577,0.260328782339748,0.18313557127496172,0.5565356463852903
578,0.2574428229909509,0.17506995247172955,0.5674872245373196
579,0.1381087662156169,0.24754098939851774,0.6143502443858654
580,0.22282279297812047,0.17478694809235293,0.6023902589295266
581,0.17478885637771208,0.20218469334465083,0.623026450277637
582,0.1829775613640093,0.3573081000651208,0.45971433857086974
583,0.3200450393112771,0.1928880033447851,0.4870669573439378
584,0.16029433044170624,0.1793662219700961,0.6603394475881976
585,0.2535782197670677,0.1918646297281625,0.5545571505047698
586,0.14601671218891396,0.32213859941033546,0.5318446884007506
587,0.11639927586685296,0.2862958749829522,0.5973048491501949
588,0.17990846127233168,0.2639471424878321,0.5561443962398364
589,0.2514307848755713,0.14046645962763088,0.6081027554967979
590,0.2318498523139391,0.23385241551448935,0.5342977321715715
591,0.10137752683609141,0.3106274798574581,0.5879949933064506
592,0.22147897727619695,0.2284533066727222,0.5500677160510808
593,0.2531094278487032,0.1473030514422111,0.5995875207090857
594,0.1638194624335961,0.3508865577175533,0.48529397984885064
595,0.24770627331191766,0.21329961415147353,0.5389941125366088
596,0.31372616103186524,0.24162820296488594,0.44464563600324886
597,0.28921782367583454,0.22294209278173865,0.4878400835424267
598,0.24452810570968628,0.21639420428715261,0.5390776900031612
599,0.12774485298145555,0.2630001112295381,0.6092550357890065
600,0.2811964632755823,0.18366887905127358,0.5351346576731442
601,0.22459639517830787,0.2946346907074824,0.48076891411420974
602,0.19015774789803433,0.2056988968904086,0.6041433552115572
603,0.11160257718074237,0.2207784087169847,0.667619014102273
604,0.12711654050673488,0.30251514113101496,0.5703683183622501
605,0.2904698567464867,0.1821918362544518,0.5273383069990615
606,0.2551519935368064,0.15677040491507552,0.5880776015481182
607,0.1482594694532426,0.29160564904507436,0.5601348815016831
608,0.12965590094508772,0.35646129508972757,0.5138828039651847
609,0.19707699539990733,0.35126459158360973,0.45165841301648296
610,0.18488376219390462,0.25731849825820097,0.5577977395478944
611,0.1361012484365728,0.3710833314096156,0.49281542015381175
612,0.09456194156858216,0.2587123908247646,0.6467256676066533
613,0.18530869596057065,0.29057776088756493,0.5241135431518644
614,0.32269681840949466,0.2595039530404615,0.4177992285500439
615,0.18453527873916487,0.1324403616244536,0.6830243596363815
616,0.24789563510710175,0.16148791753190206,0.5906164473609962
617,0.2617550559084873,0.1977149127557133,0.5405300313357994
618,0.1147119353398355,0.29149621821602584,0.5937918464441387
619,0.10220805487622989,0.3942337167628161,0.5035582283609541
620,0.2051317270017367,0.344178393146114,0.4506898798521494
621,0.10552659862755714,0.20540791877986592,0.689065482592577
622,0.3040335040258118,0.13676309250737345,0.5592034034668146
623,0.19282541382464893,0.09922796594219452,0.7079466202331566
624,0.30975239026411133,0.19228956085192242,0.49795804888396633
625,0.2860584002035996,0.17179067819117244,0.5421509216052279
626,0.08772022388920893,0.2914429187777448,0.6208368573330463
627,0.22121629812958885,0.1750691880589267,0.6037145138114844
628,0.12381378001188144,0.27377031303205407,0.6024159069560645
629,0.24648878424728865,0.08175012420333017,0.6717610915493811
630,0.327921540681798,0.14481561292763523,0.5272628463905668
631,0.09311648637796201,0.23198990639138745,0.6748936072306506
632,0.3878697742652686,0.1074000922468256,0.5047301334879057
633,0.35667772498078626,0.1216894201680506,0.5216328548511632
634,0.1161458555710671,0.27505472923794755,0.6087994151909853
635,0.2236237611484521,0.20857316041755192,0.5678030784339959
636,0.24878316905647074,0.24976621750453376,0.5014506134389957
637,0.3431786576650523,0.12972966867081728,0.5270916736641305
638,0.287900564041974,0.1967204303869073,0.5153790055711186
639,0.1735689177003111,0.26447968879708916,0.5619513935025997
640,0.9990728132113749,0.00022931450206374455,0.0006978722865612894
641,0.09705462792613544,0.3031059726362285,0.5998393994376361
642,0.10470530477782446,0.41895321020152626,0.4763414850206492
