,proba_0,proba_1,proba_2,proba_3
0,0.13802555459349214,0.07833526227635239,0.43927422841512465,0.3443649547150309
1,0.08326222963501273,0.7318881273160204,0.0970448918736581,0.08780475117530853
2,0.11147496081396427,0.09179676727303103,0.4503564476646524,0.346371824248352
3,0.13108288630623086,0.6382155906637241,0.13438594712261145,0.09631557590743357
4,0.09166844632644464,0.10587687939617434,0.4543250079320959,0.3481296663452851
5,0.08119695951329634,0.6258710237970513,0.1687985006605373,0.12413351602911499
6,0.11216237786835487,0.09148440535403186,0.44635952019152614,0.34999369658608714
7,0.11286149243646612,0.10149199834101832,0.4418107719253539,0.3438357372971615
8,0.09507252328584133,0.06636212705070396,0.47587812489315257,0.36268722477030196
9,0.12014185545038428,0.6752744003242426,0.11783663842078343,0.08674710580458986
10,0.49218691053277647,0.10241239458241358,0.31566579286963686,0.08973490201517326
11,0.13935507541313613,0.12649795613075912,0.4216372832726027,0.3125096851835022
12,0.23660970349950858,0.40005555151051037,0.24314782270191687,0.12018692228806445
13,0.10150387366486767,0.07318414969680398,0.4656591066664676,0.3596528699718608
14,0.1689244155767743,0.38225818164345393,0.2993285586691413,0.1494888441106303
15,0.09944698911507495,0.0670618411018809,0.4706606132946999,0.3628305564883441
16,0.12941914616424915,0.6609759402558503,0.10956421107131871,0.100040702508582
17,0.11891806484171386,0.6835638962245221,0.1055775293204711,0.09194050961329259
18,0.096783326665581,0.06711445548675263,0.4727814732638761,0.36332074458379066
19,0.1212581267582168,0.0878571256335929,0.44311364039562373,0.34777110721256643
20,0.15056624355689097,0.6402043504292942,0.11177120253759956,0.09745820347621537
21,0.13192577832942365,0.4577146637303985,0.26500133866552084,0.14535821927465697
22,0.09704389718065806,0.07252819240584314,0.46997242083839796,0.36045548957510076
23,0.09506682434770286,0.06929234674997654,0.4727920410752538,0.36284878782706714
24,0.13020102575223613,0.16221902601164012,0.41552500399379133,0.2920549442423327
25,0.1637893828118305,0.31400420515200406,0.3389704342694016,0.18323597776676367
26,0.4252531267470247,0.12398774850318496,0.34093890404262867,0.10982022070716158
27,0.15218657667212337,0.20872457505339925,0.39176972627209483,0.24731912200238265
28,0.10518783705718063,0.07564905830942519,0.46123827060387895,0.3579248340295154
29,0.11755853524664439,0.5846712424143145,0.18189178524834165,0.11587843709069919
30,0.09464983442210277,0.06766120071880295,0.47450149301147354,0.36318747184762074
31,0.9994259736807526,1.3934194804124778e-07,0.0005639946319147698,9.89234538456197e-06
32,0.17129634402703256,0.06658495356961254,0.43268853502901666,0.32943016737433833
33,0.09419060431032002,0.06631728565260743,0.47500170545805886,0.3644904045790137
34,0.09863065791442406,0.06991114213725841,0.47070000225111075,0.360758197697207
35,0.11280259388240013,0.07181816563376796,0.46024966482569174,0.3551295756581401
36,0.07950889347634865,0.6509295358463122,0.15430749245235115,0.11525407822498807
37,0.1780201332021319,0.35218326957562823,0.3108414897393649,0.15895510748287447
38,0.10265869485488978,0.0648982189083379,0.47123876873697684,0.36120431749979515
39,0.1194256648134121,0.6069702929597085,0.16383394095812057,0.10977010126875891
40,0.10230724737899695,0.08338956808134497,0.4590420270696813,0.35526115746997683
41,0.10078256243517422,0.06531111974669666,0.47121582937012363,0.3626904884480051
42,0.10103555699310762,0.07980014047740212,0.4622414678875208,0.3569228346419697
43,0.09397582658776414,0.07361149786005812,0.4708470104190369,0.3615656651331407
44,0.1524535876310555,0.3157973763820132,0.33965649434343514,0.19209254164349612
45,0.09865504773891515,0.6801528765559123,0.1258381873701523,0.09535388833502036
46,0.09195215935181673,0.0834585726616154,0.4672719617535718,0.35731730623299596
47,0.3959522172783304,0.13043393679794,0.35244563611140617,0.12116820981232333
48,0.09467503367292979,0.08110035308034592,0.4660420956605862,0.3581825175861384
49,0.09373226494500782,0.06366262020375538,0.4777369207062957,0.36486819414494126
50,0.16964551380837695,0.34118470899072634,0.32258188289890855,0.16658789430198806
51,0.09846831390131107,0.05897969849631763,0.4785806976164663,0.36397128998590533
52,0.4281931564446515,0.10601472107103549,0.35683692494389385,0.10895519754041921
53,0.09428163829165108,0.6169516465342495,0.17220074094077442,0.11656597423332508
54,0.12158526194866884,0.6457194095682136,0.13113952089724143,0.10155580758587628
55,0.10974772600912844,0.10101374899593761,0.4453275870631336,0.34391093793180005
56,0.13649091121379384,0.12208140028457619,0.4216882728385454,0.3197394156630848
57,0.12837440909341064,0.6265773796496209,0.14497913492738854,0.10006907632957975
58,0.1183928517778589,0.6791135275168775,0.10962822573420636,0.09286539497105728
59,0.1513587805908575,0.2594154390333398,0.3705559453104484,0.21866983506535448
60,0.3968124885078435,0.1268702890585632,0.3554120710352085,0.1209051513983847
61,0.15578507571148995,0.27895356632502877,0.3598883573906595,0.20537300057282212
62,0.0944162157597082,0.5837753808914253,0.19502491929506557,0.12678348405380116
63,0.0827142146549692,0.6963241572550963,0.12805176947426364,0.09290985861567036
64,0.16530829111193118,0.3667517168406736,0.3078235836505887,0.16011640839680635
65,0.09589826544810194,0.7056356374314031,0.10843213347602759,0.09003396364446734
66,0.16431258974349683,0.33142849908909366,0.328678022968463,0.1755808881989466
67,0.1606126216022837,0.19297342630350456,0.3913218316760221,0.2550921204181896
68,0.0929481389922602,0.6230295526246138,0.17254813653112394,0.1114741718520022
69,0.5309343591853719,0.09363564415214447,0.2943152591063053,0.08111473755617864
70,0.15814420840658808,0.3645880914947719,0.31512493939445235,0.16214276070418748
71,0.09778959235481921,0.07026446798402307,0.4702645155509994,0.3616814241101584
72,0.12066328169376551,0.6486531410962092,0.12370746228756518,0.10697611492246047
73,0.15580914181557692,0.24690842627766074,0.3723346177460544,0.22494781416070816
74,0.10026304037416399,0.6530146868746878,0.14667791461046806,0.10004435814068062
75,0.0954849272961744,0.08595690416224439,0.46276620095860443,0.3557919675829768
76,0.10216179740991212,0.0765547109355101,0.4633948667037875,0.3578886249507902
77,0.1303813008768246,0.6222830947282725,0.13724765351629004,0.11008795087861287
78,0.11418895172812508,0.11298825963986378,0.4360370873261343,0.33678570130587654
79,0.1515582963165086,0.6562993583405936,0.10158724239724531,0.09055510294565228
80,0.08993898947149402,0.6517804171898448,0.1520147761215405,0.10626581721712047
81,0.37041482125713143,0.14995828308287645,0.345704340674757,0.13392255498523517
82,0.4096980463445565,0.14141828438236653,0.331586959996153,0.11729670927692355
83,0.09316064325360067,0.0942634082919649,0.4610262443180892,0.3515497041363453
84,0.1702751411532206,0.32074324996785514,0.33195294177049844,0.17702866710842582
85,0.10449948046016824,0.06483156790750026,0.4695529801275131,0.3611159715048182
86,0.10312066136757227,0.6529582881210615,0.12487442791974056,0.11904662259162575
87,0.09748708138303638,0.07184178340641967,0.4709540370904068,0.3597170981201372
88,0.07998187467205227,0.7234817295290421,0.10364761933599176,0.09288877646291406
89,0.07848936359482384,0.7409114985972113,0.09737724553783142,0.08322189227013353
90,0.16713350510952932,0.3645848532377883,0.3099896616737851,0.15829197997889727
91,0.09549876999682186,0.09554719062370569,0.45694999793192853,0.35200404144754377
92,0.2122233612001125,0.4092919199542803,0.2532519324148832,0.12523278643072408
93,0.1130396300842508,0.09793946035472244,0.4428501646223437,0.34617074493868283
94,0.35580848912341134,0.1975143424537724,0.30420499061574313,0.14247217780707325
95,0.15117644340844405,0.24081695631659078,0.3786935362290862,0.229313064045879
96,0.1276573201266472,0.1839418919120668,0.4088440657759755,0.27955672218531086
97,0.13862647092511277,0.16486344939892034,0.4102552999242996,0.2862547797516671
98,0.11318301815740706,0.08401118902693235,0.45187753376863365,0.3509282590470272
99,0.19638660451490347,0.4095218379220289,0.2636706144375652,0.13042094312550243
100,0.1206993239557555,0.17375308128459796,0.41584488051400875,0.2897027142456381
101,0.11530053163900095,0.1450116503147259,0.42670021636175043,0.31298760168452283
102,0.11989653849551056,0.6032839905433328,0.16725493196626295,0.10956453899489386
103,0.07629808310936333,0.6955528026464035,0.12545551746305567,0.10269359678117752
104,0.09893830704923984,0.06957801295320892,0.4704867632902816,0.3609969167072698
105,0.07479538493828482,0.7255694959889321,0.10160454099994419,0.09803057807283885
106,0.37965929904848045,0.15239303109734742,0.33696210094596374,0.13098556890820867
107,0.1174379571145787,0.037915393788813034,0.47825885101989957,0.3663877980767082
108,0.09762068129456494,0.08256002235565167,0.46516721960972135,0.35465207674006227
109,0.18936822456340877,0.40958703694864923,0.26732368737747847,0.13372105111046342
110,0.12160787334946102,0.1514699351119805,0.4192112527323689,0.3077109388061897
111,0.11219595411623533,0.08194811085918283,0.45423420429967315,0.35162173072490827
112,0.14181883286326594,0.6305807802208968,0.127443436658123,0.10015695025771412
113,0.14976539083821158,0.6490453188116447,0.1119885311870352,0.08920075916310849
114,0.08418589262041574,0.6682044277202733,0.14379285872049208,0.10381682093881893
115,0.09403164693235508,0.07945186648932978,0.4685948340003615,0.3579216525779532
116,0.10047243733089341,0.08576452223596939,0.4584010513658634,0.3553619890672737
117,0.09506436731753626,0.06794949398064433,0.4741322949600165,0.3628538437418029
118,0.21666880033570943,0.41270876675762774,0.24770435215862358,0.12291808074803923
119,0.10101724761630711,0.067945287541295,0.469959319515697,0.36107814532670063
120,0.3397852013333538,0.2202367991800911,0.29655030135662813,0.143427698129927
121,0.15716372093319123,0.07332264121282461,0.43468494270227676,0.33482869515170754
122,0.10451383440912457,0.0785468866694043,0.4603128880449587,0.3566263908765125
123,0.16907863775297197,0.3642469953602428,0.30928037328769464,0.1573939935990902
124,0.11193851661315303,0.07670637234388612,0.45368345377958946,0.35767165726337147
125,0.1256162107035001,0.14074712908109804,0.42179192887030725,0.3118447313450942
126,0.16657190179132425,0.3920875864798802,0.29380140026141177,0.14753911146738383
127,0.11703613772110541,0.4615755684019828,0.26919144870954037,0.1521968451673716
128,0.13334891703965615,0.6603400271649255,0.1110264014177141,0.09528465437770432
129,0.15063916515419454,0.32809455727751274,0.3387077387185371,0.1825585388497555
130,0.11849014282714987,0.22856643430101112,0.39554484981505594,0.257398573056783
131,0.15259387216358752,0.3490063789039747,0.3253286628808663,0.17307108605157145
132,0.09956139597362489,0.08309590625549325,0.46092418249187356,0.35641851527900814
133,0.1743015803665061,0.3944732266416262,0.2882455239584566,0.14297966903341097
134,0.09717465343795326,0.7056636911087935,0.10989185389873787,0.08726980155451539
135,0.37215945983590615,0.08202680230205202,0.39861338592647294,0.14720035193556882
136,0.10968468696888523,0.7085042354428996,0.09251380023734784,0.08929727735086712
137,0.9914707289825953,2.211391039015749e-05,0.008256639546676147,0.0002505175603384991
138,0.0898281182143557,0.7099806191196791,0.11000224191497349,0.09018902075099186
139,0.09591778221454988,0.6595949095060488,0.13874787839076044,0.10573942988864092
140,0.17506352122799126,0.580415966728103,0.13781464359379925,0.10670586845010695
141,0.08580506741899026,0.7069456970485086,0.11597368704221343,0.09127554849028736
142,0.1018926501147898,0.07405244324348018,0.4642057313879148,0.3598491752538152
143,0.09494624446413444,0.07732960545768611,0.4685231219978039,0.3592010280803755
144,0.11357359700601122,0.09577349353184325,0.4463357769009831,0.34431713256116253
145,0.12744306522035653,0.2101969328251347,0.40142478044119195,0.26093522151331683
146,0.0874767807414443,0.728008278765512,0.09878928916104662,0.08572565133199692
147,0.1392370914117478,0.6222333367679667,0.1347885410941575,0.10374103072612778
148,0.09747126812382037,0.07673336346423308,0.46694784107193227,0.35884752734001396
149,0.17699683959548612,0.374328546007364,0.29757641511394906,0.15109819928320106
150,0.37926055656484287,0.167965545188064,0.3185789597362733,0.13419493851081976
151,0.08122430499615568,0.6722775614575148,0.14071712625200206,0.10578100729432748
152,0.12020135340982967,0.660505863550957,0.1167606283196147,0.10253215471959871
153,0.10867297336042918,0.0950536550284023,0.4477124422846159,0.3485609293265527
154,0.12281955293272977,0.16312776514436228,0.41466951864374463,0.2993831632791633
155,0.1664794316255969,0.36579551321126524,0.3082014343085682,0.15952362085456975
156,0.10413792996942549,0.6538285303424111,0.12683250603294474,0.11520103365521876
157,0.12084248981496373,0.6586990290104612,0.12325486716093798,0.097203614013637
158,0.0951226428435553,0.08049104721283157,0.4673833474545285,0.3570029624890844
159,0.16759538419191244,0.38764526671527866,0.29566133483514706,0.14909801425766195
160,0.09381493674137291,0.0710922905299538,0.4721188067594841,0.3629739659691889
161,0.09092804940954859,0.7102770233190868,0.11144326570494906,0.08735166156641522
162,0.0921367851514489,0.7297401161011591,0.09186955625174349,0.0862535424956486
163,0.10056737999183182,0.07159006629841333,0.4669214254344608,0.36092112827529393
164,0.36804868279333897,0.13093271430408696,0.36664888326700174,0.13436971963557265
165,0.1033777967689311,0.649369135473047,0.14426870971642725,0.10298435804159477
166,0.08880747756093985,0.626144673070607,0.16880763809880825,0.11624021126964496
167,0.09623449079582964,0.07468764831930051,0.46842089547258486,0.3606569654122851
168,0.3613187499609803,0.18293806866396012,0.31519847318426625,0.14054470819079307
169,0.14195278228589406,0.07024702913475593,0.44427727220320895,0.34352291637614085
170,0.10742988355382053,0.06521831159076265,0.46773102874357864,0.35962077611183835
171,0.46569429267740187,0.12094607369627385,0.31562827106108554,0.09773136256523893
172,0.11743040653146142,0.09726386583698673,0.4409575592838832,0.3443481683476687
173,0.0972787951133961,0.07292588621627587,0.46977407072571276,0.3600212479446154
174,0.09540936903959268,0.08200200934437694,0.46492343301920436,0.35766518859682606
175,0.13975378111628414,0.27773290917448673,0.36965418210208373,0.2128591276071453
176,0.1172061430832664,0.6434017103562261,0.13986401909152957,0.09952812746897782
177,0.10225053201020261,0.09716426179560378,0.4514146364708643,0.3491705697233288
178,0.11278071539207961,0.6482700300403961,0.1354809642727271,0.10346829029479736
179,0.09567791971106966,0.07831370087418567,0.4682575740159521,0.3577508053987928
180,0.1517619863748989,0.25883313056435586,0.36756221748464285,0.22184266557610263
181,0.10680685772662236,0.08235896408435052,0.45728927777874884,0.3535449004102785
182,0.09344866656523357,0.06868441172764655,0.4752673182145786,0.3625996034925411
183,0.44920942544727765,0.13506860830396603,0.31176653724840436,0.10395542900035214
184,0.1005920082324088,0.08313142173670948,0.4600009531145132,0.3562756169163684
185,0.10013434252339336,0.06225876033388649,0.47492743714572605,0.36267945999699425
186,0.3578930824351799,0.19154756842544915,0.3091387115377691,0.14142063760160176
187,0.14738279252702796,0.5699156438946206,0.1692930666605944,0.11340849691775712
188,0.15351960460000494,0.600521540923601,0.14180189445986266,0.1041569600165312
189,0.11214654964076676,0.07263076324296311,0.4604520163929762,0.3547706707232936
190,0.0956475607348686,0.06646399632849696,0.4747600904600831,0.36312835247655123
191,0.15611412130585303,0.3541400115905927,0.32165907448396375,0.16808679261959036
192,0.2090887755146659,0.42501932709402557,0.24490933460498973,0.1209825627863189
193,0.11274838239060304,0.07570392537125994,0.45507809554948137,0.35646959668865585
194,0.08264033013283126,0.6531326713463343,0.1527543413302072,0.11147265719062735
195,0.17328649899414003,0.3811367659883182,0.2935698329878618,0.1520069020296802
196,0.12375583324667133,0.0978653487050725,0.43909766215275975,0.33928115589549696
197,0.09503011857542148,0.07981239990158345,0.46656355590505094,0.358593925617944
198,0.16805758600759535,0.394980687989909,0.2912283033755225,0.1457334226269731
199,0.09780263813958111,0.6426771413572847,0.14340452660501496,0.11611569389811918
200,0.367501837546008,0.17974687294730043,0.31464528218234294,0.1381060073243486
201,0.10093382153864802,0.06281363395978551,0.4754248553222855,0.3608276891792807
202,0.10718082774662427,0.0799158899733704,0.4599302984580792,0.35297298382192616
203,0.1811314961577343,0.38759515295321895,0.28466035724834493,0.14661299364070185
204,0.08311577593643554,0.6797023771135557,0.13843296927478563,0.0987488776752229
205,0.11921101390609352,0.12899333288628242,0.42792598976387364,0.3238696634437501
206,0.11781931807088705,0.07432364281440937,0.45701570086201776,0.35084133825268565
207,0.4403626671233754,0.11509252884348276,0.33986121411849074,0.10468358991465113
208,0.12189955956576838,0.2165370168509272,0.3988272494671392,0.26273617411616484
209,0.19437110461174345,0.383540828741966,0.28194272642096546,0.14014534022532524
210,0.136213096143158,0.4090100028401468,0.2909306620893855,0.1638462389273099
211,0.09868744734712238,0.6975307233195858,0.1180986879189971,0.08568314141429476
212,0.11567588196775272,0.16003960931059416,0.4214785372670081,0.30280597145464494
213,0.10164483113082722,0.07687039469195805,0.4633774785802882,0.35810729559692644
214,0.1463714434966826,0.20395631581297763,0.39434048284931833,0.2553317578410213
215,0.12718961487216748,0.1694756752877839,0.41495651985759296,0.28837818998245573
216,0.3780879621703147,0.19911950689984662,0.3036024134090344,0.11919011752080465
217,0.10170138730614531,0.6578601578261124,0.13305893155678938,0.1073795233109525
218,0.3980239565381514,0.12382894258461995,0.3576145822834037,0.12053251859382474
219,0.31070531484136504,0.2766191668217659,0.2729027964116852,0.13977272192518414
220,0.2254766696824173,0.4011942404314687,0.2498913946376926,0.1234376952484217
221,0.11934607044066889,0.6860733931548431,0.1084695868153729,0.08611094958911523
222,0.09609183506240714,0.07240923383427582,0.4702959780268652,0.361202953076452
223,0.1319679685842231,0.11423547668111873,0.4282451724364253,0.32555138229823305
224,0.216062472826874,0.40697487517090497,0.25279935029752,0.12416330170470115
225,0.09723745630249447,0.0717919907876205,0.47052929537611454,0.36044125753377093
226,0.08179058983129697,0.6912847796592735,0.12816199364937209,0.09876263686005742
227,0.09305054665815174,0.6305715164732141,0.1683801302616776,0.1079978066069568
228,0.127873603075144,0.14504530284757552,0.4185608073036066,0.30852028677367394
229,0.15281243138919498,0.1564435287035959,0.40642157079731156,0.2843224691098977
230,0.09512120786348059,0.060575734414347965,0.4803993162701853,0.3639037414519861
231,0.10106133323117385,0.06495475123422717,0.4733074830308124,0.36067643250378634
232,0.095012740915757,0.06925495138694544,0.47348199146386055,0.3622503162334371
233,0.09527712895992277,0.06731636794635813,0.47534987451363464,0.3620566285800844
234,0.11790090201538606,0.10108029049251611,0.44026410284225115,0.340754704649847
235,0.1148685577400144,0.0831176349519146,0.45226855507077485,0.3497452522372958
236,0.3925700888864713,0.16301524035741424,0.3160450962963549,0.1283695744597595
237,0.11464335095139841,0.6772930990991012,0.10986850447927761,0.09819504547022279
238,0.07763101228051644,0.7288744281013685,0.10533719036950426,0.08815736924861094
239,0.10349505928927241,0.6459246976459997,0.14372402374126114,0.10685621932346677
240,0.1276730754566258,0.6272381645309705,0.13302993785174672,0.11205882216065705
241,0.1706923527562861,0.3691293628317075,0.3050718910917416,0.15510639332026502
242,0.2062787539894263,0.4014176653724113,0.2613407474139161,0.13096283322424646
243,0.17216823916886842,0.38557802288178,0.2945431506679361,0.1477105872814154
244,0.11897490403605984,0.6362314479071929,0.1419663179114337,0.10282733014531381
245,0.10165111557981883,0.0834186649624225,0.45877841627338084,0.35615180318437817
246,0.13962848436478256,0.30748577729874965,0.3538782566322321,0.19900748170423582
247,0.411105701339995,0.11474451076801079,0.3593660578550381,0.11478373003695626
248,0.09965262781037902,0.684188458554744,0.11403588951952039,0.10212302411535687
249,0.09721864565299791,0.6688924651250059,0.13021886664985388,0.10367002257214192
250,0.3826304479194643,0.15499534743332571,0.33271198069037994,0.1296622239568298
251,0.09011628431109722,0.7316331763104106,0.09199247627878727,0.08625806309970489
252,0.13843243638352848,0.6334401304586904,0.12278976939288425,0.10533766376489662
253,0.162613091021058,0.3119447906375341,0.34003191194225524,0.18541020639915262
254,0.22095241218147843,0.40645191446687495,0.24919727915188353,0.12339839419976349
255,0.1519218964001616,0.26972259203181564,0.3648500859174419,0.21350542565058067
256,0.15908944513027243,0.23189686215490207,0.380782266809755,0.22823142590507095
257,0.07920008159618151,0.6743886457435724,0.14033119372563185,0.10608007893461406
258,0.14024468022778663,0.6209050224667325,0.1348874689894551,0.10396282831602546
259,0.12121163172771213,0.5789473050477527,0.18736035171968166,0.1124807115048536
260,0.10070745859849432,0.06810586725597624,0.46940823510296387,0.3617784390425652
261,0.09558510217010927,0.0787108597911241,0.46700325841521534,0.35870077962355124
262,0.18592756124808263,0.38143397604137785,0.2898369923456547,0.14280147036488483
263,0.09484157645621873,0.07899910684964034,0.46665670761659195,0.3595026090775491
264,0.14315131503539785,0.6685924638071615,0.0973744552067022,0.09088176595073824
265,0.11235939723395769,0.09041255321308304,0.44954945463392687,0.34767859491903247
266,0.16613847416380856,0.6121363770196869,0.12464535186582608,0.09707979695067862
267,0.6141647654963728,0.0032419904501924776,0.32649176831263643,0.05610147574079829
268,0.09966129281668593,0.08590816226073797,0.45925368546527945,0.3551768594572962
269,0.1630927326406678,0.33711913666624566,0.3266934873334967,0.17309464335959016
270,0.09589305034694501,0.06692410335068867,0.47437349958803227,0.3628093467143339
271,0.3697376224705294,0.1382912831438569,0.35833924098584347,0.13363185339977032
272,0.13585696815277148,0.1109286458457239,0.42899791259560827,0.32421647340589616
273,0.9997206825841195,5.854847119315402e-08,0.0002749629824985579,4.2958849105545e-06
274,0.15981996539572796,0.3211106362035217,0.33633675750365344,0.18273264089709673
275,0.07878021546099041,0.6300910087063868,0.1661038109506433,0.12502496488198
276,0.10718936413823026,0.07711962520157291,0.46007760112641144,0.3556134095337853
277,0.3608314132662762,0.17861825862184155,0.3194161238022982,0.1411342043095837
278,0.11427591492226087,0.07607109700907269,0.4555756878098716,0.35407730025879497
279,0.14193323304207478,0.6536268754464305,0.1107029070980702,0.0937369844134247
280,0.0997734262225481,0.10058376750266701,0.4520890681793134,0.3475537380954719
281,0.08435100986705067,0.7044547007478767,0.11846246869741445,0.09273182068765838
282,0.14041774925890527,0.16501786108337632,0.4098641090697206,0.2847002805879978
283,0.09055053565007691,0.7414093447124586,0.08758132138275294,0.08045879825471162
284,0.09909896764919053,0.0856687915963759,0.46041108772130407,0.35482115303312967
285,0.14972517086770196,0.648483209410502,0.11311946746400744,0.08867215225778842
286,0.10524388211538357,0.7179340572756788,0.09356316258411984,0.08325889802481748
287,0.10576917497771549,0.0821756852460238,0.45850491150119166,0.353550228275069
288,0.10270969664555199,0.6808825004001368,0.11062309789116447,0.10578470506314665
289,0.1691444879304323,0.5766364143258721,0.13820259379066877,0.11601650395302665
290,0.1523922023858894,0.25710306273282196,0.37347972977477795,0.21702500510651132
291,0.13463835144095154,0.26817320077127826,0.3750334916470288,0.2221549561407416
292,0.1306044680654324,0.6348756543703886,0.13317217054773983,0.10134770701643957
293,0.10145844708150188,0.07189174158568186,0.46774905977222175,0.3589007515605948
294,0.11954355760190087,0.6333561720124388,0.14844254140458246,0.09865772898107769
295,0.20451514507940202,0.4180125056087728,0.25257567641984147,0.12489667289198413
296,0.40005806627922363,0.1552723558892578,0.32027919174033914,0.1243903860911797
297,0.09531859405266074,0.07354866023149918,0.47025485068357137,0.3608778950322684
298,0.10754249864917399,0.6750810559690728,0.11753971387666448,0.09983673150508872
299,0.09391590909653733,0.08273393541516437,0.46673178257372583,0.35661837291457266
300,0.18046390826570866,0.34899989108778073,0.3115451737851988,0.15899102686131203
301,0.08928332864269709,0.6930166128927387,0.12392559974028933,0.09377445872427488
302,0.1615425375429875,0.36076164415352757,0.3161627999095666,0.16153301839391815
303,0.11773570564359652,0.10410981938318091,0.43825530499317433,0.33989916998004815
304,0.1364196710422924,0.1808124695761174,0.4081141052655051,0.27465375411608484
305,0.11204310329613933,0.6789351770041351,0.10997323693106481,0.09904848276866046
