,proba_0,proba_1,proba_2,proba_3
0,0.20123135305047976,0.051895896969769664,0.6273544875274414,0.11951826245230929
1,0.21328631095206818,0.683223998930064,0.06661695002495158,0.03687274009291649
2,0.12684858509695582,0.08795182900816882,0.1955449455757145,0.5896546403191607
3,0.17379073864706404,0.6704373723456162,0.10721886358147073,0.04855302542584884
4,0.15602662550989405,0.14110449404850176,0.1999445922879171,0.5029242881536874
5,0.1237287646303105,0.6994930771133929,0.0965768293748157,0.08020132888148088
6,0.17993877770550665,0.06313606376690727,0.6244520707569694,0.13247308777061667
7,0.18169959125309415,0.09060529378432812,0.5623731384194511,0.16532197654312641
8,0.161312606423557,0.0968346908944936,0.24644533866829346,0.49540736401365604
9,0.16370314051627352,0.6923314154938058,0.09861623873745207,0.04534920525246875
10,0.7910889566479068,0.04206297391171931,0.13871640563006027,0.028131663810313456
11,0.16600122173899967,0.10609244819105482,0.4995156564052115,0.22839067366473392
12,0.29607692173202116,0.16005676340827096,0.3525797725192352,0.19128654234047246
13,0.11624237278599676,0.067058569779785,0.16604168020163693,0.6506573772325814
14,0.22941431435942417,0.1470314609919578,0.5171627089174061,0.10639151573121225
15,0.1381252884617861,0.06804189571735855,0.24322714574186835,0.5506056700789869
16,0.2201239868570737,0.6705164620033102,0.061245057979813854,0.048114493159801854
17,0.2174885746926778,0.6697800814314623,0.0667683744207022,0.045962969455157716
18,0.128348256228622,0.07848771120050237,0.168999176463491,0.6241648561073844
19,0.15885008960155259,0.03652954371605773,0.699538554965276,0.1050818117171137
20,0.28118796424131104,0.5933442467528008,0.08730959977342403,0.03815818923246406
21,0.16931578658309396,0.401617631023258,0.2640456391747851,0.16502094321886274
22,0.16372021868238182,0.1163933504838799,0.16761417427770234,0.5522722565560362
23,0.10706047989045399,0.06694748581121905,0.16254714800607584,0.6634448862922512
24,0.13795608131180276,0.04516959111975601,0.691397288097871,0.1254770394705702
25,0.18073412173433606,0.1163267660990078,0.5247875630483742,0.1781515491182818
26,0.5426444296236501,0.09670708478453273,0.23333216692457828,0.12731631866723864
27,0.14068089712362397,0.0841978875078573,0.5624794358530173,0.2126417795155017
28,0.14206477401781398,0.09059127338554422,0.19457394151644067,0.5727700110802014
29,0.11833526797902301,0.6377322332810579,0.15586512528925722,0.08806737345066194
30,0.10907821039286936,0.0620949367234711,0.1593240458391802,0.6695028070444794
31,0.9999998148186812,9.999999404089577e-08,3.440368819129194e-08,5.077763671329222e-08
32,0.23533785249866535,0.04389974486213356,0.6017302981745278,0.11903210446467317
33,0.11154297255455133,0.058234308138640126,0.1927374159392371,0.6374853033675715
34,0.10689959641544398,0.049876010829504956,0.1846544223569674,0.6585699703980834
35,0.14591209696174193,0.07820873877790811,0.16312373617211756,0.6127554280882322
36,0.1393443970431371,0.6983334764585915,0.09553895280315111,0.0667831736951203
37,0.20418275984139742,0.1220869432091276,0.5237610328383316,0.1499692641111432
38,0.13958705078979727,0.07524172968739691,0.17483692614638877,0.6103342933764169
39,0.10805868400398701,0.7125612647918573,0.10221362234629355,0.07716642885786204
40,0.11256210081796028,0.06995821976337385,0.1759957644933296,0.6414839149253364
41,0.11287580504109551,0.05698760397179581,0.16193948813530698,0.6681971028518019
42,0.1511048875062257,0.10792976042711115,0.17796462256179452,0.5630007295048688
43,0.10624119737824582,0.06391572488645536,0.1647497005581894,0.6650933771771095
44,0.19264020429578782,0.17012693613316193,0.49704556539058237,0.14018729418046802
45,0.16198432628072257,0.6892803935322701,0.1011723323066328,0.047562947880374844
46,0.1930374617301089,0.1313170187367349,0.29110476532180385,0.38454075421135203
47,0.46600507164571975,0.058524613312225346,0.4104691132134436,0.06500120182861165
48,0.13318951428665265,0.09844820140581116,0.19700029134712535,0.5713619929604109
49,0.10708018747702866,0.05227987045268922,0.17103285218554473,0.6696070898847374
50,0.20450734064820913,0.0735227796054232,0.6567383125158208,0.06523156723054681
51,0.1130425066496415,0.04872417233242683,0.16832752355208697,0.6699057974658448
52,0.5759730353499329,0.06382100357723336,0.2892369280893153,0.07096903298351841
53,0.10911389315792264,0.6697891554519969,0.11850183932425332,0.10259511206582733
54,0.14970392947928102,0.7119088068412409,0.07703089709600747,0.061356366583470885
55,0.18514936528881246,0.13225415126663248,0.2107314547964717,0.47186502864808316
56,0.22062157781651473,0.048941616647247235,0.6968114430414744,0.0336253624947639
57,0.12873322072680582,0.6669168889675281,0.12367077927479629,0.08067911103086983
58,0.1570539272316865,0.7173255650154476,0.06582196533967076,0.059798542413194905
59,0.1840080338548653,0.0760985990021752,0.6896134491492768,0.05027991799368274
60,0.46084541713856875,0.07144748079566281,0.3716589567974088,0.0960481452683597
61,0.16719921534636328,0.08672276249992794,0.6116214745478222,0.13445654760588666
62,0.10993336052890164,0.6611876918211818,0.13532728407749994,0.09355166357241665
63,0.12316885888889471,0.7319402281156778,0.09108027547393595,0.05381063752149164
64,0.20369649947708027,0.17897003353253374,0.43077083840932445,0.18656262858106157
65,0.17126333946041686,0.7038074976932351,0.07308765314601,0.05184150970033822
66,0.19422163449137672,0.14771203460921567,0.49216645545876814,0.16589987544063947
67,0.15573935482113588,0.0634276379740637,0.6310453961911383,0.14978761101366214
68,0.10420610087281953,0.7141128378867337,0.11294978838707835,0.0687312728533686
69,0.8222783838182736,0.03897652907629488,0.09727512048113313,0.04146996662429817
70,0.21149354434798387,0.17327798498275448,0.4609852266872029,0.15424324398205863
71,0.12596524617098595,0.06006003710622579,0.2618851230944296,0.5520895936283587
72,0.18676002297215027,0.6797037856831794,0.08140214451417423,0.05213404683049639
73,0.1543815265151458,0.12629629799367767,0.44790381249338207,0.27141836299779454
74,0.11154732697785587,0.6969968528623723,0.11443314773082461,0.07702267242894738
75,0.157566763096518,0.10567364780155825,0.28402591504275143,0.45273367405917203
76,0.1401094668199613,0.08222561920059682,0.22858130090891196,0.5490836130705297
77,0.16244143316308737,0.668987387189158,0.09844039941265124,0.07013078023510366
78,0.19258108685985856,0.08587258995090913,0.6156549115201164,0.1058914116691158
79,0.24846513216227278,0.6226684542517132,0.07978193778356406,0.04908447580244988
80,0.10854001190751586,0.7243806938881338,0.10014453665076677,0.06693475755358333
81,0.376406372010252,0.09013661811573297,0.413848532494327,0.11960847737968829
82,0.49102166734234504,0.0947087686386425,0.3133624866007129,0.10090707741829943
83,0.19437712356157605,0.14405600359352846,0.22637314554949395,0.43519372729540134
84,0.19101980838635135,0.10784686689312296,0.549965090898151,0.1511682338223748
85,0.12237079845307311,0.06292002034652538,0.15470887516327408,0.6600003060371272
86,0.2845766592292261,0.6086967102486981,0.06925627515518275,0.03747035536689318
87,0.13342617228910628,0.08890571754437772,0.1744471268348268,0.6032209833316889
88,0.19548969225273866,0.6828918857468262,0.06858071149790616,0.05303771050252888
89,0.17871519714980558,0.7034491524540555,0.07474686169100675,0.043088788705132226
90,0.2099450931506293,0.10088343737623372,0.5850514255220935,0.10412004395104325
91,0.12556748273927235,0.09503804460157594,0.24213230923826845,0.5372621634208831
92,0.27030941684299753,0.16069337731919,0.43216248871589197,0.13683471712192036
93,0.20475968875918865,0.03803039772950142,0.7258960672486411,0.031313846262668955
94,0.33411253175312683,0.16500178092686948,0.3073925867310042,0.19349310058899943
95,0.171587088900981,0.1179525425006489,0.5711222306742848,0.13933813792408484
96,0.13747385592876601,0.047406243303571606,0.6980009215564438,0.11711897921121871
97,0.1260380150842296,0.07574728184336693,0.43372318679429267,0.3644915162781106
98,0.15254137079268873,0.0809001958613987,0.24329129322543977,0.5232671401204724
99,0.25024537320297036,0.16296918074808545,0.4001673280206203,0.18661811802832384
100,0.14276253214804252,0.06051908539346699,0.6710102448706694,0.12570813758782098
101,0.14727212682730403,0.09492074735994939,0.5350267496396476,0.22278037617309918
102,0.09993437544924592,0.6952930684293167,0.1103443569647378,0.09442819915669906
103,0.15027278297526678,0.7198177273583842,0.07089351324967216,0.05901597641667733
104,0.13860197512800193,0.093232972422632,0.15593331230578877,0.6122317401435776
105,0.24884020381163394,0.6595170069601115,0.05642853207420225,0.03521425715405218
106,0.38317562091965024,0.10373479759590633,0.3219976661198051,0.1910919153646383
107,0.20163471604662722,0.014191269189462797,0.7412458426028595,0.04292817216105038
108,0.17726895888697763,0.11941660868670127,0.22275804435590485,0.48055638807041634
109,0.2461606422713065,0.1971554298294302,0.40278935694481677,0.15389457095444659
110,0.1709040618604153,0.09554673099269452,0.6003774726948863,0.13317173445200414
111,0.1523076913305333,0.09659758978040543,0.17341951070919648,0.5776752081798647
112,0.18649451877853188,0.6719204019397995,0.08894670989925861,0.05263836938240985
113,0.19982393032557313,0.673732788290542,0.08233162869145003,0.04411165269243487
114,0.12968068975415514,0.6982682259009104,0.11138676610875867,0.060664318236175706
115,0.1204765821602101,0.07470419489865035,0.16189497636467667,0.6429242465764627
116,0.12718980277607062,0.08634789540685552,0.21042124689473757,0.5760410549223363
117,0.14096223424095577,0.0702163180129655,0.2694915769646807,0.519329870781398
118,0.2793573271958978,0.17878091800830434,0.397898417900912,0.143963336894886
119,0.11386932996370085,0.05743966576060321,0.20587471053550832,0.6228162937401879
120,0.3089696059863529,0.12518379120169645,0.38927854975339987,0.17656805305855072
121,0.2159623956853237,0.013712244842720312,0.7426507959642676,0.027674563507688533
122,0.12084745659008057,0.06734093920049893,0.19550347526246234,0.616308128946958
123,0.20895013584835553,0.09865820571694044,0.5732453152361854,0.11914634319851881
124,0.16357637774695477,0.030540325937300914,0.7356419166255624,0.07024137969018171
125,0.1488695291172107,0.06134419943797823,0.6480283225587612,0.1417579488860497
126,0.22628565154321276,0.18143922223376863,0.43215790083972805,0.1601172253832904
127,0.13858834949939444,0.48345562550623444,0.23902732883317648,0.13892869616119455
128,0.21912996547888788,0.6797365569974526,0.061634433363934545,0.03949904415972477
129,0.18244642182942833,0.14969668893794996,0.45936149516816455,0.20849539406445733
130,0.1712688472746381,0.14992459775586306,0.522049888397223,0.15675666657227535
131,0.20491034061469113,0.15259576857853135,0.5272946274595647,0.11519926334721269
132,0.1461810315561866,0.10148392432116611,0.21799579946504932,0.534339244657598
133,0.22862175641131355,0.15428969517624586,0.4638168283443888,0.1532717200680517
134,0.15632090903293774,0.7178263944613479,0.07865022349336728,0.04720247301234726
135,0.9246914633727604,0.005671874760321357,0.06620705810848834,0.003429603758430099
136,0.22851616856808601,0.6699543381265431,0.05967453854345319,0.04185495476191779
137,0.9999998145285894,9.996655299608665e-08,3.352572590404653e-08,5.1979131543049046e-08
138,0.1797420100975713,0.6721461261583392,0.09352106321703585,0.054590800527053576
139,0.175249131878716,0.6663120855562153,0.10873967932978329,0.04969910323528554
140,0.20675889780606213,0.6253823699491025,0.10301694637147264,0.06484178587336281
141,0.14371147999057435,0.7253688935273976,0.07571553829492243,0.055204088187105566
142,0.127209078987594,0.06299518314281309,0.2401692723692868,0.5696264655003057
143,0.12218047857080624,0.08810412293326977,0.17060697532340754,0.6191084231725168
144,0.21451719005542694,0.14448380916148096,0.25928282411508646,0.3817161766680058
145,0.1422832174143915,0.09146784077498749,0.527459944987053,0.2387889968235677
146,0.18096196274625218,0.6967923204032865,0.07543056604031105,0.04681515081015047
147,0.19440037971193133,0.6607798711256172,0.09462600873064801,0.05019374043180375
148,0.16929428000066005,0.12451905628658658,0.2046955395491727,0.5014911241635805
149,0.21566927253337168,0.14208014044878112,0.4638989447199307,0.1783516422979164
150,0.3816746806772417,0.11697172304301028,0.34358173261979746,0.15777186365995058
151,0.1297674462227417,0.7150452824822925,0.08395721950695276,0.07123005178801295
152,0.22789435503388827,0.6562477307002241,0.0773356538744704,0.0385222603914171
153,0.13613708751826958,0.05166435336285116,0.5734305347478474,0.23876802437103206
154,0.18024193981030442,0.11456788713383378,0.5742659501719924,0.1309242228838693
155,0.20259605208349515,0.15035512371030654,0.4454331540204471,0.20161567018575097
156,0.2504963545902221,0.628537525733871,0.07754702491222717,0.04341909476367964
157,0.2017141266283259,0.6523412685913901,0.09822715232777784,0.04771745245250605
158,0.12722891473966605,0.08297006053056717,0.17509451122092748,0.6147065135088391
159,0.22712829305934745,0.13536973137895159,0.5436055416601426,0.09389643390155852
160,0.11046288129157147,0.06629288869201859,0.17586983727683161,0.6473743927395784
161,0.15434021028706058,0.7198254545249423,0.08130444431746178,0.04452989087053558
162,0.22046527493719464,0.6621658455108482,0.06788971162159696,0.04947916793035997
163,0.13593941063968742,0.07443242876411658,0.23359729794638792,0.5560308626498082
164,0.38086773314100564,0.08341303476292192,0.3998485746203277,0.13587065747574478
165,0.1485833612283257,0.6697130508156447,0.11948045385497127,0.06222313410105819
166,0.11662688585400463,0.6949874413621461,0.11208517230773965,0.07630050047610996
167,0.1284179065526764,0.08666196155690044,0.16698377916986623,0.6179363527205569
168,0.3481446917734102,0.1263375177115378,0.3857556756634112,0.1397621148516411
169,0.23286544780237195,0.055744533176940135,0.6445972735574165,0.06679274546327144
170,0.12823669612707964,0.04818661893874488,0.18253703095543347,0.6410396539787422
171,0.660452899744911,0.07269802502086989,0.20130388666147597,0.06554518857274294
172,0.20290376249997802,0.11990475942378294,0.4636986415916851,0.21349283648455386
173,0.1690045395920275,0.12023240132844369,0.1938466220053761,0.5169164370741529
174,0.13020984883296027,0.09200507861039339,0.22166844882432055,0.5561166237323256
175,0.16535242486863502,0.09324870428183306,0.6119020335668198,0.12949683728271236
176,0.1315576629984974,0.6896197415945932,0.10496978662842185,0.07385280877848767
177,0.14449021412336677,0.11312110524109269,0.22022814612891412,0.5221605345066267
178,0.1696351042583699,0.6708924810530805,0.10849964466048306,0.05097277002806647
179,0.14042709351749855,0.10359018412374543,0.1755865238326725,0.5803961985260835
180,0.18879077385275359,0.11990137317943429,0.5967188742717957,0.09458897869601642
181,0.12869343414984047,0.07031939864535056,0.18860640058908085,0.6123807666157285
182,0.12672420807982618,0.08000906379111146,0.1661411867028798,0.6271255414261825
183,0.6063555905939876,0.08240754613223147,0.24089426391378999,0.07034259935999088
184,0.12348022160367171,0.08119463293627975,0.202575666405701,0.5927494790543478
185,0.11136781706625914,0.054550656661448774,0.17054686500883495,0.6635346612634571
186,0.3619890474035741,0.12353743418702134,0.4101946413033955,0.10427887710600904
187,0.1392636625050239,0.6298168994315038,0.13968241256103517,0.09123702550243709
188,0.1891580099060839,0.6355006756482264,0.11823407126988472,0.057107243175804824
189,0.13336941700052043,0.05728728735803235,0.17997318736188933,0.6293701082795575
190,0.14214827239868058,0.07110110600295588,0.2587165674354454,0.528034054162918
191,0.19562432774914923,0.1448090686727744,0.4859942995105133,0.17357230406756294
192,0.2860399820915568,0.1611457012487473,0.44066709059528536,0.1121472260644103
193,0.19882868917075905,0.05440799026611149,0.6715030319245777,0.075260288638552
194,0.13450419582676482,0.6876632232401487,0.10544359040518178,0.07238899052790507
195,0.22713734979611,0.16300827781996832,0.4965554739286956,0.11329889845522612
196,0.13757839598947624,0.02728650766617578,0.734647080653025,0.10048801569132304
197,0.144493125552563,0.10617336475063978,0.22207772100828127,0.5272557886885157
198,0.23198150144034757,0.16155653205131226,0.485675939538883,0.12078602696945748
199,0.14970224827485973,0.6882960729612364,0.08410265278271495,0.07789902598118868
200,0.3519844247769548,0.12207971429593133,0.34611853731781883,0.1798173236092949
201,0.13053078284164626,0.05915031022707984,0.1968921533689402,0.6134267535623337
202,0.18502348061261734,0.12010818057065513,0.17240132906271682,0.5224670097540108
203,0.2345549272095607,0.17679370479428852,0.46506201677496434,0.12358935122118647
204,0.12846164109042366,0.7172641338098552,0.10124419048766331,0.053030034612057804
205,0.1646735582571584,0.10874758877276633,0.4963022653597919,0.23027658761028347
206,0.12316387270584665,0.06400486669141005,0.17731235251256192,0.6355189080901814
207,0.589172581653623,0.08411193196564361,0.21274900006802938,0.11396648631270376
208,0.1704032727328606,0.11784693713711013,0.5963421268641129,0.11540766326591627
209,0.23621769308046278,0.11934480060355285,0.5009141173811245,0.14352338893485989
210,0.1618347379215731,0.3715544909241578,0.29202978290474313,0.17458098824952578
211,0.13594287750522577,0.7168490986277597,0.097583706413736,0.049624317453278416
212,0.1488763765620506,0.06435442235351203,0.6827691492540665,0.10400005183037078
213,0.14374614157599896,0.09609095896378987,0.1984972835913696,0.5616656158688418
214,0.13885532241902807,0.06924851813814471,0.5679820766827074,0.22391408276011981
215,0.1344684144891811,0.03167261790650185,0.7522393723326273,0.08161959527168973
216,0.7155640533274329,0.022922289095514952,0.24298554703407615,0.018528110542975935
217,0.13382029385500507,0.7290871935853596,0.07453120795904394,0.06256130460059152
218,0.5145375921335384,0.0791185333505906,0.33486530770492196,0.07147856681094893
219,0.28946502586137174,0.19434131944194907,0.32223807046354813,0.19395558423313097
220,0.2826682716870795,0.147764665278811,0.4114252001888183,0.15814186284529097
221,0.16566771751178064,0.6921057201891492,0.08669536501974305,0.05553119727932748
222,0.10762482890708529,0.06815083175530048,0.1683656894290672,0.6558586499085468
223,0.13902575151143656,0.043272352364282535,0.6347321638808865,0.18296973224339438
224,0.2763234293671067,0.15087030018082975,0.4176036546852327,0.15520261576683061
225,0.12300969111807965,0.06752187686158657,0.20042726270697403,0.60904116931336
226,0.14144511732402107,0.7090275396665113,0.09278467626410727,0.05674266674536074
227,0.09531864854761515,0.7062286771441457,0.11773483306063773,0.08071784124760117
228,0.18001279546268456,0.05965837524957225,0.7049151615387912,0.05541366774895192
229,0.1557331651991606,0.03870614837967139,0.7159857384353471,0.08957494798582122
230,0.12862834098867001,0.06421449926332622,0.19084824329422886,0.6163089164537747
231,0.1800184244698096,0.1089254193717521,0.19406811412652045,0.5169880420319177
232,0.13878962945512083,0.07475736496282416,0.25323168849262984,0.5332213170894251
233,0.1752364285178805,0.10701419026414194,0.25911195249935265,0.458637428718625
234,0.1459407359267009,0.09790186372433297,0.219973007622393,0.5361843927265728
235,0.14705135771463096,0.07523368326993575,0.18667389260055764,0.5910410664148757
236,0.4318721642511277,0.12375041061509541,0.30550552140696735,0.13887190372680952
237,0.20625275526356837,0.6856872190894511,0.0697144545797619,0.03834557106721849
238,0.1764755726663479,0.7003939991922465,0.07301200187610041,0.050118426265305216
239,0.16125184994038017,0.6562743900600165,0.11288449165237147,0.06958926834723181
240,0.18563655381204214,0.6641191859443181,0.08738658064587955,0.06285767959776026
241,0.2076060866255669,0.13099987795590862,0.47706030534015803,0.18433373007836668
242,0.26069914441483943,0.15265387702050423,0.43492907603947334,0.1517179025251827
243,0.22136866170486544,0.15310390302088922,0.4540288001990016,0.17149863507524366
244,0.12479079974447578,0.7196978757509512,0.0931895327113938,0.062321791793179086
245,0.10716686714093857,0.05892556042327535,0.20068174364724797,0.6332258287885378
246,0.186529073321274,0.14047765651052163,0.532209579694686,0.14078369047351835
247,0.5050510610307539,0.06787569880543312,0.3376904672840135,0.08938277287979965
248,0.22217347900203785,0.6550792661137915,0.08051553013526559,0.04223172474890522
249,0.16339014620517472,0.6999307800507681,0.08470395543137645,0.05197511831268068
250,0.40929980393111504,0.09579099526726269,0.38547211536101994,0.10943708544060217
251,0.24592157346598006,0.6614243979628746,0.057871581726023635,0.03478244684512191
252,0.2215593640928731,0.6586688136702592,0.06645462808340745,0.05331719415345963
253,0.18474832282423717,0.0823209649627756,0.6530878171266595,0.0798428950863274
254,0.27731610001501344,0.16560703921098308,0.37942846694171617,0.17764839383228762
255,0.1654688315578448,0.0574666652339059,0.6912367772953428,0.08582772591290652
256,0.1469994284591822,0.08223917148623046,0.5861442020299712,0.18461719802461599
257,0.14645042048810564,0.7042682168016573,0.09604597481530476,0.053235387894932464
258,0.16493218171701104,0.6581484453984979,0.1092570549807632,0.06766231790372756
259,0.11689032646652422,0.6396270338306121,0.15639400227067923,0.08708863743218442
260,0.14900405189489857,0.07028990779822995,0.2585720766033164,0.522133963703555
261,0.12381487694956264,0.08538877003636487,0.182600638841907,0.6081957141721653
262,0.22521991218148335,0.13102484033692918,0.45146470213696155,0.1922905453446258
263,0.1393287157490926,0.10211185629173063,0.18476926359936258,0.5737901643598141
264,0.1919053567873946,0.70633884097191,0.05434787752548689,0.047407924715208466
265,0.171168793070694,0.12496096626438173,0.17861701000654182,0.5252532306583824
266,0.1870254476062961,0.6695874601375026,0.08858794016899656,0.05479915208720518
267,0.999999799179903,9.660453124268842e-08,6.903377248166167e-08,3.5181793302844183e-08
268,0.1505757426670055,0.11517199135278125,0.2104967709194194,0.5237554950607938
269,0.19825223256977884,0.12919333217579834,0.5426327065891922,0.1299217286652302
270,0.10429229501333714,0.05282433222267894,0.16884010310089248,0.6740432696630911
271,0.3682925234938648,0.09480520011708705,0.3455672301911694,0.19133504619787883
272,0.13285145900156295,0.04202261554737143,0.6388699332271884,0.1862559922238773
273,0.9999998153637827,9.999997375079841e-08,3.4058609277910384e-08,5.057763415541285e-08
274,0.18469145558391037,0.08704301503249245,0.6249375310519042,0.10332799833169273
275,0.12793973983268223,0.6990970471469681,0.0942940182115467,0.07866919480880284
276,0.12892452024087833,0.06643038089362631,0.18987643536755736,0.614768663497938
277,0.33759306722792237,0.14000477933182887,0.33073740686447484,0.19166474657577384
278,0.12696444716463898,0.06081313114297132,0.19362908904462478,0.6185933326477648
279,0.20994989299842262,0.6659282136185438,0.07951840540977355,0.044603487973259824
280,0.1674303290268286,0.13714640580083956,0.2069321001444935,0.48849116502783846
281,0.1454609661135021,0.7159343305922257,0.0805346295485369,0.05807007374573529
282,0.13795934278012714,0.05353977517285629,0.6312887820737777,0.17721209997323886
283,0.22431442585139794,0.6845570930501564,0.0558512337958853,0.03527724730256027
284,0.11380362931830015,0.06705207065483965,0.21557873077770986,0.6035655692491505
285,0.18103065720241032,0.6846597043341246,0.08591449199417077,0.048395146469294374
286,0.22180654052648457,0.6678565722781211,0.06673518463492471,0.043601702560469406
287,0.13915013143982088,0.08040704101662596,0.19069011519977613,0.589752712343777
288,0.2610337208647653,0.6345138550648597,0.07011888459237368,0.034333539478001336
289,0.23338113957624051,0.609980661034034,0.08644129885667505,0.07019690053305037
290,0.15507950937857262,0.07412969826614549,0.6003514974342716,0.17043929492100998
291,0.16155775355065813,0.12283559632428805,0.5260377898135282,0.18956886031152576
292,0.1362054605638397,0.7062134341988402,0.0945829399422921,0.06299816529502805
293,0.15174911795465013,0.06378044178344111,0.353142687107779,0.43132775315412997
294,0.14558823618949132,0.6460216150874336,0.1421710124272061,0.06621913629586886
295,0.2714745486407962,0.1643091167529287,0.41499483073608223,0.14922150387019287
296,0.43617660628554267,0.12233583875420251,0.2850614938483003,0.15642606111195428
297,0.13417018256145455,0.07258406051019096,0.2527936267332623,0.5404521301950923
298,0.18708182689421174,0.6800695762389455,0.08807165461892709,0.04477694224791553
299,0.16826208703818246,0.12912232920427608,0.21069701242165678,0.491918571335885
300,0.20994188265711416,0.08822353955490898,0.5997551712425033,0.10207940654547387
301,0.13426598897151545,0.7144732414143865,0.09656591384887789,0.054694855765220235
302,0.20547937054280405,0.1473399286833334,0.4738440915801739,0.17333660919368876
303,0.16773519589161154,0.09096534697936147,0.4783790504985087,0.26292040663051813
304,0.13501542912244205,0.050092824716708235,0.6639926740415828,0.15089907211926712
305,0.24481832369732898,0.6295789309820248,0.07551621075140504,0.05008653456924105
