,proba_0,proba_1,proba_2,proba_3
0,0.134328162833225,0.0805967539375591,0.6212421222666121,0.163832960962604
1,0.07451665681492513,0.7862198037194498,0.08553881135924551,0.0537247281063795
2,0.09991964565305779,0.12942502717286763,0.25891980761989875,0.5117355195541761
3,0.13028361794046311,0.6659499805732794,0.14840849260374983,0.05535790888250742
4,0.08621147130592871,0.1574635947085572,0.19521887116287528,0.5611060628226388
5,0.07388442245090693,0.6837864677135769,0.1517617478608321,0.09056736197468399
6,0.10452170270863978,0.09638522221446393,0.5589203504977334,0.24017272457916317
7,0.10664647568503521,0.10362692932734352,0.5828449819191985,0.20688161306842273
8,0.08118453677599696,0.1021481707568983,0.1558160750585314,0.660851217408573
9,0.11656280437201388,0.7061586718357329,0.1291320409314505,0.048146482860802864
10,0.4742416336910649,0.08078515808194663,0.4157856530239162,0.029187555203072146
11,0.12891258875586142,0.12367815540033947,0.5997504530480444,0.1476588027957548
12,0.20616022786339844,0.38640580423677195,0.35171345917322655,0.055720508726602974
13,0.09459689213604668,0.10735094153431948,0.21459125827322933,0.5834609080564047
14,0.15980769319538607,0.3375051272344073,0.4379223123427115,0.06476486722749514
15,0.09063316551125201,0.0991668915981843,0.2007350440812826,0.6094648988092813
16,0.12327526798719646,0.7147074992367684,0.10184240168517082,0.06017483109086447
17,0.09660868855780046,0.7586169097954562,0.09315770448682023,0.051616697159923244
18,0.08758342203325767,0.10174578253556069,0.18258550207706972,0.6280852933541119
19,0.11379726327301115,0.09090352403915761,0.6073160286495303,0.18798318403830094
20,0.11925656863106437,0.7264580850598463,0.09891081396876716,0.05537453234032246
21,0.13768010620870638,0.44008855070856323,0.3421592043157103,0.0800721387670204
22,0.09004715143879034,0.11076005947934113,0.16624670084560372,0.632946088236265
23,0.08341415234474744,0.1027174800366224,0.18894907166208172,0.6249192959565484
24,0.1242981879245739,0.14363118058362614,0.6302792675105602,0.10179136398123954
25,0.16806639023693015,0.27270384048756546,0.4850583640662836,0.07417140520922076
26,0.43104113528003835,0.10304250290517723,0.4283459093313426,0.03757045248344148
27,0.14715893960730872,0.18749079586760178,0.5715968641950288,0.09375340033006097
28,0.10097421567873185,0.1072109910042489,0.2446684182238441,0.5471463750931749
29,0.13232790578590153,0.590654600382912,0.20877055813758275,0.06824693569360397
30,0.08337680632620977,0.10200226979126384,0.16770694463662034,0.6469139792459057
31,0.5703918931615811,0.009614816757951283,0.1079967327326552,0.3119965573478123
32,0.17149665918797785,0.06619471219848734,0.6478742215541834,0.1144344070593512
33,0.08357860864431142,0.09894850626111783,0.1883068338537646,0.6291660512408063
34,0.08652540902138035,0.10654267870091068,0.18156541956274208,0.6253664927149668
35,0.108845752183778,0.10703283314735967,0.2153104758674622,0.5688109388014002
36,0.07570461911141742,0.6986999371033922,0.14245456354862684,0.08314088023656331
37,0.1765184696128535,0.31100930057113224,0.44449165608951735,0.06798057372649674
38,0.09435499261215738,0.0976854507788377,0.17271523144909645,0.6352443251599083
39,0.12181346839651007,0.6367298624047149,0.17653040949970092,0.0649262596990742
40,0.09645947966650635,0.11698333495449136,0.24772532054572008,0.5388318648332819
41,0.09290603127801293,0.09838968420416926,0.19472897485814142,0.6139753096596764
42,0.0960553999354202,0.11660308629349708,0.21196749450501937,0.5753740192660631
43,0.08425375608851642,0.10973096464961603,0.1855060342818209,0.6205092449800466
44,0.161818634184449,0.28377308525054723,0.4725207573766068,0.08188752318839694
45,0.10645659121839657,0.7032992277155957,0.13167076095119135,0.058573420114816414
46,0.0830591665900768,0.13145331294689003,0.16446864882612303,0.6210188716369102
47,0.4101705075742144,0.10556264948831227,0.44500228569312994,0.03926455724434358
48,0.08402359122533003,0.11955201715315383,0.20868690351034447,0.5877374881111715
49,0.08267174706649062,0.0982813844059095,0.16398230650643908,0.6550645620211607
50,0.16705402120119847,0.29663178887913333,0.4671594914414923,0.06915469847817549
51,0.08361890515635244,0.09274078311722037,0.14951916319274025,0.674121148533687
52,0.4350144954957168,0.07932563576969391,0.45340280964035357,0.03225705909423568
53,0.09348364864387625,0.6535956334778297,0.1752667516602776,0.07765396621801628
54,0.11107591039546867,0.7062803102492127,0.1228689407030262,0.059774838652292335
55,0.108703629195968,0.14854791205536563,0.22040784577630096,0.5223406129723654
56,0.1422049135957462,0.12236794187642269,0.6064477580000381,0.12897938652779276
57,0.12626394878360808,0.6612411995202361,0.15539276199828128,0.05710208969787478
58,0.11757238635416932,0.7210606910333416,0.10516662886524174,0.05620029374724741
59,0.15823045130360977,0.22186170164025706,0.5420360801847594,0.07787176687137375
60,0.40946510794143337,0.10341093353473035,0.44818874436557254,0.0389352141582635
61,0.16214369753133287,0.24197633064108404,0.5165463034258595,0.07933366840172336
62,0.0990060623822012,0.6027546106312748,0.21353032538964217,0.08470900159688219
63,0.08052116371641213,0.7349393907168166,0.12804728315811156,0.05649216240865936
64,0.1733484355214558,0.31864419293545765,0.43875994878949975,0.06924742275358683
65,0.08223539048030008,0.764766468625065,0.09677348937083674,0.056224651523798
66,0.1703723877855495,0.2878779755522927,0.46818778996868843,0.07356184669346928
67,0.17150654442433969,0.17025130480594,0.5707678874349124,0.08747426333480768
68,0.0971659371751241,0.6421488579154628,0.19068261362060537,0.07000259128880773
69,0.5127008291399808,0.07838449854566668,0.3849852583178269,0.02392941399652597
70,0.1518304824610326,0.3246736593039026,0.4530066459522189,0.07048921228284577
71,0.08584623410216555,0.10395388123677043,0.20361906531732035,0.6065808193437435
72,0.12224253919299259,0.6999742077103545,0.1118827358001161,0.06590051729653701
73,0.16535645540183844,0.21630408618735952,0.5336281198232184,0.08471133858758341
74,0.1042494207916175,0.6785229507880477,0.15623149918513468,0.06099612923520018
75,0.08597184251206505,0.12661085596774804,0.20677386161814015,0.5806434399020466
76,0.09490063352957083,0.10968309134137429,0.22457090091303314,0.5708453742160216
77,0.13770345525343847,0.6582298424384285,0.1349907189096663,0.06907598339846639
78,0.11166977028510955,0.11179237403351858,0.5843477200651527,0.19219013561621914
79,0.12137131826626597,0.7411250260678138,0.08841616965190637,0.04908748601401362
80,0.0939075131950802,0.6867278945595574,0.1527724037091085,0.06659218853625377
81,0.3829234614024635,0.13305425538728388,0.43599734655823785,0.04802493665201481
82,0.4296929746940518,0.12272993356121421,0.40598068002460946,0.04159641172012479
83,0.08367693653248516,0.15613711945262718,0.14537619189222684,0.6148097521226609
84,0.17925242423869048,0.2733920662889741,0.4773321282535844,0.07002338121875129
85,0.09642652217503937,0.09803964775688095,0.18701065227365177,0.6185231777944278
86,0.0946941396691484,0.7223477773843563,0.10242213065323404,0.08053595229326137
87,0.08376924320618039,0.11120576671391505,0.1667641363642294,0.6382608537156751
88,0.06379721030567773,0.7868854789561501,0.08933211121679534,0.05998519952137693
89,0.06499027548769601,0.7949566437320627,0.08761266942688976,0.05244041135335195
90,0.1669958900235359,0.3213572894847007,0.4430198181100266,0.06862700238173705
91,0.0875570731637506,0.13306808101173134,0.25270434762291005,0.5266704982016078
92,0.19968797275453457,0.37286243841304617,0.369774490205498,0.057675098626921176
93,0.10647978878771742,0.10057041854888826,0.6084514232335636,0.1844983694298305
94,0.38012400433520166,0.1857729307157296,0.3748310307894197,0.05927203415964902
95,0.15009413657646917,0.21406610087660874,0.5456790563785541,0.09016070616836801
96,0.1243378991436672,0.1700956010697864,0.5864976283058663,0.11906887148068021
97,0.13940130728316055,0.14714315809683406,0.6101467213942684,0.1033088132257365
98,0.11161869659588751,0.11541962746832986,0.2770919418291245,0.49586973410665824
99,0.18872513631234328,0.37051840510815,0.38038833915972964,0.060368119419776996
100,0.11353715520004275,0.15827222874882005,0.5995214514592916,0.12866916459184555
101,0.10649798413468989,0.13442483727188564,0.609024801699711,0.15005237689371348
102,0.1221652913947488,0.6285708448338858,0.18436628348846135,0.06489758028290425
103,0.07104303517559787,0.7476735866569412,0.11182305228740572,0.06946032588005552
104,0.09039010389073096,0.1053393571847537,0.1762343803771064,0.6280361585474089
105,0.05325510078602592,0.8067101262206199,0.0756778875047252,0.06435688548862917
106,0.4000742517036563,0.1414695825524376,0.4076535436715509,0.05080262207235498
107,0.08360419888633358,0.05034611718038258,0.44902793144260816,0.41702175249067597
108,0.08561397827760199,0.13398863330523952,0.15059478170100876,0.6298026067161495
109,0.19043905672577086,0.3584772363759517,0.39019736290720014,0.06088634399107726
110,0.12228594258974493,0.14411751250717444,0.5869587118072734,0.14663783309580725
111,0.1097424251393975,0.11737189422519766,0.2417886652292689,0.531097015406136
112,0.12643092896700703,0.6944988327095938,0.121726283331753,0.057343954991646115
113,0.13758261930602658,0.701535241836305,0.1128540932557158,0.04802804560195248
114,0.08178287812608062,0.7100364324820483,0.13985390346675752,0.06832678592511371
115,0.08540180291108797,0.12297177868108539,0.1514945198801792,0.6401318985276472
116,0.09555565400696259,0.12029232101779877,0.25374161807087303,0.5304104069043656
117,0.08297769260161357,0.10421289546163987,0.17182210950965726,0.6409873024270887
118,0.2011206393507972,0.38287710399911457,0.35860145926950426,0.05740079738058402
119,0.08748539808641986,0.1013226489052739,0.2029368138206301,0.6082551391876764
120,0.3598341604364892,0.1997672456214906,0.380826869123129,0.05957172481889113
121,0.1501259539105998,0.08179885007912713,0.6514136585321388,0.11666153747813438
122,0.10033786938664263,0.11154294704203283,0.23253605611096087,0.555583127460364
123,0.1633549484498001,0.3263903268492812,0.4411989552155119,0.06905576948540658
124,0.09694364933353844,0.0792411352168691,0.5926120250716869,0.23120319037790596
125,0.1260476188058292,0.1337992015962822,0.5967703592916126,0.14338282030627617
126,0.15888968248747828,0.35374050769316634,0.42007065375375496,0.06729915606560025
127,0.12180965048913658,0.4574760811204099,0.3329129230382836,0.08780134535216953
128,0.10922102483036783,0.7421427118981828,0.0962009955636467,0.052435267707802914
129,0.148951394259008,0.29039728968699047,0.484433997214766,0.07621731883923559
130,0.11474342966023864,0.2143609179919715,0.5457392651571644,0.12515638719062558
131,0.1525435629718636,0.3105767843799716,0.46272829008664995,0.07415136256151472
132,0.0933852351637717,0.12039790597442177,0.22717684485606537,0.5590400140057408
133,0.16465687525090816,0.35375414693241175,0.41725965363326356,0.06432932418341665
134,0.08750923350476843,0.7550810855180592,0.10588488111421838,0.05152479986295418
135,0.4336350111842585,0.11361271811177043,0.41221721225289637,0.040535058451074656
136,0.09474553930878708,0.7757019694133701,0.07698772054449154,0.05256477073335136
137,0.5484110947815237,0.013233485559364383,0.12384397520212181,0.31451144445699014
138,0.08256683453327761,0.755823140476026,0.10399325135683346,0.05761677363386308
139,0.10204269464427396,0.6891639086859557,0.13947129388951884,0.06932210278025168
140,0.15736396318613194,0.6481302785658274,0.1330266165253378,0.061479141722703204
141,0.07658022209998282,0.7569294088903828,0.10981029334484387,0.05668007566479029
142,0.09640125628658634,0.10589567438289299,0.23723390942761288,0.5604691599029077
143,0.08391134317663554,0.11538157924620555,0.18346945740381526,0.6172376201733436
144,0.11053544590590023,0.1351636573478454,0.25153854952112104,0.5027623472251334
145,0.12389182606712518,0.1894432487618326,0.5765026278887471,0.11016229728229535
146,0.08015901366743407,0.7786105677009756,0.0892864120026571,0.051944006628933226
147,0.1298088595712157,0.6756295365162582,0.1331446555918333,0.061416948320692756
148,0.08951439497398452,0.11506401512271369,0.1863824283805802,0.6090391615227216
149,0.18004214564855409,0.3265684254199273,0.4274071891177465,0.06598223981377212
150,0.40378848367933895,0.15536230195812786,0.3881679013485853,0.05268131301394804
151,0.07520922029104588,0.7190024717133698,0.1338880291013809,0.07190027889420345
152,0.12138110826927126,0.7044011492965025,0.11284870676842215,0.06136903566580389
153,0.09728675296478302,0.09914746657543508,0.5421720981621525,0.26139368229762955
154,0.12393426273308582,0.15518642531661989,0.5814154599737295,0.1394638519765646
155,0.17224196737972222,0.32192904890185686,0.4360363893364266,0.06979259438199416
156,0.09729308157255334,0.7179348136117896,0.10888485771202304,0.07588724710363408
157,0.10897960874406061,0.7105563319164744,0.12274618471736905,0.05771787462209641
158,0.08457655561341605,0.12730020064910808,0.15983592107472377,0.6282873226627522
159,0.16162001791506778,0.34208497110937075,0.43065101631414826,0.06564399466141317
160,0.08361691196553875,0.10513849410056456,0.1966907430951561,0.6145538508387405
161,0.09192498128106472,0.7432544543477463,0.11282729367684295,0.051993270694346755
162,0.06937421733132129,0.8037155311595999,0.0754065363438934,0.05150371516518515
163,0.09300995090067186,0.10351623056580679,0.22037243496485162,0.5831013835686698
164,0.3784875101175952,0.11395553104342812,0.4607878736517727,0.04676908518720395
165,0.09850635350636248,0.6850235073161631,0.14904527221579425,0.06742486696168015
166,0.08783519572381779,0.6618153839677424,0.1731778825521647,0.07717153775627518
167,0.08945236522295595,0.11162930138874895,0.1877373423937103,0.611180990994585
168,0.3789893870586971,0.17009084380718387,0.3948567207731677,0.05606304836095139
169,0.11530834198854176,0.07829111622114279,0.6066113684695587,0.1997891733207571
170,0.10142406311259082,0.1011795208566029,0.18566094565710395,0.6117354703737024
171,0.47152281425239984,0.10327042785767204,0.39166190056342315,0.03354485732650509
172,0.11055234545485892,0.10071611832303291,0.5714096215270491,0.21732191469505893
173,0.08860419794755053,0.1100872795763834,0.17043758095373454,0.6308709415223318
174,0.0853932913737063,0.12023416425517226,0.20923559178022957,0.5851369525908919
175,0.13541529831680452,0.24603634823772602,0.5318879327943491,0.08666042065112024
176,0.11219593757021055,0.6818056787363571,0.14577326204841207,0.060225121645020356
177,0.09820467799948839,0.13345981758105896,0.26214063146011135,0.5061948729593414
178,0.12263953024364449,0.6707500972309963,0.14350285413606176,0.06310751838929692
179,0.08297891114630689,0.12491779556174543,0.17580789347894463,0.6162953998130027
180,0.1671514736062538,0.22466923458039775,0.5257718850116487,0.08240740680170003
181,0.10424580804640814,0.11908171848442255,0.2165441857069011,0.5601282877622681
182,0.08111666627991175,0.10616737135377867,0.15736195178415494,0.6553540105821553
183,0.46850716315757956,0.11682283466500465,0.3778071638459749,0.036862838331440655
184,0.09587357764368235,0.11766385920173136,0.238889876115621,0.5475726870389656
185,0.08492913396460405,0.09609875655502483,0.17023338805012136,0.64873872143025
186,0.37394879136340864,0.17497718239851168,0.39511464937392304,0.05595937686415648
187,0.14687858488447317,0.6058070054317389,0.18089772212375407,0.06641668756003381
188,0.14678861105287264,0.6439008699844989,0.14867359697232424,0.06063692199030436
189,0.10739791665986616,0.10897041688071109,0.21853397538519864,0.5650976910742243
190,0.08339470315341502,0.10169102661342465,0.1651199498472114,0.6497943203859493
191,0.15086902658328,0.3179741158654958,0.4568451521755146,0.07431170537570941
192,0.19040198906675807,0.3970090852785353,0.35561641762795715,0.05697250802674939
193,0.09207738260114522,0.08255418130338144,0.5524889544508342,0.272879481644639
194,0.07712114727134144,0.6987663185541089,0.14568777958276433,0.07842475459178504
195,0.18738280484610273,0.32646160477494385,0.4197430003905073,0.06641258998844579
196,0.10622478470544804,0.09442862412601467,0.6509666830363409,0.14837990813219648
197,0.0844092230753363,0.11788255792735665,0.20124176385490783,0.5964664551423992
198,0.16093938716923595,0.3518401282789488,0.42160207658802346,0.06561840796379173
199,0.0949597752628007,0.6995622082566787,0.12534500936415094,0.08013300711636955
200,0.3890546937614235,0.16603150703699854,0.39009177993147576,0.05482201927010222
201,0.08524717182374662,0.1011945523132751,0.14004645745766434,0.6735118184053138
202,0.10210420383025434,0.12474082345093428,0.16896087974017482,0.6041940929786366
203,0.1984248526983874,0.32817570680062125,0.4084202119906929,0.06497922851029864
204,0.08195457527647139,0.7142792708534939,0.14072961558538308,0.06303653828465128
205,0.11829950194777454,0.12647493807776974,0.5910471849536253,0.16417837502083005
206,0.10396020874035923,0.11122509200530817,0.21970132083979133,0.5651133784145415
207,0.4461918226994515,0.0945291497887573,0.4254172684059996,0.03386175910579149
208,0.11960139616710228,0.2004286038020538,0.5646202613786657,0.11534973865217785
209,0.1923684584908623,0.3358683514369777,0.41004422737789137,0.06171896269426896
210,0.14238076473557965,0.4024794695262704,0.36657938919373917,0.08856037654441085
211,0.10328414377272693,0.718816878220307,0.12845518297149727,0.04944379503546897
212,0.10852373534902209,0.1511947781387734,0.5877011851352845,0.15258030137692027
213,0.09559448582474106,0.11116711012630007,0.21769850742020613,0.5755398966287527
214,0.14913944010917907,0.18221212133470877,0.5765281129869517,0.09212032556916064
215,0.11803069562259452,0.1538808112175511,0.6077074797436375,0.12038101341621683
216,0.3263111947151217,0.2288511026709096,0.39711962802700507,0.047718074586963845
217,0.10510025056994192,0.6999759063366444,0.12523060190090224,0.06969324119251145
218,0.4035003501889134,0.10680162950814688,0.44577634155872514,0.043921678744214654
219,0.3304842016637552,0.24244085758005174,0.36546040940399876,0.0616145313521939
220,0.20629454207593775,0.3755892811047168,0.3609677773830586,0.057148399436286364
221,0.10895745655977032,0.7355797508988573,0.10642406751592975,0.04903872502544248
222,0.08458350072949951,0.1069954599066982,0.19381755024819278,0.614603489115609
223,0.12890994833185532,0.10768250160634849,0.6333647524166834,0.1300427976451127
224,0.1940537049511061,0.3787841048210105,0.36976885153068306,0.05739333869720015
225,0.0857398015476268,0.10914636364766978,0.17097063231639548,0.6341432024883079
226,0.0785755189618616,0.736220149551053,0.11965669403665175,0.06554763745043377
227,0.09384821637039908,0.6566012603762605,0.18214516450714985,0.06740535874619075
228,0.12875488062686025,0.138178266997142,0.6019092761751967,0.13115757620080135
229,0.16201693841981116,0.13771439865411156,0.6031641633106246,0.09710449961545257
230,0.07975725883458343,0.09710986655512521,0.13175424803141123,0.6913786265788799
231,0.08995473556220251,0.10168813972738469,0.15091506551356162,0.6574420591968513
232,0.08272810169961525,0.10560515383957751,0.16830784772479154,0.6433588967360162
233,0.08102672422200878,0.10582840890595764,0.15246659936074058,0.6606782675112931
234,0.11768347602347937,0.13082342011225923,0.32824248794029925,0.42325061592396185
235,0.11460242872837818,0.11992814731042013,0.23942831526083955,0.5260411087003621
236,0.41895703756303354,0.14738243488440725,0.3845038406861119,0.049156686866447405
237,0.11647352220456512,0.7209966389698559,0.10497914824543562,0.05755069058014334
238,0.06725033769157814,0.7805757823899042,0.09546463318188943,0.05670924673662833
239,0.09779599831463094,0.689702429954435,0.14307842291130798,0.06942314881962602
240,0.128404735957084,0.6773034012630444,0.12310815638761681,0.07118370639225463
241,0.1651916937979105,0.3305320969035927,0.436368971232966,0.06790723806553074
242,0.2095734197734534,0.35148890876228667,0.3783294213481011,0.0606082501161588
243,0.16504427126277035,0.3443924500671028,0.423393134166012,0.06717014450411496
244,0.13613251333100412,0.6423427300493803,0.15949749591012616,0.06202726070948904
245,0.09763120261790853,0.11495122958975083,0.2656719340183539,0.5217456337739869
246,0.13686808645449172,0.2775155632955785,0.5003522250217793,0.08526412522815004
247,0.42161432951308675,0.09124408083526275,0.45133261767668414,0.03580897197496654
248,0.09813559588829542,0.7359509340042053,0.10039896862204137,0.06551450148545795
249,0.08532823240058957,0.7327023398996536,0.11653156553067008,0.06543786216908659
250,0.39978591333790653,0.1378667242324986,0.41508845470567896,0.0472589077239159
251,0.06869873910259225,0.8025645237900589,0.07710244971828072,0.05163428738906853
252,0.1137058799914267,0.7191631553760609,0.10556189493665742,0.06156906969585505
253,0.16902126701188472,0.26869632299102986,0.4880540738182508,0.07422833617883452
254,0.20219078556017267,0.37850636832277385,0.3612681370886471,0.058034709028406024
255,0.159968494676142,0.24166680976603805,0.511713762068493,0.0866509334893268
256,0.1554786753963062,0.20566540839197645,0.5551314397175796,0.08372447649413757
257,0.07709127991779485,0.7186837932224879,0.1319558855249866,0.07226904133473042
258,0.16246930701177567,0.6258885308789733,0.15026901986398325,0.06137314224526797
259,0.13427140018776124,0.5722328377742716,0.2294313019934938,0.0640644600444731
260,0.09360027432059152,0.10127966150126634,0.19265118476032175,0.6124688794178202
261,0.08520900672605553,0.11751180541226598,0.19418194626226193,0.6030972415994167
262,0.1724769943331656,0.3413212861538094,0.42300964316810524,0.06319207634491991
263,0.08712510198150143,0.11598944182789059,0.205100376657486,0.591785079533122
264,0.13228596091037106,0.7299864968618187,0.08725426512179534,0.05047327710601493
265,0.11036214208267867,0.1282918023243453,0.24753067909783655,0.5138153764951394
266,0.15440195088663516,0.6670467382145792,0.1256583226268728,0.052892988271912765
267,0.28946145370499665,0.028131603907107127,0.10652198429288953,0.5758849580950068
268,0.0942558536966157,0.12249791370203274,0.2341253252751058,0.5491209073262454
269,0.16943027232992688,0.29045150222982913,0.4695122433714515,0.07060598206879247
270,0.08344413359182716,0.10237732485153561,0.17300975751513972,0.6411687840414975
271,0.38133733706146833,0.11997919640873515,0.45239656165947606,0.0462869048703205
272,0.12559121963207595,0.10331269777045383,0.630450534680292,0.14064554791717804
273,0.7686561297792515,0.007185795079428379,0.09972277890229553,0.12443529623902468
274,0.1684819504193899,0.2811388633057375,0.47476335295325334,0.07561583332161904
275,0.07154852877544317,0.6872347963123476,0.14640956478119518,0.09480711013101392
276,0.10273709873024123,0.11304026537313672,0.21888699277282728,0.5653356431237946
277,0.38101866227538883,0.16875690800908716,0.3935870443122148,0.05663738540330926
278,0.11138856578045563,0.10625048977153786,0.2823046819963666,0.50005626245164
279,0.11551429249027616,0.7348988278683909,0.09819328485089202,0.05139359479044094
280,0.09375141811582334,0.15235536238961436,0.21242682960955567,0.5414663898850067
281,0.07652815731585175,0.7507353165841036,0.11289162427771232,0.05984490182233239
282,0.14120729149849018,0.14559696022476298,0.6122466400425793,0.10094910823416765
283,0.07089371026423685,0.8066822672950605,0.07647732810689568,0.045946694333806756
284,0.0902921901095674,0.12209314578965391,0.22645399787919657,0.561160666221582
285,0.13542842932808077,0.7034403457283362,0.11324996155154236,0.04788126339204045
286,0.0840631162235402,0.7833056300585255,0.08357514172158995,0.04905611199634435
287,0.10227432342045022,0.12127562444975015,0.19786538623037705,0.5785846658994225
288,0.09484415652285652,0.7510606036186721,0.08897633202194238,0.06511890783652867
289,0.13835727651704324,0.6754613336694789,0.11802561251154871,0.06815577730192927
290,0.14645517861301302,0.22844088473296387,0.5397213276450258,0.08538260900899695
291,0.1291590522050516,0.24409588196479162,0.5311388853159443,0.095606180514212
292,0.15049623236804274,0.644505939507537,0.1447716229891582,0.060226205135262195
293,0.08846099739005438,0.10802867541659181,0.1928436813080919,0.610666645885262
294,0.12020082024312373,0.6531067765435082,0.1685713943464443,0.058121008866923764
295,0.19686136648005884,0.37730255252416767,0.3679052078649637,0.057930873130809385
296,0.42408066455782356,0.14427730234443198,0.38171340810103177,0.04992862499671299
297,0.0848866162702768,0.11051395224314892,0.18240019342789277,0.6221992380586814
298,0.11343025254715819,0.7120494144128525,0.11300442899489208,0.06151590404509752
299,0.08317087452312491,0.12852880161685398,0.16225203415943548,0.6260482897005856
300,0.18557927525859524,0.29727485068829795,0.4514599229178265,0.06568595113528028
301,0.08832452988908845,0.7284396814400889,0.12429370575663182,0.058942082914190785
302,0.15399895777887368,0.32006232751965863,0.4565697117462192,0.06936900295524874
303,0.11272536442232947,0.10255032117936218,0.5938616010038505,0.1908627133944578
304,0.12644502154689483,0.16335943453536247,0.6033327867348939,0.10686275718284861
305,0.09070963788096105,0.7554859866447167,0.09392338606277986,0.05988098941154231
