,proba_0,proba_1,proba_2,proba_3
0,0.05838288244360081,0.19541266219662543,0.39712010599607983,0.34908434936369387
1,0.05238588575128963,0.6303346222141659,0.18242837179975174,0.13485112023479268
2,0.051020331956334236,0.21522236296751968,0.3642187394270078,0.36953856564913823
3,0.06104953941480555,0.5878649803223058,0.22027363321805712,0.13081184704483156
4,0.04488359071307426,0.2421217588979297,0.3452315217623519,0.3677631286266442
5,0.05082977578814602,0.5580063360069389,0.22633233274030337,0.16483155546461156
6,0.05034447978691152,0.21062949292409033,0.3922177061070744,0.34680832118192384
7,0.051019234473398414,0.2219884236228353,0.38874005241509013,0.3382522894886762
8,0.04416273096102667,0.1880232660951817,0.35610652603130283,0.41170747691248877
9,0.05920575005373993,0.6058146526418603,0.2116192412044169,0.12336035609998297
10,0.3742298419364748,0.2476673596061857,0.24743292305461687,0.13066987540272268
11,0.05974406173332241,0.24529355199720967,0.39026917008710793,0.30469321618236
12,0.07435885494582023,0.5153152875973309,0.28993158938217367,0.12039426807467521
13,0.047068551849316166,0.1958077217820309,0.3639406790394765,0.3931830473291763
14,0.06480153528060553,0.4500117713270182,0.3274231907971226,0.15776350259525365
15,0.0456395512356675,0.18629946016517945,0.36587193156167136,0.4021890570374818
16,0.060728400185085685,0.6216339598688408,0.17872908659241332,0.1389085533536602
17,0.0579252640063662,0.6228842429582372,0.18615740605466588,0.13303308698073082
18,0.045083815889053414,0.18849309212721685,0.3611830552713607,0.405240036712369
19,0.053225331583329774,0.20489765543458283,0.39696223667869546,0.34491477630339196
20,0.06352770185009486,0.6243955897449566,0.1827443330013819,0.12933237540356646
21,0.059632920402731736,0.4776710194983145,0.2971754170347215,0.16552064306423234
22,0.04577256407113366,0.19872801774844695,0.35213639621797427,0.4033630219624452
23,0.04442548852352348,0.19024494533223485,0.3631471986953107,0.40218236744893093
24,0.05598603389714815,0.28058758208983364,0.3911627133977418,0.2722636706152764
25,0.06533959710609032,0.403513755820924,0.3459135466604892,0.18523310041249644
26,0.26619999228315055,0.29746991282635193,0.2897028237278065,0.14662727116269095
27,0.06315163133189079,0.32060791577928455,0.37736740919682277,0.23887304369200185
28,0.048647061535205406,0.19844244152576368,0.3644257443569867,0.38848475258204435
29,0.058884823370051485,0.5439610351712555,0.24938291725640244,0.14777122420229058
30,0.044267151543486545,0.18916378326551794,0.3606953516505301,0.4058737135404653
31,0.5069506936169361,5.2737799044464916e-06,4.619425553512049e-07,0.4930435706606041
32,0.06897792828295067,0.18816304260231503,0.4004010881266476,0.3424579409880868
33,0.04383231273606017,0.18602290645441255,0.3646175494288911,0.40552723138063623
34,0.045537817361695675,0.1913371397396162,0.3624389772921775,0.40068606560651066
35,0.051361387443171924,0.19530451622815004,0.35929471642457345,0.3940393799041046
36,0.05073166106650227,0.5703412735356762,0.22076602028725284,0.1581610451105688
37,0.06764118149565441,0.4331510823750266,0.3340022411330034,0.16520549499631565
38,0.047007785667481254,0.18415674452870434,0.3577333286455243,0.4111021411582902
39,0.059105037439503,0.556054426448614,0.23996929778618764,0.14487123832569515
40,0.04782973892211796,0.20845738611891543,0.36440516149760743,0.3793077134613593
41,0.046425964489149096,0.18495263590304964,0.3635636110055195,0.40505778860228175
42,0.047670318985782154,0.20632819201432326,0.3569171991545417,0.389084289845353
43,0.044285847662375165,0.1982068207840012,0.3615230479886535,0.3959842835649702
44,0.0637166314566725,0.39973881082329266,0.34152590154280105,0.19501865617723388
45,0.05609322588368806,0.597460635615551,0.20963233237869225,0.13681380612206864
46,0.04432724688713028,0.2153686097407968,0.34638206363656543,0.39392207973550747
47,0.22222155065099627,0.31629908395658524,0.3111354036771843,0.15034396171523418
48,0.044795029124693,0.20723670691528007,0.3596394467030695,0.38832881725695745
49,0.04360824734263129,0.18389339696652215,0.3604707621286381,0.41202759356220836
50,0.06583820139091116,0.42475077557724533,0.3383814298603008,0.17102959317154265
51,0.04475755623049623,0.17551936430612797,0.36110379200929454,0.4186192874540812
52,0.29036190507064474,0.2523739729570166,0.3011672905302814,0.15609683144205733
53,0.053558352338858216,0.5523262132121232,0.23909213982735214,0.15502329462166656
54,0.059274921656296053,0.5897350317942142,0.21040261029488969,0.14058743625460027
55,0.05151435201412124,0.2361995076665831,0.34402781181482794,0.36825832850446777
56,0.05950866821628857,0.24857033313920499,0.3825912379941346,0.3093297606503717
57,0.06049206742625721,0.5772257906462132,0.22903299875874708,0.13324914316878245
58,0.05928017973123619,0.6185395751594744,0.18901632064363488,0.13316392446565442
59,0.06291584686206106,0.3614011715152526,0.36380050879087844,0.2118824728318078
60,0.22805371602305763,0.3064851752391323,0.31189887325157434,0.15356223548623568
61,0.06394891920011171,0.37706413940305056,0.35673381580715335,0.20225312558968433
62,0.05341593135086153,0.5331159546317522,0.25094735417354896,0.1625207598438374
63,0.05205964221394195,0.5950690176106447,0.21592044860007203,0.13695089157534138
64,0.06547406540475884,0.437222223332889,0.3301212591738138,0.16718245208853832
65,0.05417843301366253,0.6167600609500026,0.19384515043562955,0.13521635560070544
66,0.06544829767621664,0.4148202344418123,0.3398332305714715,0.1798982373104997
67,0.066418106304046,0.31534280336772563,0.37500603779903974,0.2432330525291886
68,0.05351032461361411,0.5534954534949802,0.24357996448980793,0.14941425740159772
69,0.4312858529910196,0.22420212460601716,0.220817892131099,0.12369413027186418
70,0.0631027469981617,0.43336749517234996,0.3336860672548004,0.16984369057468796
71,0.04524109870491605,0.19034569986720273,0.3668324460096993,0.39758075541818194
72,0.060095721257083526,0.6051412822199396,0.1909271288763636,0.1438358676466132
73,0.06460322590824301,0.35315686268788976,0.3623931616512326,0.2198467497526345
74,0.055313042184296245,0.5780151996276671,0.2275390618748531,0.13913269631318365
75,0.045406749402512,0.2139040368957005,0.3578729805346552,0.38281623316713226
76,0.04739014968026455,0.2000980672055493,0.36189318872711607,0.39061859438707003
77,0.06156454835248996,0.587801158640866,0.20484209610742857,0.14579219689921546
78,0.05204658504736948,0.23569350252589388,0.3861888070647286,0.3260711053620079
79,0.06329394500850383,0.6376079324031807,0.1764409979068942,0.12265712468142113
80,0.05347336314962914,0.5721777454724305,0.22760384575305373,0.1467450456248867
81,0.172379835723169,0.3626837512749397,0.3182133277906049,0.14672308521128646
82,0.220496687936206,0.34571482188544495,0.2938053523849353,0.1399831377934138
83,0.04475167956431013,0.23336598303319556,0.33270635184800995,0.3891759855544844
84,0.0668237763266179,0.41094219274943683,0.34432874402785674,0.1779052868960886
85,0.04773704737016579,0.18368141285117082,0.36222446604043623,0.40635707373822716
86,0.05593988470223848,0.5990992617549332,0.18513844654447356,0.15982240699835476
87,0.04529140519029283,0.1952795819369231,0.3557874171188701,0.4036415957539141
88,0.050705829231847424,0.6217279991330079,0.18723453232449877,0.14033163931064602
89,0.05102517891014581,0.6305515955220355,0.1872710554327595,0.13115217013505912
90,0.06522771732181515,0.4381232962688845,0.33147469681805397,0.1651742895912463
91,0.04574764335953399,0.2236470537765846,0.3619945032947741,0.3686107995691074
92,0.07191028773820901,0.4957336238687487,0.3021711897934057,0.13018489859963658
93,0.05074756431608256,0.2203972796976622,0.39042787035154164,0.3384272856347136
94,0.13011247549358687,0.4376111662753491,0.30146292624369236,0.13081343198737178
95,0.06293326844509409,0.34494368832187905,0.3682816117322175,0.2238414315008093
96,0.05612367679582626,0.2996452772837309,0.38015475529606585,0.2640762906243768
97,0.059423741478747114,0.2832272873473247,0.3888996117019465,0.26844935947198184
98,0.05187462251162302,0.20878770054561344,0.3648053709351379,0.37453230600762577
99,0.06945105402873544,0.4857043165041732,0.3070627009808562,0.1377819284862351
100,0.05376993032935528,0.2897267498444752,0.3837300171579033,0.2727733026682662
101,0.05185188576998172,0.26429934851586795,0.3885881694461791,0.2952605962679713
102,0.05862130169528955,0.5543180527082094,0.24237403731109225,0.14468660828540877
103,0.05053405193381292,0.5978012482141285,0.20260288869392867,0.1490618111581299
104,0.04611197236225976,0.19294379136611464,0.35640399638776016,0.4045402398838655
105,0.04966382184598402,0.6252703127638028,0.17735091844395126,0.14771494694626192
106,0.1776990486687968,0.371393681357141,0.3071585860798215,0.14374868389424067
107,0.04682950062632314,0.12662278587287504,0.3934535510851748,0.43309416241562687
108,0.045773871197588224,0.21450127330129357,0.3440016969242427,0.39572315857687557
109,0.06898766506030125,0.4790130115305139,0.3103177269432629,0.14168159646592193
110,0.055005468262860714,0.27192537042297243,0.3810977430356828,0.29197141827848405
111,0.05163212115602533,0.20835862856236495,0.35821433236450057,0.38179491791710907
112,0.06279350800534095,0.597182094750949,0.20576850090551646,0.1342558963381936
113,0.06404092075334232,0.6171963827808239,0.19802885719192406,0.12073383927390952
114,0.05212802958752852,0.5824104142952075,0.21929563840046193,0.146165917716802
115,0.04456204322664089,0.20963661360071628,0.34950916740386273,0.39629217576877995
116,0.04721832870508016,0.21229782872413852,0.3645893372039702,0.37589450536681107
117,0.04422705945437781,0.18958607383768214,0.3609613761198489,0.40522549058809126
118,0.07241169754376729,0.5021039878640178,0.29779704994135553,0.12768726465085947
119,0.0462252698815658,0.1863707908383381,0.3667762519276423,0.4006276873524538
120,0.11649055210173703,0.45151343620114265,0.30462914614021736,0.1273668655569031
121,0.06394617031989942,0.19495697851541768,0.4020555429991056,0.33904130816557726
122,0.04843256432932553,0.20205774121678627,0.3651109131392597,0.38439878131462857
123,0.06544852143408393,0.43963800668152275,0.3301686178001201,0.1647448540842733
124,0.04892698964399843,0.18952999907642293,0.4000975803577305,0.36144543092184817
125,0.05596028619736439,0.26097399988408776,0.38753582675176357,0.29552988716678424
126,0.06452664657850048,0.4551153267963049,0.32222903693491306,0.1581289896902817
127,0.056785764129853686,0.4742506134720425,0.2957510703935454,0.17321255200455837
128,0.06090552599769119,0.6169933348796152,0.18877699982632876,0.13332413929636483
129,0.06196861958634971,0.4076323664494991,0.3444822823043475,0.18591673165980374
130,0.05403384366038001,0.334168421603072,0.36394860668881435,0.24784912804773357
131,0.06258673058158329,0.420487909997765,0.33781214218801053,0.17911321723264131
132,0.04669705080424457,0.20999806756670264,0.36052587579738193,0.3827790058316709
133,0.06568962204654671,0.46122352635513014,0.32057857992958605,0.15250827166873707
134,0.05477263130765985,0.6141753287779789,0.19978144978843332,0.13127059012592787
135,0.1899155890137911,0.2933122867144671,0.2987229862300442,0.2180491380416978
136,0.057310961193483445,0.6417744266742968,0.16889974765551483,0.13201486447670488
137,0.48495904313677846,2.164821854856264e-05,2.6842760572777537e-05,0.5149924658841003
138,0.053517771423622185,0.6184481782077073,0.1939099775676881,0.1341240728009825
139,0.05507715333088546,0.5850247374963043,0.21271263561222054,0.1471854735605897
140,0.06815760865928322,0.5927515900613256,0.20683528807170032,0.13225551320769094
141,0.052595359035705135,0.6062644508670775,0.20434764473813163,0.13679254535908575
142,0.04726103017651928,0.19594576751810605,0.36774856652196425,0.3890446357834104
143,0.044787761921483614,0.20278149343545276,0.35740925962455783,0.39502148501850587
144,0.051832643878634725,0.22709964057905616,0.34857335801883044,0.37249435752347887
145,0.0557926537095807,0.3196761510875585,0.37630350583660765,0.24822768936625303
146,0.053448399736404355,0.6286941587521263,0.1863661622571019,0.1314912792543675
147,0.06263099061401282,0.5880416518611783,0.21101575192670388,0.1383116055981049
148,0.04583175414704969,0.20387405280437287,0.3527057901342395,0.39758840291433795
149,0.06719042796163528,0.4498248741716393,0.3251378392887159,0.1578468585780096
150,0.15885553054134247,0.4062913602642247,0.300665698030435,0.13418741116399788
151,0.0510757430908569,0.581937104977715,0.2172665072744023,0.1497206446570258
152,0.06020277261107095,0.6088210014807263,0.18962380829720954,0.14135241761099326
153,0.049149963959444015,0.21270925321949335,0.3925451796571122,0.3455956031639505
154,0.055437794989657965,0.2827396657134561,0.3779274312435218,0.2838951080533642
155,0.06552125252979928,0.4378302931694678,0.32988479683661237,0.16676365746412047
156,0.056240213708743776,0.5973990036049847,0.18975628057593275,0.15660450211033894
157,0.05901505234626067,0.5993411396649729,0.2057085654598761,0.1359352425288902
158,0.04498131497750109,0.209468831821289,0.34925302082310167,0.3962968323781083
159,0.06487318666135213,0.45240840897013596,0.32456061868653285,0.15815778568197916
160,0.04412467631545053,0.1929246547101568,0.36472975924829937,0.3982209097260933
161,0.054302468391304724,0.6123585777671297,0.20187658719395782,0.13146236664760777
162,0.052993268147955234,0.6393867623759203,0.17596814100639516,0.13165182846972925
163,0.04650774239171755,0.19281712930332925,0.36519147289440484,0.39548365541054836
164,0.19191722927446547,0.3171561550465788,0.3269609340891829,0.16396568158977268
165,0.05551596302354807,0.5792683056567008,0.2224467755288598,0.1427689557908913
166,0.05264868536138777,0.5567210411848326,0.23506831193207775,0.15556196152170199
167,0.04535772157397763,0.2000849563740311,0.3586355126422372,0.39592180940975413
168,0.13886942054318366,0.4219758348667656,0.30599352416029935,0.1331612204297515
169,0.05807902154152863,0.18159830744379865,0.3977869225449605,0.3625357484697122
170,0.04878221813466944,0.18590310233235557,0.3617429668868721,0.40357171264610286
171,0.31919172198944845,0.29091997493952837,0.2552423454416345,0.13464595762938866
172,0.052517661193976196,0.21790273059799972,0.38679246107884374,0.3427871471291803
173,0.045543635740758384,0.19897937606899826,0.3513721470393071,0.40410484115093637
174,0.04516217845209711,0.208277157329417,0.3603574263873641,0.38620323783112176
175,0.058969335409551696,0.37193115122359427,0.3594244898741999,0.2096750234926541
176,0.05822023525422075,0.5821171617754238,0.2225210048493527,0.13714159812100263
177,0.04843188891658617,0.2258208984213471,0.3588747066360365,0.3668725060260302
178,0.05890006593190225,0.5871629742888602,0.21236932121776134,0.14156763856147617
179,0.044942675146446516,0.20570172912715065,0.351686155897278,0.3976694398291249
180,0.06407888544751002,0.36109314337260395,0.3588509812579051,0.215976989921981
181,0.04968611828298916,0.20890340457001674,0.358842083002142,0.3825683941448522
182,0.04378659643680839,0.19218258846632003,0.35669388480511227,0.4073369302917593
183,0.2715186296421701,0.3342987690256516,0.26375157618687073,0.13043102514530758
184,0.04732598315774319,0.209131000869524,0.36266232085966643,0.38088069511306644
185,0.045538405048183364,0.17916682853663474,0.3628692676749262,0.4124254987402555
186,0.13295247941621777,0.43331577095851553,0.30424644743163487,0.12948530219363186
187,0.06428276337064043,0.5509218669142173,0.2420104965542011,0.14278487316094124
188,0.06506611330005017,0.5831100953087484,0.2188333113299874,0.13299048006121403
189,0.05092588078152861,0.1961761242035624,0.35918291426354443,0.3937150807513646
190,0.04433687057135876,0.18695116501727627,0.36106652171954046,0.40764544269182434
191,0.06288925738598966,0.4264239847814252,0.3355487381119194,0.1751380197206659
192,0.07064132807521982,0.5058135604853259,0.29587965704251595,0.12766545439693827
193,0.04907084334288104,0.1887907260870856,0.39323733100426517,0.3689010995657683
194,0.05150361784262643,0.5723670477433775,0.2221856665548772,0.15394366785911873
195,0.06747574879468546,0.45021595276504184,0.3229519236843317,0.1593563747559411
196,0.05268972609257561,0.21396227911005702,0.40415821002971475,0.3291897847676526
197,0.044968919571706435,0.2060121177405326,0.35898083284409615,0.390038129843665
198,0.06478763209439932,0.4573012250614793,0.32203521011572905,0.15587593272839229
199,0.054545939617190446,0.5798820698852544,0.20802354863730205,0.15754844186025324
200,0.14313598914791406,0.4221404076312762,0.3041038327835447,0.1306197704372649
201,0.04586184323020997,0.1822673136844075,0.35523608990435873,0.4166347531810239
202,0.04980479868507802,0.21129524698055147,0.34318340671206965,0.39571654762230085
203,0.069048774257696,0.45849354751269333,0.31879119003066947,0.15366648819894116
204,0.05210744986794341,0.5868093445969464,0.21927851499447315,0.14180469054063696
205,0.053758706693169234,0.2508295149385429,0.38579294293688265,0.3096188354314052
206,0.05221842618736937,0.19366464625584412,0.36618197338360103,0.3879349541731855
207,0.2966526437435426,0.27401603621341314,0.2821011635593156,0.14723015648372864
208,0.054707159869013346,0.32546468986509425,0.36932381179354384,0.25050433847234854
209,0.06982638367022909,0.46702181280627253,0.31764830630880825,0.14550349721469022
210,0.06079717866262451,0.44943324233667215,0.3107739885499309,0.17899559045077235
211,0.05586904262443564,0.6054151369730196,0.2118793111731628,0.126836509229382
212,0.052336554920959094,0.27853721601259757,0.3824254746878045,0.2867007543786387
213,0.047328112029991036,0.20122497324773753,0.3606400962947253,0.3908068184275461
214,0.061509885163457734,0.3195539817103513,0.3767594345566624,0.24217669856952867
215,0.05529511717849383,0.28540256709456063,0.3871498453467598,0.2721524703801858
216,0.11063502634116049,0.49705898022587397,0.3007322796943753,0.0915737137385903
217,0.05653259545776902,0.5869745663907397,0.2076169965576895,0.14887584159380166
218,0.2334044531810868,0.30014775303900065,0.306663982416596,0.1597838113633166
219,0.10018593610317265,0.4759859918492449,0.3002075811254481,0.12362049092213445
220,0.07352530401175464,0.5032235543127783,0.2972829077651367,0.12596823391033024
221,0.059079690154166295,0.6182053894746377,0.19855985936699985,0.12415506100419621
222,0.044947248945534264,0.1942925415977755,0.36255404703065114,0.3982061624260392
223,0.056842623765842884,0.23390367971012307,0.39875223340635463,0.31050146311767945
224,0.07169642541845306,0.5007020902482027,0.2990317159806958,0.12856976835264855
225,0.045285728127958606,0.1945434508736498,0.3592384517317708,0.40093236926662085
226,0.051818809397187054,0.5961141765677226,0.2085333374327352,0.14353367660235494
227,0.05355468226375317,0.5577598474718936,0.242420756307801,0.14626471395655236
228,0.0569362860119056,0.2664835431626599,0.38250018644374567,0.2940799843816888
229,0.06435427474347032,0.2795374302753006,0.38680047028746767,0.2693078246937615
230,0.04377063340848265,0.17979194502545037,0.3550073913301465,0.4214300302359205
231,0.04615110587437857,0.18725750844410405,0.3502039509653052,0.4163874347162122
232,0.044404460375621575,0.1911930278191333,0.3593538982258228,0.4050486135794225
233,0.0443093109245987,0.1901989888177481,0.35380571417157186,0.4116859860860814
234,0.0542008308471111,0.22880687892118032,0.36260793266726266,0.3543843575644458
235,0.052584845904079615,0.210325248203118,0.35850064341831794,0.3785892624744844
236,0.17116070046634138,0.4030425205433658,0.2956970775270734,0.1300997014632193
237,0.05964192888996589,0.6162146748656693,0.18625968552714708,0.1378837107172177
238,0.051079790524421874,0.6196999913744595,0.1926180399719477,0.13660217812917086
239,0.0554889072114473,0.577450088212715,0.21966472139087603,0.14739628318496162
240,0.06084338829014509,0.5926060013693815,0.19754414140041607,0.14900646894005742
241,0.06555437462689562,0.4436515310151001,0.3282854923133235,0.16250860204468082
242,0.071884576040189,0.4872069240087592,0.30496122029697315,0.13594727965407863
243,0.06570785177014342,0.45435664020560157,0.32297895098998797,0.15695655703426714
244,0.059987493669745845,0.5783506966007107,0.2221393280192499,0.1395224817102935
245,0.047590551967158175,0.20757085218641255,0.36860481275091367,0.37623378309551575
246,0.059490679015975885,0.39103788694231095,0.34925532936060677,0.20021610468110648
247,0.2588917418496699,0.2760113183280319,0.3076205480160164,0.15747639180628173
248,0.05601139120076012,0.6110357998226054,0.1877821516942135,0.1451706572824211
249,0.05445509053176441,0.5907167229775795,0.2075585650140514,0.14726962147660483
250,0.17527530799781174,0.378751222315109,0.30786384689780616,0.138109622789273
251,0.05266060031544562,0.6371157822362878,0.17695889114690355,0.13326472630136302
252,0.06118648993618979,0.6042125694463609,0.1920353845301903,0.14256555608725907
253,0.06548611436499369,0.40164183640283657,0.3463279516537389,0.18654409757843088
254,0.07278772125957554,0.5036339984778049,0.29637674753533183,0.12720153272728782
255,0.06345863011424066,0.37019148214861936,0.35682477181815575,0.2095251159189841
256,0.0645356689953048,0.3405818915719355,0.3729715854873488,0.2219108539454108
257,0.05105106830961246,0.5831120224552191,0.21574285086266784,0.15009405837250053
258,0.06369086770483467,0.5895510293139665,0.21093410024828463,0.13582400273291415
259,0.059055604758495125,0.5397547610879843,0.2580778438240785,0.143111790329442
260,0.046396707199779494,0.18874773051885846,0.3628400878597814,0.40201547442158064
261,0.045052556570672045,0.20377740424304544,0.35948340141735186,0.3916866377689307
262,0.06759223289765803,0.46102212172004375,0.3213755132280988,0.15001013215419934
263,0.04475020582664501,0.20604234417240266,0.35888076996475715,0.39032668003619525
264,0.06376667110973407,0.6421451563248012,0.16864868275522527,0.1254394898102395
265,0.052206320800846515,0.2210465372220053,0.3529089201073419,0.37383822186980625
266,0.06700159116995966,0.6023482404071923,0.2057113994042213,0.1249387690186268
267,0.27458686198591753,0.018592573319882805,0.061413523954050094,0.6454070407401495
268,0.04711444333685663,0.213801284862856,0.3581945774416393,0.38088969435864806
269,0.06518842467078743,0.4180494539835496,0.34041324549002566,0.1763488758556373
270,0.044526516790889266,0.18774529934321754,0.361799422315603,0.4059287615502901
271,0.18544687700712736,0.33358860611901825,0.3243328236109929,0.15663169326286136
272,0.05772463068911072,0.22584580956159245,0.4053188400576235,0.3111107196916733
273,0.5138943330133039,8.644832032027764e-06,9.463366855563253e-08,0.4860969275209955
274,0.06486202615047897,0.4067515402991428,0.34385805839199,0.1845283751583882
275,0.05027766240058495,0.5593901534905869,0.22359977353622482,0.16673241057260346
276,0.04953099494119222,0.20109882008502605,0.3611402055876559,0.3882299793861257
277,0.1424211550043311,0.4129279916329629,0.307758219387539,0.1368926339751669
278,0.051951052317384075,0.19781399480734393,0.3690926187809975,0.3811423340942746
279,0.06262085013087594,0.6207488214070055,0.1888516063296491,0.12777872213246955
280,0.04774489794945292,0.23548032120425685,0.34534381794326713,0.3714309629030231
281,0.051963968044497086,0.6057582592430357,0.20423170118445444,0.1380460715280128
282,0.05970751528679913,0.2838477052376583,0.38938493583292283,0.26705984364261975
283,0.053110382099605315,0.6434763646104877,0.17646636517953995,0.1269468881103671
284,0.04651864517863719,0.2109009737198735,0.3641081899201059,0.3784721911813834
285,0.0640818344951838,0.61900062092172,0.19829158507109187,0.11862595951200423
286,0.055482518887233545,0.6386500877757235,0.17876431935453255,0.12710307398251042
287,0.04918794664417912,0.20973163094334812,0.35452138757441,0.3865590348380629
288,0.05653092895139354,0.6166047387893075,0.1789456711064577,0.1479186611528411
289,0.06614050664718299,0.5893110183842206,0.1983208931349866,0.14622758183360982
290,0.062327774885559774,0.3593732968278564,0.36528718824281176,0.21301174004377213
291,0.05799006015524678,0.3642001367665287,0.3594835637879908,0.21832623929023381
292,0.06221079535895486,0.5890492192370106,0.21260661840785672,0.1361333669961776
293,0.04659883240271002,0.19288678903104117,0.3624751732892535,0.39803920527699543
294,0.058880487251613385,0.5747239980678435,0.23310268541877158,0.13329282926177144
295,0.07048803434478075,0.497172478862976,0.30115007748880224,0.13118940930344108
296,0.18898359608677628,0.38548611047328507,0.29056318602246983,0.1349671074174687
297,0.044775225130424125,0.1970611726962613,0.36069194802386656,0.39747165414944813
298,0.0582230222542327,0.6064299633654125,0.1948338284870391,0.1405131858933157
299,0.04463328316472838,0.21418907794311082,0.3462437588412213,0.3949338800509394
300,0.06828271222105506,0.43473970642309845,0.33437045743345956,0.16260712392238694
301,0.053672334458169324,0.6009451552757623,0.20881563740975348,0.13656687285631489
302,0.06356435374394359,0.4334004277103093,0.33472350477833357,0.16831171376741358
303,0.0521856858768565,0.22283035735739698,0.3955880705594911,0.32939588620625554
304,0.05782029772105145,0.2957456455376185,0.38644932622199707,0.259984730519333
305,0.05657788187468062,0.6151261232625241,0.1867602827163614,0.14153571214643393
