,proba_0,proba_1,proba_2,proba_3
0,0.14067978044890375,0.07498553020048052,0.6116361919169426,0.17269849743367305
1,0.06895137328748101,0.7891207834292584,0.08690112298790771,0.055026720295353146
2,0.10506264936519391,0.12997813857720306,0.26852875237187107,0.4964304596857319
3,0.12559526774047386,0.6667950225511728,0.1512975824789346,0.05631212722941868
4,0.08870684894500311,0.1589797625922908,0.20634276457361003,0.5459706238890963
5,0.0708815849533171,0.6851558554536218,0.1537691090920669,0.09019345050099416
6,0.10912899927046084,0.09354882457265205,0.5700354607176936,0.22728671543919357
7,0.11099843736311239,0.09951238225896554,0.5852395086822642,0.204249671695658
8,0.08397000048599128,0.10520851102992143,0.17378330241473017,0.637038186069357
9,0.10981354777059626,0.7103478091020216,0.13190642315570114,0.047932219971680894
10,0.4697271965813575,0.0758162704973015,0.4266134607642949,0.027843072157046397
11,0.13584477758206026,0.11542538826735238,0.5973603104342372,0.15136952371635046
12,0.1946352205534657,0.39352325273107985,0.3599303744305707,0.05191115228488396
13,0.09827546999928247,0.10903945151808823,0.2201846029417738,0.572500475540855
14,0.15360266723930388,0.33190244393761187,0.4524727063231564,0.06202218249992776
15,0.09385653581373371,0.10163257220816561,0.2122833328372366,0.5922275591408641
16,0.1167152936509364,0.7169825531065515,0.10080732174630605,0.06549483149620651
17,0.09381496701883683,0.7575656910553034,0.09514235672502937,0.05347698520083044
18,0.09075398119323248,0.1036027021727511,0.19562796599143978,0.6100153506425765
19,0.11960491496157309,0.08816034363862023,0.6096173546500866,0.18261738674971986
20,0.118210346692564,0.724944670149013,0.09939130407935494,0.05745367907906818
21,0.1313984343819995,0.4362761238255212,0.35132683029688305,0.08099861149559633
22,0.09322664277946564,0.11115039052171287,0.17308332782189584,0.622539638876926
23,0.08590481910255707,0.1062807425943328,0.21040631098388798,0.597408127319222
24,0.1271053293418292,0.14059177866995118,0.6316166982227804,0.10068619376543914
25,0.1645923991072452,0.26578709630172864,0.49597196640695557,0.07364853818407088
26,0.4264370250765163,0.0974128947895911,0.4408435853198288,0.03530649481406368
27,0.14985086826414717,0.1795625274167701,0.575909427958771,0.09467717636031178
28,0.10547960368142666,0.10697914566626174,0.24007867463380564,0.5474625760185058
29,0.12548090400445722,0.5926498808482529,0.21264405300023478,0.06922516214705532
30,0.08558355237645551,0.1063797241622552,0.18776354144841467,0.6202731820128748
31,0.5176220867850466,0.011664723347923818,0.1147877389836919,0.35592545088333766
32,0.17456974675030787,0.05804009350685222,0.6377772932435368,0.12961286649930323
33,0.08618998182394656,0.10319216112657083,0.2097716115424079,0.6008462455070747
34,0.08896591217658147,0.11178175979406343,0.20419559243178298,0.5950567355975723
35,0.11430402769123198,0.10647507945280978,0.20566932184832443,0.5735515710076339
36,0.07194276152211265,0.6989259181708473,0.14582445836246186,0.08330686194457855
37,0.17182206254417795,0.30502290684660266,0.45682042919128507,0.0663346014179343
38,0.097538837661066,0.09910620073328576,0.1762372980834367,0.6271176635222113
39,0.11842070911119529,0.6325073129451472,0.18260902846114527,0.0664629494825124
40,0.10000916008266128,0.11868826602752405,0.25100340771814544,0.5302991661716693
41,0.09619864245311832,0.10082864976022625,0.20206188955696908,0.6009108182296861
42,0.0999673658680447,0.11623626320485952,0.21150863768187192,0.5722877332452239
43,0.08669515938813366,0.11381774346870181,0.20482172487455605,0.5946653722686084
44,0.15996653805208313,0.2727649657024663,0.48377466885923565,0.08349382738621469
45,0.09856803044205395,0.7082599331402015,0.13305455600194557,0.06011748041579856
46,0.08558794490539552,0.13296593026476367,0.18148146236015317,0.5999646624696875
47,0.4065143497358429,0.10040619603284506,0.4560009474757304,0.03707850675558181
48,0.0866911498921879,0.12185947927126231,0.2303634782064028,0.5610858926301471
49,0.0847772556087425,0.10310129248273682,0.1832879472660499,0.6288335046424707
50,0.1629210627336025,0.29294557315932784,0.47678159732514896,0.06735176678192065
51,0.08639388900275698,0.09750481566588114,0.16936258312125693,0.6467387122101046
52,0.4308354687571585,0.07377996922856289,0.46506294910070856,0.030321612913570363
53,0.08909766906799661,0.6542538628647139,0.17850055448840965,0.07814791357888014
54,0.10809425634037448,0.7034711780025118,0.12623640801944638,0.06219815763766751
55,0.1131133784254977,0.1462570275061929,0.20987454298621394,0.5307550510820954
56,0.14713598210916667,0.11573747532678766,0.5972834487269155,0.13984309383712984
57,0.1206564317633081,0.6646677061980181,0.15765581906945206,0.05702004296922162
58,0.10924553934869903,0.7256497159733875,0.10509261656309885,0.060012128114814746
59,0.1581757544595962,0.2137777651665119,0.5502034803912782,0.0778429999826142
60,0.4069246123385294,0.09774713069358461,0.4585918160497735,0.03673644091811249
61,0.1602496227950891,0.2340528145210694,0.5258891667889796,0.07980839589486209
62,0.09363605339292011,0.6016050344488147,0.2187412637214359,0.08601764843682934
63,0.07380413468460256,0.7378776291764199,0.13234486668986697,0.055973369449110515
64,0.16733760615778848,0.3133212708041272,0.4511686626508897,0.06817246038719486
65,0.07684802216364399,0.768393746764608,0.09730671635657216,0.05745151471517572
66,0.16630237635456488,0.2797180125543669,0.48069586854018653,0.07328374255088187
67,0.1732204764985389,0.16066763342633048,0.5743158131504575,0.09179607692467313
68,0.09051980231705664,0.6404634046296525,0.19834001821387423,0.0706767748394167
69,0.5075985867830212,0.07534119615427726,0.39418953583891664,0.022870681223784925
70,0.14666310275552608,0.3169054832134332,0.46760956514445917,0.06882184888658145
71,0.08858290876794442,0.10821389488248281,0.2280646752903082,0.5751385210592649
72,0.1165279435841687,0.7020289463564834,0.11125412085349501,0.07018898920585306
73,0.16547105126306208,0.20639840964154102,0.5404787269143927,0.0876518121810039
74,0.0960671629399421,0.683751637064136,0.15893217915520305,0.0612490208407187
75,0.08855243667264448,0.12854955658368997,0.22368737398663388,0.5592106327570313
76,0.09855768566086814,0.11122287489573886,0.2289022725361967,0.5613171669071962
77,0.13029480464045318,0.6621036744698571,0.13336968934157603,0.07423183154811364
78,0.11586347948629445,0.10796301212285506,0.585236876339438,0.19093663205141245
79,0.1178632969978903,0.7428057475994768,0.08842938818654386,0.050901567216088905
80,0.08733668050054376,0.688100382919391,0.15666497685435882,0.06789795972570663
81,0.38234457868490124,0.12418787418736113,0.4475189338640549,0.045948613263682755
82,0.42709211755689974,0.11663702362423617,0.4166519541896896,0.03961890462917472
83,0.08563001075298055,0.15722890455597982,0.15732571832052894,0.5998153663705105
84,0.175674629951887,0.26588759095913167,0.48927642418529066,0.06916135490369058
85,0.09989687502354004,0.09917884950939612,0.18856865474580273,0.6123556207212612
86,0.09172326620735886,0.7195773023022486,0.1012927621528258,0.08740666933756691
87,0.08688842425583447,0.11420688327859112,0.18627777124955902,0.6126269212160154
88,0.05939892906151599,0.7906014962062801,0.08906141549339017,0.06093815923881352
89,0.05953328146429613,0.8001040646700524,0.08843502282014186,0.05192763104550944
90,0.16151123733679987,0.3169324036420938,0.45475171562428296,0.06680464339682318
91,0.09004453594673778,0.1353397544341611,0.2713122958370497,0.5033034137820513
92,0.19096878114708316,0.37371255140901344,0.3808130773765958,0.05450559006730785
93,0.111186288335933,0.09940744683404651,0.6138037669350631,0.17560249789495697
94,0.3805603549665935,0.17394424058269514,0.38766683152215786,0.05782857292855307
95,0.15182416990673286,0.20256960507521726,0.5539371817639898,0.0916690432540605
96,0.12639117423258286,0.1656816897939408,0.5875111227459271,0.12041601322754926
97,0.14193327962709082,0.14192942047118084,0.6087127114726805,0.1074245884290477
98,0.11727930554867456,0.11471774849022362,0.2609947281143928,0.5070082178467092
99,0.179733490791951,0.3715974927218546,0.3910146778057514,0.057654338680442764
100,0.11532046201167234,0.15448668224352136,0.6017478785732969,0.12844497717150952
101,0.10916384195485022,0.13036118056322052,0.6129153543878564,0.14755962309407328
102,0.1175530644535141,0.6268738439598149,0.18973174180310803,0.06584134978356293
103,0.06657340450880664,0.7490360069867028,0.11357772791525196,0.07081286058923852
104,0.09353041189483366,0.1067296974046908,0.1840417734631053,0.6156981172373702
105,0.0505594895732791,0.8082698877068561,0.07694053275160752,0.0642300899682574
106,0.3983397275364814,0.13512696093094698,0.4172233602024673,0.04930995133010411
107,0.08937222676869636,0.05249440167768943,0.5218245305662587,0.3363088409873556
108,0.08855372316911413,0.13538996879345372,0.16387613290078554,0.6121801751366466
109,0.18324028861438985,0.355595491452877,0.40265905936403057,0.0585051605687027
110,0.1258404074849953,0.13718187756265537,0.5866233560276134,0.15035435892473595
111,0.11540382242299776,0.11579930424713222,0.22741004816540564,0.5413868251644642
112,0.12447133384297361,0.6924107692949565,0.12385991247109884,0.059257984390970964
113,0.1344743909956867,0.7020709004585832,0.11457530954728852,0.04887939899844152
114,0.07573841803743149,0.7145348518286282,0.1416850884334379,0.06804164170050245
115,0.08746025543939975,0.12730046753884172,0.16308237105436627,0.6221569059673921
116,0.09940780294486039,0.12114140788043222,0.2566348056224397,0.5228159835522678
117,0.08522166444356613,0.10808752644935483,0.1927465387971743,0.6139442703099045
118,0.19202037561736596,0.38392418951972146,0.36974522663161025,0.054310208231302594
119,0.09066316794342656,0.10504102267254481,0.22645491872929036,0.5778408906547383
120,0.3607874198809777,0.1884223370061901,0.39267178735378544,0.05811845575904667
121,0.15531157581855987,0.07859349027382728,0.6459477663398516,0.12014716756776102
122,0.10424184027636739,0.11275108802006421,0.2326982142640473,0.5503088574395211
123,0.1573010346021109,0.32270953523831003,0.4528081812692811,0.06718124889029786
124,0.10145206257967544,0.07959093887579008,0.6126527410927657,0.20630425745176875
125,0.12995829561645547,0.12758835771504873,0.5928854294082182,0.1495679172602777
126,0.1512597654081526,0.3489570038509407,0.43438883590844163,0.06539439483246545
127,0.11671989501190705,0.4514625836991367,0.3429797624438934,0.08883775884506272
128,0.10727730393740564,0.7395593031709402,0.09845919163659476,0.05470420125505962
129,0.1457562475379707,0.28304766855510155,0.49597261218416483,0.07522347172276289
130,0.11552936923984644,0.20585733153151392,0.55092296160222,0.1276903376264198
131,0.14947649512652816,0.3014550576663209,0.4760197260484487,0.073048721158702
132,0.09683176228965654,0.12057049005153672,0.23255967673177447,0.5500380709270319
133,0.1565187812364746,0.3511011208343403,0.43062623919531234,0.061753858733872936
134,0.08144614437035597,0.7586777769724282,0.10764262800454749,0.05223345065266848
135,0.42346233655405213,0.11411876446859945,0.4180939800008622,0.044324918976486195
136,0.08692245994002468,0.783268964357024,0.07483370164344232,0.05497487405950932
137,0.4907523359240436,0.014930829693566714,0.1260417445994269,0.3682750897829629
138,0.07538259724751921,0.7621440703415274,0.10440093893170413,0.05807239347924892
139,0.09573139064886893,0.6920587668194415,0.140123618182264,0.07208622434942565
140,0.15864796171093065,0.6422225633674945,0.1351520348300449,0.06397744009152977
141,0.07233563182368379,0.758495203937187,0.11262994616622471,0.05653921807290458
142,0.10002316545141376,0.10808436279594827,0.24206718358730941,0.5498252881653289
143,0.08690598243980117,0.11857602195799637,0.20273344094747692,0.5917845546547257
144,0.1163537990890188,0.13231469414157224,0.2405336294383791,0.5107978773310297
145,0.12480446107930886,0.18432360906122602,0.5794791515828392,0.11139277827662576
146,0.07269120247813116,0.7849968458062433,0.0896347446576666,0.05267720705795911
147,0.12789372301562038,0.6723460212261888,0.13526853404306746,0.06449172171512339
148,0.09258025957823456,0.11586707219936632,0.19549749155653234,0.5960551766658669
149,0.17319495406234225,0.3235723407773658,0.43907353228658247,0.06415917287370969
150,0.4025860744478807,0.14689924958255435,0.3997508646588759,0.05076381131068917
151,0.07138490911896606,0.7194144772929245,0.13676975354437923,0.0724308600437306
152,0.11469897896990829,0.7056789822411407,0.11282295927951241,0.06679907950943854
153,0.10091362191124263,0.09905881045897169,0.5559968257762958,0.24403074185348986
154,0.12714731896119463,0.1469442143248212,0.5809674299869025,0.1449410367270817
155,0.1659249116464135,0.3177380764193897,0.4476532787253912,0.06868373320880522
156,0.09410069853691688,0.7167687931494997,0.10790407435704333,0.08122643395654004
157,0.10601783188864032,0.7100901773198923,0.12494316120970915,0.0589488295817583
158,0.08664234433408508,0.13106160735413871,0.17632841132458574,0.6059676369871905
159,0.15493360561010258,0.33705370349692504,0.4448941804544764,0.06311851043849608
160,0.0860821823969947,0.10862666437985362,0.21870060246836795,0.5865905507547838
161,0.08469334034847087,0.7466956281417352,0.11587095794141541,0.052740073568378384
162,0.0644239404502575,0.8087172962594924,0.07514495532958407,0.05171380796066568
163,0.09651826555749024,0.10528978285217909,0.22871115271243858,0.5694807988778919
164,0.37613744274349725,0.10654167718522638,0.4723660421525771,0.04495483791869897
165,0.09440429937633822,0.6866620922294734,0.15117674580885973,0.06775686258532874
166,0.08301091358722636,0.6621436550717748,0.17749247352668301,0.0773529578143156
167,0.09232623604247091,0.11326785153061805,0.19828658283115455,0.5961193295957569
168,0.3788713411663277,0.15943345942706724,0.4073583399227732,0.05433685948383191
169,0.12251370947850304,0.0741514991887933,0.6157442415434131,0.18759054978929068
170,0.10546948292614655,0.10337928489412497,0.18863070540099403,0.6025205267787345
171,0.4668857519718506,0.09920473112238136,0.4016856814160258,0.03222383548974236
172,0.11575722653092654,0.09519350371357639,0.5686010407507404,0.2204482290047565
173,0.09151432823572377,0.11113256381129658,0.1788527569577762,0.6185003509952034
174,0.08800655011363946,0.1229605960344142,0.2296361312377211,0.5593967226142255
175,0.1328740923150439,0.2399229815198171,0.5412660820658275,0.08593684409931159
176,0.10698512386315626,0.6847019979077784,0.14745296108509356,0.06085991714397161
177,0.10196879224979175,0.1333860871157819,0.26271175264314056,0.5019333679912857
178,0.115748003170824,0.6739661955847518,0.1445267115464858,0.06575908969793852
179,0.08574092543594092,0.12769349029616658,0.19818044619356845,0.5883851380743244
180,0.16799913336867695,0.21260170317605842,0.5351276119783844,0.08427155147688024
181,0.1083590395528389,0.12048258266709472,0.21383343173127334,0.5573249460487929
182,0.08393171347500186,0.10953066107193399,0.1758912799698158,0.6306463454832485
183,0.4636822845806377,0.1123053135495011,0.3888929100342512,0.0351194918356098
184,0.099465405190915,0.11932414725383982,0.24298525998913814,0.538225187566107
185,0.08816770233101454,0.10063425999563368,0.19353726031763857,0.6176607773557132
186,0.37419540963034853,0.16419154463778496,0.40732692352306255,0.05428612220880433
187,0.14540746619161132,0.6013505816443689,0.18564981227236788,0.067592139891652
188,0.14746113985199694,0.637711628654004,0.15245478342395385,0.06237244807004515
189,0.11211107559283134,0.11054324379343725,0.20951777424895857,0.5678279063647733
190,0.08562857109280617,0.10561406773788656,0.18347178042352438,0.6252855807457824
191,0.14636928280466877,0.31145094151311725,0.469151231998481,0.07302854368373307
192,0.18005973671196657,0.39965083004588564,0.3666303351514524,0.053659098090695447
193,0.09691885222374338,0.081859634462605,0.578777823805044,0.24244368950860756
194,0.07225507675678904,0.7027044061849854,0.14704146300342624,0.07799905405479908
195,0.1828540479969723,0.31884819595208397,0.433029183803915,0.06526857224702891
196,0.11124804392024172,0.09409479104088836,0.6583989880736486,0.1362581769652207
197,0.08693267177655199,0.12009537200586051,0.22122288467899062,0.5717490715385969
198,0.15339382298599302,0.34777524673512455,0.43566786084426057,0.06316306943462173
199,0.09031536537841754,0.7003289197302377,0.12522409781602836,0.0841316170753163
200,0.38963086232189065,0.15730121443243383,0.3998111169554435,0.053256806290231815
201,0.08835951535044163,0.10560547834196177,0.15787443786312458,0.6481605684444721
202,0.10572131829844425,0.12340154027340523,0.1658318425745946,0.605045298853556
203,0.19345199602034133,0.3217483771295284,0.42111322769370507,0.06368639915642561
204,0.0750897702187656,0.7184704775433044,0.14294485849263933,0.06349489374529073
205,0.12257025762513406,0.12026083678045453,0.5865565474675076,0.17061235812690415
206,0.10995940160802875,0.11260837979378677,0.22786871482467563,0.5495635037735087
207,0.4423079898350244,0.08969451405379752,0.43589804076998634,0.03209945534119194
208,0.12071186561054596,0.19208181293225104,0.5700019584330666,0.11720436302413634
209,0.1859314038567491,0.3342785988050329,0.4206725120547754,0.05911748528344269
210,0.14041228431112027,0.3931119137579155,0.3758777718197079,0.0905980301112564
211,0.09416623521499674,0.7252419246160628,0.13140587126653153,0.049185968902408644
212,0.1107816805224518,0.1470836522706359,0.5908578446358411,0.15127682257107156
213,0.09931533279821053,0.11176765038829732,0.22102532120132196,0.5678916956121702
214,0.15093388039515193,0.17558683933137034,0.5791518472593921,0.09432743301408589
215,0.1203924044815348,0.15073400773997953,0.6102973290629317,0.11857625871555387
216,0.31846017870802684,0.2329037807927703,0.4042079922645448,0.044428048234658436
217,0.09953698772620394,0.6981171968708507,0.12774289713519849,0.07460291826774697
218,0.40053605738421644,0.10051090247910044,0.4563930452780518,0.04255999485863149
219,0.33129839899892205,0.2293451976364879,0.3792544143398181,0.0601019890247719
220,0.19649230980346877,0.3795670604920568,0.37010371325426206,0.053836916450212456
221,0.10310034266521534,0.7397727444942926,0.10789261079842385,0.04923430204206815
222,0.087273224351312,0.11068378018478034,0.21523664641056983,0.5868063490533375
223,0.13333122722460222,0.10396976431025813,0.6289641441734316,0.13373486429170756
224,0.18382984027444937,0.38241853323278263,0.3797344049533529,0.05401722153941501
225,0.08806458853683527,0.11302137678068208,0.1870026775499695,0.611911357132513
226,0.07219909031759973,0.7414826217766733,0.12030095389205085,0.0660173340136761
227,0.08688483333966317,0.6581108031269896,0.1887224846487224,0.06628187888462507
228,0.1327462030120055,0.13247228753413498,0.5982874745478056,0.13649403490605413
229,0.16492530110354017,0.1305486024632569,0.6015843544310889,0.10294174200211369
230,0.08231158899980436,0.10177868829044714,0.15096400752052602,0.6649457151892227
231,0.09312003920130515,0.10257899047283364,0.15850778128907417,0.645793189036787
232,0.08540142341615949,0.1097049665638043,0.1881466551947202,0.6167469548253162
233,0.08371299682572311,0.10868551970580408,0.1710799111243593,0.6365215723441136
234,0.1242809208467981,0.12861879993802683,0.3040641532811034,0.44303612593407116
235,0.11974823745547739,0.1204741144844244,0.2271037030722941,0.5326739449878042
236,0.41674462040774235,0.14028212357843114,0.39580463338929284,0.0471686226245334
237,0.10906942185156288,0.7240173784801385,0.10426598174173471,0.06264721792656422
238,0.06191235247070967,0.7844246378546398,0.09729790139233435,0.05636510828231618
239,0.09407902825470062,0.6907106162660314,0.14478306419232112,0.07042729128694687
240,0.12194387623407126,0.6799043720798409,0.12131275572021834,0.07683899596586974
241,0.15817512274422513,0.3276659118895608,0.44821610653065314,0.06594285883556085
242,0.2016523035734565,0.3514634398538299,0.3884900967130597,0.05839415985965416
243,0.15743968293604513,0.341253802999606,0.43611889144517835,0.06518762261917041
244,0.12879144351221714,0.6424190918148713,0.1637233287585225,0.06506613591438921
245,0.10120312546854154,0.11713685742359015,0.2682548807666375,0.5134051363412312
246,0.13445028404191628,0.2682904926632138,0.5121151386617143,0.08514408463315565
247,0.41811537195956033,0.08592803622077293,0.4619376810467055,0.034018910772960834
248,0.09172403868936602,0.7401975895887603,0.09860339455120835,0.06947497717066525
249,0.08150680399211399,0.7335377004864636,0.1179743141946728,0.06698118132674938
250,0.398508275931059,0.13022275941961164,0.42594873873968764,0.04532022590964164
251,0.06479477444448578,0.8045962438181191,0.07791998053568375,0.05268900120171154
252,0.1127246727038452,0.7152139584626535,0.10690821603952336,0.06515315279397811
253,0.1660861241126942,0.26194464752372454,0.49847689848775023,0.07349232987583126
254,0.19211408790946596,0.38217356891986426,0.3707344445214671,0.054977898649203
255,0.15774074899423005,0.236803562896118,0.5167713518059879,0.0886843363036643
256,0.157537270851825,0.19587673642145978,0.5626726332623542,0.08391335946436093
257,0.07226415069996814,0.7184572198760504,0.13596590167660802,0.07331272774737348
258,0.15447715219671293,0.6294822129182992,0.15048932051184785,0.06555131437314021
259,0.12694032457835996,0.5715950767397436,0.2373768025831063,0.06408779609879038
260,0.09676442614752731,0.10302018144225664,0.1996203185737079,0.6005950738365082
261,0.08774666007512244,0.12026985638953538,0.21314108805505996,0.5788423954802824
262,0.16458363003672632,0.3408672798931557,0.434282306288679,0.06026678378143918
263,0.08998725087890475,0.11747635892983783,0.2186390843065302,0.5738973058847271
264,0.12251491244578865,0.7380240777992507,0.08513674706245933,0.05432426269250133
265,0.1161127229045492,0.12582554580491756,0.2309393970170425,0.5271223342734908
266,0.15448884810165822,0.6620818618561134,0.1290751160892914,0.05435417395293721
267,0.26782423044128306,0.02248984750329587,0.09808484075158076,0.6116010813038404
268,0.09790846464576428,0.1227641205927732,0.23905923868331722,0.5402681760781455
269,0.16535206758392354,0.2828604774861392,0.4824094297974571,0.06937802513248037
270,0.08607102994818597,0.10738471463183455,0.1950395042392723,0.6115047511807072
271,0.38110654707501834,0.11198873275418413,0.46284967436803837,0.044055045802759256
272,0.13100661093133192,0.09937400513716886,0.6279742174709634,0.14164516646053574
273,0.7217356992287565,0.010198871127615243,0.11686601738390935,0.15119941225971867
274,0.1648839598762305,0.27516088347879525,0.4847580824435622,0.0751970742014119
275,0.06876751860307223,0.688937509874513,0.14810382243907652,0.09419114908333828
276,0.10671029619968403,0.1149838381614747,0.21920020267502383,0.5591056629638174
277,0.3813000318610704,0.15835375092671822,0.40526314265392654,0.0550830745582847
278,0.11750247196163026,0.10637175492226134,0.2671342434809778,0.5089915296351308
279,0.11251209447236066,0.7349543978206284,0.09911134402700063,0.053422163680010175
280,0.09738190768217783,0.1525832478096293,0.21571645472583978,0.5343183897823531
281,0.07154324579795895,0.7545394493359621,0.11423605160577255,0.059681253260306176
282,0.14409785695383573,0.13945646663064293,0.6116136252975989,0.10483205111792247
283,0.06648950548141709,0.8099877271798228,0.07730472205772435,0.046218045281035784
284,0.09295829868676038,0.1254808579269764,0.24268513135334052,0.5388757120329231
285,0.13127479840379075,0.7056248843938798,0.11488125258730926,0.04821906461502019
286,0.0787125191732637,0.7878885645949348,0.08350377392353035,0.0498951423082709
287,0.1059363879449195,0.12275504573804531,0.19680528458369603,0.5745032817333395
288,0.08905422223001763,0.7542154910458889,0.08715685026828894,0.06957343645580442
289,0.14091569843554203,0.6672498790632893,0.11908201955250815,0.0727524029486605
290,0.14516606165821822,0.22285855840576527,0.5470321255527945,0.08494325438322226
291,0.12796988252185398,0.23636071035888195,0.5395045578228643,0.09616484929639992
292,0.14272460140557686,0.647084635286342,0.1464994115300892,0.06369135177799204
293,0.09129655691785189,0.11190309286414503,0.2123342454380326,0.5844661047799705
294,0.11394442492913164,0.6568688818264348,0.17170825172580959,0.05747844151862406
295,0.1871165095876965,0.3794651042649266,0.37851741396882815,0.054900972178548786
296,0.42275257707545677,0.13768937129220374,0.39129794200493645,0.04826010962740287
297,0.08749773823363168,0.11437300715216232,0.201478278259929,0.5966509763542769
298,0.10612826523250957,0.7153042668536873,0.11278110982074409,0.06578635809305927
299,0.08556935095514258,0.13015229463509218,0.17655108108508336,0.6077272733246819
300,0.18024973485457008,0.2931752788054953,0.46279997130227923,0.06377501503765531
301,0.08098367799999373,0.7338952238804212,0.12591827516781176,0.05920282295177357
302,0.14878768030905526,0.3142544429144691,0.46977556376255736,0.06718231301391844
303,0.11689293556992124,0.09851701849457209,0.5934049955961213,0.1911850503393855
304,0.1290791683894706,0.1586494668720133,0.6063153854770197,0.10595597926149647
305,0.08733631950373737,0.7568219334773788,0.09379795887718027,0.0620437881417034
