,proba_0,proba_1,proba_2,proba_3
0,0.12771263405012778,0.08326333578870347,0.45185347582678687,0.33717055433438237
1,0.09312913570470252,0.7138334792229175,0.11298729954174631,0.08005008553063396
2,0.10989964653178005,0.09666240039414344,0.4077008301119946,0.385737122962082
3,0.12636459467710445,0.6506741616586682,0.1494405371800203,0.07352070648420674
4,0.0916653635103306,0.11194120815563563,0.3894254597019626,0.40696796863207146
5,0.09002397944117899,0.6170274923725575,0.18516813692068337,0.10778039126557974
6,0.10497116214560974,0.09631586124071866,0.4482701694791475,0.3504428071345238
7,0.10659846992420492,0.10545430321147806,0.44995633707532334,0.33799088978899333
8,0.09419378647112908,0.07254616369621807,0.3655489243855097,0.4677111254471432
9,0.11812757391282043,0.6815426423125382,0.13303553407194066,0.06729424970270041
10,0.6694094998896704,0.05498434299486163,0.24251671204217481,0.03308944507329305
11,0.12902183225396752,0.1304196903146692,0.46935101577159044,0.27120746165977305
12,0.19382905977595866,0.48110150045498645,0.2549792745132499,0.07009016525580501
13,0.09877910312688085,0.07926363381184139,0.38696431094161204,0.4349929521196655
14,0.14217808910743887,0.41651856024082495,0.34167920391062534,0.0996241467411107
15,0.09647872140550096,0.07253874113531984,0.38162466008495854,0.4493578773742204
16,0.1291612072019286,0.6514512191449631,0.12698871057422867,0.09239886307887964
17,0.12202865068292709,0.6828435161995198,0.11867390828976804,0.07645392482778506
18,0.09452293014616564,0.0726330653907474,0.3745541584983935,0.4582898459646935
19,0.11316028844961465,0.09206339886731116,0.45259895084074425,0.3421773618423297
20,0.14780613775853718,0.6463560651256043,0.12596655857896094,0.07987123853689786
21,0.12031988314133459,0.472899450025715,0.2991075769268704,0.10767308990607988
22,0.09484157641715535,0.076573628816897,0.3685469821052035,0.46003781266074445
23,0.09373807694024451,0.07537686878135724,0.37834624284609586,0.4525388114323025
24,0.11713815107892611,0.16569712627035563,0.47975750505552567,0.23740721759519298
25,0.13935847566179985,0.3341227068931909,0.39796288050404094,0.1285559369409687
26,0.544587230591034,0.08739617191568816,0.31770704154587875,0.05030955594739912
27,0.13475008857904522,0.2151281539771416,0.4636149340112119,0.18650682343260083
28,0.10135043053967852,0.08024946140886845,0.39175243608230387,0.42664767196914927
29,0.1136666178427421,0.5867895106733136,0.20661253521216646,0.09293133627177795
30,0.09372363210239539,0.07342386470975987,0.37340597474841686,0.45944652843942796
31,0.9999991683607644,3.333400956706949e-08,6.983042342075931e-07,1.0000099186966897e-07
32,0.15823392844488196,0.07481203812893514,0.455903261935367,0.31105077149081606
33,0.0929033680776311,0.07247866709423376,0.37705148027818564,0.4575664845499498
34,0.09752749996818247,0.07566359748446552,0.38038724180710354,0.4464216607402484
35,0.10877123375228744,0.0759523492702319,0.38248840483307445,0.4327880121444062
36,0.08853582690031508,0.6391285176138034,0.17189074790590383,0.10044490757997755
37,0.1501963504412717,0.3844474286972315,0.35932802809857683,0.10602819276291986
38,0.09977556657482456,0.06856818496962007,0.3681841298385933,0.4634721186169622
39,0.11774815989611508,0.613896808377236,0.1832273183631248,0.08512771336352386
40,0.09945855870693297,0.08896986574137211,0.39744550639614573,0.41412606915554945
41,0.09814904382770771,0.07033481856730008,0.3775312187769604,0.4539849188280317
42,0.09829353824783457,0.08393468566042825,0.38375219404908467,0.4340195820426524
43,0.09280437806927273,0.08015819553832201,0.38150727098839443,0.44553015540401086
44,0.1318063149152204,0.3287093951185582,0.3988051688831916,0.14067912108303002
45,0.10308408648371879,0.6702733637307443,0.14482901907889872,0.08181353070663822
46,0.09168477366053156,0.08931218330381648,0.37265070952450297,0.4463523335111491
47,0.4831941120976492,0.10562390401476644,0.3520278098515907,0.05915417403599379
48,0.09350051543028338,0.08741774836442263,0.38608910605316155,0.4329926301521322
49,0.0925838170076532,0.06938896070050737,0.36874088038521424,0.4692863419066248
50,0.14365147560029604,0.36877768789867665,0.37453080875200606,0.11304002774902137
51,0.09741300904751324,0.06430967011889001,0.3645327241230114,0.4737445967105851
52,0.5609308995570597,0.06763572607182577,0.32419572203429026,0.047237652336824365
53,0.09878281266544393,0.6104083931834693,0.19453028324301286,0.09627851090807389
54,0.1225321234218971,0.6484831770966967,0.1470162182412802,0.08196848124012615
55,0.10639733981139214,0.10277324974220368,0.38943122028608446,0.4013981901603199
56,0.1243318856279588,0.12379586070997375,0.4619590122208618,0.2899132414412056
57,0.124332132858551,0.6340444988774808,0.16467647092795562,0.07694689733601247
58,0.12059123899209888,0.6661153983921065,0.12969723672584804,0.08359612588994654
59,0.1308857499111388,0.26985543986633437,0.44050714918582384,0.15875166103670274
60,0.48891174137092835,0.10008458388252746,0.3523127033701389,0.058690971376405374
61,0.13401347359562005,0.2928164679882608,0.42564323203101356,0.14752682638510572
62,0.09705384955293066,0.579050999479976,0.2182403087710696,0.10565484219602421
63,0.09028435381959336,0.6866202562462456,0.14521490679451127,0.07788048313964976
64,0.14035503363548113,0.39326377762261183,0.35650225308085637,0.109878935661051
65,0.10236838439548364,0.6995265109270368,0.12223135807374559,0.07587374660373375
66,0.13990505796011607,0.3539248358676422,0.38371795583789026,0.12245215033435176
67,0.14238797293898356,0.19805853779536173,0.46478943638680265,0.19476405287885182
68,0.09603264430437844,0.6200054987235226,0.1934123237056706,0.0905495332664287
69,0.7295999413089158,0.04395666548607286,0.19959598874689916,0.026847404458112435
70,0.13452759053610078,0.39059131707024203,0.36318961350884155,0.11169147888481581
71,0.09611439215815838,0.07641827481377579,0.38511251464143453,0.4423548183866315
72,0.120896276019789,0.6383413518913165,0.1431487169645311,0.09761365512436343
73,0.13527508048019793,0.25614512243432014,0.44107376374384244,0.16750603334163933
74,0.10304760215916378,0.6461989377895703,0.1682525602972964,0.08250089975396972
75,0.09437525544774404,0.09229746989248237,0.38931632472706545,0.42401094993270794
76,0.09939815904835983,0.08155909117638604,0.3873884822443676,0.4316542675308869
77,0.1274120420840671,0.6163922138104678,0.15891047457068344,0.09728526953478173
78,0.10749455264442775,0.11542780815663731,0.45598646480771327,0.32109117439122153
79,0.14736666667567283,0.6651203193883659,0.1146232988291295,0.07288971510683166
80,0.09546310903869445,0.6426857052450272,0.17229705010333476,0.0895541356129435
81,0.4173384194740903,0.15006311532783137,0.36228947235082853,0.07030899284724951
82,0.497960431043817,0.11660650908527526,0.3277682424592718,0.057664817411635774
83,0.09301246132991332,0.09792291185598796,0.3654002647777114,0.44366436203638737
84,0.14427798333326455,0.34590752576253303,0.38941193653467004,0.12040255436953194
85,0.10117985309528475,0.06966827587985679,0.3753674502526469,0.4537844207722115
86,0.10944641510486448,0.6296579454912412,0.14465701466303807,0.11623862474085615
87,0.09703779212477613,0.07841400297244357,0.37269838904954466,0.45184981585323564
88,0.09039207844265143,0.7073083327340043,0.11927812837790111,0.08302146044544349
89,0.088833948681903,0.7268065503262704,0.11172932187919113,0.07263017911263533
90,0.14171625841139235,0.3924720645566977,0.3584096344168855,0.10740204261502431
91,0.0941013790956198,0.10192430824273543,0.40364434209496164,0.40032997056668296
92,0.1758270408286536,0.47225890776840573,0.27568667954164316,0.0762273718612975
93,0.10674707542959602,0.10235359821371218,0.45109245366412476,0.3398068726925674
94,0.3597575052625271,0.24616989175946102,0.31756732382191677,0.07650527915609535
95,0.1318975677744532,0.2498685904986031,0.4486935865723371,0.1695402551546069
96,0.11556871979023309,0.1869243486386217,0.47018257202605546,0.22732435954508987
97,0.12407677191305205,0.16761448962218764,0.4778481120007427,0.23046062646401744
98,0.1095234048169728,0.08747162303655716,0.40399655225193115,0.39900841989453883
99,0.16400429307627842,0.46196378191067594,0.29156728544573246,0.0824646395673131
100,0.11018113614602348,0.1768854747182587,0.4729389744488844,0.2399944146868336
101,0.1061305518355219,0.14851269325089,0.4707465205638671,0.2746102343497206
102,0.1171576288541628,0.6081382210061352,0.18941022643891312,0.08529392370078913
103,0.08719190367419717,0.6762211658118673,0.1440857153522931,0.09250121516164227
104,0.09666640940509297,0.0744703647362941,0.3710293271550991,0.4578338987035141
105,0.08893969304317213,0.7048580846790904,0.11519653317663518,0.09100568910110202
106,0.4315778157268491,0.14766986248358757,0.3517503349333409,0.06900198685622198
107,0.11389697950496074,0.04469524257949771,0.3756322836156711,0.46577549429987075
108,0.0971458579276898,0.08763479475411132,0.3695627097975453,0.4456566375206534
109,0.15879553338661562,0.45576573775960216,0.299473843710601,0.08596488514318125
110,0.1123053644642364,0.15235705364645272,0.46622659349953854,0.26911098838977215
111,0.10777815015150537,0.0857790584977662,0.3911637038688994,0.41527908748182873
112,0.13795167270419054,0.6439438142685544,0.14032160780028186,0.07778290522697322
113,0.14191205499937715,0.6692991824802482,0.12210722406635574,0.06668153845401864
114,0.09167158151984589,0.6580701294323593,0.16193356016726632,0.08832472888052834
115,0.09341345084062234,0.08458105512190771,0.37306065749276357,0.44894483654470635
116,0.09737480691673228,0.09157696473607696,0.4008992056885163,0.4101490226586748
117,0.09374593753499834,0.0741814620541429,0.3746245727611129,0.45744802764974596
118,0.17899111387977648,0.4792638374133287,0.26738727433715087,0.07435777436974401
119,0.09973312108050335,0.0741104957688662,0.38375560950731274,0.4424007736433177
120,0.3261790771761835,0.28608258242119305,0.3111157366192417,0.07662260378338182
121,0.14292469733628582,0.08184303629714577,0.4582278734110535,0.3170043929555149
122,0.1010795436909454,0.08339424575846842,0.3952948425346027,0.4202313680159833
123,0.1434593204037061,0.3947049220891206,0.3552886412082516,0.10654711629892163
124,0.10496235630331949,0.08237426769165652,0.4426027153603882,0.37006066064463566
125,0.1153687438256467,0.1425391197708475,0.47148149647665527,0.2706106399268503
126,0.1410918600617018,0.42496722458845215,0.3342759018434391,0.09966501350640755
127,0.1102278212309944,0.4705448586142639,0.3028074122064872,0.11641990794825466
128,0.13449508995998652,0.6635825920150032,0.12435457303363896,0.07756774499137135
129,0.129633865114017,0.3473013223373231,0.39425845409555565,0.12880635845310448
130,0.1083622614986398,0.23197646504807853,0.45121154309758266,0.20844973035569886
131,0.13195407658958816,0.3707427353353013,0.3766999311733999,0.1206032569017104
132,0.09673929804975577,0.08900817734476837,0.3923635844807081,0.42188894012476774
133,0.14642902960559548,0.43297453835237004,0.3260547347386728,0.09454169730336151
134,0.1028225458899038,0.6999802071591594,0.12485231816020971,0.07234492879072693
135,0.4474824078513973,0.06329356682459321,0.38076401017277806,0.1084600151512315
136,0.11425479303619433,0.6948272508975508,0.10790722317890286,0.083010732887352
137,0.99993672035627,3.864382992261628e-08,6.313296599746983e-05,1.0803390279308669e-07
138,0.09765502972304081,0.6924966896089265,0.1295070735210423,0.08034120714699046
139,0.1009263964258419,0.6483349897038864,0.15829969244652384,0.09243892142374786
140,0.163042607870866,0.6062581819872217,0.15042226671145562,0.08027694343045669
141,0.09374393659107827,0.6984898163069218,0.13094848325343292,0.07681776384856717
142,0.09881041317003027,0.07872749079375978,0.39353523418692515,0.42892686184928464
143,0.09420484397453578,0.08371988299042342,0.3797455707657587,0.4423297022692821
144,0.10910597284378261,0.09668696070163174,0.39240358743702,0.40180347901756563
145,0.11398987070752882,0.21302062158476523,0.4661938801906759,0.20679562751703012
146,0.0962945672327443,0.7109249837926526,0.11577270681654038,0.07700774215806314
147,0.1357580915011373,0.6331800791390755,0.14950436625221275,0.08155746310757454
148,0.09539480137894447,0.08164637833859194,0.3741067465749694,0.44885207370749414
149,0.14889868510239596,0.4096331180192798,0.34083431893521166,0.1006338779431123
150,0.4144490607754222,0.18063965910949412,0.3336274358996438,0.07128384421543978
151,0.08956566655449134,0.6623695225807921,0.157828838885535,0.09023597197918123
152,0.1202463770118693,0.6530883744774677,0.13414652538268318,0.09251872312797998
153,0.10314142695086576,0.09977600785835772,0.44731102009745355,0.34977154509332303
154,0.11314299492957032,0.16428263193269863,0.46533226922694065,0.2572421039107903
155,0.1418295016205473,0.39291888603801056,0.35629313068154594,0.10895848165989544
156,0.1090831706981444,0.6371616499758769,0.14459153541489125,0.10916364391108754
157,0.12054229490346853,0.6630233698004324,0.13797434393102936,0.0784599913650696
158,0.09477394451405513,0.08561217166972908,0.3734396710848689,0.4461742127313468
159,0.1418461945616942,0.42034930543267396,0.3375724301770566,0.10023206982857505
160,0.09276994702443664,0.0776067326336845,0.38223783949943857,0.44738548084244
161,0.09732683830098038,0.6997138422074397,0.12807605901091335,0.07488326048066668
162,0.10149433726465658,0.7159157944590413,0.10668765589579908,0.07590221238050315
163,0.09769662911935467,0.0768080153818981,0.386430227016864,0.43906512848188317
164,0.4323929418260191,0.11756602935299641,0.38011003843952096,0.06993099038146354
165,0.10562191909991836,0.646926367515377,0.16279747346827267,0.08465423991643216
166,0.09349441849858747,0.6226891265174856,0.18703610852511324,0.09678034645881375
167,0.09427241808729378,0.07982713102819639,0.37963678046221483,0.44626367042229453
168,0.3747871513144842,0.2192370606455773,0.3307849457343954,0.07519084230554321
169,0.13639804316456694,0.0774066433110126,0.4421792813825866,0.3440160321418341
170,0.10437889443942723,0.06951389273402533,0.3790388759555771,0.44706833687097036
171,0.6185663825054603,0.07492959716909227,0.2658541695529834,0.0406498507724639
172,0.11015288439981834,0.09974347624174597,0.4455970802055546,0.34450655915288086
173,0.09508418500210358,0.07717002152288317,0.36804375900484104,0.4597020344701725
174,0.09422146981893868,0.08862484316588029,0.38909855867808724,0.4280551283370935
175,0.12160147987494446,0.2883898267565658,0.43351192786999443,0.15649676549849542
176,0.1163940874754707,0.6467766233382436,0.15811517352227913,0.07871411566400648
177,0.09918564356998295,0.10190297056559318,0.4026945080330271,0.3962168778313966
178,0.11252454410955863,0.6423109307226424,0.15552399927227448,0.08964052589552438
179,0.09530139238975668,0.08476178252520322,0.373750868804052,0.44618595628098795
180,0.1325335118222267,0.26585595571808035,0.4366339418202904,0.16497659063940254
181,0.10376946666377476,0.0862137418440595,0.392001338720104,0.41801545277206203
182,0.0924201397219931,0.0749011521086382,0.36802042514056377,0.46465828302880463
183,0.5758631409976213,0.09426322860475321,0.2831727722161851,0.046700858181440305
184,0.0978717416495696,0.08830236981569711,0.396039760058453,0.4177861284762803
185,0.09944018249996699,0.06823727824508807,0.3717789998855291,0.4605435393694157
186,0.3649003125319503,0.2384818184906716,0.321627058091114,0.07499081088626353
187,0.13849936875264118,0.5869676804097859,0.18927085870552343,0.08526209213204994
188,0.14451184729030675,0.619390917715973,0.15705713872254767,0.07904009627117238
189,0.108647337702282,0.07642713398955378,0.3841408401358034,0.430784688172361
190,0.09422445743742577,0.07256942232224749,0.3729914642942646,0.46021465594606226
191,0.13335868461038725,0.37785626233235536,0.37160062298912133,0.1171844300681362
192,0.17280021566602544,0.4882237255878998,0.2648769017706789,0.07409915697539612
193,0.10693948171428803,0.08207181122747442,0.4315751778497225,0.37941352920851507
194,0.09028058760961728,0.6444850105641126,0.16971793883179673,0.09551646299447354
195,0.1468302676729796,0.4115990603286388,0.338819832343887,0.10275083965449476
196,0.11400387461064299,0.10324327889499384,0.4671206137145646,0.3156322327797988
197,0.09393074748527665,0.08651086943722633,0.38473254984257055,0.43482583323492663
198,0.1420352217362857,0.42865285730214436,0.3315786086316149,0.09773331232995477
199,0.10446527878041989,0.6224297656890599,0.166292638379477,0.10681231715104311
200,0.3853472968183121,0.21019960413560898,0.33110589645485317,0.0733472025912257
201,0.10046172491962917,0.06803850445928825,0.36280978037408584,0.46868999024699676
202,0.10406710488341478,0.0829835379590161,0.36887840019259793,0.44407095696497095
203,0.15315580476066717,0.42251708494120105,0.3269208333241907,0.0974062769739413
204,0.09122411992546234,0.6688986451840587,0.15652719782771754,0.0833500370627612
205,0.10968143176720352,0.1311698280229401,0.46373094052806024,0.29541779968179593
206,0.1163383294639758,0.0794274983748903,0.39734996634944436,0.4068842058116893
207,0.5789681945465895,0.0745615282279059,0.30108660675717047,0.045383670468334115
208,0.1104823540983739,0.2198602191915415,0.4586702823552128,0.21098714435487195
209,0.16269298963942216,0.4297424544080672,0.3179170640374466,0.08964749191506387
210,0.12425013322608805,0.4247849852584483,0.3302888396175417,0.12067604189792193
211,0.10203082907892513,0.6921861282727794,0.13531480969222207,0.07046823295607346
212,0.10680268733891024,0.16318849991882955,0.4682652527950934,0.2617435599471668
213,0.09859905834746194,0.0816847247871,0.38651922752168794,0.43319698934374995
214,0.12933895878639481,0.20856659706131114,0.46655268565445124,0.19554175849784236
215,0.11507779789713315,0.17209446558598654,0.4757409928540916,0.23708674366278856
216,0.36903809906733365,0.2786334429285018,0.2952812876345916,0.057047170369573026
217,0.1060632388815828,0.6426603992996803,0.15435515948486397,0.09692120233387294
218,0.4925738780261945,0.09587218205874078,0.35175057077939736,0.0598033691356672
219,0.2789835937095606,0.36186188978955297,0.2842230022693588,0.0749315142315276
220,0.18590930884348317,0.4726908881356316,0.2679053902207053,0.07349441280018008
221,0.11991719057187904,0.687172535559144,0.12390003086873375,0.06901024300024367
222,0.09504992419682569,0.0784838525422682,0.3816161043881058,0.44485011887280007
223,0.12041373653227568,0.11726964521492315,0.4741693430385941,0.28814727521420713
224,0.17752027518895558,0.47432041805060243,0.27268535238792907,0.07547395437251297
225,0.09617129914784334,0.07718235310170626,0.3774397347682144,0.44920661298223585
226,0.0900217303402069,0.679935670264549,0.1449137142796974,0.08512888511554674
227,0.0967959637012869,0.6270491247458695,0.18910423841365848,0.08705067313918485
228,0.1177484332095242,0.14622329942714327,0.46716129366835757,0.2688669736949749
229,0.13615893531654796,0.15871291166895615,0.47648362235646,0.22864453065803547
230,0.09421950958524851,0.06602760652059843,0.35622902251141075,0.48352386138274267
231,0.0980087697024963,0.06893450915887232,0.3575548613827973,0.47550185975583414
232,0.09397764556621817,0.07550926989214773,0.37361705097809406,0.4568960335635401
233,0.09431394893485574,0.07342704127817351,0.36410059759401303,0.4681584121929578
234,0.1122030061393568,0.10378566921013319,0.4152088312161677,0.36880249343434224
235,0.11071751690455538,0.08542961779570382,0.39508019571494024,0.4087726695848008
236,0.4409894071878055,0.16587368912319042,0.32647175484614227,0.06666514884286183
237,0.11669914529064124,0.665359732375574,0.12820264387153668,0.08973847846224801
238,0.0893189022574747,0.7100610528634378,0.1220100313839459,0.07861001349514171
239,0.10733957767111267,0.6406346160952516,0.16287593701428393,0.0891498692193521
240,0.12556906810922544,0.6209313603418967,0.15227389283297643,0.10122567871590174
241,0.1440097638269836,0.4021927223468916,0.3493567670993104,0.10444074672681457
242,0.17205821703720375,0.4569437773409736,0.28909837056598126,0.08189963505584127
243,0.14519333575021606,0.420036698254845,0.3355688972967427,0.09920106869819623
244,0.11639370490386804,0.6342781278673524,0.16299240622996258,0.0863357609988173
245,0.09859210518832102,0.08857664753291476,0.40454237264488013,0.40828887463388425
246,0.1219645231456316,0.31953232678364946,0.41275245706198327,0.14575069300873605
247,0.5238255511229284,0.08194352024686563,0.3411498462707398,0.0530810823594661
248,0.10569854088794817,0.668446915502389,0.13175982295425478,0.09409472065540818
249,0.10384620106166773,0.6615990491409689,0.14668671060336422,0.08786803919399884
250,0.43338391772175794,0.15416608663409542,0.34518965440782867,0.0672603412363178
251,0.09865996648625015,0.7216614393545187,0.10437017773159847,0.07530841642763267
252,0.1380197977788491,0.6404104050988971,0.1354597812891202,0.08611001583313392
253,0.13888456542845942,0.331208543946476,0.39971346515450396,0.13019342547056056
254,0.18169864502500485,0.4755733374675026,0.2680388973790326,0.07468912012845988
255,0.13261108056862553,0.27851507451484414,0.43236978722883057,0.15650405768770012
256,0.13755229519878137,0.24307015937726661,0.45378428098185863,0.16559326444209324
257,0.0880293330009307,0.6621942031524879,0.15778691102456072,0.09198955282202095
258,0.13313545466518634,0.6250731410879679,0.15514946059948206,0.08664194364736387
259,0.11480917677287382,0.589640971578965,0.20957167880273936,0.085978172845422
260,0.09779649484301509,0.0732013557736296,0.3796720300899701,0.44933011929338545
261,0.09444048919806011,0.08473951996808268,0.38404680037099054,0.43677319046286656
262,0.15475556855896172,0.4253340347032111,0.3271864329439241,0.0927239637939035
263,0.09254184159653255,0.08494476959097326,0.3841784835377816,0.43833490527471247
264,0.14048122023296417,0.6655405384096716,0.11269092069526467,0.08128732066209951
265,0.10819637914181411,0.09432430062991896,0.39178245493970537,0.40569686528856136
266,0.15453128137996722,0.6380001601927694,0.1357467095649307,0.07172184886233256
267,0.8910350648605783,0.004138051363521178,0.08500143296864542,0.019825450807255323
268,0.09716836088030048,0.09116828287805087,0.39184775533516397,0.4198156009064845
269,0.13900125916402692,0.3601863096311031,0.38164783327718516,0.1191645979276848
270,0.09524017710151234,0.07311079453935455,0.3739745442739342,0.4576744840851985
271,0.42750243843095653,0.126764855620395,0.3760842229933827,0.06964848295526592
272,0.12468393625753928,0.11383712509100498,0.47934086878414306,0.2821380698673124
273,0.999999656327935,3.3333585495225094e-08,2.1033837463361778e-07,1.0000010509813739e-07
274,0.13721399703296386,0.33979090882508545,0.39494271970238815,0.12805237443956272
275,0.08817079482903788,0.6187070445831243,0.18287390009760146,0.11024826049023662
276,0.1043472816843045,0.08160187870508687,0.3897256556642259,0.42432518394638297
277,0.3783552267258217,0.20891160283858193,0.3365942983726326,0.07613887206296356
278,0.10986812833787792,0.08068863427693188,0.4020387234436799,0.4074045139415102
279,0.13936120270345054,0.6618279816320941,0.12381674832266115,0.07499406734179409
280,0.09838541211030441,0.10546093385503282,0.3863830924155458,0.409770561619117
281,0.0923627445688028,0.6956175528254998,0.13362781744281277,0.0783918851628847
282,0.12493888661463995,0.16772777828914115,0.47967774333506197,0.22765559176115716
283,0.09930327700083277,0.732557823408617,0.09935036400002524,0.06878853559052461
284,0.0974613347769606,0.09087920016654984,0.3986009868587136,0.41305847819777625
285,0.14223024864868727,0.6653452642062698,0.12542599369047247,0.06699849345457028
286,0.11059650225216149,0.712368653031366,0.1065437862574153,0.07049105845905755
287,0.1029230978521693,0.08559131981728872,0.38554026855167056,0.4259453137788714
288,0.10967009173372268,0.661570930199873,0.1283430861872803,0.10041589187912442
289,0.16084516247255,0.5938154129792333,0.15267253713363607,0.09266688741458073
290,0.13154408519523839,0.26867491685354594,0.4418084110376611,0.1579725869135546
291,0.11817433283129457,0.27698036700943307,0.43738282514052385,0.16746247501874803
292,0.1253686033610079,0.6374292851362228,0.15249321203152785,0.08470889947124147
293,0.10038078868649004,0.07762698773942417,0.3834387946197555,0.43855342895433047
294,0.11662734873482634,0.6402884717946105,0.16688115148782723,0.07620302798273622
295,0.16917311682696878,0.47756081463472044,0.27610955785898383,0.07715651067932695
296,0.4642330814912276,0.14447547310785935,0.3268487830433658,0.06444266235754739
297,0.09430043766837495,0.07967461700867651,0.38069517717411266,0.44532976814883574
298,0.11042339861857055,0.6638314414745371,0.1360828599147746,0.08966229999211792
299,0.09333091105708491,0.08849955514590879,0.37168470786895996,0.4464848259280461
300,0.15132687052909632,0.3820683690100169,0.3611297559092228,0.10547500455166403
301,0.09537868315652749,0.6812018583803394,0.14276828442499,0.08065117403814324
302,0.13688995721071784,0.3892694629805952,0.36386212574961857,0.10997845405906846
303,0.10879745058954286,0.10808479182284979,0.461358702160262,0.3217590554273451
304,0.12112115880238221,0.18366123630622255,0.47633643392997393,0.21888117096142137
305,0.11651396933155711,0.6738494744496855,0.12453439638812355,0.08510215983063356
