,proba_0,proba_1,proba_2,proba_3
0,0.01690026186469455,0.028052572410689026,0.6110949170634852,0.34395224866113133
1,0.0300307056309438,0.8826970965858771,0.06556157763670166,0.021710620146477514
2,0.01038417324253826,0.09987995712189753,0.22645818906362897,0.6632776805719353
3,0.04597069427800782,0.8085671972954245,0.11420647876681296,0.031255629659754834
4,0.007785792650681727,0.14633780584048678,0.17165679979363485,0.6742196017151967
5,0.022263128053401932,0.8413974341258895,0.09836415300385093,0.037975284816857476
6,0.010995178955155541,0.04572759175088124,0.563280217980198,0.37999701131376523
7,0.011430316188222243,0.04871037122344581,0.570019732126214,0.369839580462118
8,0.005475547819229646,0.0654957321114291,0.2213475650100444,0.7076811550592969
9,0.04295637345245897,0.8219450718756488,0.11581326271659767,0.019285291955294517
10,0.4128969567707046,0.09331992057043502,0.33673194886659724,0.15705117379226313
11,0.01766328885742522,0.06513841036622146,0.5518173456195085,0.36538095515684477
12,0.07318606322464556,0.5282811080728598,0.3299605461933389,0.0685722825091556
13,0.008669959665495027,0.06551137646859138,0.24262018185378595,0.6831984820121277
14,0.045800391523806515,0.36182815470298224,0.48172992502742784,0.11064152874578345
15,0.007563215637681224,0.0598573794984886,0.2451009655506137,0.6874784393132165
16,0.04736017201280565,0.8744435070593629,0.05265157174489482,0.02554474918293662
17,0.03682769077095301,0.880817174155236,0.06650275735787442,0.015852377715936464
18,0.00678685670839886,0.06886832034187053,0.2374444061431345,0.6869004168065962
19,0.01394030356633483,0.042970096993274844,0.6643709854082407,0.27871861403214965
20,0.0467445210539308,0.9009101747225673,0.041623177237256025,0.010722126986245872
21,0.043414792496193635,0.5550742387187451,0.26908446746151815,0.13242650132354328
22,0.007017607524818142,0.07283634457081821,0.18954608614313287,0.7305999617612308
23,0.006208907447818688,0.06313698103112358,0.2628827257894094,0.6677713857316483
24,0.02180908492613302,0.08692942824640754,0.716458052683483,0.17480343414397653
25,0.05208919640369116,0.2768247222330766,0.5188378398936323,0.1522482414696
26,0.3544817283473423,0.1628011960458738,0.4038677849299841,0.07884929067679969
27,0.033097630899777464,0.14849400085454945,0.5977098368694161,0.22069853137625678
28,0.009630107098740976,0.061801990759411604,0.2490558284476891,0.6795120736941583
29,0.044635375029484184,0.7583616187413857,0.14905278107161904,0.047950225157511184
30,0.006212153933369335,0.0625469970948345,0.22485428502693586,0.7063865639448603
31,1.964621188069772e-05,2.3756729231124127e-09,0.002519029722380642,0.9974613216900657
32,0.028845615899879155,0.018394553991319982,0.6245621484879852,0.3281976816208157
33,0.006541876478762734,0.05945015558040102,0.26335987475004013,0.6706480931907961
34,0.007673193715389212,0.07656670935817349,0.21930281731381904,0.6964572796126183
35,0.01133415709577441,0.06406549656104424,0.20030259430439196,0.7242977520387894
36,0.024168477958122978,0.8494063629313318,0.08318199593452573,0.04324316317601954
37,0.05745431694456184,0.36017231875392397,0.44925621764033713,0.13311714666117702
38,0.007540557084170818,0.046022697570109676,0.20013779007446048,0.746298955271259
39,0.039049076176994976,0.7989945977052683,0.12617527110585572,0.035781055011880926
40,0.0097471947541031,0.07354534787255214,0.2589528479476385,0.6577546094257063
41,0.008244041893442092,0.056209677830140706,0.23059971248839667,0.7049465677880206
42,0.008259306164497802,0.06681901546891877,0.2214329728167407,0.7034887055498428
43,0.00672350275002204,0.07237587925770252,0.23576515019490804,0.6851354677973674
44,0.04743883544530268,0.2851197700134122,0.46298670359474486,0.20445469094654023
45,0.03918443149122323,0.8415816593236993,0.0892939793519467,0.029939929833130766
46,0.006279305959342704,0.11293855746382012,0.1777991074568072,0.70298302912003
47,0.38543936999503753,0.1295997616928069,0.4118661569108982,0.07309471140125738
48,0.006641361135090267,0.09396906425136942,0.2643616689946278,0.6350279056189124
49,0.006384124844931962,0.05896633516841829,0.22249910363555458,0.7121504363510952
50,0.05376357405905763,0.3206733417087674,0.5075694638966034,0.11799362033557154
51,0.006292294337228294,0.052771159632472434,0.1934578164273622,0.747478729602937
52,0.39768495448160496,0.08108080660076294,0.4123334312777131,0.10890080763991886
53,0.03029671850709354,0.8281767581689066,0.09914745942607474,0.04237906389792525
54,0.03953811546977861,0.8632192072226722,0.07380020481875937,0.023442472488789824
55,0.01242009997732689,0.09493577503520752,0.14186134445557563,0.75078278053189
56,0.029517997821517383,0.07635043975318945,0.6640589774956501,0.23007258492964316
57,0.04413089586587728,0.8350746404548508,0.09820309114132066,0.02259137253795119
58,0.046807845411882876,0.8829262833802496,0.04877517847582583,0.021490692732041704
59,0.04169129242657522,0.18874377702453243,0.6244860638509471,0.14507886669794526
60,0.3837723524049159,0.12652737708430814,0.4151678637800967,0.07453240673067921
61,0.04633257515172834,0.2224459788209386,0.5551106785303511,0.17611076749698204
62,0.030317988572223335,0.7444247394773061,0.15174104583717807,0.07351622611329252
63,0.028390520525337956,0.8460770561555251,0.10364578202777781,0.021886641291359227
64,0.05553686172307293,0.3571324877205877,0.45573726078620536,0.13159338977013404
65,0.032467801892618074,0.8987766477489645,0.04845418566776097,0.02030136469065638
66,0.05276221658434013,0.29681206981402974,0.4827890639055089,0.1676366496961212
67,0.04934587697838084,0.142727389644259,0.6003272225777053,0.20759951079965483
68,0.030069739781773408,0.7685668196266275,0.1499593344008773,0.05140410619072189
69,0.4581549200659992,0.09666671961407537,0.3491602168475911,0.09601814347233421
70,0.042471302687051696,0.3381481964490059,0.4762918011031107,0.14308869976083172
71,0.007259261047474488,0.07344509791053982,0.26955093174163314,0.6497447093003526
72,0.046380157397971813,0.895138327603754,0.042560828254427044,0.01592068674384722
73,0.04680213355984328,0.18493760798692344,0.5577580159417344,0.21050224251149904
74,0.03618990413299722,0.8308061315690684,0.10460793717469782,0.028396027123236647
75,0.007056241740565609,0.09540458358019879,0.22546000395988453,0.672079170719351
76,0.0086484294610941,0.06300607162102506,0.2567830076165311,0.6715624913013496
77,0.05107859481045571,0.8698796474086781,0.04962314049032545,0.02941861729054084
78,0.01327481875509695,0.05408099224734592,0.5562072045030089,0.37643698449454827
79,0.05176723930778267,0.9036284399859053,0.032011880972561226,0.012592439733751053
80,0.03079948928461221,0.8337192983699211,0.10879580674868634,0.02668540559678042
81,0.3133778714674313,0.22394866451808296,0.3693091913928193,0.09336427262166642
82,0.3758864001557135,0.2284294253375959,0.3227093133686297,0.0729748611380609
83,0.0069882413670224585,0.16207421828205895,0.11533533995660367,0.715602200394315
84,0.058666308624313775,0.2900116640030161,0.5167280714902076,0.13459395588246256
85,0.008263454115089691,0.05011024946524915,0.20571810044835706,0.7359081959713041
86,0.033782570942699444,0.8707823607151035,0.05093935022142202,0.04449571812077503
87,0.0063555983828613586,0.08541142460390337,0.21970195721527971,0.6885310197979555
88,0.024717090007941964,0.8940006746273286,0.05114066381106386,0.030141571553665522
89,0.026778417923010576,0.8948362549611079,0.06070148794612984,0.01768383916975181
90,0.05428531215851339,0.36972861192006823,0.44573924019603584,0.13024683572538265
91,0.008384973142540149,0.10677213139168165,0.2654082763193199,0.6194346191464583
92,0.06798853797976327,0.4846089388152809,0.3700840679681052,0.07731845523685069
93,0.012928993352316957,0.05713769884409415,0.6961632070411308,0.2337701007624581
94,0.24244336635988697,0.47132180711759597,0.21869670990721982,0.0675381166152972
95,0.03430923100205282,0.16709713936600357,0.5326091771487214,0.2659844524832224
96,0.025220084365328153,0.13282752016286178,0.6017557620719594,0.2401966333998507
97,0.02928443043836987,0.09564817405402529,0.6477975513892269,0.22726984411837786
98,0.013446350271502818,0.07165173437769665,0.22609805394112809,0.6888038614096724
99,0.06619141052619415,0.4786877508468496,0.3642702641283455,0.09085057449861067
100,0.018749810920031282,0.11291947909526423,0.6002495247252904,0.26808118525941405
101,0.014100380639060823,0.07831389080241861,0.5999191819529228,0.30766654660559783
102,0.040110271694142656,0.7978724434478569,0.12460247648005708,0.03741480837794333
103,0.02440087230513496,0.8665412638706803,0.08269848362325916,0.0263593802009255
104,0.007101049078389707,0.06452253445054304,0.21643033640763387,0.7119460800634333
105,0.019762295757855142,0.8944430032808635,0.06254302156482253,0.023251679396458915
106,0.328897785536834,0.3470069133578239,0.23756285259507837,0.08653244851026382
107,0.0045764395268436,0.015997951517968106,0.7125648680995736,0.26686074085561456
108,0.006865689114780478,0.11901468758304913,0.138464998568203,0.7356546247339674
109,0.06350011310145637,0.43183019248994975,0.41480504842388155,0.08986464598471237
110,0.019293189981344477,0.0862798498175155,0.5518764520631874,0.3425505081379525
111,0.011788594444004265,0.0694156553782481,0.20479814222693524,0.7139976079508124
112,0.04549433148116778,0.8690626795551734,0.06428575313163562,0.021157235832023214
113,0.05223922697615491,0.8473206292566726,0.08104090960679054,0.01939923416038201
114,0.028064795549235484,0.8599150181028177,0.08675321650737294,0.025266969840573965
115,0.006818668465141519,0.08271303196813681,0.15007045556128307,0.7603978440054385
116,0.009519126723120904,0.08471788017314513,0.2545420252586455,0.6512209678450884
117,0.006397849083966009,0.07396152710514284,0.2253949041471027,0.6942457196637885
118,0.06851353909266143,0.5032286392718779,0.34785220328158056,0.08040561835388
119,0.007373010280355528,0.06649143429050156,0.26600424352518115,0.6601313119039618
120,0.22390344519855981,0.48690218049213574,0.23394470736148482,0.055249666947819694
121,0.0297775835524506,0.037950645309880265,0.8084764844280553,0.12379528670961389
122,0.009987236722391903,0.06167815899623011,0.21739435709726698,0.710940247184111
123,0.05209172931392916,0.37308206037914804,0.4406714021152716,0.1341548081916512
124,0.00889405415524203,0.031470104550355524,0.6650543967098744,0.29458144458452795
125,0.02109087241775227,0.08214778931405502,0.5637881671034356,0.3329731711647572
126,0.047558875684337976,0.3993824502150204,0.4206275262591602,0.13243114784148152
127,0.035552166714949276,0.5812233140552037,0.2575715987310475,0.12565292049879945
128,0.04139593441831806,0.883604623659396,0.05843679385016839,0.016562648072117603
129,0.041048440159386836,0.2860848998504033,0.5161434294736973,0.15672323051651266
130,0.020683362382750838,0.16978107265455422,0.5104208103650404,0.2991147545976545
131,0.04203725959984619,0.3161429617345462,0.48867728581289055,0.1531424928527171
132,0.008421436265707004,0.0838427608370959,0.23185107402356206,0.6758847288736349
133,0.05064730022069105,0.40610345870101255,0.4340783552127491,0.10917088586554723
134,0.033733020518329535,0.8719336341518957,0.07727141707401039,0.017061928255764386
135,0.5314921306418302,0.045357549617705724,0.20583486917115282,0.21731545056931134
136,0.041176224042812,0.9078733572380161,0.03460995549392839,0.016340463225243542
137,0.000660064001323961,6.531430755263471e-08,0.010203409636059734,0.9891364610483088
138,0.03278321912162682,0.8945959822112705,0.05511950400771965,0.017501294659383028
139,0.035879217628458755,0.8442606244783122,0.08229927425975758,0.03756088363347155
140,0.05738159684493159,0.8733171673607766,0.04834014738582461,0.02096108840846722
141,0.028397607679054408,0.8615188403477377,0.08590048194271016,0.024183070030497824
142,0.009761155041131456,0.06700967655720173,0.24828892941982175,0.674940238981845
143,0.006424029374338031,0.08042086179933707,0.23719500014426667,0.6759601086820582
144,0.012154477153044598,0.0822935853982042,0.1949299106302209,0.7106220268185303
145,0.02496643186426242,0.15098913496721117,0.5742255579706039,0.2498188751979226
146,0.0330657447030502,0.8907561446562803,0.05913192847233992,0.017046182168329715
147,0.04608619123964855,0.8543316583882767,0.07237848000258813,0.027203670369486652
148,0.007109393172109355,0.07751936609596141,0.2219517358422004,0.6934195048897288
149,0.06041051410074367,0.38446815367305304,0.44284836020385454,0.11227297202234889
150,0.31427519393581815,0.38916026045813956,0.23985258758521044,0.05671195802083187
151,0.02490006813955063,0.8494617140887897,0.09116043088896378,0.034477786882695906
152,0.04672162924266694,0.8490261411191403,0.06206932592258536,0.04218290371560722
153,0.01084205358579787,0.0494748879556376,0.5767481078139861,0.3629349506445784
154,0.019486890226261752,0.09821619208079525,0.5199161656539021,0.36238075203904097
155,0.05727539918708583,0.3797908344082486,0.42718703062757524,0.13574673577709034
156,0.03419036204404997,0.8707159049785459,0.06041562726178933,0.034678105715614936
157,0.039762097298250317,0.8520673750295311,0.08263029724454694,0.025540230427671506
158,0.007050169722960864,0.11109561378850759,0.16772411702605572,0.7141300994624759
159,0.04682628250737368,0.35881490420298995,0.4815645938385639,0.11279421945107254
160,0.006483939139932568,0.07065164630065085,0.26743534595001345,0.6554290686094031
161,0.035120790585556734,0.8451328340128247,0.09413254725151293,0.0256138281501058
162,0.029692294702643833,0.9172715361882067,0.03826063804063129,0.014775531068518187
163,0.008140929801457236,0.06093167531294281,0.2604158527230821,0.6705115421625178
164,0.3310518583253287,0.1818595436493725,0.3493657537838479,0.13772284424145087
165,0.035313097177918716,0.8491809101200513,0.08536798465461203,0.03013800804741797
166,0.028140123876203425,0.7991371048739647,0.12306846930355761,0.04965430194627421
167,0.007398543765386777,0.07972691192313662,0.2161782029645648,0.6966963413469118
168,0.26345400680564707,0.39541432579431074,0.27697143250101885,0.06416023489902346
169,0.01090986924937277,0.0330643265979276,0.624792866610452,0.3312329375422477
170,0.010200023528063975,0.05789789999756804,0.1656239279919952,0.7662781484823729
171,0.43653766936197874,0.17656813976743801,0.31282984447767775,0.07406434639290556
172,0.011458907832141318,0.0398039264332653,0.5281991481356313,0.42053801759896214
173,0.006601234311883449,0.0642380279125947,0.2062093087175214,0.7229514290580006
174,0.007090276254547019,0.09033801856745176,0.24656541294144016,0.6560062922365612
175,0.032211760932004924,0.22241023381601074,0.5603271365123821,0.1850508687396023
176,0.03936902707332786,0.8471007758789063,0.08601115380960243,0.02751904323816339
177,0.010035208780888248,0.08780517534714273,0.22841680845504783,0.673742807416921
178,0.04440803641998883,0.8168411393679856,0.10339204879959964,0.03535877541242595
179,0.006760744435271554,0.13478182116091983,0.23713236969903387,0.6213250647047748
180,0.04556524321239278,0.19200041007986912,0.5666732054754504,0.19576114123228758
181,0.010832163406855907,0.06741164917755474,0.176978302346857,0.7447778850687324
182,0.005587583780032733,0.0717092693911922,0.22612815244034232,0.6965749943884327
183,0.41295005036310145,0.2238722049976851,0.30260282757640594,0.06057491706280754
184,0.009497279025595377,0.07780096008879964,0.24075741401026288,0.6719443468753421
185,0.006727513185557671,0.06390117994067956,0.24154577887911866,0.6878255279946441
186,0.255830929627625,0.3814253296823567,0.30146714040260675,0.06127660028741159
187,0.04947326486494859,0.8164448808483635,0.09728016734845589,0.03680168693823196
188,0.052533543418778805,0.8451049205150768,0.07852688781017936,0.02383464825596508
189,0.011614517873671997,0.049340027274890466,0.18191752257969904,0.7571279322717385
190,0.0062105327095437046,0.06560199512345888,0.2037089188162635,0.724478553350734
191,0.04454119589274866,0.33603914292104964,0.46810106478939345,0.15131859639680825
192,0.06363267551110814,0.506174140561923,0.34734273864345233,0.08285044528351655
193,0.007321954522359207,0.03628548213095957,0.6264018699835295,0.32999069336315157
194,0.025762351884542678,0.8496235465541524,0.08543563549558388,0.039178466065720965
195,0.06257902086253123,0.3779874435601697,0.44220728726823444,0.1172262483090646
196,0.012864338026436918,0.04496737689093894,0.7521430176530397,0.1900252674295845
197,0.0064472688305637895,0.08249568557441225,0.2439900295580696,0.6670670160369543
198,0.04808109689425945,0.38318993062563905,0.4457610242561742,0.1229679482239273
199,0.03254482350789634,0.8855620270558413,0.053841838888204124,0.0280513105480582
200,0.27722362263057415,0.41631958806181557,0.24762621031972687,0.05883057898788328
201,0.006411508794455796,0.06921722827248922,0.16865307918544684,0.7557181837476081
202,0.009118300183517319,0.06901295389926623,0.13945129808964865,0.7824174478275677
203,0.07022854720187216,0.3913377736262021,0.4181746130875982,0.12025906608432754
204,0.027991792995744755,0.8380559146166672,0.10804311167928285,0.025909180708305245
205,0.016437308319699005,0.07591246009368069,0.5551022466384136,0.3525479849482066
206,0.010058245077558078,0.07058260764874365,0.18639281791383683,0.7329663293598614
207,0.39083060076099446,0.14072545457790026,0.3748049174501493,0.09363902721095597
208,0.021556659144886456,0.15460168140020147,0.5478310184423479,0.27601064101256423
209,0.06780281419617605,0.4258096474030562,0.41947169656513317,0.0869158418356346
210,0.04346633349477842,0.5373713281126269,0.27469463975212033,0.14446769864047443
211,0.038483072407749334,0.8232045648058988,0.11349987867053012,0.024812484115821886
212,0.016259799475609713,0.10321392323666095,0.5710334374361041,0.3094928398516252
213,0.00847308146524251,0.06588205818354241,0.23283194193341744,0.6928129184177977
214,0.03670045821492893,0.14951661258866442,0.6277626355264044,0.18602029367000225
215,0.021439127341622836,0.11041648226335332,0.6484362206629765,0.21970816973204743
216,0.15968016887409645,0.2901016783598179,0.41893971132579494,0.13127844144029074
217,0.03864142456326387,0.8536201981205023,0.06998631151651159,0.03775206579972213
218,0.3314933221086577,0.16880605253619263,0.3171074168817953,0.1825932084733543
219,0.1692947019619385,0.5028796210591713,0.265116233034444,0.06270944394444629
220,0.0735515933010095,0.5145738137775527,0.33430698310321977,0.07756760981821813
221,0.043638432051467425,0.8832235042325944,0.0584739545403388,0.014664109175599564
222,0.006650793923616509,0.07121631283139448,0.26193580890747026,0.6601970843375188
223,0.021145208601945263,0.0545656769570592,0.6693152505394906,0.25497386390150506
224,0.06603195321173161,0.4821020438887466,0.3749226947527158,0.07694330814680604
225,0.0068720858308490675,0.07105979174985194,0.19373313203278344,0.7283349903865155
226,0.028244733300374476,0.8721944323455081,0.07285603714973524,0.026704797204382232
227,0.02957889467256344,0.7998666110886444,0.13239653386512554,0.03815796037366643
228,0.022660115153955187,0.08692024353307219,0.6132054986348657,0.2772141426781069
229,0.04052120730167543,0.08534756418565241,0.626540932827131,0.24759029568554128
230,0.00551847998068616,0.06883014146459054,0.18611558846121892,0.7395357900935043
231,0.006524843150795143,0.059036017097910315,0.18835161399682354,0.746087525754471
232,0.0061909098943204195,0.0722320159759743,0.22267354732233915,0.6989035268073661
233,0.005459607358099046,0.07454558559173895,0.2058792180108488,0.7141155890393133
234,0.0160749587716771,0.08174876377853112,0.22985006504671426,0.6723262124030774
235,0.012602209159471743,0.05476408744966651,0.15812171789103505,0.7745119854998267
236,0.31968681000897153,0.36451761058098475,0.2637333732901454,0.052062206119898216
237,0.04505908124400967,0.8514204703011162,0.0803453417086612,0.023175106746212728
238,0.02567790067055115,0.8833866644181354,0.0684623316249296,0.02247310328638379
239,0.03373869595870897,0.8447313548386871,0.08839824470077146,0.0331317045018325
240,0.047191708698437376,0.8784666929036222,0.04523783494725994,0.0291037634506805
241,0.052021962261558106,0.38275707984716784,0.4475991458542813,0.11762181203699289
242,0.07936193092782923,0.4654820332172009,0.361800651650059,0.09335538420491102
243,0.052271051678650475,0.3877220416013434,0.42924857023435264,0.13075833648565344
244,0.0489193999293757,0.7870856118715159,0.11574186217175311,0.04825312602735525
245,0.010546980828930849,0.07143982555666606,0.2578832079519029,0.6601299856625003
246,0.033907505707975766,0.25755499988338987,0.502830922950147,0.20570657145848742
247,0.38227667076319344,0.0962036584535859,0.395573075775307,0.12594659500791372
248,0.0375960623039671,0.8869196778372678,0.0484313728393007,0.0270528870194645
249,0.030069912013563703,0.8768091924287574,0.07124972190256842,0.021871173655110467
250,0.3418389230644097,0.25733816687775113,0.3246012978487664,0.07622161220907293
251,0.02846327804292419,0.8861901703154239,0.060010300713397136,0.025336250928254814
252,0.04091420026061041,0.8785077600680472,0.0568073417334339,0.02377069793790838
253,0.05145500211737292,0.26167747191196494,0.5348598542072533,0.15200767176340882
254,0.072560934606827,0.5033954386026436,0.3416054855466027,0.08243814124392687
255,0.05212453837675164,0.25956824908478204,0.4946110450010695,0.19369616753739677
256,0.038551482977396336,0.1788574406868158,0.5985267307178657,0.18406434561792223
257,0.02633984364617087,0.8485493759949669,0.0877064530452669,0.037404327313595186
258,0.06149910214971225,0.8268048941660621,0.07403437482063636,0.03766162886358946
259,0.04482789820244958,0.7090287632719523,0.18786727627464084,0.05827606225095734
260,0.007964652398615475,0.059006141749543266,0.22078638619820568,0.7122428196536356
261,0.006900251572848817,0.08768850337996667,0.22663315084550265,0.6787780942016818
262,0.055713841820714725,0.4054734561127944,0.4431011701254286,0.09571153194106238
263,0.006918779931099306,0.07948343191790751,0.24509122067506933,0.6685065674759239
264,0.057300539862800114,0.8913908254236292,0.03671120779311169,0.014597426920458916
265,0.012036576600444205,0.07858506527166075,0.20050232504115878,0.7088760330867362
266,0.05706858556322144,0.8416391440428498,0.07454275889617326,0.026749511497755406
267,0.006305609111659476,0.0045349920642995655,0.031629705853510354,0.9575296929705306
268,0.008562794637221875,0.08134780258854894,0.24173806857790672,0.6683513341963224
269,0.05103248753712517,0.3007391760310295,0.5156405640219239,0.13258777240992137
270,0.006882313870312854,0.07144517304416763,0.24208586157845632,0.6795866515070632
271,0.32772727629425524,0.18923568584978215,0.39444240413768344,0.08859463371827912
272,0.0181303448589657,0.04942145616821243,0.6194380850967656,0.31301011387605626
273,0.00013850522943900865,2.6602253893406648e-08,3.2511399182282695e-05,0.9998289567691248
274,0.05431753765395255,0.3093767848780105,0.481900048604914,0.15440562886312306
275,0.02199046895400558,0.8492182462671897,0.08205304715697513,0.0467382376218296
276,0.010609667166873412,0.06489291071866092,0.19872119578937633,0.7257762263250893
277,0.2570719994043303,0.42861623391522696,0.24669897723136128,0.06761278944908156
278,0.013493037885979879,0.06090035887232831,0.2558776463546627,0.669728956887029
279,0.04477762124932042,0.8876758461168347,0.05638348178351311,0.011163050850331679
280,0.009969038073411313,0.16847799243902487,0.20655142799356468,0.6150015414939992
281,0.028383829023359737,0.8758255387296919,0.07178255260248083,0.02400807964446732
282,0.029474114449503503,0.09171182087499283,0.6452198076427743,0.23359425703272935
283,0.030312945411761074,0.8943160019353197,0.05913394826380517,0.01623710438911403
284,0.008455752554506828,0.0819909764966567,0.22301840862550207,0.6865348623233344
285,0.05326589469014059,0.8716144502007773,0.06249874889469515,0.012620906214386749
286,0.03546247413984275,0.9055282818234076,0.04219716433240262,0.016812079704346974
287,0.010238262616655907,0.07155639681419536,0.1627871704305793,0.7554181701385695
288,0.0368121320448292,0.9025365939959114,0.04034251490238481,0.02030875905687482
289,0.04810151860876087,0.8846430926911162,0.041526162578395746,0.025729226121727355
290,0.03824199741729769,0.2115295974242445,0.5631949037123934,0.1870335014460645
291,0.029696963927286688,0.2180734438010589,0.5300157287681074,0.22221386350354702
292,0.05679533383310792,0.8220563927451269,0.08410033788782385,0.037047935533941354
293,0.007714224982203325,0.07269240291670258,0.22883898367617028,0.6907543884249239
294,0.043097309900791116,0.8123103351854367,0.11329013584211965,0.0313022190716526
295,0.06877149101157959,0.4863213589135399,0.36349275275059,0.08141439732429051
296,0.31998007605319256,0.3969803230321471,0.22306713021738386,0.059972470697276486
297,0.006876071890641155,0.07985499171285024,0.22195405362651158,0.6913148827699971
298,0.043950814534189114,0.8720802657428844,0.05717945639923226,0.026789463323694133
299,0.006195222793888417,0.09713551302960285,0.18295271685200193,0.7137165473245068
300,0.06407072903087942,0.3420489813678949,0.4831200389266503,0.11076025067457543
301,0.033090219625632605,0.8611616559257195,0.08359940732776223,0.022148717120885755
302,0.044170126264295353,0.3406287914172773,0.48861713346096675,0.12658394885746063
303,0.013078121089839235,0.04855800300401714,0.5398829354713146,0.39848094043482896
304,0.024640076514915066,0.12427974867770633,0.6432524352670936,0.20782773954028502
305,0.03482166119815669,0.8827320809186933,0.05420373891761964,0.028242518965530386
