,proba_0,proba_1,proba_2,proba_3
0,0.16953264907830734,0.10085939766972672,0.6616969732302551,0.06791098002171042
1,0.15010422923062283,0.6599608989402022,0.1380219735830718,0.0519128982461034
2,0.10165166861344974,0.20327428103516032,0.12008825383714715,0.5749857965142429
3,0.12460816104623625,0.6604715755122763,0.1608522769550853,0.05406798648640205
4,0.1005394296369312,0.24074603296175526,0.12861623835866123,0.5300982990426525
5,0.09087503855510984,0.728172955920523,0.10137006556133263,0.079581939963035
6,0.16160004889111704,0.14158153052973713,0.6137730073949345,0.08304541318421135
7,0.1521281903942215,0.19350487872724037,0.5463130587634226,0.10805387211511563
8,0.14314042069407612,0.23212983164069426,0.18745868484150535,0.4372710628237243
9,0.1273081661156177,0.6598493208163323,0.1590225299441741,0.053819983123875675
10,0.5614122663840977,0.06455783647796982,0.3249429014923222,0.04908699564561038
11,0.15152693050945215,0.2770249889374864,0.40993899345801127,0.16150908709505019
12,0.2264606316044864,0.27942760761994656,0.3672775438674815,0.1268342169080854
13,0.1099060375982815,0.1697623382137314,0.12227052975805228,0.5980610944299348
14,0.16637923610366737,0.1936585401598141,0.5783663468456194,0.061595876890899307
15,0.15629392757830052,0.19981958435019473,0.2090584090636581,0.4348280790078466
16,0.1391061932309537,0.6893549294931671,0.11157461567090014,0.05996426160497891
17,0.14935429601785,0.6785150539384348,0.11400565455749333,0.05812499548622168
18,0.10692632753724042,0.17610997463810907,0.11959108580265955,0.5973726120219911
19,0.16457596838915442,0.090602421063752,0.6895906556767798,0.055230954870313535
20,0.16225640726839982,0.6360089887836966,0.1512132543733004,0.05052134957460291
21,0.12852652037601048,0.46029167270441523,0.2661554680592134,0.14502633886036087
22,0.11211565443581817,0.18552052140365238,0.09551414849298973,0.6068496756675399
23,0.09667207777946822,0.16924788259714546,0.10900960973261613,0.6250704298907704
24,0.15797561906001795,0.11668114695326716,0.6599414984503464,0.06540173553636851
25,0.16268508869584483,0.21718994512808112,0.5140249871937512,0.10609997898232303
26,0.453674865626718,0.15561861924364778,0.28920234791047345,0.1015041672191609
27,0.15497481371666863,0.22908201324721528,0.48732951283422365,0.12861366020189238
28,0.12632067124555196,0.20121143439928754,0.15442861070144573,0.5180392836537149
29,0.1034138667608244,0.626103407502642,0.18414658749711674,0.08633613823941677
30,0.1039375882985025,0.158592482707595,0.10578540934957445,0.6316845196443277
31,0.9999974834232748,3.333598547488858e-08,1.986114654300508e-06,4.971260853497284e-07
32,0.20712229301732987,0.08392560132654078,0.6425798287694294,0.06637227688669974
33,0.12554052946848668,0.17758192444978615,0.14707196211488918,0.5498055839668381
34,0.12432517550523693,0.16341530154815795,0.12554489997306692,0.5867146229735379
35,0.13259730924878238,0.17208960946802257,0.13278476995581595,0.5625283113273793
36,0.0987080384224426,0.7219396862974199,0.10852921934035692,0.07082305593978085
37,0.174449363892542,0.2112051634421661,0.5284743805859453,0.08587109207934664
38,0.1326767747165617,0.17355933410305927,0.142063274378866,0.5517006168015127
39,0.10533370182791266,0.6834907028597199,0.12013245082043572,0.09104314449193182
40,0.10678372491021176,0.18106345300043705,0.1283822774701593,0.583770544619192
41,0.11881131654083414,0.15807888745347995,0.12108555421252011,0.602024241793166
42,0.10700530213489258,0.18890267242168626,0.09722934491134426,0.6068626805320771
43,0.1000785852477821,0.16816416503795514,0.1125679615785644,0.6191892881356982
44,0.14032461149504177,0.2439793621146174,0.5247361980415421,0.09095982834879848
45,0.10679406365784626,0.697746547865246,0.14663954050272743,0.048819847974180215
46,0.15293347972212704,0.2723282018171949,0.2186102139847909,0.35612810447588705
47,0.43807829172285484,0.07635000452971766,0.4433502042370096,0.04222149951041789
48,0.09970829965956932,0.21302868368125213,0.12726994516117773,0.5599930714980008
49,0.11534915332886532,0.15515624655817428,0.11114921561382875,0.6183453844991318
50,0.1770648409295146,0.11339832648241807,0.6742222320974184,0.035314600490648926
51,0.13034809572430878,0.14673964820073154,0.11772715369245385,0.6051851023825059
52,0.4817749613589636,0.0763744169852427,0.3833167698454133,0.058533851810380275
53,0.09503085375085972,0.691810116719874,0.10876172578973495,0.10439730373953093
54,0.11989198056171735,0.7012364662271207,0.1052303701765246,0.07364118303463736
55,0.13790704429172343,0.22737758759358506,0.15960401975226685,0.4751113483624245
56,0.15834766440672596,0.075887602224701,0.7438956755379201,0.02186905783065324
57,0.1130008981145692,0.6641995893607981,0.1366269274889045,0.08617258503572822
58,0.11069485653271453,0.7341637878653625,0.0905324331884841,0.06460892241343896
59,0.14675241165346878,0.10264732824411192,0.7220412692479439,0.02855899085447515
60,0.4343931161524344,0.0924000969511983,0.41147885496676606,0.06172793192960133
61,0.1576716167142253,0.16342641022710833,0.6031919618956639,0.07571001116300245
62,0.09228756286448407,0.6824052389159753,0.1328676027959584,0.0924395954235827
63,0.10191955176333052,0.7170381580830938,0.12069992696656656,0.06034236318700948
64,0.15598762498324345,0.29212059177895733,0.4295527464120504,0.12233903682574855
65,0.12217711042826478,0.7051196947838207,0.1109232979420356,0.06177989684587852
66,0.15578588949552158,0.23888325577253744,0.5020415971506019,0.10328925758133907
67,0.15930225308484128,0.13953299208853628,0.6194307197596705,0.08173403506695245
68,0.09933466083533926,0.6805241090916299,0.1420756854442851,0.07806554462874596
69,0.6456926699965814,0.07244130551650013,0.21628107710504182,0.06558494738187706
70,0.15632978873768372,0.26031229570472697,0.4855541157294119,0.0978037998281774
71,0.15546363300491484,0.20560917476448626,0.21503756533578341,0.4238896268948153
72,0.10557909608144801,0.72174240953809,0.11789387009643208,0.054784624284030206
73,0.14305203293860097,0.28726372168229464,0.3830578358196893,0.1866264095594151
74,0.09849126173359879,0.6956301450146002,0.1272617549829293,0.07861683826887131
75,0.14028513071878596,0.25534671376023915,0.21380651698062977,0.39056163854034515
76,0.13641110171372556,0.21452164016313455,0.1912922888981149,0.4577749692250253
77,0.09918246577895462,0.7136528642312593,0.11751430739870078,0.06965036259108529
78,0.14749382507872205,0.15529536030569402,0.6287553927316382,0.06845542188394563
79,0.1630041834626217,0.6444537423758763,0.12782957340614834,0.0647125007553541
80,0.09373659440615717,0.713917682601973,0.11935890825329196,0.07298681473857828
81,0.3529451827409898,0.13630740672405275,0.43899670882406033,0.07175070171089729
82,0.4084270048427019,0.13118435365065653,0.3880182054667019,0.07237043603993956
83,0.13884653643671305,0.2454016947617034,0.14947154474850302,0.46628022405308067
84,0.16399101898183235,0.19004253662723403,0.5598770396959032,0.08608940469503057
85,0.12071504816317899,0.15388441794795057,0.11927421176959739,0.6061263221192729
86,0.17182501227251373,0.6071109140473365,0.1642635593256561,0.05680051435449382
87,0.10042552937244845,0.18768948468575578,0.1128988920833811,0.5989860938584146
88,0.1309215209111534,0.7004078469888942,0.1058150466235504,0.06285558547640184
89,0.12347907554183925,0.6993506384152599,0.12516712895809515,0.0520031570848058
90,0.17262438145746942,0.1575730194960921,0.6128124995372823,0.056990099509156275
91,0.11213478353351267,0.23982340891463289,0.168449850004931,0.4795919575469235
92,0.19723283587092205,0.23271370210407666,0.48819246672721545,0.08186099529778562
93,0.167412635213152,0.0769551333878003,0.7348464070839251,0.020785824315122742
94,0.2995969706461842,0.26035250569810703,0.3114925035839199,0.1285580200717885
95,0.14408439404575676,0.21392910739659066,0.5547148761387958,0.0872716224188571
96,0.15348749047830956,0.12207200374053127,0.6614348565214122,0.06300564925974704
97,0.154464577278675,0.25222590582449395,0.3437955662326738,0.2495139506641571
98,0.15555637206069559,0.21170164620455942,0.21606971464564156,0.41667226708910365
99,0.19321923343143657,0.271524254901984,0.41672691283243624,0.11852959883414302
100,0.146465283098011,0.1466375791787264,0.6349588315994434,0.07193830612381891
101,0.14167912712221212,0.23263940146177203,0.4774354369282034,0.14824603448781246
102,0.10222180728964084,0.6874206258324457,0.10805761652702521,0.10229995035088847
103,0.1144064248436072,0.7203816135311643,0.09499255411441479,0.07021940751081417
104,0.10118452689742795,0.17264913975380902,0.10141551946499122,0.6247508138837715
105,0.16849719301553176,0.641557937217189,0.13810118824800144,0.05184368151927773
106,0.37477318818931804,0.17639977883404764,0.33510366734890756,0.11372336562772657
107,0.24194578236421288,0.051984384894040676,0.6799642913813434,0.02610554136040274
108,0.13406174903265938,0.2294783551878576,0.153599543747641,0.48286035203184197
109,0.17264805002466052,0.2800328380711409,0.4483233885265008,0.09899572337769781
110,0.1381826207143031,0.1793116924024441,0.5971465617218441,0.08535912516140873
111,0.11883803610151443,0.18998349133026862,0.13246723786138087,0.558711234706836
112,0.12853541132231983,0.6858653413790943,0.12386714547503311,0.06173210182355295
113,0.1483025244090903,0.6513717250346842,0.14260867350224635,0.05771707705397923
114,0.09710796433155247,0.7108582514633143,0.13122137161196065,0.06081241259317231
115,0.10092064397778208,0.16307073198247402,0.09932152114333558,0.6366871028964085
116,0.11672684442194226,0.2109579560772444,0.1598293055167343,0.5124858939840793
117,0.15597226386044227,0.214551180069799,0.2155014568369607,0.41397509923279796
118,0.19717501163002546,0.2551102283828555,0.45739405889927004,0.09032070108784898
119,0.1305667136201147,0.1846057544685758,0.1541873976183641,0.5306401342929453
120,0.29578488805286685,0.20384243805777133,0.39894478709756126,0.10142788679180068
121,0.2295539742551208,0.04071252403430736,0.7139518771609085,0.01578162454966332
122,0.1299083084674522,0.18120661371242017,0.15766133620510692,0.5312237416150206
123,0.1809686270610313,0.16502634993697243,0.5882804198901331,0.06572460311186343
124,0.16528826907590688,0.07975236653375767,0.7148231454707742,0.04013621891956122
125,0.1471041064092149,0.14369743255122752,0.6265714617077448,0.08262699933181304
126,0.166160304545098,0.2694131159151806,0.4620943245195838,0.10233225502013742
127,0.11622870845641642,0.4983181996089211,0.2510583149607476,0.13439477697391478
128,0.17295405969091288,0.6309192715596433,0.1354050853187288,0.06072158343071509
129,0.15318494580312236,0.2852518089593457,0.42668078497351136,0.13488246026402065
130,0.13121161475130233,0.2609847954386151,0.5013214857284732,0.10648210408160907
131,0.15208624837169346,0.21586072046046925,0.5637020178594399,0.06835101330839732
132,0.12293641878083501,0.22046569171178232,0.16511667320543658,0.4914812163019458
133,0.17545439795747825,0.23914084134049785,0.49353555209538275,0.09186920860664097
134,0.1169325366099326,0.7085790414969506,0.11965182880019738,0.05483659309291949
135,0.9727085341811614,0.011292430849872716,0.01329769734890755,0.0027013376200581084
136,0.1443305873801134,0.6813149685003863,0.1195557519876934,0.05479869213180648
137,0.9999960296757071,3.334050770213507e-08,3.1905851694279146e-06,7.463986155015126e-07
138,0.10943357192904228,0.7180678897983351,0.11738306150683474,0.05511547676578784
139,0.1027952834028336,0.7063502732173708,0.14282181908168376,0.04803262429811196
140,0.1353110717711309,0.663355672174017,0.12814207379565754,0.07319118225919463
141,0.10888749751236597,0.7269227607757679,0.10286332033964393,0.061326421372222266
142,0.15240594458837223,0.1989064919142549,0.20135640318307102,0.447331160314302
143,0.09299751176921345,0.1895009731777138,0.10947820021664623,0.6080233148364268
144,0.1521884669604896,0.26486553758311954,0.23059442031127442,0.35235157514511634
145,0.14596189263052511,0.2350922420035255,0.4688350883465572,0.15011077701939196
146,0.11954475177228066,0.7138040574617144,0.11355575798520247,0.053095432780802136
147,0.13373059744754484,0.6625247083790406,0.1428695349034109,0.06087515927000371
148,0.12333942391044198,0.23318128153219161,0.15687361013859172,0.48660568441877455
149,0.1736342855550961,0.2461046085643217,0.47327672362858375,0.10698438225199833
150,0.35001508956929117,0.17774768351239553,0.37602016098022734,0.09621706593808615
151,0.09464860348132836,0.7421013585734181,0.09126200908841801,0.07198802885683538
152,0.1372536720236381,0.654866461931169,0.16011843123924382,0.047761434805948605
153,0.17115189008690881,0.16496615622625388,0.5246779353059638,0.13920401838087368
154,0.13563146976008264,0.1974667106876897,0.5797209490611973,0.08718087049103063
155,0.16532669845494566,0.2763184179542723,0.4304764944518278,0.12787838913895383
156,0.13501157510830808,0.6783855768894272,0.1354894170941011,0.051113430908163504
157,0.12865437773418575,0.6783876854772193,0.1399385926844868,0.05301934410410801
158,0.10154645102573125,0.17823148372324277,0.1054227166961553,0.6147993485548706
159,0.16876036705273798,0.17934595691334415,0.598793711960932,0.05309996407298588
160,0.10495533396746348,0.17627449824554922,0.12493859779944569,0.5938315699875417
161,0.1155362229079089,0.7032176364675133,0.12947724432792734,0.05176889629665053
162,0.14022894222421373,0.6933740608684671,0.10603780041334282,0.06035919649397673
163,0.14219299606580346,0.2079486934657283,0.19518842433220568,0.45466988613626275
164,0.37014025492222385,0.1260909938672468,0.4212808006266963,0.08248795058383313
165,0.1059942377713648,0.685889527933445,0.14653425862775094,0.061581975667439136
166,0.09009887319828408,0.7140548640905819,0.12106665325989194,0.07477960945124174
167,0.10249373372531381,0.1821436110222602,0.11583991313874711,0.5995227421136788
168,0.30322805779545353,0.1959803822461276,0.4151084731096958,0.08568308684872333
169,0.1922469470919511,0.11700083322598982,0.642945085963561,0.047807133718498325
170,0.16096106512903827,0.1517969863671856,0.13822553569340548,0.549016412810371
171,0.49235583176107384,0.1049656983475043,0.3336669108886279,0.06901155900279382
172,0.15303241997388564,0.24037838307234013,0.44911418567367706,0.1574750112800975
173,0.12169355323501799,0.21856102021854226,0.14477599798821947,0.5149694285582201
174,0.1150712120018191,0.2225978861194466,0.15768852511746734,0.504642376761267
175,0.1512564490337284,0.17589020175094316,0.5991840612119941,0.07366928800333467
176,0.10743625081060364,0.6940996158742281,0.11980164017792914,0.07866249313723908
177,0.11473637183410533,0.2326369701521867,0.16240768375533068,0.49021897425837707
178,0.10374369795212796,0.693487325255036,0.15430635335995457,0.04846262343288122
179,0.09856720585335853,0.1988973741553874,0.10375342759885181,0.5987819923924023
180,0.13693996449086354,0.16512326510388017,0.6415012545404064,0.0564355158648497
181,0.13237764229895216,0.17918544986761473,0.1498684006699324,0.5385685071635009
182,0.10048191154284442,0.17528512526237106,0.1116217440400839,0.6126112191547007
183,0.4615721755256707,0.11317915709017116,0.3616576493759393,0.06359101800821873
184,0.11719401607496556,0.20492599908380146,0.1551198053036341,0.5227601795375987
185,0.1133960492390954,0.15181108921828051,0.09520001209125142,0.6395928494513723
186,0.2942263350163303,0.1767143833135244,0.4638048445649942,0.0652544371051511
187,0.1124831124564767,0.6504868635497423,0.14320855307708832,0.09382147091669288
188,0.12273669771065318,0.6672522081455239,0.15098220247173064,0.05902889167209216
189,0.14774582459690305,0.15501311038708207,0.12889738763819056,0.5683436773778247
190,0.15704324808238587,0.2077300532516368,0.209803518649961,0.42542318001601637
191,0.16143352336992775,0.2446709423713337,0.48757866469925193,0.10631686955948688
192,0.19792031899976567,0.21005321654811335,0.5250518061436349,0.066974658308486
193,0.16723084074529154,0.11464479073166259,0.6682553429048382,0.04986902561820768
194,0.09408697066190141,0.7191731610018509,0.11652279719982894,0.07021707113641852
195,0.15785818560659567,0.2121495498966757,0.5629326481638011,0.06705961633292769
196,0.176507059186936,0.08932077784964063,0.6821182354502866,0.05205392751313677
197,0.1173968509678488,0.22972605411731273,0.15638113761304923,0.4964959573017894
198,0.16655492578232725,0.21929977888135657,0.5421830438404494,0.07196225149586702
199,0.09511520259709651,0.7408418032640594,0.08638620135606549,0.07765679278277887
200,0.3321724869691746,0.2014871077868316,0.3591408083620222,0.10719959688197127
201,0.14338065351674217,0.17196162799625309,0.1427202467979146,0.5419374716890899
202,0.13114069666004255,0.19140380003576754,0.12164775640734185,0.555807746896848
203,0.16193198181283733,0.22938040200983673,0.532740450348143,0.07594716582918279
204,0.10672848608604348,0.6910290433429602,0.14385733410768298,0.058385136463313336
205,0.14081490551187273,0.25591722461354977,0.43974148777640537,0.16352638209817213
206,0.11713254275852045,0.16570132061751994,0.11305536311698812,0.6041107735069715
207,0.49351295621021357,0.1282128757694218,0.284135977461852,0.09413819055851286
208,0.1321660010843492,0.1987955399387781,0.5956198163879333,0.07341864258893922
209,0.1915473759862609,0.19340912367187993,0.5348783494657096,0.08016515087614946
210,0.12587583900476695,0.4437755061873988,0.2788650519341205,0.151483602873714
211,0.11353292193366624,0.6798462442061097,0.14978238816060402,0.05683844569961993
212,0.14104077920795274,0.13874478308779012,0.6583979222132771,0.06181651549097999
213,0.12265311355319951,0.20660115227745318,0.1580747560265089,0.5126709781428387
214,0.15947836185393777,0.1924462835900428,0.5187580790614028,0.1293172754946168
215,0.16227468352157404,0.09574072837352893,0.6988094760055044,0.04317511209939284
216,0.7540984422425673,0.09811934405538932,0.09968155696556316,0.04810065673648052
217,0.10488630255465818,0.7182017225625159,0.10318907457912739,0.07372290030369834
218,0.3939422404019667,0.11190811999612418,0.43567770556073887,0.05847193404117023
219,0.2539032459581215,0.2987264383408636,0.31608736820608685,0.131282947494928
220,0.21473909806612185,0.23142623089717976,0.45890482522655723,0.09492984581014104
221,0.1227552915339813,0.6905020144249329,0.1216969298650436,0.06504576417604173
222,0.09658510182134447,0.17501449570455135,0.11004164250384976,0.6183587599702541
223,0.16958538609320753,0.12431051350345367,0.6097249534812684,0.09637914692207047
224,0.20679353701048706,0.23329540923175066,0.4670985962380406,0.09281245751972178
225,0.1235604730125901,0.18540313835868577,0.14236211696206283,0.5486742716666615
226,0.10004195786216116,0.7256133655520646,0.11504120748240271,0.059303469103371614
227,0.09785510457937427,0.681250287079244,0.1317411914688561,0.08915341687252543
228,0.14256878964700423,0.09601646930708961,0.7278980162419576,0.03351672480394871
229,0.16286968962174617,0.08696787370029492,0.7034623867552937,0.046700049922665555
230,0.13344973951233363,0.17589000026500148,0.1416455386099661,0.5490147216126988
231,0.13851023919002103,0.20419925114833654,0.15635012000213447,0.5009403896595082
232,0.14636191830370296,0.21680748545163672,0.19621605665211742,0.44061453959254293
233,0.1497416031049711,0.24011990921153006,0.19656221448962335,0.41357627319387547
234,0.12947460023918167,0.2195663221376139,0.1783022399112798,0.4726568377119249
235,0.14654347303807438,0.16510017549840184,0.1323502792467035,0.5560060722168204
236,0.3699109368907177,0.1766925306451872,0.3615768314078849,0.09181970105621032
237,0.1350826857619836,0.6669567932768417,0.1498140321805442,0.04814648878063026
238,0.12603544780899079,0.7044503473132433,0.10985474219774974,0.059659462680015776
239,0.10626182946702145,0.7012240023906849,0.1251576384069654,0.06735652973532841
240,0.10452695766641716,0.7191697100527945,0.11204763078368084,0.06425570149710752
241,0.17563864836902696,0.23977102233101646,0.4752886359880237,0.10930169331193265
242,0.19363771217096487,0.22798010555503975,0.486489901214935,0.09189228105906036
243,0.1748515250810551,0.2492820669116439,0.4714609578840593,0.10440545012324184
244,0.1017748845686355,0.6999910069616082,0.12995119794370452,0.06828291052605184
245,0.12189520390587807,0.1838707599016491,0.14932899685469908,0.5449050393377738
246,0.14491375012145485,0.22833258000489395,0.5398633377032103,0.08689033217044104
247,0.4503005765386469,0.08760848112324568,0.39989098573397563,0.06219995660413179
248,0.1263315984666799,0.6865106717874694,0.13727881415617624,0.049878915589674236
249,0.11496251005644231,0.7096530641015913,0.11618603378700476,0.05919839205496134
250,0.3671845307765818,0.13267597810261472,0.4311413866502993,0.06899810447050433
251,0.1761566979414281,0.6267122693958994,0.1431973290999204,0.05393370356275201
252,0.1579776286168865,0.6594451772204979,0.11150746851410515,0.07106972564851045
253,0.15979470917539573,0.12822167244722618,0.6681169311221856,0.04386668725519256
254,0.20931124531857623,0.26230432990017943,0.41489782198636416,0.11348660279488001
255,0.1627998936900166,0.11253986330254877,0.6779688543292189,0.04669138867821591
256,0.15664055210764294,0.20553154388765227,0.5302861171404566,0.10754178686424838
257,0.10881446507664931,0.6995875857356577,0.13017057018068826,0.0614273790070043
258,0.10497065730308684,0.6939124247534151,0.1348974023651933,0.06621951557830486
259,0.11146820271227248,0.5960344682599182,0.19960954733185104,0.09288778169595853
260,0.16478837035298763,0.20542833258250712,0.2224840818202111,0.40729921524429413
261,0.09762837567553696,0.18922124115728603,0.11835768460520701,0.5947926985619699
262,0.19093746728509994,0.2431671386066048,0.45285941506679933,0.11303597904149604
263,0.10282975987057541,0.20442791009423483,0.12419995890683702,0.5685423711283527
264,0.1392805869853992,0.6928831791295543,0.1071205520689493,0.06071568181609679
265,0.11971134612757006,0.21390342905619295,0.1335779079480049,0.5328073168682326
266,0.1438653990957273,0.6529685916337516,0.13345576347098628,0.0697102457995351
267,0.9996861537815712,9.435544363379786e-08,0.00031358657809087105,1.652848942401359e-07
268,0.1153802165013624,0.23201662979587362,0.15508295370787117,0.4975201999948931
269,0.15496875829441814,0.19763496281372123,0.5725701387061841,0.07482614018567643
270,0.11358803337288609,0.16043227682824082,0.11581275084764099,0.6101669389512321
271,0.38825835979734485,0.15775913626149368,0.3444743434024575,0.10950816053870384
272,0.17557178988318703,0.14011926434874117,0.5821786549712185,0.10213029079685328
273,0.9999975260203309,3.333612101592762e-08,1.954609403193441e-06,4.860341450185303e-07
274,0.1606675367388732,0.14504981351025548,0.6380230387105806,0.05625961104029037
275,0.0896360968666766,0.7356043700067145,0.09664444263285887,0.07811509049375011
276,0.13727798341693354,0.17724172981512717,0.15757943985709194,0.527900846910847
277,0.31178287899104057,0.23330222908992626,0.334007639501764,0.12090725241726949
278,0.1472797232640535,0.17749413870031414,0.1678237125511525,0.5074024254844797
279,0.14748894030062543,0.6609843505318633,0.1323254320697424,0.05920127709776876
280,0.11577401798621931,0.2537025951822518,0.15305442056087878,0.47746896627065005
281,0.10843763796181187,0.7208537182774666,0.10851379410207579,0.06219484965864579
282,0.1609506993834629,0.14070978449299842,0.6017585014697102,0.09658101465382833
283,0.16276262161103172,0.6550802438985583,0.1313530805169817,0.05080405397342817
284,0.12117221862948384,0.1943062510280843,0.15324331837360447,0.5312782119688273
285,0.13651293473341883,0.6675941603772821,0.13586129862273746,0.06003160626656126
286,0.14538583577261618,0.678618695675016,0.12028436008373763,0.055711108468630276
287,0.13306586008126947,0.18802449396276455,0.15503342754301708,0.5238762184129487
288,0.15236373481400345,0.6433309536784815,0.15569853888846658,0.04860677261904854
289,0.14912558068347337,0.6646199070047651,0.10565443271984962,0.08060007959191211
290,0.16439110226893353,0.1791449646893451,0.5630325129605318,0.09343142008118949
291,0.14357484926525563,0.24532006050027994,0.4907474247276314,0.1203576655068337
292,0.10244902627823195,0.7032882351285672,0.12872944041045098,0.06553329818274987
293,0.18389682810727653,0.21951304617926964,0.29127040960019374,0.30531971611325964
294,0.11626008795485017,0.6340839758784642,0.18260288682233713,0.0670530493443482
295,0.19316252113521337,0.2448520912019815,0.4701431240416321,0.09184226362117302
296,0.3743014174940906,0.1940325135917069,0.32412881243809155,0.10753725647611095
297,0.14321696935722722,0.21677217547884756,0.19729068845359737,0.44272016671032777
298,0.11241640302287088,0.6996069548838026,0.13961285446294724,0.04836378763037951
299,0.12000762132660037,0.23458506833780468,0.13748852167265227,0.5079187886629426
300,0.1799915408152857,0.13880233164489297,0.6269351672231467,0.05427096031667493
301,0.09970158031642569,0.718047817527109,0.1263369115217904,0.05591369063467493
302,0.16430166945641872,0.24911874210234983,0.48152632340287793,0.10505326503835362
303,0.15660689537868738,0.22743816620764223,0.42994790326102916,0.1860070351526413
304,0.1594530008718553,0.14204933713516635,0.617175897274436,0.08132176471854252
305,0.1540049086528138,0.6616251570147615,0.12157420236799553,0.06279573196442906
