,proba_0,proba_1,proba_2,proba_3
0,0.05970538177593398,0.19229561950569937,0.40293675868851836,0.34506224002984814
1,0.0549286581626665,0.6350418603586081,0.17676343337194061,0.1332660481067849
2,0.052684578329794805,0.21407802445947569,0.3668694488688525,0.366367948341877
3,0.06270866564855065,0.5894563211248165,0.21628245530258192,0.131552557924051
4,0.04714741066748693,0.23927577580700804,0.34756050534096256,0.36601630818454245
5,0.052908348365472764,0.5601944230825754,0.22290611746154046,0.16399111109041145
6,0.052507167032208986,0.20527349325646047,0.3962453012427578,0.34597403846857266
7,0.05311134197643342,0.21711014971591064,0.3918377101016343,0.3379407982060218
8,0.04637850248928059,0.18645589031496151,0.35925274748025326,0.4079128597155047
9,0.06108886468716083,0.6068462557952393,0.20743770357912378,0.12462717593847625
10,0.3549208886800803,0.25625703514133324,0.25484511215255695,0.13397696402602952
11,0.06065213424452717,0.24142287805074478,0.39233725832926875,0.3055877293754591
12,0.08022787444060613,0.5044653405256133,0.2855068242825336,0.12979996075124703
13,0.048820403446324045,0.19450337918707813,0.36607512574662254,0.39060109161997514
14,0.068892536316237,0.43919744774813685,0.3250677971751352,0.166842218760491
15,0.04787489470022424,0.1851509551857576,0.36859258674771167,0.39838156336630653
16,0.06267519476281488,0.6280527958201017,0.17400808477398594,0.13526392464309742
17,0.059752649972161204,0.6304931707431333,0.18133963935801875,0.12841453992668678
18,0.04718030589977563,0.18680784819168267,0.3642425690042519,0.4017692769042898
19,0.05503899829417998,0.20119023040727554,0.4003270832918754,0.34344368800666913
20,0.0645309878230539,0.6271805439987725,0.17965406313926252,0.12863440503891105
21,0.06252761208655146,0.47046590696155965,0.2949876728247171,0.17201880812717185
22,0.04763537892277348,0.1978355211669822,0.3544081587222024,0.400120941188042
23,0.04673367429427851,0.18819696851628379,0.3662528833641467,0.3988164738252912
24,0.05830545781986967,0.2748220551386318,0.3909131006404003,0.27595938640109813
25,0.06814348540068656,0.39468101162568575,0.34469737241614284,0.19247813055748475
26,0.2516420714108091,0.3051269257781439,0.2939165468270117,0.14931445598403534
27,0.06483187257775072,0.3137752293782631,0.37695432011352187,0.24443857793046447
28,0.050102551768003475,0.19813149776333108,0.36678542548756693,0.3849805249810985
29,0.06084614447482834,0.5423842143734332,0.24585362436274255,0.1509160167889961
30,0.04662540958111423,0.1871556592415623,0.3634766340118053,0.40274229716551824
31,0.5213510926401533,4.599064365790143e-06,3.9438764845112294e-07,0.47864391390783234
32,0.06889289880484674,0.1857251168255521,0.40613990377737647,0.3392420805922246
33,0.0462431939654639,0.18417728287773674,0.36706863653852945,0.40251088661826995
34,0.047846408453047475,0.18977779387753624,0.3650054980981299,0.39737029957128633
35,0.05219438552015326,0.19571023386503056,0.36140778623189984,0.3906875943829163
36,0.05316879312494777,0.5725593172948045,0.21656028503656635,0.15771160454368138
37,0.07096440070736788,0.423692854295604,0.33197022725805153,0.17337251773897647
38,0.048737802030312354,0.18522553307678427,0.3597681158292858,0.4062685490636175
39,0.060754311940642194,0.557305978991439,0.23643218395299806,0.14550752511492082
40,0.049548686324090783,0.20704646611616762,0.3661785733251968,0.3772262742345448
41,0.0482087273244507,0.18411261633654444,0.3661510607103942,0.4015275956286106
42,0.049107128994861665,0.20611261662407315,0.3585264089547791,0.38625384542628616
43,0.04669457673641197,0.19573009131170524,0.36397596740467353,0.3935993645472093
44,0.06609418676125392,0.39087709331452036,0.3415866187527123,0.20144210117151343
45,0.05830246134380446,0.5992621459572185,0.20500574070461236,0.1374296519943647
46,0.04658779851634116,0.21417209474575835,0.3499812020541908,0.38925890468370955
47,0.21160039062716574,0.322365518292704,0.3132997027526245,0.1527343883275058
48,0.04719040935095936,0.20412671694118387,0.36292186353051836,0.38576101017733855
49,0.046024027044398196,0.18223108585043712,0.3631088929878272,0.4086359941173374
50,0.06934514984374009,0.4139301501632377,0.33685992553316285,0.17986477445985952
51,0.047147504388158505,0.17476027395278468,0.36394495231995666,0.4141472693391002
52,0.27326003605269583,0.26058795337860396,0.3071033152397522,0.15904869532894803
53,0.05594212156555986,0.552321239478969,0.23599798809777092,0.1557386508577
54,0.06084203235983164,0.5938800065091718,0.2067187457094911,0.13855921542150532
55,0.052233068877575894,0.2375082366394503,0.34479989916892,0.36545879531405384
56,0.06098414055283357,0.24245698253743478,0.38807004335719564,0.308488833552536
57,0.0624584574893812,0.577083267382543,0.2256037474495552,0.1348545276785205
58,0.06120477984653247,0.6219529423175805,0.18448145215755904,0.13236082567832813
59,0.06527098709507859,0.35228659957855846,0.36420052739574754,0.21824188593061536
60,0.21721747190454666,0.3130092539157125,0.3141507055885179,0.1556225685912229
61,0.0663999704529467,0.3685829656001638,0.3562107916406442,0.20880627230624532
62,0.055889230645478315,0.5319763611341948,0.24722490324684118,0.1649095049734856
63,0.054666737695298395,0.5966784836620541,0.21073915995683365,0.1379156186858138
64,0.0686570468474612,0.42801449744911546,0.32807773126115725,0.1752507244422661
65,0.056412889741583934,0.621154872050158,0.18955984188122293,0.13287239632703512
66,0.068413740321314,0.40557041378047387,0.3384000838326622,0.1876157620655499
67,0.06767423274320257,0.30732266600260755,0.3771890213455123,0.2478140799086775
68,0.05608606655147387,0.5521821139908931,0.23960976092658715,0.15212205853104574
69,0.4125567367475641,0.2332675436538593,0.22723722316088704,0.12693849643768945
70,0.06672345678580849,0.4233820616511827,0.33121792515790327,0.1786765564051054
71,0.04754645253542061,0.1882669799245622,0.3692608917970875,0.3949256757429297
72,0.061422621874669375,0.608305082228802,0.18808575987705897,0.14218653601946987
73,0.06623012416523859,0.34683464934792063,0.3619256452887475,0.22500958119809333
74,0.05796138315594906,0.5770011390617781,0.22369547689958444,0.14134200088268853
75,0.04767849401259407,0.2115160953204953,0.3602223320133523,0.3805830786535584
76,0.04919158721510277,0.19876971008595615,0.36439084951805095,0.38764785318089023
77,0.06288429023200755,0.5915006955402022,0.20115701343549341,0.14445800079229676
78,0.05405437998932576,0.22938631945777746,0.38973736994709796,0.32682193060579884
79,0.06486404382216433,0.6416757348776809,0.1726772431745505,0.1207829781256041
80,0.05584155153230681,0.5721762294943422,0.22370465224609057,0.14827756672726047
81,0.16594714217826753,0.36567911030149053,0.31858836905549975,0.14978537846474216
82,0.2111868735932913,0.3513229991428176,0.29544584729055456,0.14204427997333655
83,0.04703141473524249,0.23256522207720728,0.33585939461052283,0.3845439685770274
84,0.06964318613695795,0.4012837743221244,0.3434195054027517,0.18565353413816585
85,0.049206724613355964,0.18385354461958103,0.36430132535898707,0.402638405408076
86,0.05797628991853833,0.6063010504049654,0.18095744663817254,0.15476521303832388
87,0.04753054638434006,0.19357634030390405,0.35931953872337946,0.3995735745883764
88,0.05315704221690267,0.6280936477775408,0.1814932501558605,0.13725605984969588
89,0.053495799944023203,0.6334816060976645,0.18262003507139632,0.13040255888691596
90,0.06897713766368331,0.42767006630034043,0.3297598826405486,0.17359291339542765
91,0.04792274511034505,0.22035219605899461,0.36461513494242265,0.3671099238882376
92,0.07666076143644723,0.48572494948490347,0.2984514090204702,0.13916288005817906
93,0.053039598776828026,0.21327347655890364,0.39397822152167666,0.3397087031425917
94,0.12731720828552495,0.4369659534117523,0.3004539816827907,0.13526285661993212
95,0.06475812117801298,0.3373235297508877,0.3681587509334651,0.22975959813763408
96,0.05821660986490007,0.29318374640017825,0.38029536848939455,0.26830427524552725
97,0.06082410572178989,0.27760435228750374,0.3888895715676567,0.27268197042304976
98,0.05293969063488825,0.20790966504548067,0.367266735480016,0.37188390883961514
99,0.07396983334392891,0.47568969859147364,0.3032904123112436,0.14705005575335378
100,0.05605416995187179,0.28246756420239505,0.3843734617243773,0.27710480412135596
101,0.054050766742317784,0.2578512233297454,0.389578339093924,0.2985196708340128
102,0.060910223394166206,0.5544776532352471,0.23932212453337842,0.14528999883720836
103,0.05287117338491372,0.6011236771335164,0.1980633451690262,0.14794180431254358
104,0.04804034467414848,0.19228084308313417,0.35903694567173267,0.4006418665709848
105,0.0518928923441064,0.6336864584759551,0.171905501345389,0.14251514783454966
106,0.1709557535622045,0.371495810816778,0.30948338804747966,0.1480650475735378
107,0.0494661634362853,0.12641565680137387,0.3974869434758786,0.42663123628646216
108,0.04803512598786638,0.21310826179219614,0.3469883912640665,0.39186822095587104
109,0.07292743884621707,0.46942694349849184,0.3074908684711284,0.15015474918416274
110,0.056843683578640544,0.2650519695552306,0.3841525115187327,0.2939518353473961
111,0.05235373840350305,0.2091836041237466,0.36013612540610623,0.3783265320666442
112,0.06400420203504258,0.6019916307187099,0.20175512233953927,0.13224904490670839
113,0.06539172813989068,0.6225952127645242,0.19288617881778072,0.11912688027780444
114,0.05471040048415345,0.5812903181828784,0.21628314315811237,0.14771613817485588
115,0.046959271510244364,0.20825478120065108,0.3518424039135632,0.3929435433755415
116,0.04913587042054554,0.21001813147892193,0.36687982748402215,0.37396617061651033
117,0.04659846745052083,0.18707589557299828,0.3641743072905489,0.40215132968593204
118,0.07734890651074804,0.4922211601189034,0.2938012190656361,0.1366287143047125
119,0.04836656098385691,0.18435476839358025,0.36949852695850227,0.3977801436640606
120,0.11614318812370246,0.44803664378587804,0.3032745738037441,0.13254559428667545
121,0.06450028593080968,0.19298981154158837,0.4050107262567675,0.3374991762708345
122,0.04990540126666957,0.20145473124809368,0.366707592043862,0.3819322754413747
123,0.06915130899075947,0.42925597242406277,0.32799979476321767,0.17359292382196015
124,0.05122334510234958,0.18532336436549235,0.403167326474363,0.36028596405779517
125,0.0577059463600589,0.2553153713386879,0.39028520048782933,0.29669348181342386
126,0.06855698455736213,0.44496075021882253,0.3193910516186846,0.16709121360513093
127,0.05949716087429636,0.467632127667988,0.293811830980878,0.17905888047683763
128,0.062232057691041925,0.6242736343224453,0.18451084152456368,0.12898346646194905
129,0.06499989423200933,0.3982559836139725,0.3426313940327056,0.19411272812131275
130,0.05641734713809135,0.3264566903540284,0.3641510852519198,0.2529748772559602
131,0.06564818378273539,0.4112574806898084,0.33598634830129104,0.18710798722616528
132,0.04864780080320765,0.2082821439616915,0.36299128906158806,0.3800787661735126
133,0.06991338938986186,0.450897617097158,0.31749821661070554,0.16169077690227454
134,0.0569250331011413,0.6173845169323036,0.19575907431223127,0.12993137565432392
135,0.20050768066891955,0.2762074829372153,0.2903702382463547,0.23291459814751042
136,0.05951384435896026,0.6487200896957228,0.16322037689662108,0.1285456890486959
137,0.5085576237737172,2.280609210033662e-05,2.5989168915970944e-05,0.49139358096526653
138,0.0560485145537402,0.6180040259564461,0.1903510309751301,0.13559642851468356
139,0.057404531343974344,0.5861519491958178,0.20907457294153273,0.14736894651867527
140,0.06894010375890805,0.5960575954782518,0.2032241098208203,0.13177819094201976
141,0.05458060261541296,0.6113660011685456,0.19895924370101695,0.1350941525150246
142,0.048994463499118034,0.19452924055907472,0.3697681025158771,0.38670819342593016
143,0.04706240180876081,0.20072590435237836,0.3604209542948156,0.3917907395440453
144,0.05346572083494437,0.22697391371626502,0.3525147220991622,0.36704564334962825
145,0.058330088350564684,0.31213813417035197,0.3756732010879389,0.2538585763911445
146,0.0558382613843728,0.6330045312971262,0.18060643232612789,0.13055077499237322
147,0.06369066105968119,0.5916113975343209,0.20749798729965865,0.1371999541063393
148,0.04795990241890757,0.20293690970623943,0.35560026054946836,0.3935029273253847
149,0.070892748466907,0.4403003881958961,0.32249934198114255,0.16630752135605417
150,0.1538536815255746,0.40659109711814834,0.30154314443124003,0.13801207692503697
151,0.053342088544694556,0.5851779733508926,0.21273672590998588,0.14874321219442713
152,0.06160886765985586,0.6162109147815933,0.18417717422687857,0.1380030433316723
153,0.051249439475064495,0.2089077992382276,0.3942519105680905,0.3455908507186173
154,0.057429728376404504,0.27575201541858096,0.3805591595306846,0.28625909667433
155,0.06890401173329683,0.42830998230810097,0.32766268751541955,0.1751233184431825
156,0.058414538029316766,0.6047275111473075,0.18552871422832917,0.15132923659504657
157,0.06053133468438968,0.6027290907427766,0.20197921409180958,0.13476036048102433
158,0.047364921396854304,0.207929320388914,0.3524379514428519,0.3922678067713799
159,0.06869249927483843,0.4422305023238162,0.32212037278229266,0.16695662561905264
160,0.04653338315048326,0.19071711027955754,0.3673043948940122,0.39544511167594704
161,0.056718290993366303,0.6154024676748201,0.196403701879402,0.13147553945241167
162,0.05544494096037354,0.6455810623311403,0.1710047042697693,0.12796929243871685
163,0.04842441216941451,0.1914903081042033,0.36786066615872015,0.3922246135676621
164,0.18254930241016398,0.3224792324798549,0.3287257413856986,0.16624572372428253
165,0.05765729954005518,0.5786414447890696,0.2197335089332075,0.14396774673766766
166,0.05490583073877324,0.5580991787980357,0.23080070298890684,0.15619428747428413
167,0.04745597159865818,0.1978827068655054,0.3612951148670325,0.3933662066688039
168,0.13576618426847034,0.42141230449882755,0.30567714923914435,0.13714436199355778
169,0.05919845503340323,0.17803676741100669,0.40208255238575624,0.36068222516983384
170,0.05016849474678685,0.18695207009763123,0.363683472367277,0.39919596278830477
171,0.30250058610683356,0.3006542363943348,0.260336415766142,0.13650876173268958
172,0.054452273961189526,0.21423524175964076,0.3901644000715184,0.3411480842076513
173,0.047632308075096205,0.19860694949348626,0.35415245789338534,0.3996082845380322
174,0.04742234130875885,0.20567680926311377,0.36316313896292873,0.3837377104651988
175,0.061989064861964815,0.3620685690873486,0.35855477096581456,0.21738759508487207
176,0.06034238601993936,0.5833650112616514,0.21904360240718707,0.13724900031122214
177,0.05009516814028807,0.22494987050359078,0.3604975108834434,0.36445745047267775
178,0.060634880122034204,0.5897317246272605,0.20807462587064496,0.1415587693800605
179,0.04742088512803119,0.2036825689741891,0.35581930942914525,0.39307723646863457
180,0.06610766359490586,0.3528796036624995,0.360269684945959,0.22074304779663556
181,0.05089696065982804,0.2093466686615916,0.35999686074353,0.3797595099350504
182,0.046263557078153376,0.19029545285312197,0.3597206704959967,0.40372031957272797
183,0.2594517116042809,0.34169570781062947,0.2666327405261638,0.13221984005892573
184,0.04901462195281773,0.20739877638108511,0.3648250315803282,0.3787615700857689
185,0.047770529839590015,0.17751132851454626,0.36630414576787607,0.4084139958779877
186,0.13007096437350235,0.43258955020916134,0.3039583324237195,0.13338115299361675
187,0.06558063914784878,0.5528544114737544,0.2380724069782934,0.14349254240010334
188,0.06600971059195687,0.5836934094817524,0.21586846649357497,0.13442841343271572
189,0.051862039478377864,0.19862130544292897,0.3598849209893255,0.38963173408936785
190,0.04668054224014334,0.18526957281883338,0.3636529758258987,0.40439690911512444
191,0.06630290250379609,0.41687084338434566,0.3331201835680029,0.1837060705438555
192,0.07579798070502161,0.49511457314415325,0.29235242800131517,0.13673501814950992
193,0.051132350191073865,0.18565952112474193,0.3972171580057201,0.36599097067846414
194,0.05371903844534346,0.5733691587032681,0.2185943619533523,0.15431744089803615
195,0.07069466741322138,0.4410109908742838,0.3214643583111367,0.1668299834013582
196,0.05484698194386782,0.21109353261105504,0.405302705116826,0.32875678032825123
197,0.04719147058213471,0.20379958589012476,0.36167349343521543,0.38733545009252507
198,0.06885214187702515,0.4468341752039377,0.31958655105306294,0.16472713186597426
199,0.056839019120164834,0.5826817052659503,0.2045939317640491,0.1558853438498358
200,0.13992450745900464,0.4195279990130581,0.30483015300161304,0.13571734052632414
201,0.048158558202311935,0.1814648180038306,0.3586091809535905,0.4117674428402669
202,0.05070639209131299,0.2138647123899815,0.34431642231848275,0.39111247320022274
203,0.07228701776805334,0.4488167761069012,0.317450249266323,0.16144595685872254
204,0.054659420631135276,0.5858394840548582,0.215775175360284,0.1437259199537225
205,0.05540203590448547,0.24555011487780742,0.3888258456900306,0.3102220035276765
206,0.05368219282211848,0.19382748041776604,0.3688441897542005,0.38364613700591493
207,0.2804213304080485,0.2819272655216822,0.28763492710657484,0.15001647696369458
208,0.057123690951606514,0.3171019341793972,0.37037164200554373,0.25540273286345255
209,0.07401383219029041,0.4567033815568924,0.3150529410872621,0.1542298451655552
210,0.06293191614235881,0.44353916661516146,0.3091414316753118,0.18438748556716775
211,0.05823474052306911,0.6068054280287074,0.20647921589769186,0.12848061555053164
212,0.05470458307016398,0.2715706254774222,0.3837152346495213,0.2900095568028925
213,0.049117658763022945,0.2004700514821965,0.3630544564490148,0.3873578333057658
214,0.06331454756298018,0.3117044284232331,0.37768828367823376,0.24729274033555304
215,0.057534333788243575,0.2797123817089217,0.38697794491143794,0.2757753395913969
216,0.1263885233212457,0.4725628913757859,0.29467823385250314,0.10637035145046533
217,0.05804061639994941,0.5914392232392452,0.2027723438027162,0.14774781655808922
218,0.21939174515478377,0.306751466881891,0.31183879146042776,0.16201799650289764
219,0.10118869912849116,0.4720200667590704,0.2975729022077181,0.12921833190472032
220,0.07871760450292661,0.49295739476955197,0.29326752548343604,0.13505747524408535
221,0.060796544630820674,0.6199192584070701,0.1946100353007667,0.12467416166134254
222,0.04721593379919705,0.19218419485581484,0.3654693644540966,0.3951305068908916
223,0.05834173843438073,0.22950730900060223,0.40036486890348083,0.3117860836615362
224,0.07691075816013579,0.4904043210005628,0.29491884048151645,0.13776608035778495
225,0.047535741548914205,0.19282874043674675,0.36194689196727264,0.3976886260470665
226,0.05426050036167061,0.5975123974462019,0.20415925101011684,0.1440678511820107
227,0.056140285835963845,0.5569665430501142,0.2381794744991984,0.14871369661472367
228,0.05873822316776117,0.26025098092087834,0.38612414311034216,0.2948866528010184
229,0.06550315544482148,0.27334418983663533,0.38906591410477087,0.2720867406137724
230,0.046250453120199334,0.17831202950328517,0.3583685782054802,0.41706893917103527
231,0.0481528555399353,0.18775003338772223,0.3535357144447816,0.4105613966275608
232,0.04663641469601566,0.18981770450008956,0.36228653883084905,0.40125934197304586
233,0.046604926997929376,0.1893428733479127,0.3570420844958934,0.40701011515826446
234,0.05472845873247533,0.22854970650191184,0.36446189577101584,0.35225993899459707
235,0.05316832935568278,0.21156433612325154,0.3588904948968422,0.3763768396242234
236,0.1654370052990045,0.40396437539310875,0.2968612831475324,0.13373733616035427
237,0.06086044611348988,0.6229603503357601,0.18105404016400947,0.13512516338674038
238,0.0535202242708953,0.6240706946095775,0.1870202635050973,0.13538881761442983
239,0.057639568322584975,0.5799149280349044,0.21616523739353968,0.14628026624897106
240,0.06225137600387605,0.5984590811793697,0.19328384616517028,0.14600569665158392
241,0.06924158345335309,0.43403929857761353,0.3256069921117369,0.17111212585729646
242,0.07617153327349016,0.47742357443826616,0.30197069464040033,0.14443419764784327
243,0.0696824328394099,0.444250922894094,0.3198890345121362,0.1661776097543598
244,0.061442205102118765,0.581443312441963,0.21682283334777225,0.14029164910814595
245,0.04935184931377595,0.2061794287658483,0.37001828035297346,0.37445044156740226
246,0.06245253724776539,0.3813604990818119,0.3481263224411876,0.20806064122923504
247,0.24481866350360906,0.28353913106530215,0.3117648253242654,0.1598773801068234
248,0.058025144660263234,0.6170612625099752,0.18300157201733716,0.14191202081242446
249,0.05640168825229844,0.5954335146706345,0.2038209739392289,0.1443438231378381
250,0.16909601978335834,0.38178357980703453,0.30798392166330185,0.1411364787463053
251,0.054953535681056334,0.6452793820202619,0.17089013652210186,0.1288769457765799
252,0.06265301498327377,0.6113621913251538,0.18818994422734445,0.13779484946422793
253,0.06811691887769147,0.39234952373147935,0.34554786036773744,0.19398569702309165
254,0.07789345075126601,0.4936670382433508,0.29218625035393087,0.13625326065145255
255,0.06586081423289111,0.3599020322063849,0.35741390850856,0.21682324505216416
256,0.06645720524386985,0.3340129685552693,0.37210190876161836,0.22742791743924246
257,0.05350265091083344,0.5847037088678703,0.21137063758802352,0.1504230026332729
258,0.06474792748806532,0.5934881137154261,0.20606461337878892,0.13569934541771952
259,0.06153425654843743,0.5376064179255253,0.253950054467273,0.14690927105876428
260,0.048357424149100214,0.18788767690910976,0.3654677852058479,0.39828711373594217
261,0.04735315316365254,0.201726132169125,0.3624687392655126,0.38845197540170995
262,0.07202338592722123,0.4504288266537297,0.31825968256792486,0.1592881048511242
263,0.047095239990367785,0.20312677770320253,0.36185120890316447,0.38792677340326526
264,0.06451896294618156,0.6495536346013865,0.16296360028648277,0.12296380216594929
265,0.05276936634702614,0.22196351701965236,0.3541995317299919,0.3710675849033297
266,0.06783529819853706,0.6088680236227336,0.20030257712025085,0.12299410105847848
267,0.3848085731152411,0.015337960908935175,0.05741354891593469,0.5424399170598891
268,0.04889269094948543,0.21248703050108417,0.36046162650766006,0.3781586520417704
269,0.06825427554739182,0.40857053667859355,0.3391344133668015,0.18404077440721311
270,0.046907990110048335,0.1856718596603556,0.36435284968702075,0.4030673005425753
271,0.17725925425635108,0.33702580859187475,0.32619006766644654,0.15952486948532776
272,0.05907162897966407,0.22133455456058476,0.4062558570596473,0.3133379594001037
273,0.5387646642198574,8.17777437666142e-06,8.063135373507623e-08,0.46122707737441215
274,0.06775900218587086,0.3973715049392916,0.34294157393330715,0.1919279189415304
275,0.05235324933259738,0.5621187861687112,0.21991984939149464,0.16560811510719675
276,0.05077502958250282,0.2015278105779279,0.3626645393078409,0.38503262053172826
277,0.13857611429229744,0.4122561056725404,0.3079126129506524,0.14125516708450972
278,0.05277346430393983,0.19830423409877845,0.3709809621014488,0.37794133949583286
279,0.06376758517623986,0.6246931138442195,0.18526555650026574,0.1262737444792748
280,0.049458032908109496,0.233749792112655,0.34788286753529857,0.3689093074439369
281,0.05426522386326331,0.6089024783236595,0.19972560741367815,0.13710669039939893
282,0.061414833297024116,0.2781302878548849,0.39022392334971845,0.2702309554983724
283,0.055258569787739194,0.6507983286470466,0.17084535623437686,0.12309774533083738
284,0.04874246886434151,0.20841403170393102,0.36618565834653005,0.37665784108519734
285,0.0654172360963809,0.6207365929637078,0.19435230696567787,0.11949386397423352
286,0.05784737513945194,0.6436723155606234,0.1744072412621183,0.12407306803780634
287,0.05054450201044399,0.20991494896983123,0.35614955583614566,0.38339099318357905
288,0.05819407279206514,0.6244705182080071,0.17434700792809965,0.14298840107182803
289,0.06751962263372464,0.5957625873702119,0.1952109374503819,0.1415068525456816
290,0.06488644960553801,0.35159025927834076,0.36367233769193075,0.21985095342419056
291,0.0606897609168588,0.35527310584265936,0.35865347861755786,0.22538365462292395
292,0.06326904964871011,0.5937805420300932,0.20711910386880428,0.13583130445239236
293,0.048739765593288666,0.19201593235054115,0.36531483487614974,0.3939294671800205
294,0.06088875636019593,0.5730956043268073,0.22951208428738396,0.13650355502561276
295,0.07528152674524415,0.4874887767439214,0.29734492354068187,0.13988477297015262
296,0.18159987962756255,0.38681562480424975,0.29272211836662604,0.13886237720156164
297,0.047048083674653136,0.1951259424368078,0.36316820728897453,0.39465776659956453
298,0.05966004048042074,0.6110688702080644,0.19036674348134067,0.1389043458301742
299,0.046817500107136645,0.21225665728493057,0.34949868413425905,0.3914271584736739
300,0.07177321588527637,0.4245837443323952,0.332892023364123,0.17075101641820534
301,0.055957258199761314,0.6004343089697071,0.20487994843145493,0.1387284843990766
302,0.06727572885490941,0.42336230348233617,0.332060303150639,0.17730166451211546
303,0.0542073548567926,0.21780746974770743,0.3978105347692069,0.330174640626293
304,0.05999489687974006,0.2893732854156485,0.3863715578716026,0.2642602598330089
305,0.0585717882025997,0.6229393929573622,0.1817121062772352,0.1367767125628028
