,proba_0,proba_1,proba_2,proba_3
0,0.06024222244748837,0.08419261680717213,0.7072311695366704,0.148333991208669
1,0.0951999670870559,0.8362897273308472,0.04995131863360894,0.018558986948487975
2,0.0299692516912538,0.09220642943810377,0.17909443968489017,0.6987298791857521
3,0.060533835062698674,0.8001870398339692,0.10897135126478405,0.03030777383854811
4,0.02980710294791532,0.16888566723996395,0.15860904071737597,0.6426981890947447
5,0.0500110800216025,0.7981579299837241,0.08498416957559841,0.06684682041907482
6,0.04793181880809069,0.09839214391684048,0.6871363570549608,0.16653968022010804
7,0.04465554816951738,0.14311506859006806,0.6075700028870082,0.20465938035340633
8,0.035463380055333726,0.10734043131858788,0.22321325663964015,0.6339829319864383
9,0.0620545071645183,0.8096755907821105,0.1005331316653755,0.027736770387995796
10,0.3761738480383799,0.4798192515729361,0.12320097510131908,0.020805925287364958
11,0.03898820927069263,0.1450431166877969,0.5204619134158004,0.29550676062571013
12,0.08005855430582043,0.37138151587060714,0.3293637246450873,0.21919620517848512
13,0.030022188073605023,0.06801875551169466,0.1631234919301942,0.7388355644845059
14,0.04772961331444881,0.2986643560309436,0.5594431250315189,0.09416290562308861
15,0.03392275889416998,0.06066824203706896,0.2477211169297234,0.6576878821390377
16,0.102088805874057,0.8338221348692664,0.036566900148372924,0.0275221591083037
17,0.10045820981157758,0.8296499657205354,0.043971727810925544,0.02592009665696159
18,0.03034753814219465,0.08460840565319032,0.15314756177130112,0.731896494433314
19,0.05398356484587341,0.05255640860104899,0.7526794544785743,0.14078057207450337
20,0.10453348679402882,0.8115633835647579,0.0652147729407812,0.018688356700432077
21,0.032715836062708475,0.5088289763919519,0.2752687754649194,0.18318641208042027
22,0.03382791246325709,0.14938621886561457,0.12389034645357266,0.6928955222175557
23,0.02871553884113078,0.06736945213164955,0.16270891812091,0.7412060909063095
24,0.0443757202029157,0.06204208663592304,0.7217477871107033,0.17183440605045813
25,0.04322870027982712,0.1898957151436363,0.551311581205328,0.21556400337120854
26,0.23433715192372356,0.4439967436742105,0.1667046420295942,0.1549614623724717
27,0.03670350807073029,0.10450013401860217,0.5787183858826996,0.280077972027968
28,0.03132172223008385,0.09916787061107084,0.17171927495561434,0.6977911322032311
29,0.03487865836631332,0.7099984419538936,0.1768998034594075,0.07822309622038556
30,0.030288244085720322,0.06234632901890389,0.16200198380012915,0.7453634430952466
31,0.5000017556338179,0.49999824389802794,2.0824797215858926e-10,2.599062242710031e-10
32,0.07729334620989801,0.06963957226156005,0.7045935371127102,0.1484735444158318
33,0.03085443943994042,0.05125763893124813,0.20754541497346776,0.7103425066553436
34,0.03239472814804172,0.0413312958373787,0.21055708860000472,0.7157168874145748
35,0.0347662837188352,0.09030959487053909,0.1383442047489523,0.7365799166616734
36,0.05397737736866134,0.8101624611482762,0.08545920645290263,0.050400955030159844
37,0.049812633407247925,0.2261600281087192,0.5565028114463192,0.16752452703771356
38,0.03374327408761762,0.08185489778297181,0.15736170021630158,0.7270401279131091
39,0.042088424104241046,0.7906343022539986,0.10164940472814854,0.065627868913612
40,0.029053338183028483,0.06930291058157355,0.17477676146142657,0.7268669897739715
41,0.03192576304555728,0.05524421742755471,0.16875191064628392,0.7440781088806041
42,0.032417207234974384,0.13057654859953718,0.14236826383746978,0.6946379803280186
43,0.0290486381074613,0.062823940802136,0.16859438079711966,0.739533040293283
44,0.03594836873501925,0.28222999603273646,0.5345242774847682,0.1472973577474762
45,0.06024525147496817,0.8078338850891781,0.10212904416344676,0.029791819272406893
46,0.03860240788179251,0.17370012344708277,0.26057195802659977,0.527125510644525
47,0.22704667202268863,0.21561427940517547,0.4977790100184143,0.059560038553721543
48,0.029147400042088756,0.10653236435920131,0.17409991376625816,0.6902203218324517
49,0.032231663990870504,0.0468760013907165,0.18942737225073847,0.7314649623676744
50,0.052741266932875966,0.1747757273331854,0.7140729183206586,0.05841008741328016
51,0.03457305427303639,0.042923278983820506,0.18767502695960556,0.7348286397835376
52,0.3080051708663643,0.3068691595937095,0.3099368328455911,0.07518883669433515
53,0.03880783543382816,0.7480263635991286,0.115403859820734,0.09776194114630919
54,0.06673919873062045,0.8298134827149535,0.05996473583676993,0.043482582717656204
55,0.034952743141575336,0.17070111010094202,0.16480325115814928,0.6295428955993333
56,0.05711222478322423,0.14545470838624244,0.7722462106210009,0.025186856209532593
57,0.044649377948334644,0.760511629281641,0.127066559798842,0.06777243297118256
58,0.07800843897224663,0.8358807416497461,0.04501946270881132,0.04109135666919604
59,0.04126018677948499,0.1839961823417443,0.7337735227149462,0.04097010816382461
60,0.2313175636203351,0.2544049237876262,0.40812090956600183,0.10615660302603686
61,0.042358131574480255,0.1475596196100992,0.6497236366475277,0.1603586121678927
62,0.03507349043441807,0.7320972942593597,0.14607375354338528,0.0867554617628369
63,0.052334663474039145,0.8168752185043945,0.092721117232393,0.03806900078917339
64,0.04237546937672179,0.2972661359299705,0.44565141572085387,0.21470697897245383
65,0.07845403027550749,0.833407535857486,0.055330184031097865,0.03280824983590858
66,0.041551365512148615,0.2505896578375886,0.5193364545895774,0.18852252206068532
67,0.04415155236055258,0.09249957802167962,0.6699996565861116,0.19334921303165623
68,0.03793776047532245,0.7799972800488061,0.1254821224183173,0.05658283705755414
69,0.39915544928737373,0.4979115546660862,0.05216061620798385,0.05077237983855612
70,0.042732582241319365,0.3041626738875226,0.48914669075524025,0.16395805311591782
71,0.032989843304656395,0.04713463826849599,0.2818850951616126,0.6379904232652351
72,0.07901226035919283,0.826224111675914,0.06233411343159632,0.032429514533296726
73,0.03456381596431695,0.1629616188050404,0.4497881191052025,0.3526864461254401
74,0.041684822903607435,0.7707219016579163,0.12170368917906045,0.06588958625941596
75,0.03305851725281168,0.11538450490449599,0.2655459756841078,0.5860110021585845
76,0.032712179786684815,0.0825832297853814,0.21760904517214577,0.6670955452557881
77,0.06186532182042679,0.8041840886407243,0.08138647648707771,0.05256411305177114
78,0.04569445328512743,0.16395258450109004,0.6757059941023751,0.11464696811140743
79,0.10042524293764588,0.8179343257656884,0.05332879169483186,0.028311639601833766
80,0.0434317698629701,0.7995560584254626,0.10320705363058601,0.05380511808098135
81,0.15298934715457574,0.27285708763047767,0.4425485487226234,0.13160501649232315
82,0.2040036229363051,0.39514867095594863,0.29757908063514404,0.10326862547260232
83,0.03670863348705164,0.19349735653419348,0.17857428578808873,0.5912197241906662
84,0.046556494551578585,0.19162223376602713,0.5868261732331698,0.17499509844922456
85,0.031892730568194305,0.06589167337195406,0.14934360481756165,0.75287199124229
86,0.10854618048400803,0.8296102935907915,0.04385346074817211,0.01799006517702853
87,0.03096616732642672,0.09923906019791226,0.15124619335144882,0.7185485791242122
88,0.09024115185504566,0.8312287401438186,0.045585964248425835,0.03294414375270981
89,0.08054082923601465,0.8326743776259595,0.061962780978357654,0.024822012159668047
90,0.05184163753855787,0.20976549189675045,0.6345214041792537,0.10387146638543789
91,0.027687802768150416,0.09283123291563451,0.23060051378767865,0.6488804505285365
92,0.06317846985371792,0.35504279454358717,0.44950269385665753,0.1322760417460374
93,0.05865840191323995,0.11413917432224664,0.8010092862492308,0.026193137515282672
94,0.09499039152738488,0.4254025532336377,0.2580809829036091,0.22152607233536836
95,0.037415378096933016,0.19554462418001922,0.607982072436015,0.15905792528703278
96,0.042655591551644376,0.0695454331425657,0.7288884249412637,0.1589105503645262
97,0.03281776775675677,0.06716008066610503,0.44311177388628376,0.45691037769085435
98,0.035635939407422344,0.08189536038910133,0.23177529830841273,0.6506934018950636
99,0.06059596158167552,0.32699382031885627,0.4002098012957986,0.21220041680366955
100,0.040019749537768344,0.09109223321462051,0.7045052858639643,0.16438273138364676
101,0.03458881203130412,0.11908142315917403,0.5545229723219846,0.29180679248753727
102,0.03825982719637168,0.7628163452013554,0.11050651128092652,0.08841731632134651
103,0.07010253961817528,0.8367313067287987,0.05253750971266959,0.04062864394035651
104,0.031170869847925078,0.11131853922628185,0.12626753857781464,0.7312430523479784
105,0.11723691453535391,0.8316683149055517,0.034764102244702964,0.016330668314391214
106,0.15560368047713663,0.298819100534379,0.2872358839579235,0.258341335030561
107,0.09536060305760774,0.028548837493875212,0.8224158045979795,0.05367475485053776
108,0.035387574139571776,0.1481220178655365,0.1827131518978207,0.633777256097071
109,0.05130488124862363,0.3769364316323665,0.41577232690310856,0.1559863602159014
110,0.03838179323585182,0.15972154057794233,0.6455183854303346,0.15637828075587126
111,0.03289334746105483,0.11480165002031888,0.14010803196423285,0.7121969705543936
112,0.07331971583462867,0.8195867652215278,0.07374379431799892,0.03334972462584455
113,0.08062301197651893,0.8257082665748978,0.06829488966302841,0.025373831785554683
114,0.04787594391002255,0.7873741345381314,0.11957048192997574,0.04517943962187031
115,0.030994019158665842,0.08068765995617848,0.14963821147372464,0.738680109411431
116,0.028711193791141364,0.08659688280847022,0.19865459980313888,0.6860373235972496
117,0.03475421625937274,0.06160610143053409,0.2751475519635394,0.6284921303465537
118,0.06307594341290566,0.39144502448514357,0.40502457016827037,0.1404544619336804
119,0.03161047062476117,0.048426834052243094,0.22352558712440568,0.6964371081985901
120,0.09907543769816388,0.31802780303401645,0.3769624293087839,0.2059343299590357
121,0.09690065968805321,0.04159692512991103,0.8329577815404194,0.028544633641616402
122,0.03005156502188779,0.06335447935545654,0.1978014737956087,0.7087924818270469
123,0.05376247258063921,0.1979985596945629,0.6214490726308137,0.12678989509398417
124,0.05663603528885789,0.05546472812411745,0.7975955376953652,0.09030369889165947
125,0.04071537455319824,0.08709337795022541,0.6861983966065001,0.1859928508900764
126,0.04679049274290739,0.33056355463119,0.45260521158290473,0.1700407410429978
127,0.027730992247581337,0.5578969516007052,0.26494919954882085,0.14942285660289265
128,0.101119661182349,0.8375401464397528,0.041115346323742454,0.020224846054155896
129,0.039896301185179284,0.2313527780804276,0.47323139675601755,0.2555195239783755
130,0.03297777362993506,0.23145408576360374,0.5557748618566203,0.17979327874984097
131,0.0413122538212318,0.28169824203348603,0.5683234203508516,0.10866608379443045
132,0.03048777307028695,0.11064113511744177,0.19322409684447425,0.665646994967797
133,0.051649017420486894,0.29764685399091223,0.4882809851098896,0.1624231434787114
134,0.07067100449936728,0.8305740349611342,0.06935014103408911,0.02940481950540953
135,0.6105614966442772,0.18006862365779627,0.20783964610656613,0.0015302335913603036
136,0.10820159843399593,0.8326733410500586,0.03702200484838019,0.02210305566756517
137,0.5000696212547833,0.4999303383070889,8.784276091599374e-10,3.9559700276914336e-08
138,0.07109723222963564,0.8119770648479983,0.08114750807272834,0.03577819484963775
139,0.06077210028486778,0.7997636419795161,0.10827450243879255,0.031189755296823607
140,0.07281933799619164,0.8008626565148079,0.08170711324351489,0.04461089224548553
141,0.0675816731721788,0.8318258654246188,0.063011683043517,0.03758077835968537
142,0.03287136763694926,0.053269980542838484,0.2530691085474903,0.6607895432727219
143,0.028733708596423223,0.09594871005123201,0.15215207852472049,0.7231655028276244
144,0.04186638630451771,0.20912469858022503,0.21546384301940008,0.5335450720958572
145,0.03496604994880084,0.10924279845251228,0.541355152217838,0.31443599938084893
146,0.08055606523944987,0.8312861226051816,0.060101463647742444,0.028056348507626085
147,0.07101031382355741,0.8166511309495043,0.08152776232680081,0.0308107929001376
148,0.03350205004463162,0.15428141875443246,0.16291191472146482,0.6493046164794711
149,0.05147497110287145,0.26056345967385336,0.48262571197571685,0.2053358572475583
150,0.1397582448602812,0.3600042158541866,0.31629786153960116,0.1839396777459309
151,0.057626683533248714,0.8175314443522458,0.06933684450286642,0.05550502761163912
152,0.09015586247940696,0.8300945505972283,0.06005065847140101,0.019698928451963665
153,0.03979867031917237,0.04552875012561734,0.5961377911129111,0.31853478844229915
154,0.037566017276308934,0.19700822840045507,0.619409160059822,0.14601659426341404
155,0.046312130250000826,0.25388484700777053,0.45752813472675047,0.24227488801547806
156,0.09807270048921632,0.8253849487674496,0.05341117112394357,0.02313117961939058
157,0.07406932663658264,0.8101262741280775,0.08761118350991168,0.028193215725428055
158,0.030035901969134016,0.08904265021620211,0.1580440363352906,0.7228774114793731
159,0.048109995558449206,0.28445874163324736,0.5884461147301979,0.07898514807810542
160,0.02917786912931962,0.06408423092416621,0.17853807941289046,0.7281998205336238
161,0.06690160434055895,0.8302054284686703,0.07575238207445534,0.027140585116315567
162,0.10216971686875603,0.8253939320377401,0.04329863837225736,0.029137712721246507
163,0.03269380978379927,0.07024450642028596,0.2310614527617137,0.6660002310342009
164,0.17126546851946148,0.23573437809388734,0.4249272066042809,0.16807294678237028
165,0.05166285072269595,0.7776234353345403,0.12549179638205413,0.045221917560709514
166,0.043023867323930945,0.7793237544536271,0.11399250327768988,0.063659874944752
167,0.02955955970270622,0.0961489608682712,0.1461667742728066,0.728124705156216
168,0.11111327992992905,0.36602904388746793,0.37781706536587556,0.14504061081672753
169,0.06673774553070744,0.13006998121011953,0.7379215110122918,0.06527076224688137
170,0.038169708279468924,0.041296405080624154,0.20047743652708164,0.7200564501128254
171,0.28638102112129815,0.49191899145468726,0.15919352192955677,0.06250646549445792
172,0.04479667045826575,0.19163710021887911,0.4907836292575329,0.27278260006532223
173,0.0335658975917844,0.14964694826371655,0.15144208251119937,0.6653450716332997
174,0.029228590734393357,0.09334233567232252,0.20691254897761618,0.670516524615668
175,0.04094244866753654,0.15895460909982512,0.6484875233454073,0.15161541888723104
176,0.050955220989587616,0.7889891213216242,0.10060169501005661,0.05945396267873145
177,0.029211327922396745,0.12477200051105557,0.19251424119905391,0.6535024303674937
178,0.060124182793675575,0.7991731375023068,0.10816291472867524,0.032539764975342396
179,0.030940588010613643,0.12110132604350665,0.14407742870355894,0.7038806572423209
180,0.037424512855378435,0.22971184497780958,0.6434124934104947,0.08945114875631727
181,0.031847241969493574,0.07003880592330422,0.18304374659916442,0.7150702055080377
182,0.0303273825480832,0.08740682312627009,0.1491180022056944,0.7331477921199522
183,0.25402973668268664,0.47651086162048234,0.20765840266577698,0.061800999031053995
184,0.029187431714652923,0.08082649782243254,0.19393890642177328,0.6960471640411413
185,0.03357121970493385,0.0504856673340801,0.1832355531612267,0.7327075597997593
186,0.10801558433028013,0.3782771376500244,0.4231132920180135,0.09059398600168185
187,0.04229330398506989,0.7363112091367098,0.14174758702508988,0.0796478998531305
188,0.06225157881939716,0.7863346604188433,0.11401709420752648,0.03739666655423311
189,0.03802053677111533,0.05529484629824915,0.18227044830710543,0.7244141686235301
190,0.03456196134122516,0.06379475790841661,0.2616827746438119,0.6399605061065463
191,0.043455912873415464,0.24608241212591306,0.5100634272979618,0.20039824770270953
192,0.06362058783409488,0.37393588730867316,0.46692964137247084,0.09551388348476109
193,0.055631064628950774,0.11369312049470062,0.7496319774098489,0.08104383746649979
194,0.05085130693793517,0.7923715900138194,0.09958608484446686,0.057191018203778365
195,0.04502254511157763,0.3167157565664876,0.5361702411094499,0.10209145721248485
196,0.0537625474371517,0.033890923244346914,0.7646917705182151,0.14765475880028622
197,0.030350716681530047,0.11630474906215205,0.19629392303339965,0.6570506112229183
198,0.047651741457294026,0.3179243261845241,0.5222774026463026,0.11214652971187915
199,0.06309663848186234,0.8137208869832628,0.06154017180447041,0.061642302730404455
200,0.1232031895358755,0.3422325940855809,0.31762203509027814,0.21694218128826534
201,0.03500052099317609,0.053549358219024276,0.20316582597700397,0.7082842948107956
202,0.035626462091489855,0.15953946301011218,0.12268348143501205,0.6821505934633859
203,0.046112916304114134,0.33977499180482384,0.4994389906681708,0.11467310122289123
204,0.049862727891074654,0.8041005287029303,0.1088614888910461,0.037175254514948915
205,0.03624073991586134,0.14513922231524853,0.518354566413222,0.30026547135566806
206,0.03356951675208616,0.06290645497055693,0.17574048947760734,0.7277835387997497
207,0.27136245865691194,0.43218560723065347,0.14907997653756563,0.14737195757486887
208,0.03480565709481508,0.20371138297903468,0.6378125059508772,0.12367045397527303
209,0.061612648740100945,0.24876499106641367,0.5350039026176256,0.15461845757585974
210,0.02962074118439699,0.4600156764424939,0.3092265911413077,0.2011369912318014
211,0.05398768408477438,0.8093949569413195,0.10333868352928026,0.03327867544462578
212,0.03958279716134809,0.1097572115958819,0.722356358987806,0.12830363225496397
213,0.031125339419161815,0.10628656474380564,0.17310683080840872,0.6894812650286238
214,0.03793705943287734,0.07787555333183624,0.5870165907654938,0.2971707964697925
215,0.04837755680348399,0.051565787243031576,0.78484482113931,0.11521183481417455
216,0.4508032230317264,0.18247523387800663,0.3582945728119501,0.008426970278316914
217,0.06133206154873227,0.8356757013448652,0.057982679571745195,0.04500955753465744
218,0.22098822340107382,0.348109941827676,0.3662256173612828,0.06467621740996737
219,0.07211630533108557,0.4281758987091764,0.28540914848539944,0.21429864747433866
220,0.07354353615473604,0.34075481822394177,0.41700663374245783,0.1686950118788645
221,0.06966016258719758,0.8194525454906948,0.07372591540266976,0.03716137651943777
222,0.028609952806575033,0.06770473638276922,0.1688357412590489,0.7348495695516069
223,0.043776103293470904,0.04242376393043382,0.6624458171990321,0.25135431557706334
224,0.07014944238393306,0.34075540686605094,0.426241220943613,0.16285392980640298
225,0.031394413728454085,0.06316479350627592,0.20217938808495067,0.7032614046803194
226,0.05743166170003093,0.8148004681172402,0.08786940400632968,0.039898466176399194
227,0.03499383201028262,0.7605179696700672,0.13184778569450678,0.07264041262514333
228,0.04479020837733992,0.13984097683431923,0.7625050197987866,0.05286379498955424
229,0.04982474104863442,0.06589113605382373,0.7681631579509325,0.11612096494660937
230,0.033143141752887566,0.061090431013915925,0.19111456994197457,0.714651857291222
231,0.03648181940800621,0.1378321634501569,0.15092706344419168,0.6747589536976453
232,0.03343057176629897,0.0690447172803627,0.25249735714891186,0.6450273538044266
233,0.03683965035823537,0.12646725753043406,0.23067563805944089,0.6060174540518897
234,0.03128795346697175,0.1058612534910099,0.19702074632251423,0.665830046719504
235,0.034747956369765964,0.08130938499771183,0.1696926414162985,0.7142500172162236
236,0.1519760524036286,0.43812862184657697,0.26093277223162165,0.1489625535181729
237,0.08936456854771814,0.8374469567561399,0.05341358081707865,0.019774893879063338
238,0.0796541084274612,0.8334160547905088,0.05576601296535147,0.031163823816678548
239,0.05708392410233547,0.7848992624519558,0.10593095942278843,0.052085854022920215
240,0.07355021540504544,0.8181428821555137,0.06492012011570912,0.04338678232373165
241,0.050991426594462645,0.23320160619019284,0.49738682214332364,0.21842014507202093
242,0.06254673317494625,0.3281729746416205,0.45110838820703214,0.15817190397640107
243,0.05057477498226145,0.28388858660711686,0.4733709013617611,0.19216573704886059
244,0.050954220726760674,0.814058469021394,0.08845490068764389,0.046532409564201516
245,0.029281933470744394,0.05055665725560065,0.21880155211221458,0.7013598571614404
246,0.03821050990468356,0.23950149758106173,0.5691898448387664,0.15309814767548827
247,0.25981750467166714,0.26719204386951495,0.37179413650819604,0.10119631495062187
248,0.08689372515572027,0.8279028275764471,0.0622466185504312,0.022956828717401484
249,0.06798434830578594,0.8260032134455141,0.07253937905553613,0.033473059193163686
250,0.16221371391310507,0.3255913050379467,0.3996705805557935,0.11252440049315462
251,0.11467193598204291,0.8319048565610784,0.03706988975039926,0.016353317706479364
252,0.0982021506240831,0.8301012419861529,0.03941154487996162,0.03228506250980253
253,0.04521566644856895,0.17578459648027567,0.7009165244977559,0.07808321257339951
254,0.06904959092064299,0.3626143339621513,0.3717487001973669,0.19658737491983883
255,0.04647109274754874,0.1131906541989258,0.741131004383518,0.0992072486700076
256,0.039115618803423305,0.11154732258750749,0.6083831090910011,0.24095394951806812
257,0.05594688092232196,0.8150103841401037,0.09312581971525159,0.035916915222322675
258,0.058658107781464026,0.7930938397959386,0.09845637694744527,0.04979167547515206
259,0.03328044059535143,0.7108739998537584,0.17846076441107145,0.07738479513981851
260,0.03593930727643659,0.06384906276209495,0.2605955890160275,0.6396160409454411
261,0.02896977023275771,0.0897248617726693,0.16706708525389272,0.7142382827406804
262,0.05917922096047993,0.24681840769080618,0.46493867266627614,0.22906369868243773
263,0.029769411771035356,0.11553088594956881,0.1562995343653844,0.6984001679140114
264,0.10127732682849734,0.8391996897659503,0.03247853176009951,0.027044451645452692
265,0.03356625205688042,0.15970642261635654,0.13247743592855415,0.6742498893982088
266,0.07294260674815368,0.819860329367128,0.07180223605801053,0.0353948278267076
267,0.50343227260816,0.49655427410633673,1.3453133292503559e-05,1.522108096357851e-10
268,0.030526970253253665,0.13191628085536594,0.17821915610508382,0.6593375927862966
269,0.04373434594334444,0.2391773323767645,0.5808738747719183,0.1362144469079727
270,0.03146346279527104,0.04768040552677314,0.1869724287676789,0.7338837029102769
271,0.16205966489083298,0.2517337508300579,0.3250592574455363,0.26114732683357283
272,0.04262328708588993,0.03863077004908491,0.659984676354208,0.25876126651081727
273,0.5000017140757772,0.4999982853892662,1.404756304893163e-10,3.944809056322604e-10
274,0.046311498860919065,0.1710877793835635,0.672124105459221,0.11047661629629651
275,0.0516336230311306,0.8034981679161761,0.08049164272993195,0.06437656632276129
276,0.0323562423309414,0.06431561348727871,0.18811828342140305,0.7152098607603768
277,0.1065184578403217,0.37367279519856605,0.2912695554634188,0.22853919149769328
278,0.03347071530073583,0.05639913322260339,0.19898392231940848,0.7111462291572523
279,0.08703957906878144,0.8263404358831155,0.06140879670310978,0.02521118834499328
280,0.03279414984390107,0.17065747873388448,0.16344858160688855,0.6330997898153259
281,0.06650469479012197,0.8250499002389683,0.06793650725652073,0.04050889771438889
282,0.04053869738876282,0.06159655193875527,0.6571165358121286,0.24074821486035336
283,0.11328487546487201,0.8331033598705897,0.03672067503309068,0.016891089631447614
284,0.029051680831169612,0.05886468006570753,0.22487457728668564,0.6872090618164373
285,0.07466815651564801,0.8212059188258922,0.07424478298769566,0.02988114167076403
286,0.10244309633055408,0.8288058688923434,0.044776630836007865,0.023974403941094593
287,0.03282343109802323,0.08558573748929023,0.17349799230652513,0.7080928391061615
288,0.10484132302878643,0.8298412283797981,0.04938230592967918,0.01593514266173637
289,0.0889909777097209,0.8096753045993117,0.05273063597540817,0.04860308171555934
290,0.04352390255242709,0.10522038958807396,0.6306018707586988,0.22065383710080014
291,0.03569807506200397,0.17995967467148813,0.5482689130800231,0.23607333718648468
292,0.055125288790129366,0.8115987642040613,0.08686534800172394,0.04641059900408543
293,0.04024562370193574,0.05180780483002058,0.37187422834487815,0.5360723431231655
294,0.04431790238002261,0.7436679969905601,0.16227597828322476,0.04973812234619261
295,0.06376001357370828,0.35908966987109553,0.4257210940390994,0.15142922251609683
296,0.156574431758016,0.4288759367528241,0.2298987746410885,0.18465085684807137
297,0.03280602661088981,0.06527256123605601,0.25551891519048836,0.6464024969625657
298,0.07353026784388547,0.8234404586173549,0.0770273669060525,0.026001906632707013
299,0.032925284544143237,0.15924869371416736,0.16930597838922942,0.6385200433524599
300,0.05524898145805064,0.1867991047446176,0.65347081606682,0.1044810977305117
301,0.05508056003786435,0.8088997556862414,0.09775568298080003,0.03826400129509419
302,0.04631708042425527,0.2591360820625299,0.4965074788975617,0.1980393586156531
303,0.039924381090866684,0.1116828107971403,0.49961637575018625,0.3487764323618067
304,0.04191544815270506,0.061699597439657,0.6883464899417651,0.20803846446587293
305,0.09986669422518817,0.8226185019231698,0.04833825674463384,0.029176547107008392
