,proba_0,proba_1,proba_2,proba_3
0,0.01590616240733934,0.03329676976088569,0.5983879414028294,0.35240912642894556
1,0.029072864330859302,0.8877688330993584,0.05807323422181247,0.025085068347969648
2,0.011028615149992035,0.07064497604112907,0.2672441868317236,0.6510822219771554
3,0.04373069230370252,0.8284192354748796,0.09700442211143291,0.030845650109984753
4,0.00843592619804611,0.11729139867402275,0.20772097289501543,0.6665517022329157
5,0.02207999093135985,0.8464722874736997,0.08659697610462688,0.044850745490313676
6,0.009895029283343394,0.04946949770844908,0.5572180746283788,0.3834173983798288
7,0.010626986843603652,0.06138058495567585,0.554115837218261,0.3738765909824597
8,0.005647914729894754,0.05252857478470626,0.23871375919854937,0.7031097512868496
9,0.040595624449024335,0.8255628544283584,0.11252668464423404,0.021314836478383163
10,0.40519964022515914,0.12398323360099417,0.3858100275880558,0.08500709858579081
11,0.016781455654287555,0.08455829330024982,0.5404415452179804,0.35821870582748233
12,0.08052667775877585,0.5424749336562553,0.31531198861342397,0.061686399971544834
13,0.008920125508971729,0.046855172023891896,0.25495583065392746,0.689268871813209
14,0.045495561450151115,0.3869818402000444,0.4685788410182226,0.09894375733158198
15,0.007728997575137117,0.039384125414267085,0.26324255720510065,0.6896443198054951
16,0.046410837452456805,0.8874963410861909,0.04008630839497912,0.026006513066373076
17,0.03597734069213309,0.8863899293644973,0.05792225967069899,0.019710470272670536
18,0.006908516685442594,0.04769266336104811,0.2689556021629133,0.6764432177905959
19,0.012599048276248151,0.03684283700575223,0.6302537656300083,0.32030434908799127
20,0.04318059188081328,0.8976436302652009,0.04595523906668261,0.013220538787303126
21,0.045526505556016006,0.5874049615574608,0.25157156445996165,0.11549696842656154
22,0.0073943918229094595,0.06241369079631984,0.21800345480280234,0.7121884625779684
23,0.006337025770930349,0.04698381323940056,0.26592659368097266,0.6807525673086965
24,0.0208684596796159,0.08531334748732192,0.6764586611347442,0.21735953169831798
25,0.05469457390803943,0.2866378809750983,0.510672254287068,0.1479952908297943
26,0.38153619811169875,0.1576108434106509,0.40044124927957453,0.0604117091980758
27,0.0336112781297625,0.14779628419970656,0.5846923682909391,0.2339000693795919
28,0.009989861297867693,0.04945852742452985,0.2744948423245576,0.6660567689530449
29,0.044273406249681395,0.7817478580541927,0.12641036949217074,0.04756836620395522
30,0.00640488096684272,0.04441349011256456,0.22788118338943386,0.7213004455311588
31,1.7402961084906585e-05,1.4630807298575538e-06,8.86969410992109e-05,0.9998924370170861
32,0.027755764056323837,0.02389787668213999,0.6153256623736739,0.3330206968878621
33,0.0065545045407092,0.03971450042713681,0.2550293952453859,0.6987015997867682
34,0.007952899547864208,0.043259677850014736,0.22590713392102307,0.7228802886810979
35,0.012063151170042266,0.04577937535797001,0.21826702957542726,0.7238904438965604
36,0.023517830646555264,0.8563090831258731,0.07443673069897806,0.04573635552859366
37,0.06142313261048204,0.3681147652819166,0.44788559465469774,0.12257650745290366
38,0.008065460821669724,0.039266869300894014,0.19294809603300198,0.7597195738444343
39,0.038100186434739614,0.7896404509238235,0.13558540975435904,0.03667395288707779
40,0.010167435317200048,0.05465957203348249,0.26204805274475984,0.6731249399045577
41,0.00837973897271314,0.03735437008874076,0.2298620232272692,0.7244038677112768
42,0.00889539808451887,0.06495504147650988,0.2265019737152129,0.6996475867237584
43,0.006987182444703358,0.050885867165107644,0.24115211161968522,0.7009748387705038
44,0.048189996720234426,0.3261456052027353,0.45207199847717267,0.1735923995998575
45,0.037452170771036804,0.853772770622913,0.07831038934557553,0.03046466926047462
46,0.006600837444734075,0.08757508322002863,0.22316122401103164,0.6826628553242057
47,0.40004660756660354,0.15680366841580057,0.38806597068348203,0.05508375333411386
48,0.006702495773917295,0.06972135569812103,0.29909513234714186,0.6244810161808197
49,0.006518582797405745,0.03734348955323621,0.2141344036390235,0.7420035240103345
50,0.055854915677530974,0.3375745126324273,0.48844892666677653,0.11812164502326518
51,0.00649937075107741,0.03229382264908601,0.18958839027253016,0.7716184163273064
52,0.4119255477383504,0.08479311967250305,0.42444998248111254,0.07883135010803397
53,0.030576727762519698,0.8369015627159617,0.08606495926412668,0.04645675025739194
54,0.03886119587621882,0.8561446068822423,0.07901365266540492,0.025980544576133937
55,0.014112749980017252,0.10022042835698476,0.14115307751036602,0.7445137441526319
56,0.02594290618820359,0.10005059405526559,0.6111485463328548,0.26285795342367607
57,0.044070981041153166,0.8332811315742468,0.09695896686203816,0.025688920522561866
58,0.04622136134512555,0.886384974027259,0.04479675611826965,0.022596908509345738
59,0.039189718160175344,0.22213001968104445,0.5921595366542616,0.1465207255045186
60,0.4002246450855513,0.1420788248784697,0.40041592592023134,0.05728060411574762
61,0.04794847247703142,0.23304907044144413,0.5439318166743484,0.1750706404071761
62,0.029182521565531284,0.7855563823605524,0.11553590455552198,0.0697251915183944
63,0.027278983285738877,0.8362967892128746,0.11095486898434807,0.025469358517038482
64,0.05771382927075275,0.380034344053794,0.44452532690880525,0.11772649976664797
65,0.031358425257673773,0.8989072809747952,0.04647363453241876,0.02326065923511214
66,0.054618701825307855,0.3229544633717488,0.4734851222954129,0.14894171250753044
67,0.05007291928709365,0.1264195575779051,0.6080332353887725,0.21547428774622868
68,0.02880975942161452,0.7804913891201012,0.14142957442669912,0.04926927703158501
69,0.4938851149590915,0.10376267985619053,0.34055090401754734,0.0618013011671707
70,0.04253986641183621,0.369992998370043,0.4622778070352666,0.12518932818285416
71,0.007234212874485059,0.0433951224001781,0.2827771671647384,0.6665934975605985
72,0.04504340676068286,0.8870468801701417,0.04969427574968385,0.018215437319491466
73,0.04836591134611549,0.20189645557260064,0.5434772260146812,0.2062604070666028
74,0.036183641471432874,0.8365264076026769,0.095651435386035,0.03163851553985526
75,0.0073892264408467285,0.07535354429427292,0.2588135527940594,0.6584436764708209
76,0.008977688149627006,0.05100996103031306,0.2570622365857044,0.6829501142343556
77,0.05088080886398672,0.8770174766418118,0.04297828143935593,0.029123433054845483
78,0.012323199489006524,0.07514724957381494,0.5344731749078124,0.37805637602936604
79,0.04938771378865583,0.9065623729433523,0.029607129135276494,0.014442784132715235
80,0.030159290517520546,0.8131463788281745,0.1265021063700004,0.030192224284304486
81,0.33649153444221314,0.2393873626379701,0.3574016808129283,0.06671942210688853
82,0.3978118579878369,0.23727571088398255,0.3176803073630249,0.04723212376515563
83,0.007834276031543977,0.12449326878968102,0.15130481141985183,0.7163676437589231
84,0.06079352407208279,0.298027369365335,0.5138250960691946,0.12735401049338754
85,0.008687341452846942,0.036224433236998435,0.21137350590309248,0.7437147194070621
86,0.032438223751863934,0.8842603650666649,0.04086317896516248,0.04243823221630876
87,0.0065083173354170245,0.05941003848190627,0.25434952734548805,0.6797321168371887
88,0.023689550629801433,0.9083852906444164,0.034435735800523094,0.03348942292525896
89,0.02534860404914265,0.898040953897431,0.05485619930853366,0.02175424274489271
90,0.05825113234978112,0.3712820082762556,0.4491990416257216,0.12126781774824168
91,0.008734017548893394,0.07620519040415608,0.29825597808130594,0.6168048139656446
92,0.07144363763977751,0.5034555618040268,0.3578146246890643,0.06728617586713137
93,0.010873833451000691,0.0695440626942039,0.6387910967348113,0.28079100711998406
94,0.2854266621029997,0.4269160833794584,0.2398557257671709,0.04780152875037083
95,0.034112199329323176,0.1986062210867559,0.5225284507841634,0.24475312879975744
96,0.025068916396291413,0.11497809736343755,0.5926394844768653,0.2673135017634057
97,0.028946328466356475,0.08766021028742578,0.6239245413451175,0.25946891990110016
98,0.014313329484449563,0.05266332985479002,0.2494773963421189,0.6835459443186416
99,0.07197343152479678,0.48724371731199473,0.359750929175292,0.08103192198791641
100,0.01815161554115557,0.10745050331119892,0.5900945413017027,0.2843033398459428
101,0.013286907752940351,0.08657752157508325,0.5815745644403411,0.31856100623163547
102,0.03989861319919557,0.8065780648145326,0.11416174194172607,0.03936158004454559
103,0.023632478928183823,0.8656204506997885,0.0796011441727945,0.031145926199233124
104,0.007409682248543803,0.051477989642316896,0.23587611090047783,0.7052362172086615
105,0.01902513052102205,0.9015352086720337,0.05025012859956765,0.029189532207376623
106,0.41808431848321953,0.26114142307737875,0.2555515296108887,0.06522272882851293
107,0.003906506931265309,0.01201015282242392,0.6385516310312028,0.34553170921510784
108,0.007479799383330544,0.08904210273313344,0.1757104341953019,0.727767663688234
109,0.06415150766334524,0.4635275011150614,0.39525175334972246,0.07706923787187091
110,0.01834451513728798,0.10848769976718614,0.5381530494004183,0.33501473569510754
111,0.012722192725557135,0.058421886474366344,0.22719476312256404,0.7016611576775125
112,0.044349991070247084,0.8666491489700615,0.06576130408656612,0.023239555873125397
113,0.05068649142302633,0.8573315535366214,0.07129065062978368,0.02069130441056872
114,0.02725917839205675,0.8551262416420908,0.08816610609351401,0.029448473872338534
115,0.007576587203705667,0.06297844194835185,0.1550316923200581,0.7744132785278844
116,0.009862366940183867,0.06128186842954853,0.28538337575851896,0.6434723888717486
117,0.006565917006979947,0.04657355638218824,0.2506668960681238,0.696193630542708
118,0.07142471873859342,0.5229341595872514,0.3386740127710954,0.0669671089030598
119,0.00736592856501637,0.040529575530957776,0.2746565559267965,0.6774479399772294
120,0.2707522295286344,0.42667231172608633,0.256849697114957,0.04572576163032225
121,0.026138574149552694,0.03207135710589659,0.7620233216186357,0.17976674712591498
122,0.010655266810240354,0.04565996909298786,0.2266173494696894,0.7170674146270823
123,0.056558025409534814,0.3791172251692451,0.43968487073747753,0.12463987868374252
124,0.00794113326260655,0.03337116481257115,0.6179164342352108,0.3407712676896113
125,0.020487479725088457,0.07948149752385968,0.5640367424888102,0.3359942802622417
126,0.049040441385560234,0.42121080913395625,0.4160642906110637,0.11368445886941993
127,0.036343506146242155,0.6032203933859323,0.2488636696974525,0.11157243077037313
128,0.040147510596215914,0.8726836171548833,0.06769600653784512,0.01947286571105567
129,0.041740255531898904,0.3107617212984666,0.49836000817008547,0.1491380149995491
130,0.020358142371393894,0.19931732847716707,0.502149847131185,0.27817468202025386
131,0.04225666652252325,0.3525221274393641,0.46805464447184875,0.13716656156626386
132,0.008787081816188662,0.064916422280609,0.27062009411743115,0.6556764017857711
133,0.05298418627591556,0.4248030193808349,0.4224300869518323,0.0997827073914171
134,0.032147167551801636,0.8668554014667836,0.08058073056462894,0.020416700416785838
135,0.7495885780628567,0.16321027910758892,0.02456596528913726,0.06263517754041718
136,0.04041673813196438,0.908895679909943,0.032266934203178624,0.01842064775491388
137,0.000580079633914625,9.722514091886e-06,0.0020326391603369934,0.9973775586916566
138,0.031213505759591843,0.8987168045858198,0.04930748845061976,0.020762201203968593
139,0.03441763998425636,0.8597932460466425,0.06837616877177435,0.03741294519732695
140,0.056090168857968,0.8750050398918652,0.0469735906114062,0.021931200638760747
141,0.02750507105408325,0.8707439576653746,0.07326821836831927,0.028482752912222995
142,0.009953819713467633,0.043569669945931595,0.2572533847645978,0.689223125576003
143,0.006670230147479662,0.06285650673669967,0.25124095963688303,0.6792323034789377
144,0.01346533744794702,0.0854259417372983,0.21033968703169073,0.690769033783064
145,0.025097552747551852,0.14299528092420358,0.5724532875310037,0.2594538787972408
146,0.03208698824394816,0.8927683711263761,0.054853397668800145,0.02029124296087568
147,0.04417070539223504,0.8547441343430184,0.07298341860287569,0.028101741661870756
148,0.00741781806609599,0.06841739230746041,0.24554365244678192,0.6786211371796617
149,0.06460471034741778,0.3952958041707109,0.4346451092284528,0.1054543762534185
150,0.3627510950847025,0.33575137717068637,0.2599693552132034,0.04152817253140779
151,0.024106528121578298,0.8629603370337706,0.07381851829311886,0.03911461655153218
152,0.0448423824237303,0.8692481028321383,0.04885225401765529,0.03705726072647619
153,0.01032077411960398,0.042513535050394534,0.5394497921114662,0.4077158987185353
154,0.018868604843824306,0.12231248178429814,0.5290275054543412,0.32979140791753625
155,0.061792080266989804,0.38436887425117405,0.4299690918592386,0.12386995362259758
156,0.03296356471653398,0.8838343973161326,0.04703693922510841,0.03616509874222494
157,0.037570571480082374,0.8684153941779396,0.06614437384197051,0.02786966050000754
158,0.007705221846675564,0.07454895895429077,0.19928344876920506,0.7184623704298285
159,0.046608951241130056,0.4066326894951325,0.44519252165752266,0.10156583760621488
160,0.006495250941014324,0.046516291426595434,0.2828402775208228,0.6641481801115674
161,0.033857474491598274,0.8552799348851384,0.08346692002531156,0.02739567059795165
162,0.028694443878754635,0.9224156549132871,0.030134473028655285,0.018755428179303053
163,0.00836021253009221,0.045302673607297755,0.2694355030379593,0.6769016108246507
164,0.3593111951768221,0.16347562915331892,0.38303724612480144,0.09417592954505766
165,0.03293881006557703,0.8644776377157953,0.07034272909148746,0.032240823127140314
166,0.027388646636081336,0.8255162262276711,0.09641319829186472,0.05068192884438274
167,0.007732144658606907,0.05740709149590893,0.24606555424949633,0.6887952095959878
168,0.28815745187834174,0.37394108879172616,0.292138482329951,0.045762976999981074
169,0.009206052805994817,0.04105117605000206,0.5911937032108765,0.35854906793312663
170,0.010863358990567907,0.034116818649971445,0.17106628714639507,0.7839535352130657
171,0.4353149024900166,0.19687784516638696,0.3247116091994709,0.04309564314412563
172,0.010974014043740814,0.06076970939739214,0.5197903213227223,0.40846595523614476
173,0.007022130919736619,0.062349497809253925,0.21659654282708876,0.7140318284439207
174,0.007349677856743937,0.06492010333623097,0.2758812542434514,0.6518489645635738
175,0.03259097475446385,0.22823388564661812,0.5518922729954464,0.18728286660347174
176,0.03891673043303839,0.8562906510975926,0.07456193346052575,0.030230685008843284
177,0.010846505882327918,0.07971777732322104,0.2510583782929255,0.6583773385015256
178,0.04265378493527263,0.846293491011371,0.07582057488440011,0.03523214916895634
179,0.0067230536376964205,0.07791315891314318,0.3056413260797698,0.6097224613693906
180,0.043693867872545866,0.2344911811132028,0.5407828806564258,0.18103207035782545
181,0.012178384077860805,0.05325551196651904,0.1763206494580055,0.7582454544976147
182,0.005794987514622469,0.05424605381747337,0.23942124709784604,0.7005377115700582
183,0.4145695181113095,0.2530480374392122,0.2969225422449351,0.03545990220454319
184,0.010008426063773118,0.05895097342625756,0.25517517305644766,0.6758654274535216
185,0.006744928077045253,0.03634536269687648,0.24899205496772076,0.7079176542583575
186,0.2550809966243058,0.3956058728521765,0.30897900950290336,0.0403341210206143
187,0.050214651222412074,0.8183724511791733,0.0939756318327675,0.03743726576564715
188,0.04897706832540576,0.85181687666232,0.07460547518673999,0.024600579825534423
189,0.01248154609266346,0.039127996597015775,0.15176218917171655,0.7966282681386042
190,0.006512057660287109,0.043203385358682234,0.22550484447053584,0.7247797125104949
191,0.04660976062300697,0.3564925301886897,0.455635051101335,0.14126265808696836
192,0.0661516458659122,0.5321916456168877,0.33288441086847786,0.06877229764872224
193,0.006319625518854305,0.04387600219546463,0.5851801996395802,0.36462417264610086
194,0.02513702927416783,0.8633680259760352,0.06883644742224082,0.0426584973275562
195,0.06322958530142071,0.41289452692786277,0.4233296681636736,0.10054621960704282
196,0.011524927190930392,0.037935171833541635,0.7003208791181579,0.2502190218573701
197,0.00665769893538525,0.06668284998228544,0.2723064826245341,0.6543529684577951
198,0.04857072553988774,0.42024063474442785,0.4251324178070122,0.10605622190867205
199,0.03282251857990803,0.8827026037707622,0.052828758830241185,0.031646118819088714
200,0.33913035112784773,0.3597558864387946,0.2546990367039768,0.0464147257293808
201,0.006932755206166819,0.04319608211317588,0.18209161948505162,0.7677795431956057
202,0.010076849659478165,0.07248786133021505,0.13874645252724416,0.7786888364830625
203,0.07137001472098727,0.431938302036869,0.399527090086603,0.0971645931555408
204,0.02669523165440185,0.8307484403213864,0.11307707508057019,0.029479252943641576
205,0.0153864727254293,0.0811515769043786,0.5652308997786013,0.33823105059159086
206,0.01097155835459943,0.04493697033869237,0.20646147552916716,0.737629995777541
207,0.42635335006165237,0.12857614628818734,0.3798504266859656,0.06522007696419459
208,0.020705400516082564,0.17903943770795647,0.5429300105602837,0.25732515121567734
209,0.07373951051675376,0.4247203819621199,0.4178666280356943,0.08367347948543201
210,0.04649145544115322,0.534625561919703,0.2870493113917348,0.13183367124740894
211,0.03727577289304844,0.8327484867281411,0.103754972026623,0.02622076835218737
212,0.01554844997925967,0.10427499654669635,0.566444968389079,0.313731585084965
213,0.008952849036998074,0.054018249430402336,0.25364411676733284,0.6833847847652668
214,0.03692476774694917,0.13107623263249565,0.6214470401584021,0.2105519594621531
215,0.020819499827123663,0.09198482661766101,0.6285397005179424,0.258655973037273
216,0.2521090862657692,0.4692097462866258,0.176675570719325,0.10200559672827984
217,0.03761529980740979,0.856380158934626,0.06902031729327965,0.03698422396468458
218,0.35177230818242977,0.18365249357247723,0.3590089506695612,0.10556624757553179
219,0.18894515489881508,0.4934283466471449,0.27003192203801163,0.04759457641602844
220,0.08024089030293037,0.5230978521719115,0.3290453297291283,0.06761592779602993
221,0.041726202055978295,0.8793525397944486,0.06185898528569342,0.017062272863879718
222,0.006760275848993074,0.04953980477384461,0.2721013146588562,0.6715986047183061
223,0.02004600816699227,0.04766068908764813,0.6355382494198033,0.2967550533255562
224,0.07072772677860191,0.5068490873725906,0.3525037439264911,0.06991944192231643
225,0.007322380358366376,0.049575581281773,0.20587837148865637,0.7372236668712043
226,0.027655934370077098,0.8717200666725625,0.0702419316122949,0.030382067345065496
227,0.02897546965636444,0.7994748246407699,0.13037889938988548,0.04117080631298039
228,0.021032979266296607,0.10552184733175275,0.5865282365684794,0.2869169368334712
229,0.04086246059442453,0.08638401024625288,0.6134190566374591,0.25933447252186353
230,0.005784404715569798,0.04323953204585611,0.204367716418418,0.7466083468201561
231,0.006956565867624438,0.05256816417904183,0.20643734414605314,0.7340379258072806
232,0.006433309817683064,0.049644951986249845,0.24405648805286093,0.6998652501432062
233,0.005656622259014336,0.058311627671882985,0.23768600737595447,0.6983457426931482
234,0.017880124535711892,0.07206025462219269,0.25076694113592196,0.6592926797061734
235,0.015121981453533365,0.049493036709420686,0.13781637283709974,0.7975686089999461
236,0.3608308347063264,0.32429323894254564,0.27807446509663436,0.03680146125449354
237,0.04362626196604105,0.8581504504645756,0.07354969243134445,0.02467359513803895
238,0.024859828412070517,0.8902047427812255,0.05827480122368161,0.026660627583022328
239,0.032752028892341155,0.8660416134479016,0.06444062312952395,0.0367657345302332
240,0.04718054992501393,0.8844874683750902,0.03880800896808553,0.029523972731810358
241,0.055786355787952734,0.38660742873168996,0.44458046220389463,0.11302575327646269
242,0.0856580731934341,0.488058620035401,0.34595592701442457,0.08032737975674017
243,0.055275099590422434,0.4162638650575537,0.4115276126306852,0.11693342272133865
244,0.046946129386148644,0.8191480519671916,0.09128295579187734,0.04262286285478229
245,0.01091228708638174,0.04962995121231173,0.2564131569365438,0.6830446047647628
246,0.03404214163258488,0.28962062338245387,0.49207953910047203,0.1842576958844892
247,0.42601760669747474,0.1126342607821459,0.3710080479485034,0.09034008457187591
248,0.03658616941285268,0.8915962432168918,0.04344241734840672,0.02837517002184889
249,0.029142557596748365,0.8649072018699604,0.07982708294576493,0.026123157587526268
250,0.3636300100701019,0.26867208700111156,0.31687055791554364,0.05082734501324302
251,0.027391130176342114,0.9023884346677876,0.04173928466856613,0.028481150487304156
252,0.04011234250926434,0.8850711941291712,0.04844731553978431,0.026369147821779994
253,0.05321894813154563,0.29184883308795223,0.5103098422317787,0.14462237654872334
254,0.07891655279024293,0.5269528759093135,0.32237358272936245,0.07175698857108115
255,0.056302745494625335,0.24310455411428158,0.5011776274681403,0.19941507292295263
256,0.03855846878742194,0.16941907770282866,0.6000705112243371,0.19195194228541249
257,0.025260610248904077,0.8520371655844937,0.08302425053875878,0.03967797362784351
258,0.06008584926869212,0.855868926803165,0.049992509875978544,0.034052714052164534
259,0.043366713920498755,0.7387230671937559,0.16540432343901468,0.05250589544673054
260,0.008304452587181236,0.041495638346542886,0.2363190641202876,0.7138808449459884
261,0.007219725337703065,0.061423983124524156,0.2612377952582607,0.6701184962795121
262,0.060582814015356735,0.4101617228990794,0.43366257328549795,0.095592889800066
263,0.007164687522983367,0.06612603210420517,0.26837920965336876,0.6583300707194427
264,0.056523842134803166,0.890623693200169,0.037148591505325734,0.015703873159702023
265,0.01311553704375546,0.07674657354373926,0.21876733279898106,0.6913705566135243
266,0.05567948549566774,0.8568679719014543,0.061229412206597805,0.026223130396280415
267,0.005529629508242344,0.005031214458693804,0.07609174500285311,0.9133474110302108
268,0.00902173339749218,0.07235408736142562,0.2645144522420307,0.6541097269990516
269,0.05162386973556309,0.32154394985271323,0.5034652976298946,0.12336688278182906
270,0.006831925888103561,0.04220565302711225,0.23927582001362624,0.7116866010711579
271,0.3692562461371284,0.17689129488979632,0.38193420755683966,0.07191825141623558
272,0.017227724722994445,0.04421836572568072,0.5938649454469817,0.3446889641043431
273,0.0001265541533887898,2.6502525275441183e-05,7.474154029362571e-07,0.9998461959059328
274,0.05820310061322685,0.3088637168670489,0.4865775009459464,0.14635568157377793
275,0.02147495947138033,0.8583167088285611,0.06919246300715622,0.051015868692902394
276,0.011807859767057343,0.04959031234801747,0.21000777684978658,0.7285940510351386
277,0.3061090716347371,0.36263544365010536,0.2802181198148145,0.05103736490034288
278,0.013894777230299324,0.04012352010542896,0.260525790576125,0.6854559120881467
279,0.042660607986154876,0.8758395016407549,0.06736180283539163,0.014138087537698593
280,0.010443127325672168,0.11514987948197009,0.2641712987866112,0.6102356944057467
281,0.027266294042567172,0.8844142004496721,0.060495951218229385,0.027823554289531347
282,0.028893550018069026,0.0840155677223723,0.6267156442481765,0.2603752380113822
283,0.02909905573000398,0.9004220832718951,0.05027144485135123,0.020207416146749577
284,0.009171055569122072,0.05680594612760388,0.23549712651100255,0.6985258717922714
285,0.0506092216278463,0.8642737455279713,0.07074571305933534,0.014371319784846985
286,0.03369252693678997,0.9128756336246748,0.033902322621688324,0.019529516816846785
287,0.011485688785024362,0.05837741863396752,0.16415902333587845,0.7659778692451297
288,0.035855899668448536,0.898608358792709,0.04306165215874544,0.022474089380097147
289,0.04774565787213007,0.8910094480607619,0.03393745743986635,0.02730743662724151
290,0.04054293549732836,0.19628928891301378,0.5643327303668884,0.19883504522276949
291,0.03031271355033152,0.22851958239314016,0.5256569992970573,0.21551070475947093
292,0.05557446826654543,0.8440055913310133,0.06669343660800418,0.03372650379443714
293,0.008013162216747177,0.04550265238247654,0.24473829277243048,0.7017458926283457
294,0.041118650444405234,0.8305325240249775,0.09606636291081816,0.03228246261979914
295,0.07280931634326644,0.5044907852784645,0.3528456611149168,0.0698542372633524
296,0.38328137753274594,0.3166764087176766,0.2576664052238348,0.0423758085257426
297,0.0071652278157930275,0.05339594184329023,0.2389962462520174,0.7004425840888994
298,0.041998209947173966,0.8788413482608909,0.052158922442754836,0.027001519349180273
299,0.006629096019922877,0.08707142003152867,0.2005275088077131,0.7057719751408353
300,0.06876204501890824,0.3431209578457282,0.4809235695929895,0.10719342754237411
301,0.031557460772431496,0.8614380614427043,0.08206367975331134,0.0249407980315529
302,0.04538890506551889,0.35568409807945844,0.48023285639109176,0.11869414046393086
303,0.012238699584328295,0.04948026888487472,0.5562623530871815,0.3820186784436155
304,0.023823884491137377,0.10045793967562275,0.638817859360809,0.23690031647243073
305,0.03377046574421045,0.9013815522868996,0.034295358268959776,0.03055262369993014
