,proba_0,proba_1,proba_2,proba_3
0,0.14422764310744357,0.12648826711758476,0.6109964455788209,0.11828764419615086
1,0.12453764959014979,0.729151570681513,0.10739896879342417,0.03891181093491299
2,0.10153749893495473,0.15371741883923176,0.176802274448109,0.5679428077777045
3,0.11119100046576616,0.7124637517326626,0.1322404911351307,0.044104756666440315
4,0.10972460080398909,0.21465444677616313,0.20627885617908492,0.469342096240763
5,0.10254234555917466,0.6890616817871865,0.13768780005809997,0.07070817259553902
6,0.13808943587546513,0.15462264533532669,0.5857297419013451,0.12155817688786301
7,0.13029760448270808,0.18066749610596874,0.5517422860039543,0.13729261340736892
8,0.12656617372741394,0.17218738048479293,0.2395585814257638,0.4616878643620293
9,0.11095435781574944,0.721393418889616,0.12657588682603252,0.04107633646860232
10,0.20674319964700302,0.2334401339790173,0.48918315589928174,0.07063351047469785
11,0.11994823424809033,0.20612050246985278,0.4958448841619822,0.17808637912007472
12,0.15826348035454013,0.24206778552457234,0.4486072790831665,0.15106145503772103
13,0.09826181739441257,0.11142858938798865,0.14607945224097518,0.6442301409766238
14,0.14120430552689578,0.2439991912825811,0.5410012951764963,0.07379520801402678
15,0.12184074515717022,0.1238179899591108,0.2175334279628043,0.5368078369209147
16,0.11985574786858687,0.7234091229631757,0.10450945528952861,0.052225673878708884
17,0.11594460877228595,0.7371014568204174,0.09827619265044839,0.04867774175684804
18,0.10460677060123313,0.13406278805710764,0.16149262377765372,0.5998378175640052
19,0.1430158274247539,0.10838230781802523,0.6350860182778595,0.11351584647936137
20,0.13198564325361198,0.6937845898213602,0.1249144902710672,0.04931527665396032
21,0.11833348348582187,0.3936241639913341,0.3542567350903574,0.13378561743248668
22,0.10997637651989435,0.1702684996413594,0.15466928881364628,0.5650858350250999
23,0.09610536094013282,0.11606316818332318,0.14210289650932748,0.6457285743672164
24,0.13690535969011747,0.12601872422832708,0.623131160663709,0.11394475541784624
25,0.135205252880665,0.18986245351293535,0.5372304081470064,0.13770188545939316
26,0.19753587756518276,0.2500369403264021,0.39579203808688845,0.15663514402152678
27,0.12576297315877263,0.16824706529140104,0.5343634765806503,0.17162648496917604
28,0.11379779554003647,0.14924090600966647,0.1989895516794261,0.5379717467708707
29,0.1095906008060922,0.5706517133202698,0.23508047452636938,0.08467721134726876
30,0.09703790361027811,0.1031250246908398,0.12532498110825466,0.6745120905906273
31,0.43032650446981097,0.13896632285937877,0.16381944673806814,0.266887725932742
32,0.15682100073237085,0.10771868601469617,0.620394192931722,0.11506612032121077
33,0.1078207512346156,0.10581743202418022,0.16267738425768766,0.6236844324835169
34,0.10127221696387724,0.09235644867576502,0.12849209763183359,0.6778792367285242
35,0.11463151727688783,0.12403497356577715,0.15106563860723213,0.6102678705501028
36,0.10318899735867511,0.724306103196951,0.11814347108534384,0.05436142835903
37,0.1391066091374039,0.21546975396565446,0.5304920559703565,0.11493158092658497
38,0.1199030472277129,0.12217709923033214,0.16014995450433883,0.5977698990376162
39,0.0968277536288573,0.7004725013583216,0.1393119983602243,0.06338774665259665
40,0.09495236870814434,0.1128956506943721,0.15293565712553783,0.6392163234719456
41,0.09986273509691156,0.09616028664176343,0.12693329770670397,0.677043680554621
42,0.10514397085255509,0.15722484409074128,0.16629497589722475,0.5713362091594787
43,0.09677506069910613,0.11072424379643483,0.13897665287059285,0.6535240426338663
44,0.12820412953384427,0.24538364533091447,0.5198831596814597,0.10652906545378185
45,0.11520188540286615,0.6987185073874748,0.14040079001227662,0.045678817197382614
46,0.13275014039449648,0.23614208989670296,0.2827902126816733,0.3483175570271273
47,0.1798931100930382,0.15835451932746422,0.5776271058121505,0.08412526476734732
48,0.10248279119361545,0.164995437392695,0.19826155862602227,0.5342602127876672
49,0.09879356979126788,0.09159578623151193,0.11579673766959944,0.693813906307621
50,0.15223434690812512,0.16737802133060534,0.6233482166569133,0.057039415104356284
51,0.1039530429886284,0.0848872612153368,0.11107659897475819,0.7000830968212766
52,0.18932298855833707,0.182378319553107,0.5316987079756286,0.0965999839129273
53,0.10157941804345583,0.6260757290500018,0.17329303521064074,0.09905181769590139
54,0.10323085911305355,0.7366138963295507,0.10550894265583897,0.05464630190155721
55,0.13083790695995412,0.1994514505127539,0.2169411989293942,0.4527694435978979
56,0.1574767450319148,0.15748697088644162,0.6406409356168804,0.04439534846476314
57,0.10680337941840833,0.6449219541108702,0.16733206140928267,0.08094260506143869
58,0.11249418698051249,0.7137130099024745,0.11238892684042864,0.06140387627658459
59,0.14764077052435695,0.17659041120143937,0.6286051027938218,0.04716371548038173
60,0.1837119654458502,0.17711183094854954,0.5199172641742388,0.11925893943136119
61,0.1375261358497549,0.16892011602321905,0.5824213004553289,0.1111324476716971
62,0.10388531759156892,0.6203129679104702,0.19198987704723922,0.08381183745072233
63,0.10424976512189262,0.7278923514753702,0.1219646471015312,0.045893236301205856
64,0.1319515705528357,0.24218276084989956,0.4868709830004486,0.13899468559681646
65,0.11129385932463204,0.7351331098613302,0.10475954021731962,0.04881349059671805
66,0.1335183740380837,0.22097898784530115,0.520047544665493,0.12545509345112166
67,0.1354498227011308,0.13454775848547806,0.5905351133602417,0.13946730545314953
68,0.10254253812037577,0.6826663617901919,0.15919695211945759,0.05559414796997461
69,0.2296804051652614,0.24337709220375348,0.38709649443439126,0.13984600819659396
70,0.13331683272819667,0.25499192553471306,0.5062943144952958,0.10539692724179447
71,0.11922609158830173,0.11715093407627895,0.2240760178054745,0.5395469565299447
72,0.11924300282883925,0.6887595598243437,0.13263121267070946,0.059366224676107894
73,0.12024810471858632,0.18749247239919745,0.474203571195595,0.21805585168662106
74,0.10837426460732531,0.6406431006760481,0.1741087681598738,0.0768738665567527
75,0.12288312541233491,0.18548049895465918,0.2796500263816493,0.41198634925135647
76,0.11665804149717741,0.13743084729748692,0.2220098071002884,0.5239013041050472
77,0.11444520769727395,0.6581260330313976,0.15024457795224896,0.07718418131907952
78,0.1367504097148961,0.1912636163787197,0.5747360080979039,0.09724996580848039
79,0.12346489848358101,0.7070688874348884,0.1093082921956733,0.0601579218858573
80,0.1015672431608353,0.7013241927014231,0.14017491194432094,0.05693365219342073
81,0.17211207709303575,0.19827695016504207,0.5030433941588903,0.12656757858303186
82,0.1801414240002595,0.23326333883928124,0.4669978194468196,0.11959741771363958
83,0.1340472502622741,0.24687110876869023,0.21628695260526223,0.4027946883637726
84,0.13878847788531481,0.18437683034176866,0.5605217917301873,0.11631290004272926
85,0.10540690484977742,0.10405953115772891,0.13130814779477964,0.6592254161977141
86,0.13724874329968353,0.6899782904241264,0.1251758988508786,0.04759706742531125
87,0.10465375261734502,0.1519311426119087,0.1639813684381782,0.579433736332568
88,0.11445170608883973,0.73119989675277,0.10301317050033741,0.05133522665805273
89,0.11748521533300324,0.7292618758953767,0.11067583946249278,0.042577069309127295
90,0.146868857204481,0.19513758200516307,0.5751126845179161,0.08288087627243947
91,0.10732265188663764,0.16735223613242523,0.2369384251134983,0.48838668686743886
92,0.14750913910957228,0.2568399116213852,0.4964896431939685,0.09916130607507405
93,0.15834600666860543,0.1516801194051408,0.6498134377317467,0.04016043619450693
94,0.16214784016590317,0.26923946980367314,0.36711835011117167,0.201494339919252
95,0.12750469676366386,0.22311653689490493,0.543153986730513,0.10622477961091874
96,0.13826505095141828,0.13173769949476527,0.6167767408804914,0.11322050867332505
97,0.11391184572430284,0.1366707938993093,0.4328715516345919,0.31654580874179594
98,0.12313144315132922,0.1369598004929023,0.22954350247802652,0.5103652538777418
99,0.14650904717663518,0.2379716492860008,0.473544327869389,0.14197497566797493
100,0.13438539202555844,0.15354322395093942,0.6009314329853044,0.11113995103819782
101,0.12049366923885861,0.1779681980792344,0.5335551443751133,0.16798298830679395
102,0.10049646465834232,0.6394950734242585,0.16923942858169305,0.09076903333570606
103,0.10367138569604042,0.7511060600848142,0.09618685874757203,0.049035695471573534
104,0.10119633389636805,0.14031633376890318,0.1429710139836806,0.6155163183510484
105,0.1321144134999341,0.7207812288777881,0.10717741091063397,0.03992694671164456
106,0.19288767772061696,0.20568842863385833,0.389664062053642,0.21175983159188252
107,0.16997601486529426,0.07940604222218915,0.689670662692305,0.06094728022021162
108,0.13049370662934964,0.20696665650771476,0.2165568709359713,0.445982765926964
109,0.1393752759047308,0.2687465337689759,0.48339488517731444,0.10848330514897903
110,0.12897202994444812,0.1888314372207559,0.5684975068058572,0.1136990260289389
111,0.1109567559710309,0.14887425221588188,0.17135670630957034,0.568812285503517
112,0.11143449868372146,0.7226697771711295,0.11370322903481395,0.05219249511033503
113,0.11420000512064032,0.7317362126376485,0.10997632701359271,0.04408745522811838
114,0.10930788175212533,0.6849412959362264,0.14793980155546105,0.05781102075618768
115,0.10432153928875305,0.12006778611571785,0.12303243824865083,0.6525782363468785
116,0.10687434103341634,0.14759474882869883,0.21019084189974785,0.5353400682381367
117,0.12940999755807386,0.13719051863591003,0.23802077381834214,0.4953787099876739
118,0.14718378042519606,0.272867744417366,0.4766680983333046,0.1032803768241334
119,0.11012160791084401,0.11023877629662204,0.17296842430307388,0.6066711914894599
120,0.16443620894625657,0.22659522411775246,0.43186551267972545,0.17710305425626563
121,0.17282478418268124,0.07655527021574918,0.708346640053544,0.04227330554802568
122,0.11003374697246102,0.11669669710385752,0.17322369042216437,0.6000458655015167
123,0.1471921606113157,0.18620552520637626,0.5732547420488696,0.09334757213343847
124,0.15037036750371227,0.11436403658839861,0.6561573186517167,0.07910827725617217
125,0.13211484573512997,0.1445712613271481,0.5888942695472555,0.13441962339046634
126,0.1369399623665891,0.26144648228636874,0.48998590718926976,0.1116276481577726
127,0.11203414411440646,0.4400607489721548,0.33461976512065683,0.1132853417927817
128,0.12169565029194815,0.7352190183376511,0.10066834049900683,0.04241699087139363
129,0.1283340049625909,0.22033114471040458,0.5012756912920395,0.1500591590349648
130,0.12203795831325201,0.24579256671661392,0.5158887160713154,0.11628075889881871
131,0.1348670608156673,0.2501533726388027,0.5305069942797733,0.08447257226575679
132,0.11375181055273423,0.1655889852086075,0.22417434524389687,0.4964848589947616
133,0.1412730790819801,0.23895871530069038,0.5102661636077778,0.10950204200955194
134,0.1087910878363433,0.740076950001448,0.10795001307634283,0.04318194908586558
135,0.28011299304522636,0.10192048248936401,0.4429101667016066,0.17505635776380307
136,0.1251974696275387,0.7211350264699729,0.1050320429708551,0.04863546093163305
137,0.4260552374288535,0.14823582171335048,0.16087643742284896,0.26483250343494713
138,0.11688181933438153,0.6984184462590326,0.12795521946059157,0.05674451494599373
139,0.11705847737723132,0.6884146744505886,0.1457355369465545,0.048791311225625515
140,0.11544398668739292,0.685252279288387,0.1286484749853922,0.07065525903882769
141,0.10329166078039036,0.7447257171912982,0.1048021953574709,0.047180426670840325
142,0.11685983208042386,0.11534136013935295,0.20579969295835832,0.5619991148218646
143,0.09955565378918137,0.1456303037579615,0.16108094902095457,0.5937330934319027
144,0.1340569315971637,0.21966531705667916,0.2799288358477161,0.3663489154984412
145,0.12386856787419696,0.17109593004739035,0.5171295065317839,0.18790599554662893
146,0.11493957836070101,0.7298344145230843,0.10893600099618443,0.04629000612003059
147,0.11379639980171315,0.7189144893973818,0.11911436735183009,0.04817474344907531
148,0.11838424472024935,0.18923780446650162,0.22402490888147725,0.4683530419317717
149,0.14061588253843813,0.21774755624983358,0.5061057767643012,0.13553078444742714
150,0.17638469479856855,0.2321799796397818,0.4157034018110153,0.17573192375063443
151,0.10014443227676094,0.7228648381987091,0.11775603843269175,0.05923469109183784
152,0.12952874237230005,0.69069322623668,0.13489132891833158,0.04488670247268837
153,0.1297762860808088,0.11923206271991629,0.5235744995301634,0.22741715166911144
154,0.1282958504033926,0.21221209432817956,0.5522287904720479,0.10726326479638004
155,0.13719198690710294,0.21815913182670835,0.4890762680898128,0.15557261317637597
156,0.12774987695793277,0.695448547642813,0.1264725034349983,0.050329071964256115
157,0.11376374418549574,0.7197952311814515,0.11994078742527922,0.04650023720777403
158,0.10803046031271316,0.14671334064851863,0.1498338190144656,0.5954223800243027
159,0.14323456886341077,0.23436154090215264,0.5545312018566279,0.06787268837780881
160,0.09938860388472022,0.11726579956032059,0.1579676995028767,0.6253778970520825
161,0.11277113344853638,0.728970454142702,0.11729935801702462,0.04095905439173725
162,0.11993424619136964,0.7220710146591292,0.10336810500476223,0.05462663414473889
163,0.11748042794081165,0.13006560017611898,0.2182532619445838,0.5342007099384853
164,0.17872095846702948,0.18563516395888624,0.48411900469000785,0.1515248728840768
165,0.11121625531501618,0.6709157255011802,0.1559821295439938,0.061885889639810114
166,0.10121335141355539,0.6815652128106112,0.1519797456256523,0.06524169015018105
167,0.10265494173801756,0.14075604767072805,0.15894789964503503,0.5976411109462194
168,0.16305675410339862,0.24950617465229763,0.4465464749772322,0.14089059626707126
169,0.1523047230419648,0.1788660484139289,0.603009070054253,0.06582015848985336
170,0.11211182345107694,0.08118473508366339,0.11469349351762004,0.69200994794764
171,0.19496942489870928,0.25333992149435364,0.44749592348035544,0.10419473012658144
172,0.12400461020139628,0.20314402579540833,0.5016529544732732,0.17119840952992224
173,0.12138586660704712,0.184522184575438,0.20626061528786518,0.4878313335296497
174,0.1105894727870648,0.15974730512689733,0.2168204765354396,0.5128427455505983
175,0.13604137625376556,0.1853040477755293,0.5759588246847844,0.10269575128592055
176,0.1050346987482455,0.6805819734094867,0.14304153581347476,0.07134179202879308
177,0.11055180667871921,0.17406088140190126,0.22911218202984834,0.48627512988953114
178,0.11642134316250538,0.6737832890850322,0.15809839290613278,0.051696974846329895
179,0.09947687290149929,0.1651944866758972,0.1638644406488553,0.5714641997737483
180,0.13475372524827406,0.21197113858527952,0.5751256701137651,0.07814946605268129
181,0.11359377874353252,0.11647484669896935,0.16105901361732514,0.6088723609401732
182,0.1037086875247541,0.1356590652437276,0.155873296755861,0.6047589504756574
183,0.18787004984917205,0.25526083363062935,0.4560806944723123,0.10078842204788624
184,0.1062594495073499,0.13637886899163665,0.1944404608677992,0.5629212206332144
185,0.09480681838700161,0.09397486442165269,0.11457159748589027,0.6966467197054551
186,0.1573205437326847,0.26620493607042467,0.4752890665798873,0.10118545361700337
187,0.10553664001894508,0.6311119457698854,0.17570713465768753,0.0876442795534822
188,0.11255766097717804,0.6878612284270971,0.14214940842276108,0.05743170217296406
189,0.11439303698950276,0.0890744479971099,0.11939688329186439,0.6771356317215232
190,0.12938605405735976,0.13602987073413103,0.22808805041009234,0.5064960247984172
191,0.13420428417431374,0.22485252941016698,0.514028705519882,0.1269144808956375
192,0.14922188176828674,0.26687494212080975,0.5048105781929738,0.07909259791792951
193,0.14694624939192266,0.16945493116436774,0.6081922640868875,0.0754065553568222
194,0.10461087147305666,0.6910034186795582,0.14116526281048647,0.0632204470368984
195,0.13917822364890678,0.24707637997258025,0.5303657712960447,0.08337962508246825
196,0.14572848255567108,0.1026105181623295,0.6460004038112293,0.10566059547077004
197,0.11449909617478843,0.17755842397142824,0.22558958020499353,0.48235289964878975
198,0.13973748578452613,0.2563257294481748,0.5200001640398644,0.08393662072743473
199,0.10768600527454755,0.6895132256845007,0.1250513613695901,0.07774940767136135
200,0.17568744374869735,0.22392750980736353,0.40908906797523037,0.1912959784687091
201,0.12454903290030701,0.11317931112929214,0.15587524109577375,0.606396414874627
202,0.1307305699539974,0.17806533384193882,0.17233489164211052,0.5188692045619536
203,0.138734259304747,0.2530519248182603,0.5165237233787028,0.09169009249829013
204,0.10989035964208746,0.7020452661578741,0.14054359414076228,0.04752078005927612
205,0.11760462813171668,0.20235214763687503,0.5021731878189605,0.17787003641244803
206,0.10839785415345814,0.11670443019351319,0.13766822363096637,0.6372294920220624
207,0.2060774797793676,0.23468315837574416,0.40161218735537124,0.1576271744895167
208,0.12848939953434935,0.22284142134370183,0.5591203739463967,0.08954880517555222
209,0.14851352276798593,0.20131760675774774,0.5396345015713248,0.11053436890294178
210,0.11324679699331487,0.37743163840130467,0.3642001205849229,0.14512144402045735
211,0.11216100012996172,0.7017643848687429,0.14011447676221855,0.045960138239076694
212,0.13556816900822122,0.16258321811908058,0.6073391336201797,0.09450947925251858
213,0.11349988222490867,0.15371551597815242,0.20267051586893003,0.5301140859280093
214,0.12828763095310092,0.14005580678689203,0.5436560144372152,0.18800054782279188
215,0.14658901871487043,0.11542526255460296,0.6510763686706625,0.08690935005986401
216,0.19962172733820374,0.10328002027932437,0.6197944626960467,0.07730378968642504
217,0.10595611635316816,0.7204681604930278,0.11855048463845469,0.055025238515349205
218,0.17919255190880135,0.21992084103380613,0.518664840517468,0.0822217665399245
219,0.15055823391164389,0.2837190219661712,0.38512529362285874,0.1805974504993262
220,0.15259965577979226,0.24071417572689968,0.4871430832476952,0.11954308524561261
221,0.10848315505892696,0.7243072378564058,0.11370783034346862,0.053501776741199054
222,0.09618516826241234,0.12016902552606476,0.1470122818508087,0.6366335243607141
223,0.1334035190821035,0.10718276478393066,0.5824319662117434,0.17698174992222251
224,0.15115174992066108,0.23947984116496174,0.49588911155831655,0.11347929735606092
225,0.1163290988563718,0.12750232455795496,0.17303995338425718,0.5831286232014158
226,0.10821087844656598,0.7179031304204552,0.12276246954948565,0.05112352158349315
227,0.10327172666593397,0.645534948151332,0.17908964017700418,0.07210368500573003
228,0.14705701631725104,0.1611078919772677,0.6317587042838563,0.06007638742162508
229,0.14565098913213734,0.10859938737159212,0.6451550883208036,0.10059453517546653
230,0.12015611320988337,0.12034360762194661,0.1649945502469777,0.5945057289211922
231,0.13089127776242657,0.17280181983173937,0.20328387112208915,0.4930230312837449
232,0.123002927510218,0.1437893637889095,0.22531671425333596,0.5078909944475367
233,0.13086003441557978,0.1918104157122178,0.25462704682265586,0.4227025030495467
234,0.11197151985812262,0.15290500394124534,0.21900498404780716,0.5161184921528247
235,0.1280050968281579,0.1165197892547982,0.15047587834752071,0.6049992355695231
236,0.17694846655706462,0.25745367314328077,0.40807875803779126,0.15751910226186336
237,0.12653761965992802,0.7009032535692898,0.1287102365141598,0.04384889025662216
238,0.11141103005882418,0.7436451165605624,0.10004297925080975,0.0449008741298038
239,0.1084174148380319,0.6800511435691419,0.14338379192607556,0.06814764966675063
240,0.11624060197898381,0.6820456895006209,0.13311109881097152,0.06860260970942353
241,0.1403640403018277,0.20909569005572848,0.5127014737580938,0.13783879588435047
242,0.14867251282036162,0.2307592749974921,0.5041202479118883,0.11644796427025828
243,0.14020887170027677,0.23278143781801255,0.502367937680632,0.12464175280107824
244,0.10692591230421214,0.6916297126164541,0.14606398583881053,0.05538038924052303
245,0.10225785041213727,0.10741493338781102,0.16535454781553188,0.62497266838452
246,0.13045771143940696,0.2334645427923851,0.5352305776810125,0.10084716808719522
247,0.18681893037274633,0.17345884361209188,0.5279484043616582,0.11177382165350334
248,0.12566711372382636,0.7025988390227547,0.1244852291789343,0.04724881807448464
249,0.1095196108730926,0.7298092295312771,0.11255930570437854,0.04811185389125189
250,0.173729561814189,0.2148458439601012,0.4885378281155199,0.1228867661101896
251,0.13027551676826085,0.7255172576240602,0.10475020376618135,0.039457021841497526
252,0.116233709111505,0.7291645902073616,0.09844559434359712,0.056156106337536475
253,0.1453628584414518,0.17314806156973842,0.6115198246110148,0.06996925537779483
254,0.15144447314364454,0.24635053596326614,0.4669346847173988,0.1352703061756907
255,0.14649031088452186,0.14108597896104932,0.6259763622929396,0.08644734786148917
256,0.12828803597887564,0.17267554492526743,0.5525656119758042,0.14647080712005264
257,0.10967406115176209,0.721154908688325,0.12331432255583416,0.045856707604079124
258,0.1156829254500392,0.645261775362763,0.165405772236337,0.07364952695086074
259,0.11039905825347847,0.574382498350408,0.23991555607449486,0.07530288732161916
260,0.13043733594916113,0.13253768987731615,0.23481083205451916,0.502214142119004
261,0.10280876743360114,0.14795410937188322,0.1712282355247313,0.578008887669784
262,0.1465553998811632,0.20789644959785591,0.5010958487150377,0.14445230180594307
263,0.10404005410881151,0.16386095683636592,0.1871201976033526,0.5449787914514697
264,0.12221829425542688,0.713193103318749,0.11012688338340733,0.05446171904241711
265,0.11575072673916831,0.17974615602222763,0.1929581281942082,0.5115449890443962
266,0.10879082704300452,0.729221011169983,0.11016227544357247,0.05182588634344006
267,0.19517910385125803,0.05919991300854007,0.7252527067328455,0.020368276407356063
268,0.11123956692827479,0.1775693826166198,0.22418320250707297,0.4870078479480324
269,0.13610524994674875,0.2167544159187075,0.5508079371802215,0.09633239695432225
270,0.09506542783732509,0.09164087793827905,0.12106163838139243,0.6922320558430034
271,0.19062522318091604,0.19128639444341508,0.4077012614698763,0.21038712090579276
272,0.13263406746717374,0.11271834662073464,0.5752922646895224,0.17935532122256947
273,0.4310587457091652,0.1382209127571184,0.1634042577109334,0.26731608382278327
274,0.1432823064392825,0.1775185894836555,0.5898737838334625,0.08932532024359945
275,0.10202172633406535,0.7024152095897163,0.12828353555062694,0.06727952852559159
276,0.11340822008883422,0.11191195292161026,0.16484194541104527,0.6098378815785099
277,0.16619159432107738,0.24837805098877297,0.38779313726608405,0.19763721742406556
278,0.11269287092413932,0.10565039342590922,0.16797585866150266,0.6136808769884489
279,0.1193610994905889,0.7199359445560756,0.11161215674720722,0.04909079920612779
280,0.1116543558325075,0.19824010151758922,0.22842381060567993,0.4616817320442233
281,0.10685818817338429,0.7240341136584562,0.11624694110120724,0.052860757066952486
282,0.13200401150174199,0.12467219619883854,0.5831044843061417,0.16021930799327788
283,0.12497318222468,0.7358517215131494,0.10036915855783723,0.038805937704333236
284,0.11139027487510987,0.1263382159684091,0.18495290732525857,0.5773186018312222
285,0.11424412671399944,0.7172427748754537,0.11795505115234972,0.05055804725819697
286,0.12172540581259302,0.727847109877758,0.10327413496718725,0.04715334934246162
287,0.11716823127820802,0.1291622931927725,0.17116360023943278,0.5825058752895863
288,0.13529379412743026,0.6957155206070323,0.1249105718224167,0.04408011344312091
289,0.11701069719414033,0.6899305423565468,0.11326008629667593,0.07979867415263656
290,0.13641894129361748,0.1599325120517942,0.5633036315727514,0.14034491508183702
291,0.12720738116904942,0.20642162465374472,0.5255202651939983,0.14085072898320752
292,0.1103355925082294,0.674576178541754,0.152319460538651,0.06276876841136526
293,0.14230162463328963,0.13315674440618017,0.28477981623299864,0.4397618147275318
294,0.11312261721336105,0.6353832526517518,0.18677688272456722,0.06471724741032024
295,0.14823789544057336,0.2501797600080917,0.49260377313417997,0.10897857141715472
296,0.1832745372652052,0.25566615775665147,0.3852523501825766,0.17580695479556685
297,0.12098018581386409,0.13626366126696485,0.22308196880975825,0.5196741841094128
298,0.12047853491537239,0.6954703464568338,0.1359547185686699,0.048096400059123925
299,0.12322368715544409,0.21163629919382002,0.21200429132460377,0.4531357223261319
300,0.14861149536682847,0.17608638263415216,0.5910938503664607,0.0842082716325586
301,0.10941060870489552,0.7039754816273344,0.13476814463506814,0.05184576503270203
302,0.1357944559800716,0.22718919358062323,0.5148308027737851,0.12218554766552016
303,0.12152229363574049,0.17145036141801878,0.4879782383657445,0.2190491065804963
304,0.13512555862140793,0.13440932041363882,0.5969525742690686,0.13351254669588497
305,0.1195919551391678,0.7211802023538194,0.1053369618040081,0.05389088070300416
