,proba_0,proba_1,proba_2,proba_3
0,0.028205385884734282,0.03580006043955805,0.5642208693535957,0.37177368432211194
1,0.01878271219152212,0.8949593233833791,0.047341844732667906,0.03891611969243083
2,0.017632900040070905,0.08204219861012181,0.35222171581430967,0.5481031855354976
3,0.027149049987363314,0.8368574560220157,0.09097904218638007,0.045014451804241046
4,0.014180411335607029,0.12901799535149883,0.303617439713242,0.5531841535996521
5,0.01686363078264309,0.8188638345391838,0.08617006078999731,0.07810247388817594
6,0.020570694228665625,0.053215817323292405,0.5460225941274307,0.3801908943206113
7,0.02163344296882381,0.06279650819766866,0.5565997464597778,0.35897030237372973
8,0.01228199982319311,0.061665601877160255,0.3332321821238257,0.592820216175821
9,0.025337702912712437,0.8532257539321484,0.08572464517336884,0.03571189798177039
10,0.5703318794485083,0.10336817793359324,0.25341137618517456,0.07288856643272394
11,0.029697688014863135,0.0861349112824211,0.5519530552640318,0.332214345438684
12,0.05204492601063186,0.5793611780153408,0.3120696941770006,0.05652420179702666
13,0.015275715063229693,0.05841150258175765,0.3538762219640436,0.572436560390969
14,0.04029190327481663,0.4348189305843701,0.4345928152637738,0.0902963508770394
15,0.014240769026268373,0.05087549401663806,0.36082000633444317,0.5740637306226506
16,0.026093640244360443,0.8818613330623001,0.044665746534830804,0.047379280158508674
17,0.022525281491267483,0.8894813017116486,0.04905649277200997,0.038936924025073844
18,0.013636089302626844,0.056131529253160006,0.35087279623718376,0.5793595852070295
19,0.02268189431963229,0.04449298604807636,0.5716194539384145,0.36120566569387674
20,0.025395831289840513,0.8852823299483397,0.046162098800705334,0.04315973996111449
21,0.031710186147527714,0.5853023920522312,0.2694192202142493,0.11356820158599182
22,0.014268891803443292,0.06921170266246658,0.31704452339225847,0.5994748821418318
23,0.012750756295340126,0.057753669320480934,0.36010990386327374,0.5693856705209052
24,0.02841939166201032,0.10683540420981012,0.6181079361083883,0.2466372680197912
25,0.04415533324471963,0.33031628520188644,0.48428325074810885,0.14124513080528506
26,0.43192543272427025,0.17927071844790016,0.3154107575254198,0.0733930913024097
27,0.03766009500040857,0.17412681544454317,0.55941849529741,0.22879459425763837
28,0.016971607228796228,0.05822632872084537,0.3610284008198047,0.5637736632305538
29,0.027579910145955136,0.7623353103254732,0.14294777337409442,0.06713700615447718
30,0.012664174295654949,0.05704049314994911,0.34386972332849247,0.5864256092259035
31,0.9170933298831221,1.2423066131343412e-06,3.100800180480649e-06,0.08290232701008422
32,0.041287950809884275,0.025662875055331227,0.5705298252065646,0.36251934892821985
33,0.01273976259942061,0.05274173652702889,0.36279544292488153,0.571723057948669
34,0.013455498060546665,0.057618733786409075,0.34942032168019677,0.5795054464728474
35,0.018269952170563836,0.05528532882586894,0.3321792875022237,0.5942654315013435
36,0.017367609695662683,0.8318044207555457,0.08150218444629444,0.06932578510249719
37,0.046438957335122134,0.4068117189967761,0.4350815529205448,0.11166777074755706
38,0.014802610276233757,0.05094029236512593,0.3267246130054183,0.6075324843532219
39,0.025696784876247762,0.8004540287043939,0.11560147193239902,0.05824771448695934
40,0.016047386264312565,0.06812888146909461,0.3615543125988129,0.55426941966778
41,0.014612827207501341,0.04912948969057623,0.3519192336756909,0.5843384494262315
42,0.015812048939029332,0.0724988721241154,0.3331957120958043,0.578493366841051
43,0.013043259600102802,0.06408969858636178,0.3502196229452538,0.5726474188682816
44,0.041621509439876914,0.3475215889240901,0.4531376465202539,0.1577192551157791
45,0.023173236203195426,0.8483957874255096,0.08000133536218998,0.04842964100910501
46,0.013128691561588801,0.09735200003765034,0.3097830730316288,0.5797362353691321
47,0.36914530142318047,0.178961994984638,0.37319851928994974,0.07869418430223178
48,0.013301201580546922,0.07825822000424366,0.35972490611729646,0.548715672297913
49,0.012419520137767969,0.05224857477997545,0.34644473943554144,0.5888871656467152
50,0.04383546002452431,0.36943814550818227,0.46893535092037025,0.11779104354692309
51,0.0126604325598134,0.04626138906620283,0.33879875530997045,0.6022794230640134
52,0.47144362539702345,0.09348150996720028,0.34507477929897257,0.09000008533680388
53,0.020731664586510976,0.7963989864050879,0.10834153384565963,0.07452781516274144
54,0.024174099996910673,0.8579635997825769,0.06804907567632512,0.04981322454418738
55,0.019531379002461748,0.11057277537743189,0.283369960129253,0.5865258854908534
56,0.032745724155831005,0.08164314541151241,0.5616638678761305,0.32394726255652606
57,0.026849025782782816,0.8222397794543659,0.10116429236907694,0.049746902393774405
58,0.025562477742879806,0.8742030960956879,0.0535022737953509,0.04673215236608147
59,0.04058047672293783,0.2341707559313896,0.5628640886926721,0.1623846786530005
60,0.37770390297570655,0.16610086511707492,0.3741546831663018,0.08204054874091685
61,0.042399949091448154,0.27048479503371203,0.5190663891533818,0.16804886672145805
62,0.021282893779872514,0.7579130062677069,0.13619922351202526,0.08460487644039534
63,0.019184859190939756,0.84979853658345,0.08706835749211284,0.043948246733497495
64,0.04408302729301208,0.4191090997840956,0.42532612649002066,0.11148174643287177
65,0.0198013294441304,0.8815143728043402,0.05305496192434759,0.045629335827181865
66,0.044538554463675516,0.3621740431724363,0.45893594911555796,0.13435145324833014
67,0.04614016252266352,0.14897036705889988,0.5682426277456452,0.23664684267279146
68,0.021276710370035038,0.7866208496694347,0.12887042848616548,0.06323201147436491
69,0.6334436745810686,0.09704833469387962,0.2143615852561684,0.05514640546888345
70,0.03839091990778309,0.40936310945374055,0.4416585902650866,0.11058738037338979
71,0.01336713837905107,0.05613432645104863,0.3697683734044284,0.5607301617654719
72,0.025327936332465373,0.8652226828670847,0.055433945361683376,0.05401543543876656
73,0.043673185608275183,0.22809461130205352,0.5281914948155342,0.20004070827413714
74,0.022988622417472133,0.8188239848671939,0.10274112677267391,0.05544626594266016
75,0.01388488483605021,0.08629354292716496,0.3441515413925955,0.5556700308441894
76,0.015372974104824579,0.062202816291960145,0.3542044432711085,0.5682197663321068
77,0.027895049167865945,0.8420563260181603,0.06751535527628394,0.06253326953768973
78,0.02332067870881248,0.07195887008011444,0.5543919572557414,0.3503284939553316
79,0.026854104104634707,0.8961058899052659,0.038799274486368655,0.03824073150373066
80,0.020922569570604944,0.8212059280916515,0.09994096422121995,0.057930538116523496
81,0.27437316494070174,0.2741403991619475,0.3685186099035597,0.08296782599379098
82,0.3718009947675677,0.2601945553519898,0.3039512565792007,0.06405319330124176
83,0.013345339883397658,0.1329284870704323,0.2606326509642704,0.5930935220818996
84,0.047577182674661836,0.33932236619748296,0.48758365091896233,0.12551680020889286
85,0.01531140712858911,0.04860731834389915,0.33883549258935935,0.5972457819381525
86,0.020583940432147382,0.8722833806936301,0.044167907857466805,0.06296477101675568
87,0.012905763551831276,0.06899656959902759,0.33299743667613063,0.5851002301730105
88,0.016580872412400253,0.8895595698938107,0.046515082073762475,0.04734447562002662
89,0.0171646302988543,0.8910241725400374,0.05129384606596914,0.040517351095139306
90,0.043399677007281305,0.41212629587665434,0.43244225490635146,0.11203177220971296
91,0.01461193336351625,0.09054444881666969,0.36902554084224404,0.52581807697757
92,0.04988872946084959,0.5448712588420602,0.34227741999883643,0.06296259169825393
93,0.02126765732028172,0.059802840722356726,0.5863452489442689,0.33258425301309275
94,0.17864148291875676,0.47931788631798494,0.2781865848479819,0.06385404591527633
95,0.03887915164685817,0.22118447675797354,0.5342048118769545,0.20573155971821372
96,0.02928701988401164,0.1413334575455811,0.558174775187014,0.2712047473833933
97,0.03346028017004489,0.10995327582844282,0.5865465186393477,0.27003992536216453
98,0.019893698876559705,0.06319222461070743,0.35693061758525263,0.5599834589274802
99,0.04739477673842051,0.5259453643514793,0.3507485416359707,0.07591131727412959
100,0.0256198846632662,0.12710832023236093,0.5746711655165248,0.2726006295878482
101,0.022915365898546394,0.10042217348076504,0.5780355226448886,0.2986269379758
102,0.025856756185955707,0.7907556657255911,0.12163882639989552,0.061748751688557695
103,0.01713130405338716,0.8645033541406125,0.064097124183501,0.05426821762249944
104,0.014202861397544808,0.060818773224023445,0.33270891704823063,0.5922694483302011
105,0.014800229228329966,0.9009154274525997,0.03926005877118888,0.04502428454788156
106,0.2857139490219902,0.32227926346631597,0.3020583981779819,0.089948389333712
107,0.013475585282313643,0.01553770248766936,0.544716883802444,0.42626982842757316
108,0.013639615570066032,0.09902933863356955,0.2860387874741417,0.6012922583222228
109,0.047133430501698034,0.5089716205895967,0.37002714879996373,0.07386780010874157
110,0.02757602037524357,0.11137548429786812,0.5497284938885812,0.311320001438307
111,0.019082792442410946,0.06769275672976519,0.33447836210289933,0.5787460887249245
112,0.026717361097101964,0.862691999040785,0.0649262486768455,0.04566439118526736
113,0.029188328085205467,0.8769549719752553,0.05999207569572625,0.03386462424381305
114,0.018882883339691865,0.8348803356018034,0.08802487429493894,0.05821190676356581
115,0.013255977585690613,0.0807754473656269,0.2986150551951885,0.607353519853494
116,0.01613319734031731,0.07268894360059004,0.36583410257030896,0.5453437564887837
117,0.012694325876758696,0.05850303066447558,0.34960558075188813,0.5791970627068775
118,0.04997579169276033,0.56546721762049,0.3231621616777149,0.061394829009034924
119,0.013672558807162878,0.052998750591675546,0.36717352473537657,0.566155165865785
120,0.15302977228979603,0.4820162493276039,0.3046568205923945,0.06029715779020552
121,0.033064244235040625,0.03431051410215964,0.5953666742134004,0.3372585674493994
122,0.01673236666742906,0.06034984871799498,0.35047357067129115,0.5724442139432848
123,0.04236174739723861,0.41991111966759176,0.4241361711841957,0.11359096175097388
124,0.017960048583489048,0.03753769499613144,0.5777991507236314,0.36670310569674824
125,0.028545091695288693,0.09276702300037752,0.5558951644147763,0.3227927208895575
126,0.0398597028492708,0.4652198711464644,0.395607781394959,0.09931264460930583
127,0.02752559568362039,0.5991996869608102,0.25568310183161,0.1175916155239595
128,0.02460518278116556,0.8882756242013772,0.04927001283534183,0.03784918018211551
129,0.03798185401881561,0.34852602256801035,0.47603311206222304,0.137459011350951
130,0.027048620902465344,0.21816844873683736,0.5120321157888055,0.24275081457189193
131,0.03860009291701336,0.38669319289515114,0.4503865667547434,0.12432014743309214
132,0.015483115617917615,0.07526601781685087,0.3517213556418344,0.5575295109233971
133,0.0413944156634677,0.46908569798550903,0.39900452949366205,0.0905153568573613
134,0.02066970015532764,0.8743736051855412,0.06452366369986103,0.04043303095927026
135,0.41620582306411064,0.2719128584303702,0.20604173412498455,0.10583958438053459
136,0.022425333624184446,0.9020137100019154,0.03541711403548637,0.04014384233841385
137,0.749999277121096,4.658684267365814e-06,0.00010535396297035225,0.2498907102316662
138,0.019601531043033193,0.8720366088498995,0.0602581074868271,0.0481037526202402
139,0.021957672004136466,0.8383111804911408,0.07967223351162663,0.06005891399309611
140,0.03166243359066699,0.8544562650248296,0.062228129667836266,0.051653171716667175
141,0.01880265668896789,0.8705227126691937,0.06645058560071722,0.04422404504112116
142,0.015765106275431696,0.05486949992192563,0.36793533466702133,0.5614300591356215
143,0.013020470690000148,0.07372921639422295,0.34008755001516455,0.5731627629006124
144,0.020216402994740836,0.09349403381409785,0.318411188866013,0.5678783743251483
145,0.02954746974725091,0.17254173923274616,0.5523276255656596,0.24558316545434328
146,0.019683891261470188,0.8886988617564482,0.0511008605553038,0.04051638642677798
147,0.02688002570452917,0.8513916124394308,0.06968615062564365,0.05204221123039646
148,0.014261012007706107,0.07436702104554975,0.3310902518676637,0.5802817150790804
149,0.04631453540272644,0.43921916752134216,0.4141521451647953,0.10031415191113605
150,0.24777532064974353,0.3946817150485139,0.29266852425922746,0.06487444004251496
151,0.017605920939108767,0.8442274525615391,0.07849331477453578,0.059673311724816346
152,0.02541291228104242,0.8728320810090187,0.05297400859394231,0.04878099811599649
153,0.0185201988867621,0.05478662093430457,0.5327855973741294,0.3939075828048038
154,0.028717898529107354,0.12688012057232995,0.5486261224119243,0.29577585848663834
155,0.044346253203808174,0.4211604483238482,0.4188273825628888,0.11566591590945485
156,0.021048727298773044,0.8689296633970528,0.0506092920645748,0.059412317239599506
157,0.02362442824855572,0.8612032413559668,0.06917534812203986,0.04599698227343763
158,0.01315441982619879,0.08611232933911972,0.3092825616984707,0.5914506891362108
159,0.040123679535277366,0.4485155511071701,0.41949411378028595,0.09186665557726659
160,0.012898486027549078,0.059190695248889584,0.36615563434967907,0.5617551843738823
161,0.02142799190201044,0.8682785944905705,0.07010956492095685,0.040183848686462166
162,0.018361151242123154,0.9014825938615928,0.03937928948465444,0.04077696541162962
163,0.014880849438347141,0.055392285139764984,0.3636399224967112,0.5660869429251767
164,0.30644539406064136,0.19296274084004988,0.3838249808587024,0.11676688424060631
165,0.02152550405451607,0.8284688284337756,0.08984366833834286,0.0601619991733654
166,0.019461404426810096,0.8042334193145178,0.10670005889854078,0.06960511736013138
167,0.014129659669058275,0.06621007457983015,0.34029246532874785,0.5793678004223637
168,0.19846492961447168,0.4218049827530063,0.3153122307294709,0.0644178569030512
169,0.023655066788445967,0.03616105747317939,0.5808859195301836,0.359297956208191
170,0.01655995744068994,0.048070562561739465,0.33364491688195724,0.6017245631156133
171,0.5118884204478329,0.18622326085827848,0.24354777259453955,0.05834054609934909
172,0.022534858543840467,0.060047972538941397,0.5443777089897958,0.3730394599274223
173,0.01395439776626175,0.06987708859729395,0.32023153896916606,0.5959369746672782
174,0.013587485744602145,0.07675974290715509,0.35516537659894964,0.5544873947492931
175,0.033848678583952484,0.26415488218443256,0.5280672498730433,0.17392918935857166
176,0.02431207128875298,0.833495515751972,0.08892507992579687,0.05326733303347824
177,0.01714461802344125,0.09074781113913676,0.3493011616166191,0.5428064092208028
178,0.025313970310295402,0.8390140289564818,0.0819245187357317,0.05374748199749102
179,0.012997030777317703,0.08550300360418014,0.3339394911215547,0.5675604744969475
180,0.0437309936690368,0.24548556225347767,0.5313863804446142,0.17939706363287133
181,0.01764283050043508,0.06827411849262184,0.3247432459488232,0.5893398050581199
182,0.012251480379435041,0.06503911457724479,0.33253705927916377,0.5901723457641563
183,0.4513662462171376,0.2572034441712861,0.24281689379210397,0.04861341581947243
184,0.015951766704548533,0.0697920787628712,0.35632630593260284,0.5579298485999774
185,0.012955951932253957,0.04921919256970031,0.35127971928272544,0.5865451362153203
186,0.18361967405220928,0.4355539130662414,0.32422299508126723,0.05660341780028213
187,0.030268299746392273,0.7961618303287074,0.11021008204314652,0.06335978788175399
188,0.029606014521924708,0.8356559787977695,0.08411742835874876,0.050620578321556926
189,0.01813316069071276,0.05634575542478619,0.3269558525303101,0.5985652313541909
190,0.012733975089332678,0.056322719716884434,0.34248631634790844,0.5884569888458744
191,0.0383023002927226,0.3974174731925741,0.4373722289301546,0.12690799758454863
192,0.04673127425255435,0.5714783357656056,0.32048264499281653,0.06130774498902353
193,0.016962069987156374,0.04307496418633428,0.5696271912991513,0.37033577452735816
194,0.01774354444359519,0.8285367838971636,0.08595152171064346,0.06776814994859773
195,0.04757491227571928,0.4488498702193291,0.40670047485211425,0.0968747426528373
196,0.02154707627377654,0.05036751482519619,0.6181434140178778,0.3099419948831496
197,0.01334549690034513,0.07679091993453878,0.3507446336985979,0.5591189494665183
198,0.0400625514095898,0.46318691280493185,0.4038374234353172,0.09291311235016128
199,0.020741112348591564,0.8427169154293239,0.06559389247737304,0.07094807974471155
200,0.21241996069447652,0.42187545157858425,0.3013643542169361,0.06434023351000319
201,0.013041175589680985,0.055772921893459046,0.3156606414542833,0.6155252610625765
202,0.016997898348755595,0.08410900996684516,0.2745850884819555,0.6243080032024437
203,0.05065806887705304,0.46667051049791025,0.3912894845995213,0.09138193602551531
204,0.01897100542448469,0.8369744993730076,0.091273241417888,0.05278125378461965
205,0.02581030308906047,0.08856647677957646,0.5517422442118717,0.3338809759194915
206,0.017754728187306577,0.05810482909708913,0.3376296403074835,0.5865108024081208
207,0.48367086647294644,0.14159887302669164,0.29856733526080786,0.07616292523955415
208,0.02820605635494667,0.19393344947304994,0.5431014669760449,0.23475902719595845
209,0.0499081127923822,0.4687502595854487,0.39878498930764356,0.08255663831452553
210,0.03345796006882549,0.5324418051913202,0.2970518909143239,0.13704834382553036
211,0.0234186744640553,0.8510395072010257,0.08706962451857332,0.038472193816345666
212,0.023948070473610524,0.12040272395454667,0.5568150664690913,0.29883413910275153
213,0.015645790365876308,0.06442241328509837,0.3481570018962776,0.5717747944527478
214,0.037667811170177985,0.1615096824099984,0.5733362183748777,0.22748628804494603
215,0.026968954136001803,0.11884105803983748,0.5829983169419382,0.27119167088222257
216,0.11977612695721203,0.5343819754269256,0.313983266260095,0.03185863135576747
217,0.022642674639663542,0.8510757837477575,0.06655753458899595,0.059724007023582874
218,0.37457018021070987,0.18116887572804347,0.33020938012423684,0.11405156393700985
219,0.11156274665693346,0.540321698487805,0.293298512896937,0.054817041958324556
220,0.052325374208353634,0.5615345121794171,0.32401219352280913,0.06212792008942009
221,0.02440422109749614,0.8742661672475157,0.062494310702089065,0.0388353009528991
222,0.013077049453853531,0.06155874820635261,0.3580229442921326,0.5673412580476612
223,0.0282093557490189,0.0607408489966248,0.587188547950504,0.3238612473038524
224,0.04854781307654345,0.549119602332107,0.3388218299872887,0.06351075460406072
225,0.013260803283174749,0.06325838527414913,0.3335948514220924,0.5898859600205837
226,0.018554718194201656,0.8564866830752359,0.07070430393810133,0.05425429479246112
227,0.020968680682025412,0.7912182646139393,0.1273057055361544,0.06050734916788093
228,0.02941501006805393,0.10200983892974115,0.5647381714042475,0.3038369795979574
229,0.041164953771337824,0.10021240269485623,0.5752271214515325,0.2833955220822734
230,0.011832093306513292,0.054764056531262886,0.32097815437570987,0.6124256957865141
231,0.014004628099952315,0.06013266889719466,0.31015220278804645,0.6157105002148067
232,0.012577877059566775,0.06174268713587974,0.341705727935889,0.5839737078686644
233,0.012361140466144428,0.06670415747823719,0.3273972772379397,0.5935374248176787
234,0.022600204947116204,0.08266326945061395,0.3571175440275693,0.5376189815747007
235,0.020458326973987584,0.06771369834967317,0.31521942172393835,0.5966085529524009
236,0.2767114828746609,0.38101305599026225,0.2882836049141819,0.053991856220894884
237,0.024716493012535302,0.8793231817375042,0.05093860950099737,0.045021715748963166
238,0.017397581009576602,0.8831053537923182,0.05623130345550528,0.043265761742599856
239,0.02148341308130972,0.8355308208986896,0.08113562970804242,0.061850136311958175
240,0.02626046554490208,0.8536212239113932,0.057264040248806755,0.06285427029489804
241,0.04220681694383977,0.4297624652539763,0.4215405187952359,0.10649019900694807
242,0.05350594456554507,0.5259850769365145,0.346116901552111,0.07439207694582958
243,0.04172163341697629,0.456745526831557,0.3991190074094145,0.10241383234205213
244,0.027789590672361253,0.8240070427565608,0.09472248251955465,0.05348088405152343
245,0.016490427629722946,0.0641064234810737,0.3721746834318425,0.5472284654573608
246,0.034463870964970895,0.320956514903976,0.4838775230934405,0.16070209103761268
247,0.4292505028008997,0.1269912653155951,0.348433983986089,0.09532424789741614
248,0.021715760784197694,0.876955857581734,0.04820237438720723,0.05312600724686103
249,0.0196725505013502,0.8609234309165302,0.06630112812777318,0.05310289045434648
250,0.2862478726571292,0.31095095909091147,0.33349268811535043,0.06930848013660883
251,0.018189464607520613,0.9056995072128573,0.03848476374874983,0.03762626443087213
252,0.024561258368788714,0.878207067638962,0.047429085058976264,0.04980258893327302
253,0.044321109386611976,0.3245079413331683,0.4902620464995285,0.14090890278069126
254,0.05078893205993911,0.5617954257827956,0.3224439061626059,0.06497173599465943
255,0.04199531302950722,0.2614129923118574,0.49911010817879237,0.19748158647984307
256,0.04086753636672282,0.20391070822133844,0.5609789806835206,0.1942427747284182
257,0.018008497177465395,0.8454715835857013,0.07773846592373888,0.058781453313094374
258,0.032227201706116586,0.8359376623693725,0.07916601282118085,0.052669123103330176
259,0.028587113982010103,0.7402844601338414,0.16828169412470953,0.06284673175943889
260,0.014810414146407313,0.052913602659059644,0.34577057835372904,0.5865054048408038
261,0.013437783632235089,0.07341390918946922,0.3478710515746975,0.5652772556035982
262,0.044362183966123035,0.45564065474747717,0.4108124715844454,0.08918468970195444
263,0.013851250380000926,0.07398876026564305,0.35088899917235583,0.5612709901820002
264,0.028610120864448245,0.8974695020289176,0.036969377261458096,0.03695099984517594
265,0.01966368856773737,0.08333036675277286,0.3231730929942142,0.5738328516852755
266,0.03183256359018827,0.8670012400500958,0.06229555514769012,0.03887064121202588
267,0.2759524782696546,0.00450311197205312,0.0422250019760572,0.6773194077822351
268,0.015767419428838948,0.07951215324483439,0.3500036789506445,0.5547167483756822
269,0.0436687533521301,0.3622155888114759,0.4744057053857078,0.11970995245068605
270,0.012670857803251086,0.055830935720759145,0.3504200814950217,0.5810781249809681
271,0.29561297451968355,0.21894554023208931,0.38715066737419046,0.0982908178740367
272,0.02746244005471324,0.056844282841693065,0.5799522529063371,0.33574102419725654
273,0.9929120457956334,9.847088278235242e-06,3.4344518386442996e-07,0.00707776367090441
274,0.04414416669939885,0.34124865892619427,0.469636649636099,0.1449705247383078
275,0.016329698191589238,0.8228507812819217,0.08059868229637807,0.08022083823011114
276,0.01711874864288677,0.06180181653407992,0.335235058292738,0.5858443765302953
277,0.20495147931907745,0.41730674728830036,0.30674310136202887,0.0709986720305933
278,0.019541007255084404,0.05252165667486809,0.3682125630838904,0.5597247729861571
279,0.02526315287316925,0.8861940856549733,0.04891923582034312,0.03962352565151432
280,0.01592820912239698,0.11777027844564451,0.31275401788949353,0.553547494542465
281,0.01846589598391132,0.8655109533098493,0.06741278460667208,0.04861036609956727
282,0.03405053984278734,0.10759547093237104,0.5912896718555786,0.2670643173692631
283,0.018897199506999366,0.9056807313877999,0.04303081705781562,0.03239125204738518
284,0.014848899982777884,0.07373769082118176,0.3555335957859232,0.5558798134101172
285,0.0287840241725377,0.872558017373362,0.06374793292018896,0.03491002553391117
286,0.020747056544407994,0.8972237589664377,0.043390657930852436,0.03863852655830199
287,0.01702683896601797,0.0723757364746993,0.311148452977193,0.5994489715820897
288,0.021445063859180928,0.8876515449775316,0.041251120375810045,0.04965227078747755
289,0.028445205602486718,0.8651530397270311,0.04835642259016647,0.058045332080315745
290,0.03798360585630491,0.23751539849407716,0.5355299833487981,0.18897101230081975
291,0.03220878313561494,0.26213576591143267,0.5092764991542503,0.19637895179870213
292,0.030125193865401675,0.8401055330779503,0.07890979746011409,0.05085947559653386
293,0.013981245135832278,0.05935533171893037,0.3521671941054081,0.5744962290398293
294,0.02560773546746092,0.8096921832109137,0.11350152869967894,0.05119855262194641
295,0.04879775591128064,0.5489371182263726,0.3371030631731757,0.06516206268917091
296,0.29994919949033544,0.36998264689145854,0.2640817920710528,0.06598636154715326
297,0.01313027785603816,0.06525549651624807,0.3457127959960592,0.5759014296316546
298,0.02395397777308844,0.8672698884228812,0.058294004618566715,0.050482129185463465
299,0.012975582203699702,0.09500353831314316,0.30336653577358136,0.5886543437095757
300,0.04928144042005822,0.3885652594519763,0.4574351907799198,0.10471810934804564
301,0.020188411273127,0.852856024279133,0.07781360059602464,0.0491419638517155
302,0.03923125912916654,0.4007875017501904,0.45000960968826753,0.10997162943237547
303,0.023312809009186725,0.05902597637052869,0.5607518417726519,0.3569093728476327
304,0.030130197683986202,0.13114610550459635,0.5893046841137506,0.24941901269766698
305,0.0210579604621904,0.887180326831549,0.043102473838072364,0.04865923886818831
