1879.9765496253967