,proba_0,proba_1,proba_2,proba_3
0,0.026882120816990967,0.04645943038388187,0.8427633185072886,0.08389513029183875
1,0.9727632050326341,0.016297527377528733,0.00378194660903945,0.00715732098079773
2,0.012019236701841976,0.9797033188827373,0.0013932597208940504,0.006884184694526677
3,0.003580641482856119,0.062273463798684564,0.2399714208589917,0.6941744738594676
4,0.9784156600283097,0.009377112373576363,0.0036741930332994856,0.008533034564814345
5,0.07699320424076776,0.00862409875570216,0.015831469951813143,0.898551227051717
6,0.01612614936126969,0.28606527802926673,0.6964086534219563,0.0013999191875072254
7,0.02155460833900828,0.03906044703615512,0.8809191829455888,0.05846576167924793
8,0.002049444531540888,0.9918113952977401,0.001963168780086829,0.0041759913906321494
9,0.011193953295209134,0.027645303103112983,0.9408851986927181,0.020275544908959643
10,0.9752570338130128,0.011510131006979226,0.0018022676367415759,0.01143056754326633
11,0.014496589098550302,0.053453309908303284,0.9187839849514022,0.013266116041744165
12,0.00021253750395651904,0.987129851160845,0.00862301862247091,0.0040345927127277805
13,9.144523833371263e-05,0.986307040205044,0.005742303570174839,0.007859210986447507
14,0.008060528519631082,0.5253306755556131,0.45095787396096687,0.01565092196378886
15,0.003141978074589133,0.9788304370943163,0.002159007009032934,0.015868577822061598
16,0.001882841948392787,0.9075601792031736,0.022774665989284956,0.06778231285914879
17,0.09926024599473453,0.05921671339375123,0.5411794410318306,0.30034359957968365
18,0.0007708298392517344,0.9777555183496979,0.013982176074516897,0.007491475736533429
19,0.10848367525786655,0.045377243706292744,0.02871716810119977,0.8174219129346411
20,0.9737381040882561,0.018814557381706787,0.0038703607852670335,0.0035769777447700653
21,0.0005464457187280429,0.9525985112645362,0.012670890022147227,0.0341841529945884
22,0.00038469408442769627,0.9683010300888689,0.002143623225402681,0.029170652601300532
23,0.9672013223426097,0.008025151421626017,0.004012136319042019,0.020761389916722287
24,0.00016893102781974657,0.9853688205732596,0.00274894198924931,0.011713306409671198
25,0.023848512154551638,0.0033182062516718767,0.003916576606299933,0.9689167049874765
26,0.014801253065813513,0.048016408010871404,0.9274170048507807,0.0097653340725342
27,0.0010144817025656118,0.9892357895862788,0.004482378971249727,0.005267349739905903
28,0.0051842709705457604,0.02065280485426105,0.9681992664870541,0.005963657688139055
29,0.005614386190857399,0.08761925052840115,0.17031842796601795,0.7364479353147235
30,0.05369104259822078,0.38840157207303505,0.23523166865945003,0.32267571666929407
31,0.0007171478635759258,0.9864806618348606,0.002734893252708709,0.01006729704885465
32,0.0064578088030816504,0.056627260154210914,0.926493386423567,0.010421544619140405
33,0.022290182912743324,0.013686376524408574,0.006042945989882576,0.9579804945729655
34,0.2429898834898102,0.0716641451465137,0.2262144905543502,0.45913148080932575
35,0.011163156154807114,0.007675068405612752,0.006472387725029987,0.9746893877145502
36,0.9752476027517127,0.01124085514570498,0.009477513288024524,0.004034028814557927
37,0.0059933991402821366,0.04206182193602834,0.9428137836662361,0.009130995257453431
38,0.006563750645639322,0.1981141097814289,0.09077019296749855,0.7045519466054332
39,0.041256967318586274,0.40443333254956004,0.5208754151725562,0.033434284959297456
40,0.004559939552203701,0.9858574451731011,0.0011014925022183363,0.008481122772476877
41,0.00998071584947286,0.06593643190812079,0.9070876558705048,0.016995196371901534
42,0.017239456400489867,0.06804012025358168,0.9041786859510323,0.010541737394896136
43,0.07184911033342484,0.0065466528050531405,0.0031324895736813,0.9184717472878406
44,0.9789602601363198,0.014829625982891016,0.0016042840032916307,0.0046058298774977
45,0.0001721025944741567,0.9392951374265134,0.0011910259777392657,0.059341734001273086
46,0.007385673534218516,0.07318215535677237,0.9076391552995183,0.011793015809490739
47,0.05974019811414185,0.06190667539490142,0.7715269560804032,0.10682617041055353
48,0.0365441202070331,0.009601611490031109,0.0026336744578851086,0.9512205938450508
49,0.9668672121464059,0.004123900954734484,0.0008895626339006577,0.028119324264958896
50,0.09330853918040716,0.007262430917891901,0.0019729103357344754,0.8974561195659665
51,0.0035821374912189895,0.9834129359167018,0.005179480567136808,0.00782544602494234
52,0.00010864879471411469,0.991022202544219,0.0033248253290803506,0.00554432333198656
53,0.01692550862694407,0.03003563835943687,0.9306708013917224,0.022368051621896666
54,0.0018855269552358806,0.03967815909301607,0.029670980629088843,0.9287653333226593
55,0.006728416408196997,0.08206871853343695,0.14943153545755689,0.7617713296008092
56,0.04307875596713632,0.002923095565455867,0.005400693039032961,0.9485974554283748
57,0.006502703566330619,0.0392096154224302,0.946478765256765,0.007808915754474332
58,0.034002655209125585,0.10339499400151313,0.8202437734312608,0.04235857735810048
59,0.003614142929330994,0.9614923563804599,0.03230250763065361,0.002590993059555367
60,0.0014430482245968092,0.8903315074520208,0.10794811888910379,0.0002773254342787002
61,0.02804007855963151,0.4247605290971664,0.04583387774111978,0.5013655146020823
62,0.0023863776172626137,0.02548905338355867,0.0354671309234547,0.936657438075724
63,0.009065945551914586,0.9662422801477841,0.0010135017667603447,0.023678272533541052
64,0.0026060620518457544,0.031021191372498227,0.9591623147842009,0.007210431791455149
65,0.00029955459676872867,0.910153896033948,0.05983993519425149,0.02970661417503176
66,0.006569626613616031,0.12132094863431772,0.12672953094816355,0.7453798938039027
67,0.0008263994508377142,0.9729942435758694,0.0010302590621513775,0.025149097911141616
68,0.9792206619443311,0.011838988010528618,0.001491087877193528,0.0074492621679467805
69,0.20809559824320978,0.004041860128722056,0.0021304111180858445,0.7857321305099825
70,0.014359234922605478,0.051290584314579966,0.8931158575788006,0.041234323184013794
71,0.12942027290382307,0.24306388451001956,0.6091570884613163,0.01835875412484111
72,7.975253510741756e-05,0.9795687686368866,0.0053296790291699515,0.015021799798836017
73,0.9857362777025994,0.00793219981511317,0.003200368643346659,0.0031311538389407413
74,0.925001869548594,0.026341048522672522,0.03472581325104963,0.013931268677683864
75,0.9793881415948924,0.010723940132965846,0.001950057080907736,0.007937861191233998
76,0.00035796966047439526,0.9266996311535525,0.0433698689763445,0.029572530209628703
77,0.00040745921471567497,0.9642410492457809,0.004223059563973884,0.031128431975529506
78,0.038717187492013694,0.3477870678121075,0.5444110350339941,0.06908470966188482
79,0.0013413209284158522,0.9806521943771671,0.0019452690132738292,0.016061215681143125
80,0.021403223153915126,0.022426454317680054,0.8019515602850924,0.15421876224331227
81,0.9797817860389735,0.010943508493223284,0.003476008187161123,0.00579869728064204
82,0.007183610756279434,0.1151791587634963,0.5273058589684063,0.350331371511818
83,0.02155139695178175,0.006808553234961488,0.004442210096182997,0.9671978397170738
84,0.9689335431456878,0.006678412491435864,0.001456159503375915,0.022931884859500318
85,0.022743223600860403,0.0037185388504261657,0.005534964003380254,0.9680032735453332
86,0.00020254163035973371,0.9832407478190396,0.0023415108675168654,0.014215199683083971
87,0.07383081224449685,0.013723767512221652,0.0017397898440392723,0.9107056303992421
