,proba_0,proba_1,proba_2,proba_3
0,0.11515833222194578,0.10963976613982822,0.5697396768350214,0.2054622248032045
1,0.6087270600948942,0.07866714226884575,0.11644165466651407,0.19616414296974627
2,0.1346679339478291,0.2224043308721772,0.17514227343132624,0.4677854617486676
3,0.1996115551585524,0.07987540536102024,0.14357191333631977,0.5769411261441075
4,0.6860718708031839,0.064151695540999,0.09751762866808796,0.15225880498772915
5,0.36973467874795607,0.08174238346534773,0.09780020737253081,0.45072273041416566
6,0.05307297377322308,0.1425047677922703,0.6408017874052682,0.1636204710292384
7,0.08675516544031386,0.13834439693066097,0.6095308435184877,0.16536959411053745
8,0.014625611048063153,0.662181525922344,0.1910937455330961,0.13209911749649714
9,0.08909081143896928,0.14676830187141154,0.5828189143045751,0.18132197238504394
10,0.6515709012745005,0.07452151247219972,0.09332864496465823,0.18057894128864166
11,0.09576682373187279,0.13345860572226795,0.542388221937693,0.22838634860816628
12,0.03207973287378942,0.6909548476266052,0.16281629937412778,0.11414912012547804
13,0.009322882044669223,0.6865468982278636,0.2022901431327178,0.10184007659474968
14,0.10984347191229775,0.48304054335995683,0.2888364409827544,0.11827954374499122
15,0.03183427856297344,0.4366194644458583,0.22244364330688443,0.3091026136842837
16,0.11884652798941499,0.3421474435702076,0.15721636948624917,0.38178965895412786
17,0.06717521251844691,0.08236614388465749,0.6327257531907189,0.21773289040617647
18,0.01779766064307785,0.450642539508961,0.34779165845315335,0.18376814139480782
19,0.06997117273617591,0.20531567046453383,0.3938403532901813,0.3308728035091087
20,0.6943417136567939,0.06188543428986429,0.09728468192611317,0.1464881701272287
21,0.031020253074921966,0.70136683944007,0.13425723990736582,0.1333556675776423
22,0.016371443992405612,0.7112946497224268,0.16988390198624564,0.10245000429892231
23,0.7559291012955661,0.049791610853860094,0.06517240203815378,0.1291068858124198
24,0.011097845949815978,0.7589114617912365,0.14358871173323906,0.0864019805257085
25,0.0503880648172485,0.042835506911405266,0.08519920476769445,0.8215772235036516
26,0.030123260249773725,0.09515589739661406,0.7490003692359243,0.1257204731176881
27,0.013531813628024109,0.708139003822016,0.176225176141185,0.10210400640877464
28,0.037858446694674266,0.07509376196196592,0.7887765477767485,0.09827124356661143
29,0.24523994510741046,0.10997563089491658,0.10419245267960878,0.540591971318064
30,0.10578438915891573,0.19989396179639618,0.5370727915274817,0.1572488575172065
31,0.05246170749036688,0.5473243165911296,0.13985568665347778,0.26035828926502597
32,0.049559171445286175,0.10283768167748379,0.7258287491332809,0.12177439774394912
33,0.05411096741939278,0.09409204311768865,0.14982844912804208,0.7019685403348765
34,0.08884098341920184,0.23637406654370846,0.555327451349174,0.1194574986879155
35,0.14517010452516715,0.07206173857714832,0.08664052319793668,0.6961276336997483
36,0.6739611065266636,0.07992146954584921,0.09923347401853683,0.14688394990895046
37,0.07922824120736266,0.07834104708728701,0.6948260900682763,0.14760462163707422
38,0.14725296812869482,0.5122475613216466,0.16836846519053314,0.1721310053591254
39,0.07527696807644617,0.1746896569806586,0.5862352210170897,0.16379815392580557
40,0.03181470719159916,0.5924404838430545,0.20558992352177088,0.1701548854435752
41,0.08425843672195579,0.17264046674289127,0.5782446293060077,0.16485646722914507
42,0.056273497855464885,0.09563343190571724,0.7099888211767239,0.138104249062094
43,0.11050567693541628,0.08509630701716604,0.10029567519872548,0.7041023408486922
44,0.649561417452105,0.06780190924144647,0.09807346521686984,0.18456320808957827
45,0.01808042353486918,0.5895536020660571,0.2211974875210498,0.17116848687802397
46,0.11545293635149387,0.1409492382509596,0.5766421324782753,0.1669556929192712
47,0.0710118807720336,0.123816396724009,0.6040592415176057,0.20111248098635187
48,0.06596879669930068,0.06543613481976668,0.13397810298645915,0.7346169654944734
49,0.6881749814728404,0.06217706899323901,0.0848350267478313,0.16481292278608936
50,0.08189958869065236,0.04831540229514509,0.10725978492962786,0.7625252240845747
51,0.13063473286111815,0.18745614233069813,0.18258559578894995,0.49932352901923355
52,0.010825636743561282,0.737682379715701,0.1601316027736775,0.09136038076706036
53,0.06540594721289943,0.12234345808217456,0.6381759664653978,0.17407462823952816
54,0.09093943605886078,0.18988433666236273,0.19896537246726786,0.5202108548115089
55,0.08906019099927454,0.14521260353853419,0.15026772232444569,0.6154594831377453
56,0.05390018873115137,0.03670164749507674,0.11531252425605712,0.794085639517715
57,0.03517950723020376,0.0582828498812359,0.788679104864594,0.1178585380239664
58,0.1348929784960251,0.17256066654403632,0.5799144159283187,0.11263193903161987
59,0.07078971842428766,0.7317989150545129,0.11972325797774021,0.07768810854345931
60,0.062392047177458866,0.6354972330506052,0.19102807603537947,0.1110826437365564
61,0.14268343863062588,0.6210464169059633,0.12770511400396087,0.10856503045944978
62,0.12859544893393884,0.05632282822418912,0.07270878687075479,0.7423729359711171
63,0.04892655314862525,0.4686472705940251,0.2226662493172486,0.2597599269401012
64,0.0297667736618486,0.07021843092865453,0.806628157351826,0.09338663805767071
65,0.09847810130106134,0.370808519336624,0.2395799675660483,0.2911334117962666
66,0.03860396570691848,0.09245238275417461,0.4023099102076974,0.46663374133120983
67,0.017716436725635484,0.7338001763001777,0.1455531343051998,0.1029302526689872
68,0.7196467727158834,0.051485373508330115,0.0909942983852363,0.13787355539055032
69,0.1742996134586817,0.0585896653643485,0.0802437707975182,0.6868669503794513
70,0.09743294179332064,0.13805120244767488,0.5720081556646424,0.19250770009436216
71,0.046567500644892415,0.1963998953052196,0.6237766332610248,0.1332559707888632
72,0.010543916129027666,0.6326929973543303,0.24768067180582123,0.10908241471082074
73,0.6126611759072083,0.06645294973197144,0.13990810734064077,0.18097776702017962
74,0.0619389954139329,0.0808277288685573,0.5977935629061901,0.2594397128113195
75,0.7794745451170937,0.044541566636564535,0.0682249687656713,0.10775891948067033
76,0.027005889283185598,0.6229579309694797,0.18972169331526875,0.16031448643206603
77,0.01676560532389615,0.582311777916542,0.2711812725670984,0.12974134419246355
78,0.12287980978671378,0.4357896025993655,0.3138223291186173,0.12750825849530364
79,0.021925256540349665,0.6194800872767083,0.17199774024480152,0.18659691593814062
80,0.08498058946444367,0.09591720197143161,0.5290262152948915,0.2900759932692334
81,0.8120964423828635,0.04768094453834238,0.04988913633898782,0.09033347673980663
82,0.034103565623668196,0.09637552440122807,0.42988949577785945,0.43963141419724433
83,0.11688092276449602,0.060476141653471496,0.11463512724039226,0.7080078083416401
84,0.5619638356996858,0.07953666223954825,0.09804447310595432,0.2604550289548119
85,0.04979774932832699,0.03981990309722982,0.11051432915075945,0.7998680184236839
86,0.014340303348750666,0.743080742153376,0.13286620453793285,0.10971274995994046
87,0.08347055142339714,0.14675855615851766,0.19225491945305198,0.5775159729650331
