,proba_0,proba_1,proba_2,proba_3
0,0.017657062553882406,0.064290913975809,0.7287665125559915,0.1892855109143171
1,0.871314595518376,0.03809645447742749,0.02393097224703471,0.06665797775716195
2,0.4526308665645954,0.4476644388098281,0.02140725563137008,0.07829743899420653
3,0.08461734891498293,0.039059224107222484,0.03543138122469356,0.840892045753101
4,0.9174727171056921,0.01588220151146122,0.018427228440428642,0.04821785294241814
5,0.4288760712417599,0.011997107196948603,0.016825523895524375,0.5423012976657672
6,0.08831534874084356,0.08610708550357384,0.7596036456671961,0.06597392008838655
7,0.01335275545861414,0.15907133949433236,0.6793185868142378,0.14825731823281568
8,0.024912589819245427,0.9247243824766964,0.027114783050019794,0.023248244654038356
9,0.024003365076109354,0.10644258991604898,0.7106443131134171,0.1589097318944245
10,0.8582965403307586,0.052324206641502835,0.010588210695972202,0.07879104233176636
11,0.0235421769418214,0.05658040668877444,0.6232528307938527,0.29662458557555144
12,0.08131933037912394,0.8403082503688672,0.05494290776391267,0.02342951148809634
13,0.009601127969693679,0.930118915851144,0.014244567820228059,0.04603538835893418
14,0.010193927199721706,0.6351031130252801,0.34336890771342743,0.011334052061570734
15,0.14522458245990755,0.7540881648691996,0.01886853053631421,0.08181872213457865
16,0.2572562652252086,0.4992742659234496,0.016608075510442313,0.22686139334089955
17,0.056484517456186205,0.051586672561458775,0.4575509923712214,0.43437781761113364
18,0.011418487347521164,0.7463821385484259,0.06432424998742982,0.17787512411662304
19,0.010802329977521962,0.13066835179356015,0.1821245102544801,0.6764048079744379
20,0.9061215392920834,0.016958178331136428,0.02872316324140664,0.0481971191353737
21,0.04598990094069293,0.8773063444656811,0.019379235909047318,0.05732451868457868
22,0.01596164080499072,0.8993478087467763,0.010138474050350855,0.07455207639788207
23,0.9161913000841837,0.03697450539252269,0.010955006613258156,0.035879187910035484
24,0.014433361968795083,0.93222402373061,0.01053448304565914,0.04280813125493571
25,0.07209408398590332,0.010280399498764522,0.014073956756745902,0.9035515597585861
26,0.059731509528400666,0.07982742815150898,0.8064564003174585,0.05398466200263192
27,0.011254688779301492,0.8427435669187912,0.014684027943280177,0.1313177163586271
28,0.035368137621159854,0.0891714169149329,0.8512176585324012,0.02424278693150601
29,0.07538330097671955,0.062138956915996794,0.07168615112414563,0.790791590983138
30,0.05753517679927329,0.19002126466689168,0.5933668344166838,0.1590767241171511
31,0.20435281587020085,0.750738320268744,0.013910340332186605,0.030998523528868567
32,0.015432856659162745,0.09290413103634013,0.7364512584335157,0.15521175387098138
33,0.03464163456963223,0.03222665240824638,0.036493190083068276,0.8966385229390532
34,0.026038573582794964,0.08277827294268263,0.5325993392516697,0.35858381422285274
35,0.17934941789212386,0.0064564567679486345,0.014125133776535077,0.8000689915633924
36,0.8809449167909965,0.025297951639544278,0.02844563043091207,0.06531150113854718
37,0.01732033888064854,0.10043236073325872,0.7008766703608698,0.1813706300252231
38,0.026208617077594306,0.7850041430692445,0.0709943409587755,0.11779289889438566
39,0.06188858285488817,0.1231037321239728,0.6753824895463523,0.13962519547478683
40,0.08693273114334428,0.8535172366788596,0.01147909502294033,0.0480709371548557
41,0.013609914775287236,0.14581894530532113,0.6916813451023286,0.14888979481706302
42,0.020104982638782392,0.1326646767749857,0.6312019113969886,0.21602842918924348
43,0.134708637016607,0.032144146224102464,0.015362090830503453,0.8177851259287872
44,0.8532226751188415,0.032543586646047555,0.01625461933864108,0.09797911889646997
45,0.02051286076207066,0.853609928533317,0.014062439232562713,0.1118147714720496
46,0.011092057228993927,0.13890744590937953,0.7263689949624172,0.12363150189920934
47,0.031015091707658187,0.05522982752830453,0.5428127405193554,0.3709423402446819
48,0.08212176210027977,0.08277055855630241,0.02957501663732969,0.8055326627060881
49,0.8826811471199789,0.017335003375464914,0.02482360260004611,0.07516024690450991
50,0.14238991257793202,0.013360352765430282,0.01913608598172537,0.8251136486749123
51,0.2040842605145166,0.580510900872969,0.10495183605295412,0.1104530025595601
52,0.012277902523011175,0.9130719217397862,0.023430817026373004,0.05121935871082969
53,0.021719517599709685,0.0944656082895262,0.6798938097755161,0.20392106433524804
54,0.03541931813964472,0.08719359426406427,0.0858486163396593,0.7915384712566318
55,0.05930527795079067,0.03030614512690053,0.1026360038084992,0.8077525731138097
56,0.1348853487542887,0.04310795959369813,0.016195464615688982,0.8058112270363241
57,0.035782494370266184,0.1395340199968196,0.7983930242883263,0.026290461344587856
58,0.048205200416888014,0.16959538776593025,0.6820300092014904,0.10016940261569132
59,0.011231144382732755,0.8802356477073601,0.09827272534700444,0.010260482562902752
60,0.0069908111466673,0.8752050021590866,0.10554631784885145,0.012257868845394664
61,0.0234967589537186,0.8415919511305203,0.10241653577809451,0.032494754137666615
62,0.14589435930317912,0.029320720247491584,0.019764961241545965,0.8050199592077834
63,0.12036964188076094,0.7563704873353455,0.011543388348632938,0.11171648243526063
64,0.04046351302064084,0.10119134624359141,0.8049819887162188,0.05336315201954897
65,0.25531937439146385,0.5811519776527531,0.05367957673167469,0.10984907122410838
66,0.035908939795256126,0.14323383085434052,0.06650311020789064,0.7543541191425127
67,0.02312419298677867,0.9153990092529204,0.011724244198313341,0.049752553561987566
68,0.9093854152547514,0.017787109274457324,0.013175747982034344,0.05965172748875705
69,0.3216394293522473,0.003901773180509097,0.014527701134055855,0.6599310963331877
70,0.024752482456402568,0.09535865356170758,0.7158275658079137,0.1640612981739761
71,0.026315181613754162,0.21782390243969474,0.5895938747962197,0.16626704115033136
72,0.007442959300438663,0.8808797420930704,0.03436546756002325,0.0773118310464676
73,0.8861440417777199,0.03447251434640727,0.0539672638103883,0.025416180065484562
74,0.5066106910659269,0.1111005403496882,0.13950253237274854,0.24278623621163634
75,0.8748241595883675,0.07361934288637642,0.020693059412324417,0.030863438112931744
76,0.03320611353459004,0.6093537577620813,0.13896716828920894,0.21847296041411987
77,0.011523696432358517,0.8396061799281583,0.020597920298568353,0.12827220334091483
78,0.003851473631896147,0.41978547745597555,0.5234091043396591,0.05295394457246919
79,0.028412255960831738,0.8613727598057144,0.008348707446401014,0.101866276787053
80,0.03748963088573256,0.02264123789904125,0.3391503634651346,0.6007187677500916
81,0.9005825931227273,0.03972497265530616,0.011179116583434241,0.04851331763853229
82,0.025846310992886614,0.03639197620325614,0.06809167902397786,0.8696700337798794
83,0.12037672628755122,0.016756775298081453,0.011744417123867392,0.8511220812904999
84,0.7947270731970967,0.023558755034552598,0.01647561606133257,0.1652385557070182
85,0.04473146231205133,0.01861688908454224,0.01638513041477461,0.9202665181886319
86,0.0212710433615611,0.9064445824910038,0.013670657141429034,0.058613717006005886
87,0.021073382783216705,0.18805832627025465,0.06822477011713145,0.7226435208293972
