,proba_0,proba_1,proba_2,proba_3
0,0.016340523120061127,0.039219431399710604,0.8257619467176899,0.11867809876253843
1,0.964271809486713,0.020317230790236,0.004226305365664447,0.011184654357386586
2,0.019359358829050276,0.973023886517101,0.001521929187023814,0.0060948254668249
3,0.0053867968458816895,0.06112231676547666,0.26156331930866117,0.6719275670799804
4,0.976162087967559,0.010582610428018176,0.003183499201867929,0.010071802402555063
5,0.06140908984832526,0.008926690739651313,0.014004915706875107,0.9156593037051484
6,0.007026618216950923,0.2580045727168474,0.7321789816922607,0.0027898273739409927
7,0.0188683840068557,0.04059437080764546,0.8768503372141035,0.06368690797139526
8,0.00186738663313868,0.991077107814398,0.0024937105155225015,0.0045617950369408414
9,0.010028259687641448,0.02252808134856674,0.9457641402175393,0.021679518746252565
10,0.971816428383007,0.012230587355272007,0.002733289616609873,0.01321969464511121
11,0.009499407896214007,0.0349144390127437,0.9397412176889289,0.01584493540211331
12,0.00032162489191889866,0.9855342592905145,0.00974647496340114,0.004397640854165536
13,7.207127952132843e-05,0.9826691937679941,0.005633316166390579,0.011625418786093937
14,0.006940253448472208,0.617418585623881,0.36867674520547977,0.006964415722167004
15,0.0017088200697919216,0.9673584774789987,0.0026264533404108084,0.02830624911079847
16,0.001690044326915516,0.840233004792607,0.019831168229223595,0.13824578265125378
17,0.04534617575620231,0.062072827943461244,0.45742381249611125,0.43515718380422524
18,0.0004481500102295007,0.9592781189073,0.02404344683403409,0.016230284248436515
19,0.12500865107649795,0.044143538612553566,0.034281279686606075,0.7965665306243424
20,0.9632547478331311,0.026490662241200866,0.004721558528536583,0.005533031397131393
21,0.0006095445822158607,0.9270883329135913,0.007544416191597359,0.06475770631259549
22,0.0004329080960412028,0.9521599094050539,0.0019862593525291714,0.045420923146375705
23,0.9587584778722498,0.007533679159411137,0.003533331977968138,0.030174510990370985
24,0.00020857010193312128,0.9833441994903277,0.0022795341292446065,0.014167696278494433
25,0.03786573497365626,0.004282293875159283,0.004367157229661431,0.9534848139215231
26,0.017141269535257433,0.05069126992959863,0.9237665038787539,0.008400956656390015
27,0.0008506380539547343,0.980423609101033,0.004410859309406574,0.014314893535605697
28,0.007392414010027229,0.023456489899774075,0.9630319009234639,0.006119195166734782
29,0.013570362428484911,0.12575839348009973,0.16760207684202144,0.6930691672493939
30,0.029006184695667847,0.3717258687609482,0.19165606899565912,0.4076118775477248
31,0.0007519994321372232,0.9792527547275989,0.0024361624522502194,0.01755908338801374
32,0.007004821561607085,0.03475335683976144,0.9506105764324602,0.007631245166171261
33,0.028667805435021062,0.013503324325615025,0.0058770066522693615,0.9519518635870945
34,0.13504533446796754,0.05577571956892555,0.1578853996142186,0.6512935463488883
35,0.011775033383984201,0.008267229450027024,0.0047012102277714215,0.9752565269382174
36,0.971629541338622,0.013013957832875516,0.007066949781839406,0.008289551046663072
37,0.009361443316046422,0.025898161399683664,0.9554701788790866,0.009270216405183386
38,0.007279242529866747,0.3817919609073754,0.1287292027402699,0.48219959382248806
39,0.030517687071155316,0.4408728923132616,0.43560416749537784,0.09300525312020524
40,0.005864794633677669,0.9786437701989701,0.0009818267589395396,0.014509608408412594
41,0.007652389399393013,0.044068395390863636,0.9314720629715295,0.016807152238213958
42,0.012333175925917544,0.046553622079959854,0.931382509447653,0.009730692546469678
43,0.08127034482546876,0.008015001856438907,0.0031537047801930866,0.9075609485378991
44,0.9738707482094152,0.014498152446278877,0.002391127584587704,0.0092399717597181
45,0.00016674146448594144,0.9060267921981918,0.0012996761477661407,0.09250679018955602
46,0.005668996916794178,0.05519060816413779,0.9234150632668119,0.015725331652256026
47,0.03605036268490783,0.04360878452313044,0.7949253297759558,0.12541552301600592
48,0.04942913127610104,0.013032149422261516,0.00392173919282287,0.9336169801088146
49,0.9571594744508228,0.004956051822825504,0.0010425726773068366,0.036841901049044744
50,0.08386001292326498,0.010235446899987689,0.00205807625573022,0.9038464639210172
51,0.005153136359845863,0.9827080492897982,0.004294112433508698,0.007844701916847333
52,9.105552227268589e-05,0.9873706765060997,0.002765864586875747,0.009772403384751941
53,0.014494386558176753,0.023891579678172285,0.9389628858092175,0.02265114795443347
54,0.002463049402680216,0.038594228283412316,0.03780378373102217,0.9211389385828853
55,0.007784251306779147,0.06971548982335647,0.22621425799315856,0.6962860008767059
56,0.04135507796256844,0.0034671700211302094,0.006916171291831819,0.9482615807244695
57,0.011740743754090913,0.049574438169427464,0.9324742551320999,0.006210562944381677
58,0.02350280923918846,0.12487632686073863,0.7418515832623692,0.10976928063770358
59,0.0030026220554513357,0.9628496798608952,0.03091710714783455,0.0032305909358187434
60,0.0008822006732131082,0.818981152837514,0.17981250220739117,0.00032414428188159343
61,0.023343423916345717,0.6362889096154675,0.04152796313207141,0.29883970333611554
62,0.005733676199816542,0.03809370252112424,0.06084395935145168,0.8953286619276075
63,0.008282885939733853,0.9429243717656255,0.0005946155447624471,0.04819812674987832
64,0.004958689654009281,0.04750889371051639,0.942638900703912,0.004893515931562355
65,0.0003483725173676961,0.8787585717162828,0.07386290847323917,0.04703014729311016
66,0.009061195775470477,0.14505333852982683,0.10432679033800844,0.7415586753566943
67,0.0008588161001752159,0.9490373270712891,0.0008687182961590465,0.049235138532376786
68,0.9714547432628049,0.015772774332552423,0.002757990751440541,0.010014491653202147
69,0.21124514008133177,0.00463086188396451,0.0019835523796424134,0.7821404456550612
70,0.008172802946530389,0.040324859719495364,0.8716775363649877,0.07982480096898657
71,0.1293335002899498,0.19520881964188824,0.6526399673148574,0.022817712753304454
72,6.49803341816447e-05,0.9696913358976627,0.005567089869816675,0.02467659389833886
73,0.9818290578236071,0.010423003037171055,0.003595151122738068,0.004152788016483547
74,0.9307634644642788,0.020693206947116648,0.02198717847031823,0.026556150118286152
75,0.97277489051414,0.013381329947570296,0.002460963133457017,0.011382816404832654
76,0.00031499593537629144,0.8891455945219358,0.042837009423543286,0.06770240011914469
77,0.0005224741671678677,0.9611945261593531,0.005520859269639609,0.032762140403839575
78,0.029055077756223742,0.4598565776198617,0.4416713094108064,0.06941703521310813
79,0.0013532461030791902,0.9687912048247019,0.0017000743147316407,0.028155474757487312
80,0.013761108797155076,0.021553767070649446,0.7519927999222127,0.21269232420998282
81,0.9740400188500619,0.014433636003051446,0.003293234336954476,0.00823311080993217
82,0.005777394034623729,0.1297987126012928,0.46113678049160994,0.4032871128724735
83,0.01868406732836387,0.005767147826917693,0.004009693333251681,0.9715390915114669
84,0.9507137649451005,0.007976455808416279,0.001712971705904912,0.03959680754057832
85,0.03280832150343895,0.004301581702151447,0.007539282445631881,0.9553508143487778
86,0.00020293435253610143,0.969110494201201,0.0016400074156520021,0.02904656403061084
87,0.09816470822349734,0.0206306953061607,0.0017716057113884816,0.8794329907589535
