,proba_0,proba_1,proba_2,proba_3
0,0.2222212284443224,0.23610654555578928,0.3676536400833727,0.17401858591651528
1,0.7080500152509714,0.1249285868704112,0.07173694236332152,0.09528445551529602
2,0.2551561475287675,0.4674473687474159,0.1769120740783537,0.10048440964546308
3,0.19421404209651114,0.19359232920563166,0.2641311408109911,0.3480624878868662
4,0.7402845422023842,0.10265907068151321,0.05923171935896927,0.09782466775713336
5,0.2583211421542063,0.09961046574347097,0.08155552213926592,0.5605128699630564
6,0.20142784970183464,0.2652982178714654,0.4572433204345977,0.07603061199210222
7,0.2346775323229424,0.21507289962088869,0.4032077382577218,0.1470418297984471
8,0.13759212841548418,0.683510208372372,0.10781487467462528,0.07108278853751893
9,0.21235928669485735,0.1730112755103955,0.5100259757999268,0.1046034619948203
10,0.7408343676537558,0.10321238947275677,0.06383408472608715,0.09211915814740045
11,0.19210772677179982,0.2221080219503126,0.4695928390525905,0.1161914122252969
12,0.06688266916102038,0.7186049999450113,0.12357386533427765,0.09093846555969055
13,0.06606459457860019,0.7290754791660213,0.13319113235192562,0.07166879390345285
14,0.1620066142909118,0.26866252993547834,0.5031682494212895,0.0661626063523205
15,0.14669753752288606,0.6282085569152078,0.08682440281150029,0.1382695027504056
16,0.12885428825480175,0.48369309411995504,0.10206635595432059,0.28538626167092285
17,0.23357811545989796,0.24133984106966058,0.28583009524960223,0.23925194822083928
18,0.11104580610390154,0.6478898455901079,0.15358096968806847,0.08748337861792192
19,0.3563753445391254,0.18055257265029756,0.13473901959421464,0.3283330632163625
20,0.7338419015039441,0.127261447889202,0.06190704118964876,0.0769896094172051
21,0.1067639293302067,0.6089838439464297,0.1169570298654225,0.16729519685794103
22,0.0972156313376123,0.7004311586329856,0.08009259557230074,0.12226061445710144
23,0.6927644233406952,0.1021080886651466,0.06828187986216568,0.13684560813199265
24,0.06850120488826825,0.7546462153611744,0.08961852276182845,0.08723405698872919
25,0.1901094325590594,0.0791749504597728,0.08494143299337563,0.6457741839877922
26,0.19634412228695355,0.17548413565803125,0.5290268641136994,0.0991448779413158
27,0.10181240821955215,0.7269562534965448,0.09838667582348144,0.07284466246042162
28,0.16130474584949225,0.12134238823267822,0.6482902622308896,0.06906260368693969
29,0.22430071458843884,0.21765782395179722,0.21680927442285103,0.3412321870369133
30,0.228362119399636,0.2623777585904109,0.28765012999795425,0.22160999201199888
31,0.08995240508747021,0.697676814499651,0.08341981536162109,0.12895096505125742
32,0.18610647942816644,0.13589792638223588,0.6010562245190144,0.0769393696705833
33,0.2165681981601404,0.11382372331807424,0.09952632095142663,0.5700817575703588
34,0.316590114275823,0.19572545093699317,0.21583893016433803,0.27184550462284557
35,0.16509471048107285,0.09869281897823685,0.09354740060457828,0.6426650699361123
36,0.7048843887939763,0.1316623683761124,0.07674892695178769,0.0867043158781238
37,0.1761223975319147,0.11586268044104434,0.6394184679707411,0.06859645405629966
38,0.1898520801525165,0.3054724194060116,0.20977337001948645,0.29490213042198576
39,0.21749945812443408,0.30244421451935805,0.3408890218842467,0.13916730547196082
40,0.1638016076515289,0.650442906512218,0.07092892875633579,0.11482655707991746
41,0.17432662655899792,0.216381705674026,0.49168084049732497,0.11761082726965084
42,0.20643937209379198,0.20445173177878895,0.48412446627571876,0.1049844298517005
43,0.21647521101965278,0.08951504361710866,0.06533306132359112,0.6286766840396473
44,0.7627635898805049,0.10606735804975242,0.057328880012589775,0.07384017205715303
45,0.08432239269210974,0.6748153516928542,0.10023664495369783,0.140625610661338
46,0.15932227106462848,0.232632822505953,0.49170400851928514,0.11634089791013333
47,0.24322845642290686,0.2438241951919782,0.3253964085452318,0.18755093983988314
48,0.24443716016771214,0.10832059687417181,0.0947688471170265,0.5524733958410899
49,0.7998311593334076,0.06356496635253708,0.037993181515939174,0.0986106927981162
50,0.25905714065228047,0.08638278380829058,0.06351088587613517,0.591049189663294
51,0.1765901300557956,0.4937440112592023,0.23542374566973426,0.09424211301526779
52,0.056636410629182204,0.7682338775776675,0.11637847331711157,0.05875123847603905
53,0.22404298925143218,0.1846518759100288,0.4792289907958627,0.11207614404267621
54,0.14577780948307775,0.16814115113595815,0.15375666386205125,0.5323243755189131
55,0.21628346987203137,0.20824328797259556,0.25370442066687754,0.321768821488496
56,0.23274422690461352,0.0768050014838376,0.08034835316149708,0.6101024184500516
57,0.16524418022422713,0.13869439168095557,0.6163138461940416,0.07974758190077608
58,0.2175398793857055,0.1960484464629745,0.4533403466950481,0.13307132745627195
59,0.11169036006272416,0.6831755220177258,0.14710611240375895,0.05802800551579117
60,0.07578414247033817,0.589359441858305,0.3031872730960553,0.03166914257530151
61,0.224278477244086,0.3351323593059195,0.16999174506768477,0.27059741838230983
62,0.18563728724418155,0.1406103754204855,0.1441933619935296,0.5295589753418033
63,0.2082072237941107,0.5514756959388463,0.06287828589663425,0.1774387943704088
64,0.15084565513413142,0.121775215726016,0.662887200542153,0.06449192859769945
65,0.08319947973562691,0.5524705149971021,0.14909528391817795,0.21523472134909322
66,0.179781397577359,0.23295935326983247,0.17396253737056636,0.4132967117822419
67,0.1052500273612213,0.6867178642763064,0.07462000314420526,0.13341210521826682
68,0.7581095491766227,0.10779399840441647,0.05375428174516076,0.0803421706738003
69,0.3514223713062166,0.07762004253996471,0.06304392869421571,0.5079136574596032
70,0.1956084118845798,0.22674116520675153,0.43447482776646545,0.14317559514220296
71,0.2831129924933769,0.2632485450226757,0.3094978762028992,0.1441405862810481
72,0.06418613092836278,0.7083863287274799,0.1546031323601235,0.07282440798403352
73,0.7722368136232299,0.09731815962846209,0.05810416512649638,0.0723408616218114
74,0.5174858031263397,0.17609068145793444,0.1844730737528088,0.12195044166291683
75,0.7601968693356115,0.09943218149216201,0.0520971365743106,0.0882738125979157
76,0.09537836634200407,0.6140716712304513,0.17700323894092165,0.11354672348662334
77,0.10299340906889708,0.67713776406679,0.11236478268087076,0.10750404418344207
78,0.21315299860756137,0.30247449684185046,0.3476298148393376,0.13674268971125028
79,0.13169511286196758,0.6832077761486206,0.07863614249682849,0.10646096849258331
80,0.25437871158231423,0.19558926390736012,0.3549312946511043,0.19510072985922153
81,0.7589064746403595,0.10638728319182827,0.05765205366656919,0.07705418850124297
82,0.1833444522763714,0.23634374974516897,0.2654681136035067,0.3148436843749532
83,0.12674948790650697,0.06893956206032449,0.06202633093640311,0.7422846190967652
84,0.7742536046265339,0.08365644448926363,0.04588329913859639,0.09620665174560636
85,0.20565352766113207,0.08892984367419825,0.10777932288755741,0.5976373057771125
86,0.0717054005309493,0.7621651528459628,0.07895604731899301,0.08717339930409493
87,0.2555258135951956,0.10990117901502361,0.0615775321564818,0.5729954752332991
