,proba_0,proba_1,proba_2,proba_3
0,0.18253891798209448,0.3108958445608613,0.2393349931965915,0.2672302442604527
1,0.6937795433803339,0.14909974718384542,0.07521640593860571,0.08190430349721486
2,0.21380071620247645,0.5458095913465103,0.15040180492105745,0.08998788752995569
3,0.274400208604267,0.19373476386134536,0.18774520750857862,0.3441198200258092
4,0.7306543683342683,0.11836162995186546,0.06511677502543403,0.085867226688432
5,0.3112740423431492,0.0927167274336044,0.09349926281742553,0.5025099674058208
6,0.16607469066190814,0.4892715323299385,0.2500858916252005,0.0945678853829528
7,0.2160541232038355,0.3191964243540171,0.2513202815502794,0.21342917089186786
8,0.11921134655883253,0.6698933148577086,0.12982828826447443,0.0810670503189841
9,0.2086143756546279,0.33311888341682755,0.28951725835481523,0.16874948257372965
10,0.7224721569623445,0.12355878242088823,0.06650486428267019,0.08746419633409709
11,0.1771885597930667,0.35193200281418535,0.28135872926933103,0.18952070812341695
12,0.10165401851693012,0.6460302610675376,0.1499082594367004,0.10240746097883187
13,0.06014520924885882,0.7122593309844707,0.15169328234970622,0.07590217741696434
14,0.14498747897211262,0.49472211676327993,0.27069843366399177,0.08959197060061608
15,0.10642989301128605,0.6351267452921955,0.11777776658239986,0.14066559511411847
16,0.13766324117475073,0.4549036314444454,0.12799777885093325,0.2794353485298701
17,0.2255855644983198,0.26958537388496956,0.21108513331045867,0.29374392830625207
18,0.07575948124755512,0.6682607765057674,0.16412893109879118,0.09185081114788636
19,0.30189394703529704,0.20370085842715394,0.12349362578682152,0.37091156875072734
20,0.701671616669153,0.15089088420717695,0.07045484292414876,0.07698265619952115
21,0.09818164671153955,0.6010615225064372,0.13691557635806254,0.16384125442396064
22,0.07462814604275005,0.6863184777597826,0.11583683732958865,0.123216538867879
23,0.7361516361355771,0.1000153441032594,0.0727102188712638,0.09112280088989956
24,0.05807606956667938,0.717770010713361,0.12639971959138893,0.09775420012857122
25,0.11867920269208447,0.08669794569637984,0.0977820624907197,0.6968407891208158
26,0.24462307724366217,0.341547910591968,0.28255037618497414,0.13127863597939612
27,0.07811586912675257,0.7071635243851128,0.13156757485344092,0.08315303163469355
28,0.21853001142924983,0.33689609705359996,0.33683891410672495,0.10773497741042519
29,0.28681809844728656,0.22479915003026224,0.1807807580646964,0.30760199345775463
30,0.2005173814579746,0.3388068462930897,0.19668533446217987,0.26399043778675585
31,0.0887365038899853,0.6333017974620316,0.12185790162274564,0.15610379702523752
32,0.22824712553425677,0.3539379461167173,0.3324212394800328,0.08539368886899355
33,0.13906931325075297,0.11533566620714356,0.11165920990767464,0.6339358106344289
34,0.2525161135836453,0.24646868419415088,0.16446003311961216,0.3365551691025919
35,0.11675499051186695,0.11544006380660017,0.10070853982870055,0.6670964058528326
36,0.6924842826283665,0.15315600603155927,0.07574568758064039,0.0786140237594341
37,0.22966895031810386,0.33496085196295833,0.34116101133721083,0.0942091863817266
38,0.16228379519098898,0.2856761949822389,0.19775781080770038,0.3542821990190719
39,0.17079315451265362,0.42465941706940247,0.2173394395972807,0.1872079888206631
40,0.13976283641241277,0.6383535604418904,0.1084209682521276,0.11346263489356917
41,0.17231078610125444,0.35439025404665025,0.28905605392535144,0.18424290592674392
42,0.22988528306878508,0.3527271459052081,0.28733462253807424,0.13005294848793267
43,0.1400466063080027,0.09656400932204016,0.08446535096899804,0.6789240334009593
44,0.7516794332627598,0.120880208769797,0.06163088679802916,0.06580947116941392
45,0.06501733539864736,0.6588050733902003,0.13017927126400017,0.14599831994715237
46,0.15886169026825414,0.37068039144902193,0.27960224858980537,0.1908556696929186
47,0.2146224765374163,0.29233014514163075,0.23014677014054372,0.262900608180409
48,0.18532373385485434,0.11450901066821034,0.10111343958015502,0.5990538158967803
49,0.7768116354572581,0.0754823586084882,0.04736744320336296,0.10033856273089052
50,0.18186654210157446,0.09315529005989001,0.08389423049822567,0.64108393734031
51,0.13871651741057983,0.578370029781933,0.1791629045570517,0.10375054825043553
52,0.051023664920276955,0.7309866624585173,0.14664536693877356,0.07134430568243216
53,0.2172259941712134,0.3389561977993764,0.2784759354209245,0.16534187260848565
54,0.1534248440563366,0.1482272128793144,0.14033011021885272,0.5580178328454961
55,0.21060582858921298,0.24704258018932865,0.1894022414683668,0.35294934975309133
56,0.15323929888644805,0.08385485071161913,0.08989726531252427,0.6730085850894085
57,0.23284238294199353,0.3350841973843226,0.32642247142720016,0.10565094824648363
58,0.19434712661673836,0.36328973020894606,0.2507754580829707,0.19158768509134494
59,0.10109495036924947,0.6576794416958957,0.17165388069018347,0.06957172724467128
60,0.07023691817155772,0.677911259270159,0.21940705375738684,0.032444768800896334
61,0.19119889608442422,0.33377144680743065,0.1771101597126914,0.2979194973954536
62,0.21995266607510316,0.1343813197166348,0.13883795433070525,0.506828059877557
63,0.16375216112586266,0.5842784792808603,0.09493055866429155,0.1570388009289857
64,0.20654456842183905,0.35702597059443836,0.3253964235878098,0.11103303739591307
65,0.10452233138393038,0.5014476913624871,0.15285342575863084,0.2411765514949516
66,0.17989200644779477,0.22961557915440764,0.15576285077234575,0.4347295636254521
67,0.08619728565881996,0.6607265704767085,0.11292759369454904,0.14014855016992245
68,0.7329691653299027,0.12593714992208363,0.06330918982309396,0.07778449492491983
69,0.3067843291382435,0.08456062462880491,0.07589759347701726,0.5327574527559344
70,0.17204771961055315,0.33999252125250573,0.26618339923135836,0.2217763599055828
71,0.2673780934208873,0.35350868399857716,0.21343871673020637,0.16567450585032922
72,0.04930464621443771,0.7001045589512241,0.16333910658660752,0.0872516882477305
73,0.7781137114706074,0.10070631323085931,0.06266847118328539,0.05851150411524786
74,0.5297445312939157,0.22141862258683961,0.14297550186344526,0.10586134425579942
75,0.7632330550203117,0.10449469213019526,0.058368274834128465,0.07390397801536487
76,0.062052861355009446,0.6452406341730736,0.1735173779743274,0.11918912649758946
77,0.0696095946374857,0.6726912589552713,0.1367744291582354,0.1209247172490074
78,0.1646715582709606,0.4657134832175158,0.22847265974752287,0.1411422987640007
79,0.09462641178037483,0.6826238377957847,0.1151088242790229,0.1076409261448175
80,0.19714413163891545,0.2914018147180812,0.24222239170680646,0.26923166193619685
81,0.7540828943514389,0.11586793176997243,0.06399298747975483,0.06605618639883364
82,0.22696368952166737,0.25627733760336563,0.20311944216646116,0.313639530708506
83,0.08939430808214005,0.06651281166075704,0.08077966531470374,0.763313214942399
84,0.7489682352965491,0.0947181398516356,0.05607213824062201,0.10024148661119339
85,0.1255666111959481,0.08577010784801019,0.10827294326730648,0.680390337688735
86,0.06000726985525573,0.7269347352969873,0.12177061477824694,0.09128738006950991
87,0.1855475429023556,0.11577601424179437,0.0803370765348513,0.6183393663209988
