,proba_0,proba_1,proba_2,proba_3
0,0.13397301782198273,0.1874963931789113,0.5226536333236648,0.15587695567544096
1,0.702749899657036,0.114689390212211,0.08136593182505955,0.1011947783056933
2,0.22678666974999034,0.5197568838662981,0.1438682545528751,0.1095881918308365
3,0.2385735965930207,0.12020915866234753,0.13246777007294866,0.5087494746716832
4,0.7944312454159824,0.06989814187469601,0.04966416352273703,0.08600644918658448
5,0.38641604740020896,0.11591899131683317,0.09991153736081537,0.3977534239221423
6,0.09756711765375087,0.22661346184116346,0.5434256234996696,0.13239379700541648
7,0.1328274516696271,0.17326082715063765,0.5369538161920798,0.15695790498765547
8,0.030709305722279534,0.8598789900181149,0.07211235712018049,0.037299347139425384
9,0.12640518612180476,0.15527528664734566,0.5052642683755086,0.21305525885534118
10,0.7381876192979969,0.11255605150205299,0.054339866939119,0.09491646226083127
11,0.11660149398112916,0.17839592224846368,0.5372549507218162,0.16774763304859114
12,0.09445203591917585,0.6813453498584109,0.12420393206815669,0.09999868215425645
13,0.018449904133319595,0.8392275462708119,0.11877759331763767,0.02354495627823068
14,0.13473144443560575,0.4394117706608566,0.30577428343485585,0.12008250146868178
15,0.05780411126607326,0.6578391698815307,0.23158500091262185,0.05277171793977408
16,0.2560393010837163,0.5043139195721681,0.09793106554326864,0.14171571380084727
17,0.0980110195926119,0.15020007777426256,0.5365153442987612,0.21527355833436454
18,0.03796104195244026,0.7152653847848905,0.2065655092099922,0.04020806405267654
19,0.08617157011010293,0.21095653485900692,0.2264865397378942,0.4763853552929959
20,0.7817931717380391,0.09115428292259309,0.04542442222461224,0.08162812311475552
21,0.10212239380079847,0.7184448312740009,0.07107307148750716,0.10835970343769345
22,0.04099466285090254,0.8418439372333548,0.07422252309363839,0.04293887682210383
23,0.8364129705256269,0.072285661218726,0.034407761745942365,0.05689360650970447
24,0.034217940103937215,0.8406396273260549,0.07876842837338426,0.0463740041966238
25,0.11945863135701512,0.06689717755368457,0.06992710766494784,0.7437170834243525
26,0.07853215120544718,0.20756052884440965,0.5840120046098233,0.1298953153403204
27,0.03411500247694638,0.8402957748305487,0.0923965501857109,0.033192672506794335
28,0.07667864937694943,0.17021538878450662,0.6329986465721489,0.120107315266395
29,0.34441492887292974,0.1118595829813536,0.06028592725637312,0.48343956088934364
30,0.2173668466360174,0.3646486174942551,0.29224099487580607,0.12574354099392154
31,0.12680695913517384,0.671088908131601,0.09015626010649327,0.1119478726267319
32,0.07903054289831304,0.14007462572117463,0.5821966241993259,0.19869820718118664
33,0.09886408650112234,0.10156389704262175,0.07338674571628485,0.726185270739971
34,0.20001927622097943,0.29822791361574263,0.35990376578737543,0.14184904437590248
35,0.2156204278580281,0.07852058565234014,0.1087373348522618,0.59712165163737
36,0.7392385370916056,0.10077990964164893,0.06458398070441561,0.09539757256233015
37,0.09216914464943789,0.14512771053137796,0.5840320325661458,0.17867111225303833
38,0.17612961586966638,0.41135541507754897,0.225740506511444,0.18677446254134045
39,0.137827361298379,0.38137215407793285,0.33077034430950497,0.15003014031418332
40,0.06737670493141906,0.8169518503099513,0.045823163459242734,0.06984828129938682
41,0.12030028543105113,0.17761076241702295,0.5576595720080365,0.14442938014388948
42,0.08631941075043043,0.25849790863514904,0.5399204606093743,0.11526222000504596
43,0.2349021298841619,0.08982261495276975,0.03923169046858726,0.6360435646944813
44,0.7443454365492086,0.09510570193262141,0.06081752881898508,0.09973133269918488
45,0.04338683937487529,0.8362248339526669,0.058027667906819,0.062360658765638885
46,0.13052611549148788,0.1847220353725094,0.5546812460332832,0.13007060310271962
47,0.10439639697125007,0.1438817617988358,0.5505947374933721,0.2011271037365423
48,0.11606820024766808,0.09950441724327988,0.06067921091650124,0.7237481715925507
49,0.759834875833036,0.060648923381140314,0.0619147091766413,0.1176014916091826
50,0.15560318044593752,0.10260674180770762,0.06970881157187775,0.6720812661744769
51,0.19053140242905453,0.4927236668708389,0.23452569038214655,0.08221924031796005
52,0.026573828388624356,0.8762691469078208,0.07016053412749668,0.02699649057605839
53,0.1074794592868636,0.14095544920037797,0.5544249421474297,0.19714014936532934
54,0.15387667150790854,0.1670026827556824,0.0820146946258703,0.597105951110539
55,0.16570214676125342,0.09126998287555078,0.12893876041617253,0.6140891099470235
56,0.15221615644750447,0.09086278408201394,0.14599875361464373,0.6109223058558381
57,0.07486780669958179,0.20756048042638453,0.5718903026945477,0.14568141017948583
58,0.19471896548568876,0.2844747565549756,0.4214581246948561,0.0993481532644794
59,0.07203787372148342,0.7648133553741084,0.11777887794025507,0.04536989296415326
60,0.06234186330421087,0.735481612110879,0.15468744528219952,0.04748907930271057
61,0.20084031599725993,0.4703724654339237,0.19110473053548194,0.13768248803333408
62,0.30878372248269165,0.10455944447386921,0.05661483026339324,0.5300420027800459
63,0.0967935546836657,0.7343604356203739,0.08511263353483069,0.08373337616112979
64,0.08010183576435437,0.23711055195749753,0.5476358535022918,0.13515175877585642
65,0.20900631921157817,0.4501607886952187,0.23733109434596653,0.10350179774723668
66,0.07744565731197667,0.3055406101009961,0.2787418073055437,0.3382719252814838
67,0.04721512637682189,0.8283803395811156,0.06166676490043809,0.06273776914162463
68,0.7811739263329016,0.09031644895497985,0.039685272802129606,0.08882435190998898
69,0.24482528449416263,0.07079424254801701,0.08881004526135533,0.5955704276964648
70,0.14638808676388407,0.16227679806945142,0.5311235563426941,0.16021155882397048
71,0.17540174825188054,0.42601632079823315,0.2801440119844658,0.11843791896542054
72,0.02198917314042683,0.8249599598380783,0.12681504413783204,0.02623582288366273
73,0.7280703751181697,0.10152039762398289,0.0666987036137457,0.10371052364410147
74,0.25721773405186804,0.16450993552676876,0.3052420215509265,0.27303030887043706
75,0.7604187929608142,0.09022579274650296,0.06908065180958904,0.0802747624830935
76,0.06447770572856605,0.49139460366012855,0.3905107593669774,0.053616931244328044
77,0.04317806353759679,0.791214838037749,0.11325311443310286,0.05235398399155155
78,0.1667440294890563,0.28855117164915733,0.4168397678383875,0.12786503102339894
79,0.05255652507631465,0.8276993755269482,0.05462530089799639,0.06511879849874087
80,0.11293078899487631,0.14945482258979997,0.4615882617117475,0.27602612670357635
81,0.8294434958266415,0.0757745002037309,0.03049973377801995,0.0642822701916074
82,0.08357373302472282,0.2460407102295099,0.4212923605101725,0.24909319623559448
83,0.15101318317427553,0.10742007717369102,0.07767684207773463,0.663889897574299
84,0.7649481651246017,0.06532761765976543,0.04770479744188129,0.12201941977375137
85,0.09612476167014693,0.08542153185893823,0.0860111426795813,0.7324425637913333
86,0.03805822304521273,0.8743456219594086,0.04993423709971826,0.03766191789566022
87,0.0878175966156294,0.13897637402111918,0.09515156838656402,0.6780544609766871
