,proba_0,proba_1,proba_2,proba_3
0,0.07994704707502207,0.04941886824637239,0.7561978210343909,0.11443626364421437
1,0.7728943870206896,0.05431384860086104,0.08533321860014309,0.08745854577830613
2,0.12214240749138468,0.3336325502731999,0.2597970217263247,0.2844280205090909
3,0.16648296720092115,0.06815971344781581,0.16611988285728294,0.5992374364939802
4,0.7813989730137731,0.055742305646709366,0.06676179406099779,0.09609692727851922
5,0.3548303992194837,0.0451422652358486,0.0852902040023835,0.5147371315422846
6,0.09714585773367948,0.11064609807339289,0.626608607605934,0.16559943658699353
7,0.07845831941095717,0.04675015912983904,0.7633314465205899,0.11146007493861408
8,0.02453144150514408,0.8308339322721854,0.08577485925976967,0.0588597669629012
9,0.085173938013319,0.053797459025290734,0.7281119415016625,0.13291666145972766
10,0.7042637720832936,0.0814021315798127,0.08661799651071134,0.12771609982618226
11,0.10043223282701177,0.06474641119474055,0.679710775918538,0.1551105800597098
12,0.04075038940969572,0.6943397596339084,0.1416306454881115,0.12327920546828486
13,0.013567146083401342,0.8480485085008768,0.08142393327536354,0.05696041214035804
14,0.03875019024375466,0.16872761387655427,0.735769530773553,0.05675266510613761
15,0.04243256240478259,0.46238595509371233,0.268294583438492,0.22688689906301326
16,0.20347372827787494,0.3194299041656342,0.17266633419792718,0.30443003335856356
17,0.12650606495782657,0.06924449007826003,0.5647894233910052,0.2394600215729081
18,0.022875514997356357,0.6104720195582082,0.253921892014676,0.11273057342975966
19,0.1543672497120329,0.13396855216931336,0.4288035681931991,0.282860629925455
20,0.7975053537314709,0.05348247557206852,0.071033269748546,0.07797890094791474
21,0.07473587319977551,0.6646131833415166,0.12098064155485216,0.13967030190385546
22,0.02961648900762849,0.827034657489046,0.07315646862925645,0.07019238487406884
23,0.8080777858613942,0.047081155879723,0.047793939879109085,0.09704711837977362
24,0.02086043975826995,0.8367455095878847,0.06742514807071871,0.07496890258312679
25,0.11984229814801536,0.06900775973651903,0.10346017522375543,0.7076897668917103
26,0.03340080812192826,0.0844227512608938,0.7397704348365045,0.14240600578067344
27,0.02965646983212151,0.792559892989356,0.09873589255987061,0.07904774461865141
28,0.027078966885864746,0.05297104457737536,0.8044868012638391,0.11546318727292099
29,0.2585514674988862,0.08388008716820734,0.18139890484419346,0.47616954048871285
30,0.14548898310339473,0.1012649269317438,0.6097124990729142,0.14353359089194712
31,0.08375352390579191,0.5623719309580661,0.13347671511204715,0.2203978300240952
32,0.05943729101016835,0.040922819392386116,0.7883761605256278,0.11126372907181808
33,0.1618225014898663,0.11200465872840712,0.19684102116310012,0.5293318186186264
34,0.16852897211657467,0.07361552296065355,0.6276973510159376,0.1301581539068342
35,0.18738623019069156,0.05560287525386039,0.09697590845553618,0.6600349860999122
36,0.7747882418206582,0.062002553188891835,0.08555548312929515,0.0776537218611548
37,0.07627791522154423,0.039448925606385854,0.7838915918723245,0.10038156729974546
38,0.11121194845413646,0.47924810842640003,0.2243219184530636,0.18521802466639978
39,0.0904425883839143,0.12776157531874935,0.656147256898351,0.1256485793989855
40,0.04876753375102178,0.8229369633878573,0.04234066114009332,0.0859548417210275
41,0.07399346275658106,0.05253999010108749,0.7574448355133773,0.11602171162895425
42,0.08003843968416445,0.06719466848568156,0.7310194046050066,0.12174748722514744
43,0.2367524385318186,0.09030920255138807,0.10641876805708123,0.5665195908597119
44,0.7719296500213544,0.059516976741993896,0.07246605200933365,0.09608732122731814
45,0.023273598444833798,0.8058699387687224,0.06579640528381639,0.10506005750262772
46,0.05744580848255988,0.05089908727818295,0.7889329752672486,0.10272212897200879
47,0.11488076985899624,0.06206638310777355,0.6476686717912201,0.17538417524201008
48,0.14756665046986575,0.1346777798893973,0.1974064227909181,0.5203491468498189
49,0.8288934886482453,0.03484716669953751,0.055136026335736985,0.08112331831648009
50,0.1764638064047614,0.10081654810302006,0.14526799376706812,0.5774516517251503
51,0.07580837545049227,0.25156052587222527,0.4348573889406612,0.23777370973662104
52,0.014766653727576656,0.870781683038036,0.057645311601393766,0.05680635163299352
53,0.08838072352742142,0.05489310637390888,0.7100559030306292,0.1466702670680405
54,0.14004634042207792,0.1481694609252947,0.20352165698549898,0.5082625416671284
55,0.20258127495524095,0.0954746532642016,0.24329650780765605,0.45864756397290124
56,0.12187078174543216,0.13980357405865332,0.1412711653614392,0.5970544788344752
57,0.03245876291834591,0.09846562339415166,0.709573905774005,0.15950170791349716
58,0.10455892349874406,0.06300848161955257,0.7477786248196493,0.0846539700620539
59,0.04525648607893173,0.7869747680320676,0.1304322252943165,0.03733652059468429
60,0.036433849940881995,0.7305528728476999,0.19191016409761474,0.04110311311380331
61,0.10870189562959982,0.5277699021993323,0.2645669873792006,0.09896121479186759
62,0.1566722300464256,0.0698027894095796,0.10585406447356344,0.6676709160704315
63,0.08102666527327271,0.5803396531077151,0.13858263475364171,0.2000510468653707
64,0.03571159563056992,0.10073489538014546,0.6576736445036399,0.2058798644856447
65,0.12489407384080063,0.24738214912037532,0.2967280251418365,0.33099575189698743
66,0.09256397080807037,0.19198879684176204,0.21388162669380117,0.5015656056563663
67,0.0335820407001197,0.8208887941028723,0.06288002994708593,0.08264913524992247
68,0.7692852289390186,0.07083932546353536,0.07172785355628754,0.08814759204115874
69,0.2706195310749709,0.05286172768489453,0.0904121858392103,0.5861065554009239
70,0.0880828755044877,0.052094383472122315,0.7390090312940941,0.12081370972929599
71,0.09186509814952927,0.09361047583368026,0.6889834271610819,0.12554099885570902
72,0.01439819323303304,0.7838959088596826,0.14022013564610009,0.06148576226118426
73,0.7633653951817468,0.05233495856287737,0.09608429192553493,0.088215354329841
74,0.4886081199909823,0.07939924057029255,0.23597039068066158,0.19602224875806362
75,0.8298625289614294,0.0432544542541607,0.06889133442054689,0.057991682363862915
76,0.051921086046339625,0.2862861756849124,0.515858085440179,0.14593465282856902
77,0.027728435508958794,0.7893972465925814,0.11375316421681542,0.0691211536816445
78,0.042240816390148435,0.07235086391321699,0.8159526927319498,0.06945562696468481
79,0.03614917502328332,0.7933982731320824,0.06927536663571665,0.1011771852089176
80,0.13728788280401172,0.07399528818500657,0.5689857981284436,0.21973103088253834
81,0.8459305398762077,0.04280101857856829,0.046358287074212384,0.06491015447101169
82,0.10416962985405155,0.14025629820184868,0.23175893426923014,0.5238151376748694
83,0.1112903793675074,0.06117479751845702,0.0696500698309699,0.7578847532830658
84,0.8081624052910499,0.04359862844328575,0.05789523740127474,0.09034372886438956
85,0.10134502531970122,0.08790246413276331,0.1262993648815152,0.6844531456660201
86,0.02548744712341873,0.8408790858249812,0.051467579824451465,0.08216588722714861
87,0.1547430347804958,0.13895708568384152,0.23231341638803357,0.473986463147629
