,proba_0,proba_1,proba_2,proba_3
0,0.0023280145399455486,0.026014715637709428,0.5668219322576039,0.40483533756474116
1,0.8934900019688691,0.02662472981002668,0.025682287687571612,0.05420298053353263
2,0.499447653028113,0.47577483532548137,0.006853615287827424,0.017923896358578262
3,0.25879440518892544,0.14348894337407003,0.11624438862452269,0.4814722628124819
4,0.9518868916637185,0.010932703100747301,0.013329144113252707,0.02385126112228166
5,0.6583919458049905,0.01746496915221749,0.018002777164793576,0.30614030787799845
6,0.03169842836857085,0.1476582432705008,0.7389372901402136,0.08170603822071464
7,0.0028708519833415226,0.03410555697079809,0.5952786535379075,0.3677449375079528
8,0.00874401729952136,0.9088939978107271,0.03599778420298439,0.04636420068676705
9,0.0035288644588679645,0.0308694928621495,0.5645017782688162,0.4010998644101665
10,0.8925576435772743,0.044011026637291194,0.009475909754458077,0.05395542003097645
11,0.004372076951118799,0.03827486850794556,0.5650630059323141,0.39229004860862143
12,0.026839485992243815,0.9010850671107937,0.052414930575303754,0.019660516321658723
13,0.004307031657393669,0.9176542290648935,0.03519680852944133,0.04284193074827162
14,0.003914039175886893,0.5369294544120018,0.4096839347042783,0.04947257170783294
15,0.06655505198423976,0.8609173607504503,0.020796282684803106,0.051731304580506815
16,0.2524404225584181,0.6851970253801956,0.01847851543547306,0.043884036625913246
17,0.00812530180773509,0.02196379535025609,0.3675076342497825,0.6024032685922263
18,0.008995644130780432,0.8269939982150779,0.11844716399676398,0.04556319365737775
19,0.003917384100738325,0.11645935852073498,0.17968614525883775,0.6999371121196889
20,0.9182076874968771,0.015565151060193473,0.01782616983725679,0.0484009916056727
21,0.019936877919824996,0.8937748472795325,0.02522650464256545,0.06106177015807715
22,0.009279695441594096,0.912947014615012,0.024001149561655208,0.053772140381738755
23,0.9493470784838396,0.03066892662488154,0.005962472022536938,0.0140215228687421
24,0.006256962197561949,0.9358558748894431,0.024926438336851185,0.032960724576143755
25,0.0774828322971129,0.018265319399303384,0.01710585796415979,0.887145990339424
26,0.008028152619832536,0.13471487394964435,0.7629732920747241,0.09428368135579906
27,0.00774009826422738,0.8875345705715715,0.023029055905754704,0.08169627525844636
28,0.005500535513393096,0.1573432283741523,0.8037462178291755,0.033410018283279073
29,0.22607770070432998,0.41056112945946965,0.1264413461578429,0.2369198236783576
30,0.055496782124683286,0.29075826527498205,0.5709666319143333,0.08277832068600131
31,0.08532789922735265,0.8828418138434239,0.012162224243454025,0.019668062685769445
32,0.0032291821468795725,0.18992711142838303,0.6558510205670626,0.15099268585767475
33,0.024765523239691133,0.0651733011774767,0.0712856450624676,0.8387755305203646
34,0.020619569351530555,0.10773814211459329,0.5726561870033218,0.29898610153055444
35,0.2482689444038931,0.005559618939618125,0.023476510367346208,0.7226949262891424
36,0.9374417214813954,0.01784959345455553,0.012323097660241538,0.03238558740380756
37,0.01727390906202378,0.10330171440817103,0.6403202277352779,0.23910414879452743
38,0.009019602585252272,0.735277833518639,0.05763806617115914,0.19806449772494966
39,0.03086683530795146,0.2353510291496834,0.6915886921800806,0.042193443362284665
40,0.026456671549508343,0.9083744395905392,0.005900450477472941,0.05926843838247961
41,0.002863493255858485,0.04420138464875222,0.6423996053021906,0.3105355167931986
42,0.006832054866340065,0.07746048618619245,0.6516182293740408,0.26408922957342656
43,0.1365571946906202,0.04688934639301213,0.011327680158693544,0.8052257787576742
44,0.8854974192456025,0.037330848633621794,0.013373237290090278,0.06379849483068543
45,0.009158979610477286,0.9161578146253945,0.017304374912634205,0.05737883085149403
46,0.0027375917192817376,0.05248456432949365,0.6897948632759977,0.25498298067522684
47,0.004392178586532092,0.022715317101414213,0.4416060569951446,0.5312864473169091
48,0.05076905521408181,0.16612485053390305,0.07053287046146484,0.7125732237905503
49,0.859114310618606,0.010156979151887461,0.019073303504188826,0.11165540672531782
50,0.183677564009095,0.03348918833387553,0.06654528216442736,0.7162879654926021
51,0.4918076492268996,0.43296698042581133,0.046669745878644184,0.028555624468644847
52,0.0049697143532584425,0.9234924723813634,0.02522509686414467,0.04631271640123336
53,0.0037577457614850914,0.023860776958002407,0.5452718290675047,0.42710964821300773
54,0.04175684930339602,0.2157558299029752,0.10641418307555682,0.636073137718072
55,0.06359992294842054,0.0699259906884159,0.10812805352565544,0.7583460328375082
56,0.12828033972119515,0.022726074609971312,0.033517538494369295,0.8154760471744643
57,0.006594659060935309,0.1181851550143478,0.7527209056845394,0.12249928024017748
58,0.05780387722906632,0.18325613870650154,0.7126034041003048,0.04633657996412748
59,0.010979993961349575,0.8559963543122117,0.11515498241344374,0.017868669312995012
60,0.006435825183401677,0.8211511392712251,0.1537980858288041,0.018614949716569188
61,0.013772644203106211,0.8408147637725832,0.07093423247519946,0.07447835954911121
62,0.1958423761708701,0.14414194086160462,0.026538275157760305,0.6334774078097649
63,0.06485001253238165,0.859890173709041,0.013702086496258476,0.06155772726231889
64,0.009502738627095863,0.1628622332951522,0.7785530581587784,0.049081969918973595
65,0.250070885869614,0.6389014248046491,0.0670106636639496,0.04401702566178732
66,0.008272605958367894,0.1656905876602673,0.07916987971725023,0.7468669266641146
67,0.011729726671138287,0.9144161485538811,0.02257504462184561,0.05127908015313502
68,0.9225586580137696,0.014886142011771018,0.012137917627420006,0.05041728234703941
69,0.4570696536124105,0.0039360434270171605,0.023607343616329775,0.5153869593442427
70,0.004730089336654795,0.0367092109290378,0.6155453609395425,0.343015338794765
71,0.012385630754044764,0.18788397546234428,0.6937375281034573,0.10599286568015366
72,0.0044130320498761534,0.893105539761412,0.056444836690398625,0.046036591498313045
73,0.9233154950900155,0.018047901210602447,0.030118260320239874,0.02851834337914222
74,0.17631458856832466,0.1028277441966164,0.5221065847208258,0.19875108251423307
75,0.9117538582234291,0.03731296769181553,0.019072925172209397,0.031860248912546
76,0.01998149464713998,0.5057850278967926,0.3360769194777285,0.13815655797833892
77,0.007962588033271288,0.8797989227314885,0.036217835226492856,0.07602065400874729
78,0.015629171597370706,0.3193036836899408,0.5078287033827298,0.1572384413299588
79,0.013983708822979198,0.9246374197257483,0.014189069471387697,0.04718980197988486
80,0.004962755020695312,0.018135904850449112,0.2931230086111076,0.6837783315177478
81,0.9321360389003337,0.028499487377005882,0.0075845983283364254,0.031779875394324045
82,0.020685771848891032,0.22208456738072616,0.21791191545950467,0.5393177453108782
83,0.2821669848878716,0.014470720033439176,0.014508545120712733,0.6888537499579765
84,0.847620598775729,0.01564272546347593,0.01945355169073682,0.11728312407005825
85,0.03545120833977083,0.018447668824165042,0.02910575100119415,0.91699537183487
86,0.01041325693672713,0.9197840652214492,0.012686440607775386,0.057116237234048316
87,0.004456054570642774,0.1562071663327513,0.041751369675018184,0.7975854094215876
