,proba_0,proba_1,proba_2,proba_3
0,0.06359778825938775,0.15244221887642315,0.5364909458723938,0.2474690469917952
1,0.895804069451282,0.04825738574396101,0.012186126527857012,0.043752418276899956
2,0.08657340957744233,0.8574169250668194,0.022808910561096032,0.03320075479464213
3,0.01915289652819557,0.1186151160125362,0.41921662043460073,0.44301536702466743
4,0.9026689134858973,0.0327101522937497,0.01128571208482716,0.053335222135525946
5,0.21047335865031552,0.04112786544128883,0.04789803762415826,0.7005007382842373
6,0.05051927481795003,0.5164253473361278,0.41492587750898474,0.01812950033693756
7,0.05993149210536027,0.14191121966569364,0.6138917218227974,0.18426556640614877
8,0.029440217076399468,0.9294650052474572,0.019530437328119245,0.021564340348024
9,0.0295290304886305,0.10096412451073895,0.7507168981122561,0.11878994688837435
10,0.8985964243643192,0.039361466814454106,0.010383497614396513,0.05165861120683017
11,0.030029586143109625,0.13764894737878497,0.737352552411832,0.09496891406627352
12,0.003312728656124154,0.920112208619745,0.05022933443677019,0.026345728287360638
13,0.0033569963774544628,0.924516376700947,0.027030544275647713,0.04509608264595081
14,0.01639982816879535,0.6024530045339587,0.3687773098821359,0.012369857415110218
15,0.04040172335030511,0.8784322992991155,0.013323263896801198,0.06784271345377814
16,0.01746565079613364,0.7285055047395176,0.05710864088430962,0.1969202035800392
17,0.10842471139581021,0.14697741449425983,0.32781538134801896,0.41678249276191104
18,0.01070930995788979,0.8729439088974518,0.05433027347765641,0.062016507667002035
19,0.23757196598993757,0.0776311215811148,0.07872905787988382,0.6060678545490639
20,0.9084250308395643,0.05191544303311191,0.01132641207287753,0.028333114054446433
21,0.008952664301326055,0.8508080607185768,0.03238121939667865,0.10785805558341836
22,0.008735756675642874,0.8661770398214609,0.015280148309442847,0.10980705519345352
23,0.8491358765513091,0.031838220896487586,0.019748996181235094,0.09927690637096827
24,0.004498899403698033,0.9226897644461657,0.017615878722770425,0.055195457427365716
25,0.13957537949175614,0.022754728029119212,0.022008095342868517,0.8156617971362561
26,0.05643493983940268,0.13307393298681772,0.7323160330190709,0.07817509415470861
27,0.014626994660004394,0.9142005023373254,0.021895769058365877,0.04927673394430435
28,0.023135114000706287,0.11289450436678627,0.8209210633091356,0.04304931832337178
29,0.023833940279690314,0.18917259527269872,0.35237289357740137,0.43462057087020967
30,0.09567816553619071,0.3757527379575046,0.23863785471572568,0.28993124179057905
31,0.011134325664933425,0.9210199229629266,0.017678249268568157,0.05016750210357178
32,0.01412553310007938,0.1538871182325016,0.7784017409352042,0.05358560773221477
33,0.11366321539579546,0.04223908181803116,0.03891251042407884,0.8051851923620945
34,0.25432571192520037,0.16515395941210895,0.15764048041501613,0.42287984824767455
35,0.10605119471381057,0.03934942048352846,0.022424923264561768,0.8321744615380992
36,0.8948660526390158,0.039049266810749036,0.01883211891505512,0.04725256163518017
37,0.019338900868207557,0.15089751268143659,0.7849608350196912,0.04480275143066465
38,0.02199869345149281,0.47909410242196726,0.2587845729394232,0.24012263118711677
39,0.07772887143954067,0.5285421268565383,0.2827885214095948,0.11094048029432628
40,0.06948285770841647,0.8776023242038067,0.0086133404222217,0.04430147766555517
41,0.02838298580277296,0.18119775566425758,0.7117554532174165,0.07866380531555298
42,0.04022936258524835,0.19483398579015263,0.7101444439850506,0.05479220763954849
43,0.24575659549026713,0.027050294207865994,0.01704439847874914,0.7101487118231179
44,0.9139939950471582,0.04172554045878982,0.009334190576944488,0.0349462739171074
45,0.005695494954119928,0.8332418987518813,0.01456525147291172,0.14649735482108703
46,0.024785592394750477,0.19874414818800376,0.6983332150527871,0.07813704436445858
47,0.07182822405374563,0.12869007508582447,0.5284028098334693,0.27107889102696053
48,0.1924683383972948,0.04337662862980488,0.021136900152338708,0.7430181328205616
49,0.8855258642588434,0.017415830451122143,0.006370215971907606,0.09068808931812684
50,0.24952225842031847,0.031351869816933865,0.012204914329079532,0.706920957433668
51,0.03793678709785539,0.904131154351487,0.033848394463752866,0.02408366408690473
52,0.0028178837294136477,0.9342067522931757,0.022737400174561714,0.04023796380284879
53,0.03756108395683741,0.10343868239605483,0.7334239680175134,0.1255762656295943
54,0.016206804867517917,0.11285437350188615,0.12291050716297607,0.7480283144676197
55,0.02007641634564585,0.1717142454208985,0.32062896332060487,0.48758037491285083
56,0.13688132836637504,0.022413189652090045,0.020789471933344895,0.81991601004819
57,0.028307083927658454,0.15414369992902813,0.779979337811658,0.03756987833165542
58,0.0547103476171142,0.2490731957621841,0.5249628482634153,0.17125360835728637
59,0.01736402236404887,0.8753340274672766,0.09627186883414444,0.011030081334529934
60,0.004286082609400818,0.7377433988299351,0.2557967027297684,0.0021738158308956036
61,0.057785499808693117,0.6376929705418105,0.15355752869860834,0.15096400095088813
62,0.021124765439287405,0.10996937795865439,0.17778505417012272,0.6911208024319355
63,0.08868100692191959,0.8039151026950864,0.006263328968672146,0.10114056141432191
64,0.01623524131593158,0.18627743336852806,0.7671008017789052,0.030386523536635256
65,0.004734453679724977,0.765071680336841,0.12304792565308159,0.10714594033035227
66,0.03417043870168148,0.29285107051623366,0.13332534786056524,0.5396531429215197
67,0.015284613443988205,0.8737541982275424,0.00891385441254806,0.10204733391592134
68,0.907928664495173,0.04069732728323551,0.007708666788968475,0.04366534143262312
69,0.3961779623026766,0.017001897836034764,0.010527190599781114,0.5762929492615074
70,0.0315532587657346,0.13956617501089535,0.6146263528419857,0.21425421338138423
71,0.2551266293182136,0.3419580521475234,0.33083030992830287,0.07208500860596015
72,0.002549304170922502,0.8900987698689435,0.029940342043316363,0.07741158391681767
73,0.9296697784670948,0.028102987983852183,0.011628476999478042,0.030598756549575085
74,0.7255260022916101,0.11279867541091412,0.08750573387023605,0.07416958842723978
75,0.9074859109184215,0.03756743713530612,0.00849290470191522,0.04645374724435717
76,0.005060750708956523,0.7680222136869859,0.10335502540642613,0.12356201019763144
77,0.00822820690190268,0.8452548750863347,0.032264908411039545,0.11425200960072313
78,0.06018041788039847,0.538413757849725,0.3436755689361943,0.057730255333682354
79,0.023449959365068905,0.882155337928968,0.011546367337242425,0.08284833536872052
80,0.04405331753522952,0.08753089540248282,0.4928886229407754,0.37552716412151227
81,0.9168714944776881,0.03529824174165405,0.012285897204165452,0.035544366576492445
82,0.021687279328171282,0.2552440518887006,0.403951243236356,0.31911742554677214
83,0.11197679164358028,0.03053023571281388,0.020215371121975034,0.8372776015216309
84,0.8739961293438763,0.022700613329094177,0.007509364540324232,0.09579389278670532
85,0.10871172252877173,0.02257835377908591,0.036776592368640705,0.8319333313235017
86,0.006112628975282036,0.9073255700663905,0.012796227805108041,0.07376557315321952
87,0.23898003857898378,0.040455007073564114,0.011423346181373773,0.7091416081660783
