,proba_0,proba_1,proba_2,proba_3
0,0.2331827372870028,0.23070507252335604,0.34429911865883517,0.19181307153080612
1,0.7103966207012647,0.12981651411834902,0.07006209141449735,0.08972477376588905
2,0.26232829226969256,0.5011022571877962,0.14509441229189082,0.0914750382506205
3,0.2252234255582644,0.1854502802224376,0.20702883768353242,0.3822974565357655
4,0.7369121583535797,0.10566584113785649,0.060692569485556416,0.09672943102300725
5,0.3012984953845866,0.08900403114073913,0.08736149733284689,0.5223359761418276
6,0.19210838599820468,0.3444986916481791,0.3734153081492824,0.08997761420433414
7,0.2423806285974102,0.21666874788931834,0.3709457312052447,0.1700048923080268
8,0.12946554178420175,0.7318899895270118,0.07087569689363907,0.06776877179514712
9,0.2206179437259264,0.18217569582211335,0.45834157391387803,0.1388647865380819
10,0.7245017325543338,0.11715904109496339,0.06618000409977409,0.09215922225092844
11,0.21472669234687236,0.22096813174205585,0.42871282137924405,0.1355923545318277
12,0.08176782241876987,0.734769177114761,0.08580297148166356,0.09766002898480586
13,0.06169702211790272,0.7755619280437559,0.09314591150865838,0.06959513832968293
14,0.15292177988203076,0.3596541075331931,0.41626895121341173,0.07115516137136474
15,0.13368748533798144,0.6488438168060018,0.07265624581661105,0.14481245203940557
16,0.1591544497232519,0.4920915224816086,0.09829789190233455,0.250456135892805
17,0.23530047514891422,0.25515264300098267,0.2599880519751122,0.2495588298749911
18,0.09332993643693378,0.7028607156105687,0.12088780050842914,0.08292154744406842
19,0.3298092602066951,0.193822586958077,0.13135401291466947,0.3450141399205586
20,0.7319147276155896,0.12891898887468012,0.05817494953954782,0.0809913339701824
21,0.10454000369689206,0.6470690254906263,0.09751039330173206,0.15088057751074954
22,0.09450304794735351,0.7256736327027965,0.06780989800297942,0.11201342134687035
23,0.7117535189161628,0.09611563260948877,0.06916460052224557,0.12296624795210268
24,0.06673225392513384,0.7796080672311057,0.06570953323724278,0.08795014560651762
25,0.16848908696821938,0.0793160934462145,0.08952157711521389,0.6626732424703521
26,0.24990731426377702,0.2198923589194805,0.4196695155324718,0.11053081128427061
27,0.08344686823273666,0.7797506071359899,0.06800056169873808,0.06880196293253532
28,0.20272849477944116,0.16465813024089773,0.5281927018462449,0.10442067313341608
29,0.22793554022240758,0.21160623220299685,0.19561699253792092,0.36484123503667454
30,0.23448591111568773,0.2896334519303359,0.25166138026843415,0.22421925668554213
31,0.0967894842495814,0.702902290702674,0.06985600931847809,0.1304522157292665
32,0.20762307967145358,0.15857171236533077,0.5190436400390345,0.11476156792418112
33,0.20102054067012048,0.11941502943795627,0.10225012116485944,0.5773143087270639
34,0.3077274332528887,0.21563008254109878,0.19829463853190682,0.2783478456741054
35,0.14000975097096485,0.10741791618375594,0.10723833165649939,0.6453340011887798
36,0.7097028403103461,0.13164650766331862,0.0744351362432739,0.08421551578306141
37,0.21368117954273702,0.1374867565167743,0.5438541398281415,0.10497792411234706
38,0.2022127940089971,0.2981280394382225,0.19183780323024235,0.30782136332253834
39,0.2172122669831795,0.3335881771745483,0.29283524290950297,0.1563643129327692
40,0.14599744881404356,0.6910730609359793,0.05710290077036139,0.10582658947961562
41,0.19713341902283107,0.22198795931073975,0.43554031524865383,0.14533830641777523
42,0.2203356319034361,0.2334860065607735,0.4158726931564468,0.13030566837934338
43,0.208436690071674,0.09014092134976637,0.07395699150550299,0.6274653970730566
44,0.7621994695610271,0.1121026638774184,0.05563147156337422,0.07006639499818038
45,0.07689298549950324,0.7130788875219776,0.07780388704747668,0.13222423993104235
46,0.190914367157669,0.2273385439400473,0.4455795557558632,0.1361675331464206
47,0.2549133106577967,0.24916079811086433,0.29952054820308943,0.1964053430282498
48,0.22767573139072025,0.11792101564723408,0.09842510031456012,0.5559781526474856
49,0.7941434602139491,0.0690722993025003,0.04261693224907464,0.09416730823447589
50,0.26407809243814045,0.08631516680599985,0.07041976712085436,0.5791869736350054
51,0.1900371582989555,0.5275013983987777,0.18388217539990503,0.098579267902362
52,0.04970271002286679,0.8177157803614622,0.07571663310906938,0.0568648765066017
53,0.2342198672661467,0.2018221939382428,0.42090568968340114,0.14305224911220968
54,0.15495234263474197,0.15503182117983855,0.15036253024019106,0.5396533059452281
55,0.2029099438865961,0.20482728778658998,0.20882054045267237,0.3834422278741413
56,0.2242986302954362,0.07659269381840612,0.0855464842467686,0.6135621916393893
57,0.21413748944229707,0.18924056399858788,0.4803913295609905,0.11623061699812465
58,0.23120004894275034,0.21992203602683166,0.3805760372986305,0.16830187773178745
59,0.11013472913908261,0.7169882949500551,0.11510878971560408,0.057768186195258135
60,0.07803754588453374,0.6780256543155078,0.2101579395329451,0.03377886026701367
61,0.24162222419343907,0.34530798105689187,0.16063510394357883,0.25243469080609027
62,0.19882952202226234,0.12753596766418301,0.13184971512911942,0.5417847951844356
63,0.18912812402885268,0.5871831218963104,0.05502253359032482,0.16866622048451202
64,0.1908537979990765,0.16944796269615192,0.5404834840999916,0.0992147552047799
65,0.11379890015619122,0.5544810060255003,0.12084298497705842,0.2108771088412496
66,0.1829588818386562,0.21568162454468404,0.1635146243849392,0.43784486923172083
67,0.09793953476386968,0.7102275917679344,0.06178997150509245,0.13004290196310353
68,0.7504275474424834,0.11402458842888513,0.05346564810802714,0.08208221602060446
69,0.32654651608864843,0.07374884263169035,0.06709401562169494,0.5326106256579661
70,0.20681625407771345,0.23554561389038564,0.38551195139805544,0.17212618063384552
71,0.2943059613191085,0.29995584441434686,0.2664074299230454,0.1393307643434994
72,0.05771941425845354,0.7530574989151162,0.11589344473393351,0.0733296420924972
73,0.7911556277325905,0.08877243013689107,0.05637675717527113,0.06369518495524708
74,0.5372381584359723,0.17397885784141648,0.17629257719843103,0.1124904065241799
75,0.7690699805522491,0.10043350524632287,0.05264121642460753,0.07785529777682036
76,0.08649385400509295,0.6681833612027942,0.14407595599332487,0.10124682879878809
77,0.09680470815219014,0.7104072810819975,0.09271008052636377,0.10007793023944846
78,0.2104518414441926,0.3693875418571363,0.2969202117049717,0.1232404049936992
79,0.10433337201061679,0.7354176788133682,0.05895995037031381,0.10128899880570114
80,0.23642537773492006,0.21230937850405138,0.3384770057831575,0.21278823797787116
81,0.7655675697300709,0.10474014318380198,0.05720364069596824,0.07248864639015865
82,0.21749904608571605,0.2298472625331054,0.22343473949826792,0.32921895188291017
83,0.11797147180055712,0.0695412935465651,0.07503083336152021,0.7374564012913575
84,0.7731705852747067,0.08573710246292683,0.048621459999467216,0.09247085226289932
85,0.18614551422814332,0.09064714686357264,0.10436020806329999,0.6188471308449842
86,0.06026023071439708,0.8062342279454142,0.05623867712321734,0.07726686421697153
87,0.24051025192390318,0.11637868416327968,0.0728299564317033,0.5702811074811139
