,proba_0,proba_1,proba_2,proba_3
0,0.2232781299384928,0.2176300635607527,0.3827906026420172,0.1763012038587372
1,0.7051060964117022,0.14263642888603548,0.0623326317613212,0.08992484294094143
2,0.2557119865112783,0.5116132176540857,0.14909555836522073,0.08357923746941515
3,0.15829818468127713,0.22806697706186685,0.23582420939613338,0.37781062886072253
4,0.7436640715831422,0.11734779847372065,0.0506684855069247,0.08831964443621253
5,0.2855620010315627,0.14535021908965645,0.08734578745514235,0.48174199242363835
6,0.1601481489852638,0.29467995751277776,0.4617020385350743,0.08346985496688382
7,0.22098799956160636,0.20304008660141337,0.41280986167187633,0.1631620521651041
8,0.10524621853221011,0.7398376881825439,0.0940204322941215,0.06089566099112443
9,0.1857766191831364,0.1621793134875023,0.5053205745988266,0.14672349273053475
10,0.7448554624702479,0.11511879063655148,0.05450412721186821,0.08552161968133208
11,0.1712700801317048,0.1858856746336109,0.5098008954567439,0.1330433497779408
12,0.05428515879052331,0.7455771390538258,0.10866320433881871,0.09147449781683195
13,0.04851731383116366,0.7659309698142283,0.120187868156752,0.06536384819785628
14,0.12670722575237875,0.28193527202453683,0.542753748842527,0.048603753380557786
15,0.13460114395626557,0.6832190083106188,0.0755968475127082,0.10658300022040702
16,0.11315621549204533,0.5821010291304689,0.1002535875753298,0.2044891678021558
17,0.2327287389825684,0.24803548100680595,0.27684446587113615,0.24239131413948958
18,0.08080960380807577,0.6768335166372024,0.1631594396532928,0.07919743990142922
19,0.3299544983829054,0.22223640173695655,0.1434490789568722,0.3043600209232657
20,0.7359515034799845,0.1394551856996001,0.0514014211334386,0.07319188968697674
21,0.09326317077491285,0.6583467282576336,0.11864394529705138,0.12974615567040224
22,0.07331499439295085,0.7450426471014343,0.08300184405944443,0.09864051444617018
23,0.6835927636931385,0.11754895378719778,0.06674735436073485,0.1321109281589287
24,0.05298508100097588,0.7843370654962111,0.08706591973110678,0.07561193377170669
25,0.21211693464819284,0.13290464674972075,0.08851994788571754,0.566458470716369
26,0.23843997545479315,0.18613212672637086,0.4218673949639629,0.15356050285487258
27,0.07841428444078202,0.7599720912368683,0.09133223952574543,0.0702813847966041
28,0.18846335951638565,0.1475696201628314,0.5341082639475032,0.12985875637327984
29,0.16431714838897568,0.27926129120841725,0.21045624334068352,0.3459653170619235
30,0.23701863074627214,0.2864219692944086,0.2897791887264675,0.18678021123285163
31,0.0838825521719788,0.7303678231760868,0.08364285193403845,0.10210677271789592
32,0.1479960050312875,0.16107879961646843,0.558849600530046,0.1320755948221984
33,0.22361322487262167,0.16834911238491093,0.10973231617105873,0.4983053465714086
34,0.31522141976256884,0.2408734145097492,0.20257333185902043,0.2413318338686616
35,0.1983994350364765,0.16121829977052154,0.09388547318221555,0.5464967920107863
36,0.6923374150493811,0.14748098645833055,0.06668135468943528,0.09350024380285353
37,0.16583633604743492,0.12648347088030396,0.6061662706971312,0.10151392237512956
38,0.1640658442895815,0.3587044552109197,0.256336801693189,0.22089289880630977
39,0.20314968393652855,0.32331220691692397,0.33390872496475343,0.1396293841817942
40,0.16382460538296864,0.6844772152919041,0.060031445429937436,0.09166673389519014
41,0.1622340162585695,0.18094868889640356,0.5363558114994362,0.12046148334559054
42,0.1705962818110167,0.18877924413919855,0.5252258669223865,0.11539860712739824
43,0.2678936823335457,0.13897628422729677,0.07119799310016182,0.5219320403389955
44,0.7538697708714204,0.12245141145226904,0.052129883845477384,0.07154893383083336
45,0.07805844393326988,0.699106509161946,0.09910478052288703,0.12373026638189719
46,0.15641495149965406,0.1952075184663605,0.5269777437502722,0.12139978628371297
47,0.22545761587643615,0.22811330232643,0.344692768757673,0.20173631303946096
48,0.285827573856688,0.1625861874697161,0.09278284425731552,0.45880339441628054
49,0.8038951944695768,0.072748606207983,0.0348652209528009,0.08849097836963907
50,0.27495699955733544,0.1337341559841179,0.06381979216398356,0.527489052294563
51,0.17453879938770067,0.5443573984133101,0.2013491377197774,0.07975466447921171
52,0.045782944984147436,0.7773626206431652,0.11704460673101626,0.05980982764167121
53,0.1973233624957914,0.17637949635640382,0.4705799956334645,0.15571714551434027
54,0.13688740508901648,0.21729963315008632,0.15719222261525928,0.4886207391456379
55,0.15947831642698768,0.2577236007206812,0.2342139789807179,0.3485841038716133
56,0.20749076235508485,0.1342587306371976,0.08384118643877753,0.57440932056894
57,0.1819524766572287,0.15410424857972052,0.5470641149457743,0.11687915981727652
58,0.20096256174089996,0.21239015298628267,0.4240749642119456,0.16257232106087185
59,0.0927579370488753,0.7107898424416188,0.14599804569537436,0.0504541748141312
60,0.04525136708559844,0.6191773526734902,0.31022764346778514,0.025343636773126194
61,0.21177368776438257,0.39993003688006423,0.20841709300858674,0.1798791823469663
62,0.14874118905850495,0.20322430976035796,0.1445091177471845,0.5035253834339529
63,0.18852328443088018,0.6224717603262726,0.05305437967872335,0.13595057556412396
64,0.15504905775544478,0.15096678098541247,0.5838296841240909,0.11015447713505186
65,0.07441894115860039,0.5969180843098237,0.14972312254471054,0.17893985198686554
66,0.16818950141159233,0.29020809678133314,0.1659432544184709,0.375659147388604
67,0.09654576060320419,0.721453215154581,0.07079841910314015,0.11120260513907472
68,0.7620496185864419,0.1152513495207129,0.043935601289548,0.07876343060329703
69,0.3629792601196361,0.1113856717006673,0.05799778216903124,0.4676372860106654
70,0.17606184912172587,0.20494536266425267,0.44833087627234447,0.17066191194167704
71,0.28575852743844665,0.29077186847926595,0.29872220371127844,0.12474740037100905
72,0.05409682780542099,0.7140017343473594,0.1554352201911541,0.07646621765606565
73,0.7763574803669061,0.10677856150388484,0.04912769692140601,0.0677362612078032
74,0.5566014919015698,0.17378270519075784,0.1652386074324281,0.10437719547524403
75,0.7619877049068982,0.11502353632353599,0.04690172165788288,0.07608703711168287
76,0.07253774059482913,0.625505009437203,0.1999837372585749,0.10197351270939257
77,0.08030509599505044,0.7021474934825186,0.11740062779062059,0.10014678273181014
78,0.18589079961676463,0.32570300660463497,0.3973859703155609,0.09102022346303926
79,0.10675280041132135,0.727268806956858,0.06677990218119792,0.0991984904506226
80,0.20950346756784313,0.20121100032390862,0.37287922894924397,0.21640630315900422
81,0.7598703917276403,0.1150637423461914,0.05087681916698265,0.07418904675918589
82,0.14962596550019935,0.2851064362500346,0.2570759954988525,0.3081916027509136
83,0.16660074394744886,0.12922382092230686,0.07708815058900549,0.6270872845412391
84,0.776926856128664,0.08427886730272188,0.039210790359894554,0.09958348620871964
85,0.20688786513207705,0.1342987216196081,0.11487690921287375,0.543936504035441
86,0.059850468993652046,0.7946613724365987,0.07143542050352154,0.07405273806622763
87,0.2949783576629015,0.1597187401102897,0.06874871245537069,0.4765541897714383
