,proba_0,proba_1,proba_2,proba_3
0,0.07688727412425042,0.22459774243703867,0.40747253989220583,0.2910424435465051
1,0.8991956912145685,0.040079595445637516,0.024753802624008225,0.035970910715785655
2,0.06154806014581637,0.8730914628430769,0.024979414572792395,0.04038106243831429
3,0.03689361717321986,0.14983904502065953,0.47571268104539827,0.3375546567607224
4,0.9062085510010307,0.029790036023600384,0.0175576837999174,0.0464437291754516
5,0.2032710327148024,0.05070611004929449,0.04578835663453605,0.7002345006013672
6,0.05968108264362145,0.46110388874414293,0.4446270162220317,0.034588012390203975
7,0.08720047052423768,0.18690170519175758,0.551310813109318,0.1745870111746867
8,0.03109899138846023,0.9239318356471787,0.019845213358174074,0.02512395960618696
9,0.04482368054376827,0.1441659300402415,0.7164324600495207,0.09457792936646957
10,0.902450600695896,0.035475099968465144,0.016392400722110848,0.04568189861352802
11,0.04297992818041187,0.20414315924629872,0.6489999731425233,0.10387693943076615
12,0.003429968024044962,0.9251232774504439,0.04968631096223299,0.021760443563278116
13,0.0032064711466661747,0.9271577238268858,0.030264201244544736,0.0393716037819033
14,0.02126332726771405,0.6411507264382922,0.3214152589244472,0.016170687369546466
15,0.03786383596841146,0.8682737752625737,0.015023433976403433,0.07883895479261147
16,0.010228475739250968,0.6970348693072869,0.04581367533378702,0.24692297961967516
17,0.16832720215161298,0.18075786674603853,0.3643598679662943,0.28655506313605417
18,0.013181946971355567,0.8859984546814954,0.045680325341142386,0.05513927300600662
19,0.3970491073597268,0.10225549179990714,0.05431087706654086,0.4463845237738252
20,0.9102537780678501,0.04179453603106383,0.022457166467822018,0.025494519433263998
21,0.0052543998404629534,0.8122671026831946,0.027479600042049947,0.15499889743429265
22,0.008717422908913317,0.8772002478718662,0.009214456219875555,0.10486787299934498
23,0.8584506546445465,0.03127008880208469,0.022400630892668933,0.08787862566069982
24,0.003509002010555755,0.9152524284131458,0.011928238978597737,0.06931033059770067
25,0.12885641256829025,0.023766753599480345,0.017850033245755095,0.8295268005864742
26,0.06400212493566153,0.19519929421064075,0.6749449036600759,0.06585367719362185
27,0.01498856956743625,0.9230080509975215,0.021060604388892436,0.04094277504614984
28,0.04043971224728127,0.14419649392219758,0.7895652112560977,0.02579858257442352
29,0.0455985792959066,0.15210268011974024,0.5158435169010973,0.2864552236832559
30,0.07728750463646893,0.39486037205764957,0.1620429825815598,0.3658091407243217
31,0.005584514486296738,0.8849070331271561,0.012919049845217965,0.09658940254132911
32,0.04819873632300219,0.12198767068666792,0.8144380594250963,0.015375533565233626
33,0.09812990321950839,0.06360389541833687,0.023616761757867016,0.8146494396042877
34,0.2409114887127166,0.17677090295322617,0.1556685362965413,0.426649072037516
35,0.09523185354939945,0.04048385483528041,0.024495660868648957,0.8397886307466711
36,0.9050181012426631,0.030245003333307603,0.030948962084226605,0.033787933339802664
37,0.038593620187153045,0.1301825312976793,0.8108744471250834,0.020349401390084232
38,0.026015828415695563,0.4724870576781665,0.18826608680413,0.313231027102008
39,0.06495398377083142,0.5231677163127775,0.2518278482201807,0.1600504516962104
40,0.04049368195385605,0.8931508616264027,0.008597520770129123,0.05775793564961218
41,0.03317020599258297,0.25019382250641775,0.6320662478752191,0.08456972362578016
42,0.08972272813811585,0.20273240292673242,0.6811508023808456,0.026394066554306275
43,0.19213942127840256,0.03652171819534206,0.013194577862439653,0.7581442826638158
44,0.9192840766389536,0.037660848388283395,0.01424323216605922,0.028811842806703795
45,0.0031563068961586705,0.8028896494461998,0.008491419983561713,0.18546262367407987
46,0.030129854099964777,0.28863356358750114,0.5797225519758061,0.10151403033672793
47,0.11449622656113634,0.18650791216371043,0.44466994259281173,0.2543259186823415
48,0.13640153765483048,0.047909930450741545,0.01731793742141085,0.7983705944730171
49,0.8879605174444948,0.018085179191243812,0.008619557808465761,0.08533474555579562
50,0.20683958996652038,0.04052793569965013,0.010079010860006924,0.7425534634738226
51,0.021321059612349876,0.8951377556967122,0.03363462086048654,0.049906563830451264
52,0.002207478605292007,0.9346091158216738,0.015153704660512315,0.04802970091252177
53,0.0598606705168479,0.1537778553334719,0.6924710720472362,0.09389040210244404
54,0.021895134674731188,0.15902803935383575,0.13231969082565392,0.6867571351457792
55,0.04033036562818614,0.1510912201454416,0.4634093822392458,0.3451690319871264
56,0.1884696041131675,0.0204615482015753,0.02140850210426375,0.7696603455809934
57,0.04853264126125591,0.12337804792265711,0.8140425249001452,0.0140467859159419
58,0.0736934254110223,0.3307057686828165,0.4159324535366032,0.17966835236955792
59,0.012624077834176255,0.8677358353433268,0.09943576531214601,0.020204321510351064
60,0.005233680987013557,0.7404146999524183,0.25114068048781857,0.003210938572749679
61,0.04826928587350482,0.5949936650450185,0.11016640564477458,0.24657064343670196
62,0.02817129572896374,0.10139301530752087,0.228744725915829,0.6416909630476865
63,0.07071302054426266,0.816502636578267,0.005944375563903898,0.10683996731356639
64,0.02856205595746489,0.2198091988445212,0.7248099709099954,0.026818774288018564
65,0.003518734178223128,0.7716832897140088,0.10269688081614062,0.12210109529162759
66,0.03244883652295062,0.34092778197664825,0.19715314215685154,0.4294702393435497
67,0.009048271566733542,0.8625048127984265,0.006032220829545563,0.12241469480529443
68,0.9135663924507937,0.03298195632111415,0.01645188524966248,0.03699976597842978
69,0.3821389232853051,0.021150970573618488,0.011408957076830054,0.5853011490642465
70,0.051077451300805696,0.19263623566789093,0.544628349420183,0.2116579636111203
71,0.23897409638837308,0.35922789299246644,0.3101401981313717,0.09165781248778868
72,0.002316393913553057,0.8969553085604175,0.022965135624875295,0.07776316190115402
73,0.9309707996909599,0.023363312561741116,0.01835310907836438,0.027312778668934726
74,0.7028270558810192,0.1038358776945962,0.09172435477416206,0.1016127116502224
75,0.9053708114536038,0.03551902931889364,0.012255476938472605,0.04685468228903014
76,0.005304167605221072,0.7927933099744511,0.0726509360916065,0.1292515863287213
77,0.010023865728985776,0.868810243458697,0.016818451113701796,0.10434743969861547
78,0.056952028476317064,0.573203778775757,0.2691331609469962,0.10071103180092973
79,0.01732786267844537,0.8875208899538791,0.012601686933219947,0.08254956043445556
80,0.1047239663151066,0.11351859893633105,0.4881405040783342,0.29361693067022815
81,0.9138817399392031,0.029071684888847187,0.018503884487795032,0.03854269068415469
82,0.029101493626413327,0.3032064887542539,0.4379670880928363,0.2297249295264965
83,0.07554265883488892,0.0416600110758395,0.013833524782308185,0.8689638053069635
84,0.8897984049633836,0.025675912991818282,0.011585735581235209,0.07293994646356307
85,0.12183309637673632,0.030853361156260424,0.020394912098941332,0.8269186303680618
86,0.0037895243694316895,0.8889107886201014,0.010384706651994157,0.09691498035847283
87,0.2334148552031183,0.05687679827555573,0.008030309843074712,0.7016780366782512
