,proba_0,proba_1,proba_2,proba_3
0,0.16973507437875793,0.33229806244189075,0.2835590530242567,0.21440781015509466
1,0.7016485764519248,0.11289965169746344,0.07305539815269065,0.11239637369792123
2,0.15843384926999735,0.5801043898926262,0.1550046007849224,0.10645716005245424
3,0.17809009299808515,0.191333069352243,0.18949259524924866,0.44108424240042315
4,0.7310757047526903,0.09364687706961894,0.05659350153733304,0.11868391664035782
5,0.21448861761827573,0.07272559293100123,0.08742246224921357,0.6253633272015093
6,0.12191042365987598,0.48499030812557964,0.2985546611190902,0.09454460709545438
7,0.17257163983672535,0.3360172621091629,0.2890270932992964,0.20238400475481516
8,0.07502184101933013,0.7138095939417675,0.12912973954343382,0.08203882549546854
9,0.16261634067262565,0.3586211529196349,0.32676400787598353,0.15199849853175593
10,0.7175347648342257,0.11127421815945106,0.06333444800039523,0.10785656900592795
11,0.14816907747856053,0.38706178409761993,0.32144259639675726,0.14332654202706194
12,0.07560571630966836,0.6741493598540774,0.14424785194573234,0.10599707189052199
13,0.042248235016323334,0.7179314813179234,0.16457861633873408,0.07524166732701955
14,0.11868736661722264,0.4893927418177269,0.30412293819289393,0.08779695337215664
15,0.08411174389024642,0.6333033663220987,0.1247116843200436,0.15787320546761147
16,0.14820506236342784,0.4108446179943707,0.13101784497571137,0.3099324746664898
17,0.20021138937064453,0.25064529065474006,0.21706147253271504,0.3320818474419003
18,0.058301587279763215,0.6793171415665958,0.1701909058831109,0.09219036527052998
19,0.21267135839951634,0.21611481156013507,0.13809060184542105,0.43312322819492766
20,0.7165031919041586,0.11726924245573406,0.0639696140323521,0.10225795160775512
21,0.09901450009037381,0.5720701857690161,0.14907120716883077,0.1798441069717792
22,0.06878080464971073,0.6772501396090551,0.12210770855402468,0.1318613471872096
23,0.7024083608007415,0.08735074401118909,0.06922420084279551,0.14101669434527414
24,0.05340181545933519,0.7054277660215874,0.1374697446853636,0.10370067383371422
25,0.1173863786105095,0.07913392746258939,0.09117736103695101,0.71230233288995
26,0.17910516987837283,0.3679448592121875,0.2739445566253817,0.17900541428405756
27,0.061202876005728185,0.7132648425286326,0.140353311518063,0.08517896994757614
28,0.16423674503380928,0.3502114585614699,0.3250033501203522,0.16054844628436893
29,0.21721631798159832,0.19705427723057709,0.17771338603353262,0.40801601875429216
30,0.19180160454407771,0.3529689668272487,0.2272601996817522,0.2279692289469217
31,0.0868368310109392,0.6294748761527219,0.13357952051256525,0.15010877232377348
32,0.17597958173881484,0.3523985190605094,0.33975485679988443,0.13186704240079178
33,0.14229556977538485,0.11311285401418092,0.10605642418107382,0.6385351520293604
34,0.28220750041852144,0.23535662250008968,0.18124506033150012,0.30119081674988857
35,0.12353183003392336,0.09770259404083638,0.10471565529738043,0.6740499206278597
36,0.7153941691277697,0.10670061859661778,0.0675619030456276,0.11034330922998481
37,0.1689197038919928,0.35693244374082195,0.3619983944128551,0.11214945795433005
38,0.18337189978257243,0.25911618203062703,0.19982269387018292,0.35768922431661754
39,0.1776877773001765,0.4150120835770368,0.24164679635519595,0.1656533427675907
40,0.10981931170492082,0.6637594075544971,0.09755379335230602,0.12886748738827622
41,0.14479698852673567,0.3824091332267006,0.3310831704504649,0.14171070779609876
42,0.15566842047966425,0.394317755840817,0.3158266410279568,0.13418718265156218
43,0.15093587566117242,0.07780557651391612,0.074760011515512,0.6964985363093998
44,0.7611097321616924,0.09890866168375928,0.056671052227671104,0.0833105539268769
45,0.06022740162818678,0.6622930089831317,0.13340632931284171,0.14407326007584015
46,0.13916655992324162,0.38831629281136554,0.3319481156846065,0.14056903158078646
47,0.18772424901043275,0.3131858045757413,0.24531530397973897,0.2537746424340867
48,0.1748572072173347,0.10999071616260862,0.09602364584048798,0.6191284307795688
49,0.8069369085128982,0.05343457693730226,0.03772909165339802,0.10189942289640182
50,0.17288913182950344,0.07333388478074397,0.06899068206109724,0.6847863013286553
51,0.13817687725636343,0.5699756205099061,0.1886879017017114,0.10315960053201872
52,0.039325461462182104,0.7302794053123483,0.16060249630068765,0.06979263692478187
53,0.17694360079529192,0.34927426845622933,0.3043289098932999,0.16945322085517914
54,0.14973683352743214,0.13766874154979344,0.14399030831092252,0.5686041166118521
55,0.20049168629993364,0.21540253996499667,0.1883393311572605,0.3957664425778093
56,0.14284742267189582,0.07225640733525343,0.07808275213056044,0.7068134178622901
57,0.15309657076692118,0.37873119705757563,0.31157646807054906,0.1565957641049541
58,0.19077809532433793,0.35129373537635394,0.2862094193072399,0.17171874999206815
59,0.0985937604115507,0.6466706014637966,0.17347533521187683,0.08126030291277597
60,0.06572416899410899,0.6756366961552344,0.22140838738858598,0.037230747462070474
61,0.21140066484224346,0.27504958349910597,0.1769710533244943,0.33657869833415627
62,0.17611467731381758,0.1184744031494893,0.13120422033646478,0.5742066992002285
63,0.13964734512994026,0.5724930209724498,0.09019197755159689,0.19766765634601302
64,0.14375845463689577,0.3876999312106797,0.33467256822743485,0.13386904592498972
65,0.10376285046401265,0.5037590954982913,0.1580658970755106,0.23441215696218548
66,0.18859683955761236,0.1755600438993916,0.1535119500649206,0.48233116647807567
67,0.07845075111280936,0.6653220806792355,0.11579953811006177,0.14042763009789327
68,0.7515957693713232,0.09765157680889684,0.054121122295795555,0.09663153152398442
69,0.24641782745721527,0.07002594098882796,0.06875035140406194,0.6148058801498949
70,0.15285392497933467,0.35278064843353757,0.29899684733642645,0.1953685792507013
71,0.22821443353594964,0.3753744086233136,0.23189814149259155,0.16451301634814516
72,0.03971932623837389,0.7049030841443362,0.1771010501900186,0.078276539427271
73,0.7911549347880187,0.07802872540495885,0.056278526683364236,0.07453781312365824
74,0.5675841429007608,0.1527361758477582,0.1385041104225543,0.1411755708289265
75,0.7660134136069748,0.08824009877292836,0.05458224283433672,0.09116424478576007
76,0.07212542047581999,0.6141173544636941,0.19195519179153142,0.12180203326895478
77,0.06082144211191487,0.6899325416911963,0.13614155108621448,0.11310446511067426
78,0.16894442421448244,0.4154150987528667,0.2620712752376466,0.15356920179500427
79,0.08143398888551691,0.679950902065799,0.11658333740547024,0.12203177164321369
80,0.1696817584125063,0.3154438108846255,0.2625897896618135,0.2522846410410544
81,0.7683341974559735,0.08306490840834638,0.05783060476853792,0.09077028936714239
82,0.2126100065776207,0.2134823049900766,0.20891731907629438,0.36499036935600854
83,0.10282027967829713,0.059658527571195864,0.07472898617213626,0.762792206578371
84,0.7809497309280254,0.06381145724146943,0.04334938426606469,0.11188942756444083
85,0.136577700396538,0.08520313865925078,0.10318632341657286,0.6750328375276389
86,0.0505716407946646,0.7273391027511839,0.13421768295962,0.08787157349453187
87,0.17881095313689194,0.10693287777556237,0.0732796716963214,0.6409764973912243
