,proba_0,proba_1,proba_2,proba_3,proba_4,proba_5,proba_6
0,0.07737473591148725,0.0002299575301076879,0.2628172117827999,0.6357300073823472,0.015496387334494538,0.004154212533372787,0.0041974875253907975
1,0.14776605207348986,0.0057396647542633135,0.02086643102348709,0.0009371425477911075,0.0007495312552247376,0.7551185457924484,0.0688226325532954
2,0.10906874255066604,0.0038601879915604533,0.2397981307024677,0.11887151250212025,0.0023732365808356135,0.30918794833589214,0.21684024133645788
3,0.003640587571681049,0.0009231037924259024,0.0024417658384843837,0.6497425032607433,0.3429149914683757,0.000314290088681933,2.2757979607642233e-05
4,0.0020110530996523715,0.7511864520752236,0.0011650689813605616,0.18413009755550774,0.03381008943396228,0.013065011784459624,0.014632227069833702
5,0.03631857430919236,0.000568438540507263,0.027305095985319834,0.8832710496094768,0.04607152935054611,0.005472164971930889,0.0009931472330267374
6,0.017792939752299314,0.24692513281005557,0.22519119976447488,0.0005430098569799138,0.012672454686904078,0.4750328780031411,0.021842385126145166
7,0.3204820538517096,0.016345284741165957,0.41207804550327004,0.060243888951725076,0.01754805525795746,0.00804445350973775,0.16525821818443406
8,0.052273541901271675,0.005160399159469841,0.8010425926997264,0.014630552942770316,0.0017708510695745854,0.05239745781394042,0.07272460441324671
9,0.0002909863571693386,0.08240752556477576,0.007456207601418258,0.34818617943529157,0.5494806614260636,0.01110421575024545,0.0010742238650361087
10,0.0031909524716011925,0.0009467234383175392,0.011429291746209309,0.5020511145675511,0.4770489888281776,0.005276954730966545,5.597421717669526e-05
11,0.33571515326133344,0.00039682503573168357,0.005890590296588375,0.030446407197428776,0.6157057079306568,0.011829361200219457,1.595507804151357e-05
12,0.24659149961506513,0.013212849284076136,0.002642753524252822,0.00034498433168946615,0.0007532787257648035,0.7076919511003575,0.028762683418794188
13,0.09769214827255021,0.004918986458661802,0.029057606425719213,0.0005903526951349849,0.00657486845903779,0.8591146662323326,0.0020513714565636074
14,0.29530747843128025,0.044243276828729534,0.1575877853593247,0.00026627065058099157,0.005032674147286989,0.49034591009713197,0.007216604485665604
15,0.0850140066004577,0.011308808808500392,0.05856947123265732,0.0012333697229680377,0.000431270033215581,0.6601511903784788,0.18329188322372214
16,0.00954300516113159,0.0200220369604835,0.0181990483122144,0.007793273126621846,7.628143154392098e-05,0.01317498565303902,0.9311913693549657
17,0.10010900901875362,0.009652516797335588,0.03081357859152647,0.0030054769827133707,0.000379447521805323,0.38005652283849856,0.47598344824936706
18,0.00649124596215806,0.0022492856792888294,0.0033258740313329535,0.36994224768192296,0.6078353065709593,0.010128352150772934,2.7687923564874688e-05
19,0.06709420155094473,0.006391088476435741,0.021874431616305267,0.0011398880367158987,0.00010264058741690573,0.511753021632466,0.39164472809971534
20,0.0007345480068105488,0.0012303315026701265,0.03706922619317755,0.9503054516755657,0.00343080941616547,0.0011799806972074276,0.006049652508403266
21,0.0019393907373755342,0.0033938436510514433,0.006379836894034061,0.4360060497380719,0.551270989205715,0.0009973737821461568,1.2515991605838783e-05
22,0.05691966902885931,0.19906789686726634,0.062404349078424036,0.0051573046293236354,0.0070197030239945645,0.3830352231940869,0.28639585417804525
23,0.25301022253573535,0.008788519171965662,0.017484711811316226,0.0001328543388811197,0.002854283470271516,0.7138097335287078,0.003919675143122381
24,0.1273889690341472,0.044180392883325245,0.02601841315421832,0.0018164627640405834,0.026753295020519128,0.7670994464644676,0.006743020679281912
25,0.02091785992967252,0.5477435841323831,0.013827570775229059,0.0001400621362685331,0.009541511398633469,0.4045825395791642,0.0032468720486490484
26,0.11271760249813396,0.011955356410956377,0.009316208182780467,0.0028577454104170767,0.014782177485369736,0.7497339292722555,0.09863698074008698
27,0.4749614800782639,0.00832419071987942,0.27979746625016627,0.00025490075613935416,0.005686539756107315,0.2209606693651096,0.01001475307433422
28,0.4354264310550857,0.01127884874285381,0.016631400370453606,0.0031683296668594202,0.006805092476712643,0.4342872758044202,0.09240262188361459
29,0.005874754300388038,0.006419692574199509,0.048871172992821336,0.033807205266861734,0.00011318515411898177,0.023470229347149457,0.8814437603644609
30,0.00019318328212229182,0.0053960961306497085,0.0013826941821377314,0.7469901966239629,0.24595097105932998,7.888776623662243e-05,7.970955560831388e-06
31,0.0075335311117925696,0.02866491144314712,0.005990992174802517,0.016457004302558278,0.00016431709715434434,0.003769510025714709,0.9374197338448305
32,0.010776079592957398,0.5677275726827372,0.0005785758366182225,0.0006596165454336273,0.005672208407417015,0.36439388205123996,0.05019206488359644
33,0.661591017784945,0.00040474268988873423,0.06447735745395924,0.041267890982240665,0.07008827337049754,0.15954371246007537,0.002627005258393583
34,0.01872278115401127,0.018311590509146904,0.03385380978894718,0.002935851842027016,3.435597105818676e-05,0.06094094411046031,0.865200666624349
35,0.004155902425915849,0.0014684325384868324,0.00887371488149906,0.7603519772539041,0.22440422155662992,0.0005922980342635173,0.00015345330930068653
36,0.12166095194682214,0.002018743116303763,0.7208798799615966,0.007440755360806856,0.0012026791207586823,0.10623491641985391,0.04056207407385777
37,0.12979720478277462,0.03850780383598537,0.32702245320219475,0.00025642924814316733,0.0020505058746478943,0.48727217183744126,0.015093431218812904
38,0.09880439065574623,0.01293679037583929,0.004829238802640124,0.000389083565948514,0.00022477160123536753,0.7176674052654751,0.16514831973311545
39,0.0447587676612658,0.1761289959028889,0.28122266604945434,0.0020501010677320755,0.04363341537436349,0.4378657935840589,0.014340260360236345
40,0.06910356380117993,0.0030859004530345686,0.28082352168769026,0.34039721179880006,0.0005165688099780767,0.013444695232947076,0.2926285382163701
41,0.012793357825176998,0.0010466817981741045,0.0064482903502926,0.06949100680620413,0.9070124790791829,0.003205193575132582,2.9905658366346504e-06
42,0.0006070613620200232,0.008741760865117793,0.03383307307317612,0.7970940522882722,0.07484898104409243,0.08299393597287578,0.0018811353944456022
43,0.006853195808502466,0.0019126078513043855,0.0017510307334017764,0.0217839561012754,0.9474323701662806,0.020264716742755377,2.122596479983807e-06
44,0.01728562919752615,0.032519188114004206,0.2780609827330096,0.6052257365082772,0.04735277735419466,0.007990721750618794,0.011564964342369288
45,0.26787703139139124,0.014499648531127016,0.3430866864455983,0.0007412109045095989,0.010916416410366349,0.3575245475975252,0.005354458719482213
46,0.06320527761300195,0.1509280917572046,0.010994410291727076,0.0031975209111696303,0.005521259385460398,0.6887555161925512,0.07739792384888522
47,0.030182970899101748,0.024122093177151336,0.0658837649010528,0.003335155352514046,0.004086262841148482,0.8000445977894575,0.07234515503957403
48,0.031951059318752216,0.11933830303667244,0.015466023240651508,0.0006430338915043615,0.0023623352151688573,0.8025100649229628,0.027729180374287864
49,0.009870489427557121,0.029636162093747746,0.0036659736133763873,0.012706360456752044,0.00017158860851006365,0.23550571064881692,0.7084437151512398
50,0.006708877877533741,0.8765674276365091,0.005033282782325477,0.0016114451175598518,0.04365895098862262,0.055716486834238195,0.01070352876321103
51,0.1618243168998163,0.04087085542396841,0.06784822268110714,0.0005093419367935023,0.001895272537895399,0.7001575747451071,0.026894415775312187
52,0.010638111285975131,0.21742319339814342,0.0022489339639889367,0.01253576118939906,0.0024320198479609004,0.10045369587884155,0.6542682844356911
53,0.08152367968380181,0.0025205136683610512,0.07996709511414914,0.6691096096738149,0.15394130366358655,0.009298466500782376,0.0036393316955040038
54,0.0033470787815987795,0.017369480092545166,0.04361041692862428,0.2365067302971928,0.0008075298330771067,0.032232440766370815,0.6661263233005911
55,0.0006877783916842695,0.8889926325873668,0.0005282686251176536,0.009489366536299337,0.017548718634233906,0.007593467706443802,0.0751597675188542
56,0.006985415293151306,0.004595045715576806,0.008234352422891347,0.007767372207881232,6.352097313391021e-06,0.006330386234963949,0.966081076028222
57,0.011637121664315825,0.01003456146944916,0.005369301860477758,0.0053614417395413776,1.6802188857272963e-05,0.014900727901871037,0.9526800431754877
58,0.02281639486877225,0.10182599399583053,0.005586879753503964,0.0021413201681104374,0.015851122756177248,0.8280893724690623,0.023688915988543096
59,0.08578799125479164,0.011591657502539786,0.06534273241222344,0.0008417924253168231,0.0006498075420053847,0.7635712315073447,0.07221478735577824
60,0.006931285513529494,0.8681996385615461,0.01713005037173636,0.00301967907468014,0.02409851486754213,0.04295569526240757,0.037665136348558115
61,0.9319087902695837,0.00022555032162582578,0.027603481503417144,0.0012861482526001038,0.006120592851180193,0.030970881383073606,0.0018845554185192587
62,0.006416042078180072,0.0021790622762200454,0.0033254350886240463,0.964948685454463,0.02221985582628433,0.00042215597340007963,0.0004887633028286167
63,5.697180146886658e-05,0.38317097045052945,0.00012553580369956808,0.5638091196655776,0.04172531533138022,0.0012089219321767758,0.009903165015167626
64,0.025489419646858514,0.06916889108482291,0.00033223556782841087,0.0047298167512810985,4.601440650324388e-05,0.11623510556368542,0.7839985169790205
65,0.014456532397827303,0.017834090132142082,0.783238514607898,0.12080383788560128,0.04436892296958851,0.012438078510485,0.00686002349645769
66,0.5195279977522868,0.002127060372228281,0.0031046838764027316,0.0010687129594370293,0.0004430338777535609,0.32281287197083586,0.1509156391910559
67,0.00042144560130740903,0.004489092699098645,0.0031132938389526786,0.98581318852452,0.00477716517324837,5.287498986580756e-05,0.0013329391730070618
68,0.5841929231187584,0.005334642799391488,0.12615258107392816,0.0116516258131163,0.001312866746941015,0.02499117792115121,0.2463641825267137
69,0.16375261142154754,0.015264515657117365,0.11752445874041595,0.07616125828805649,0.0025829045131216454,0.2974355385189982,0.3272787128607428
70,0.0018166700267535122,0.001075294813737227,0.0059771427829111495,0.5070751829547585,0.3842244560998974,0.09957222604718712,0.00025902727475507004
71,0.0012572573301857456,0.2629318291485802,0.008938448906486684,0.1480878075181851,0.04729065560740219,0.3585318161694272,0.17296218531973295
72,0.0014445355556431834,0.0035696724838454436,0.02388289309824628,0.5678267047183093,0.4030063539461072,0.0002431007983298124,2.6739399518807962e-05
