,proba_0,proba_1,proba_2,proba_3,proba_4,proba_5,proba_6
0,0.03085375071061332,0.021934751092037047,0.31580053138243586,0.4212728819088502,0.024946403390069954,0.13070340443703646,0.054488277078956336
1,0.010250311476661585,0.023731327649071224,0.014007911354270562,0.005133041735051589,0.004744044836552742,0.9044895177586848,0.03764384518970755
2,0.5453218584450937,0.042542848801845605,0.0379416998515752,0.08423178522904956,0.05081363781697917,0.04431462625477606,0.1948335436006808
3,0.03527217990002629,0.02251846671698868,0.01734707876985485,0.022194962946349355,0.8302980356109959,0.06252746918337021,0.009841806872414852
4,0.03233059337239578,0.4319744175681969,0.08673022469171693,0.15887670977044704,0.042193532119540626,0.13941064194757863,0.10848388053012391
5,0.014889755419499278,0.041949054256775045,0.2388658650455055,0.5058481186829064,0.02589932862322783,0.13547582606261857,0.03707205190946724
6,0.01500221241365064,0.1891864255859186,0.09166894255514453,0.015905655018735892,0.014783228875263277,0.636801637784991,0.03665189776629636
7,0.2615475475874797,0.06451555303326888,0.03703579037485405,0.22009061375836975,0.07951821631214574,0.16504126674597835,0.17225101218790345
8,0.05801721105353183,0.03033633067139855,0.5228788594643694,0.06757897136365291,0.03037548215392271,0.13040126278407677,0.16041188250904811
9,0.05269083364201828,0.16584510027901142,0.02910853085391563,0.053247010444732915,0.524825083136538,0.13505790071899892,0.03922554092478518
10,0.028857239404605255,0.04375726012181155,0.0242364760200913,0.041142487600316045,0.751337004382033,0.09292670010983486,0.017742832361308518
11,0.13331583793331112,0.01863385964946624,0.016767693171546517,0.049523235423935254,0.6764854751755981,0.09080124506248968,0.014472653583652727
12,0.18067222338547537,0.06973661183107346,0.017117909475855092,0.02733759093736158,0.07641117036020317,0.5925439909067963,0.036180503103234875
13,0.09903858651011237,0.08638036761418884,0.02510576153329249,0.026392208858817073,0.029686988724881423,0.6668656241854922,0.06653046257321561
14,0.017169412410299463,0.08079740078595243,0.10512708738479642,0.01811908771443205,0.028563982503755404,0.7254264742972494,0.02479655490351496
15,0.031348879962315376,0.04273114350625702,0.03797296664980937,0.014673502892521516,0.01062169666736705,0.45262012977915506,0.4100316805425745
16,0.053256545474734955,0.05028016893359287,0.11163651976894783,0.08974042194428555,0.037684086886824855,0.14286411697426252,0.5145381400173515
17,0.06400630132501964,0.06335108754025676,0.04608249397970622,0.026051852490376236,0.03184711660931571,0.28507618910152666,0.48358495895379916
18,0.06483629145143853,0.06689774146560916,0.043043044130028435,0.40564522614169807,0.21511175544420097,0.17577568153353174,0.028690259833493482
19,0.04558004541774667,0.06554792238361672,0.05018999656872066,0.01674408144702579,0.015350749312082584,0.39740609296487694,0.4091811119059307
20,0.045386558019889923,0.03885830538944663,0.09186795426410005,0.5731377837256215,0.05474374237812433,0.14277910068314328,0.05322655553967404
21,0.07943066238697612,0.039213595699575235,0.056962998090782105,0.2910278228773148,0.37746064729118384,0.13336451301449842,0.022539760639669153
22,0.019395630238400206,0.06050659339621548,0.2286852229527298,0.02420018690359673,0.019308356587319945,0.5438391740779756,0.10406483584376243
23,0.14704557315423797,0.07166295280324844,0.028052531525289703,0.027133221242702864,0.039984504038787415,0.5998925464648475,0.08622867077088624
24,0.014583541683398715,0.08107520820827893,0.020428922232401746,0.018853967607917747,0.017129125650731627,0.8307361420576175,0.017193092559653622
25,0.04062361347571588,0.5452456457630921,0.015760217225780044,0.04503310292288348,0.038119455486513104,0.28264306241455095,0.032574902711464584
26,0.0273168710234852,0.03385005632310548,0.04419781234526519,0.05214763728210878,0.047586104320649254,0.7704623981918625,0.02443912051352396
27,0.8222982571465124,0.020191917645380326,0.016602692218743297,0.04893099907436816,0.03286240003917062,0.04224889875622784,0.016864835119597254
28,0.3813563602385716,0.03752169508231492,0.038274169741601076,0.07878019639620736,0.061126909152072834,0.09604032549094303,0.3069003438982891
29,0.04814854974416529,0.04758385634449682,0.0829971874041648,0.05810948082698143,0.029886246330440545,0.09858616818748438,0.6346885111622671
30,0.04467410068092703,0.03259851149160526,0.03362690883792472,0.6004462582217094,0.21091995821853673,0.052410801572195465,0.025323460977101534
31,0.031266388969051484,0.04855958540108262,0.07748784526756436,0.04173030908842949,0.02482104963387584,0.17906407291875404,0.5970707487212418
32,0.01663756365345172,0.6471076083786258,0.022689321732467224,0.018719695625204848,0.03307083282188233,0.2170381140668178,0.04473686372155033
33,0.4311308312394884,0.05516416053816724,0.03074884925303433,0.13743590901936914,0.1214543051245779,0.13556276782997476,0.08850317699538826
34,0.007472376543855856,0.060514220654964736,0.09239948426926359,0.010620136064874313,0.014439135227525244,0.3049255201562371,0.5096291270832797
35,0.07911104604441502,0.062474716191598376,0.04371146002246746,0.48277488360412335,0.14461713308662122,0.1186668413230136,0.06864391972776042
36,0.02561049203734351,0.04191994099333261,0.5542475565314126,0.061220311835493146,0.030419093929151812,0.2384624027601411,0.04812020191312534
37,0.020214636247843434,0.1561500611518385,0.08274468891609364,0.010319636810987682,0.008886298768776092,0.6295992782457985,0.09208539985866185
38,0.3280212039996193,0.09476014090366366,0.036544256778959984,0.03911987888424656,0.02560738136818275,0.28458595657141156,0.19136118149391582
39,0.022664332145009614,0.12759914321740037,0.24081748034227946,0.03514088426711545,0.0388020605289917,0.45968387386179954,0.07529222563740359
40,0.6909044303100234,0.023800177987707907,0.022154809101373203,0.06987849196189932,0.07972364244421384,0.07842350485763455,0.03511494333714748
41,0.057340693126097034,0.04252067965545152,0.043299615122868194,0.2635510150808409,0.42977841655644144,0.14060962120747353,0.02289995925082752
42,0.03416847246170142,0.10974336374348846,0.11414789358553275,0.16775428498505526,0.08317023517014747,0.40997062072116813,0.08104512933290654
43,0.05900241307176381,0.05370521048058137,0.03181605190656445,0.15961919756351128,0.5134546296174213,0.15872103429763715,0.02368146306252027
44,0.02214695245246573,0.0360437496673736,0.5082092306352699,0.18611571030418816,0.024810168075879834,0.16468699457066646,0.057987194294156205
45,0.040810865430871146,0.0790176763900652,0.45364470876431473,0.04793149262986155,0.05179957236397539,0.28181386388493246,0.04498182053597974
46,0.01576645810226752,0.23983239880069818,0.022588867861068705,0.016427031343457316,0.02175289505566798,0.6108525022533796,0.07277984658346054
47,0.009392498533591438,0.102755923147373,0.04034634151840712,0.026901373617595675,0.006023613206252106,0.7139229278763315,0.10065732210044935
48,0.020540096296258217,0.15396218043860002,0.04112310886074769,0.02712021746002093,0.012912208112931273,0.25800283625518,0.4863393525762619
49,0.012821513340634432,0.2518136684862797,0.0350414556311578,0.015453727313695579,0.020405523932250594,0.20849539365205091,0.4559687176439309
50,0.1328643687045748,0.6446074535554974,0.01227909834531929,0.029755714043752206,0.02124628408149284,0.11233921693807303,0.046907864331290086
51,0.020183791924212057,0.04694001735982451,0.03210672730399112,0.009007759460585237,0.005862461210049135,0.7524956668771844,0.13340357586415358
52,0.010051440285362435,0.050715728289325135,0.03587173337309887,0.01975233418379287,0.019234355656395294,0.5142262705937647,0.3501481376182605
53,0.08292791579120717,0.022269054751480968,0.09538313396730397,0.4358764299684037,0.13833891062601966,0.1918306429468071,0.033373911948777375
54,0.04360401909236886,0.03991953365715955,0.24092242685756884,0.16762523828462997,0.03857283494274636,0.2507467948217304,0.21860915234379574
55,0.009645443592029542,0.7425441732321333,0.04699472629894901,0.045648702710659024,0.020086247309792308,0.04534675353659274,0.08973395331984438
56,0.038887298776826396,0.09350689525882232,0.06479269012047856,0.05917700025645179,0.025632194544167194,0.15826857304834646,0.5597353479949072
57,0.024892600831431598,0.08301784485756501,0.05601156772692871,0.037616110571312,0.018544140949438424,0.16834566873547593,0.6115720663278489
58,0.025378191541057818,0.1727249642590858,0.014257473259573826,0.01673528703863155,0.02211482378149632,0.4686124521827093,0.28017680793744537
59,0.00811630827044981,0.034583376791144003,0.04215124636849949,0.005384715639159959,0.004667884279849032,0.8867569304299121,0.018339538220985857
60,0.015791206378743722,0.32280807899878067,0.05341164199470545,0.03582657971588618,0.0222119781498515,0.3694698305142454,0.1804806842477874
61,0.6890633816683641,0.009965570046414665,0.007092249757953116,0.10482309839376787,0.15215496530050868,0.02657230586242985,0.010328428970561479
62,0.013425157012803626,0.016937735832002605,0.017254639420082325,0.893111741188365,0.03359405199421877,0.01636471015625054,0.009311964396276873
63,0.026016072591673902,0.24962363597309262,0.06212262042423951,0.47438308358995745,0.05016274816116924,0.08639607655693846,0.0512957627029287
64,0.018620922733930567,0.07582016809031666,0.05039747129907599,0.031071592515866664,0.02967461425443863,0.14019023168784428,0.6542249994185276
65,0.03250138195631272,0.03089792491937536,0.5088230356035303,0.13933539411030788,0.03687499972724767,0.19360529492537332,0.05796196875785272
66,0.6191605325125505,0.02432791263630538,0.021102139662825804,0.0682292749992048,0.0712102522701876,0.13385859129452127,0.06211129662440446
67,0.015221392806546833,0.021107427227170066,0.019658722166993943,0.8506085713151534,0.05317121035283285,0.022226281732580053,0.01800639439872314
68,0.7547391332785798,0.021025386744894483,0.012672582005998717,0.07323368109361475,0.05749690194155115,0.04181912165929916,0.03901319327606203
69,0.6954364878770363,0.022827163154008893,0.024423488306244204,0.051177765684156044,0.06141980988504286,0.10512337274325786,0.03959191235025366
70,0.045316123625291464,0.1366939742719299,0.050564835447109734,0.3510147562622176,0.17881424156763298,0.20258476464320582,0.03501130418261312
71,0.01755868031255568,0.11281622586785697,0.018919445289895486,0.02902712678396999,0.023889125630892162,0.21152383308133668,0.5862655630334928
72,0.07476671372227083,0.039665927740539675,0.04631141163358091,0.4142226253429852,0.24523391860590144,0.14716159710344717,0.0326378058512742
