,proba_0,proba_1,proba_2,proba_3,proba_4,proba_5,proba_6
0,0.019361306236372375,0.00016833263038639173,0.2927084614698253,0.6645569394770258,0.00638656809513961,0.015121910502416003,0.0016964815888345555
1,0.13331261795573235,0.009437878010108576,0.0016450466308167086,7.749627412274633e-05,0.003733797640100965,0.8380687294086513,0.013724434080467378
2,0.24662161445557718,0.0013977652625265574,0.6353084492469839,3.7525627375916406e-05,0.0028554639406890465,0.0015942262546722336,0.11218495521217531
3,0.008305386566466628,0.0038485322074781943,0.030043555637222476,0.8408667529328703,0.10383089372614597,0.013104878246652329,6.831642114736846e-10
4,0.001260263207324599,0.15299452832633295,0.05108512181657022,0.09117597683430169,0.05245586224468849,0.5727543047469011,0.07827394282388092
5,0.003820128020766182,0.0007903764746321727,0.318266898958111,0.6083658597581024,0.014404143021183384,0.05434499357859302,7.600188611920842e-06
6,0.001452051350649793,0.2234413533284522,0.21481149853701131,0.07316079990382622,0.015036812055042462,0.46602206288826403,0.006075421936753947
7,0.7184660598591242,0.00093757197579294,3.1530467823441306e-05,0.07424380907173835,0.010748104224377716,0.19113769905803302,0.004435225343110163
8,0.033595966878274264,0.0004787302242633485,0.8448902620014785,0.0006684743178701669,0.04944283819436116,0.005267239694674453,0.06565648868907797
9,0.032995071208901605,0.03368957257061677,0.016731491281897014,0.08270189942843044,0.8336212609097837,0.000260704555140305,4.523025221338548e-11
10,0.025036974993687094,0.20138494191210746,0.0534221621240583,0.021166568295546223,0.698579288918402,0.00041006374085359587,1.5345224011449588e-11
11,0.08089914064135723,0.001204909385452003,0.0125266305302809,0.0792203980642853,0.8183692409580452,0.007779680391458426,2.912111402351146e-11
12,0.299850987964647,0.0004338314557019128,7.21238236002229e-05,0.004805857219381901,0.00020779336163699957,0.6695895093179992,0.025039896857032798
13,0.050696493967938065,0.013848582240844606,0.0014667050025060717,0.0038944198804950064,0.007546532312562042,0.9172649485512563,0.005282318044397904
14,0.01283197065162488,0.0143540918257333,0.03317085537487153,0.02201867001451629,0.015120232855549937,0.9018309852074073,0.0006731940702967993
15,0.10019081621916058,0.0005136259009490262,0.00021975597979768556,0.0013810532547780454,0.0004739766359664157,0.7257030886624196,0.17151768334692877
16,0.005868042525588821,0.004943314539387079,0.25728736200106145,0.0028559564284353248,0.028281071173944596,0.008594029693424307,0.6921702236381584
17,0.06327426485799725,0.0017530093328856626,0.00020931121681672002,0.0011483863270333836,0.0008635109685044191,0.7659769800294114,0.16677453726735114
18,0.012170416031191233,0.10320746445275844,0.02439283075648234,0.6207664993667109,0.16398491150009217,0.07547724738351519,6.305092497551541e-07
19,0.06408212543742751,0.0008575832260917944,0.00044023234707095827,0.0006499347886857621,0.00018371221487038713,0.6255099177813602,0.3082764942044933
20,0.005125245256083314,0.011260284025302757,0.2877943965546169,0.673190784591192,0.014245536945628556,0.008375583438857742,8.169188318906936e-06
21,0.0005093453157691112,0.0005594285899806083,4.625293149822713e-05,0.5664592745395579,0.4061239733270639,0.026301694317806944,3.097832344377681e-08
22,0.0030057079046216222,0.13050535015092363,0.44543420202353795,0.004554721536984562,0.018530987918219798,0.3646937134832301,0.0332753169824823
23,0.12092036622865844,0.016145196613406583,0.0006049737468151805,0.006100144615777086,0.015229779944169063,0.8390116020644074,0.001987936786766125
24,0.04236331259334371,0.002165784330675236,0.0035533292981118976,0.01923057414067769,0.003100509909234677,0.928506860219627,0.001079629508329824
25,0.00679880253461289,0.9230583955241332,0.006707303738912654,5.41741835927863e-05,0.022007161431811643,0.04137416087658523,1.710351528537317e-09
26,0.05717822255984443,0.26784214404000645,0.0008109555012772653,0.00022645500327444346,0.12338370912965368,0.5504944085497916,6.410521615224184e-05
27,0.9053551289816526,0.0016628083986644665,0.029235792802980855,2.1473770909595976e-07,0.04927485169008901,0.014471112623593105,9.076531075852618e-08
28,0.7600061936165414,0.00035812006850971837,6.472454382662959e-05,0.00273969145767147,0.0007438585708434324,0.2267936740336328,0.009293737708974795
29,0.01264748358443237,0.0046703986155771015,0.2658202807871389,0.00292137151909895,0.03907357304178076,0.012069130792965642,0.6627977616590063
30,0.006601317205027406,0.03158371814363513,0.11520843999819991,0.791399274586197,0.04314127189694551,0.012065891750127173,8.641986792390715e-08
31,0.0010646432449815404,0.027282627113746585,0.04785817928229534,0.06766768162126395,0.03281189322404439,0.0832914696785728,0.7400235058350954
32,0.0013906373492290963,0.7000594343321711,0.001012497396824301,0.004932840824336134,0.0027715247334250065,0.2855357490741508,0.004297316289863557
33,0.7071734838257958,0.011800714973171842,0.042378067141647206,0.00011472678462344922,0.2382782163060725,0.00025025374219687414,4.537226492176577e-06
34,0.00013312308334424285,0.001317621323954476,0.3218706494139724,0.0017465596931430351,0.00038414881539273576,0.3020744333751519,0.3724734642950413
35,0.004363037144828627,0.04804789977618796,0.19556112427250705,0.6790627239666233,0.06944913458408646,0.003515153374321969,9.268814446859451e-07
36,0.004942899076945536,0.0002686457823713413,0.6846990272715859,0.03082704321049904,0.006506683097765264,0.26509943641234246,0.007656265148490438
37,0.0218176449684331,0.0036831387804600758,0.014126316404992855,0.008125933913303128,0.0009734400172953579,0.944633161012704,0.006640364902811411
38,0.29509252041417794,0.0006582367749899052,7.616074881391794e-05,0.0005490961780078882,0.00014150955998653357,0.6524194701582233,0.05106300616580048
39,0.003179440359658092,0.07561342383093293,0.3412645524238635,0.2827625435420008,0.059292315461311605,0.235405721852837,0.0024820025293960414
40,0.7905577520880079,0.0011511031970642411,0.011139446444781837,3.406871219310717e-06,0.04455763807970099,0.15246000921761368,0.00013064410161204491
41,0.011915741594190959,0.0696887114007206,0.03614061006986409,0.5942087968584712,0.26061862707642175,0.027427161708958436,3.51291372841066e-07
42,0.011055009230935248,0.003043019553597333,0.3445593085815778,0.6057705464253754,0.021121564308714952,0.014447386382239148,3.165517560091576e-06
43,0.005727094700021328,0.0852898529989692,0.01724800357526271,0.624506980505483,0.20671669636583162,0.060510799735171275,5.721192608905383e-07
44,0.008584995053236205,0.0006322568351756382,0.3928040993930801,0.4038697260803437,0.023784798844443865,0.16999362465792284,0.0003304991357976453
45,0.011670996134440018,0.007269984326425949,0.5017033461919598,0.05603436391900803,0.07279552287174063,0.34980712202129316,0.0007186645351325275
46,0.006260915569899285,0.1984061726333722,0.0015896376498843736,0.01229350425632208,0.0008940958352544275,0.7187693724426042,0.06178630161266337
47,0.016888942011863906,0.1655741088713228,0.013395895700633513,0.0072460392498706816,0.0009176948714294578,0.7035285331339793,0.09244878616090026
48,0.00473434624880984,0.5157979416041598,0.0003447106256222446,0.0004024444549945605,0.003930280809436102,0.4223583556703212,0.05243192058665604
49,0.00043941203491972876,0.26598019345866236,0.0012605758068517793,0.0008595443931175222,0.00029951062415439577,0.38490855529484863,0.3462522083874455
50,0.002324242747122281,0.8253475159382466,0.05102342150401611,2.1798874673615255e-05,0.10808082599522179,0.013202191877925462,3.062794042282683e-09
51,0.037003970245229514,0.009410080170288552,0.002450702286661191,0.004463053715190563,0.0011070298340302178,0.8977526622794472,0.04781250146915275
52,0.0005280920967073869,0.02694139132326668,0.08467607720579072,0.009309976444644825,0.0024394955199132954,0.3430079663550314,0.5330970010546456
53,0.06595640143745751,0.0001599111337869177,0.05564416668273861,0.7630892826833251,0.06780862000644701,0.04733620170377109,5.416352473734606e-06
54,0.0033454467193281823,0.015779926992718976,0.014614797712695325,0.4783479535455762,0.011619287085800449,0.0333868592096384,0.44290572873424244
55,0.00012840931615223466,0.774626980080302,0.06197771209448973,0.05510263537123818,0.0485985942457907,0.059543542387770425,2.212650425683506e-05
56,0.0006565834531107674,0.01842176166683163,0.2668703968723591,0.005114997490580851,0.038069985532634784,0.03656889156721707,0.6342973834172658
57,0.0006591368797604775,0.008164457861726456,0.20787537688533178,0.006996929809167097,0.02251395794319181,0.08633298484648858,0.6674571557743337
58,0.007519175587314808,0.260561341655585,0.0005150558267303509,0.0009562667683583434,0.005903553817923895,0.6925479278459468,0.031996678498140974
59,0.056379755949130944,0.0013950274398006838,0.0031232455886698158,0.0014996768418875242,0.0002790472655919287,0.8585563718058845,0.07876687510903474
60,0.0009272700263434182,0.8781210716455438,0.014042510736880833,0.004157765762746296,0.060387394175875034,0.04232801896334474,3.5968689266024165e-05
61,0.7749627815405693,0.0014907996721217841,3.56311775098921e-05,0.0010736106838672777,0.13636280445820198,0.08607436871635624,3.75137349036656e-09
62,0.004891829448802382,7.400262537830117e-05,0.17867682410119892,0.7375967331604809,0.057709840717890495,0.021050752054370868,1.7891878145399452e-08
63,0.0020236906241976344,0.003910809393103663,0.09687344223115822,0.8223267446925695,0.04576856886077866,0.02909664729743308,9.690075941353676e-08
64,0.0007757720788781495,0.015144058399350985,0.00850105970837359,0.009575873084644478,0.013641244543169883,0.484126532601872,0.468235459583711
65,0.022603129493728558,0.001365187538647946,0.6541640090368342,0.15784853136270752,0.024520792641046073,0.13923299538985018,0.00026535453718570513
66,0.6548365103860118,0.00045149459476414536,1.7722147557007253e-05,0.001021687764874756,0.00024815291266842555,0.3203030067183911,0.023121425475732788
67,0.013737445799109727,0.011981261002258908,0.011688848340487942,0.9029878364799724,0.05581301011405963,0.0037914878712457666,1.103928654216631e-07
68,0.9173946651483683,0.0008554118419797376,0.003794536120413071,1.850405110565821e-05,0.004320337349975906,0.07357405327471514,4.249221344217247e-05
69,0.9379790827020488,0.0016025302346589923,0.026634356224378365,3.046681992260172e-06,0.00649186643034799,0.02720466997743022,8.444774914338302e-05
70,0.004336057592020929,0.11751092316599852,0.05359227002095509,0.5790383092572539,0.16272985119496208,0.08279183436196104,7.544068484410111e-07
71,0.002786686217058682,0.006759652704231787,0.014855814902460263,0.02065418285419015,0.024826096884652406,0.81836269544117,0.11175487099623672
72,0.021564117488007413,0.0003662262329468851,0.01836331225934287,0.9091773940348844,0.001882437729438433,0.048644323782797025,2.1884725830276968e-06
