,proba_0,proba_1,proba_2,proba_3,proba_4,proba_5,proba_6
0,0.09601040453110257,7.888130218010827e-05,0.18389997042536121,0.6442960338584572,0.0374562834820414,0.03449479980936344,0.003763626591494131
1,0.13449078625770047,0.03560619699195333,0.05047572926781568,0.016143382201506466,0.011209443049985083,0.7175544139495382,0.03452004828150063
2,0.04626067907260443,0.0009970663306344617,0.1567179715716314,0.6098277081009428,0.007380710179724475,0.04822975892321769,0.13058610582124483
3,0.02308072862405459,2.753945342050606e-05,0.008593224639249001,0.690536508064196,0.2625785386937136,0.015063723609514015,0.00011973691585230471
4,0.0186832033646427,0.3786528485952665,0.01789695750693511,0.037886393407526,0.016967940807247756,0.26752187358257745,0.2623907827358044
5,0.029103222494029603,6.337605900097611e-05,0.05641797182455637,0.8647414940785179,0.015639966422102636,0.02891903263776181,0.005114936484030579
6,0.03750262423592631,0.34405713908808644,0.24345012837085486,0.004332259574758587,0.013994110550709937,0.2533543096737887,0.10330942850587499
7,0.26385778606137994,0.003271407431143859,0.3639718164499419,0.02251535905447925,0.004811172224219115,0.1097493500916466,0.23182310868718922
8,0.06528213928705488,0.001614434655482523,0.5795096545866194,0.18549651089756541,0.002615182076655969,0.08358797391542876,0.08189410458119296
9,0.0014333404528755905,0.00465092476448458,0.003183464423984747,0.4261202867990672,0.5496088130281647,0.014334170860334273,0.0006689996710891466
10,0.019832586131568915,0.0001349199890201235,0.03735668259876782,0.521218818390894,0.38209915362724367,0.039127058479149046,0.00023078078335647133
11,0.4064121337874194,7.84599394227993e-05,0.020888375875178635,0.05156818473715293,0.4772584743182129,0.04374849846766911,4.5872874944246934e-05
12,0.2120775714018603,0.11252871746105224,0.002472759883412553,0.0009232847524865677,0.020450099116916715,0.647577706150617,0.003969861233654621
13,0.11084099604986898,0.030850782311173077,0.013708745037717582,0.0030954456344593263,0.040376053677776476,0.8005783090184451,0.0005496682705595555
14,0.1685797820574909,0.10680191541997697,0.2055327261575232,0.002554504532914334,0.016280641474437297,0.49587740497646793,0.0043730253811895435
15,0.04790008759552419,0.06084858845779262,0.03550736159783171,0.00981731350327206,0.004584781507342641,0.7564988874473433,0.08484297989089344
16,0.008918999868346576,0.01260776551202423,0.05278975009790126,0.04160782835879387,0.0008268924750884846,0.005282463213378445,0.8779663004744671
17,0.12477855290225384,0.051984518132910607,0.03513582076681132,0.007599749441924123,0.004023574263348068,0.5687488110019377,0.20772897349081432
18,0.02455014783021122,0.0002514853732394735,0.009908356634133739,0.1872827750245459,0.6897463679901078,0.08819891757732541,6.194957043636247e-05
19,0.05802730501764296,0.038506896930954486,0.03585615376816737,0.014169373914782428,0.0012064905472230064,0.5232788079919081,0.32895497182932165
20,0.003525449042406551,0.00026295466349592344,0.014013005830570123,0.9230335156175274,0.03962789271895848,0.0038426622207310096,0.015694519906310374
21,0.0081242750045082,0.0001212455671117517,0.004788995020807335,0.46701576022362,0.5137478124006863,0.006161750510536326,4.016127273007326e-05
22,0.06722006245733952,0.11989323888007944,0.17515981090409768,0.03463826963366132,0.006315748001915264,0.17665033100700173,0.420122539115905
23,0.20642456443930046,0.056286764623003055,0.012427734040395856,0.0002515886133719539,0.009869367435546048,0.7134464280564763,0.0012935527919062956
24,0.12996523007003272,0.11208705381331394,0.021682913354224734,0.0034386946526033463,0.08414752290056718,0.6471187097961515,0.0015598754131066735
25,0.024008287871216758,0.5530259091026939,0.029776073479544567,0.0002924210708196419,0.012107155116801934,0.37243196761562375,0.00835818574329951
26,0.11880785732233362,0.06482102594665007,0.03231309783100117,0.010401654386382478,0.05223707435051291,0.6916758903338039,0.029743399829315745
27,0.5510707934819715,0.017837271527882885,0.16071259650013495,0.003945670756324731,0.005363763330281198,0.2502001271785429,0.0108697772248618
28,0.388144061291639,0.08766262346142122,0.013677251442729329,0.04041143797051636,0.10665026967351016,0.3127389826890841,0.050715373471099966
29,0.009397600066819714,0.004645441512351351,0.07723541612960624,0.3045944637856427,0.003606984558914966,0.011551065706910727,0.5889690282397543
30,0.005102976641117642,8.334959848952588e-06,0.0015156901484551098,0.8113044783223009,0.17971821145154873,0.0023094698716875023,4.083860504118147e-05
31,0.010629714618392955,0.0846926154104233,0.025252263988323843,0.007680616833826023,0.0038402236953654447,0.0034394645930089823,0.8644651008606594
32,0.00976486947765015,0.6138689608575396,0.0042531750772784056,0.00013313121689575584,0.0037786160038249857,0.3434894859130547,0.02471176145375636
33,0.21364892209107372,0.001230150594375927,0.05700321372761352,0.36183434167438583,0.2785970273768899,0.08406848305375489,0.003617861481906329
34,0.018594702088811844,0.10742326619718566,0.04186989674260547,0.01152088205889608,0.0008349978163909431,0.0380814929154435,0.7816747621806666
35,0.01644376198892555,0.00013201282515813535,0.010163630703636241,0.7941035733051284,0.16621245207598914,0.011976365793489839,0.0009682033076727363
36,0.11002375478470365,0.0019076941246195932,0.6528547493954396,0.08256141718380068,0.0016803374040480436,0.09946430134487537,0.05150774576251302
37,0.12863970570994906,0.16631912941309449,0.25069248281496825,0.0037164604401842163,0.009391821522432035,0.4235860337864693,0.01765436631290267
38,0.11648863057527357,0.07927394838290622,0.005590087699351216,0.0019577055701264588,0.003096019295893398,0.7291391976930296,0.0644544107834197
39,0.040824074658790725,0.1693235127674602,0.5340016488975912,0.006856167307182312,0.019465922990151607,0.16694613505283884,0.06258253832598519
40,0.11241139835936538,0.00429147975129731,0.1968436894446318,0.49010240838958186,0.022834209320951492,0.04345387488819819,0.13006293984597392
41,0.04993911915193118,3.555723842265059e-05,0.004157912552706679,0.22551935967372894,0.70692901895465,0.013408927259885508,1.0105168675027925e-05
42,0.0032551279766361465,0.0004328740842370625,0.01101195669516362,0.7269560317459762,0.24739508260938045,0.009673973628824096,0.0012749532597825
43,0.018862167316636393,0.00015342214568239622,0.0006346436983028263,0.0647751736722413,0.8836922265899119,0.03188060977646885,1.756800756541032e-06
44,0.04507239465296786,0.0013472726803995271,0.409374510091618,0.43945402352114904,0.019820765123615018,0.05659138475095884,0.028339649179291715
45,0.2003612023994411,0.03169558740979566,0.34903918630585234,0.013911826281892475,0.04937736651624752,0.35262643494160084,0.0029883961451700864
46,0.06696049118124844,0.18043487491880295,0.02396003226627293,0.010854977887968558,0.02324632581236303,0.6356733496261433,0.05886994830720074
47,0.05732073251516264,0.14150587005854787,0.14913201116583027,0.05386784301668892,0.045622021857835524,0.5252041833540951,0.027347338031839565
48,0.028532342587772708,0.17704790172577406,0.023436735038046566,0.0018683906252086597,0.0036437148473510987,0.6785652547671571,0.08690566040868973
49,0.01320274280147236,0.1006568248555365,0.010208913620336392,0.0608954158517987,0.0028841593241519846,0.13302197253039869,0.6791299710163055
50,0.00858616465507355,0.7692543507833379,0.043986425470853574,0.0006391075466131714,0.0053774950032726525,0.06330974039534867,0.10884671614550037
51,0.10643143291241515,0.09154249894481502,0.06725608083461865,0.0024831351374856236,0.005099160047156641,0.7095003092171348,0.017687382906374127
52,0.011310930867019587,0.07890966811207706,0.027246115735342587,0.024160049489762143,0.0029886314248303157,0.06654533569175895,0.7888392686792094
53,0.185027460042129,0.0001549393549221158,0.14473963729006836,0.466924197407009,0.133687612915251,0.0657804482645526,0.0036857047260679134
54,0.008586173296571385,0.012200328076300735,0.055143567869564585,0.42249054423846144,0.017436178584391757,0.009705426630623282,0.4744377813040867
55,0.0012953019647911849,0.5928482697475461,0.0037142169110504367,0.00010961537874865202,0.0017937413724989114,0.01351426196045684,0.3867245926649078
56,0.008925602953235981,0.04886329644463685,0.028839428034572824,0.006877788299130731,0.001034264275779442,0.0031979190119539925,0.9022617009806903
57,0.011337584727285096,0.04209744795625121,0.017652190773264756,0.009283179295664747,0.000801688278056948,0.006349722603859316,0.9124781863656181
58,0.0236469190789861,0.13838359906484798,0.011470986523919957,0.0040804615836979785,0.018968411023672988,0.7833404446097264,0.020109178115148563
59,0.10740698980116442,0.06031387639782941,0.06992862154364111,0.0064001236571627354,0.005407124581520794,0.7079666645370366,0.04257659948164489
60,0.011634639077603743,0.32756391752540165,0.07077407763523404,0.0041864733995229525,0.002044015468427243,0.10502354205630368,0.4787733348375067
61,0.6874156019529224,0.001322943119104384,0.01268987246977512,0.01845726314876131,0.172378210058625,0.10705012740182704,0.0006859818489848262
62,0.01474403752054684,9.512133593631566e-05,0.02229260810449327,0.9244341473292728,0.012057164947210937,0.02223548986020324,0.004141430902336703
63,0.009135280830897253,0.12464258930838179,0.0034139916029754147,0.057032133892883176,0.7045572452486983,0.01582364011801708,0.08539511899814699
64,0.01106572990025583,0.27063793150261484,0.0016254602799168445,0.004120561146670716,0.0023074810720595234,0.04202441572706668,0.6682184203714155
65,0.045835019619035286,0.005617975378225255,0.5613218776044001,0.2826381256717331,0.03713830139574548,0.042853338595915176,0.02459536173494566
66,0.49304134572688757,0.04890984478478056,0.003976540701662416,0.013229217152098679,0.06333193652900397,0.3573182788974781,0.020192836208088722
67,0.0016697313865027686,4.2875908008017115e-05,0.007897947093216968,0.9690623489462797,0.002774183217855385,0.0023302802982818702,0.01622263314985522
68,0.47680945320893636,0.006405760900508287,0.09376399702749111,0.05441910500889101,0.006848456707966796,0.05532218047086151,0.30643104667534493
69,0.19482375008997158,0.013205805081592557,0.11102947354690494,0.342890503642982,0.03791686516117744,0.1483187219710936,0.15181488050627798
70,0.0038773593315309276,0.00020549377270814924,0.0028154522004521574,0.3725697390588554,0.5892261531102382,0.031233001215987672,7.280131022764298e-05
71,0.00792390567119871,0.06217327433157405,0.006723146610440154,0.5182255715709233,0.20718994131655696,0.07604856600397351,0.12171559449533331
72,0.025354296719678537,3.4343020805899904e-05,0.01347836676244536,0.7409649208874352,0.20884968489536268,0.011113139189280693,0.000205248524991753
