,proba_0,proba_1,proba_2,proba_3,proba_4,proba_5,proba_6
0,0.12459887502421613,9.468843112952176e-06,0.22617735741125738,0.6051188566516323,0.043038980048543785,0.0010251299127657164,3.1332108471729284e-05
1,0.02826262466621902,0.0004541540716941726,0.00794732185766084,1.2377550941110697e-06,0.0014132449423648926,0.9079758749894864,0.053945541717480526
2,0.06651915076490354,9.460678149033468e-05,0.5286308553908642,0.05409457415073928,0.0005049096745358113,0.012592167435040075,0.3375637358024269
3,0.0039287427897593385,4.484435389376308e-07,4.987049603144109e-06,0.7569255811011517,0.239121491108327,1.1686606672327505e-05,7.062900947735894e-06
4,0.00015824003689607634,0.9824857829968958,0.0018875623631861994,0.010655803021960954,0.0008914631368914127,0.0032167687554777538,0.0007043796886919412
5,0.02702031649206879,4.583314384058831e-06,0.0056952819011671,0.9171229025736262,0.050042746651282666,5.724873883716178e-05,5.692032863417365e-05
6,0.000983504915700043,0.11443473776665032,0.026585012044197165,9.676722187415264e-07,0.0027265918253572725,0.7884838259892323,0.0667853597866442
7,0.3443976093097665,2.9529240571522773e-05,0.0062412876594722935,0.4661353963810346,7.315699174474857e-05,5.029857798178907e-05,0.18307272183942863
8,0.020760218858951816,0.0026317919581170324,0.935936637853078,2.2204881532058226e-05,0.0003490747198902529,0.03709575483017419,0.0032043168982565265
9,1.2814811902635807e-05,0.028795085991764762,0.0008688441526892487,0.36196661736109265,0.6053359186640922,0.002994590062261952,2.6128956196525318e-05
10,0.0012962852357639022,1.2036506553669504e-05,0.00021938745353546692,0.6550113971762644,0.33741749517718134,0.006038860821569348,4.537629131935197e-06
11,0.39658094765690816,1.8804994076316517e-05,2.7995810196570507e-05,0.010828802344310664,0.5918739346361402,0.0006689002333612996,6.14325006835565e-07
12,0.15284098126300927,0.00143460137830644,0.0011776487520260902,6.819771307846522e-08,0.0006121632508576926,0.8427671766521823,0.001167360505905138
13,0.06931140004580771,0.00013399629161477998,0.0019033164739951163,8.669802218821426e-06,0.005771702326675493,0.9227913405427449,7.957451694307517e-05
14,0.054999861157197065,0.008001743545288926,0.09860235773109574,3.641608661281944e-07,0.0011407704027844366,0.8349950092770607,0.002259893725707068
15,0.015497893567669105,0.000611201553435192,0.0020441157256913694,2.7096321815669656e-05,8.804266929954615e-05,0.5946447937359184,0.3870868564261708
16,0.001590421977390069,0.0005541139864884438,0.008590185373501466,0.0006371539898930828,2.996524142420098e-06,0.0025296242711038202,0.9860955038774808
17,0.006595214489478856,0.0005069389220662899,0.004880659956634941,3.006514124160618e-05,4.445572382751653e-05,0.7444357515510006,0.2435069142157501
18,0.0010218702420454777,4.181695320997822e-05,1.907457896432273e-05,0.31371644109810176,0.6408959662592293,0.04430308479721488,1.7460712343014086e-06
19,0.02181175013444774,0.00035441009859537827,0.0021480945746223403,3.690020605225707e-06,1.6314145441004848e-05,0.4906113692356815,0.48505437179060684
20,0.0001372166714825871,2.5680824678494853e-05,0.006264021846969131,0.9924585636821793,0.0009603228775738633,9.444865700072886e-06,0.00014474923141635267
21,0.0010729062361355454,2.3160436739302853e-05,0.00032842226386766365,0.6344124156884245,0.36317510877794124,0.0009878500185274092,1.365783641594257e-07
22,0.004994122228407073,0.4069482691037188,0.15441917016462384,1.0664740121996169e-05,0.0026328101412886975,0.33786249854042544,0.09313246508141435
23,0.23809357866688574,0.00018788685977514497,9.339597112433727e-05,1.150429721341318e-06,0.0041244356881909305,0.7566270330378162,0.0008725193464863396
24,0.018065134534759733,0.03172748946563756,0.02966589267687514,1.9254028622193885e-06,0.02392060870570183,0.8964391569170281,0.0001797922971353958
25,0.0007309096096848457,0.772862507275538,0.007439475487879377,1.4901983365773433e-09,0.0014713836506756411,0.2171019679805089,0.0003937545055148598
26,0.013231384041200191,0.00294050337141808,0.0006654501603619006,0.0005673965996276104,0.009807092225670794,0.9299504448295024,0.04283772877221904
27,0.7710612050795466,9.180599914760094e-05,0.055416047273940845,2.389093110013497e-05,0.0008904935300202431,0.1659547246921172,0.006561832494127461
28,0.2538694656787996,0.01732729281696829,0.015889832253091315,4.8626583524013e-06,0.002193011076341994,0.5375300391588684,0.17318549635757802
29,0.0011508114864708706,0.0007152224216718485,0.06604216326416332,0.0006883285903730546,2.494624208010444e-05,0.006634537511611447,0.9247439904836293
30,0.00030421598294355694,3.0945291540255472e-06,7.56975264190979e-05,0.5889233046166445,0.4106891819941167,4.5006146532076944e-06,4.736068934860942e-09
31,0.0007590029442962962,0.0258957416866363,0.017652942936633453,0.0022513418993680744,6.307003075967545e-06,0.0011059229457535422,0.9523287405842364
32,0.0008144034450134858,0.5676607132704573,0.00017357084171757062,1.5245949184187214e-06,0.0022388822161969794,0.41535444583973447,0.013756459791961783
33,0.8338133760152704,7.4127348708150946e-06,0.0033317294375771107,0.035986230061736284,0.07672777375799929,0.047767601334455734,0.002365876658090371
34,0.0034888399925007874,0.009939166474861639,0.03823639051800906,2.5840232120135338e-05,2.8670825006390727e-07,0.033899543058108064,0.9144099330161503
35,0.0009899902061104074,0.00010973597716785946,0.00012629106880458768,0.9151283508828334,0.08321123935089604,0.00042614027816693906,8.252236020557765e-06
36,0.31061782524683557,5.2337411918202236e-05,0.6294395607550651,0.00014423565793609522,0.00028437082271626506,0.0554075604762147,0.00405410962931417
37,0.11840240117620031,0.011258533559293057,0.27131257598290187,6.572634749164376e-08,0.00017101781636890084,0.5973673414741517,0.0014880642647366845
38,0.044006787630417585,0.0014221100185499746,0.0008445340400151056,2.560467619454364e-07,0.0001619407612888424,0.8881721309792379,0.06539224052372875
39,0.001019620062463748,0.5172366390319493,0.2714909587949157,2.9197817782032494e-07,0.002367973227785049,0.20743502562742844,0.0004494912772800832
40,0.12513288089355978,0.0001799165004326252,0.7949487649319834,0.0742350434063347,0.0008466250514371264,0.0010751932068867797,0.0035815760093654905
41,0.0013835335718159769,0.0001268404618020537,5.281534233486582e-06,0.02752182515032855,0.9707677063501294,0.00019438843845074284,4.244932397822623e-07
42,0.00035165159795650384,0.014170735733661684,0.03460210375307164,0.4697379380535906,0.2746309160518743,0.19973865604026142,0.006767998769583749
43,4.9444876699322584e-05,0.0003279044094253366,8.510066373806774e-05,0.00032563893703850674,0.9140944348583985,0.08511746102250359,1.5232196664825033e-08
44,0.006857138564674294,0.0023825126940879627,0.9228922362597681,0.03278440729869269,0.032820914366897665,0.0022531446762893417,9.646139589863342e-06
45,0.34868478417998444,0.0008445375275204256,0.24362417493551616,2.6803737782130037e-05,0.0011180752500915343,0.40429492627369756,0.0014066980954077352
46,0.008158667882837436,0.11174996859993455,0.014063409577981549,7.24371412423839e-06,0.007591042985571082,0.7869978960042979,0.07143177123525321
47,0.001883603253763181,0.013238647002224846,0.11054444882406948,1.9042210435684596e-06,0.0005559944699399197,0.8634709002589267,0.010304501970032423
48,0.002211866366702281,0.08653209050060258,0.0006825470831204707,5.921188769817965e-07,0.0022287412885479145,0.6325364767644133,0.2758076858777364
49,0.00018528701471409452,0.11207283437612589,0.0006203459322667989,0.0005270459265394312,4.254287974358342e-06,0.22757511126745686,0.6590151211949224
50,6.647901481083413e-05,0.86694118722902,0.024904764375880368,3.315945980137199e-08,0.012710172978994854,0.094288764623962,0.0010885986178720448
51,0.031978421881426675,0.036346715937828136,0.021365611476365776,1.0146228408515794e-07,0.003928747040124333,0.8939856408068781,0.012394761395092855
52,0.0012156344862265388,0.515941133736053,0.11143091061462543,9.3286617748473e-05,5.114018267086565e-05,0.29205177022783335,0.07921612413484218
53,0.13536806808099783,5.429916144250313e-07,0.030392885775411414,0.8235482782358553,0.008106879916988687,0.0016429663079803986,0.0009403786911518559
54,0.0005184144186834354,0.012429923991352329,0.06783458043394022,0.030375163287582493,7.209506602650808e-05,0.0035590909440837795,0.8852107318583312
55,1.433721345079187e-05,0.7850199276656039,0.000793039657193198,1.8772623956301166e-06,0.0009896408460179462,0.0003806739853802187,0.21280050336995823
56,0.0011814901303754705,0.0008783797995207858,0.017042950531588094,0.0002539117192422371,4.709746358284644e-07,0.0010621419757387964,0.9795806548688988
57,0.0008686903612141839,0.005466141039081056,0.0033880769215223795,0.0004913793914083743,7.295324330839278e-07,0.04176598892316552,0.9480189938311754
58,6.90045241022252e-05,0.13001814072413068,0.0011307238456973157,6.281417590549916e-07,0.0036280689311597165,0.858240294336852,0.0069131394962990995
59,0.02687056511812176,0.001991134893188217,0.027440270989246264,6.399755687197952e-07,0.0014297089078311829,0.9194356951166945,0.022831984999349332
60,5.5219466121481874e-05,0.9511532303674733,0.019675484561358675,8.854601570170226e-08,0.00551702147736108,0.014924839408171261,0.008674116173498423
61,0.9518902842295864,8.103654462930829e-08,0.00029414703058496075,0.0003163527224237784,0.04533928200806218,0.0004034253347147926,0.0017564276380831177
62,0.014053681786726124,2.8608543898921787e-07,5.439124945293278e-05,0.9466389454026979,0.03884171628555569,1.973462784218121e-05,0.0003912445622861251
63,4.086700761150545e-06,0.00026217893188605596,0.00017191825449323342,0.9914079743891009,0.002809253650789001,0.00016451031015511785,0.0051800777628146725
64,0.0005179436255315345,0.2610599789999842,0.00012034815355182366,0.0003635763366066755,4.1210543827928764e-07,0.029172501572765172,0.7087652392061223
65,0.007370072661558124,0.08029903288931316,0.8289249696617543,0.007432224993387414,0.03882542707329472,0.03703766029249245,0.0001106124281997581
66,0.5706293009540844,4.2583217353062864e-05,0.0004815761347465977,9.142091838549289e-05,0.000686827451312716,0.2189326302648836,0.209135661059234
67,0.0001230344369400949,1.9380930945224993e-06,9.342855729990542e-05,0.9991676560526397,0.0005229725799508151,1.8153563680906395e-07,9.078874443813703e-05
68,0.4834523518106037,2.9791695816629217e-06,0.006960172929373563,0.15840454189994227,4.51682955723498e-05,0.0014063091676794648,0.34972847672724716
69,0.22221855464097093,0.0010690795897203933,0.5983447070043736,0.01386515299634886,0.0011419740487058762,0.06888373813620477,0.09447679358367565
70,9.649061892782158e-05,3.0228140578987998e-05,2.286294262837967e-05,0.08339572040293201,0.8965045997258346,0.01992300916486092,2.708900423725384e-05
71,6.0859190062171454e-05,0.40835150341272514,0.0016077218537847552,0.10412680674185805,0.0005969431944412609,0.045584036360916756,0.439672129246212
72,0.0003857284658659472,3.059941324767011e-05,0.0017728513860272356,0.7001284555221116,0.29760981246582274,7.240936737767376e-05,1.4337954724653572e-07
