,proba_0,proba_1,proba_2,proba_3,proba_4,proba_5,proba_6
0,0.07695084286514871,0.00010841546139530686,0.35543324351664585,0.557438140424713,1.2211455012471812e-06,0.009690574856110825,0.0003775617304849705
1,0.015754741362093812,0.011631388390069166,0.14193862303312121,4.922586666974776e-05,0.00010974042060753605,0.8296050050340296,0.0009112758934088774
2,0.603302248011226,5.992389472050123e-05,0.17289183131459196,0.000366160528834112,1.4188915620180064e-08,4.861808042114508e-06,0.22337496025366968
3,0.012934062975034778,0.0017879974844853576,0.0005966844120667261,0.40086460681296604,0.5835326364537994,0.00028385903150614055,1.5283014153867675e-07
4,0.0005056016528969157,0.6403384247756998,0.00041147985329033387,0.030997903621701073,0.00713143910013716,0.31660542769274125,0.004009723303533427
5,0.0034151361769337676,0.0047136817898396815,0.12752926685824295,0.8543060286828019,0.0003704211399125473,0.009649484636278707,1.5980715990587643e-05
6,0.0005426306407726337,0.8824666892000007,0.024041769913267525,0.009319445778460727,0.0005248676900582882,0.08034903023942679,0.0027555665380133588
7,0.06460470535615102,0.0008280110082552316,0.012136491582976514,0.4825868973827125,2.9426588031974874e-06,0.003034440117789805,0.43680651189331177
8,0.11550829854299186,0.00032277566700844476,0.8653863216212145,0.0017246690188498022,1.5535664308696884e-06,0.0011164869165244042,0.015939894666980363
9,0.0010211772361475545,0.4358205155486815,0.0019143782462383056,0.3934636944172893,0.16541540248186487,0.0023544541864178245,1.0377883360616831e-05
10,0.021007621430757337,0.03629005046495864,0.0008088566601822874,0.041948187299471286,0.8963878502212832,0.0035562300231965264,1.203900150800138e-06
11,0.3583981703696711,0.0005246549235467819,0.0008165920511673346,0.23638348453373245,0.40299744577124924,0.000879533235070836,1.1911556215182363e-07
12,0.40638763808355777,0.00026180967911116157,0.0008141939596728462,0.0004096357071004696,0.00013209826358936706,0.5918777127139185,0.00011691159304972494
13,0.061858347653939265,0.0021549884607577397,0.0014840596785516789,0.0019135349839506104,0.002277171756435726,0.930091648696162,0.00022024877020291006
14,0.002329643764828864,0.007828151925978034,0.009240600674139988,0.0038129377443835754,0.0047280893707110135,0.9719659328145703,9.4643705388173e-05
15,0.005543847982604992,0.0007162821623863502,0.08229666498552492,0.00017399316264393285,2.974966991301617e-06,0.7349209965468895,0.17634524019295905
16,0.0050498739986990625,0.001568348895192071,0.27541961097667966,0.0003412581907816711,0.0008988932158467693,0.00017385322774868202,0.7165481614950521
17,0.056865424061245916,0.0003958162885286185,0.03246565547408445,0.0004696431040980838,6.448115873447343e-06,0.4380581714398705,0.4717388415162989
18,0.00046977810125082404,0.00229501954814782,7.917542254134896e-05,0.6674717690232171,0.2645509088131954,0.06512751779037698,5.831301270622293e-06
19,0.03685434801805078,0.0008830463730933426,0.03357235656704094,3.6836279090766025e-05,2.0248950378977203e-05,0.7022956212887207,0.2263375425236245
20,0.027043217454599536,0.011227820947410299,0.03114322934699512,0.9299746414930856,2.071641753854096e-05,4.904379062326145e-05,0.0005413305497475635
21,0.001505356939183393,0.0008849342471719625,4.0904752767979725e-05,0.9231242714034654,0.0682459695918106,0.006190995874879004,7.567190721676831e-06
22,0.0011299581607880863,0.1681067146380615,0.007415008856990812,0.007037190474139355,2.3847758838166553e-06,0.6952883510901097,0.12102039200402678
23,0.4483011805604303,0.0027232649061017526,0.0007576809987654328,0.019102659520961206,0.0007410803893376168,0.5272720718309439,0.0011020617934597507
24,0.009936831500821725,0.003125373540864449,0.011804812093833047,0.003761757216891275,0.001979881112117523,0.9693057703481414,8.557418733059157e-05
25,0.0013310981416165258,0.9116471077153762,0.003997659466450732,7.430981547489967e-07,0.07833587281951464,0.00460401708013972,8.350167874753922e-05
26,0.006679983316357422,0.18791216217537032,0.057148107978887086,0.021811850011889854,0.01730834809973444,0.7048684720034667,0.00427107641429429
27,0.9608051251751336,0.0009128546488183513,0.023699874708144067,6.042933319415666e-06,0.013439827441256194,0.0011095356572482316,2.6739436080283387e-05
28,0.41676793197291667,0.00013131052042179107,0.01885793720356463,0.01045905765944443,8.682310010561817e-06,0.013856828320547604,0.5399182520130944
29,0.0026246895866019727,0.0008111580826126641,0.2005045254317641,0.00012253989631449646,0.0006794742508657379,0.0004490611521834902,0.7948085515996575
30,0.005331065375806247,0.0013426116846465123,0.00017755508673271208,0.8242534899074908,0.16578111503031648,0.0030963459959134896,1.781691909358554e-05
31,0.002366720197484295,0.0018058393212561899,0.03279453884995821,0.04340695605840532,0.0011382475288055258,0.012879381304176419,0.905608316739914
32,2.5569325467584407e-05,0.4589728828423692,7.882214168932368e-05,0.002594192064650517,0.0022419610132907307,0.5315116831604155,0.004574889452117134
33,0.7745289268112309,5.641805905050629e-05,0.21647724914110933,4.209976842881677e-05,0.00010158803713240047,0.00014737181168919015,0.008646346371358853
34,0.00033247672203452864,0.00090853133459086,0.05908811636732718,0.0002589342947132574,8.78520694574342e-07,0.4208500148458872,0.5185610479147523
35,0.035297209102784007,0.008252809097522474,0.0012202392594912912,0.9400810289768693,0.014647857240892386,0.0003924086478025436,0.0001084476746380025
36,0.11094973596133613,0.0009551980620394921,0.8302851952795508,0.000985255375664555,0.00036130227479144625,0.05629335702811673,0.00016995601850076526
37,0.010024208414133118,0.01882884785407951,0.11950019112658311,0.002162227150685343,0.00037474150077236964,0.8486079189866298,0.0005018649671168217
38,0.20639080760288442,0.0002240862667805107,0.016394989812184835,6.456630149514277e-05,8.151399769072455e-06,0.7537261600101793,0.023191238606706636
39,0.0015488153201754147,0.3202540832486971,0.175553817117878,0.3396112717393622,0.008495438268400273,0.12442884209908327,0.030107732206403767
40,0.9916755106908551,0.0008923242102420848,0.004895356447298229,2.1927255965068018e-05,0.001458493079430644,0.00047940043055549696,0.0005769878856532296
41,0.005765526365409811,0.0010383293532406335,0.00016932048952992122,0.511934781592297,0.47151522264494683,0.009559696581477763,1.7122973097846605e-05
42,0.017550045679818136,0.008773356663819277,0.09260133750229256,0.7996549548107393,0.004390312267560941,0.07671225172278237,0.00031774135298738733
43,0.0006790434027616472,0.002142132034591033,6.82049511514857e-05,0.3903604821805887,0.5944517775777237,0.01229576186821678,2.5979849665821846e-06
44,0.002938230288487834,0.0013476939059416909,0.730234080589032,0.24635469982893707,4.4972049522106667e-05,0.01890931893430696,0.00017100440377222216
45,0.012928461453941381,0.014532760455511603,0.7920971637915704,0.029100640668027287,0.0052403120622421685,0.14587386937143407,0.00022679219727321092
46,0.0020356349019332275,0.09936721034678134,0.003180290438152213,0.0016691105275304556,0.0001680809888626985,0.8883153151785647,0.005264357618175368
47,0.00390957419107682,0.09201936725987352,0.026695804082659452,0.0002633470103880598,0.00041393732943998085,0.8718754157442093,0.004822554382352752
48,0.0004220699692010249,0.07521930855097075,0.005012867801721906,0.0020844942679750355,0.0004852451109952517,0.8282723302940688,0.08850368400506736
49,0.00019272930109338074,0.015860446822176685,0.0016980905001933635,0.0002787671267191342,1.0562915683384563e-05,0.4015100457533719,0.5804493575807621
50,0.00023663721040854428,0.9922591643838854,0.0035882143739475033,0.0003205822582525954,0.0021920525206657712,0.0003030811548830801,0.0011002680979569752
51,0.006063898381164308,0.005332799978332163,0.06421486400405474,0.0016957939096240967,3.077326790535349e-05,0.9201143823621029,0.0025474880968165275
52,7.802235592086446e-05,0.008371992648292668,0.002085463913527987,0.005787706222833139,8.86453022414653e-06,0.4596246562138534,0.5240432941153478
53,0.09955847070485034,1.8140140438840318e-05,0.06757478898551865,0.7952843616344931,0.009909436132172683,0.027637488086602005,1.7314315924527936e-05
54,0.0017442592524612717,0.0024568865522476336,0.08724765569582574,0.032738939547794846,0.0014880431098883015,0.0006922804954568071,0.8736319353463253
55,9.926879790125142e-07,0.9055812184922142,0.00019284277904554043,0.025087542171521135,0.0021238100879546738,0.054595754553117264,0.012417839228168207
56,0.0024721735590499646,0.006515338780217813,0.11840855675833628,0.0016618369298401366,0.00633131100024608,0.00032910340901087305,0.8642816795632989
57,0.005365057652413284,0.004218691009590152,0.07886295919266245,0.0016272052182965363,0.0008148329732973105,0.007869230113629975,0.9012420238401103
58,0.00028396162624429427,0.07221194438959305,0.0011699570709747722,0.0026570432947539504,0.0007191190021301944,0.8478984536447433,0.07505952097156031
59,0.026116899717853824,0.014231711929322594,0.1500295639935246,4.246968972089131e-05,6.956680380890876e-05,0.8078780924192811,0.001631695446488097
60,8.855041141352953e-06,0.8666883300793057,0.0006169843111668654,0.003287355960210454,0.000237551103411412,0.07651299741721397,0.05264792608755008
61,0.8319419173851919,5.391102449511961e-05,0.002695205171014247,0.031130160491336767,0.13275224489754073,0.0014261346878353235,4.263425860352914e-07
62,0.013723278144859562,0.008223255342490457,0.007285890472211738,0.9134036571309925,0.04365283537516215,0.013710221402853594,8.621314301500752e-07
63,1.127436846752107e-05,0.19194364266231642,0.00277065393676178,0.6958867357376038,0.021888145278048356,0.08748652877030971,1.3019246492305798e-05
64,0.0006709082501686031,0.003913352668239918,0.0009272788333909152,0.0015008160369670452,1.0274273735091357e-05,0.3640099724337933,0.6289673975037051
65,0.05855321283091128,0.0009872707606134571,0.6994723944004176,0.08539273339743313,2.9601663390677484e-05,0.1553443270316994,0.00022045991553430977
66,0.5006118695920254,1.0833005719537843e-05,0.0013875904108970906,0.00153494944330076,2.0634128023868243e-05,0.44606678064431593,0.05036734277571728
67,0.000543523248441837,0.007911171028686437,0.0001511102656595798,0.9703641152849974,0.012517963716179463,0.008394094604942741,0.00011802185109240544
68,0.8660591976494224,0.0003073752779391903,0.13316137584097615,0.00012723775841113892,0.0001233674658515505,4.3890599434598e-05,0.00017755540796505123
69,0.8047031214767988,0.00016212322537655338,0.19320091203012627,2.170710797953386e-05,0.001067482802383137,0.0005491152122019979,0.00029553814513370223
70,8.826898040298081e-05,0.013948992918442003,0.000271174273145388,0.31443179733701965,0.4815464374144509,0.18970214172632252,1.1187350216544167e-05
71,0.0003272539260431807,0.01510338227788575,0.0045922155208536685,0.16801718703012944,0.0008056076119356177,0.7889675499052549,0.022186803727897466
72,0.02020693357956454,0.000591267809254542,0.0010080167031494564,0.8714811363613487,0.04128531216068544,0.06521689941956585,0.0002104339664314851
