,proba_0,proba_1,proba_2,proba_3,proba_4,proba_5,proba_6
0,0.1975305657413173,0.0007150481907528145,0.16931516553076004,0.6260303115056436,0.006282445984541536,4.149193391250782e-07,0.00012604812764565647
1,0.036150456996328996,0.0012283848131328771,0.001450981867832541,5.140827086331325e-05,2.0846800409806716e-06,0.9213085774545721,0.039808105917229095
2,0.08764539531981623,0.00030698218523852897,0.5469862192470449,0.031751411344663756,2.2931706848446092e-05,0.1511775678561475,0.18210949234024065
3,0.00027394878864243737,4.5782586466613604e-05,0.0004872488292260965,0.5671121307183927,0.43207791865898404,2.5816028643959568e-06,3.888154236175888e-07
4,8.266332288228658e-06,0.754621322715938,0.0004978810391277598,0.22865542421119617,0.00328367801267827,0.0008362430670663316,0.012097184621705098
5,0.005090656902135049,0.001516531641027904,0.01630931491681676,0.9680735482859556,0.008980906317766614,7.132291807368174e-07,2.832870711735582e-05
6,0.0002496425701327701,0.04427318451133876,0.016885179395952476,0.00013683856354165092,6.424748554777771e-05,0.9196349823488004,0.01875592512468616
7,0.1847048140625861,0.008243068699102582,0.5834103850527662,0.08403900184505018,0.002302869136313666,2.9044221357738216e-07,0.1372995707619677
8,0.05969788150093007,0.00034069916235704,0.9131840037403971,0.0011748993406509563,1.9805168870499308e-05,0.002137123391639739,0.02344558769515457
9,2.788825064906499e-06,0.008319984139988376,0.00014524315759534157,0.22117582676760691,0.7542014868005184,0.01614361001846048,1.1060290765647132e-05
10,0.0003317872026681524,0.00010043451222108625,0.005157324226028951,0.3107325596473,0.6836035661635769,7.40797780679858e-05,2.484701370401097e-07
11,0.4127065137550799,5.00499730451309e-06,0.007487989116661592,0.0008511046606943488,0.5789419763837435,7.399867765231454e-06,1.1218750977452508e-08
12,0.18226893245783746,0.003728346539800504,9.364123910417418e-05,1.0600438147506488e-05,2.632987756255867e-06,0.8129403155916906,0.0009555307456634442
13,0.02660636045959306,0.004535447465301093,0.00029040347759377616,9.686289808449254e-06,7.029296181589066e-05,0.9684781201204478,9.689225440077411e-06
14,0.13233503743320713,0.028464943169768754,0.20789540803038226,1.4279731174147797e-06,9.100158972166676e-07,0.6312084315983851,9.384177924204236e-05
15,0.044894259917557654,0.030130140137561063,0.0042127993520359695,2.631556621603629e-05,7.0617102562631295e-06,0.7778018670164865,0.14292755629988665
16,0.0005187524917456728,0.014206334742990677,0.0472728737062977,0.0018646353554781156,3.7301356389216126e-05,0.00034904825771301946,0.9357510540893856
17,0.01845516847923707,0.014338094863289366,0.013238531780990295,0.0003850588587147703,1.247613897663516e-05,0.5782964568295907,0.3752742130492011
18,0.001495705334380174,6.579731422245502e-05,0.00036492767178409816,0.10818745390393475,0.88973150263865,0.0001536999716748942,9.131653537526799e-07
19,0.01890984618693051,0.003206943324940064,0.0040866316569671745,5.812337864808272e-05,2.6315177335456217e-07,0.41273638003897106,0.5610018122617698
20,6.297698445968257e-05,0.010550618982677139,0.016609079267126667,0.9699734765588931,0.0025715663675638253,1.3452924377605e-05,0.00021882891490198372
21,0.0003629769908117961,0.0001536274696790798,0.0037034670318386105,0.45602215904041393,0.5378837651288753,0.0018731129713266072,8.91367054737245e-07
22,0.006863788003899299,0.11288407442005509,0.19979497264530685,0.006035151242086279,0.00043415547358219536,0.43909386164895575,0.23489399656611445
23,0.027581638631369428,0.029805964540330243,0.00041138349662463587,2.92978399121041e-07,3.858903348373073e-05,0.9421593255414036,2.8057783893452622e-06
24,0.010466790227202585,0.0889010609527622,0.009845021621995183,6.538780262077425e-05,0.0034900110495433953,0.8872001993673967,3.1528978479201445e-05
25,3.0267928344278746e-05,0.4867436480830711,0.0050189224143563456,2.6908769904256868e-05,2.4418013047339076e-06,0.5074069649591497,0.0007708460438695405
26,0.017843156973583893,0.0016714335062436583,0.0032658698621765617,0.00013647468630944708,0.005583585467994647,0.9702232582301998,0.0012762212734919217
27,0.6953760510521104,0.0008904658768869445,0.22005797013580783,1.0321104560764581e-06,4.994332281856662e-05,0.08341980710173115,0.00020473040018917173
28,0.5451031543929847,0.011317597123994062,0.03530948813584232,0.0012695452826440186,0.00019019881388649264,0.3400456777005387,0.06676433855010962
29,0.00054639244114982,0.0022752144969149027,0.03754476217562407,0.001840004758085286,1.8824164478115635e-05,0.031569163613138926,0.9262056383506089
30,4.0189865335240506e-05,0.000619943494103419,0.0058085109398435504,0.9466970373895083,0.04682598139293233,8.302338307809094e-06,3.457996950347824e-08
31,0.0010733854840790532,0.023503689488697098,0.03144648388348775,0.001227239584954939,4.5300361592776104e-05,0.0004693877584272724,0.9422345134387611
32,0.0002055515137896694,0.7270767904238224,0.00016384931635410134,1.9824894950670858e-05,0.008064348144808015,0.2627476213342766,0.0017220143719985025
33,0.6713366368766082,0.00012077152904335092,0.06596557882944636,0.040806493778715446,0.00882656784310824,0.21269482247784907,0.0002491286652293421
34,0.0005744033626289198,0.013307672577569698,0.07462025198364279,0.0006668332609253977,8.729942341374286e-08,0.012254668455446146,0.8985760830603637
35,2.0739478577868733e-05,0.00383115284633949,0.0027363673666226927,0.9430031540259581,0.05018771520520359,0.00022083601452244021,3.5062775636422684e-08
36,0.1673074431635231,0.0014628342614930404,0.8235733096527538,0.003226531204412444,1.3800803003268756e-06,0.0009262782399445117,0.0035022233975727074
37,0.1500763112458317,0.027529149063157638,0.400967959758537,7.23729995671896e-05,8.341236346831477e-08,0.4191968688005511,0.002157254719991812
38,0.04413286200607576,0.0023511560097645825,0.0001659544741602189,1.1467803368098745e-05,1.0593951075223643e-06,0.7763131810369792,0.17702431927454468
39,0.0026538134386526356,0.02741026466772346,0.7745573330184926,0.00038034283193071793,5.1867072405210445e-06,0.16593045518864502,0.029062604147315107
40,0.023349679075516525,0.0006367206901590588,0.7199092555761739,0.2236866728754508,4.988244992067989e-05,0.00015906013470727519,0.032208729198071696
41,0.0004267862025139929,0.00011506832798365952,0.0004192794607262849,0.0006823697203076591,0.998019356817575,0.0003371392960887624,1.7480458997904248e-10
42,1.1105475632843591e-05,6.60576018497246e-05,0.0026123133331024126,0.21697659281120948,0.000521862909650295,0.7797855042501243,2.6563618431068487e-05
43,0.00024271513164743802,0.00021670329762842665,3.0157856546219243e-05,0.0002770668516037692,0.9979852044176198,0.0012481524170246203,2.7929653568525343e-11
44,0.0010365455673536186,0.00649004810915701,0.39272915011045473,0.5913499129382931,0.008183111415698581,7.890144461225875e-05,0.0001323304144307774
45,0.243570733885614,0.0011693951146885474,0.34265457630125035,5.0825943022543845e-05,3.071944998309564e-07,0.41243498474098406,0.00011917681994086196
46,0.00299626963260983,0.024114641296396774,0.00023381783484036436,0.0004240776315687765,2.2779619015139874e-05,0.9491258146713739,0.023082599314195314
47,0.00033017088947039606,0.001392431884831074,0.06736317087328124,0.0008599358586556094,2.6154977356833694e-06,0.9202953603102811,0.009756314685744947
48,0.0013915623179603736,0.42455831118487064,0.001065859469728295,1.7959257376103786e-05,1.0522771762625373e-05,0.4611044670450783,0.1118513179532239
49,0.00011960042501878553,0.015335375826881967,0.0017161291481733003,0.0013774073883729735,8.746734975374599e-06,0.21771657624544158,0.7637261642311359
50,3.5579150668739937e-06,0.9613635542372831,0.02036578208388692,0.011716975293802182,0.0006806080666813401,0.000669964112067604,0.005199558291212123
51,0.06787122655400714,0.17968941010681186,0.009028655094157852,1.5557604631638628e-05,3.71416507580015e-06,0.7414717106784171,0.0019197257968985458
52,0.0001451889271906786,0.011168570188203428,0.03475341042342334,0.00928154396714484,5.236508626075209e-05,0.02447829983690081,0.9201206215708762
53,0.047902495071671755,0.00013244362810470021,0.1058451314237404,0.718565418909662,0.1272295559228267,0.00014115644220350586,0.0001837986017909119
54,0.00011457802514030049,0.007297072270792939,0.027704443517575263,0.035252979187379706,7.855379897784946e-05,0.12022235921836937,0.8093300139817645
55,3.585136501325465e-07,0.7082011927997374,0.00023957456830265723,0.002072948432266589,0.0024256789371701003,0.00013155892073928634,0.2869286878281339
56,0.0006510718494936922,0.004104449687492635,0.017232123692322656,4.7007454261773345e-05,1.2137022100596331e-06,0.0040720241726139314,0.9738921094416052
57,0.00045351451430936156,0.00909593243806969,0.01301412655537843,0.00010375395744583764,4.869430979623512e-06,0.03306687514767787,0.9442609279561391
58,3.266518127068721e-05,0.037594030716609245,6.711804434844205e-05,4.235263105202546e-05,0.0005617137188314168,0.9516100559014447,0.0100920638064435
59,0.03180076482093911,0.008412028527812638,0.008663433581490949,6.309119110513196e-05,3.2300466131446444e-06,0.9330056994869244,0.018051752345114698
60,4.1272849911300945e-05,0.8228948924355289,0.008996680898483338,0.003699976175355551,0.0004861149602925322,0.0009689459642903741,0.1629121167161381
61,0.9909843967063,5.1548486640221184e-05,0.007399909613425558,1.2923412006521183e-05,0.0012851511240059765,0.0002629573035326849,3.1133540889045914e-06
62,0.0035411118421753898,0.001235534033794749,0.0028056491405814977,0.9865820538627122,0.005800410262252279,9.616039375623583e-07,3.427925454638326e-05
63,1.3345760979167782e-07,0.2596153148162732,8.657696570384892e-05,0.7176970595279493,0.016884786793110045,0.004748963138923314,0.0009671653004305839
64,0.00013533188250947225,0.013004844331190651,0.0006891690321811612,0.0010199485547151361,5.566981978940853e-07,0.18081716395550823,0.8043329855456975
65,0.00593002426755072,0.0376876580207397,0.8330484088325714,0.02696233495505068,0.0950147234970592,6.0742738185569334e-05,0.001296107688842823
66,0.839279985973778,0.000495399243713711,0.0011565860857939,0.00018545550499596142,1.4672967496629056e-05,0.15324513795496292,0.005622762269258801
67,2.3577799872479078e-05,0.006399253013766268,0.0035583837018459256,0.9897300719775874,0.0002255339003350746,8.135587489243412e-08,6.309825071792538e-05
68,0.6424543744631652,0.01643754092693286,0.3248243824224616,0.005820309004762879,0.0014066855899705676,0.00021955312059480217,0.008837154472112004
69,0.0195490202476655,0.004337493674939434,0.4167977493734028,0.05140368902169499,0.00015737898217903744,0.45592406974168764,0.05183059895843066
70,0.00022648415637858705,2.1558460639066956e-05,0.00014038908616037136,0.1085843123643396,0.8840581097217071,0.0069641415885213186,5.004622254089307e-06
71,2.3729891353665052e-07,0.038686736151355754,0.0008246683778310647,0.04081025604341703,0.00038013454904106106,0.9059568714353881,0.01334109614405357
72,0.0013460860116000512,0.0001782039836346963,0.016664610245475834,0.7213095037692377,0.26049080548787634,1.022135439450229e-05,5.691477807695398e-07
