,proba_0,proba_1,proba_2,proba_3,proba_4,proba_5,proba_6
0,0.04113965437735584,0.0005684816928167424,0.21743563065046898,0.7218180321350911,0.008380301945672948,0.00821935391902392,0.0024385452795705853
1,0.13326473377939135,0.006996146993131599,0.021804745072453977,0.0005124109201259276,0.00023154279865137965,0.7909349497996451,0.046255470636600605
2,0.09203027487215876,0.003694078120701985,0.35614989406395403,0.07946012500129777,0.0005005423140988788,0.27689376287388956,0.19127132275389902
3,0.0056669465987779265,0.0004618499843009845,0.0005684720958872632,0.6136395275597502,0.3791992898433901,0.00044754131957681545,1.637259831682052e-05
4,0.000677380530060506,0.6616208119950536,0.0016493877647821107,0.29623788812760043,0.004212214698375436,0.011637551583039868,0.02396476530108807
5,0.008822731686614857,0.002372208730831513,0.02724080107596542,0.9323414832920819,0.02266537739095442,0.005466247962149085,0.0010911498614027686
6,0.029731258345173203,0.3015980328597052,0.2005911463933717,0.0006359040800642317,0.001000901143803066,0.41169976280991466,0.05474299436796801
7,0.42252015468149173,0.029618187800788204,0.14366024075161998,0.12232410968722376,0.008254068240294392,0.015671327038391202,0.2579519118001905
8,0.03322865694478964,0.007398602745915436,0.8075415056457067,0.02076837074577733,6.438631427634939e-05,0.057921037988819174,0.0730774396147153
9,0.0007749154020705977,0.01379181311972633,0.0030992578242212427,0.5042855420244999,0.46983632256425656,0.00782727631319145,0.00038487275203387736
10,0.006780325314159671,0.001171657793448095,0.003846867426715856,0.4940152325042938,0.4887274171499726,0.00539168265069772,6.681716071230915e-05
11,0.24729493713411815,0.0005236414928824417,0.005574077979186915,0.02362158980229198,0.710420209921675,0.012538595004629905,2.6948665215684488e-05
12,0.23775968888546126,0.008795920759810241,0.002108303335024956,0.00014687834721347065,0.000782519068963353,0.7302206703445305,0.020186019258996005
13,0.13061074368017409,0.008698627205066242,0.012146295954994873,0.00018786538178940972,0.004788978202207258,0.8423694300893734,0.0011980594863947097
14,0.26187559360552026,0.01252033001863774,0.10968491754469618,3.880330110075132e-05,0.0016866536695044913,0.6087178889932748,0.005475812867265635
15,0.07062635983729952,0.018163987829098227,0.03419647101587502,0.0006426496276381284,0.00017083755159542116,0.7311441859648047,0.145055508173689
16,0.006663783230039625,0.022946274625650475,0.020098348464968833,0.03818693206694123,1.5131626155435515e-05,0.0045074210462048726,0.9075821089400394
17,0.10566049121329103,0.02034292310847618,0.025934822094856282,0.005209549186740744,9.705470509685883e-05,0.4142274287101671,0.42852773098137176
18,0.006620736202658781,0.0014376286661240117,0.002228509936975427,0.4456360230382031,0.5315618325268973,0.012486718434457533,2.8551194683935163e-05
19,0.05734271242446952,0.011827647395567712,0.02891516524309772,0.0009027271587617892,2.3773281887847256e-05,0.568897865573776,0.3320901089224394
20,0.0010368228281499047,0.0017949742956208312,0.02134187023318613,0.9677158697828656,0.0026253935131794314,0.0017168783262313015,0.0037681910207668177
21,0.001388228648950209,0.005666919586154365,0.006549613660249565,0.5154234308337114,0.47024073951076534,0.0007212335141490968,9.83424602000165e-06
22,0.031208837692416544,0.34859686895617886,0.09854454187818538,0.005915311941445865,0.0003016031274944259,0.23038912566468345,0.28504371073959556
23,0.1554051484987904,0.02081266582557146,0.014066557384831643,7.857668350943194e-05,0.0013245611703876492,0.8060657174667961,0.0022467729701131597
24,0.14658646797998862,0.025670574731481488,0.009936259605061995,0.000975422172578169,0.021141836515073526,0.7926469144651931,0.0030425245306232034
25,0.02708095590042155,0.5315728255573358,0.012262039885890022,4.3391660074171596e-05,0.0037780679264406473,0.42077634813310777,0.0044863709367301535
26,0.08642920464372153,0.029826494540702027,0.010543930243170003,0.008572751934044527,0.004475807552216103,0.7973357580696087,0.0628160530165371
27,0.4416194079055801,0.009036932204194917,0.24150683011813046,0.0001643138998446396,0.0006960843429247009,0.29452513917265116,0.012451292356674042
28,0.4555728865138088,0.0019767183035702823,0.011070958341469607,0.00106811656793595,0.011746523842394685,0.4473723739716189,0.07119242245920174
29,0.007256115712566369,0.003323173273284995,0.08030254596763438,0.04444022798188244,1.9120317150856497e-05,0.027296857350008207,0.8373619593974728
30,0.00043075584568807844,0.0017733604715028982,0.00046454134092949076,0.8690509113600076,0.12822718693046545,4.7471616970341556e-05,5.772434436249727e-06
31,0.014133846672573523,0.015761285970001076,0.0075330504786228665,0.01964044027231331,3.505429575216572e-05,0.001544000763994289,0.9413523215467428
32,0.0060315506081007955,0.5651506102980781,0.0011319081673896911,0.0007189877088628534,0.0014468676785526998,0.3853546810481729,0.04016539449084299
33,0.6961679030672591,0.0001601250669826346,0.018476832105101784,0.0076847190720833545,0.15026902954595864,0.122110604698262,0.005130786444352498
34,0.019633500341347185,0.010852329690613723,0.051301986272744154,0.0020900814449392674,7.997259755753321e-06,0.057662577847904926,0.858451527142695
35,0.0025854917967064093,0.002816550994214129,0.008728503192513939,0.9128946556520563,0.0722816469811911,0.00039670347294661003,0.00029644791037151215
36,0.07530444142136722,0.004484156268591014,0.7973219802323023,0.007437218526408957,0.00010308723064489207,0.08234005425496763,0.03300906206571802
37,0.15049186570773196,0.030400717476238927,0.2989920902051781,0.00010216906007675045,0.0006784723943010052,0.5052361007122522,0.014098584444221135
38,0.09279671425303576,0.016080021979656287,0.00630185918479687,0.00026344841795797715,7.061331505647167e-05,0.7637775907206659,0.1207097521288309
39,0.0393023161610625,0.16611227625868613,0.4263980864082878,0.00035790248393745424,0.0015013530826637077,0.3386801825550128,0.027647883050349768
40,0.15084082503687746,0.000935748001416351,0.337472856433006,0.2683883005964746,0.0013055654900542295,0.038613978053100254,0.202442726389071
41,0.011685359301870877,0.0008965879678433876,0.004835480044803331,0.11462547127929917,0.8648845137717808,0.0030682248067273846,4.3628276750089875e-06
42,0.0017190520808098985,0.003461091648482476,0.04507467456284167,0.887358577453363,0.01659628411482544,0.04428193055424193,0.0015083895854355648
43,0.020079352974511896,0.0006966115161452058,0.0003002477432147995,0.0105642635994357,0.9369223058033123,0.03143582335094934,1.3950124309265812e-06
44,0.004518249879219259,0.044405614894487314,0.3979796014359292,0.5390020457636051,0.005278644665697749,0.0032706671137002143,0.005545176247361232
45,0.2971074969241766,0.003758295585262481,0.2507037719955368,6.105329301294947e-05,0.005764299821699825,0.43906245644298153,0.0035426259373296603
46,0.042356314219175246,0.1214979911855928,0.012904006566001375,0.002220221241481145,0.0011470453962401646,0.7216604939316793,0.09821392745982986
47,0.03921890778043287,0.026335486042662882,0.16661467231422217,0.003482967617846505,0.0008871378931146622,0.7163914335909775,0.04706939476074357
48,0.017696386949261685,0.26748144802195317,0.015583448244348512,0.0004950683209674282,0.0005000817512970278,0.6679461972107641,0.03029736950140795
49,0.014876861898059455,0.011134654834002842,0.01150745318875813,0.012749558747131564,8.614477830799578e-05,0.22051466491896315,0.7291306616347769
50,0.00548232748236297,0.9000788881943456,0.012799030403528281,0.00396643379359469,0.0059769281324918225,0.03377712553463033,0.03791926645904625
51,0.09952361771015907,0.05913924015809182,0.0635906281073409,0.0003364288102806869,0.00035177123889209753,0.7533184013279582,0.02373991264727721
52,0.00987773676562638,0.13240839148620512,0.0033474860973241186,0.012206669209696807,0.00020596048104336995,0.06331207848842563,0.7786416774716786
53,0.06295442696755903,0.0032930655186739584,0.058424878735919686,0.766328670179662,0.09920187264140314,0.0073720235738042265,0.002425062382977992
54,0.007634617366324781,0.010186620381834354,0.0704664123777817,0.25874826228226055,0.0004521101988591216,0.024660374030974617,0.6278516033619649
55,0.00024391892617348714,0.8455737111883734,0.002215745945813853,0.01777824423086075,0.002566680731670718,0.004089429542952898,0.12753226943415477
56,0.010329226523722793,0.0022577159014291136,0.010932749698968463,0.00528327865018641,1.0464783395335763e-06,0.004266802709288314,0.9669291800380654
57,0.0164550874848395,0.005458368199578236,0.005764373410169923,0.005430911786281853,2.981069411442572e-06,0.014879869830382477,0.9520084082193365
58,0.018089497449704017,0.2241254883772821,0.003977868079835638,0.003171068001243625,0.003060861608403411,0.72653773182465,0.021037484658881223
59,0.08239380874381798,0.018167902732659672,0.09125974484766664,0.0006962050358138828,0.00011929821170621398,0.7539357148812307,0.05342732554710501
60,0.003571924901493911,0.8637203083502566,0.03670425075840477,0.005637977700660029,0.0013837244445447118,0.021554169497759915,0.06742764434688002
61,0.8658774297901963,5.123284937200949e-05,0.01730477151801816,0.00014521464632574798,0.056960275418797404,0.05843524417842253,0.0012258315988675301
62,0.001263260278274393,0.0059248790148124925,0.00544040551496462,0.9828500191161992,0.003266382397172623,0.0003481872715821722,0.0009068664069944691
63,0.0002403252589172425,0.3379911603697389,0.000190143616882236,0.6172655405150085,0.0326349488235163,0.00025223187864696313,0.011425649537289828
64,0.02533275041393378,0.017537166911625917,0.00040394269776745174,0.003160859473284103,0.00013193030353929525,0.1080707261412928,0.8453626240585566
65,0.014482935348916615,0.02945332374049811,0.792714454284939,0.1375454390132242,0.011198175879971626,0.011622636306687176,0.0029830354257632187
66,0.5509434371961112,0.0003280409357032504,0.002340760571134445,0.00025357933001539254,0.0024939713885142344,0.3747455945783776,0.06889461600014399
67,0.00015251255371686727,0.010569564168248642,0.0026356348366235,0.9843222165563502,0.0009145244336287022,3.409324576101885e-05,0.0013714542056711572
68,0.5910749290756309,0.004889380936610418,0.07102483404301131,0.02807097441886792,0.0019766971760861785,0.031408756761228084,0.27155442758856513
69,0.22943551321471536,0.0037094668143404577,0.10310599384879923,0.09380232468248481,0.00266867034508276,0.28097838633181876,0.2862996447627586
70,0.003970907180526409,0.0006500100196617827,0.00205224005142368,0.17380643452025796,0.6770367975489419,0.14243470605567854,4.8904623509665676e-05
71,0.004475932893268638,0.03590126470047687,0.01363875144535299,0.4037784286671525,0.03277894599158236,0.14154119030418605,0.36788548599798043
72,0.0030774502979745155,0.0021291400895079287,0.007577347552526841,0.7162709352281277,0.2705869017420217,0.0003284581038457358,2.9766985995514452e-05
