,proba_0,proba_1,proba_2,proba_3,proba_4,proba_5,proba_6
0,0.17363235680152883,0.0009388072268322505,0.1271364289936323,0.5512978910471306,0.12778782435840902,0.0157818960814936,0.0034247954909733397
1,0.07721166174317069,0.02930893627604874,0.08196610565238346,0.0003260687562943561,0.005273468383314455,0.7678943348792652,0.038019424309523146
2,0.07076648518060796,0.006226749512975109,0.4135072080334395,0.12106842239414792,0.008762651881262469,0.12426940167792896,0.25539908131963823
3,0.006697347094832384,0.00045309779746901987,0.0037307162628872166,0.6263423423538386,0.3613134963311175,0.001234385554781254,0.0002286146050741331
4,0.002878402847557341,0.7314921466713362,0.0052797826158475876,0.11593786856203424,0.014539093853257018,0.06116749443378446,0.06870521101618328
5,0.10136243774793387,0.0010854584848268053,0.009780407994355644,0.7303103424419424,0.14505851434445519,0.0110029679952526,0.001399870991233727
6,0.023964231629906768,0.31380009121505575,0.26742588962835684,0.00039935787824241676,0.009878266247884954,0.29562114877434137,0.08891101462621179
7,0.4468997439108472,0.019948733331360526,0.12307875254611288,0.31500033848286885,0.023124215854314182,0.003778952139322524,0.06816926373517376
8,0.024244307341834196,0.004822665400880321,0.785484562874343,0.0018732256736665393,0.0023157719517129392,0.1180586578800188,0.06320080887754428
9,0.0005108224126592599,0.08231995273140082,0.0055919835049365015,0.4401129994998138,0.4641067747048067,0.002176286650739791,0.005181180495643043
10,0.007887258876839314,0.0009113223548991214,0.011503065052424445,0.4864257656263212,0.4861301484739163,0.006800985254958018,0.00034145436064163313
11,0.46840950935227366,0.00012742830254173284,0.0028278227451968094,0.08963176781203545,0.43707737666188257,0.0017070044911014712,0.00021909063496840223
12,0.17154964537312392,0.031509748913921096,0.005715142921395901,0.00016364382870495892,0.001965597161779568,0.7722290521062429,0.016867169694831697
13,0.035225405825049454,0.13498048831539355,0.03302895029771919,0.0009202258752444623,0.03962087205303885,0.7540537927522065,0.0021702648813479086
14,0.08644670401644368,0.11932760614323686,0.21642366612756833,5.77841698099155e-05,0.016002199269622628,0.556443447197715,0.005298593075603631
15,0.03646635586552001,0.0607643976012996,0.06712258374271211,0.0012845934131984816,0.0009924087243833137,0.6625694498487601,0.1708002108041263
16,0.005868923248922922,0.022677499019375158,0.03458141720342874,0.004892575889485291,0.00013570658689110432,0.00625516457232527,0.9255887134795716
17,0.0781045397291951,0.070919854096272,0.05578748318417682,0.0020086331087214816,0.0028208114545018167,0.5087018022641793,0.28165687616295343
18,0.0033240685401821827,0.0019112620063657956,0.01335669148445939,0.4032930974839288,0.5570362507945325,0.020897251552662144,0.00018137813786936908
19,0.08197580130258267,0.01696234358863952,0.033247038773238556,0.0006220897423245281,0.00018427957019180675,0.4761179245374899,0.3908905224855331
20,0.0022157256930536167,0.0022772666771754234,0.01633181726397909,0.9582315068588468,0.01042856176806114,0.0011223448207452037,0.009392776918138763
21,0.0014326045338472959,0.0009649195551253066,0.0107930004367064,0.5689394259682735,0.41585243930483196,0.001763602868847478,0.00025400733236787703
22,0.035198140481812024,0.11282409054715058,0.1882680829914532,0.0009635799259680079,0.005749732090472625,0.2796519913223196,0.377344382640824
23,0.2778192696786725,0.131654671267772,0.018927499906372675,0.00044307772267960133,0.029619493543343985,0.5386868451283675,0.0028491427527917897
24,0.10737948743772174,0.08302934929538593,0.03116704114548954,0.0005580165673952229,0.038254562230989546,0.7379624571499149,0.0016490861731031047
25,0.037937165198166,0.4184850504035767,0.026714249384179285,2.1827008037184785e-05,0.007363496854708433,0.5028977781325501,0.006580433018782256
26,0.1022245099587196,0.0673085851675408,0.03638345092159363,0.024556990665024307,0.1142359635717463,0.546943452100616,0.10834704761475929
27,0.44290215067882444,0.03388306667881372,0.24299261763480157,0.0007055826365191593,0.0163988405125201,0.2427724762257594,0.020345265632761695
28,0.5233181391857393,0.014992569493148422,0.02613621874382126,0.0027743071583470153,0.012941186996551538,0.3401313564922984,0.07970622193009408
29,0.003866238344338,0.010007492140942166,0.0907474610399896,0.014004503745381302,0.0002525001461472266,0.018701254510145145,0.8624205500730565
30,0.0006805563950796617,0.0007716594022098028,0.0025672710681620124,0.7814780032597959,0.21427716537380367,0.00011301820464109267,0.00011232629630801019
31,0.0076501459210526306,0.07750435630362991,0.01606949461262372,0.012260334549237322,0.00033938237425285716,0.0023419826903889186,0.8838343035488146
32,0.006826627565091321,0.5263953733601593,0.007445249114610377,0.00010342259511815162,0.007722726749220452,0.41023175397925504,0.041274846636545424
33,0.5113102890268814,0.001508679294330121,0.029841751555204257,0.02454087363854586,0.3661185509776277,0.06258140035932808,0.004098455148082733
34,0.01874033189392435,0.0245183698251722,0.04062651371651624,0.001469274474328837,1.4000047474496937e-05,0.0332604241660889,0.881371085876495
35,0.017710330379814898,0.0013437946849246892,0.0041630168272436974,0.7112318511837865,0.26344284413440006,0.0014260018120908398,0.0006821609777390862
36,0.10456319947530356,0.009617976179982399,0.7154786164835759,0.0010721235401950071,0.006475941603020709,0.1380171440529419,0.024774998664980678
37,0.09930923597995048,0.08385612742678479,0.2619872505378985,5.775330180954038e-05,0.003617541820555057,0.5380190777427514,0.01315301319025022
38,0.12607526502461533,0.025617768094718676,0.007985240556542884,0.00045318402899461945,0.00037287990015206503,0.7214431667498503,0.11805249564512617
39,0.029855373934787276,0.15855104156648137,0.45615569234615533,0.00012701856128568556,0.018362442066017275,0.3102352425086126,0.026713189016660394
40,0.15045556893741452,0.0041157780594255474,0.20162949325910082,0.4349654757963077,0.001813047845336372,0.007279012576673506,0.1997416235257417
41,0.10751306273637219,0.0003422003559425475,0.0031168783614594037,0.10983598951879373,0.7784792794956618,0.0006159681036627795,9.66214281076487e-05
42,0.000826586354165425,0.006154744701272764,0.10047189446216831,0.7977871993561397,0.07211017399822184,0.016867155382261415,0.005782245745770549
43,0.02710242367508649,0.00040796847384198234,0.0009616305870876782,0.029455435660644975,0.9242723348055585,0.017793255376342493,6.951421437943288e-06
44,0.01159335087012299,0.023451039573588805,0.5749159436855191,0.2908982404966257,0.04021108353369538,0.03835015902454686,0.020580182815901245
45,0.20875531828558203,0.037970651441571315,0.3148362405898483,0.0007418650080056987,0.047961812851298545,0.38673136033048283,0.003002751493211224
46,0.07267062059244951,0.23854950220706975,0.03203846340359507,0.0014554940771167306,0.01381525711427771,0.5425286343719216,0.0989420282335697
47,0.024135422005662245,0.05029065404854479,0.1765976049187382,0.0037140354327183387,0.00484419770564258,0.6629594336998212,0.0774586521888725
48,0.039591321310461766,0.1850509662390425,0.02140819113053842,0.00015799169163418136,0.0022650891161579137,0.690905432801944,0.0606210077102213
49,0.004398125103184459,0.027532807714782438,0.010986199497633905,0.008331563043951246,6.917892870497387e-05,0.2617759152687527,0.6869062104429902
50,0.013029101893177065,0.8261476044052402,0.015964982719182154,5.080557404341855e-05,0.01076046669996689,0.06765633349491178,0.06639070521347848
51,0.08670529037382979,0.14065793438546403,0.10053456376170301,9.035481653610117e-05,0.003801593021832113,0.6434887981692622,0.02472146547137267
52,0.008393730067848968,0.02344119622391399,0.00736392115653794,0.009157809109663932,0.00011765162181189373,0.1391741698108825,0.8123515220093408
53,0.09586041219631396,0.0006041872705851953,0.1723930910493706,0.6266144559626361,0.07934522888441954,0.01699951796399637,0.008183106672678239
54,0.0030811363449454623,0.025122451481205756,0.09163995854013487,0.15327832456868193,0.0010798224756700151,0.009233155494902104,0.7165651510944598
55,0.0004110386446904187,0.7485800314550352,0.0027222888752876694,5.918394228343686e-05,0.004405044992594288,0.012824976232094547,0.23099743585801438
56,0.004742118890926792,0.03706292828391641,0.02512570269121843,0.002411976847258251,5.8846132366352056e-05,0.004607939513348707,0.9259904876409651
57,0.007280685334011094,0.035232489597725375,0.013370130535275105,0.003986370961390533,6.549101872918632e-05,0.009634259598029167,0.9304305729548396
58,0.01178305509270269,0.08692198910644902,0.012056020024578451,0.0009856516340327605,0.006742495519482229,0.8605274229957561,0.020983365626998703
59,0.0973973570565893,0.06355123138818103,0.11397498132849895,0.0004331917113200639,0.003631749859154349,0.6698176539668116,0.051193834689444766
60,0.008618734890452841,0.6329070763357614,0.06603090451243038,6.512050761048708e-05,0.00841861309917875,0.10558421498179311,0.17837533567277297
61,0.8557327398364478,0.0011844642659902815,0.02005602900739206,0.004324372079551522,0.09009761475379834,0.024140312963264233,0.0044644670935556465
62,0.020023463743787637,0.00122064092552052,0.0041366976418658954,0.9264613539128191,0.043814276323771655,0.0026532081467991147,0.001690359305435958
63,0.00027134602916230625,0.08781224792614578,0.0028621527736403386,0.8612181639701543,0.0069579029883762265,0.0023123002613660948,0.03856588605115504
64,0.03122209435624717,0.05407925787598174,0.0006098351618979538,0.008942389076669464,8.50682293911655e-05,0.2024281432906941,0.7026332120091184
65,0.01226714725566786,0.041427892559883585,0.8102929095488913,0.04058293142110025,0.04258577558609024,0.03374885595443484,0.01909448767393194
66,0.6008418118746769,0.012659646874968213,0.008478282429596333,0.01115030221546652,0.006515938844431948,0.2645969342031105,0.09575708355774958
67,0.0028393666244072276,0.0014866998139993661,0.0018468844387955893,0.9818903082413643,0.00633597192315954,0.00015905956813544849,0.0054417093901385615
68,0.5282777160282087,0.017497006094113733,0.08722004581772783,0.11787306289754716,0.008113367977354092,0.01728671163488818,0.22373208955016027
69,0.10183693260605572,0.027408962148354237,0.2161147507996872,0.12158961507932077,0.004882415163910208,0.16231475069344958,0.36585257350922223
70,0.0014330862024487128,0.0026980529735344937,0.013529869449955646,0.23614055763473416,0.7051490736635581,0.04042861332847405,0.0006207467472948491
71,0.0005744634545833872,0.0479196805642026,0.007123595162156119,0.5122080061291153,0.0005628149367429197,0.021853957520771065,0.4097574822324286
72,0.0029659720527547596,0.0023278788242596417,0.017575500547655172,0.5821213949244275,0.39443609065832536,0.00039971731718960174,0.00017344567538795364
