,proba_0,proba_1,proba_2,proba_3,proba_4,proba_5,proba_6,proba_7,proba_8,proba_9
0,0.15096561705263598,0.020852720472440543,0.002646269556586751,2.1767353191718297e-06,3.456651759211431e-05,1.3877771323695526e-05,0.00025081623387671444,1.1160956655120971e-06,0.14289398476754006,0.6823388547970194
1,0.21334462337954602,0.010633279957197235,0.0009917684955928026,7.753962178304566e-06,0.0006101757096196941,7.103709310025471e-06,8.88817071455348e-05,2.1127507356663007e-07,0.23022366811457654,0.5440925336897602
2,0.040851507126542584,0.0005853087718647271,0.00039074198608153045,0.017121398195107395,3.4685032423719075e-12,5.115679689585494e-06,1.2062237142379896e-06,2.704234350675331e-06,0.6767848449542069,0.26425717282497385
3,0.5755806488600652,0.00472330991291316,8.990321795516185e-06,7.56031607360295e-05,2.3390887110268494e-08,1.355597822102454e-07,0.00028295886692673665,8.730352115065723e-05,0.2076235318036136,0.21161749460212978
4,0.10758852511213811,0.0009655109528803995,0.000489240197143629,0.005819238115491452,1.56980676353325e-11,1.778717971912663e-05,2.977461884237455e-06,0.0023137375509587397,0.2882109491025112,0.5945920343115751
5,1.8708360470200628e-06,0.31550582628618434,0.016848154020006556,0.01579041701224644,0.4189656382049747,0.0018226112156664038,0.00010776423851533763,1.3074182861980355e-07,0.00019115520096573188,0.23076643224356466
6,0.45105787835214606,0.004875847807348825,0.0002489663766653303,6.66805240090814e-07,2.7078041667700235e-06,1.8685785004614927e-06,0.001999039396348215,1.1062431077384883e-05,0.044545061557305754,0.4972569008912011
7,0.007423759700896719,0.0037633634149895827,3.665895785280328e-05,3.5235104158536436e-06,1.946028340618414e-07,1.161472849935211e-06,0.000856079655754721,6.576305024891588e-08,0.0007332645025977447,0.9871819284187583
8,1.1550577848689902e-12,0.02007281955597101,1.8589349637140113e-06,0.00018238628697379278,1.5385788610844334e-14,0.0025079717809602855,5.5981248421048745e-06,1.9112285276284562e-05,2.6953846118119787e-09,0.9772102503344577
9,6.219156368132677e-05,0.08036869242961193,3.2200730941502695e-05,0.1561333792946061,9.776849380197094e-07,1.00479775977966e-06,0.0003098324846793252,1.8158467645454664e-06,0.006206737743822504,0.756883167423195
10,0.00395137710537482,0.012120527180216547,0.10271012853513446,1.0191164791335591e-07,5.903181755202236e-09,0.0016032977656841865,0.000257711820560579,4.6307614879580936e-09,0.18398694768137372,0.6953698974660646
11,0.30150098874570985,0.012175040702829789,0.0005755026443492595,4.510143568982654e-06,3.631160049319071e-05,9.551855268769515e-06,0.0008673848042789089,2.6084704998670394e-06,0.06014234675070029,0.624685754282301
12,0.44071162346302245,0.003363233107500051,4.372782400189769e-05,2.260482440824743e-06,4.861057542472644e-08,7.284312279010659e-07,0.0008631098615847706,1.609806285422794e-06,0.16747559006532226,0.387538068348039
13,0.0033954181608019498,0.008322694697837286,5.055339255330722e-06,3.4877181188313896e-05,0.01879617260423491,6.5327792510315034e-06,0.00011765467501708607,0.00015961700058227072,0.23074711162342915,0.7384148659384027
14,0.14547848774931949,0.0033359743280911187,1.0175783598763247e-05,6.831523025508727e-06,2.9636751069096506e-10,9.081619399340842e-06,0.00020578186742094322,2.2546245253968603e-08,0.08102332848835536,0.7699303157981767
15,0.010010016855933015,0.00021716418781752393,0.0004566606711545651,0.006105860005015391,1.4322147151896028e-07,0.002118269934536061,0.20303885112558243,0.07499042954042805,1.1822055829291534e-05,0.7030507824022322
16,0.14903360810246274,0.0009089246826417853,0.009114087932353777,0.0019187172215991012,2.86730292996788e-10,1.3686069051742025e-05,9.109776457465386e-07,0.5608238573999133,0.2549608924046737,0.023225314922927905
17,2.1463506385204975e-05,0.007483629886420124,1.9440719705832664e-05,0.0011840588205222372,0.5509344674886381,4.4963484142855073e-07,9.460645808947124e-05,3.0306648970950666e-08,0.004311787202470666,0.43595006597627806
18,0.30639840096920307,0.021270400269450984,0.0021182863102212957,0.000643380638053685,0.0003440409940940751,1.1186191159217728e-06,7.995592803020393e-05,0.000548850662414968,0.11565547612828801,0.5529400894811277
19,0.0004495768798765229,0.01821750465360227,7.27992165198368e-06,7.149258824571114e-06,0.8976174362823369,0.00013051403041939945,0.030906726131382654,3.422277846659433e-05,0.0149590828830201,0.0376705071804189
20,0.0004345766905622472,1.962165332852542e-05,0.03476802305940985,0.004699290828035509,6.49470810467128e-10,5.707544470215049e-06,2.3131854535012006e-06,0.5461461838049293,0.005770174245680664,0.4081541083386594
21,0.02955241991209156,0.002290961540338131,0.0004906505923269751,3.540869818478216e-07,7.4966909046433924e-06,3.270059634767028e-05,0.0005091858307331507,4.7235060782286707e-08,0.013295287193314879,0.9538208963219004
22,0.00010430740712821843,0.03319790577342065,0.003814167947806478,0.008766358685194963,1.8701523192816804e-08,0.00011260556038588396,2.125754547165686e-05,1.8644624638608629e-06,0.03676626423387013,0.9172152496827349
23,8.780961964889079e-06,0.0020526905214829257,0.00121578112910761,0.0035087584556962523,0.6592821142499806,7.681663243511491e-06,9.769839233632404e-05,3.26547658426265e-07,0.0003667716924951811,0.3334593963860341
24,9.501209689313359e-07,0.003907629737289706,0.7115628328602103,0.0013287274623944596,0.00010367576087628358,0.0033798377279101407,0.009542324818886968,1.041525074673153e-05,0.00023889963214309779,0.2699247066285732
25,0.14215474636233957,0.0009562457062432363,0.0005430059833423682,8.919529647879891e-05,1.1775774842562396e-10,2.871854087492463e-06,0.00013822487129855755,5.585447576631964e-06,0.11791828678159283,0.7381918375792828
26,0.17972282437951886,8.859281982960673e-05,0.0006707376459232069,0.007865866528927193,1.0158040898298698e-11,1.0569731995850142e-06,3.804734946877471e-08,0.16029658362695628,0.5029229892463298,0.148431310721808
27,0.10155660972023778,0.00030293132045498047,0.005604511139558344,8.81844800787948e-05,1.3820920537529295e-13,3.109413662136513e-05,5.896332381925973e-08,0.05934548130038379,0.7749276915482628,0.05814343739094021
28,1.4461141995773953e-09,0.001426873804153891,1.0177679681746431e-07,0.0055435750989651375,6.044606309498746e-13,0.0002682536684572639,0.0007023399449702465,0.0014339874224320911,2.3790578507538254e-06,0.9906224877796551
29,2.340157682194252e-06,0.010809267368230954,0.00041234094764084023,0.426327683981329,5.017406403067555e-11,0.00029163726602085256,6.097148299189116e-05,0.00012672113570641707,0.0004225452841251618,0.5615464923260987
30,7.041082607410464e-05,0.029403842309271257,0.00010204759700033341,0.1626747873331396,0.7251305201452114,0.0002072703865076515,0.0681995042353819,6.235885444026058e-06,0.005213663172067537,0.008991718109902182
31,5.417743997051923e-06,0.13601041278777753,0.011043510699608341,0.2825832515781333,0.003040939461476158,0.001963301886660986,2.5071111683414515e-05,1.2585740015337173e-07,0.004577127652634707,0.5607508412206283
32,7.314357165983266e-05,0.001364761512352402,1.1931556450821126e-07,0.0022152179545746583,3.3319137069581995e-12,3.705932239809745e-05,0.07199410287053534,6.558459389280018e-06,0.007851671637473035,0.916457365352721
33,0.012173958726440596,0.00035730310820012687,4.858572737733056e-06,6.028941844331245e-06,3.0627954491272597e-10,7.619308088185254e-07,4.57343304700447e-06,1.4270476784390462e-09,0.12342764197285125,0.8640248715807429
34,0.00010723424430881074,4.543125383526808e-06,2.2414923953571996e-07,0.0015925668569413704,9.02942496927489e-16,4.929138669572299e-05,1.6082081008660233e-06,4.89242028864065e-05,0.00021302715767795193,0.9979825806687649
35,0.07506709036221991,0.0057139727053868794,0.00018686430067748645,0.00012441525571761574,7.907089948954074e-05,3.429673172845636e-06,0.0008444098573078608,1.7745842554625392e-06,0.15094557878699566,0.7670333935747767
36,0.18145463419719748,0.00789155331751151,0.00017009538602200607,0.0016562864126468647,5.6433387285133645e-08,7.910990121536458e-07,1.725096910456867e-05,0.00019068511874401474,0.3882922048949517,0.42032644217142234
37,0.003338660197880099,0.00026469507528592285,0.0026734039025541256,0.0006852577395832258,1.5410002886374025e-11,4.657628248922006e-06,1.1665583874304892e-06,2.254460122113807e-06,0.3365798987207731,0.6564500057017552
38,0.006768028973377904,0.00046338708297489524,0.0005089435949288537,0.00023740402538887764,9.913974253526836e-12,2.113167006246446e-06,3.1616944498809086e-06,2.4516697259816387e-06,0.3524498039157945,0.639564705866439
39,0.007967282071968416,0.0007533294630812665,0.0001895550338195404,3.282763229495857e-08,9.460741228450703e-07,9.991354535381002e-07,2.9498496667649385e-05,1.0095107247914888e-08,0.07677310972482666,0.9142852370773206
40,8.608573996756628e-06,0.47028631899448065,0.002688822295852435,0.2129863288398576,0.020196189749845328,7.451369721653019e-05,0.1580318951696627,1.3029304627624177e-05,0.008153206901378255,0.12756108647308223
41,0.002098228455422292,0.000142699232272329,0.02230915506443578,3.500850331444453e-05,1.1395694354415644e-11,0.00018337583966062388,2.65074233022617e-07,0.8362249560601684,0.0643630643174523,0.07464324744164506
42,0.015384661398420605,0.022120221287551436,0.0016600051917360298,0.00159934291355139,0.13474806101449882,2.539735855202466e-05,0.0002521458190435598,6.208727038460283e-08,4.852247216260631e-05,0.8241615804572131
43,4.207442648252149e-07,0.02772737763564768,9.441230119408126e-05,0.3711796581213441,1.066656132066955e-08,0.0003002489534331434,0.00026972738568117633,4.698025201330058e-07,6.979456993806827e-05,0.6003578798194154
44,0.03211821316202278,0.0008356452101341725,4.482374086885295e-05,6.991060866648369e-07,9.207935434239684e-09,6.521331665746546e-07,3.50869145979201e-05,2.09077766245475e-08,0.05581231286200025,0.9111525367554106
45,0.08766606850024454,0.001753496287673562,2.401680667847713e-05,0.3649174446445095,1.0663703371781854e-09,2.443043714761487e-07,4.487154733609895e-06,0.00024591635974292934,0.34254428231201983,0.2028440425636557
46,4.882103410634973e-07,6.977156186695341e-07,1.4882868554566438e-06,4.189529097183465e-05,2.2503157457832467e-14,0.00041717205545920786,4.2023832436072393e-07,1.936331471698525e-06,0.05088202655346114,0.948653875317474
47,0.49996878334792316,0.008770052692959796,0.0004446450641762355,9.630969258468248e-08,6.693285745129515e-06,3.6370709955085508e-06,0.0013761760140985567,3.0495591149786234e-07,0.07267283639670137,0.41675677486179624
48,0.007905908792137992,0.000870895136711163,0.0007125240658598786,0.00021014121016020736,3.006713362155662e-11,3.885786392050604e-06,2.3042305412120443e-05,2.935047791907371e-06,0.21995988479537942,0.7703107828300881
49,0.0001590647419942138,0.007426294338871866,0.0011445615199947262,0.14895345012196315,1.5870403847710282e-06,0.005254943243380382,0.34973826794372087,0.0011391200095818745,2.0382263742173733e-05,0.48616232877636595
50,0.01988306054079557,0.044545159274516036,0.00022827244554579352,0.04080183221403539,0.5727384490700791,3.708501286970714e-05,0.0003317523602753605,1.234582607715104e-06,4.254117626843565e-05,0.32139061332300684
51,0.4404966071422876,0.002556745669797549,0.00040703765456521525,2.0558933306854293e-07,3.936851546272658e-08,7.5787960069297e-07,0.00035942775037399547,9.162560098529773e-08,0.1170272869571432,0.43915180036278223
52,0.05344195508709533,0.0014422390559220592,0.00017954527433758938,0.06150782191652731,3.77635122355729e-06,3.034121438135387e-07,1.8295932598067223e-06,0.0001647173826657128,0.4106947288007223,0.4725630831261026
53,0.050138852892693556,0.004963562210389609,2.095476077103648e-05,3.754757331410553e-06,4.5230524510794293e-07,1.0346771141601096e-06,0.00022180841171985188,2.011928427699133e-07,0.023515911296613103,0.9211334674952794
54,0.4814041690244347,0.0032407527715997897,0.0005297015122305307,1.0050150411628513e-06,4.539234296081316e-07,2.105361136139626e-06,0.0011270607349641588,1.3515654373323623e-05,0.13036326362948017,0.3833179723733104
55,0.5611984090116166,0.0017437546852306393,0.00021096252502346,2.55470510534308e-05,3.94489761534274e-08,6.641962368430876e-07,0.00013670950495046623,1.215928187196005e-05,0.09671428207756934,0.33995747221747113
56,0.06698802999416081,0.0003192817223046708,0.00045764660982296207,6.492768916550429e-06,1.6280169200617257e-09,6.76150719122799e-07,5.46807431256111e-05,1.3108806420643697e-07,0.15505353236113417,0.777119526933735
57,0.006655859921691726,0.00023737046483606925,0.00021471038183324808,0.00032397986960986243,1.5378636615101267e-12,9.416620327525548e-07,4.018504087937709e-07,2.1507900526726968e-06,0.46454576594377567,0.5280188191142214
58,0.5209960450472194,0.0011140219563937409,7.915174628807371e-05,4.705079177281073e-06,1.4621315628852639e-08,8.589953222916446e-07,0.00035873425276563604,1.994577994891798e-06,0.13601852012367302,0.34142595359985
59,0.002289033906913662,0.29933240946270046,0.0003977573284426169,0.0004719642731187133,0.39673931741987295,2.6851188066301218e-05,0.0008334674695153793,2.7815541699235716e-07,0.00012522667134047237,0.2997836941246125
60,2.6005139939286415e-07,7.832996074115143e-05,5.2341869081739647e-08,0.006682357421918601,2.5967797493363587e-08,0.007555179463873622,0.0006012534076081099,0.004058629347315957,1.3087994802636913e-14,0.9810239120374635
61,1.609050568702393e-05,0.08616491249687469,0.001523825550139006,0.04847118231711247,0.17485642123121742,0.00011406422244060009,0.0003453651647786246,5.0722554421792266e-08,0.00011500493954804878,0.6883930828496477
62,0.0037267731269997784,0.0017302585473117323,0.00020481577071427038,1.8317897102356515e-07,8.284073880032713e-06,1.315686560603848e-06,1.8160544957914216e-05,1.736841871423219e-08,0.0497384523958953,0.9445717393062906
63,8.44245108290394e-05,0.0007763311433540388,3.2468868874078466e-08,0.002130174858824036,1.4611003827775915e-12,8.23923783564529e-06,0.02841855199612005,4.595873030327466e-06,0.0468892408414,0.9216884090682769
64,1.7587085946129265e-08,0.011996605347375901,0.8890366831343902,0.001464824531675369,0.0002638434561678236,0.002567657665930688,0.012319987550086153,1.226128283055551e-05,0.003528276912610372,0.07880984253184682
65,0.007457770458906146,0.0001948825121328841,0.0003266044222282922,0.0013700982597611056,4.685086506488137e-13,1.7370856367812026e-05,2.1521044108219218e-07,7.293564758156499e-07,0.806384608399848,0.18424772052337032
66,7.419714054852522e-07,0.4749641922566061,0.02845353972262448,0.20201977407381724,0.10301137037135952,0.0010046960280312167,0.1684903293032215,1.2968605071966842e-05,0.001031161948058801,0.021011225719803687
67,0.011734480585180757,0.0050604886949553425,5.856228862812452e-06,0.00034228504726617877,5.239200296148487e-07,3.0429514581201256e-06,0.0001896551524742713,6.071337964408521e-07,0.0013676272066171138,0.9812954330793593
68,0.0006304847710763956,0.0684435380655816,4.2479155739531735e-05,0.004635310999490054,3.46195268299314e-07,0.00012011693067460657,0.3293106611830594,2.069060829786611e-05,0.0019502037007518682,0.5948461683900603
69,0.2614196365307641,8.504941209125346e-06,7.507510415608391e-05,0.01566715221627161,6.226194500681695e-13,3.7832274740124255e-06,1.6208345057110395e-08,0.005798865651199024,0.01799311569226111,0.6990338504276973
70,0.054193287706206725,0.0017705005179336451,0.00037631302069117645,0.011662123954745399,0.0027165379564566203,2.3401014041570502e-07,0.0002047544642644932,0.00023945231176386215,0.5838428490686027,0.34499394698919494
71,0.5780781384011091,0.001360166539615995,2.3118084959835883e-05,0.003994874357996503,2.390844406058155e-11,4.891524578570848e-07,5.660739046146515e-07,0.00791304124557325,0.3477402374707649,0.060889368649709494
72,0.00018603516101335993,0.16366071254515765,0.0009390969630489605,0.007678779813847955,0.5221448926399436,3.431901046927499e-05,0.28847518476699,0.00016574961942032276,0.00015709312157076742,0.016558136358538006
73,0.0005593925557651521,0.0945850273478122,0.2269986516244344,0.477411244504645,0.00018656599396347929,2.0345820739524787e-05,0.0004822113117151656,5.3206324419298566e-05,0.03945305924756825,0.16025029526893758
74,0.004989855768130873,0.0025434701949023676,0.0001882536597512252,0.00017976257612985623,3.688022451502374e-11,5.121354641989174e-06,5.66864241480231e-05,2.7441168432999694e-06,0.2960297907675755,0.6960043151009967
75,4.5435440676668005e-07,0.061187905017907565,0.0008962067743099442,0.047635868326963995,5.765774778164787e-06,0.025746474583594053,0.04755919517352823,1.0267137425623601e-06,0.024551132925449824,0.7924159703553189
76,0.18214790820501386,0.004113355847449755,0.0008871939679733317,8.58821595113128e-08,4.361968125503656e-05,3.8133048749103814e-06,0.0004889382830199953,4.516035605676569e-08,0.04182243820313243,0.7704926014647652
77,7.213768334952177e-15,0.00046506917083170406,1.306496591841457e-06,3.1098896117249355e-07,2.5230911779072117e-14,0.012723102506414282,1.362661392998567e-06,2.2806664217844894e-06,4.790256764515476e-06,0.9868017772525893
78,0.2465238155551367,0.0005399782468675336,0.00032601834985423263,0.01236814393563085,5.422948390265363e-11,1.4792123515585247e-07,2.3294825568331567e-08,0.013598077196702828,0.45247828813836066,0.2741655073071569
79,3.6477009948035317e-06,0.004042042138267467,0.9369017638644145,0.0018374252098481922,4.963064052765373e-06,9.148976408949657e-05,0.003676825716532357,0.00022317033624756275,0.023251319140363966,0.029967353065188905
80,0.017999913882195132,0.0007331420353287018,9.434848945618459e-05,4.7171361289924686e-08,2.5054647133716315e-07,6.9841023821728e-07,4.833460689435533e-05,7.53820026856069e-09,0.10570749960721676,0.8754157577126378
81,0.1538736882575431,0.0007560501094959501,3.6465363078527134e-05,3.140905375090412e-05,7.483804216215541e-10,5.322132503567715e-06,0.00021348924150779494,2.1965144626865833e-05,0.3810865107721488,0.46397509917696406
82,0.288400483872649,0.003959954385469975,1.2708081321146294e-06,5.278175628492323e-06,4.025885397455031e-11,8.194268235898433e-06,0.00023710279108543592,5.8767263358550735e-08,0.144179730375342,0.5632079265159349
83,0.4146111063098357,0.006268577968602232,0.00027382861847459526,2.0898080324645378e-05,1.1318479481193319e-06,1.1840910838806146e-06,0.0015416052521793069,3.9200115532817665e-05,0.19209259379633822,0.3851498739196804
84,1.2371309805748551e-06,0.0662988422207824,0.00026589588083582815,0.7360295619230252,0.11120594254404233,0.00014582178834335224,0.009611300439959183,6.486759387284879e-06,0.00018306784520443815,0.07625184346743948
85,8.170437772117125e-06,0.25710008777558074,0.02699807096279738,4.7883664358634765e-05,0.00014031651690709257,0.0016969057435051917,0.6965597626674674,0.0002925571644248354,6.605113403797412e-08,0.017156179016052615
86,0.01828554556254687,0.0031726497322093227,9.186857728126253e-06,6.330319559892608e-05,3.7190134338812432e-09,8.684582120891687e-06,0.0001218535522382944,8.935210233343898e-09,0.008010334096178599,0.9703284297671554
87,2.345780751722537e-09,0.03548272090960181,0.0008035313267167558,0.0003480086517518764,1.0491536018799172e-09,0.12409164987916986,0.020854374198025792,2.2485025913396957e-06,1.696158070593286e-05,0.8184005015565022
88,0.48291941299266933,0.0007446364776840216,1.435036750818322e-06,0.00011401872385577628,5.5976895381412245e-11,2.432003862248324e-06,3.552432850129289e-05,5.355512363941705e-06,0.17026802171563693,0.3459091631526988
89,4.8415058442010125e-05,0.1439929122359696,0.8251516679572768,0.0003052382744901718,0.0022170645822561664,2.7866884286423516e-05,0.0011744956556904054,0.0015469216111158788,0.008001451789631981,0.017533965950840637
90,0.5514664336533981,8.745877527441659e-05,0.0006519170417184719,0.01082476453120465,6.448833176950672e-12,1.6810932921571514e-05,4.9543269252132736e-08,0.1247409647532327,0.05926865210727079,0.2529429486552613
91,0.01935489242020949,0.0035373662079602733,0.00010563998924340735,1.308217739175814e-05,4.157686322410966e-06,2.262524328821943e-06,0.00013887986814182783,1.7307544213243405e-07,0.1611895845691074,0.8156539614818524
92,3.861936991891299e-08,0.03432516069474645,0.10332987854157422,0.0060522748798613035,2.6588554805248796e-06,0.013939174404439135,0.35765469555740437,2.5078151598711885e-05,0.4700744614386448,0.014596578856880687
93,0.09123065148562476,0.024873234995075627,0.0025504366245707615,6.544702559103992e-06,0.01671950293389635,4.792668730952519e-06,0.0004623354908733022,4.936698248636211e-08,0.00010872553268590198,0.8640437261990008
94,2.3205158857649927e-05,0.32923545053395775,0.2080092252752635,0.12519368197792047,0.03395698561714155,0.0013331340768548007,0.17331843382150708,3.079232494863646e-06,0.0025205251144580013,0.12640627919154435
95,0.0029502201444366848,0.04944077882897952,0.00021550711399741433,0.0026910451121226323,0.0005292343204843192,4.144097158662041e-06,0.020368260012511574,2.0127626343989158e-05,0.17938279137556395,0.7443978913684012
96,9.629798145941578e-06,0.06942839629463296,3.357247793266412e-05,6.88922911977963e-08,1.6553288922735995e-12,0.1494029907111651,0.7474026587764443,1.3601843166175657e-05,2.6080061159577847e-05,0.03368300114340674
97,0.023394515217582883,0.0005704506117151282,1.1052968309352594e-05,6.872445761510445e-07,2.2870628362682363e-09,6.695189347319045e-07,1.266508573929782e-05,2.701576467941857e-09,0.062318906396505364,0.9136910479679977
98,0.5769857466555524,3.416286252368128e-05,3.892403700829756e-06,0.0005331068922984758,1.1521162275526222e-13,6.50834709697495e-07,3.0457729044844614e-07,0.02703413059892581,0.02965936678170539,0.365748638393178
99,0.2251833270048418,0.0001119865806792692,1.0564045894653997e-05,0.005189735678880628,1.3669153898540045e-12,1.6184111732532955e-07,1.0866314161758687e-06,0.0015001360524991068,0.2784859621290111,0.4895170400342931
100,0.007080137673999673,0.002818810547567181,2.582810778431406e-05,9.7289779227222e-05,1.5177519649117934e-10,1.8737438869457528e-06,9.600662916737987e-05,1.70984122831486e-05,0.15448115355341108,0.8353818014008979
101,0.00079843003939733,0.019352569915036803,3.593958200620631e-07,2.018627229307845e-05,0.7323279844391111,6.4646376941052e-05,0.008828575846362598,4.299450647103431e-06,0.014700540294021054,0.22390240797036984
102,0.0031809806736606597,0.005710650884969631,2.129241380202937e-05,0.01083684532194887,2.930318227953208e-10,8.429139690302642e-06,7.995509731022278e-06,6.887613474390691e-08,0.21718917677254454,0.7630445601144864
103,0.30424827536915794,0.005713351627431957,0.0005757963039263697,8.820110163653604e-08,3.7473914840310314e-06,3.720728156949436e-06,0.0005866810039466829,1.25279743677331e-07,0.08193540773559765,0.6069328063594529
104,0.47764627093987777,0.00020931051795497024,0.00014632055838586136,0.0009793984062090083,9.690081394982915e-09,3.6456294376869543e-07,2.798305200903897e-06,0.0004866324361249209,0.2991465312398447,0.22138236334337674
105,1.3814081202826393e-06,0.012905347090445031,0.9194626314232848,4.547747578263464e-05,1.135741897352473e-06,9.108981670306247e-05,0.0019696505255257265,0.00016053930396724915,0.030043753026282816,0.03531899418799121
106,0.0533185888889791,0.009398515058508293,0.0011177545542086342,2.658231401139512e-05,0.025168000947339262,1.0620604759538813e-05,3.208639050654516e-05,5.237290762046095e-07,0.0540918511293746,0.8568354763832363
107,0.3964317628867162,3.486250471107952e-05,1.2979559185902783e-05,0.0017095476189523402,4.91731706697389e-10,3.0303396130137398e-06,4.740580593362688e-07,0.013392788283140267,0.22517070381048113,0.3632438504474089
108,0.004487167960402712,1.2984542451533713e-06,3.0891862041900976e-05,0.3114756558789074,3.2879368889281574e-14,2.7013204704733484e-05,1.6680393248200167e-07,0.0005910587957139967,0.10460967527479145,0.5787770717652272
109,0.006206141958090999,0.00019964497228496536,2.918114806690213e-07,7.57949888836221e-05,7.078841616978783e-12,0.013841566899920645,0.00017368139510322327,0.6884213190137145,4.1399900370845346e-05,0.2910401590530716
110,2.1350580131772023e-07,0.03487209102303515,0.6316202797401127,0.008532510308022693,3.2667893723430314e-08,0.0017445706958592825,0.009993518586961422,0.00023760074995278707,0.023779949588905724,0.2892192331334551
111,0.00021643394773251403,0.00022319706479216923,0.014543528785355381,3.527755212149706e-07,1.0939638494104786e-08,0.014997925055541343,0.0012997733207452378,2.5062490951627036e-07,0.010430123223888876,0.9582884042618753
112,1.0166767436622576e-07,0.025325053956249646,0.00029777157833607283,0.005725659162010536,0.7510081585053794,5.78006357523181e-05,0.0005962818014704647,1.3378800107402158e-06,0.07065956613113032,0.1463282686819862
113,1.0049671429233512e-07,0.008259165574987234,7.02697025847375e-08,0.02375860130889287,2.922228203080972e-13,0.00010414151256048099,0.0022769335110858924,0.0030540442005711765,6.901812254912257e-06,0.9625400413129384
114,0.0009695325805599376,0.002556581282417036,0.025050056920050537,0.10937619139091467,0.0019202539205945804,3.6500142514221713e-06,3.9197925680804534e-07,0.014913819546561569,0.2144862410997599,0.6307232812656336
115,0.00037548017820286894,0.005738626752826955,8.472508908138006e-05,0.0592351689675535,5.574896518017085e-07,1.229219749921736e-06,0.0016298802541271694,4.315064720734355e-05,0.2220903296742922,0.7108008517273069
116,1.3345237985689312e-07,0.009942107533259007,1.1382266918660148e-07,0.03727957258023485,3.1737718353354007e-13,0.0004160629819830598,0.0019562320274608114,0.0011637449051378568,1.2643691340848788e-05,0.9492293890052171
117,5.327886663488995e-09,0.14608160121106148,0.3661199429270161,0.17062718766046897,0.00011821327654250083,0.0033204832854984165,0.0012695404383110916,8.213157620585381e-05,0.009123204274420253,0.30325769002258857
118,0.5608611750253567,0.006840646337864417,1.7833758538630024e-05,3.4656903194670904e-05,1.619520850548937e-06,5.652516578852935e-07,0.0005617112044070468,2.2853100667617925e-06,0.20581432094510255,0.22586518574296072
119,0.7416082251742065,0.0035316036121680046,1.9981373763895014e-06,3.582773595055992e-05,1.2153529532935014e-11,3.1199661023758415e-06,0.00033548232600549794,1.57270412844904e-05,0.04785698609990012,0.20661102989485253
120,5.347738020233535e-07,0.028898297994186518,9.559928603639691e-05,0.06726012103420184,0.5877593860081907,5.1130391338622254e-05,0.00010544446015002243,6.281377584496672e-07,0.03648256222959361,0.2793462956847419
121,0.01913771872002995,0.0004248319082894708,5.576715828299336e-06,6.758478782050789e-08,5.688519152271088e-09,3.5506411124614755e-07,7.140769359964323e-06,9.747086953688873e-10,0.047753883903035435,0.9326704186713298
122,3.118981108030861e-07,4.4356181368293444e-06,3.0176848104510496e-08,0.0017883437149486788,2.1573440489847067e-16,3.8544294537747255e-05,1.3252900174994845e-07,1.370900244883829e-05,0.00012634067924949987,0.9980281520867175
123,0.1917487603764584,0.015226674700776873,0.0013194996616921484,1.6098020858663156e-07,0.000490186919806448,6.887717178630724e-06,0.0004667596848490131,1.0512139845188193e-07,0.03467654516482482,0.7560644196728067
124,0.0008144341668645507,1.18513514853602e-05,9.645641305780551e-06,0.00016214088202522458,5.44739009871132e-14,4.9902142844324454e-05,2.377740426873378e-08,8.981275198064169e-07,0.4056432330023731,0.593307870908123
125,1.5568117182597534e-12,0.012233881528254322,1.0762776947067801e-06,0.0004052901145503762,1.0586995038267127e-14,0.002585385820877261,5.328569472848685e-06,1.5124188267912634e-05,2.9714219067253434e-09,0.9847539105278934
126,0.43582534751659063,0.0028496300323544096,0.0005902601433219252,0.0010858461213672694,1.1897364587896676e-06,1.6867582027610658e-06,3.8315135441817506e-05,0.002639988159077194,0.17918311955078137,0.3777846168464038
127,0.000420392363606219,0.0004728149137652213,0.0015068178385753259,0.2928157181858407,1.2493084731281372e-08,1.8803025356019184e-05,5.052398087315242e-09,3.851630956239851e-05,0.07275011486443661,0.6319768049533747
128,0.0048666907370741586,0.0005312112604780315,0.0002176650188029527,0.00013650419185821675,2.3476539791850586e-11,2.021307737145941e-06,1.0844664193891733e-06,1.878879692495395e-06,0.32973791154707505,0.6645050325673861
129,7.497584596853689e-08,1.4707271519581106e-05,2.275990437768258e-06,0.3032163993919859,2.315218019490002e-13,1.4728078440106557e-07,3.372829990014379e-08,4.9242121607981254e-05,0.0016888595868116928,0.6950282596524753
130,0.04847536613791467,0.009255890817398381,0.00011800236386797256,2.125405297213312e-06,1.825083127881022e-07,5.9460202690318316e-06,0.015471586712876406,7.240921592921418e-07,0.018712546286518774,0.9079576296553855
131,8.713543030885708e-09,0.003443568222977152,5.049469226999044e-08,0.013427349179616688,1.8705807560020045e-13,0.00014182170604109685,0.0008644815545744113,0.001785863339108171,6.045966804631879e-07,0.9803362521925797
132,5.018425798009376e-08,0.012960873345831741,0.7717489642865659,1.5040604286140868e-05,2.6757112699735716e-08,0.005272636427003445,0.0415057048874411,3.4937385747924916e-05,0.013544728578932151,0.15491703754282068
133,0.30130774532289994,0.00031561829544762485,9.71820641081885e-06,0.00792516199732251,7.881985612269019e-13,1.660746774576376e-06,2.3424695109861174e-07,0.009655348246996447,0.5323574371926633,0.1484270757437455
134,8.8858923628747e-08,0.0008790223239818812,2.8933748087515932e-08,0.008692305594189794,8.149652416566484e-11,5.939570624854207e-06,0.0019252233097326443,0.00024037763984778395,0.00034907477673321,0.9879079389107216
135,4.321517938174179e-08,0.005087186513179143,6.354807534009599e-08,0.0183907171831071,2.444468242445637e-13,0.00017877774202848943,0.001362018092148993,0.0018450474621162366,1.8914837299330978e-06,0.9731342547601909
136,2.28811844776706e-05,8.477800720358974e-05,0.5247729391643028,0.0024376676480743404,1.2350243127411685e-09,0.010398461630690593,2.3641650637025716e-07,0.00880010373053876,0.002145182789056093,0.4513377481941255
137,3.973705087235791e-08,0.007762337132357347,7.089040119812007e-08,0.019868209029011943,2.8639374792328683e-13,0.00012446075088859242,0.002060292248559898,0.0026070441494076917,3.343017230264875e-06,0.9675742030448058
138,8.446221383857003e-06,2.0978619265575486e-05,0.6130799753373156,6.613374637305171e-07,1.1369020987851629e-10,0.1416537674708473,1.395189786539494e-08,0.0005292322176261213,0.17947768641199588,0.065229238318514
139,0.0013061621212772927,0.03996330352585666,1.731405491909075e-05,0.0025156487390641273,0.007888441921430768,1.1759497674439925e-05,0.003411405346370047,8.101702954666228e-05,0.6875969036849152,0.2572080440789456
140,4.6914887589263125e-11,0.0048179449863413985,2.1407378398827267e-07,0.00318991614052519,2.010014758014625e-13,0.00045946462317297636,0.000331180765499987,0.0017375007928139199,8.102194352997736e-08,0.9894636975488031
141,4.642484139265207e-13,0.00399190079368424,6.094437657324354e-07,5.271839695016296e-05,5.050699905173578e-15,0.005020986056568299,1.3566805936503255e-06,7.152463030924023e-06,2.357530831382804e-08,0.9909252525896295
142,4.976126442430133e-13,0.010286667756085298,4.825892848687268e-07,0.00014196990669071863,6.113254959692673e-14,0.0024164763472515286,4.233646482120313e-05,0.0008923334560024815,3.4318681980539106e-10,0.9862197331361183
143,0.0470591135797316,0.0019401237473138043,0.0003871279757786978,5.5442514874494604e-05,3.5938425858280607e-07,2.1697982417411338e-06,5.3585364883140226e-05,4.815486829405252e-06,0.14448620412765661,0.8060110580204319
144,0.5035371810888886,0.0010225288833353807,0.0002671446311206102,2.0851274454349904e-07,9.48898203908192e-07,1.2368764941484125e-06,0.0016000691160321888,9.829954184843716e-08,0.023469861719846368,0.47010072197379243
145,1.0252194307821974e-06,0.23401872214866734,0.13315284284305515,0.003146743346433953,0.2981238406510035,0.002240410515160886,0.3266713209505849,9.39152280693237e-06,4.481070632215489e-05,0.002590892096534406
146,0.23329179790566426,0.007907778283471277,1.791005858630133e-05,0.00021082190558659481,1.2466311893584894e-09,1.7176725195943498e-05,0.00039064473416411004,3.1102563968242638e-06,0.1403076734716721,0.6178530854126314
147,6.513324341187694e-08,0.08500268717215959,0.009428385872876718,0.02922350516897091,0.7428085798967242,0.0008680628247741302,0.0015808567936288322,1.512893388812759e-07,0.025645765187204832,0.10544194066107844
148,0.002075713974801926,0.003035423906435713,0.00018582257086587552,0.0021040406746421375,4.559249592804846e-11,4.396594220485504e-06,3.4483378550624647e-06,2.5789353145649203e-07,0.2917960609635935,0.7007948350384614
149,8.944379706366488e-13,0.008462118284470176,4.783050208888257e-07,0.00022660147949987968,8.508700589425897e-14,0.0018029058958716486,5.471343163195933e-05,0.0012206666968082671,9.01756112016494e-10,0.9882325150039615
150,0.5022190010231286,0.0019448821219003312,8.837318159334201e-07,4.789653897616171e-05,5.848122133756879e-13,9.403630037929085e-06,3.2965773058504276e-05,6.087473266238019e-06,0.2749057140961915,0.22083316561104013
151,0.26564992303080304,0.002697629582077014,4.0988701431457007e-05,1.1986081498827272e-05,7.963627924721265e-09,4.979130109944897e-06,0.0006229253518051365,1.5556655073684984e-06,0.34873680362454057,0.38223320086859863
152,0.320782913308377,0.0016701819261792097,1.4444924184904502e-05,7.8519220315914e-05,9.39181923145862e-10,7.955579515038698e-06,0.00010049805517901552,1.8565831174036037e-07,0.1974374825305037,0.47990781785825165
153,3.613280411244843e-08,0.19683123590334234,0.5901955921443363,5.096159386657675e-06,6.258800117447717e-07,0.0060744648190972205,0.03620172395182777,0.00022947636863406115,9.700894213123588e-05,0.17036473969842855
154,3.2735014748835614e-05,4.142086008587418e-05,0.004361065658758952,0.00016809550761573105,2.8721077788303108e-11,1.8547463530974997e-05,6.262603196713937e-07,0.015320475381911197,0.004032458738970361,0.9760245750853372
155,0.026664391987776426,0.0001374039880191875,0.0005545858287361214,0.001668015813255369,2.276902407530161e-09,5.629192832029927e-06,5.091122715171978e-06,0.00012511305257711144,0.13032137110648925,0.840518395630697
156,2.871562557527977e-07,0.004370908866944919,4.3450869309910546e-08,0.008838737157961931,8.223133439221246e-12,0.0001269571091853426,0.09992241730371938,0.0020371150933560242,3.576027265828399e-05,0.8846677735808259
157,0.0010422164327184291,0.009591293968985028,0.050811456007940584,7.81975385843533e-08,7.05232152193675e-09,0.0012231002693339683,0.00015773013869954495,4.153789204445527e-09,0.1062985644205264,0.8308755493581468
158,6.55874954611725e-08,0.0074092739769943735,0.0009996349704559093,2.3844256013149195e-05,1.2801069751550781e-12,0.0013207881400910115,0.03239921165226034,5.606256825881156e-07,0.132670800338515,0.825175820451212
159,0.014110820417867284,0.00022658934522559198,0.007014068933129938,0.0012348637434326799,1.3303167182314562e-12,0.0018618074719843353,3.005923867593643e-08,0.018393794483769297,0.8314434608205631,0.12571456472345888
160,5.576661498985326e-05,0.0004267521392957384,0.7499213856679113,1.866451068863519e-06,1.5878872338215903e-08,8.677331168553458e-06,3.361614527297864e-08,0.00011474074715426218,0.009659956952630892,0.23981080460076287
161,0.40885515812524953,0.00013004764226566762,8.341814729443244e-05,0.00040336766075135865,4.846654214046117e-08,2.192423077106857e-08,2.2152670989086475e-06,0.03629476367105549,0.20642577556891736,0.3478051835265944
162,0.003572215129147311,0.0072606109711286955,4.219864030182817e-06,3.4028164522899183e-05,0.7591444747377206,6.295420521191657e-06,0.0023692049622754193,1.2602875326994038e-05,0.025242212873356772,0.20235413500196994
163,0.389050158658679,0.037744349648083514,0.001761309022907188,3.8757693378085425e-05,0.0006906258651468758,3.4756695594705783e-06,0.00043180910215578227,2.8567174805389977e-05,0.14228729498830625,0.4279636521769785
164,3.5599592771660666e-11,0.0012012792421603761,5.140093278318015e-07,0.002458771153087318,3.628725575420593e-12,0.4384569313614246,8.380404212979848e-06,9.314967138572553e-07,8.441474182108787e-10,0.5578731914496973
165,5.0568521002140994e-11,0.005608006416224983,1.4851194270194068e-07,0.004275382904254404,1.662990011478446e-13,0.00040305866745799374,0.000317208237287828,0.0011374623721605046,3.101752186963668e-08,0.9882587018224149
166,3.5724943582252326e-06,7.462635913733963e-05,9.930337749603014e-09,5.69553795512523e-05,6.867993134701408e-09,0.08705287095264,0.0013251941830366594,0.030475589286843047,2.388213737931933e-15,0.8810111745461002
167,0.17880132302781113,0.013258227232211537,0.0015430129820371672,2.776833981984841e-06,0.0023852553772809168,1.5595256338072824e-05,0.0007010347700164188,6.1381365654613e-07,0.010568069418720768,0.7927240912879455
168,0.03332235148326173,0.0011346961333622942,2.740803576772561e-06,2.0336379450932477e-05,2.177095151280746e-09,1.3084425365380726e-06,3.9034290264488185e-05,1.0801222902221765e-06,0.02597436578374456,0.9395040843844173
169,0.013169583018388484,0.0021629534716843674,0.00022178080457400362,8.590703843956623e-07,4.780024722053211e-06,1.2709820897790856e-06,3.707470865313678e-05,6.155020164646341e-08,0.1132094045042867,0.8711922318650154
170,0.029720433452817135,0.0009963574368642661,1.2256651073194485e-05,5.635921395271762e-07,2.340269923678026e-09,6.980508597855761e-07,2.9846768059665278e-05,6.306874263646384e-09,0.07163973980786835,0.8976000955931739
171,1.7290741194895128e-05,0.0022152256201044868,0.8713997907097795,0.004465174625030443,0.0001627815071527635,1.7650287917244193e-05,0.0002036845325331457,0.0005557448121374379,0.037162962500177546,0.08379969466397261
172,0.006600833541340754,0.00014430258662281466,0.00029723166850545446,6.959566557549516e-05,3.259560583561072e-12,1.1204013088353725e-06,5.699774078993072e-07,1.6611475673563444e-06,0.343409022458575,0.6494756625498369
173,0.05293568470099214,0.0006034764758288892,0.002870120974551711,0.017975239342083338,1.0994696369422952e-09,4.429717900100536e-06,1.1243382694262734e-07,0.05584629978743503,0.6470958540872922,0.22266878138062005
174,0.018448221737106446,0.49453715368202134,0.00012856461765282,0.0005172759104934274,0.009591210917070343,6.547083253098258e-05,0.013606344834122127,6.8508442547100825e-06,0.1387243484398733,0.3243745581848746
175,7.064013592245262e-06,0.015364846992549532,0.0032147277718573134,0.00039213897480868147,0.00016762185968687563,0.20632308701176746,0.7545358691676968,0.0007577740002571892,0.00015665390927153378,0.019080216298512306
176,0.05900532687544646,0.0048508216424679165,0.0002198995621798934,0.005643105825287414,2.779962003909438e-05,3.077424448158702e-07,0.0004909687858375591,0.0009711141028596583,0.33201786883132545,0.5967727870121118
177,1.7029879057588625e-07,0.37669586249745196,0.0037792110707951577,0.11071946040180897,1.2552406382347035e-08,0.0011210661354042735,0.008626404163667101,3.892560662557177e-06,0.0023035320589534134,0.4967503882600596
178,5.698942953991422e-13,0.0047809039083036055,1.7819878555632624e-07,0.0004113651627993588,3.9052371746253156e-14,0.0011290754486344065,9.117998011005551e-06,0.000497012183311948,1.2976564203972784e-10,0.9931723469697796
179,0.22889253856118838,0.014444086203411175,0.00018962757420759965,3.439159272569435e-05,1.1741092479320703e-06,3.475582373136869e-06,0.0019310861165458245,2.4598744582306626e-05,0.012023355056554432,0.7424556664591635
180,4.939246597662375e-08,0.00418370916630363,5.0400637469567355e-08,0.01773907844285107,2.0865183894725823e-13,0.00014674110361659952,0.001194626822416105,0.0019389051260282968,1.8542328269255212e-06,0.9747949853126453
181,0.0878979168765856,0.0007060559719443291,0.0005752997016225642,1.1349384099809568e-05,2.7031854747734516e-09,1.0845121716362564e-06,7.79976395642732e-05,5.642059421427951e-07,0.12620264822458782,0.7845270807802964
182,4.233913636168565e-06,0.0002432841837505766,2.354470947838009e-05,0.620505251881313,1.1072139526990973e-12,1.618864800951153e-05,1.720645102098631e-08,2.0199926737350072e-05,0.0977559836528206,0.2814312958766963
