,proba_0,proba_1,proba_2,proba_3,proba_4,proba_5,proba_6,proba_7,proba_8,proba_9
0,0.19947721374999142,0.019353599527608647,0.024475336859986166,0.00939735519816368,0.0038351072383077437,0.0012370588394193854,0.003642196583562827,0.0010905764624760423,0.1193031661771922,0.6181883893632916
1,0.16408940750235293,0.021440790541253203,0.02205283523676086,0.008138153308028242,0.00675496549174429,0.0009185321734966316,0.0030510179268054593,0.0009177074793132139,0.138270457060893,0.6343661332793525
2,0.1422465939422146,0.006341118809853335,0.03344139749313844,0.014134053970894797,0.0014383355985963444,0.002417750306358442,0.0032134004003829633,0.003418844912786567,0.33880009866010846,0.45454840590566614
3,0.4645848517955347,0.016584736031670547,0.006050791858862703,0.012359534806151684,0.002019035102321545,0.0018595079265227078,0.004146952462084515,0.005872350007066922,0.21141739522398945,0.27510484478579506
4,0.4313510387065207,0.006698883486595872,0.011777302671154708,0.010731964638084974,0.0016592842146987336,0.0014969412449991968,0.0011597036281080814,0.011993861289996103,0.12249332352657925,0.4006376965932624
5,0.01031505428236237,0.12023281519346979,0.08789856931039636,0.04242429523283444,0.25443117853061553,0.007758578253045116,0.027982803506089046,0.004935054055824971,0.017910689430336232,0.4261109622050262
6,0.3025305843436001,0.014433995745363115,0.013112999051177807,0.006830893788415435,0.002700580599903431,0.0012806550609387904,0.0037481334116926195,0.001148444064433018,0.11372872398947237,0.5404849899450036
7,0.1450696251846074,0.013495486310717791,0.006202428361329277,0.013119661379668182,0.0031387330391848918,0.0008009791277777481,0.0018909968859671157,0.0009641283696154082,0.038709567025891345,0.7766083943152406
8,0.0007292969028524017,0.004681390503383236,0.0008608720917846292,0.003588076973314398,0.0006289755479583482,0.033341058390087705,0.0020701645951587003,0.004519402480795551,0.001540915381154372,0.9480398471335106
9,0.04943934834286001,0.09458335534412594,0.0218914536009557,0.22064702162159688,0.011919042973160642,0.005286389953551384,0.02040043211296237,0.008640615139830865,0.0833066734631774,0.4838856674477787
10,0.014325918222987939,0.010026734213099188,0.02663016124431844,0.007653250393664843,0.002110973161895656,0.0023899651451919908,0.0037102279654878155,0.001678929423614558,0.1087179247610553,0.8227559154686839
11,0.17970914433554372,0.020272311808516543,0.012853966664808845,0.00740129843906338,0.0030529350449097774,0.0008615126636636329,0.003139028001430372,0.0009752863656756802,0.1300841633805758,0.6416503532958115
12,0.49533915923523497,0.006876946565871652,0.0027874573861463156,0.006421670404098476,0.0009049452330190668,0.0011694367021114972,0.0012612189570703049,0.0008934946776383084,0.12083526150221345,0.3635104093365963
13,0.02298566958664463,0.01577568981297709,0.004504278065725709,0.009494744880306919,0.10986937820062943,0.004796441552707568,0.01585074063057581,0.004710559360020422,0.12896304966614588,0.6830494482442663
14,0.18211248628001334,0.006629278565489647,0.007074407608195977,0.00498646145870118,0.0007760323304516729,0.0011768188933645298,0.0012979944384936477,0.00038270123531393137,0.29914820693252514,0.49641561225745184
15,0.03853366773971889,0.050334390603386125,0.027940007352924207,0.050061798647347555,0.01765955777768703,0.049776477452008305,0.2622513261026582,0.0670191617025584,0.06332410335383296,0.3730995092678784
16,0.13562188733122393,0.010839650030658121,0.028340596052996627,0.010360848054480887,0.006171286878491924,0.003743018979166647,0.004218604603552234,0.30180120150324874,0.18356677926346762,0.31533612730271315
17,0.01152180046359058,0.03581067053435331,0.009178745592912861,0.015529824997725952,0.3503911634145391,0.00368874786077026,0.013943391093284234,0.0028584794932276086,0.06306656726271581,0.4940106092868803
18,0.2617771995628959,0.02971587507865911,0.023814374090595725,0.01291582434753808,0.012212122447490575,0.0016381962833801247,0.007721432398230929,0.005100829176456598,0.1533380226355264,0.49176612397922637
19,0.015258903565738264,0.06059623477325855,0.007317614109373361,0.020558082744173423,0.3508014739470686,0.011065686081795721,0.07815842066146879,0.006651473442072581,0.08337104812779964,0.3662210625472514
20,0.025902484991589238,0.016754303305487852,0.04896662293460966,0.03299924294630234,0.007004053047502825,0.007763884429119053,0.0060477284799302184,0.11091849788067301,0.06917329357376062,0.6744698884110251
21,0.12213170302024536,0.010528270753532732,0.007181020575244667,0.0060854388559675645,0.0014250678615785508,0.0006571971614480526,0.0014080168103496197,0.00033222284988763425,0.11977250778734862,0.730478554324397
22,0.010616056238735239,0.059910492541680224,0.05651294262968355,0.13119193757379374,0.010465957332032469,0.01288636991690997,0.01700161742564119,0.014935254222787636,0.05604449578808227,0.6304348763306531
23,0.010676171897827876,0.0750548373064618,0.04360598526207128,0.029537697303228555,0.4054386960348605,0.0075921836892955735,0.022642938163812257,0.006759152316838968,0.034711588430802576,0.363980749594801
24,0.008886101920828378,0.12701753736358812,0.39145873737914844,0.07470745151678454,0.028345640849152667,0.00744288857811969,0.03043894074196641,0.007118739575812334,0.033805587106623396,0.29077837496797637
25,0.13694274173491425,0.005676259671740715,0.012431978303174029,0.008246345482170344,0.0007465429331318271,0.0012243979539653764,0.0013608409133456499,0.001179897579113877,0.13504655187041362,0.69714444355803
26,0.23870208166699308,0.004253054612362584,0.009568723936263561,0.00950355806574877,0.0033567560039642667,0.0026440167093135618,0.0023138907446227713,0.1347262557852171,0.2692174228082298,0.3257142396672839
27,0.330731167263085,0.00600857701625492,0.031210481069695414,0.007126725713168395,0.003816142365728824,0.004799385219546508,0.003471288547836043,0.049302844451037636,0.25853501065283163,0.30499837770081567
28,0.011988968806221858,0.03736202072390894,0.0028173528313691298,0.02688705984999809,0.0025554788630960347,0.029170799417919942,0.032667795727515075,0.01977391153437372,0.010269537348187016,0.8265070748974109
29,0.013116896842492363,0.07421988533536208,0.02977946323201539,0.1774330528107293,0.005559949626932326,0.0240131974644637,0.02192494292543868,0.0339019432694057,0.03160701819990592,0.5884436502932544
30,0.0178789871388506,0.16194315977825377,0.02072410223019225,0.09472738848803586,0.35414168396592705,0.01154666104422554,0.20084029562464464,0.011605601938644112,0.05223759414048807,0.07435452565073825
31,0.010270899048633096,0.1389459675944369,0.09201536732516419,0.15529069596091066,0.06356903312806347,0.006139483322679711,0.017487555278329958,0.004052827038867305,0.022071891053366842,0.49015628024954694
32,0.04927342535636166,0.04463577223958675,0.016644079622612426,0.10422911116038192,0.012234607103459237,0.07385268313899981,0.2399769403747465,0.0428518371928567,0.12260212293627488,0.29369942087471973
33,0.07858652047160021,0.002287757485106472,0.004746959088956225,0.004812393446742858,0.0005877233552927567,0.0007740794658587671,0.0005401882589324604,0.0003654024257813217,0.20513096356448046,0.7021680124372482
34,0.03294168432459806,0.004281772418493101,0.002406184789861784,0.012416442528707033,0.002152106827075547,0.02909732745928382,0.003921825159752007,0.00982621975875966,0.017356304531077334,0.8856001322023922
35,0.12245903744326923,0.014017829447758342,0.007737320554058567,0.006215304319661516,0.0035050418378780803,0.0005400000881086619,0.001980241084601075,0.0006683184459451991,0.1465339929332247,0.6963429138454945
36,0.24461802746343855,0.014302312619427352,0.0063847632972638185,0.0077300881848043354,0.002983065397989959,0.0009208692659971442,0.0016891700929124304,0.006166607302999808,0.29877561040403255,0.4164294859711341
37,0.03273200032421265,0.003978252281143818,0.03241155722121379,0.004722833156642677,0.00111052683948338,0.0010461305008488775,0.0020183508473858216,0.0013502697584467207,0.23771398523175005,0.6829160938388716
38,0.026812763213941507,0.0027754424379896627,0.017429660436271886,0.003432908911923746,0.0007121691329426689,0.0009345412964911811,0.0013252607459378245,0.0012945402915505505,0.21950896906581432,0.7257737444671363
39,0.07938620244744413,0.002410953828371731,0.004866685742362668,0.0018373473423945513,0.0007658356786962896,0.0003089292960509699,0.0003354771197024049,0.00010275690882478777,0.12607790239527758,0.783907909240875
40,0.020042815819363773,0.21904140217248178,0.07037373117263729,0.20848059970563113,0.15390062346186725,0.009624289538061019,0.1822570881345149,0.012548538549512153,0.032696741140306275,0.09103417030562488
41,0.019683538817061193,0.011356584173587992,0.03587001302277705,0.021816539999331176,0.00483065277483764,0.013391262072751538,0.005904189594289882,0.11066149791211999,0.35549474941157777,0.42099097222166576
42,0.049036635802785423,0.09492886899656526,0.0450403535243504,0.09606442090122982,0.07678623194696546,0.0028864351839482548,0.012155157003491667,0.0033070846164484483,0.020227153049628317,0.5995676589745867
43,0.01151019005132032,0.0715179240639643,0.016987499638907392,0.2613344348916247,0.007482852633442382,0.010303596986268185,0.026503064130993917,0.00812171610738427,0.022857253189354138,0.5633814683067409
44,0.08599415060356501,0.0019649582098039487,0.003089454332763083,0.002056667146825,0.00041800346839284476,0.0003994604876982917,0.00031064877894728825,0.00014194744820039722,0.11618839368495416,0.7894363158388495
45,0.12836555034502534,0.015119862091700508,0.012431017970719776,0.0957608355413823,0.003437693207953773,0.0037607220097822854,0.007262969507335331,0.044003657997654454,0.24730864824219823,0.44254904308624776
46,0.014504449601864283,0.017142420617298537,0.01696386866475615,0.052915846992435844,0.005324928954623031,0.03235506875055717,0.009783198028531169,0.011349022691908324,0.13466920925759743,0.7049919864404282
47,0.2500845136171554,0.014072311763810214,0.009625753897651282,0.006724301290685756,0.002221024480687668,0.0010008966585093048,0.0026583541915879225,0.0005879537636756583,0.15020040909056645,0.5628244812456702
48,0.048477880408020105,0.003592038127422286,0.015634445372499504,0.003994680076133623,0.000712930730555253,0.0010247741820185678,0.0013895349010726512,0.0011284804153763974,0.190104369342433,0.7339408664444689
49,0.04129081251947898,0.0799134201963695,0.021304889638306797,0.1390484988372055,0.02029944318730337,0.024452146576424708,0.3287479302070292,0.026182130559299802,0.1020757396454025,0.21668498863317928
50,0.03520585921687722,0.1142875268551987,0.043757931717555834,0.11872350733168117,0.3265789251402223,0.007993841604840344,0.03909283278280194,0.0067916961549178735,0.025348065430203296,0.2822198137657013
51,0.36632242872127907,0.006460773321026367,0.005268663775153147,0.005903233114295625,0.0009273081566139436,0.0012203818979238108,0.001190727223116696,0.0005117902638427266,0.1636108611671721,0.44858383235957694
52,0.13058970047631274,0.014377502909820572,0.019328074955834433,0.022519356044953292,0.005706750040829262,0.0017758906132538817,0.005631942531415212,0.008890691602567944,0.20865305313054902,0.582527037694464
53,0.12330591233128804,0.007263806226198556,0.004293020168820525,0.0076305260438452,0.001296579640690017,0.0009450803843940987,0.001650193347797915,0.0004200514303684573,0.1256042581086644,0.7275905723179327
54,0.40001242964406797,0.00721678799751042,0.0067978215094023,0.005108556814269717,0.0013102753838448065,0.0011773232877839445,0.0019144988372783776,0.0013174917236416547,0.12318937632716978,0.4519554384750313
55,0.575122010216999,0.008748695949600998,0.007932636522506717,0.008716859907397023,0.001540939901386758,0.0012741723265703275,0.0020985300703321,0.001894711553336558,0.07524688204564164,0.3174245615062288
56,0.1507540077627871,0.0030304684679335306,0.009986002993819092,0.0036406896176067443,0.0006290450710712323,0.0005939555826475404,0.000656419100414199,0.00035286459486100533,0.17285294242520965,0.6575036043836495
57,0.03916018361153169,0.003131367327237281,0.02574500325276459,0.003346549259566877,0.0010153378348550504,0.0017170555839000814,0.0017084176460883825,0.002477314621332055,0.38697165852741156,0.5347271123353121
58,0.45723539558674375,0.004556507468234143,0.0033091972926577273,0.004612783456890838,0.0006865530146370652,0.001007395605391602,0.0008603853554419542,0.0007455708969344177,0.12846150094468556,0.3985247103783829
59,0.02231693469705339,0.1284517566277845,0.0425859224464213,0.04764160291790912,0.33433216699096213,0.007100946786458062,0.04015348965437128,0.005066169320363921,0.021190676104281558,0.3511603344543947
60,0.003920200001740207,0.013202048192432326,0.0022183759285778586,0.02320346081377844,0.0038653147305279453,0.020585367321114146,0.024593417695846595,0.007604662962369301,0.003459791953098607,0.8973473604005148
61,0.03599128817943483,0.10575887533284149,0.04917272637556298,0.1555310979660411,0.08761256078368866,0.0036417052330756355,0.015253830491086353,0.004193510986942851,0.01905621698351604,0.52378818766781
62,0.09027202621085591,0.003611724668568051,0.006348916275546284,0.0022296954727802163,0.001287336233329526,0.0003356005735383536,0.00048609483742266014,0.00014724733411121697,0.11526858038780972,0.7800127780060382
63,0.040547875164282265,0.028509892038609316,0.009477658758313615,0.11185750968086464,0.007100976071014275,0.042732423192395765,0.15658261632610518,0.028980219666471567,0.13398595531527238,0.44022487378667086
64,0.004378877843367937,0.12160685160899198,0.6250891100618495,0.04096861030926153,0.017803572078382755,0.006171536382998615,0.03527266874096388,0.007538781109205423,0.015283951122302995,0.12588604074267506
65,0.08673186852351826,0.005395576902348218,0.04007215645155147,0.006898253608649406,0.00169571867814105,0.003276408277033288,0.0027526803757862103,0.004502233932585227,0.5007780133444141,0.3478970899059729
66,0.015294141844525332,0.25055655586188896,0.1623783204157852,0.1795353032939006,0.11129752701882024,0.00965325959357209,0.19614545958676752,0.01400586257855196,0.018156174948869227,0.04297739485731893
67,0.13543116968455665,0.028633034158633504,0.008053332420980974,0.02058512927996668,0.009409759209530279,0.0014345844773897775,0.004117137947362378,0.002545404489341359,0.03132200253301007,0.7584684457992286
68,0.04712639281145336,0.15277781052679307,0.01894455048299277,0.21300176407877464,0.016961290741494623,0.010167288224765557,0.0843694409357453,0.01101086460843467,0.06240572340883148,0.3832348741807146
69,0.18054885066398738,0.013418679750056289,0.02606882056321183,0.0676182515563001,0.0054918390131418,0.012763857028438949,0.007316531408951796,0.056153744937101964,0.13534541236730158,0.4952740127115086
70,0.05919033329157024,0.025222907800580324,0.01230410144384936,0.025975095560729168,0.03541730274311415,0.0028485740483826707,0.014851038602377296,0.010820000848293845,0.30564758087829713,0.5077230647828056
71,0.324426721377491,0.008927321316443611,0.010559908508718734,0.01762327553967219,0.003117765184525416,0.0032146524981427212,0.0038349277357117117,0.057520400296643424,0.2810480079343617,0.2897270196082903
72,0.017792126333751747,0.19055179160999913,0.04161325156764023,0.07073440684178077,0.2717940813854534,0.011512505289711797,0.26538814903614566,0.013825707658576682,0.03359423419842584,0.08319374607851528
73,0.024093847605273624,0.14529004587286629,0.23876625530336773,0.25789353254941794,0.01736777078235314,0.003613458894945298,0.024610171674096862,0.01427255123264862,0.05946117704317661,0.21463118904185377
74,0.07526106693960524,0.005439400170108471,0.011060250940488186,0.006968563534520977,0.0007399652576325178,0.001580234647278848,0.0016530855995094415,0.0015204787843990904,0.2392076604803043,0.6565692936461531
75,0.0258108863092615,0.11641488318517167,0.03676428187348626,0.10089510881256072,0.040064589235681014,0.034687210182795476,0.2930392409875204,0.021446102238255917,0.16476788382334923,0.16610981335191788
76,0.1457481800483925,0.010020146177855382,0.011156726474618048,0.004214583376712621,0.0030737795375662463,0.0007654902266966385,0.0017461979638852257,0.0004870061622518512,0.15437657529653379,0.6684113147354878
77,0.0001923850463467254,0.00109949012195981,0.0003470851175438226,0.0013391403640558304,0.0001768981280877781,0.020798954181029942,0.0008512841731035013,0.000944115819004057,0.0005117084835097337,0.9737389385653588
78,0.22098736323990417,0.005774374144819121,0.015437732605823507,0.01770008655246659,0.0025171226907745705,0.0023141903592595455,0.0026776785494730775,0.0527636848319817,0.30398363047378796,0.3758441365517098
79,0.004126036971274537,0.0886734877159721,0.7437483144006388,0.02252653982324583,0.011678226110566046,0.00672981560132286,0.027515689450360762,0.016806536551480365,0.02068166570462471,0.057513687670513985
80,0.11099426461087224,0.0031692787828054795,0.0038584835383427885,0.0025846835683507913,0.0006894893363977438,0.0003772185904146882,0.0004076965040974065,0.00012652012732206172,0.16470335737123826,0.7130890075701589
81,0.2984166936887686,0.005787199340304359,0.006889632658389929,0.004171415565453596,0.0008724955661152129,0.0008811194520650086,0.0012100351601799242,0.001078867096434734,0.17723006106839354,0.5034624804038949
82,0.2529926902070605,0.006455573519242746,0.004326571085941633,0.005539419519126069,0.000764385120200021,0.0017731579882108138,0.0015769244184801988,0.0006347100430512918,0.32216724540906,0.40376932268962684
83,0.4489762288723248,0.009128600651417445,0.0053955520962630146,0.006363517619383489,0.001660370185634284,0.0010204099126688857,0.0018773201737696762,0.0015460435329939855,0.11023670953505292,0.4137952474204921
84,0.016992621377982336,0.24812746624968923,0.0530566291816634,0.21916788964542575,0.2067544081229257,0.01770882943578639,0.14206934877757485,0.013448876429233774,0.018568522836545875,0.06410540794317292
85,0.015708609750722722,0.2359444696832654,0.06404689741474323,0.0462268395041786,0.025571328796585146,0.011240381116018657,0.5365764563451729,0.014236150383295823,0.015038900933517917,0.03540996607249965
86,0.06048418290223706,0.017621286202013482,0.016982509062218782,0.012370120989767083,0.0019284649884349838,0.001062980131304072,0.0027820964824190808,0.0010093859917905872,0.11127273570188075,0.7744862375479337
87,0.013488450805168454,0.09344475096774836,0.043162594356090156,0.033322607879438824,0.011288679860605274,0.13428434196363692,0.11028292973371558,0.02320506199489748,0.04627235244849004,0.4912482299902084
88,0.4410957016037719,0.006934050071866258,0.005504895390908677,0.010966316744251317,0.0025080969151772986,0.0037561025777094275,0.003860304972812064,0.00498604766275218,0.18812308108280165,0.33226540297794976
89,0.011046754128478995,0.11956346765358115,0.598409957367401,0.037541753435721796,0.02797060672232115,0.007130890128478311,0.04548494091706239,0.02630759459128261,0.044066118705067325,0.0824779163506054
90,0.20365980593939154,0.008151461694450982,0.022818889082936347,0.026496952270632597,0.005091169374855019,0.007589314664263801,0.0042735607092720266,0.08672937944683357,0.15951720145010376,0.4756722653672609
91,0.15201788590814508,0.009532689598006619,0.005112666094205688,0.0057810264345709095,0.0016959559631052762,0.0005403379686742221,0.0011988810750311206,0.0004181212971187319,0.16114564401230586,0.6625567916488369
92,0.012237826073727668,0.06680648438893817,0.0803539168788,0.04266143921538039,0.039629663560683065,0.020741264227595785,0.28713028619959696,0.01470324846680824,0.3302717575645901,0.10546411342387968
93,0.0610681080177441,0.08185956166208293,0.04875131499947489,0.027891488265220914,0.0565953345509722,0.0027607260011010817,0.010492616225166814,0.0029773542704112934,0.020131769611416467,0.6874717263964093
94,0.02048573777706512,0.2194626864649112,0.23281332987085826,0.14641849817714037,0.12413790814287064,0.008299399420724765,0.07719123858278835,0.010068023972545742,0.028835749517716426,0.132287428073379
95,0.07646912109330399,0.08725437839323794,0.011436687972885648,0.04979639034691138,0.02473202567620438,0.0032095835676215264,0.024048110607578065,0.004399761439113299,0.15729709415526502,0.5613568467478784
96,0.018259267650843722,0.09912673077339895,0.04553781827607526,0.030049490083371922,0.01174692047107369,0.15545706746446356,0.46892118799870675,0.024275757999388897,0.07663593346260394,0.06998982582007326
97,0.07848420496617056,0.0015633154651972928,0.0025037305108809222,0.0020857099574025646,0.00033195854785192396,0.00041727129050904443,0.0002171511934068889,8.426160794198676e-05,0.14372266973464307,0.7705897267259958
98,0.39147240452249144,0.013161106428249187,0.019391743037195385,0.03015898336287105,0.005490895511176614,0.014733645919954012,0.00980513151906401,0.08260964624063317,0.11069941434611105,0.32247702911225434
99,0.6107276972134852,0.0019031555033230114,0.0062940121606176605,0.007660749670256279,0.0007023253217178544,0.0011279694346760364,0.0008289329453601215,0.010343359674362727,0.10795733875065067,0.25245445932555016
100,0.09748652755195948,0.0050065845285208735,0.005135861678104794,0.007893947773647022,0.0006720960836710648,0.0016649862988579907,0.0015670900721347354,0.001927083580031792,0.1745239057815527,0.7041219166515196
101,0.030895569607441675,0.030908826715380845,0.0037229479171865918,0.01751433533534322,0.217892119110888,0.011362283830233365,0.048963671672850595,0.005271638216556786,0.11988736529236568,0.5135812423017527
102,0.059688232532798896,0.012143627665672152,0.006655538163637452,0.04319259401887021,0.0009390027354742085,0.0023011118353128126,0.0030568130153503523,0.0022681219333338908,0.18648072909563757,0.6832742290039133
103,0.22879598601576132,0.010619445127499419,0.007815809441049997,0.005105345411751146,0.0016375757841257687,0.0008052237443444802,0.0015977069952662706,0.00041139483075850554,0.1329075076027137,0.6103040050467293
104,0.5346604472649584,0.00680083345908794,0.010204215775828772,0.0194416267589543,0.0020645207150470097,0.001879131890699071,0.002814944625263194,0.00958907060330225,0.13909902087387338,0.27344618803298587
105,0.004538669431845503,0.1136602781644585,0.6494188936410314,0.019137416844728937,0.012433805894128281,0.010926510529554631,0.04324979773268804,0.01616488380060958,0.025782813665621157,0.10468693029533431
106,0.13012287521996174,0.029604468744935646,0.01435285443581917,0.008292156900937356,0.0167862889270018,0.0009836438672518385,0.0035365080661684594,0.0013141964245901132,0.09383839017098942,0.7011686172423449
107,0.3022801129244582,0.008745735474205044,0.01174214135348018,0.018750245390722637,0.003556890330161685,0.004609893739631442,0.005048516468195211,0.0402111464234031,0.16572700899666615,0.4393283088990766
108,0.02627332516134135,0.005440158407017522,0.007624241717127253,0.046069020032950256,0.0019681078650812373,0.015016332645808853,0.004466063724899245,0.022087409279944525,0.09524681122827579,0.7758085299375537
109,0.12036726735561495,0.010301773642252916,0.0065871255126975425,0.019770005428241148,0.004532548744693795,0.030103219834412793,0.0186731302718764,0.09138968655631194,0.04507406355090494,0.6532011791029934
110,0.0092956573311783,0.09695878079986525,0.1858524020339398,0.04096734652458134,0.010707811998338371,0.012045609260819623,0.06979830190830771,0.025164773973109424,0.13124162368594813,0.41796769248391175
111,0.005649104632352912,0.014069107512397873,0.05184734637382005,0.010995933273041013,0.002073108847164124,0.002024326915125806,0.00615670845157354,0.0016788004383749312,0.07379478528183721,0.8317107782743124
112,0.009444323455270088,0.06816125429399945,0.02435765702662538,0.0392535368268324,0.3518343704023267,0.010379727537687549,0.10978327973064879,0.00871527183328277,0.08302734329851028,0.29504323559481616
113,0.024184046004383692,0.020157843894711286,0.002266808182948839,0.03252002041483222,0.0020959739762794463,0.015746278377884407,0.019672979674265127,0.020106675566314552,0.01070593214488587,0.8525434417634947
114,0.039404249954528736,0.028667431681377115,0.06208901502728913,0.04438686383706917,0.02397994379503993,0.0031447778008265254,0.009738742142412566,0.02569319444982463,0.22972808949376547,0.5331676918178666
115,0.028445023808531308,0.031424138676412666,0.006943397657744378,0.029089551789474897,0.00757242598747506,0.0029067325057996933,0.020153353559662406,0.007283324371656911,0.23415143511727582,0.6320306165259667
116,0.029560757853791197,0.019220298611842882,0.00261571610535154,0.03831069076825666,0.001940480416905104,0.015115313436590635,0.019052875836086815,0.01900272088364645,0.012907182080571497,0.8422739640069574
117,0.012143948752689636,0.2022813838853362,0.09772468023285061,0.0995734891389462,0.0403703457493666,0.023102221175701262,0.12143952798802626,0.01898894825211087,0.06112182341181111,0.3232536314131619
118,0.37774274791804413,0.02698112468864825,0.007639953443372882,0.01672471166539662,0.003250719494413173,0.0015219888080836971,0.004453573327443648,0.0022835676969290694,0.17533167141327619,0.3840699415443921
119,0.572149393996277,0.01075096441268298,0.006553123868300996,0.015077822390357484,0.0018254169264948171,0.004615446442957139,0.004242477448847894,0.00479197396879059,0.13867951876381676,0.24131386178147443
120,0.007106946335884551,0.05145025528058797,0.016146775309799733,0.02838645276586153,0.33091888171126754,0.008656597360026599,0.05807957665509178,0.0058473341169699355,0.059076220814108196,0.4343309596504023
121,0.07165775337757775,0.0011440499492524172,0.0019874359067263182,0.0015457202182578929,0.00031469014789899374,0.00037465721693436666,0.0001595924456754003,5.3293578465128926e-05,0.12870507111185256,0.7940577360473593
122,0.009079453503519038,0.0009243099886720341,0.000355550783269817,0.0021659699252549024,0.0005357956042942885,0.009391013896584767,0.0007078878762433199,0.0018901531615816947,0.0029896956062360897,0.9719601696543442
123,0.12650684932322415,0.02359148328335859,0.01498273360114981,0.007249388135518887,0.005878965728229802,0.0008464797478602526,0.003161597297644401,0.0006768536530056689,0.09374384177447966,0.723361807455529
124,0.024360725136048204,0.0035898831305867986,0.017564963281255726,0.01309594955881291,0.0009431653120228771,0.007336808676414276,0.0016448587708783248,0.0032417873793510877,0.5460169428101933,0.3822049159444361
125,0.0006808022981073538,0.003805149620527173,0.0007154093818509317,0.003038781172831482,0.0006039785077929383,0.0338479056029444,0.0019224776999335746,0.0039003951929617053,0.00136299758521092,0.9501221029378395
126,0.2527517307483676,0.013577621083268326,0.027312216033089278,0.010242625721717736,0.0031073032284077255,0.0012479186338836858,0.004553662447483983,0.007179297212488869,0.19495299561851145,0.48507462927278133
127,0.02114456528689984,0.020285570871504947,0.06603589750783165,0.10504235572802112,0.006322268273467967,0.004064128442539553,0.004181622437573961,0.019185168954988074,0.10499903366650645,0.6487393888306671
128,0.03381330486263896,0.0021152693689649588,0.011832328192722067,0.002898739236549488,0.0006236295283390086,0.000983209717210125,0.0009901994343963314,0.0013530095955108603,0.24669004652412904,0.6987002635395395
129,0.004098080872604307,0.003695421389097585,0.0020061758507449244,0.0595908403120462,0.0008502358132132983,0.003628594913970414,0.001938024332538257,0.006541983983520874,0.019709489292961763,0.8979411532393031
130,0.16021978270759893,0.015980980107156696,0.004944623762638249,0.013472929050811603,0.001454852080457953,0.0016014308308126806,0.004151554485864258,0.0008650918526188033,0.08584921989693103,0.7114595352251099
131,0.008132116602676176,0.009267474972066182,0.00112457967692155,0.011563136582332382,0.00134846820657919,0.013179299265333202,0.009063752718018056,0.013466198540307638,0.004894596367038714,0.9279603770687269
132,0.008533062304207186,0.1374811310368808,0.255788482948351,0.03221481039638547,0.009500883675833014,0.014386566987096634,0.062408196915653066,0.022876018109331375,0.0601760202654202,0.39663482736084144
133,0.41062802052125685,0.004924698537661125,0.006808317983150285,0.010651021049438221,0.0029441041715589813,0.003583409011274374,0.0032897353674655144,0.049496463207753486,0.2250770433534669,0.2825971867969749
134,0.007852642670552365,0.017107906445856743,0.0022509970758877135,0.046223577153111435,0.0018716727060159647,0.007289490538340425,0.02563960075792388,0.013739402614693665,0.0148925401219168,0.8631321699157012
135,0.014351596890595614,0.012499070195204721,0.001551519416827217,0.01805876941960966,0.0016171602408030033,0.01407988998705745,0.01326468440879153,0.016346431334711847,0.007243249758540472,0.9009876283478584
136,0.006984266692072528,0.024769819617529477,0.1315747895586969,0.03780070177936093,0.002429267296837257,0.00471300150864349,0.003905204154963512,0.03668067863646216,0.02444921150343778,0.7266930592519959
137,0.017994608383977834,0.019029883065254737,0.0020173016270054046,0.026979691868952674,0.001978440769393821,0.015790040957230207,0.0183216614287403,0.018753159868679366,0.009137749821470306,0.869997462209295
138,0.005993960803469018,0.024237874046641156,0.7992940227661164,0.015121391335489977,0.0044510296108188525,0.005226194825350441,0.002590002826675387,0.008171199220594345,0.03887657208360168,0.09603775248124265
139,0.019189825701923634,0.03774799444649008,0.008315507991766677,0.021413953953424186,0.142495440858345,0.009956820178690932,0.08514940716509346,0.008304269998966359,0.15633836093858317,0.5110884187667162
140,0.005654406242659796,0.020512805313287807,0.0017956359268739357,0.012924873452593456,0.0018754460496299675,0.0249930857202838,0.010821077008979657,0.01644195502238574,0.005534024488451111,0.8994466907748547
141,0.00039413489027973647,0.0017537564906017634,0.0004068502208060415,0.0019031128239304412,0.0003581099587912649,0.030410313590706062,0.001268711024452284,0.0017484107848870555,0.0007947875824187396,0.9609618126331264
142,0.0034342552006379513,0.02282149313506631,0.0018783728724171384,0.011097510963383066,0.0018871465494247148,0.07174975278690639,0.007121101428724863,0.0131346793903093,0.004480382874509265,0.862395304798621
143,0.12692694125762344,0.007481154027161831,0.009304506804971637,0.009161181762268912,0.0012424144666559782,0.0005923650664872444,0.0013867696323922908,0.001122394098479127,0.12907090898381887,0.713711363900141
144,0.2776026145197725,0.006721351965821466,0.005728560056513238,0.004593788101551856,0.0012046488913098632,0.0008399947878488856,0.0010938632228453752,0.0002546689480314501,0.12168441332927304,0.5802760961770325
145,0.01285093319125081,0.22802411096183473,0.24683183978733442,0.06087933937132218,0.13507302028285134,0.012198069938155571,0.2204716584370541,0.013064566504716102,0.017429061973480573,0.05317739955200043
146,0.4429092507444853,0.010156815403847089,0.0061391181788121,0.016407845633497196,0.0015980974128001356,0.002596833498835095,0.0027786693154710287,0.001978019412182143,0.12326136682925962,0.3921739835708103
147,0.011607319536012744,0.15184448125754124,0.07120894023605366,0.05225670809836224,0.35278295470484855,0.010610131977970111,0.07383029805418075,0.00814065944671339,0.03521508165906639,0.23250342502925087
148,0.03659767274113105,0.0035676038453420294,0.007922720487881722,0.008990182246808127,0.0005090070255918831,0.0011573644244280866,0.000971159385645307,0.001020903074131269,0.20705801192535173,0.7322053748436884
149,0.003709593665756342,0.02390894458678018,0.0018831444661831598,0.011291008409627414,0.0018985296924885692,0.060227432217433347,0.007425188212407428,0.013628121499519702,0.0046023778760499396,0.871425659373754
150,0.5482943069810807,0.009944439604610448,0.004363862355457432,0.0077988119343945115,0.0011183618763707629,0.00309998271465672,0.0018746662674545785,0.0030749730333729693,0.21074050721759519,0.20969008801500666
151,0.39543821544285973,0.010412637985322847,0.007701244805983063,0.007495833949683338,0.0014896746385682684,0.0014545416753522986,0.0021551528474113534,0.0010691300027174235,0.22648426771338975,0.34629930093871186
152,0.17408314998201427,0.010034254716825359,0.009937957163650236,0.007979340422072705,0.00105170770415796,0.0009992674231135744,0.0020129252208676263,0.0008882607822094017,0.24602668599007826,0.5469864505950108
153,0.006399244258444714,0.22435115331643113,0.49408167129181296,0.03444243073437286,0.011167632270496494,0.014129180860016686,0.052015285237199366,0.01710413510560721,0.008590995837071395,0.13771827108854698
154,0.013770180635875439,0.02957179544006277,0.028360520722629207,0.02667810043979925,0.0049179875515941345,0.013796456804514244,0.007434821031498739,0.06840154289356683,0.041687987915947605,0.7653806065645121
155,0.10194613876797746,0.0032844229196255918,0.009421198137768693,0.008120076474938964,0.0005696509397156406,0.000510828375040318,0.0009206596595551592,0.0025306906684648784,0.15904572657511828,0.7136506074817942
156,0.03620561012902808,0.06468276535650816,0.006388714089777543,0.0723937638473086,0.0052596775610636885,0.03832609767277346,0.1504971358269799,0.02869687321425413,0.028805500456677804,0.5687438618456292
157,0.012220751562752612,0.00798867940528732,0.02183366486798138,0.006197319294378957,0.0017150280708134106,0.0019220495110645434,0.0029855527964839576,0.0013116741459817131,0.09808732790710777,0.8457379524381485
158,0.004500598140753417,0.034644221167342566,0.010386349807820616,0.01709739501060863,0.0013500739343702726,0.016570617155792264,0.031602255035761626,0.005631027255358974,0.041674005898024516,0.836543456594167
159,0.13019869867457867,0.007906098767735917,0.03451329350772432,0.0248541617307164,0.0033002722127881026,0.005676606455472604,0.002829959875884585,0.034350657829407716,0.41695777032157855,0.3394124806241132
160,0.00802575058687406,0.04270783588853572,0.720761795750917,0.044472098254284054,0.00655733598605741,0.006821711577800295,0.006931254988540451,0.021503038427513485,0.038064618568680576,0.10415455997079692
161,0.3217895913584963,0.01771035785133703,0.018880128419151754,0.025264246419509126,0.007089955238067392,0.004233229716825249,0.009936541546701339,0.053512073850921126,0.19314104489785894,0.34844283070113163
162,0.015903821603952446,0.024332282826506072,0.004034809661811944,0.014138976223069682,0.3015032804151558,0.00661092926522898,0.04190261685894272,0.004935724496936312,0.09192515107570903,0.4947124075726868
163,0.22149378400828332,0.03624548204479681,0.028741131970614477,0.010660372530801909,0.01238223895132849,0.001717444993344323,0.007809484165360354,0.0024156015676223804,0.14055339400236905,0.537981065765479
164,0.01049675627041677,0.021272257731337646,0.005865442703999297,0.01910558364491537,0.006731442014823567,0.382130289300238,0.024563788158245742,0.011664023695006541,0.015925943843704837,0.5022444726373115
165,0.003809656557575857,0.010736962253357967,0.001144530504945396,0.008001524871093114,0.0013833560846175754,0.018328642241910404,0.006280752918181526,0.012534186912818173,0.0036672670317910634,0.9341131206237087
166,0.010606598873706845,0.0070041432397414125,0.001416971975514797,0.005777502028577019,0.006009277733599952,0.1068917111414575,0.01952109102801784,0.015872639754036712,0.0037863659169066993,0.823113698308441
167,0.13681399418517842,0.02753283085771148,0.016335339376052298,0.008076520620003249,0.008201041534970714,0.0009656783125306956,0.004100374390491345,0.0009202907489429255,0.09239296214602608,0.7046609678280928
168,0.10529066532831005,0.004110145247365594,0.0027986731522741093,0.008613831260901057,0.0007651180281017418,0.001304509241906417,0.001142740310428447,0.0008593996898688883,0.12010427186557197,0.7550106458752716
169,0.1296335374315564,0.007513232955147133,0.006302041327539835,0.003877274746253968,0.0014505446269780045,0.000401772245082317,0.0008499555474237194,0.0002564237112643893,0.1570259888194315,0.6926892285893224
170,0.08627692932257662,0.002027367881919341,0.002664893155186874,0.0024489526619241473,0.0003717610404079146,0.0005015150412804144,0.0003101872685352829,0.0001142779007237389,0.13660849363537012,0.7686756220920757
171,0.011330497225005296,0.0617314475373697,0.5159227315598297,0.048209577018664254,0.02130467130601583,0.00673794365374315,0.02518853107557753,0.02351811532996219,0.09949299787626087,0.18656348741757123
172,0.02494325929240484,0.002113440531689541,0.015229925382499761,0.0025831531992902015,0.0006272500764239986,0.0008867410922388235,0.0008940670406662001,0.0011915422496839776,0.2569904412452655,0.6945401798898372
173,0.07351273405196891,0.003655784239352233,0.012739921007077134,0.013726990612265318,0.001423194632969522,0.0007702732825168759,0.0006271137390814523,0.03826784514752524,0.4173309197994899,0.4379452234877538
174,0.055995920332260786,0.14787942627005207,0.027128741854180106,0.046313989727632676,0.11092076849698554,0.00767792527798681,0.05034425399956867,0.007450137280891797,0.13363140686636432,0.41265742989407694
175,0.025373497243237973,0.16383631906558319,0.05253044550701948,0.0636209286092545,0.03499929906397799,0.0359981767793427,0.406145119700214,0.01810488289866659,0.09813091092978209,0.10126042020292164
176,0.15704485956251504,0.03070730308443471,0.018464534642275775,0.03294623841180033,0.00977505981192673,0.0019337357400327313,0.011195148646605884,0.008718801554860935,0.1722371062764459,0.5569772122691022
177,0.011168052779180157,0.1627265385266979,0.06266735901425015,0.09235651794818636,0.017224531560720232,0.03033279458346144,0.11847483231584842,0.020504921782669366,0.05474921049256477,0.42979524099642114
178,0.0013532298927219025,0.005549823358216922,0.0005984128238883464,0.004362126718591584,0.0009983418199997977,0.028694087668462903,0.0020347575525421027,0.007041574133961861,0.0016795826751675087,0.9476880633564471
179,0.16694446860739398,0.015727340813391246,0.005983127812104537,0.01334090574409708,0.0018692965367594783,0.0009833849421513308,0.003005822746880872,0.002017916444999017,0.11402359154581138,0.6761041448064112
180,0.01396871329012953,0.011204736944746009,0.0014288097566292931,0.016517875238774696,0.0015495080617147418,0.013802700725469791,0.012034029373985518,0.01584102011416307,0.006838478448375323,0.906814128046012
181,0.14941643562662776,0.00349390896890075,0.009335913982840319,0.0038244673249840408,0.0006281509707534295,0.0006140350861604333,0.000745860187005592,0.0005216844642547038,0.1626535528452618,0.6687659905432112
182,0.023306636357588548,0.031181187956816337,0.045748927308970386,0.4196026106886954,0.006481635713335111,0.018152786102074197,0.016299747645833005,0.056312796556267024,0.06127615795927196,0.3216375137111488
183,0.06275167434962409,0.018684390723375986,0.05829040523544491,0.06810485566232997,0.006244444973327509,0.003014215649237174,0.007178174986899943,0.04005751552903954,0.23527999187808174,0.5003943310126389
184,0.007733630996676986,0.14932653101340432,0.5346521966742427,0.04504049291809067,0.00816764687893385,0.006447670994107845,0.047871147162158435,0.014165687072987251,0.028296208580134194,0.15829878770926406
185,0.3866357457051807,0.008647156504298521,0.010283556907906435,0.024823895858641455,0.005455782286693912,0.00936998533110008,0.006818022571479909,0.08922556531038359,0.18816127401193983,0.2705790155123756
186,0.27889684253431823,0.013826449824679135,0.010689955349286519,0.0077758020018713825,0.002153070853384264,0.0012113422126105878,0.002956492280512408,0.0006960487736254815,0.13233784665851328,0.5494561495111991
187,0.23961268352977777,0.00828441883146074,0.003191341723368018,0.006763030936607736,0.001094298082756136,0.0020224782037858093,0.0018964863830787265,0.0020013553229730114,0.3686518014313913,0.36648210555480143
188,0.018092396694259615,0.2095225824494156,0.026687043435065,0.06371066368043139,0.0670971281367715,0.015612803035072084,0.33245944657424664,0.014501568313435229,0.05607127607009393,0.19624509161120895
189,0.16498977352940086,0.0034424801783396073,0.005166012228534174,0.002702665833944446,0.0006407544108132765,0.0006045812620644833,0.0006525979343861943,0.0003560799116017277,0.14123111558697776,0.6802139391239376
