,proba_0,proba_1,proba_2,proba_3,proba_4,proba_5,proba_6,proba_7,proba_8,proba_9
0,0.33199792981700166,0.021426144351161833,0.0029578329772663088,0.00610455799259879,0.00671000536919366,0.0014183646545048272,0.004070460083655366,0.0013936862788395544,0.18628915318861472,0.4376318652871635
1,0.27846875799695886,0.02584102934383585,0.0025813805222638106,0.006115861097179717,0.009345837963517222,0.0009609896761899654,0.004022995526353303,0.0008786193006057942,0.10713562424592107,0.5646489043271745
2,0.057374702030595574,0.01776839235019831,0.033309976823422106,0.014657317354101378,0.0032593311341982557,0.005562148737111559,0.0075665543689574025,0.005962054693275075,0.3717453111901366,0.48279421131800354
3,0.47827975075124024,0.015055846505087636,0.0012486944769714617,0.004108687228095851,0.0018576661602054145,0.0011137327666706262,0.002036799221805849,0.01266293915017964,0.14507944806658887,0.33855643567315463
4,0.5099962971969231,0.015855731093879385,0.012331628360428844,0.008842674039148745,0.004228453932992717,0.008282379050573913,0.0071503576879142225,0.03480080242462699,0.1829386329604949,0.21557304325301688
5,0.015383140061837183,0.1353349437482986,0.21939531431968196,0.10802279146374337,0.28522945965262236,0.01630662683767037,0.01753796532530228,0.010381271764046249,0.02895040878443949,0.16345807804235787
6,0.4879795129286039,0.02417735705601384,0.004862863980173476,0.008537461206162106,0.0070681350033380734,0.003503591889763665,0.007512714636232119,0.005459283329513086,0.15455167818675997,0.2963474017834393
7,0.02387369722701438,0.03220302560687564,0.0029552874414284012,0.014776865851714602,0.004836714803112086,0.0009466571914698124,0.0033166090872405497,0.0021293216023488383,0.05128585673901594,0.8636759644497799
8,0.002671231983263919,0.017159260178404107,0.0009282412494529977,0.008372836182552086,0.0021337467025228556,0.02392673921852286,0.011553444926313133,0.003293591541737832,0.0050522399719101895,0.92490866804532
9,0.05325425305265671,0.053393768520506445,0.001959882448668381,0.09271696853612635,0.006336845336570326,0.001335919847091774,0.0036168429037107715,0.004213029743944597,0.0345604134756985,0.7486120761350266
10,0.0034919944948515456,0.017556159109718274,0.16650720089079096,0.004654322772367795,0.004878007984926126,0.004249217115420009,0.020508679156377267,0.0019051767181898064,0.046128129115683106,0.730121112641675
11,0.0700380069083226,0.022559426868861445,0.012528296593379853,0.010864027416634633,0.00801317207453869,0.0023875439435461316,0.008723062817918415,0.002937100821705717,0.1281198990653064,0.7338294634897863
12,0.25341381762423704,0.01886874805544673,0.0004546205156850041,0.001697188648083028,0.0020572211658564515,0.0005716747095025213,0.0007832436470565234,0.001374069328904866,0.1639046289150558,0.5568747873901719
13,0.02679404494785512,0.035590801294063903,0.006243868060380593,0.016718958146839064,0.1262310106757086,0.007343779216550876,0.020025882560804634,0.0031279558223077986,0.20344927421551454,0.554474425059975
14,0.39914923016643533,0.011662262642695174,0.00040029334883707476,0.0024984301325755723,0.0014524219992264307,0.001064159989487581,0.0006958749334345012,0.0008293001164808709,0.12993407808174728,0.45231394858908003
15,0.04927929675191218,0.035641426650648296,0.015318069739989625,0.039181952464068075,0.017077915772421952,0.0737463432988339,0.181277635719045,0.07656828556856823,0.08819083143548655,0.4237182425990262
16,0.0811747202746116,0.01736865220415193,0.012159154409974638,0.023643024862038904,0.008760034774896902,0.008417752177755146,0.01603568722525758,0.3442983421095483,0.2984722388658851,0.18967039309588002
17,0.0066536825775646334,0.06609866715947828,0.012537537593077798,0.008832683312545463,0.3348563490409166,0.004185378885861442,0.004362466789234889,0.0023614837767447746,0.04409298033408923,0.516018770530487
18,0.37863552566448183,0.036533810598473604,0.00736866589918621,0.011451504764036991,0.012836852091333999,0.0032103001720209384,0.011386606349426162,0.01781093499890495,0.1294199104554315,0.3913458890067041
19,0.016065557700065188,0.0439361138056798,0.008099803293764519,0.009170868676933227,0.3049010986044437,0.01365426650797791,0.03913932576480422,0.003856389289778388,0.08834643755103527,0.47283013880551755
20,0.06450038876512956,0.02758935196551921,0.029104235845347215,0.03045421567698682,0.012226299684175173,0.016160327635832257,0.026311257673573365,0.26278903191231656,0.15890624052440175,0.3719586503167188
21,0.006888290909340093,0.016521042694799568,0.07636274681670024,0.011485322190565282,0.011524792781123878,0.0036733711808536107,0.017834509554921333,0.0034551561465880156,0.0646122458109627,0.7876425219141453
22,0.006732070776561362,0.05268837564761145,0.027212682359000206,0.09419924377878919,0.009050235497098444,0.004093130088858127,0.006947644386934859,0.003194204669455753,0.03794233196073651,0.7579400808349536
23,0.007778793408152121,0.10674912225878648,0.035449413495712484,0.015637368194778272,0.33550858186062116,0.007454187037787552,0.012019130512689128,0.00470276173801855,0.03641935518801208,0.43828128630544144
24,0.0032770908877839083,0.08178299744605277,0.605340307044871,0.007661897169429752,0.024104625596756253,0.004366365906421764,0.012804053898637867,0.002943633475517395,0.00761744599964036,0.2501015825748893
25,0.04830435181834866,0.012068540356123002,0.0052748162454450105,0.005395614422980374,0.0017767703085798422,0.0009577041186882506,0.002135079932404822,0.0012876259549597585,0.17382357171454457,0.7489759251279255
26,0.06702834352263026,0.004330142509736073,0.002253529586994408,0.00823453981737008,0.0020127117143496753,0.001900694809748752,0.0023816524698301537,0.1217382672137947,0.3093094422346631,0.48081067612088324
27,0.10859873854518275,0.008727982717913307,0.006530345808930346,0.011011941232119104,0.0042093539639637325,0.00826481720178972,0.0056581937183314435,0.04268578469396198,0.29129169331864063,0.5130211487991667
28,0.015101535634157878,0.01344522478732484,0.002071766843631802,0.014168267298662312,0.0023022920265067153,0.019143418378056103,0.019169890588126084,0.020763466896397124,0.020395928703296998,0.8734382088438399
29,0.00997540019994547,0.10615899678539725,0.043072563258211745,0.1263964106332547,0.009211372116390568,0.016834020695345307,0.017226989006907317,0.008763811176012885,0.03434894377855545,0.6280114923499797
30,0.015186621500035266,0.07800036451937647,0.028793528349186918,0.03814165358013222,0.3836843835208721,0.016085153104492562,0.04196523271597033,0.007939552771815179,0.045976706260157776,0.34422680367796127
31,0.018385113773884566,0.09805215281774092,0.3875191865070812,0.18703289707662346,0.06772959632620945,0.014486165482228395,0.027078441657468966,0.012728738557989111,0.023987495260475306,0.16300021254029853
32,0.04830129969078017,0.03709851314809431,0.005913958089888102,0.4049518495414851,0.013507706314476975,0.031138144541816522,0.026563623948810577,0.014637495276867387,0.026690241737119383,0.39119716771066143
33,0.007003678183108858,0.013556691843723498,0.0002524602089061222,0.002811014471411611,0.004263490019363633,0.0003359795467137545,0.000538188561143706,0.00043510694161017394,0.18358338683115977,0.7872200033928588
34,0.06527401234435791,0.00865329404756012,0.002403624471712476,0.043313674776954525,0.005816816966732422,0.032316066036136085,0.012939657403485183,0.008994140438157508,0.0366408117749474,0.7836479017399561
35,0.156267760077365,0.024853013442889673,0.0009977165618791405,0.004270996996947927,0.004318603750707617,0.0007897906104715813,0.0021756705356436347,0.0013739928359350645,0.19168490846500616,0.6132675467231542
36,0.0702339364127513,0.009177920632896932,0.001507802267798341,0.004243032853410698,0.001972948060083836,0.0011132600284289964,0.0023201496006562184,0.011784246551895316,0.27204169357524843,0.6256050100168299
37,0.01894446537695314,0.011091209851261101,0.012341535293360155,0.004331878352161235,0.002532252846536289,0.0013161801399189325,0.0021171849951976624,0.0016648030885452988,0.27124842780259906,0.6744120622534672
38,0.017800435984758074,0.009481840500197515,0.0036107646240463327,0.003242110321414595,0.002071601322146414,0.0008732092739242987,0.0012277908694893604,0.0008675866097779761,0.28732355582950364,0.6735011046647418
39,0.051203830723262164,0.011549606811476001,0.00044099097092145054,0.002134676757244523,0.005977107391097539,0.0004651288866760399,0.0007524926016586955,0.0004935090779826225,0.16376072115165463,0.7632219356280263
40,0.020615892098547296,0.22565130362366478,0.07696457698491838,0.10708154476407263,0.11841129201027076,0.01729621489526662,0.19419907640704812,0.014316971633218012,0.07711277669484917,0.14835035088814363
41,0.094550189155413,0.0191799788467377,0.009253844144168714,0.03035957703078412,0.008380754660970732,0.021421866845371697,0.020510697484300334,0.3096056509277733,0.1750288464565419,0.3117085944479385
42,0.04728675968217154,0.10498263677763248,0.02464138019635736,0.08951978760871918,0.09285902535416217,0.004726130081610341,0.00945294370674309,0.005926384065194792,0.019718685452911316,0.6008862670744982
43,0.00127372270119555,0.028836107932129786,0.01769160577064106,0.02218872326556761,0.006650871588277534,0.002507606903610788,0.006829952201633021,0.0009699089337575834,0.008257957021816493,0.9047935436813701
44,0.026787217391237284,0.0142117903659814,0.0003414732075896917,0.0017226410725901628,0.0046828970816015746,0.0003888974966661512,0.0006053093896624262,0.0005029291962389581,0.18007543942072526,0.7706814053777068
45,0.18952159957610362,0.02317425958744257,0.007487214492032679,0.0925939395219365,0.007498829022406882,0.0061016138487173495,0.011198840823767668,0.042812427627444326,0.2185455133089569,0.4010657621911914
46,0.14051632215285942,0.03160136596522099,0.03204588439591128,0.09372523288159713,0.011010107086235333,0.0532177859498694,0.03287697179815475,0.03271791012171447,0.15684323101077258,0.4154451886376644
47,0.5098558096914007,0.01900585726509683,0.0016553561612696987,0.003486364669135782,0.0037800458833185243,0.0010287576358156971,0.002741552176080423,0.0006639214497969144,0.09599392574636706,0.36178840932171835
48,0.028874999562936356,0.012637466697402405,0.011033864643280092,0.00479675063155237,0.0026367427409295483,0.0013912852511359247,0.002528585716024145,0.0015472521964430552,0.22426948152050627,0.7102835710397897
49,0.03499100806192977,0.07014300793789051,0.015786685674480078,0.044148681062320914,0.019970144727447604,0.03840858374570286,0.1540880196135067,0.016345616132563415,0.06209809492592319,0.5440201581182349
50,0.030256080898249754,0.12687335668871133,0.06160104120866306,0.10087300945503899,0.368792868771908,0.01275724093820635,0.022331400496790228,0.01217006377934951,0.03113620974479239,0.23320872801829048
51,0.04632758061956993,0.029982823642247917,0.0007826684203583705,0.00236996011093359,0.0035669542030656145,0.0007243386717621316,0.0013186467453430062,0.0015068475365250843,0.17486665592539052,0.7385535241248034
52,0.13304047758552923,0.019042809554390496,0.0052846814443017484,0.012828473802352428,0.006603806206854863,0.00255782554173293,0.006373333609037322,0.019386098207741453,0.14617076991261085,0.6487117241354486
53,0.1100279395369878,0.025340024634979072,0.0029812981453259326,0.008434620906149761,0.00891579984179752,0.0024131803284695753,0.004118807413919341,0.0028552481546681723,0.13391849636925904,0.7009945846684438
54,0.10143511188037005,0.024393543885181668,0.015171559597323454,0.017076287254081564,0.005901060457882013,0.0033352702218150867,0.011158701591382457,0.004820402011642665,0.1010307963506336,0.7156772667496875
55,0.09445460265053346,0.026667684531036663,0.0014287450657307953,0.006221151469517785,0.0023502244189380385,0.0008999539118465824,0.0020693209482681484,0.003103277976605727,0.1019688021678939,0.7608362368596288
56,0.012513068006056793,0.015748550242700977,0.0003543159900736761,0.0023325403786668636,0.0032907684076114636,0.00033978032959489877,0.0008091675355025562,0.0006298138253888384,0.16855784683453126,0.7954241484498729
57,0.030914672978490675,0.009024070277796305,0.01797239975518096,0.009540141076550922,0.0023446531963144525,0.0026723042547119615,0.003313550132599376,0.0022123928567094543,0.3491975802617944,0.5728082352098511
58,0.29515996152171897,0.016976499139413896,0.00038613205501578844,0.0014059447897361327,0.001828362767679666,0.0005447009142828669,0.0006361650850484898,0.0011598808166559352,0.13862929201465216,0.5432730608957963
59,0.013547068576719605,0.15770753792911915,0.07844069502894777,0.04842030352307103,0.3460895355404356,0.008774673550897083,0.01611495476980757,0.006957608535757796,0.03427663150088874,0.2896709910443553
60,0.030747842061821972,0.06009094247786466,0.0076524118792126615,0.24167143176150271,0.01606839184003444,0.04433598388720808,0.027839463649733588,0.011594869980373585,0.019693722918345615,0.5403049395439027
61,0.0312375191528276,0.11618316145702923,0.03629151346012011,0.11118412808849634,0.09585004587365284,0.004914189929792005,0.009787682271550552,0.005730532596714527,0.02290163064958058,0.5659195965202357
62,0.06791427585207867,0.009644339215031661,0.0004748261295798273,0.0036558893172956024,0.006505880041228109,0.0004744843892747241,0.0008005569904136073,0.00045266930261135795,0.14559681847907952,0.7644802602834068
63,0.06527451038995034,0.030431169880285946,0.004449648837022223,0.4027957905984304,0.013396296802190587,0.020413366107178855,0.014639837305528128,0.011354327356119485,0.02441914683457159,0.4128259058887221
64,0.002063666094541411,0.020643859740847793,0.7253193663381712,0.003245368085804832,0.013561046893261174,0.006074401070963362,0.01526425165199212,0.0017760089509528366,0.009377031608293784,0.20267499956517165
65,0.03471866187819414,0.014340684159066216,0.04061365146022583,0.020109140491886435,0.0022998864290262673,0.00585770187436324,0.007199874743751179,0.0045286973406615735,0.4016776825116062,0.4686540191112185
66,0.009773999083339605,0.20812284846560866,0.3113172167158634,0.08745153557381788,0.06394408024761103,0.011718545174046423,0.18970516540282198,0.012669376456322838,0.023916222271771728,0.08138101060879659
67,0.03178781545783149,0.04090802019993437,0.001271680531261995,0.01994644238071924,0.0076135021163384765,0.001104942963416565,0.0030233975307312664,0.0030037683273365264,0.09516694075548421,0.7961734897369455
68,0.029853820935745408,0.08993506546963234,0.0032296090014284416,0.05025177665103908,0.00845739026087741,0.0027030115659865623,0.01252810546153411,0.0030152785815915303,0.033231646814655014,0.7667942952575099
69,0.201359825055549,0.02782908516484807,0.02470980481228891,0.10437076326788271,0.009452045078294766,0.02992306085126748,0.0298084872085224,0.04948066675802847,0.33714446337579224,0.1859217984275258
70,0.03722948457769598,0.0331619855804728,0.023483399012877656,0.020348545513043156,0.030125550892730522,0.005028285203152091,0.02094997483718054,0.01654652228349741,0.293815424607706,0.5193108274916443
71,0.17871904911633177,0.005643508025518466,0.0009600871397497786,0.00806025804415082,0.0012219432203811758,0.0010529256364405666,0.0014045147226315476,0.045523652665479315,0.24967680020360355,0.5077372612257128
72,0.017153055224771643,0.1940920843061425,0.07315450294467622,0.0702051022362038,0.22792017569486298,0.018923021852846764,0.17042107765557085,0.013805960216254609,0.03627450631465795,0.17805051355401283
73,0.02394857442710494,0.1194254051934066,0.08506575334894176,0.36026878160352727,0.020159046435264442,0.004062296315879867,0.01387464289757046,0.017017998899712682,0.07118776703381953,0.28498973384477266
74,0.0328193018287245,0.016338789377649772,0.008943118953736883,0.006544095379428632,0.0031332036457070627,0.0015946222164181158,0.0034955104934194154,0.0016116851267887434,0.2131532955825133,0.7123663773956133
75,0.010455880530574668,0.10759179754762964,0.09168638289915063,0.05768151598809678,0.025094610569229656,0.026336259517154573,0.12720978396936777,0.00882641104312959,0.046250224770613274,0.4988671331650538
76,0.11933326721209903,0.020198825910476937,0.0010021773346653529,0.003179252791181777,0.005767649112114169,0.0005550439322192587,0.0018421180585581056,0.0005526496703370401,0.124964970366751,0.7226040456115971
77,0.002097118468812111,0.005042315756389995,0.0009354754597706131,0.0024865590638547233,0.0008343667940543236,0.030221148370743623,0.0044248777796077835,0.002194595940872216,0.012353877399845732,0.939409664966049
78,0.2758514407509699,0.003960096532875212,0.0015631830409329783,0.027237529388458494,0.001619469798456891,0.0011715857204938856,0.0012646733870160663,0.01615948278899141,0.19531909593522293,0.4758534426565823
79,0.004352418470419546,0.03952140365475868,0.7695919615356849,0.015020659405035337,0.007794803893900556,0.006026634168607427,0.0169702974511106,0.016019921847888967,0.013652191935646435,0.11104970763694802
80,0.0401466729201244,0.01494064309559037,0.00041892895786443284,0.0018024230622011729,0.005295795903107125,0.0004470870007657889,0.0007020514352794882,0.0005601541288186096,0.16558460757427232,0.7701016359219759
81,0.47949950250944473,0.028141087495602853,0.007533039313832777,0.010387560513041688,0.007923023282874612,0.005807849767565888,0.008500824190839338,0.010618440026889676,0.22120535959182072,0.22038331330808789
82,0.21407902852598182,0.019418280466620638,0.0004709633182751713,0.002895981662031679,0.0013515549409001298,0.0010033334137315524,0.0010394768439057293,0.001845202216000754,0.13806229628313582,0.6198338823294166
83,0.46842095608236384,0.01805099853138944,0.0022128537848232995,0.005227873487898701,0.003782996864113138,0.0018423116340468134,0.0033020543253185386,0.003451466488747655,0.12576072690650722,0.36794776189479134
84,0.024953567023910564,0.15794475619380788,0.0760035920744649,0.2112896993633623,0.18567339332138771,0.02820846752337465,0.1308714964091563,0.023206802988535002,0.04125496221090277,0.12059326289109787
85,0.018202486166006244,0.1406751925859595,0.051635713252970165,0.020805068142026168,0.017641585538687384,0.012276006282246418,0.6392750091621505,0.021255688385371136,0.03241094991158139,0.045822300573000845
86,0.11854824487145255,0.03659439837415812,0.0009847798846628131,0.004390579132674258,0.004071675062813627,0.0011777348454137155,0.0010440135705526226,0.0013126595714022453,0.024262990109675836,0.807612924577194
87,0.02619317933126943,0.09209409660137478,0.03672804561965527,0.03700492891950565,0.017212296644623395,0.17802342100077737,0.19601941910878554,0.028086273742338696,0.07115270852696796,0.3174856305047019
88,0.2715337247214234,0.01229298831986078,0.0003202590403277371,0.0017080588385830215,0.001046416727789252,0.0008322192630692875,0.000696231328019087,0.00276867644853706,0.12637732467037208,0.5824241006420193
89,0.0042002201130355195,0.09384568431404543,0.7733911721973642,0.006919341766042216,0.027055533720194886,0.005778778185989406,0.011534111291864626,0.008273333294952391,0.017007132482636647,0.051994692633874434
90,0.2616003691054382,0.025090210147004462,0.017624981807992192,0.06210449061746184,0.010797498237180483,0.028086266904564595,0.0257459551676879,0.08861623120498169,0.33470436786176977,0.14562962894591916
91,0.093997510869423,0.0178527181910854,0.0005513375116681247,0.002920301468930825,0.0047875901731926004,0.0004697825915717046,0.0009829348017417283,0.0005892771440492029,0.16351791550575356,0.7143306317425837
92,0.01729192804572463,0.12129105994107559,0.17827491604031723,0.03554449062752946,0.04670349553280466,0.0336507096627458,0.2107555694257874,0.01912245761112604,0.12159412724325735,0.21577124586963167
93,0.054729771052328666,0.08258398834765146,0.022518331519024503,0.021343804640751342,0.0689036231262562,0.0024537435948359695,0.005822797621919306,0.003078379422136743,0.018281452738259495,0.720284107936836
94,0.011210623824630433,0.22049940699312898,0.2926236862165445,0.0493174773443519,0.1372220408259839,0.011602715405255967,0.027314425742690752,0.010705324736937092,0.023244682976910392,0.21625961593356618
95,0.07845945666920584,0.08759614596426407,0.005095423378486171,0.019283903247155832,0.01858763334958538,0.002131620408657296,0.013353510880325136,0.003487866970208448,0.12423536727674983,0.647769071855362
96,0.026605306355429355,0.029637581575404744,0.020598219495796783,0.019773443949985862,0.008065191124094675,0.10206292466770323,0.6135029976786409,0.0207320844280196,0.07687345615712306,0.08214879456780184
97,0.005301025262719429,0.01750263407852967,0.00030236895005979127,0.002196252206384627,0.00517755054139588,0.0003676320427113066,0.0005799492112352008,0.0004842025301827828,0.1535746577073925,0.8145137274693885
98,0.7283332543274815,0.010394970478846811,0.005413741936724625,0.025009763071273484,0.004352131388512045,0.011847792679254539,0.006762741308920728,0.03638803091451971,0.05547791628373534,0.11601965761073181
99,0.2598119193460272,0.0039242325433220485,0.0054583846759048964,0.003956007699991943,0.0007213527850045843,0.002321592692116763,0.0015488903175274096,0.00815728480660928,0.23300382443379855,0.4810965106996975
100,0.042153547526986294,0.015934127800301748,0.0037844754467239498,0.009616406874515246,0.00399495843510154,0.0018950349183913602,0.00488591144816679,0.001742214525958388,0.16927925938417215,0.7467140636396824
101,0.01220689084570438,0.02967199793002852,0.003317865331562268,0.011520086245530347,0.2576805700624143,0.009055495246409731,0.029759689300937173,0.002513464291365228,0.12170419015446331,0.522569750591584
102,0.011709473981457103,0.018699105732640442,0.0021208222855937523,0.007017288375034864,0.00199300744268181,0.0008027325396876574,0.001373490343548266,0.0013423396605635061,0.21670338725887733,0.738238352379915
103,0.20059425869442749,0.018065458630646455,0.0006567631340226062,0.0022612883189123685,0.00401956673224678,0.0005168721637827118,0.0012302338203934362,0.0005386355199740573,0.17427421170943336,0.5978427112761611
104,0.4818672898816872,0.006254092212473796,0.0010800162358695887,0.0026344559523745017,0.0016225024294398106,0.0009922959767934426,0.0010532520725364705,0.004420348549273636,0.12830299855918365,0.37177274813036826
105,0.004586451728022598,0.055459710911832945,0.6825091032011331,0.017396581785344988,0.009067138153353879,0.007912437702214701,0.008405132917926104,0.007391837270187889,0.009399973636998836,0.1978716326929848
106,0.0512036870412779,0.038800866614338375,0.003544712478840992,0.00812308206980679,0.018822736730515037,0.0009581596292064459,0.004190207257324987,0.001504363364982709,0.0674417040853175,0.8054104807283892
107,0.17241064524209,0.004859715112926954,0.001519587094765734,0.007147073513897705,0.0019614287141083153,0.0013996838845979755,0.0017837327160964336,0.03343881343946293,0.1391799049362362,0.6362994153458175
108,0.022986538879905684,0.01918553925518673,0.004755038853846842,0.35433326897695633,0.0075139148543391645,0.020842181362987777,0.014250454356770107,0.03228879828632591,0.06248711989564714,0.46135714527803445
109,0.441623178224053,0.030189412058984177,0.014157453395846627,0.052830610251970236,0.014941849899990343,0.10940023399185093,0.05251001944716962,0.08007745094154366,0.1101252691907036,0.09414452259788773
110,0.005808005112771423,0.11918969534561624,0.053587122337266355,0.023214101929902038,0.0075010062758807845,0.0069776283681479805,0.02391599519787552,0.00413579242334297,0.03342467521275555,0.7222459777964412
111,0.015216701772540898,0.042047811230334346,0.15619051892013525,0.017884895071123508,0.013187175399068213,0.02898389068902678,0.058113579276952994,0.008590184185081723,0.09301115706537383,0.5667740863903623
112,0.008957824770960455,0.07972744806425555,0.044438178123060106,0.02797811201223339,0.28537766285636923,0.011324548055374497,0.018035500336434956,0.005047902017432371,0.060588384804270486,0.4585244389596092
113,0.05086628728682423,0.011067368951294005,0.002764214633057383,0.017646375315116376,0.002356573539309949,0.01930583774645704,0.013858853183405982,0.022337991303701534,0.029532708678580488,0.8302637893622525
114,0.027793562430015895,0.04101106612358685,0.04796400120857577,0.024992310346914764,0.026343995234166754,0.008266626964742884,0.020034021497126155,0.0354639354060583,0.20518111156632904,0.5629493692224837
115,0.03191698079466592,0.03261542534856841,0.0018425936241203663,0.010484909854986181,0.0046326467941245975,0.0015445412317425292,0.006344282365728934,0.0067753827033370535,0.15997065010722628,0.7438725871755001
116,0.052373961137951695,0.01218263026133612,0.0036456423734379548,0.015658324382246343,0.0020288166809797653,0.022451751125735105,0.01360916375091969,0.01688627866774591,0.02779202786820769,0.8333714037514398
117,0.006184565192054562,0.15428911921385635,0.28621492165510515,0.06994328506880564,0.022570847369188327,0.015438173018198501,0.1529546199032608,0.01019020540268336,0.02597390018639975,0.25624036299044767
118,0.47476008090005895,0.014881864083213028,0.0013367461697023602,0.0036284040722137163,0.0028867041419191595,0.0011434348320253824,0.0021663416258803914,0.0029484738605345096,0.19288493829563616,0.30336301201881627
119,0.7170002266240686,0.006464006603374069,0.00041421748758059236,0.004546021422799182,0.0012850441862774851,0.0019343715528572268,0.0008575585390338391,0.002376008636100521,0.04135700673739253,0.2237655382105159
120,0.00863844940400599,0.07483352857608089,0.033595874995440894,0.04067040314087997,0.30990497833316283,0.011224186379957672,0.014339512103907303,0.00476532423949234,0.0463627378706588,0.45566500495641354
121,0.018953861595798965,0.00996342972492363,0.0003358844174120468,0.0019539149706388906,0.005798864331097997,0.0004031954562234901,0.0005139855040726655,0.0004438838990249342,0.1647301038479697,0.796902876252838
122,0.01188802329966867,0.004858772294699549,0.0010784162655405073,0.04644220531060995,0.004738640304263593,0.01559476184620798,0.005671227956020849,0.002769653807243484,0.02013985258992079,0.8868184463258245
123,0.4036123218012258,0.03761477204082684,0.0040483713571170124,0.009827275552199545,0.011313587515783565,0.0015830847656847287,0.007281557526705061,0.0012413383654229415,0.08069890955610888,0.44277878151892586
124,0.03243595391718828,0.006093225067243937,0.01845974888348771,0.023220598779483344,0.0009894833535706883,0.00502030716025414,0.0034143282603052503,0.0031629166051219577,0.20021489945041374,0.7069885385229312
125,0.0020997574067754664,0.010957210792664382,0.0006617567488168526,0.006745517920200122,0.0019722578809601168,0.019891976070154343,0.011265316472235457,0.002886683806647836,0.004804483888419823,0.9387150390131263
126,0.2958808244937278,0.017459362167391638,0.00475140888314101,0.00942037874745482,0.004482711583187541,0.002675631343329282,0.005932590853144003,0.018428356869284304,0.18429675897019837,0.45667197608914123
127,0.019259383157626018,0.01673934855995874,0.004882190217468377,0.13182705543716422,0.007044263855583048,0.0018879813917413685,0.002659340991559944,0.015036242262419069,0.11237834345237008,0.6882858506741097
128,0.014824481122172658,0.008827640060210439,0.0032216675624401384,0.004929038685440409,0.0029305947267303472,0.0008301436706727027,0.001360222302801508,0.0007041388442742462,0.2838113948713758,0.6785606781538817
129,0.01959860561556504,0.02532298856473567,0.003457689552900267,0.3921588596860301,0.009828624866879732,0.01799672949004641,0.01801278860042055,0.011880665509655537,0.03040173885336497,0.4713413092604014
130,0.0464147444315532,0.06870336445741461,0.00342901339906111,0.02288596735819896,0.008887399350034283,0.0028486602801866974,0.00522180658874581,0.004545795980671217,0.110737070264705,0.7263261778894292
131,0.01445109534989872,0.006451210951015886,0.001421845677908815,0.011621048497672338,0.0017738207197251386,0.01665218967397787,0.009956720271650094,0.011712637753962871,0.015042318854158642,0.9109171122500295
132,0.0034261389980936256,0.0689573036751182,0.08232931501331452,0.016285947144895674,0.0058375643442062685,0.00640540948606433,0.02039105248080602,0.0034872032822275837,0.017296058249316047,0.7755840073259579
133,0.23132631956522173,0.008210063487647634,0.004286618247108742,0.010933500298391864,0.004444162158744055,0.005907974844271582,0.006217873558371606,0.05625796855352888,0.35539760332047216,0.31701791596624196
134,0.02427956242161375,0.03816778914509606,0.0014245707582126535,0.21135901069627394,0.007747586844336757,0.007609481663360836,0.004230766393197046,0.0029639353785433312,0.009042477224149964,0.6931748194752154
135,0.02399006985333498,0.007860289714370375,0.0019550223520741435,0.011763926627530355,0.0018277541551569253,0.018485872791711697,0.010880907273147576,0.013780055836200277,0.018524184983263244,0.8909319164132098
136,0.008637203662008054,0.033792920287574135,0.5429116499211796,0.01195257106036347,0.003208297138213888,0.005623273819139174,0.01007706800814851,0.010174996078706512,0.05223171763167772,0.32139030239298866
137,0.03613313877053896,0.010295760685933776,0.0024270687527277114,0.01646983565413337,0.002258650541239579,0.018179762638030984,0.013412478613411657,0.02107284783657163,0.02626019918838853,0.8534902573190238
138,0.009505479493525239,0.018782053063710155,0.7451324704529875,0.005965463006662275,0.002285554119368285,0.004897664810771408,0.0054739046496937805,0.006458433473342995,0.05005133185943408,0.15144764507050462
139,0.025977509349677703,0.0717218427005604,0.01070024571134712,0.03088308173413863,0.13705249024676122,0.01191399607974098,0.038165040307331914,0.005360479773813892,0.2086687608377197,0.4595565532589088
140,0.010650510578799706,0.012695468225221447,0.0014955485484159415,0.014690157245581866,0.0023585122210216885,0.015873604369593366,0.022013787892037544,0.016960657904791628,0.01311173496663092,0.8901500180479058
141,0.0014690961138282988,0.0044322736839646415,0.00040869631492861834,0.002134946282686973,0.001195673191592857,0.016921074145802698,0.005967635606980917,0.0015114518902984457,0.007461687141612951,0.9584974656283035
142,0.007007883248018904,0.02314697521649687,0.0015563173009158018,0.009362655209261302,0.0028659375298874523,0.0235441568982254,0.038060119935897474,0.009018612908648957,0.010425949848036822,0.8750113919046114
143,0.09970538531602217,0.015641264623889654,0.0007010430638501942,0.0034193894002260234,0.002688353547010765,0.00043246529299069376,0.0010143782739434365,0.00087532095688485,0.1899306312097232,0.685591768315459
144,0.3590324420963089,0.019854514378978023,0.0007016183690755517,0.0022577377685112595,0.0037700240576194906,0.0007132053231951185,0.0013513524907474304,0.0005723918378810025,0.12488665346635454,0.48686006021132844
145,0.006874489714567522,0.24637104679636962,0.2782457274052208,0.024220090399795495,0.1522800695001855,0.01264952378468026,0.054178405944403846,0.006698115892398939,0.01371109682060463,0.20477143374177384
146,0.3921567894838403,0.012831154096671448,0.0008660360185038744,0.0038870858256292605,0.0020173966916449187,0.0015069621366814731,0.0016356738085937614,0.0025428199504755945,0.10852747727926576,0.47402860470869396
147,0.02125086862376718,0.10903675801602167,0.12376091927703593,0.09145551130342708,0.35629848484566484,0.01968149218737878,0.03083726468218794,0.012070295175226085,0.05883905340979115,0.17676935247949915
148,0.012663397553734974,0.011763972724207705,0.004219318920160127,0.004817618449532195,0.0024086910295444334,0.0008998327840692864,0.0016875805759715035,0.0009623428948113314,0.2614162607451789,0.6991609843227894
149,0.007315151347669087,0.02051607742560285,0.001532149278909643,0.009911275853902647,0.0027188089840113746,0.02225816176741146,0.03611523621254354,0.010318036777627089,0.010609558807201207,0.8787055435451211
150,0.708366919245263,0.006698226386301051,0.003097362498371249,0.007209693218128655,0.003640910034699028,0.0064601521440843385,0.004580213393928737,0.012940604560374623,0.17498896155799065,0.07201695696085877
151,0.2972071907285482,0.016944091645075637,0.0012286658837812078,0.0026616913965671093,0.0034096273475609147,0.0012814458357940535,0.0015521918002852266,0.001720868444496012,0.23409834289103085,0.4398958840268609
152,0.3718524768835562,0.016689752205282207,0.0020743562511410032,0.0033915082890716174,0.0034382575431231312,0.0021391927368984752,0.002225284634272327,0.003915329663100807,0.2384071640192744,0.3558666777742797
153,0.004353432231874883,0.07038504320006032,0.38896044562031207,0.018833289056537354,0.011302019977554081,0.009673688384212668,0.03350883449402613,0.004454835368835753,0.006274025001965146,0.45225438666462137
154,0.026849809522335392,0.02810139001365549,0.06456490837900236,0.036509488435671276,0.006575877998190745,0.014503662980112629,0.02037466051731284,0.05967908015412959,0.10499402688186088,0.6378470951177291
155,0.02841604343608432,0.011389324599296265,0.0005914873675601299,0.006993484519398009,0.0016918653262640785,0.00047771668484278615,0.0007541675845213271,0.0017672870689348582,0.21178354218015422,0.7361350812329434
156,0.07735475179788133,0.08217578371766912,0.006402366219520372,0.16073956944955362,0.01224888659128835,0.028316766528749433,0.02182154179448046,0.020589235802463114,0.036959422066335276,0.553391676032059
157,0.0033632808462907356,0.015310597321466559,0.18778273102495577,0.004254200003982943,0.004664283217580244,0.004267072746507461,0.019557547810080234,0.0018102747422532347,0.04312653252689904,0.7158634797599833
158,0.0038936368464302304,0.023964152841804115,0.011670395318616338,0.008936934919587887,0.0020424805008764433,0.01957397005142484,0.0265866453866083,0.0032851291020651076,0.03872755242633031,0.8613191026062561
159,0.2869863594878705,0.01909850668161184,0.015526111180184052,0.020943464379946156,0.008226659092887827,0.02402417949943196,0.015914124017587305,0.047298625127495046,0.43286949764993415,0.1291124728830513
160,0.0057592028429957485,0.01682212420683471,0.7757746984178242,0.008365855989510517,0.002373611475331881,0.003761804598871359,0.006263191501453804,0.009987798850044222,0.0331654826390257,0.13772622947810784
161,0.28433591377451967,0.027310291640329214,0.012517018314960989,0.026492270976320308,0.011715615813790011,0.007808042777093612,0.01822113281183293,0.19513113642588584,0.18583123157858286,0.23063734588668447
162,0.018951763060553125,0.03458361261851783,0.006447681499602725,0.010421528194198173,0.2934551438878919,0.007992493031076655,0.0202899556811232,0.0033978775995886354,0.08944058858465635,0.515019355842792
163,0.28288169437196237,0.053183669580580586,0.005979660117413477,0.012234339258768078,0.014261902982668623,0.0023784950988163752,0.010147905806891809,0.005108332380115455,0.12028661555455925,0.49353738484822374
164,0.01521235229934833,0.015612133533857497,0.002758672330923135,0.015352208428920816,0.007326393499629237,0.1942041239098063,0.030835857241751075,0.0071447009959447845,0.015930734344726766,0.6956228234150922
165,0.007284336621606411,0.008332338320999017,0.0012421684916121146,0.01044908201858493,0.0019286020639489327,0.016799748732469484,0.01636061254457137,0.011707979319190279,0.010869993031560412,0.9150251388554573
166,0.04834917104823116,0.012325852943669812,0.0033559058158663924,0.03104906834202442,0.01951262460170238,0.06570632499436442,0.045620653260902595,0.007086988079217119,0.012954715064885356,0.754038695849137
167,0.016980721432995248,0.04190508382853465,0.07647071113314031,0.020264400888798897,0.02882795407959118,0.007189499475505898,0.02752663008713671,0.006278921553735558,0.16817025377539488,0.6063858237451668
168,0.021461480087393847,0.01647040114706828,0.0016770661091944522,0.008707298433315205,0.005089621818559873,0.0012297395541258605,0.003113590013499836,0.001283135184938144,0.12160362326334742,0.8193640443885574
169,0.06480681484801756,0.011478391942991575,0.000315412455716329,0.002562494034101999,0.004497034782638401,0.0003160498309349248,0.0006109913803277705,0.00035959800382965305,0.1654267924398382,0.7496264202816036
170,0.006675976913051975,0.02070000710118355,0.0003310089853542248,0.0022546042432929855,0.005108302141717667,0.0003980309483892391,0.0006812483112679739,0.0005549551104572846,0.15497123064020826,0.8083246356050767
171,0.008995553858324559,0.06702200224828885,0.565342188481879,0.029080714521557714,0.013745246335047309,0.0059001384361170505,0.03972240775164699,0.027749238760802323,0.060159787140217254,0.1822827224661196
172,0.010435916732249336,0.005353645985983228,0.0007534796369082377,0.0034568721601026787,0.0014220459509007304,0.0005217551431519031,0.0005224679408347753,0.0004968396128113753,0.244524522735038,0.7325124541020195
173,0.06955956035058491,0.004592633767588964,0.0012686457247488964,0.01302993545585597,0.0009631571038048201,0.0005378417848388399,0.0009175181419998952,0.01626382837841101,0.17736351592009586,0.7155033633720704
174,0.024457799769477408,0.16001862325602978,0.022375399066821868,0.03463918664327778,0.11172729526571408,0.0047589035273539635,0.015526184020422466,0.004734962967680559,0.12820479504877363,0.49355685043444786
175,0.0251331960421304,0.1137625993122223,0.12196093536443035,0.06616836987244028,0.03380391876691617,0.07887968855410248,0.2506034866176834,0.01743770476822267,0.0688327078784697,0.22341739282338252
176,0.1996445088438876,0.030382164985431014,0.007251704968437386,0.013504423620414506,0.008866182185712487,0.0032073109061981683,0.011150935642014465,0.02871041794711243,0.17626271674632876,0.5210196341544636
177,0.005806529457389767,0.12135601710677552,0.053957541461207174,0.13635014517213925,0.012643595712530898,0.01486694078910158,0.018833660441420725,0.005524240569747669,0.017035057457917682,0.6136262718317704
178,0.0034823014264492597,0.006873291436584286,0.0006346160708546611,0.007757086300732969,0.0020538866676256696,0.013228661318385015,0.018216998028303375,0.005109702447290131,0.005532558519674199,0.9371108977841003
179,0.36072098131654096,0.023697615828798653,0.002306542577586366,0.014560122086764753,0.003703409957893938,0.0015784333685076504,0.004075566797411061,0.0021007707316106267,0.06438958646869666,0.5228669708661888
180,0.02506993794871064,0.007388506834783824,0.0018204826397105716,0.012586906900507424,0.001850817850897125,0.018113232079247327,0.010434009453876543,0.013289812209380187,0.018297935367602408,0.8911483587152842
181,0.020034445354830822,0.017212734979769332,0.0004806815633144497,0.0032869169591260884,0.0031129831406002907,0.0004303365164750432,0.0009619991082135932,0.000825187569457343,0.17691729459614677,0.7767374202120663
182,0.013609413946912936,0.02382754424692327,0.003655772872089144,0.7780330530586185,0.00847354089991601,0.009866119621845365,0.00922995978443795,0.011569553657949072,0.021399396748259084,0.12033564516304852
183,0.027149628279418022,0.009195406082167897,0.009367133866489678,0.009446753762996458,0.0037628271400173257,0.0012468250922607422,0.0036189056825715613,0.07884141382441844,0.18173018464917004,0.6756409216204899
184,0.006815240640334854,0.10922934908202436,0.138841043877363,0.02977060455896074,0.008857601551024663,0.007778724777902116,0.026941116869180087,0.005363446431351941,0.01795989307200284,0.6484429791398558
185,0.31710860938016966,0.0052257658401527966,0.001617603751682994,0.012429305025053934,0.002915300635986556,0.004408360991707937,0.0026872704090590695,0.08596414078827702,0.1795378436484926,0.3881057995294173
186,0.5234738992816986,0.018348448538413522,0.0018350433631494076,0.0037115110675560027,0.003559735278951021,0.0010613402271727871,0.002823337584714705,0.0007335733754029666,0.10513911388842005,0.3393139973945205
187,0.42274697202877204,0.006955349720358724,0.0031196625749036204,0.006413407584963459,0.0032384811146174406,0.004296478872313866,0.004353102246408363,0.009503831593640459,0.31326188172132563,0.22611083254269648
188,0.02364695874759391,0.2145429107323277,0.030014846263878032,0.058124151648301856,0.03932721860223107,0.015327235356866507,0.2782681531408673,0.015611411559457814,0.09626666904738762,0.22887044490108846
189,0.059164313353024585,0.019071370283746395,0.0007030779106630942,0.00218024101740568,0.00404698602470814,0.0006629244843709058,0.0011113835378639668,0.0010427058442721048,0.1862527079732122,0.7257642895707329
