,proba_0,proba_1,proba_2,proba_3,proba_4,proba_5,proba_6,proba_7,proba_8,proba_9
0,0.13061216717082255,0.020888305499676338,0.017128532565406418,0.0038546700721697846,0.006203910760808725,0.0011818485000220879,0.004278437842378682,0.0010191157721577203,0.12317395981689228,0.6916590519996655
1,0.15824536945853138,0.027501892159779363,0.014932303368283165,0.00531613489177556,0.015153985558703969,0.0015400707591597556,0.0043680715238001355,0.0013977830451711133,0.16396894835427353,0.6075754408805226
2,0.08970814975951716,0.004489277263103043,0.020936997055100704,0.007612075755044941,0.0010010600320829002,0.002321000590423619,0.002803220163432904,0.0030802257549596788,0.3677435605499701,0.5003044330763647
3,0.5136447559736399,0.019118820226480468,0.005214542021108004,0.0076322602164254644,0.0030345217361038004,0.0019568698570529377,0.005740331705319092,0.005201665456074324,0.20800643611146968,0.23044979669632645
4,0.22598149516144408,0.003686315486144191,0.006533957016704126,0.008962381905705738,0.001194079831719152,0.0010419838508016865,0.0008189203074380658,0.010183552550175586,0.1689775708434002,0.5726197430464672
5,0.010545423403303545,0.12721050959180297,0.13731126401652058,0.07390667217286642,0.23943337471377096,0.01155783768251347,0.033935536129352226,0.006630928341437421,0.04035055953117596,0.3191178944172561
6,0.2883116903380028,0.018472421101396318,0.010409823412147946,0.003050403423325644,0.00408822659545204,0.0014533156854253345,0.00496172280724406,0.0012240352317897877,0.08745450791389589,0.5805738534913202
7,0.10726679582976156,0.04389470388269208,0.007467922685060748,0.012581531716953044,0.0068525284547831505,0.001470308164696101,0.00391236191932743,0.0018033817087844991,0.06366881860188725,0.751081647036054
8,0.0004595712608337764,0.0021344338162231644,0.0005909511290785678,0.003723219603175142,0.0004264201394270036,0.03266060467290162,0.0020963693646451793,0.0015432931017286431,0.0008299238517512233,0.9555352130602359
9,0.025436493871128042,0.054519913659915854,0.008974255785690008,0.09332373644907228,0.00984238623952847,0.0022107606987880365,0.012860985055871703,0.0034034457613929285,0.0776569777381533,0.7117710447404592
10,0.014253038186195943,0.02084007693403452,0.061369741756856215,0.012691846441145098,0.004483350507873257,0.004350213688653727,0.007620517523592284,0.003047857430274356,0.09209891118767989,0.7792444463436947
11,0.1320577832095146,0.024921794534445284,0.009952447655606824,0.0036967531764462956,0.006876885028513261,0.0010851161673728872,0.00423660790031635,0.0011835717168529314,0.12807133774067295,0.6879177028702588
12,0.40647681584323203,0.013270859057614857,0.0029784409221065423,0.0024637819396044532,0.0017248060876094364,0.0012848058009946436,0.002154391121716435,0.000793756193451164,0.1343096901777438,0.434542652855927
13,0.047560550892063555,0.063653031239501,0.008545203175583745,0.010624734310446641,0.10503571215743207,0.02634675169588769,0.05530762449697135,0.009195242171607752,0.38501070979606705,0.28872044006443887
14,0.211727812870327,0.013232674828616018,0.0038621604770694208,0.004857660309745472,0.001875117911391717,0.002471619498381057,0.002978296410235182,0.0012145853430210875,0.18743417439957152,0.5703458979516411
15,0.037438685014266705,0.06034984564402632,0.035018575079874936,0.07173257916923002,0.017466120168859133,0.045613760030857875,0.18166144592622227,0.07163437459851349,0.09509764315881486,0.3839869712093341
16,0.07633348968423627,0.01749670695134313,0.060007358969875475,0.020711160795486405,0.006362650675518513,0.004882161788616198,0.006581162987083078,0.33546600902618534,0.24642502327779775,0.22573427584385816
17,0.007165104617837425,0.07978014653746304,0.008568341906561172,0.007525140882357086,0.38694240008685704,0.006024031539824363,0.018063519112170558,0.00351362049076774,0.07784318880259936,0.4045745060235621
18,0.23399227813291731,0.03680008523375927,0.020045442900722264,0.015061815457177235,0.016598967808806583,0.0016610245217415986,0.009269843191005914,0.00660146064879632,0.17682943375437044,0.4831396483507036
19,0.02321932971284069,0.11448126958129853,0.009957661715355748,0.01964382704879722,0.4453836692372504,0.03276684990255888,0.09874699108424703,0.011795206939597598,0.12668490816381411,0.11732028661423956
20,0.02499846197545761,0.025564794640836653,0.06447834939860252,0.035101513472018626,0.00887486571086518,0.011364188141485492,0.008903339333759216,0.17138182317291278,0.13686646353455031,0.5124662006195113
21,0.06819066665320371,0.016432787250627807,0.007934857907619277,0.0032236869765203753,0.0031192087876842547,0.0008125940268534636,0.0024096118788945837,0.00044739941256206775,0.10107954493250952,0.796349642173525
22,0.012691317035415494,0.10281635089213091,0.06214881771253186,0.15668744600553489,0.009829846944049064,0.01891909952772653,0.019275978596304685,0.016923796222505342,0.1522342160229763,0.4484731310408246
23,0.009146871925482305,0.1383822107300373,0.035377012117830016,0.013371405508472906,0.39400962112824245,0.010471540853128255,0.027463433959719355,0.006835219663114014,0.07404669895943033,0.29089598515454296
24,0.009761910478611356,0.12097408870720347,0.35468001802695476,0.02386552044740167,0.03537806620497137,0.004866731533205983,0.04159251313590677,0.006762981240993988,0.03370827155354919,0.3684098986712016
25,0.14352308035843667,0.006283101240126532,0.011365862406191661,0.003027578481765572,0.000887930503243259,0.0015552945455881485,0.0022344814726505758,0.0014173479787983336,0.1399810843921633,0.6897242386210365
26,0.16885362338323295,0.0058988231135440345,0.016455642958401812,0.01703219670717653,0.002936293278156283,0.002810628216832652,0.0024323773240760597,0.13451274127472754,0.35337229220251243,0.2956953815413403
27,0.21378341187218727,0.010236453095911622,0.044630818751207155,0.011614212468432134,0.0049848434012691005,0.007095846936225205,0.005413914443691717,0.049477717689035,0.406773284857678,0.245989496484363
28,0.005264110961864231,0.020785028800584363,0.002024206082549924,0.029209334992417464,0.0014180084436573284,0.024530848283346757,0.025224708804537862,0.011344268421087532,0.006827652086417242,0.8733718331235373
29,0.009761539689519089,0.04417608367154598,0.023741333654581715,0.2608662709531854,0.004688394993825807,0.022375428238484353,0.032156603421909326,0.031031581822104005,0.03211469380415515,0.5390880697506896
30,0.010986987927968263,0.15657714167977896,0.017282907825451648,0.05314782627675686,0.3103300153590612,0.008920277892708587,0.2678368901648041,0.008796202057955145,0.05603770148853329,0.11008404932698221
31,0.011289533706687947,0.10721647272279596,0.12184061497513193,0.1694626489816895,0.07571138008024149,0.007738771210005512,0.024171252415267828,0.005748794005449474,0.042177980749297427,0.4346425511534333
32,0.038134188702187974,0.027995497696612328,0.008886258920634936,0.07287456452096161,0.006420081162435996,0.0564547281668578,0.15943343715364988,0.038920643408760044,0.15089740407735835,0.4399831961905416
33,0.0542587255677486,0.00360866330571573,0.0017035679489771946,0.002457612504243595,0.000580917548455326,0.0008791174292634391,0.0005700583645718015,0.00026630135141738313,0.20482096530279725,0.7308540706768095
34,0.037923966833290274,0.00428534600047636,0.002298913983368593,0.014136333301102586,0.0024733110194241127,0.02260402222899721,0.004336268043286731,0.010641958122905214,0.013681706789553858,0.8876181736775955
35,0.11648773015655069,0.020616554681629207,0.00832186418443794,0.004041290343330106,0.008735051221974263,0.0010802279304470636,0.0033272394409109233,0.0012587097338599912,0.1626679965989259,0.6734633357079336
36,0.133451458797001,0.01656028650409249,0.009474706810335852,0.009835221317534292,0.0035938962519933915,0.0007647870497132207,0.0018689645243176556,0.0071262897320056254,0.31483867235953183,0.5024857166534749
37,0.02917665963660256,0.004142324072082054,0.030943675017401587,0.004314031461157199,0.0010553190900635203,0.0015412952677876632,0.00272523556670475,0.0018649013032952437,0.3578431572550296,0.5663934013298764
38,0.022844545689265063,0.0031989278052894626,0.019883010689441784,0.0033301853627399755,0.0007693567360572639,0.0015267598312478348,0.0019896863824394335,0.0017946593205011051,0.3368177086229268,0.6078451595600912
39,0.07510791354369875,0.0052248359935315476,0.005263328024656931,0.001265449124101991,0.0019524986562249674,0.0005361150930638264,0.0008207921405516722,0.0002088473977933463,0.1345980654870897,0.7750221545392874
40,0.014165865644785456,0.18034873291725093,0.0416142123296179,0.24505402447758054,0.1123653048255397,0.008936778416029486,0.19635936193812698,0.012510873838449623,0.058394049812754804,0.13025079579986437
41,0.020235111156854356,0.024051763844871874,0.07632746994360881,0.016310002464211205,0.006053646059489324,0.015500906729994449,0.007079883763729833,0.2160934475273882,0.22166762219112904,0.39668014631872295
42,0.035672763088911624,0.09873098682548699,0.04795557494304535,0.03794114373546717,0.08640739285587672,0.003835191716238724,0.010972242164812275,0.004267551903025814,0.03484711462748374,0.6393700381396517
43,0.004329330666109853,0.03320214631927404,0.006222805214327459,0.20682977090875526,0.0038259661995451314,0.00811698158803702,0.016043378583433885,0.004316304596079838,0.02721726597578819,0.6898960499486491
44,0.07766020226453105,0.004629395664582637,0.003480781363864821,0.0013676685134262406,0.0007287059112348695,0.0006015047415877307,0.0007351210414345714,0.00021883103139576569,0.12214569321190931,0.7884320962560326
45,0.1404480987705291,0.0137755355409964,0.00976253460436309,0.10760041774187801,0.0034261288879730966,0.004366092055196199,0.009017251597063547,0.034892621582027813,0.33875215355778293,0.3379591656621897
46,0.0033341263192706886,0.002681194507216082,0.003362777476411436,0.01828545999065545,0.0005003202857955709,0.010072794717831587,0.0014128972700365662,0.0015586280142458279,0.0733551258043583,0.8854366756141779
47,0.20900071972522025,0.02280723733913713,0.011500885376580327,0.0035759185460793245,0.005816647442059893,0.0015618069154214092,0.004963200486277531,0.001123931193089245,0.1290337316727695,0.6106159213033653
48,0.033645986783830815,0.004705045895402392,0.020890309362828877,0.0037327553385760395,0.0009778204624404188,0.001551287971978627,0.0025054925394962574,0.0017987027672421896,0.24520225738261053,0.6849903414955938
49,0.01550399612662572,0.046822994396347246,0.007060873648818342,0.08071613385219302,0.0058838261226645625,0.015505626764450518,0.23510422486964858,0.0162567763509009,0.0641305506291423,0.5130149972392088
50,0.02237519159667774,0.1096909283246226,0.04743779434688091,0.10216558073814559,0.3085176469390652,0.007976814026021212,0.03172280800319527,0.0069122240600141506,0.04006811137545888,0.323132900589918
51,0.33795407961123936,0.014920243257890098,0.006370091945894403,0.0023669914546658294,0.0017950518943277548,0.0014820290282983332,0.0022046780491406463,0.0005327690360630109,0.13475247857861183,0.49762158714386845
52,0.09363550163202287,0.01926029974399343,0.018074234610264407,0.03715616812996939,0.006727508160489633,0.0018590863129528464,0.007537145099929099,0.010746537571868376,0.1715120367103429,0.6334914820281667
53,0.09670994091305102,0.01366361306264839,0.0056166764992695815,0.0035979581546667955,0.0026574783329253826,0.0013397613995473207,0.003907142033431821,0.000778978340246441,0.12708785141754708,0.7446405998466656
54,0.27811886308634215,0.012738401301054861,0.009084406647769643,0.002083808677401684,0.002513422230042112,0.0011821356953742388,0.0032289497200263207,0.0013329808582937994,0.11421758842643166,0.5754994433572639
55,0.4702094491654721,0.009009578923767624,0.006033082131691028,0.003335617021894056,0.0018755225249609253,0.001156187920369859,0.0022244733969191666,0.001645141781584291,0.07390281007110998,0.4306081370622311
56,0.1554898513723663,0.004268405783131164,0.006220391442046892,0.0012191112905486322,0.0006973069329680954,0.0007991235292024848,0.0007617853765480513,0.0003703730102483563,0.1318110242876205,0.6983626269753197
57,0.02514270289336213,0.003197384951203756,0.0259602271978665,0.0039987062411519295,0.0008977417549870749,0.0023812387327461215,0.002196190382290677,0.003009759801731667,0.4732499946967159,0.459966053347944
58,0.4090609008013084,0.007317799787300304,0.0031098192942009273,0.001557914681228401,0.0011653329406610664,0.001193072469136927,0.0014356171515218668,0.0007206300760045384,0.12103455989159932,0.4534043529070381
59,0.017680930332812036,0.1383164090307935,0.04708735796242316,0.05479581589259469,0.31191534968006135,0.008546320192032494,0.039679361522007794,0.0065048381965118005,0.050902252600706924,0.3245713645900556
60,0.006237380542046877,0.015469683940312767,0.0024644349070295966,0.05833387841989954,0.002638147822442781,0.036681830313441036,0.05794428495074458,0.011436746753753974,0.008310249515580561,0.8004833628347486
61,0.03006417156535726,0.12671980096494903,0.056764262252845844,0.07299110613803189,0.09628339069204153,0.0042890140682772995,0.013912939657760337,0.004592703705142976,0.040556898377669647,0.5538257125779239
62,0.07111131100951898,0.0059317579799646695,0.005351904667816667,0.0014823449921507559,0.002587764151743408,0.0005261470119980198,0.0008990986053600444,0.00027450305328601676,0.11992904704194265,0.7919061214862189
63,0.048935187296305,0.022489452190464977,0.008263690787541909,0.08039964238327771,0.006079161710427744,0.049514345721753894,0.10202917237416635,0.03459172349300457,0.21541113584902125,0.4322864881940367
64,0.004050182602339272,0.08243133305749292,0.6672568285894324,0.013286781202953856,0.019886823789676197,0.0038239961255268572,0.03662716038179586,0.006639551892121259,0.015999899155397734,0.14999744320326378
65,0.0346818782231222,0.003961109444590307,0.02970169727318153,0.006079040150006603,0.0009147090941023708,0.0028349659187472957,0.002132177195203478,0.003879015219253849,0.49442890672234896,0.42138650075944334
66,0.011906117071759675,0.283990080112997,0.15672678760918904,0.12812116163662068,0.10550287531745565,0.008867081880427756,0.20116978498981178,0.012218718820619973,0.02452842370011034,0.06696896886100853
67,0.04676442644195909,0.032116123957385605,0.006157143722710095,0.016587242250275632,0.012620798841003464,0.0014693074083429057,0.0034882244672781826,0.0027468552210989337,0.05112209567884857,0.8269277820110977
68,0.033589256189725455,0.1217338890001614,0.010398394790180756,0.08612592735673857,0.012253732477948587,0.009279691192805408,0.07073114490606931,0.010484388169028084,0.07223014969209998,0.5731734262252425
69,0.20710099864774265,0.014961585613409748,0.02509783903256705,0.0693572259904212,0.007470801074716066,0.015445139253785862,0.010388042591391975,0.06065067851319751,0.13256997941818627,0.4569577098645817
70,0.06582102031412826,0.04334940181112158,0.020238549393964904,0.022698082435278055,0.03622818931616683,0.003291077402692979,0.02110977651641443,0.011810982432674269,0.36801617163949046,0.40743674873806823
71,0.28748845290277314,0.007384391851430785,0.007551967875331391,0.02614927214250379,0.0015355375540615343,0.00206480448594761,0.0021928208570682565,0.04964263194508165,0.33994394388162874,0.2760461765041727
72,0.011477099303417726,0.21745030163113793,0.04772744402917258,0.06403244123500215,0.23364860193101752,0.009306455512340411,0.30870035230059917,0.015658991981113386,0.02664426042686032,0.06535405164933891
73,0.026008458563717272,0.12143407146802727,0.14334537123976904,0.28840488857704677,0.02196066294347397,0.0033557163291004968,0.02566964758496185,0.01633004691592363,0.10042469703419456,0.2530664393437846
74,0.031182003075690377,0.005753147348145178,0.013790003550392796,0.0039688027063989086,0.0008209685349166937,0.0016225465551291498,0.002736900565110848,0.001861789599512116,0.22676752686765358,0.7114963111970505
75,0.016697600022069787,0.11242312030444539,0.01480518516681854,0.09802564944974204,0.02204226629494332,0.026694786368235655,0.3268622945228351,0.014861664553446516,0.12239259781616912,0.24519483550129453
76,0.13597927176710678,0.01759432515695466,0.013496062408871416,0.0028703239193059757,0.007054630377415617,0.0011417550151659602,0.0028976621170021,0.0007460564056321482,0.11220411873795334,0.7060157940945921
77,0.0002156241434789577,0.0012212405081498605,0.00026926425871729565,0.0010695400011243178,0.00011494297586752765,0.014914537430301583,0.003361784338353519,0.0003336263906593857,0.00044478099522184816,0.9780546589581262
78,0.25857019700512374,0.006121468045447045,0.014279218925277642,0.0287693027931854,0.0019127944973119002,0.0020899810770012603,0.002298325681128747,0.04927774435313915,0.4181447535460642,0.21853621407632076
79,0.004430254965337824,0.06412031829405686,0.7833337776441903,0.007691430527788854,0.012638264888888058,0.005316173649490274,0.02316894468302572,0.01755727325546582,0.028339902843028026,0.053403659248728474
80,0.0894776624461993,0.008555481670341791,0.0035682621596920877,0.0017607984031150316,0.00219694296475826,0.0005865293845861512,0.0010379386451671755,0.0002459980764204025,0.16507604320657535,0.7274943430431446
81,0.32566497626201557,0.006942337552689319,0.003521048885722122,0.0021300426558222003,0.0013215210745470337,0.0012331476933538038,0.001763154287040945,0.001189992504610039,0.17107030944124493,0.4851634696429545
82,0.31844883909506183,0.013980680021500099,0.0035817024408489133,0.0055011784698134345,0.0022142587462023623,0.0036210492344860078,0.004127708098709722,0.00174605741439869,0.2740643713468234,0.3727141551321557
83,0.31660274098394764,0.013854987433159252,0.00550907635071548,0.0027342191424119784,0.0029778775102969114,0.001065548182982961,0.0028519346025643773,0.0016743738359499608,0.1177047150713808,0.5350245268865904
84,0.010968036004180169,0.15237919643946868,0.033545151073016206,0.21321439337554107,0.18427101244561364,0.015172394903773036,0.22570927879833458,0.011592496464028289,0.03156874526358892,0.1215792952324553
85,0.01384768691058531,0.30789380721781534,0.07556138094173943,0.03600552153613933,0.021752839344805607,0.0073580991509208694,0.4747531642553015,0.013770942762120646,0.010519886934315995,0.03853667094625603
86,0.07427969338847842,0.01703586636293924,0.004248669086497246,0.006162567682471814,0.001889491837065756,0.0009604507989626176,0.0019820772786170882,0.00046465616753646065,0.09900375712084675,0.7939727702765845
87,0.007718132455175156,0.11290802678837031,0.019762646526039467,0.02417399788493345,0.00513712149570072,0.07239608465254647,0.07091213290924679,0.01080198291383305,0.029615808372848718,0.646574066001306
88,0.4054281917099122,0.008090947952068975,0.003107467472852004,0.007987430319744604,0.0018120830160405618,0.0037096408303415747,0.003584986296903915,0.0038232851772281667,0.21992764423739314,0.3425283229875146
89,0.008996662764746793,0.10876505626612429,0.6569032549949081,0.014352925541545316,0.02811134161032768,0.00463640085094644,0.05243043011939819,0.023811009133152823,0.05091646814693662,0.05107645057191364
90,0.1727523772297683,0.009147540288809684,0.01764701270474641,0.043224074834100595,0.005401622821462675,0.009285228547770285,0.005319079880287255,0.08706904731782558,0.22257727650420187,0.4275767398710276
91,0.11429357393004524,0.014359459689537694,0.004341208694204379,0.0022342083556620234,0.004692038992163516,0.0007147206472114542,0.0019522939496699136,0.0005646992349686406,0.16056060162895683,0.6962871948775806
92,0.009648905767790835,0.13476457606069542,0.06975477789248298,0.023726550073141704,0.029882816074088405,0.0167032373831224,0.29489218029928577,0.010905594610685729,0.20566882021312008,0.2040525416255871
93,0.03737052309042572,0.0933313961441422,0.052902613977774425,0.021849046847297552,0.06380252576475866,0.003628598977599179,0.00997374791857557,0.003940648357287216,0.030982887902788497,0.6822180110193508
94,0.01677145560824534,0.2303287615718257,0.1658708653952334,0.047655132366805186,0.13750584243430997,0.008670890334249573,0.11298850028870241,0.010303094751179768,0.041909678405809773,0.22799577884363884
95,0.06597354023956571,0.09789874140917618,0.014840647003749652,0.027544113965182415,0.03122488321104426,0.003574446019023632,0.03299716311977328,0.004518402293972059,0.15481632993545377,0.5666117328030595
96,0.0261221074096343,0.17987832305741838,0.027609818542495543,0.04115490112863228,0.01635844294418488,0.13192801174315297,0.3515213153846112,0.02503933245053449,0.07115003795518628,0.12923770938414958
97,0.0530153694911132,0.003190551926338752,0.0020408898444848494,0.001115925871913463,0.0004902846231551692,0.0005115804007116663,0.00041017593973932665,0.00011119556310702567,0.11902985627366773,0.8200841700657691
98,0.48014314635928124,0.012229880134271202,0.01321688815759704,0.03021120713780898,0.005699000537257286,0.014907584819035737,0.0109679559495716,0.08533560877031966,0.10601767454452898,0.2412710535903285
99,0.5433306874535718,0.0020894030971137074,0.004093890762668724,0.004542290576287793,0.0010309691700028675,0.0016540847549484266,0.0015453258034530592,0.009991211017675876,0.09385098063557185,0.3378711567287057
100,0.04387783997115426,0.006225465243707474,0.00858027426932746,0.0030835768718076566,0.0008896610940415129,0.0019662199261586315,0.003592483693166683,0.002412829471848554,0.19610042111843307,0.7332712283403547
101,0.027391742145297243,0.07354547993907895,0.006016508128531066,0.01354311902615095,0.276938695061247,0.04141087277195092,0.06957500088073888,0.009582678703957447,0.26873821959670885,0.2132576837463389
102,0.041515144394114245,0.014258166240152626,0.007257771142760786,0.0290305617854608,0.0012577639999701963,0.0027017735080750666,0.005003738635503,0.002665151143161572,0.20709683335134613,0.6892130957994558
103,0.13755272156824572,0.016458113474594173,0.0084541581321607,0.0024824229928383157,0.0038494706772786973,0.0008972125636638206,0.002570185792429202,0.0006118576231599436,0.13443241341090179,0.6926914437647272
104,0.4363338405480901,0.003407757066167739,0.003894945939420403,0.0035167607479728944,0.0013002443174201324,0.0010605985226853733,0.0015380968529020871,0.005673885446687276,0.16633361679491349,0.3769402537637399
105,0.005883570780641312,0.07449572422133648,0.7446382346502317,0.00846691766365049,0.012550550960612873,0.010965358275312531,0.02854657721573712,0.019977117269794207,0.04283348704659381,0.05164246191608946
106,0.14767937590559052,0.03852314883717966,0.01488179914413245,0.00635660979333784,0.02910669397926983,0.0018877424996837425,0.0051124046265117904,0.002130842489201406,0.1267521193612088,0.6275692633638839
107,0.13764695106984054,0.005908385974240568,0.00924956931236615,0.012591723555533917,0.002223326101257954,0.002542603210446134,0.0035039249381912502,0.03453399908001866,0.13758586920975538,0.6542136475483493
108,0.04836371736816061,0.006488651688726193,0.008324249270193571,0.07963906908637351,0.003047589969082676,0.02055856158454716,0.007351335072476148,0.024689032515076544,0.12218661131149382,0.67935118213387
109,0.051481920583997226,0.008750630752870869,0.005149753864343968,0.020281308216346498,0.0034820081554100594,0.031582009463619116,0.010395292937206093,0.08640197310731003,0.030099438019794013,0.752375664899102
110,0.01136594605986071,0.12242006809991865,0.14044704828494387,0.04571641281151659,0.008656255575703967,0.009319411491945668,0.0795085743375614,0.02532947374773867,0.10462919786384206,0.45260761172696823
111,0.0065963034782010035,0.017870596160215878,0.04961647396063108,0.007516854847950197,0.0019867946718346995,0.0031511902359250827,0.007210403552852822,0.0011686554246335685,0.09312108372292606,0.8117616439448294
112,0.00832337800705627,0.11159717864182743,0.021645234574640217,0.03960604449625478,0.28983419724734116,0.011615607581527703,0.13293392177634095,0.00862063762527062,0.1258506578627077,0.24997314218703343
113,0.012626042774693758,0.013266604954634179,0.0019216657657349485,0.07322255215490654,0.001302617282345045,0.017341282284033845,0.016835821433993155,0.01224599333200034,0.00833752707068427,0.8428998929469741
114,0.0262783870683705,0.024259129079593638,0.06106480776923703,0.03734089729575427,0.02134042568535578,0.002874749751835509,0.008078932878988445,0.022687314912042022,0.29347883514115136,0.5025965204176717
115,0.02150553180658187,0.05349435099113709,0.014006372862683426,0.04351219382253841,0.009143123782695672,0.0027357946679223994,0.03328695932971484,0.008823767793113453,0.1163733811476083,0.6971185237960045
116,0.015751583049723763,0.013707894959022394,0.002303651690000486,0.08856684533464662,0.0012302027441208846,0.016826438328639302,0.015792132795297547,0.011105519992445282,0.010013135205928161,0.8247025959001759
117,0.013977916498967215,0.1633867504471094,0.08487485444022017,0.06294955298485302,0.040495932320643066,0.01814128590643837,0.21079438919562601,0.0223374812481196,0.05240898349365801,0.33063285346436494
118,0.37234303190653917,0.03631134745273695,0.0072336509211290406,0.008018797376727279,0.008314643449616046,0.0020171799751938675,0.0065114785656165625,0.0023567365742017113,0.2034667895313804,0.3534263442468584
119,0.6657265728941009,0.008620103512604801,0.002987665159549442,0.007190932523882355,0.0014750739858245673,0.00573049600638568,0.004548571901536913,0.003188802922046956,0.10560812873371868,0.1949236523603497
120,0.00608514546912949,0.09154612337306368,0.015856579560497366,0.02853347132014137,0.289048929161296,0.010533470588392744,0.07680206640069097,0.005715003971057386,0.12431645024613887,0.3515627599095921
121,0.06532402722979122,0.0026415911232588445,0.0020115222790511003,0.001090870596019506,0.0005533116115022477,0.0006019988242958558,0.000369931321326836,8.606663228390492e-05,0.10799890621001154,0.8193217741724594
122,0.005733633390849293,0.0003759108210030247,0.00017277462072846117,0.0014593642238966281,0.00022863264824645862,0.002855661815696143,0.0003909264296504181,0.0013994377684505472,0.000970123493246979,0.9864135347882321
123,0.12631085350228846,0.03344971941420237,0.01702054432984788,0.005569554734168184,0.01220695808640235,0.0015533146795501916,0.005353421193125781,0.0012814146607211673,0.0999070301470284,0.6973471892526655
124,0.008676968078993352,0.002515260705303045,0.012111660243118202,0.011675060076042566,0.00045339844576928405,0.005051665579830163,0.001000098335268215,0.0023496047904113097,0.3477930916416256,0.6083731921036385
125,0.0004314842483542967,0.001819214789436201,0.0004711300493196345,0.0031252549458824557,0.00042039545759136324,0.03165524245431792,0.0019446735624957362,0.0013363404879668513,0.0007366754737455712,0.9580595885308901
126,0.2702667767164997,0.011612571895468408,0.015393838660659742,0.00705285048632393,0.00378824537730512,0.0011981005477139576,0.004591372258620208,0.00810036463138105,0.18315952762832824,0.4948363517976995
127,0.014359578367830575,0.016854403017154164,0.04646901058277315,0.15560937460776025,0.004370425911210641,0.003130179317686717,0.002549110722666289,0.017108563833840455,0.12334484847021905,0.6162045051688583
128,0.017192439267053848,0.0022719741727115134,0.014118388351420564,0.0025204001442509227,0.0006071894670744521,0.0014138565046381182,0.001407058341988704,0.001536044963072839,0.32954074149238455,0.629391907295404
129,0.003946386858868263,0.0010781976708719374,0.0008552994404037423,0.03132804443551214,0.00032299685638978627,0.0025336821676883053,0.0015449429338377579,0.005103912402203445,0.008977452146985431,0.9443090850872391
130,0.08056965714993572,0.031274427972860744,0.008544563283973954,0.005893555247156351,0.003039865978050843,0.001591159557434201,0.00804921012233393,0.0011823413765724986,0.08749973691722793,0.7723554823944538
131,0.005063245882738559,0.007191591091662129,0.0013064716436377232,0.049252751586453945,0.0009370905266871633,0.017846385208225773,0.0133904329797712,0.008254268262376359,0.004385793925504377,0.8923719688929429
132,0.010300982292501249,0.14944533809371863,0.2452266578266241,0.0231655711508217,0.008798547947657125,0.01158780546308371,0.09251488177844683,0.019322156793080806,0.06305473267822745,0.37658332597583843
133,0.37656500707239116,0.0036873110802802694,0.004187523063674117,0.012780514126911186,0.0014029908506911998,0.0024184727719181007,0.0015836855008652454,0.03517570698512478,0.3105681959863437,0.25163059256180026
134,0.008250805094387567,0.01611089611410109,0.0025456410894546732,0.051850839296058125,0.001576272351818144,0.011817706855147195,0.05500798186192537,0.016134634621883734,0.021911884281489536,0.8147933384337345
135,0.008584775485901728,0.009366013660482002,0.001647373621781737,0.06213066294624451,0.0011072425908979018,0.018040208636542984,0.016483235876221036,0.010443834499514422,0.006210108820696148,0.8659865438617169
136,0.005019770930005498,0.019532308423194932,0.21908970554191923,0.043209571950183,0.0026873666364713275,0.0063440044390721765,0.0038559031480682776,0.019568951823624045,0.07309029551800887,0.6076021215894528
137,0.009646894344129386,0.012297917966998346,0.0017843841502135846,0.06930057550916142,0.0012330809552554935,0.018279590191958756,0.01736246854555791,0.01116606219635704,0.007196100761760736,0.8517329253786072
138,0.006381907476901273,0.010086661771007465,0.6010816112139669,0.012250993974869243,0.004809081121665525,0.0060754117912278655,0.003892528982256995,0.008765791954303619,0.09511616913095307,0.2515398425828481
139,0.022370471578232406,0.12269408445195765,0.011918824803308171,0.014007807742295734,0.14271389922944017,0.02866817678899949,0.18477704124269778,0.011276304750245516,0.25364522258693756,0.20792816682588536
140,0.0027306678215639423,0.010310012332530406,0.0013914635909288624,0.03016193273113864,0.0010056025616206324,0.025231252408813448,0.014777127673519819,0.007755392222971771,0.003741518562167189,0.9028950300947445
141,0.00041663387143585595,0.0015411321398453783,0.0003753935635039999,0.002417567455467938,0.00033327670581178594,0.036001554669722796,0.0017820650154047547,0.0007938273948551892,0.0006448126527394763,0.9556937365312123
142,0.0013245449728809288,0.009207712898608467,0.0011589928530537814,0.010479733577449713,0.0009467683869233647,0.04577315039339744,0.008071623203989494,0.005488380074485226,0.0024307315134037277,0.915118362125808
143,0.11330508335494717,0.010647443751944782,0.006491925407726127,0.0031321106910812157,0.0022795059015265997,0.0007228386175991209,0.0022569293782102075,0.0012033758665499833,0.1722178839785379,0.6877429030518764
144,0.25321107182761277,0.014744270822699362,0.007137900444536157,0.002067909810764832,0.002881144427297367,0.0012491942954836088,0.002170860501210828,0.0004658585254300549,0.10153581270623858,0.6145359766387267
145,0.009226080948955844,0.2556791403338658,0.2374327550113648,0.030898026071814817,0.13022378258340736,0.00946857914125367,0.24928079269628978,0.012139582396823051,0.018283717091863796,0.04736754372436088
146,0.2790575573000928,0.014576630511881601,0.0029565670846578977,0.006112601772149488,0.0019303039262582198,0.0027064400472895326,0.003745626335711806,0.001991880311218567,0.15895412470200135,0.5279682680087388
147,0.008866096282663436,0.11922112021542239,0.07244077975974623,0.045552663897118484,0.3790577918105363,0.010213349169249111,0.06657443410897952,0.006662204041478673,0.051653727208776395,0.23975783350602933
148,0.01687172358399192,0.003919003693964631,0.009047899743529233,0.004985221849407622,0.0005008291795149157,0.0014919488247642934,0.0015544303050453335,0.0012485673512462549,0.2669639434758541,0.6934164319926812
149,0.0014900696494945177,0.010243596763877772,0.0012488436172976517,0.012774427659201757,0.0009796027975401752,0.04030392981336573,0.009272594098629771,0.006011609326094413,0.002685622380875482,0.9149897038936227
150,0.5167082477247307,0.006657463011353718,0.0023952909070226575,0.006628955077952965,0.0011802269040639684,0.0038820392208682893,0.0019527393785841404,0.002987403789029057,0.2472376631994944,0.21036997078689987
151,0.3193652307004151,0.01588441112241096,0.0041855672778469254,0.0036518909230002007,0.002833987908561347,0.0018342002889007575,0.0037393139590316364,0.0014903115056704558,0.18699882658189362,0.46001625973226934
152,0.24870303135042657,0.01929544279861617,0.0064505266566411675,0.009149243609328549,0.003702787344475419,0.0031520913178332602,0.005715749484925878,0.002876877751721127,0.22910833478872253,0.4718459148973093
153,0.006507132554930033,0.16643557030963665,0.5313794958184631,0.020733136811144727,0.012653496285032243,0.011916988385354321,0.06092305136499426,0.016558799414391447,0.00978116921819469,0.16311115983785826
154,0.010874930105971941,0.03621121789342582,0.03796500657359051,0.029793099345691687,0.00435572384671002,0.013339046234867742,0.007201780471220124,0.06458845557450962,0.05293281111036822,0.7427379288436448
155,0.10295853661218202,0.0030544818892949,0.006205163601888335,0.003593831810543703,0.0005723591460558368,0.0006433203511125358,0.001012681758652965,0.0025228653064937375,0.19459194470124758,0.6848448148225281
156,0.018754700884615626,0.04824298564731595,0.0046323102302816225,0.060404181625746324,0.003126531721111295,0.03214191919655977,0.09631549452330931,0.019504328045157466,0.019793370780776445,0.6970841773451255
157,0.012718786324377855,0.01742300088702606,0.05515676372919647,0.011154125663494698,0.004050230285515302,0.0037505860091069476,0.006547685428910114,0.00264886673666459,0.08100964803666494,0.8055403068990433
158,0.006052784950841883,0.047326475081177814,0.03333900484520409,0.03094237378908146,0.002252301161762141,0.023631351301612074,0.03782848952892677,0.004010236472513278,0.06515537225413952,0.7494616106147407
159,0.052768913244369144,0.0049079744952976985,0.01502486947914703,0.019915457421100676,0.0016790133984004275,0.004126029246790937,0.0014617022894766066,0.023238214506349983,0.5047684622120209,0.37210936370704656
160,0.0035279394415660558,0.03170582160086849,0.583231200911631,0.010522308204694254,0.003911999569347342,0.004445452337204036,0.00477273233522529,0.010701593570040063,0.11367261476143793,0.23350833726798564
161,0.3024864241658525,0.01604698447893592,0.016846143253889945,0.018208936890422876,0.005483080347057368,0.0033000508887784706,0.009984686524943014,0.04970067972388557,0.19594995334475646,0.38199306038147784
162,0.020341973454343736,0.076925708827164,0.006605048667751189,0.012472753657310468,0.22939736799851823,0.011934917687066272,0.09724365947379357,0.006906213793761035,0.2549019882269553,0.28327036821333607
163,0.27752566584384997,0.046060798561424685,0.020613358888510225,0.008341661081936933,0.019095663285038977,0.00218622811808812,0.010242313186071248,0.0027534641424049352,0.11539638513153,0.49778446176114477
164,0.006366492836076969,0.016341985482867475,0.004391133170088304,0.04127097879802624,0.0060041100118998604,0.39660171018691864,0.015692665709247072,0.00783647918391748,0.0121477756146472,0.49334666900631097
165,0.0020522555613921487,0.006454573814934409,0.0010297634414262978,0.03246859786614214,0.0008291354251026837,0.020693129342376427,0.01023944485585972,0.006083981724962216,0.0027408474954386127,0.917408270472365
166,0.008852775847957614,0.011255515251155333,0.002526949817827946,0.008291040594444684,0.005435889227784764,0.08332808149368992,0.03733330303476243,0.016657248953741616,0.006412701979935215,0.8199064937987011
167,0.12957813069045,0.03623710186933176,0.017453971614999016,0.0049807424073916905,0.014588305551399674,0.0015515174882161616,0.005813863868195225,0.0013924761731402197,0.08853758054992358,0.6998663097869527
168,0.04600820629028583,0.005647567662317259,0.0024546148486460436,0.0025858384738716316,0.0006060202340739292,0.0011697899677636746,0.0017260725348112623,0.0006729964616959108,0.14830829597239273,0.7908205975541419
169,0.08649486572923769,0.01070096153736957,0.004535567718116683,0.002176068015142051,0.003841498927126491,0.000562756863087321,0.0013577288939812713,0.0004235584100607353,0.17946517393177142,0.7104418199741063
170,0.05584549489003901,0.004260122754353413,0.0024959463210806098,0.0012433245856666273,0.0005597975625379573,0.0005753963176187844,0.0006109328547383165,0.0001488200262089545,0.11161387594605493,0.8226462887417021
171,0.010724235917274541,0.07833128252404217,0.4125067097953372,0.03296678916362641,0.01980926436959555,0.005466427286390621,0.03954189859201193,0.02748936838712161,0.13650966890799043,0.23665435505660898
172,0.01733017458120737,0.001774147316190706,0.012516370984794195,0.002017774716352657,0.0004325574478678523,0.0011596686751858085,0.0010337138312640712,0.0012530983082343213,0.30732790534944227,0.655154588789461
173,0.05883588838259843,0.005167033165570315,0.020106676090615175,0.021572158149372838,0.001502056088886577,0.0012318521596951652,0.0011553361924373632,0.0373608058600617,0.525807321228352,0.32726087268241044
174,0.029945813567297228,0.1650823198773177,0.02949585765045069,0.04581958805047898,0.11562241803701445,0.005058154687448542,0.045504590225425225,0.005269926362420654,0.09526277427832318,0.4629385572638236
175,0.023251383211147034,0.1198241005885022,0.008416786374663088,0.016352495052597102,0.017098311873569964,0.029176341988309356,0.5826420051592079,0.01647770929665571,0.08915964899920248,0.09760121745614564
176,0.1370250130174412,0.037029798116361715,0.020855126007258196,0.015444526897927018,0.012647273101050372,0.0022920538838785277,0.0166007398870876,0.009318233343526553,0.18405926448162904,0.5647279712638402
177,0.014845030136550278,0.16426622708479038,0.05293166365541338,0.11847235080965787,0.01756239632521059,0.032625152555859106,0.12085967794219675,0.029237947704058534,0.06667771191247651,0.38252184187378635
178,0.0006901695941600139,0.0026758019809341926,0.00047165657967233665,0.01055277528421397,0.0005764570826002164,0.02468759810806952,0.003227634471760525,0.003102718369591261,0.0009947797930494212,0.9530204087359487
179,0.1783375902112234,0.021982838151069536,0.0067778682522423835,0.003928512916552789,0.0033216417217071933,0.0013670655402854602,0.006043135202026829,0.0019006667593851993,0.11098142505117702,0.6653592561943299
180,0.008486763821534266,0.008773352131814606,0.0015697902814693096,0.059601167683363376,0.0010751155052059816,0.01792202364382833,0.015595906296809672,0.01017296113323293,0.005929929426062817,0.8708729900766785
181,0.17381444364976337,0.005608172090747411,0.007560584728346026,0.0017701651315744837,0.00094337295480705,0.0009953486185126494,0.0012665626304210929,0.0007294517948179671,0.14680363578661132,0.6605082626143981
182,0.00997242051155539,0.0169181171639822,0.01839438062073645,0.572653309174977,0.002530120792892477,0.014533409783565295,0.015376936728989262,0.02785939355495284,0.06072948575584355,0.26103242591250525
183,0.05058162090181992,0.012090321495199096,0.0300118635299431,0.04757290741749787,0.004463046014596495,0.0025315105555023666,0.005038143301998691,0.03149169625315081,0.3858559321360208,0.43036295839427063
184,0.009204546670794338,0.12944240502093748,0.3374798249596905,0.038275539063167156,0.01062611172832672,0.006947953855585652,0.054388122898079455,0.016575225527473304,0.03507764113855818,0.36198262913738793
185,0.35022269230908915,0.006798581902934589,0.007205583957759754,0.0255421819497199,0.003569693685452916,0.007664477851209373,0.004883758205503184,0.06860140598857055,0.20998268641114695,0.3155289377386131
186,0.23873023796975484,0.022805838941307967,0.014399094263669972,0.0036840730983978467,0.005206314866083425,0.0016704462587459053,0.005344859596276536,0.0011307627631489915,0.11847965812882949,0.5885487141137848
187,0.16877517217111207,0.009608864995464036,0.0016226809697375269,0.004743914517161202,0.0008052213725813432,0.0019974343091580713,0.0016535704873919391,0.0013410234986027468,0.4396155235585838,0.36983659412020736
188,0.014040899710508826,0.3330270959730697,0.02108259630464591,0.02369778639410326,0.05323433342932446,0.015256428749647206,0.41086515930621387,0.00952465623444706,0.03451739985448128,0.08475364404355824
189,0.15617455679643039,0.008591247278824253,0.006003713287372493,0.0015334226539738067,0.0011337954543185979,0.00080068043989228,0.0013949972331067989,0.0004633549968582312,0.11775344224887456,0.7061507896103488
