,proba_0,proba_1,proba_2,proba_3,proba_4,proba_5,proba_6,proba_7,proba_8,proba_9
0,0.34558845535596094,0.002485695998798362,3.102647637839272e-08,1.7734772116480061e-06,8.856540730517293e-07,1.9482356610149424e-05,0.00024295713655637954,5.304085119932973e-09,0.21964273162224335,0.43201798206798464
1,0.4408613113155765,0.0018039841167696638,4.269620044360558e-08,2.0271909743992277e-06,1.197341872212359e-05,1.0808690416142653e-05,0.0002071013211255823,2.4921715936750333e-10,0.11825628792827922,0.4388464630727188
2,0.0382048222510539,2.606810395284757e-08,0.0013600091006967106,1.473812199266243e-07,8.148217826594583e-15,8.529682449398158e-05,3.6681368535744956e-07,2.5701116972460607e-06,0.7578759814518367,0.20247077999720406
3,0.6885074126704338,0.0016220040048389916,9.547117790482112e-11,2.0672680382339818e-05,3.860440373281819e-11,4.366151085979291e-06,0.0003018051425481185,0.00018114644306524877,0.2180081351592641,0.09135445761430586
4,0.6010427995867441,3.4713126978966707e-07,0.00016078082070979715,8.872456799488535e-07,6.141706266600726e-16,1.542056397920625e-05,4.868421356149417e-07,0.003434526962045174,0.27382405000250754,0.12152070084492811
5,8.616829741242352e-09,0.056153801613352546,0.028446170225122722,0.02722520248958185,0.625613820407103,0.00022987486780470944,5.993862579089673e-07,6.629362135040384e-13,1.3379584985502042e-06,0.2623291844347859
6,0.6098048139093497,0.011617351170142056,1.7196548050589604e-09,5.32020642396212e-07,2.8455296677267068e-08,1.3979168551239422e-05,0.0006285233592417253,4.7080195044228745e-07,0.09018291315629924,0.2877513862388717
7,0.001268152640137503,0.00025174057760742996,7.497254495751918e-07,0.007752771475904869,9.425878866092617e-08,3.2568170913024087e-06,0.004002995036995943,2.1903712171246026e-07,0.0020194911708390955,0.9847005292600639
8,1.0402882324648578e-05,0.0015514115131897465,2.605883524324403e-09,0.0013587045760504381,1.3243527635484301e-18,0.0030921053405505196,6.320831616436584e-06,2.4704698056250593e-05,3.64400258316103e-07,0.9939559831520701
9,0.0016523753025982483,0.06546339689789316,3.425830525610796e-08,0.35262449643672183,8.997154454492124e-10,3.1535493281959786e-06,9.12155467647358e-06,1.0016398192889931e-07,0.0002816566104894793,0.5799656643262899
10,9.436007073242187e-06,2.2175013833270356e-06,0.00023482938986651799,1.0621032395889709e-10,7.355521422111999e-10,3.542846750852124e-05,0.0036466257282242896,7.307657181855846e-13,0.036610660674766156,0.9594608013886847
11,0.00018885072320820525,0.002788802546566969,2.33455644388055e-06,0.07302885391278104,6.080058712682254e-05,1.1304224679950147e-05,0.001979516950009912,1.3827199071006846e-08,0.05008285721277249,0.8718566654592116
12,0.1327224018740695,0.0006358263430561654,4.202863861756111e-11,3.8353062826085416e-06,1.4502053152507286e-10,5.714012070434207e-06,0.0001063988254706258,5.972574712335344e-08,0.2024711226424625,0.6640546410837918
13,0.0005576857297674438,0.003196308649692808,2.701168835001185e-10,4.926272538258009e-07,0.015302311574677253,0.00017802813258064346,0.0003237310890077743,8.135893301317274e-17,0.7160666733796669,0.2643747685472364
14,0.5046529382522494,0.0012149127159668189,1.080983497945269e-12,4.521577892330792e-09,8.934669677517757e-16,6.1903440692722435e-06,0.0002542475814687992,7.352590481747762e-10,0.11151208654100375,0.38235961930732315
15,0.11551237291579249,6.536586428078683e-05,3.722368007753048e-05,0.00012636601298922782,6.288925176547225e-14,0.0024941551861776532,0.7521696850548185,0.0030097910445170497,0.0009715535411202775,0.12561348670016378
16,0.021022379128294282,0.00013656944422881908,9.115232697754233e-08,0.00012709301509433444,1.4740936851970804e-13,9.246347530242257e-06,0.00016027449063169547,0.5378230275427928,0.3121346985905592,0.1285866202883943
17,2.6727691849644178e-08,0.0061367973580168204,1.1066248365456351e-08,2.3592497379742468e-05,0.7276711741775724,1.5292207391718597e-05,4.473036750443118e-08,1.3611169391918108e-18,0.001973892329185994,0.26417916890614546
18,0.38057279875105865,0.006769852983931304,6.304688037610651e-07,5.308903468040395e-05,3.117095430700453e-07,1.3048054250352877e-05,0.0010562871825897423,4.384830044224485e-05,0.22194160321687262,0.38954853029782804
19,3.7634614004510414e-06,0.001492587689942479,4.9075272992515565e-11,2.3751598086899357e-08,0.8873852000556021,0.0006071516861876397,0.00017917447923025904,3.557514742842056e-18,0.03872515554897794,0.07160694327798584
20,0.000112706914277162,0.00028758243745664473,0.00174367629312588,0.0002824134430435965,1.126738327694722e-15,1.2002185564871397e-10,6.435889307167925e-05,0.7828093559521965,0.044378980425109245,0.1703209255216962
21,0.0009875988967817549,0.008649183109234602,2.500112579103501e-05,4.000832614754806e-06,3.112520596289933e-06,2.33458214472719e-06,1.3426953038340428e-05,1.9816805386287844e-13,0.0002906373260349316,0.9900247046535654
22,0.00012021087477039948,0.04861065288291476,2.2547683012134212e-05,0.12591799103195275,2.0521998183274472e-10,5.663160993073042e-08,5.395795003027278e-05,2.3589268527705034e-09,0.0008239271609539749,0.824450653220609
23,5.531229845417954e-08,0.006632097038773022,1.8074146221529452e-07,1.0769903286795126e-06,0.9264187556880424,4.516763207658634e-05,1.7163404540266063e-07,9.260754965834485e-19,0.0014994445838447557,0.06540305037912857
24,2.5055956211091187e-08,0.03569908281341449,0.13004527412951553,0.00012466515050258803,0.007811536733549022,4.862012519739639e-07,0.004023844856440997,1.4148968038476484e-10,0.0009906167688795786,0.8213044681489999
25,0.014086437965734715,3.474054298116625e-07,4.269174120514532e-07,1.6784954070097318e-06,5.154707950241461e-12,9.84101597746729e-06,5.231683288702928e-05,7.938969339648041e-07,0.3807601709658827,0.6050879864991805
26,0.006177482992696332,4.99053069703612e-05,1.1618133256655942e-09,0.0011842043161623952,6.16115452140031e-15,2.371660239838311e-06,7.677533299257847e-06,0.04928241686538816,0.4638999128853506,0.47939602727807357
27,0.05013841476280616,3.0881271705746676e-06,5.136135627948422e-07,1.818334114844242e-07,2.034453704214247e-18,5.220412710410494e-06,1.168774592880908e-06,0.006893469089420808,0.7348556442488405,0.20810229913748432
28,0.00014701024172301667,0.00014161578548336072,2.491539053966255e-10,4.779438149665786e-05,2.4545751160742107e-18,0.0018326543862545609,0.0005175275521042895,0.010797529638537553,4.339761693032022e-05,0.9864724701483163
29,1.1520042988529169e-05,0.0015627650576808228,4.8162955005970745e-06,0.031935335293016835,1.1780975940244137e-14,8.636141610621073e-09,1.1608360300015242e-05,4.4555280633769597e-07,0.0017476914342496367,0.9647258093273039
30,1.0540112740280811e-07,0.03891840648778446,7.708440582401852e-06,0.0019144703981965052,0.9384086703183436,0.0002985033679591095,0.0007008084082826092,1.2245937181145829e-09,0.0025599210867575466,0.017191404866372665
31,1.103953695117944e-06,0.1744691271858379,0.20403798350571237,0.47694607363639063,0.01445690400450544,0.0008936726994732166,6.070326041650728e-06,8.692358505782507e-11,5.083611475170258e-06,0.12918398098994513
32,0.0012224747045310393,0.004155830024535259,6.568899616220869e-13,0.253114442495645,1.682633468569305e-18,0.00021167525547328465,0.0002541305688047767,0.0002244246560144758,1.807727705756417e-06,0.7408152145666336
33,3.485357057681919e-05,3.796673147470192e-06,3.402811335906744e-10,5.470908427276408e-07,2.2588173218960697e-11,4.3158402044461195e-06,1.737781424304909e-05,9.986121305973511e-11,0.10635166168304078,0.8935874468652142
34,0.0007167896605857578,0.001910053924396769,1.954381644024842e-11,0.009263091752727506,3.203426321826697e-23,5.22887842945122e-05,3.7040353177611173e-06,1.3450700028822454e-05,0.03408906557620395,0.9539515555469011
35,0.3512493583478109,0.003456099733712701,2.2424314198755736e-09,7.002568592649613e-05,5.644622310044188e-07,2.2049390312476867e-05,0.0005905115864407675,5.102679282798165e-08,0.1768714431069689,0.4677398944173725
36,0.012630038382996167,0.0017526703256546363,1.4134266017136935e-09,0.0004653477300375193,2.3292515411251173e-10,2.1987071338845143e-06,0.0004075026464754178,0.00010618224337825233,0.45365199956897206,0.5309840587490003
37,3.211966656933223e-05,9.527541620765569e-09,7.82042146604405e-06,1.1058237418938198e-07,4.639029314688799e-13,1.8155549439727722e-05,3.0690070127383033e-06,2.576958200646833e-07,0.6016086486600013,0.398329808889311
38,5.442086299564639e-07,2.6122422760132333e-08,5.4893869392627e-08,9.71034088915998e-08,1.2510263821558484e-13,2.6181168591992393e-06,7.336062378549812e-06,1.0868995632419678e-06,0.37243335857121096,0.6275548780215319
39,0.03476547994050225,0.001504256855082402,2.402681041603495e-10,6.713529188698992e-08,1.4716349976403725e-08,1.0929116475899653e-05,1.7265986916870745e-05,7.132395948932232e-12,0.14985596118366493,0.8138460248183153
40,6.823147483678546e-05,0.534358843911886,0.0242291730067015,0.05995218860472826,0.009781658686394402,0.001527035896340605,0.2926366702028762,0.00010777859944433875,9.882598623979151e-05,0.0772395936305521
41,0.00215627027909776,0.00021876058913302752,2.7796559926629686e-05,1.4317152883257642e-05,1.3092626543309999e-17,3.416735370910478e-09,2.5814263992186917e-05,0.5592804761007495,0.20065925770513954,0.23761730393234262
42,0.00046787647505260873,0.03571347215067036,0.0020097867937749407,0.23185125964302253,0.008643874609594284,6.874188023161136e-06,1.0009069424342808e-06,5.728794265105755e-10,1.095542182086827e-06,0.7213047591178582
43,1.500329050749665e-06,0.28872317300978007,9.203570549578393e-07,0.046393064701829995,3.7980474870340065e-09,0.00031726502933969626,0.0001915383614507992,3.730157600013336e-09,3.1954425370015445e-06,0.6643693352407516
44,0.004572030717842264,0.0007626045306703076,3.132337596758315e-10,1.3561883463283378e-06,3.790818497691242e-10,5.2034301770530316e-06,2.7043223671374067e-05,5.214078400105106e-11,0.07867358372815644,0.9159581774366798
45,0.009457626407754074,0.00018859629589364232,2.2248916957543076e-09,0.10940728173007563,4.3176173883220564e-13,2.4884767450002355e-07,6.71434611974478e-05,0.0042784621660687605,0.35086294075541186,0.5257376981106007
46,1.3888308158814165e-05,8.180804102401394e-07,8.38532348152026e-05,4.38229725729908e-08,2.979430397841164e-21,3.562934838686224e-08,3.107861772839874e-07,2.4945996375241478e-05,0.21443731495400253,0.7854387891877396
47,0.5610629056946698,0.0029956827439033234,1.2265401944530073e-09,3.4566073656150413e-07,3.7024184489061584e-08,8.15210212608699e-06,0.0005174513299350919,7.82910596735673e-09,0.10481106743956674,0.3306043489492319
48,6.314651376509864e-05,3.828332592792984e-08,2.1417071698004942e-06,6.22304101025076e-08,1.1537387187098134e-12,4.952419242303755e-05,1.554284709529324e-05,2.865451076685181e-07,0.4855763144130457,0.5142929432665037
49,2.864417580582679e-05,0.043658994630128296,3.896892823649504e-07,0.0010625780793863556,4.840314676000165e-09,0.017464041286682157,0.5186999706547775,0.005379283738405802,2.481376377032374e-06,0.41370361152884005
50,2.1509096861439473e-05,0.07581646807853233,0.0010884911617821524,0.1149084721745048,0.5724594500022439,5.654044293513908e-06,1.6173591333919093e-06,1.7402171047461116e-10,3.1483539157281565e-07,0.23569802307323542
51,0.02060596050892324,0.000390405171708487,4.853593633444146e-10,2.493457026116947e-06,1.202941260897557e-09,2.9701992477688474e-06,6.141698509308527e-05,1.4183416620258444e-09,0.1386918431467709,0.840244907424588
52,0.011999190028686438,0.0018524080360170757,3.091804919515304e-07,0.000591392262528661,6.486914805330487e-10,2.0202093606014592e-07,3.588193473505909e-05,0.00035760708448434977,0.2639652394731241,0.7211977693303048
53,0.013039497925422333,0.009056497827529649,5.454063722794893e-10,2.738201635524484e-05,1.044797517593526e-07,1.9674206251558525e-05,0.0004090452920370211,8.141228095725617e-09,0.08248248278382336,0.8949653067821947
54,0.01261043864088146,0.00015057566829037423,2.4754273304207913e-07,0.002386003277186955,2.978071539980007e-06,3.960047111142737e-05,0.0014951144390998943,2.4483941132790074e-07,0.0800524253298979,0.9032623717198477
55,0.32051654814656316,7.08651991582927e-05,1.0104570174973389e-07,8.98710035482472e-05,1.5137699630502792e-09,1.6688712517227654e-06,0.00039764262555183074,1.426877229124703e-05,0.06437985643625305,0.6145291763859108
56,0.007551979347132564,5.780590385198209e-06,7.0168233907718035e-09,8.364121665384707e-06,6.155733731045137e-10,3.2673306395183887e-06,8.394189842754101e-05,6.552221775345731e-10,0.09394797197966936,0.8983986864444614
57,2.1583917022586344e-06,1.4337673746532262e-08,1.3657842351648267e-05,3.2535064681117647e-09,8.005388718184575e-15,2.2784396395515276e-05,4.1304757599191375e-07,2.445038920681701e-07,0.47629018746859847,0.5236705367582959
58,0.3551768545431124,0.0005247585528460199,1.163638620412268e-11,4.1233970323478555e-07,2.218745950614289e-11,3.5217594342471794e-06,5.314863908971024e-05,4.8247090181178856e-08,0.23964795266317784,0.4045933032217226
59,6.194830678139982e-07,0.14868283068026605,0.0004193823859697347,0.00022866468011900368,0.5685975458322319,5.804557728043963e-06,2.3471431871249454e-06,1.7060839110407326e-12,5.188088652598542e-06,0.2820576171470716
60,7.722979955774441e-07,0.031084650367777484,7.239106994249133e-11,0.001079339048487711,7.521608620062009e-17,0.007440803685180926,4.319522139685458e-05,7.91757070452086e-06,1.5155300999080596e-11,0.9603433217209105
61,0.00016023067342889707,0.013433135936294974,0.007883566921666642,0.18933614665504178,0.010094565478298336,4.410514676199468e-05,2.578136751067529e-06,1.5044679679351928e-11,6.627699806616857e-07,0.7790450082667308
62,0.04018630792507335,0.0025704731685353183,1.376067423399804e-09,4.883495767537148e-07,7.781977499904666e-08,1.3183906758215723e-05,1.7593051437238755e-05,1.2000500140730341e-11,0.04056205775393758,0.9166498166368386
63,0.002608073315096799,0.0030302744739252947,9.131858168364315e-14,0.22959324044291807,1.5799956187691354e-18,7.884840507751544e-05,0.00010356618768479838,6.74393632185557e-05,2.6486711604410345e-06,0.7645159091408271
64,1.1797902235775641e-07,0.00038371520751879443,0.6677573982815849,2.2957394232182178e-05,8.442949215419853e-05,4.294544143302155e-06,0.1269303259752446,7.299287894542991e-08,0.003883991752919942,0.20093269638030087
65,0.0005947647915020124,1.4766350402596527e-08,0.0051942438917181154,2.4689863943055537e-09,5.097100800278459e-16,5.0619482006145905e-05,1.0518522779356893e-07,7.088152118264911e-07,0.6673622399865474,0.32679730061244944
66,1.835824659114819e-07,0.4381007048357797,0.3259682703175737,0.0212157703704982,0.1356193525522194,7.090122636291243e-05,0.05516793972841757,9.473578682078739e-07,0.00013728327877082463,0.02371864675004358
67,0.016821070925766648,0.0006980980703184523,1.1699418136255679e-06,0.0005768507353721463,2.4869636818062693e-09,2.8343799901657376e-06,0.0005679839619588506,5.97970755888817e-08,0.02376758276043032,0.9575643469403106
68,0.015414432019867369,0.13844032967520406,2.7846227494703936e-06,0.023850436362835712,5.407992888962752e-10,0.0001357243474402058,0.006502432261156083,3.983937554135034e-05,0.0003239178171461325,0.8152901029772605
69,0.018616050992744278,0.00022440237564216962,1.3254011336231042e-05,0.0006958658701507524,9.839195723668872e-18,4.163626348516255e-06,6.8457239725118515e-06,0.005771835404315842,0.11874930509915242,0.8559182768963373
70,0.0011571865232385254,0.01638040630683817,2.8002403400028138e-05,0.0016864591253923187,1.9169180460382425e-06,4.916632504508698e-06,0.0016551788758170512,0.00013255110009416805,0.5579187719730277,0.42103461014164156
71,0.3280882710209997,3.1684582466688526e-05,2.403193720593059e-11,0.0002207283621431871,1.2135509673594905e-14,8.835589328729684e-07,4.303706028104967e-05,0.013390773079031693,0.24107686073427878,0.41714776157782196
72,1.103459743042587e-05,0.09539656975770791,0.10171911007823406,0.00013519848739307515,0.7030391953209123,0.0005941435611695434,0.09521216576941492,1.799185926836634e-06,3.475187668316035e-05,0.0038560313651275994
73,0.00043889703590269726,0.0424949943602245,0.08806631129402093,0.6553669971496217,4.826006289172865e-07,2.9482636196398598e-08,1.3407957632473939e-06,7.150057329883641e-06,0.00034041652973113235,0.2132833806941407
74,1.898816581424235e-05,9.834393317895866e-08,3.3701013859038424e-07,3.8084192202032365e-07,2.3985833576522147e-12,2.385242206849875e-05,4.018761589068597e-05,6.387869645635516e-07,0.3622950250982935,0.6376204917125762
75,2.4925910244020484e-05,0.06974823313804615,3.201309470577194e-05,0.0006188509166051419,1.2672065319190227e-07,0.08373578774094148,0.020836542609525045,3.1840097866943004e-07,0.00043329074604583684,0.8245699107222546
76,0.18181886355179672,0.0019262200843471425,1.5802348181490428e-08,1.2663148207140717e-07,1.6796295942882427e-06,7.701294510140026e-06,0.00017908128571332752,2.1063164113138465e-10,0.14085032728032584,0.6752159842292508
77,1.1060917712074889e-05,7.282843068976973e-06,9.64095470025951e-10,1.463633413401206e-05,5.803047568869157e-20,0.032666100974126394,6.886833498740784e-06,9.19983511390567e-06,1.9174564160376726e-05,0.96726565673409
78,0.02656675948444484,3.464043407950938e-05,5.01785639139128e-09,0.041329056028695015,4.617648384132657e-13,4.164968518196053e-06,4.963438697665504e-06,0.005678585467829613,0.1371118642901895,0.7892699608692275
79,5.266700456068322e-07,0.0012381228542385782,0.9868583782168077,0.0008810191786592165,9.91517801436264e-07,3.3830016459415865e-08,0.000507673736259002,0.0016533109010828143,0.000994780179218268,0.007865162915870812
80,0.030228087465233023,0.0013078614791701736,1.3240307174186986e-10,1.1299812634931702e-07,1.8383021657767565e-09,7.077370807757457e-06,2.41081141451653e-05,2.47046966490687e-11,0.17679208309301983,0.7916406674840877
81,0.2932556130897555,2.458340228566438e-06,1.8824954346110434e-08,8.956527508221042e-07,2.4693605304870422e-12,8.71515369577893e-06,0.0005492317431467647,8.514724831669769e-05,0.20825912462037607,0.49783879532430614
82,0.3133484614513902,0.00022842079856956734,1.4377578002787537e-12,1.6632699764673476e-08,3.8710304936789805e-16,4.903331767814023e-06,0.00026345928956348464,2.312835652180826e-08,0.15973353476637325,0.5264211805998413
83,0.5572114718101336,0.013468935088253206,2.2833402626558579e-10,6.790098653549555e-06,2.0899930887648287e-09,1.406884662104999e-05,0.0004773145364360399,1.3568845159734712e-06,0.049381685044743294,0.3794383753723161
84,1.9526657684824326e-06,0.10247420155331384,0.31010519873936854,0.08219814630850349,0.39643517163014796,0.004709771791527671,0.016387835890612892,0.0005075374213087729,7.2211093505340395e-06,0.08717296289009781
85,9.655862329197208e-05,0.26887289271706194,0.0063001749475953646,4.039864917933315e-05,4.529786550556911e-07,0.006200191953818596,0.6793943370698671,0.029327341978023527,2.2266472276571005e-06,0.009765424435279446
86,0.3247698791867474,0.049456587036852975,9.862362187973801e-10,8.085264908513023e-06,1.3841007708820714e-13,3.963231259461727e-06,1.2869555879718183e-05,9.188311234843857e-11,4.967965820397327e-06,0.6257436466802737
87,6.97235037516992e-08,0.009275002921890499,0.0006065423303900227,1.411088248465805e-05,6.004315440198522e-14,0.37024672395953007,0.20358004282036735,0.0027789017278006417,2.8597983922434116e-05,0.41347000765005065
88,0.5035051752692347,5.169426491038177e-05,4.95895477946981e-13,7.286475639343083e-08,1.1492521788073876e-16,2.3565305738891572e-06,0.0010295736205561306,7.366241255464268e-06,0.15752567776115897,0.33787808344705794
89,8.95506400831402e-08,0.052600114397598055,0.8684390024835601,8.143400846138552e-07,0.001566126083075066,2.4065481336867997e-09,0.00043513017364822345,1.9458036628258507e-05,0.021325339857445762,0.05561392267077152
90,0.1851368589853367,0.0005098550268260567,1.2217707696360102e-06,0.0006957070188890876,2.2200290399031588e-17,9.948473303406777e-06,4.882015870401251e-05,0.13480335576958344,0.1566451356061495,0.5221490971904381
91,0.19489368902669077,0.003197116465335831,6.304202368269714e-09,2.1547503197890737e-05,1.711175542446481e-07,1.1858709578260069e-05,0.00010828396473180243,1.0761971051136363e-09,0.11842629126100683,0.6833410345715049
92,4.2495719435436365e-07,0.058249188491874666,0.05380062459540209,0.013605327043174645,2.774072295127236e-05,0.0013380228228739765,0.8068305031437192,3.4083532134793193e-06,0.021057061960403047,0.04508769790919338
93,0.001555899002067246,0.03204685050284735,0.0025593172345769384,0.003060660353762837,0.0021524867628069243,3.42338878680482e-06,7.067795682442899e-08,2.6573659300884745e-11,5.941256913858444e-06,0.9586153507937075
94,2.6565458461362995e-08,0.22530150816322764,0.0027524998292263107,0.05921797997712547,0.6589264747708597,7.933384198464026e-06,4.718070409307004e-05,1.3463050467351833e-10,3.4442532785644347e-06,0.053742952217901686
95,0.02750851704554966,0.06488328406190633,1.3006827534605694e-06,0.003918339811832108,1.1858272059851451e-05,0.00013855484726130147,0.007885725813885924,4.004348648534277e-06,0.12119562581701708,0.7744527892990858
96,1.4561078598370859e-05,0.0005196190844502808,3.819690061300763e-07,2.698005574906485e-07,1.0087955765173238e-15,0.006010538464409115,0.583509919271538,1.814452865360292e-08,5.175861296473279e-05,0.4098929335739461
97,0.0013558891633908426,2.9779338701173293e-05,5.85356248848475e-10,1.7255591570154234e-06,1.025631321973246e-09,5.555593049910578e-06,3.476383309949144e-05,3.952380359208193e-12,0.07269473454501266,0.925877550352649
98,0.553401157498463,5.117967596187723e-05,1.869008766910506e-09,0.0012039727414414117,3.8426442518814975e-19,1.8470872118824432e-07,1.9345128837293853e-06,0.00858447596900961,0.1045264797081086,0.3322306133164017
99,0.14460626275616645,1.7859942236256882e-07,7.747819862788204e-07,2.8584996614070444e-05,1.900010695926728e-15,2.914748171645064e-05,7.748346288869749e-07,0.0002920181301932882,0.3885879286995546,0.46645432971971573
100,1.2451587071338984e-05,5.426031249714708e-07,1.0593339885672911e-08,3.845642650072337e-06,1.685066461986102e-11,2.1153673853180245e-05,0.00018141863950342784,1.5617530631035245e-06,0.18089204657681263,0.8188869689137308
101,1.8398893852052297e-05,0.0006580680336451443,1.4282651219212793e-12,1.0411184384735342e-08,0.5198001297703284,0.0008044719157603681,0.00013537237350753643,1.302373193084917e-20,0.21817086980317296,0.26041267879712093
102,0.0002936944506835664,1.8027479608867635e-06,6.974017141191532e-08,0.0008797322117046239,1.1363595118582187e-12,5.151320830914153e-07,5.43357644553827e-06,2.4389925795948315e-07,0.2206468533714923,0.7781716548690643
103,0.2728916881955649,0.0022109750341720957,2.9883923960180226e-09,1.1087764222495316e-06,3.7742290041132556e-08,1.0327545186868772e-05,0.0002630282440398789,3.0780631581515235e-09,0.21054222745772952,0.514080600938139
104,0.2922273634091857,0.00321704877282391,1.388994054048814e-10,0.00012498074632898352,1.8366425743968403e-12,2.0460709297295144e-06,7.810643478566221e-05,0.00022973303397315497,0.03738173933069906,0.6667389820605378
105,4.960497478865649e-06,0.000500659886380518,0.9802426066020792,0.00018657551712733409,1.2098592402092718e-07,7.211272916900673e-08,0.0032614692213031116,1.2956656055325414e-05,0.0004008338992868703,0.01538974462163557
106,0.0428204142437803,0.006233977203141503,2.5692884264492687e-06,4.635766983421621e-05,0.0007300067621435481,2.5755791011700365e-05,0.00013853841118513798,4.633156775632094e-10,0.03710212539069005,0.9129002547764714
107,0.20951525882364355,0.0006442627405416156,1.9432127635498343e-08,0.00040920319480963914,1.0794936445471741e-14,5.028688537967748e-06,0.00014374573541683474,0.04080877736596018,0.1231874930738035,0.6252862109451484
108,0.000551736180819568,2.097603097038574e-06,4.9964249049860436e-08,0.40485157848788567,4.075219863328342e-20,7.85441928320166e-07,3.621631422874776e-07,0.000993736932206582,0.05411309594596003,0.5394865572807115
109,0.15739939794597532,7.781130581565154e-06,9.405336848344843e-09,2.5414942703334365e-06,3.7108207512015505e-19,0.0007986347260284942,0.004922051090091952,0.0020993109908832926,0.001557565433825378,0.8332127077830067
110,0.0013574941074667112,0.04873549167250768,0.029633224029625184,0.006299268871980526,3.0028611861312183e-07,0.00026174851115987253,0.2235151105558108,0.00023199796340909426,0.027269653367372228,0.6626957106345492
111,1.2988183482325555e-05,4.15721231551188e-06,0.0011443805539310679,9.883301052643676e-12,1.79288938041053e-11,0.0008297959737375692,0.009835408819985288,7.122589039748785e-11,0.009467420728062751,0.9787058484294474
112,5.132690960570484e-09,0.005857998701406817,6.5445417279476e-07,1.4978864255177498e-05,0.8683977020313944,0.00040101351539887037,1.3529209509359547e-05,5.93521749898571e-15,0.02137810146387544,0.10393601662729025
113,0.0009335933493725682,1.0540176306726472e-05,9.159867915037552e-10,7.539167761915673e-05,6.894011847359932e-19,0.0009021998043535504,0.00013411442964260454,0.007699096473320888,0.0011406602143096817,0.989104402959088
114,0.0005280109756312198,0.02506124541663276,0.003585330329162552,0.0005545141761206055,6.366252103124322e-07,2.6944266660128523e-05,0.00015150896129775915,0.00023027914827083523,0.4273001989028937,0.5425613311981201
115,0.0035675059722764533,0.026346679434027794,2.5816765167085858e-08,0.001997536349541153,2.2920679057448686e-10,1.948160480219316e-06,0.00047938354461889556,1.9832696517640096e-05,0.3045939617618104,0.6629931260347554
116,0.002889235168667456,7.783406640696e-06,2.806905621440493e-08,5.3918629257263844e-05,8.138216955124006e-19,0.0022085673994345022,5.807741118923128e-05,0.003553897447704284,0.002166318418588252,0.9890621740494622
117,3.200673569802612e-06,0.4521725565358969,0.1019613312316516,0.0019373922568316545,0.0001613124520645307,0.00015557509304045964,0.0071399812762722855,0.00014267785176551661,0.02736658383061317,0.408959388798294
118,0.8447724071795042,0.0030162499847149688,6.970064843272817e-10,9.915812146057698e-05,8.495663315220521e-09,8.197894758704296e-06,0.00034863461564676047,5.401820498287646e-07,0.07412613951538384,0.07762866331381121
119,0.7784814337961037,0.009156693325058023,1.8417585613843615e-13,1.3285835814075364e-05,2.108231014287858e-17,3.5765356540827504e-06,0.0002659339476458585,3.913121359512128e-05,0.0029086535729654817,0.20913129177297954
120,8.858706900981621e-09,0.004594947150168994,4.779414365451326e-07,0.00010204154744480204,0.9229125919710424,8.765815221429434e-05,2.5734496383571375e-06,2.924900752158466e-16,0.006411825959131572,0.06588787497021595
121,0.001717947423873118,0.0012186716755440649,2.206362409585809e-11,1.3768396829619212e-07,2.1181912912801711e-10,7.1896234626688125e-06,1.2206045780167752e-05,1.1228059809865628e-12,0.07798375384693365,0.9190600934654324
122,5.993336499958737e-05,0.00041398867371746236,1.1341967208560038e-11,0.0018939001977602507,2.840642881653726e-23,3.5039778950700106e-05,1.7564065695843205e-07,3.721290595709096e-06,0.019358581184977065,0.9782346598570003
123,0.31796439409703114,0.0038379976173394557,3.8439661718588176e-08,2.270945879441627e-06,2.1649287219406413e-05,2.0441901029604365e-05,0.001326063691470259,1.6209916595802672e-09,0.08822036461683005,0.5886067777825471
124,0.0005399599656895733,2.152724720175338e-08,0.0021261074440127774,9.105808220217106e-10,4.561692660134567e-18,6.035287731038548e-05,1.1001066079840186e-08,2.167280635770191e-06,0.41315433932814855,0.5841170396653088
125,1.9673558031786927e-05,0.00029728499006650055,1.940486376802966e-09,0.0012725916519107283,6.78799348937828e-19,0.003667802514691144,6.3151761080235774e-06,1.8128606744072004e-05,1.7245722832359547e-06,0.9947164769896781
126,0.43831463779332036,0.0021894712393667535,1.8170963849505334e-07,8.788255033187946e-05,8.941075679709901e-09,5.026211872240128e-06,0.0002555790753928967,0.00042957305434890476,0.43747547783209106,0.12124216159256163
127,4.917263391450992e-05,0.007021856815244059,1.001946575885998e-05,0.416562880203645,8.222070984235487e-12,4.619054445252372e-09,6.342577875213072e-09,4.191621398582337e-06,4.4524006115393595e-05,0.5763073442840692
128,1.024998670370313e-07,3.4627869787311756e-08,4.4289370658273084e-08,6.840582715904262e-08,4.493598500456579e-13,2.5099449302647567e-06,4.598207287612985e-06,1.8105911077277874e-07,0.35541181375495234,0.644580647210335
129,0.0008929869960869131,0.0003745142167461733,2.858881740549568e-08,0.5562365738923103,4.857630917690484e-16,0.00010038208440884642,8.433071770234494e-06,0.00048005690976809644,0.0032069040381289813,0.43870012020196253
130,0.006955018121956573,0.003574042831123508,1.958235388951477e-09,0.003019147368775064,7.250849014396263e-08,2.801676403192649e-05,0.01610318074027761,6.271550125136349e-07,0.016395295749801253,0.953924596802296
131,0.00021104601084958867,1.2541914755453215e-05,2.078399967322317e-09,8.605647063511246e-05,3.3547918294752803e-19,0.0012971046763224955,4.144530868193809e-05,0.00309824004192245,0.0004697037944274831,0.9947838597040056
132,0.0001684888438696997,0.005570912355686313,0.06203008395371336,0.0058836063031669225,6.70976694473945e-08,0.00010842940989568334,0.05837814222721141,1.8790584478225345e-05,0.0013411564136165276,0.8665003228106926
133,0.14176659596400779,1.3600082741672857e-06,1.5725973394958004e-11,1.2144663148416364e-05,2.2406690852298734e-17,2.165785389952944e-06,5.13470081121905e-06,0.003761259895915749,0.501197827196253,0.3532535117704737
134,1.6223856487375967e-05,0.11860110269515968,6.830356655343498e-13,0.023932826857809713,3.855248987468212e-16,0.00021521237414115187,2.4578978553177834e-05,1.2392776285032616e-05,6.482273278923014e-08,0.8571975976381477
135,0.0005707759836314794,9.797620827455065e-06,4.267003469706911e-09,7.674158763001738e-05,4.279637140277255e-19,0.0015434065837323595,4.933620230133551e-05,0.003551388388984152,0.0008822433486557134,0.993316306017234
136,1.90857714304337e-05,0.00043938697803510966,0.7599907133618331,9.348887149252781e-06,1.1524175861097277e-13,4.423516726008486e-06,5.247419874879254e-05,0.00023603833637325487,0.00811762432045539,0.23113090462913344
137,0.0005881442436006838,1.4948305794921018e-05,7.255502916520322e-10,7.578534619366757e-05,6.9935920245531325e-19,0.0009353287660752903,0.00013347331225976945,0.007049262869364283,0.0008114814710596485,0.9903915749601014
138,3.9767480726075194e-06,6.508982849772636e-06,0.5999595955987659,6.756550307582517e-10,1.5815545553231591e-12,7.396476205448913e-05,2.2149273477048184e-07,1.422646148837311e-05,0.26993060439472577,0.13001090088207176
139,6.869953704848044e-05,0.04716387825710119,2.3809350336502755e-09,1.6979664503493224e-05,0.003986642561453854,0.00017889123888213633,0.0007167119388209995,1.032386442664285e-14,0.8213194884400709,0.1265487059811736
140,2.3250772572304432e-05,0.0002822776143354205,7.905482760753383e-11,7.06839774278405e-05,1.3689031133227854e-18,0.0008146665287915187,0.00020590885622359296,0.006249858678422745,5.089883255492824e-05,0.9923024546606168
141,5.4504197082240297e-05,2.057459955927374e-05,2.6939578870648436e-10,0.00018960424202533763,8.255402249937923e-20,0.007477177105563533,3.126293772157208e-06,6.458561960672308e-06,1.839394857889444e-05,0.992230160782062
142,3.8993769244171485e-06,0.007863503871906376,7.756954572250927e-11,2.017187911793593e-05,1.357084694193108e-18,0.0012047681506436386,8.04040928782619e-05,0.0015819422165119282,2.169203354605217e-06,0.9892431411310934
143,0.11211882540002278,0.0018535025498887176,6.409853444592789e-09,2.8826201163435215e-05,3.689275800617919e-09,4.519767090344351e-06,5.173990574425293e-05,4.688412868213012e-08,0.23336215124889212,0.6525803779439405
144,0.4163260145001648,0.009316958336556477,9.846183738698485e-11,6.338799539017409e-07,1.3593489702479693e-08,1.6214261198497687e-05,0.00035956996558977915,2.4065131178135073e-09,0.10046414842265229,0.4735164445354196
145,4.546197764225209e-08,0.29706563251739304,0.03411403763295276,6.542945000483252e-05,0.6626224575286164,4.3418354346445114e-05,0.0027694871608105066,5.734240573465189e-09,0.000417308063688428,0.0029021780959691927
146,0.42473097196203663,0.012202865234292181,2.411323692714228e-12,1.1382951698741498e-06,5.234877175929011e-15,1.251903118851005e-05,0.000860206323898387,2.5182205823778396e-06,0.029893775873092696,0.5322960050573228
147,1.6414571402114218e-08,0.0061160417467536875,0.0010300604639657607,0.0034643812813776823,0.9728215244287134,0.0006278096021322143,5.430423718673317e-07,4.651478742378096e-13,0.000349154460105905,0.015590468559542851
148,7.713593250564363e-07,2.5361275171201495e-08,5.582277158138565e-08,1.978646176517539e-06,2.6679116028557397e-13,1.167178423937985e-06,4.496728188855207e-06,1.918150276202237e-07,0.3615996211655607,0.6383916919229838
149,5.218358933524982e-06,0.004516226739259431,5.854417920115524e-11,2.3920493371768822e-05,1.58055796839418e-18,0.000989076346229246,9.601529325221092e-05,0.0025683051290212155,3.4702434923850396e-06,0.991797767337896
150,0.5431912277970002,1.3906698576630717e-07,6.137990882258875e-11,8.74158645282497e-09,9.685675628488976e-19,3.5418795691203158e-06,4.045711153786759e-05,9.510579705065901e-05,0.3790134853010302,0.07765603424385976
151,0.51430928378352,2.190812413179708e-05,2.7923689902907898e-09,5.347417568727408e-07,5.71169230377375e-12,4.564586276349849e-06,0.001168069593140298,4.105958874393458e-07,0.1387635866138435,0.3457316391633629
152,0.27983108539389917,1.6670567351469812e-05,1.9566960591588e-09,9.158794268457069e-07,1.1818960165313936e-13,3.5247905108508914e-06,0.0003669976473643971,8.179191114125603e-05,0.06788205090664903,0.6518169609468426
153,2.6415996236683205e-07,0.07785810659347113,0.7255561250786556,2.460948158334461e-05,7.493865707917266e-07,2.276342281596331e-05,0.014803132785506897,4.549671646537846e-06,2.0336268902947747e-05,0.1817093631508844
154,1.2940713382756229e-05,0.0006699444934766536,0.13711558761680662,0.00020407905069890934,4.338211944010349e-15,9.223555343875844e-09,2.5893531012035003e-05,0.2943273335903542,0.06724244542731292,0.5004017663533963
155,0.0057142889440280255,2.6775305106081903e-05,5.250187900026133e-08,0.0009355335339745914,1.6015812089527406e-10,5.7827125568746995e-06,1.7193088077782094e-05,1.995627258878343e-06,0.16760561951069025,0.8256927586162705
156,0.0009412361250443017,0.005066532156311111,9.408806388529956e-14,0.021968540261114236,3.935434073021606e-18,0.00023474905679061962,0.012772561712507041,0.001274973955512682,7.667701363826172e-07,0.9577406399624896
157,3.283001391486398e-06,3.160970641420465e-06,0.0001770196953884982,7.743858288227789e-11,1.170253020269491e-09,3.7424263795927e-05,0.0029956285546167793,5.177198470289582e-13,0.02791012212951468,0.9688733601364419
158,7.842369975719914e-07,6.140755018518592e-07,5.2000140837793225e-06,3.5553600453045576e-06,5.367600808077277e-17,0.0010067991238308506,0.05108376823400093,8.649270937730673e-07,0.04358939288791082,0.904309021140535
159,0.12215129026594594,1.2082479855668385e-06,0.00024249502396212174,7.827910088138455e-06,2.3143714715185744e-17,1.760854430592769e-07,7.042835424159032e-06,0.010585023800924083,0.5976814833980583,0.26932345243216854
160,4.5004798900424273e-07,0.0004637469221314817,0.7855189514831203,2.8586869116240814e-08,5.349651631367e-12,1.1189006589881149e-11,6.402986640932075e-06,0.005369157966822733,0.03238341751337989,0.17625784447650775
161,0.24372747758223204,0.00030717936889328596,4.6085448343890834e-07,9.896569198431543e-05,8.863519965054043e-12,7.56989989978387e-07,0.00032639082901365316,0.4154441474077272,0.2243936818052688,0.11570093946154365
162,5.223392921946829e-06,0.002491096675079285,2.8107261261900415e-10,4.08499672016388e-08,0.8372783872806713,0.00019353244270278372,0.0001962917718508918,2.608832029980511e-15,0.11449043393053605,0.04534499337519521
163,0.5494147167046536,0.00872581130013007,1.4002456576663088e-06,9.944786143685856e-05,9.55591795820596e-05,1.687550473425995e-05,0.001634636259541275,7.081048411618847e-07,0.19389669449447722,0.24611415034494585
164,9.909971019599398e-06,3.986849274623586e-05,4.4581156671318406e-11,9.110666781615038e-05,8.2715341522393e-19,0.4600892270127796,0.0002865567186122871,6.424357310274521e-05,1.7530367351147077e-08,0.5394190699889749
165,4.22177790059488e-05,0.00010692035473310029,6.828638349737225e-10,4.748439996865925e-05,7.360158096464397e-19,0.0012901127337677715,6.394294165968391e-05,0.0030490572625837277,8.372646374289748e-05,0.9953165373816744
166,0.00163642891102772,7.306460071696479e-06,2.374247304497259e-10,3.010555422533941e-08,2.741193345353469e-20,0.024891741389873136,0.0022385005050871024,2.167731452032111e-08,2.8440723188254592e-08,0.9712259422729237
167,0.01750490000859532,0.12013156413778792,6.0663753328379485e-06,8.715139097175655e-05,0.00606756686685504,0.18242385947741682,5.715456521949726e-05,3.018306664999626e-12,0.000957971747071488,0.672763765427731
168,5.682263512478055e-05,6.057695365460116e-06,2.5486938963947575e-10,2.4778263157507743e-05,8.585249223252637e-10,2.192902160166181e-05,0.0005353580414786796,5.565787901638678e-08,0.01558686931674098,0.9837681282552576
169,0.08071150763568133,0.0040317646967703,2.586985447583389e-09,4.953163839113719e-06,6.201146145930264e-08,9.909315848654513e-06,2.4881243783453356e-05,2.615497493419404e-10,0.054076734261155036,0.8611401848229254
170,0.00228463129772918,5.945494642383e-05,5.544172604585487e-10,2.161639936469208e-06,1.1373646251154026e-09,5.518839635650367e-06,4.9422132791330444e-05,1.4293197098599128e-11,0.07902354915765691,0.9185752602797516
171,2.9421324882692826e-06,0.11116977727573428,0.5781791024283962,0.0007532650767503158,9.019637662757695e-08,1.3754955981107442e-08,0.00020686975300263931,0.00032976570958279366,0.026514972323458653,0.28284320134925417
172,8.256166139222501e-08,3.850772250794943e-08,1.2889811433144918e-09,4.354312452889581e-08,2.6507018828894472e-14,8.64675037580374e-07,3.6885603041916354e-06,6.725228236290817e-07,0.2587278851689954,0.7412667231713231
173,0.03743487799884561,0.0006313816186029029,2.6546631096859336e-07,0.026584610793237717,5.3425186994297e-12,6.465381189950795e-06,1.6706697372454985e-05,0.0010811648472883021,0.3073573117538058,0.6268872154380037
174,0.002326928822779836,0.1836766887896878,4.4663713945720925e-05,0.00835794203474434,0.00815077836236759,0.0001067726180528181,0.00031263400036346973,1.7546431210715336e-09,0.005434644312295793,0.7915889455911196
175,0.09757270474977535,0.0400287281623948,9.937903664862176e-07,0.04928514704403591,8.987434749985116e-10,0.26350842434818317,0.36401779351366137,2.1148156752505482e-07,6.334077737589579e-08,0.18558593267049453
176,0.02585414985324718,0.009399098341787537,4.0811191329830756e-07,0.00022371438902669564,6.053169449520276e-08,8.488813955989056e-06,0.0013424050285593125,0.001813692915900639,0.36196441125443335,0.5993935707594815
177,2.8393419848845815e-05,0.054501559887508336,0.0002284211218417831,0.03613994678785708,2.0995023846712404e-10,2.444527696389136e-05,0.0004811100570670055,6.948502062315627e-08,0.0037885475993299483,0.9048075061546123
178,8.436696559355567e-06,0.0004548371945272571,1.0263550085357453e-10,2.8334022227329193e-05,4.050599080580673e-19,0.0007937240919482396,1.3361121214364914e-05,0.0010607104316273513,6.019750584565922e-06,0.9976345765886762
179,0.31982372370305795,0.007654371079410787,3.591287823281813e-09,0.000149971612365887,9.970637197356726e-08,2.517871210317074e-05,0.007851859111624903,3.319915471997453e-06,0.021047121351447342,0.6434443512168582
180,0.0005162539141335743,7.784608141653013e-06,3.2029729339395546e-09,8.812108851657247e-05,3.334140987824604e-19,0.0013217358983863483,4.320139907808842e-05,0.003480775321279797,0.0008566668460793651,0.9936854577214117
181,0.004080141194942743,1.3540048024320593e-05,9.64343975710028e-09,1.6698976027144467e-05,7.614247226532887e-10,2.7534487580744993e-06,9.103730761202659e-05,4.539369996382197e-09,0.10069580099333746,0.8951000130870638
182,8.250313421723156e-05,3.519345362921494e-05,7.070683484701726e-08,0.6262872187086845,2.6736143664008344e-16,4.9819695769823436e-06,9.12725068458884e-07,0.0004930679707573703,0.01160737094173922,0.3614886803894919
