,proba_0,proba_1,proba_2,proba_3,proba_4,proba_5,proba_6,proba_7,proba_8,proba_9
0,0.3165122626233773,0.013895521219569607,0.0022474147616351396,0.008189145808631833,0.0021885747807531674,0.0008336175424506494,0.0032272880091800335,0.0018688773517210584,0.1586470499160019,0.4923902479866792
1,0.2271578311456648,0.015203169190130117,0.0017222371212987436,0.013212533922450228,0.004540858526833247,0.0008484011867367419,0.002481076053618882,0.0017028710772589773,0.19265486503063745,0.5404761567453712
2,0.04070432705828555,0.010548521776381988,0.019503990936135807,0.008628893627221858,0.0008658006804010186,0.0025408045255640114,0.006542303925832092,0.003472234057405058,0.4917640505379426,0.41542907287482994
3,0.44439051708832783,0.008206298980120411,0.0023957697709931216,0.00968803406330732,0.0016925870781818954,0.0014543554075218347,0.0029067884828975427,0.014642112665928962,0.19556880798388432,0.31905472847883637
4,0.1912510488343372,0.01917287271617814,0.009649923205590662,0.015484377156409579,0.0024569768426340355,0.005833065436460795,0.005750051538779511,0.034411511166972886,0.41167373048498057,0.30431644261765695
5,0.010793484717166405,0.1630701057537099,0.05776396416580764,0.119868763189296,0.36442436392142113,0.01336731580854843,0.019568137793060002,0.00773169765560474,0.030591155574653826,0.21282101142073206
6,0.4834319710204015,0.011674008341475193,0.002485815635222109,0.00645129530666337,0.0025863763160190335,0.0013601662558939821,0.0037939991654797572,0.004300558104017708,0.12891188183172436,0.35500392802310315
7,0.025045101193601097,0.024970144087495552,0.007831690336166552,0.07138529073130562,0.0038169486933909303,0.0016819356479825993,0.006509973213268159,0.004712026124314017,0.08163825799963585,0.7724086319728395
8,0.007813363976464635,0.02575709686337226,0.0022486200070771147,0.042767516401849254,0.0018553373775659235,0.06642809123161729,0.01611831777210321,0.007483259577773145,0.011146293910246578,0.8183821028819305
9,0.05502227059754151,0.04126186048463006,0.002505944991974548,0.20435050532631455,0.0031095019939045,0.0013911107930268919,0.0029573778117354373,0.0038573698466186617,0.022845130401263014,0.6626989277529908
10,0.003432458422132311,0.04592159363088895,0.05298656350557246,0.007196153502788884,0.0033293317109868766,0.004903538407560151,0.01911564898640851,0.003233043104275501,0.039247414738651745,0.8206342539907346
11,0.01768757027976356,0.006017654124791899,0.015285568648484375,0.01161205242821297,0.004356656833993061,0.0006109462574982883,0.007322572216049227,0.0014162594281805845,0.058009032743144166,0.8776816870398818
12,0.17153969849387346,0.0086392297720366,0.0010999681509527958,0.010994162660092024,0.0007342056197801765,0.0005581910319899941,0.001329278340509309,0.0021106256890699284,0.13847924384649202,0.6645153963952041
13,0.01665626300118374,0.017371041148501094,0.0038352866887589316,0.008414546021512372,0.2349408621526953,0.009634236277128562,0.0271380662331794,0.0076584828419386025,0.3123074054477921,0.362043810187309
14,0.3904650638157933,0.006449558106700819,0.0007328875898549775,0.010113141573805263,0.0008973583510377738,0.0011161506600688546,0.0010973090116272153,0.0018480146759709754,0.14412283232959572,0.4431576838855454
15,0.05161380666292862,0.03295113110151256,0.012697884551432235,0.048836668330159407,0.013101198279243236,0.07149570792851083,0.19833985440113572,0.0784192158549313,0.1604796629608732,0.3320648699292725
16,0.1087794066773436,0.00888612225970407,0.009178352294106924,0.0101754039717193,0.004954447291364713,0.006060585569855409,0.009835739691377453,0.20764551975280457,0.39727116114258004,0.23721326134914422
17,0.007541093606523254,0.028829961209730963,0.005645083935033582,0.019998629441205985,0.5230268816401911,0.0056561309788237864,0.013887448146642757,0.0037580596542050658,0.106846722325755,0.2848099890618889
18,0.1467076045037805,0.018177963441730578,0.0025826701569787933,0.010501839181464852,0.0061313185385867665,0.000949090615328954,0.002844637931372789,0.006179550519934006,0.17504387187463438,0.6308814532361882
19,0.012796510356168024,0.029252455065929807,0.0064001597123673325,0.015224136200974582,0.4128623439238007,0.014938151756686325,0.07765906496981201,0.008064195003132477,0.13915375189690804,0.2836492311142204
20,0.06569374783063563,0.022942851520330734,0.022295871192774885,0.022033835710332253,0.012865537667130002,0.022565472249576127,0.027782191686682292,0.31187190317487623,0.2045447028514898,0.28740388611617157
21,0.000945575956389697,0.014197386396763288,0.027184684561841307,0.0031187752614047133,0.003295266110851622,0.00092012754177184,0.00803371353200372,0.0007640250450679706,0.01682406236317167,0.9247163832307338
22,0.0069653387259411845,0.037600400115970226,0.007284234915022982,0.0834803889884789,0.003954891406955829,0.0034536545261280175,0.006429601490194713,0.003938964003770177,0.03854021575711332,0.8083523100704242
23,0.009015684176184322,0.06095661132662116,0.016485152342434313,0.03194051266049003,0.5181797593241814,0.008317499381972772,0.02902881544107629,0.006373523932950483,0.08161635188284816,0.23808608953124138
24,0.0056025090301191245,0.14003624725554162,0.42733706955104345,0.027014648639743895,0.03163685111042062,0.006617659402266282,0.06046696905820889,0.008244273856545265,0.015880245952854657,0.2771635261432566
25,0.03649218966419138,0.007283608205219902,0.010183323864326426,0.007810754847632169,0.0006346890776459476,0.0007464196082076518,0.0034801971218218317,0.001450833952681684,0.15777840392353606,0.7741395797347369
26,0.1822677989847788,0.005372691780264983,0.004780713175575686,0.006996110436275391,0.00296377240150904,0.003632798093378338,0.004335437544947698,0.10754896146235587,0.3606069174980345,0.3214947986228798
27,0.20280305437182575,0.009835197675383567,0.005317963701424083,0.01247656686339735,0.0031760713717602987,0.008705778269457934,0.004740361348667727,0.07012202693901425,0.43535051146534637,0.24747246799372327
28,0.04289509136741332,0.02560010573189049,0.0034156990307115786,0.06367480729452253,0.0019347810226933732,0.030594006934053626,0.0289348815618738,0.02200181561029591,0.05041395836644645,0.7305348530800991
29,0.005141800325395174,0.052494263187954644,0.02218244437339432,0.0809256852732102,0.0021618371813682037,0.011299498964665953,0.025134487787220734,0.007825107489257197,0.01662077117782581,0.7762141042397069
30,0.011757895718291817,0.14243185325519178,0.018772975948037375,0.08403580702955132,0.31268196670601184,0.014248442362154874,0.17635811646504437,0.009828456704361834,0.08774939768589879,0.1421350881254559
31,0.015617161302857847,0.20221637911711995,0.12242526529282668,0.23894349974772525,0.08648393856468593,0.015335783039277682,0.027215513995149432,0.012489424793138621,0.02822711715940212,0.25104591698781614
32,0.029093229251670197,0.03283151255691817,0.0018387793859991899,0.17774158981702376,0.001232293675750519,0.014802349794758352,0.013330946319755708,0.006765066862038917,0.03367362572201878,0.6886906066140659
33,0.013816576745079552,0.004004103542890969,0.0005438218893763211,0.007681603107686817,0.0002805549311990236,0.00014028306896886038,0.00046648802628206657,0.0002471072708069765,0.08746266404961224,0.8853567973680972
34,0.12902657446481922,0.014027990123648524,0.006369478556893672,0.04414230566741662,0.009007855671990425,0.08637142198798643,0.023052721912274057,0.027205567128559146,0.08775792644535305,0.5730381580410594
35,0.40292842953552205,0.010601616772564418,0.0018083940964302677,0.0071624759669540045,0.0028440643551438413,0.0010959625319462202,0.002427792302994042,0.002786800420359599,0.15010511220078715,0.4182393518172983
36,0.16166390020048063,0.010065308575967824,0.0048906326344207406,0.010111088356017876,0.0041830354306577385,0.0033301882596047756,0.006132787064192252,0.022422273278100188,0.33309937622338337,0.44410140997717445
37,0.01816107763543929,0.005675450010279626,0.009897301144202371,0.0037964337796715787,0.0006473089786668031,0.0008926382781558704,0.0032838062263537207,0.001141472340849918,0.36490610301020393,0.5915984085961766
38,0.01995519849639106,0.00610340198869947,0.004866868055304973,0.0041942468500903345,0.0005464742934532886,0.0009765580144897292,0.00302731479421247,0.001116164131927664,0.3554836614602612,0.6037301119151701
39,0.1103500510422137,0.008312105231178063,0.0008894402721794385,0.006769424946261991,0.0010383416038880176,0.0004314130468232413,0.0011039087785573698,0.0006287033847351401,0.1528304077557427,0.7176462039384204
40,0.011888687505146213,0.2877436053634432,0.07908918325308165,0.16511465790861946,0.1493357471073221,0.012519991491504104,0.14394075887221758,0.01131443668307674,0.036496949203658015,0.10255598261193098
41,0.07599746214722547,0.014477992047869643,0.008836174545982114,0.021168020372608443,0.006984426500394989,0.023600205646108128,0.017225451583399637,0.260885071817781,0.25725824162251265,0.3135669537161177
42,0.021602336909272195,0.08102952667830239,0.010475864174516762,0.11264244822332199,0.05943145682954521,0.002846173291677952,0.004937165186650646,0.003119743849859228,0.014237509290656241,0.6896777755661981
43,0.0030752473943356467,0.1822269991454521,0.050176175970937056,0.10199792865372119,0.004341579764198412,0.012637786766515764,0.0396196101761983,0.004218963420159403,0.008989562015157885,0.5927161466933241
44,0.04649732980410913,0.0055505606916219875,0.000619541511216137,0.007232185811814615,0.0003632577335198724,0.00015225797772740624,0.0005701174075517518,0.0003529278584190917,0.11116610435947527,0.8274957168445447
45,0.25084065038392866,0.007942316340094718,0.004723526136900194,0.03310885296199267,0.0018876867321183377,0.0027510491330950846,0.00571982132651969,0.030783783599945342,0.1528250786709929,0.5094172347144125
46,0.030677410935599312,0.035239793908565555,0.015846489975123508,0.06476160468069211,0.004344146030469548,0.031019950558789384,0.023708147048519757,0.015926355035424306,0.1711914976522894,0.6072846041745275
47,0.41548715574779466,0.00980702005578127,0.0015635831931094545,0.006852259478037733,0.0017371057610191258,0.0008003041235863085,0.002381988823276276,0.00155423112431805,0.10374293026942838,0.45607342142364843
48,0.018842012498157208,0.006731914133012935,0.009009215414441413,0.003819212240072832,0.0007052837327171067,0.0009916809861414304,0.005077684716123575,0.0012402911666669631,0.30265898722909657,0.6509237178835705
49,0.024543616834936735,0.09172442422523212,0.019482403098360728,0.07685489837213644,0.007592311347787905,0.010115279735544486,0.5033946733765365,0.015371628147489075,0.05106521295124876,0.1998555519107266
50,0.022772129721091914,0.11511722106746956,0.03183014239909375,0.12100551798118744,0.37495373143740446,0.012119966438617591,0.021375728410705862,0.010353191636495606,0.03952873510738407,0.2509436358005502
51,0.08029962476492475,0.007919797737571881,0.0008533221178725476,0.009297312485706996,0.0004304328324210989,0.00022076744464334666,0.0007579074481754292,0.0008651383981577435,0.12413564375472777,0.7752200530157987
52,0.11026690029649473,0.011748472658255927,0.003393762701540107,0.010530608984603613,0.0033393272552797383,0.0009261432933671972,0.0024512724657132987,0.008789671035374338,0.14491600843597288,0.7036378328733982
53,0.04823976314960195,0.012983519705722944,0.0010387488398023107,0.013728160256477356,0.000798085314819715,0.00026663869655818323,0.0020959294632932296,0.0006233598267647364,0.13857499606040077,0.7816507986865588
54,0.025121532986864918,0.008975951251706776,0.02832167774800357,0.017593227159466884,0.002765557206268793,0.0010365222261722912,0.013603468952351882,0.00292658930523924,0.034854155530846066,0.8648013176330795
55,0.06432350206919991,0.018094299628047532,0.01030158225933278,0.0337600803156333,0.001182664943281362,0.0007598785244857842,0.0029814150272829162,0.0030347084503138354,0.06703006173300442,0.7985318070494177
56,0.021135945860319288,0.0036689745345540366,0.0012158027116232198,0.006233970776865256,0.00027447806894311406,0.00012435653799448295,0.0005752038345487509,0.00032549307107205026,0.056506881938552196,0.9099388926655273
57,0.01949381939807633,0.004838778132797537,0.005769344078200587,0.0034233426416096302,0.0006585510367764469,0.0018911661442399667,0.003984083206473247,0.0014157763372641523,0.5623468789186186,0.3961782601059434
58,0.2530989475864173,0.007541928618576647,0.0007031147330962681,0.0075425809686033435,0.0004800113691091314,0.0003638350865106779,0.0007803531720935256,0.0015248389657841056,0.11754628570965193,0.610418103790157
59,0.012178879467751555,0.11453926960304861,0.030243129396605593,0.08431169995215292,0.4045737602118752,0.00911246069307746,0.016923778136873614,0.00643312953870868,0.03754660790446332,0.284137285095443
60,0.017525953396982506,0.02379253134481085,0.0012658501404441934,0.08583363533243343,0.0011336175020128345,0.020615763394398367,0.011932408993714118,0.003661649389677726,0.006010963339468155,0.8282276271660581
61,0.01812245315418926,0.10134013921263417,0.012345594355170813,0.11462356670171857,0.06047179458469397,0.002876021890171667,0.004804147487199049,0.0029364157914334465,0.016362179976811574,0.6661176868459775
62,0.1394855876779564,0.007331904459357218,0.0007333616327710453,0.0059586939997014615,0.0012514159195595805,0.0003771239872622588,0.001025724143939618,0.0005031519111300194,0.1281750104529685,0.7151580258153539
63,0.034549798250339034,0.02974885827534978,0.0016067666404821265,0.17909969944578683,0.0011505073645678356,0.010085085354932168,0.006611640821188898,0.005316936357049732,0.03587109694705945,0.6959596105432441
64,0.002618225760664803,0.05905538160173595,0.7416331939861411,0.01104216015250427,0.01306247365036593,0.004917906822374096,0.06604632439051314,0.0036524840977475836,0.007414122160078549,0.09055772737787444
65,0.01863751869816023,0.014088653488869571,0.023170770035682933,0.011128236890918736,0.0013076335335830136,0.005418960647202137,0.011196486028048241,0.004129871659934834,0.6627947258399272,0.24812714317767343
66,0.006751132642628872,0.3222984056066056,0.2769117755708216,0.10412903224614899,0.09264471124396333,0.009791092030609492,0.09403532556446778,0.008136724529725083,0.017210042143253588,0.06809175842177602
67,0.03858851054113411,0.026626789572435455,0.0037936186910734015,0.07423905539309376,0.007195682744796455,0.002661576156457919,0.006021369682325284,0.008000122199200103,0.1477243731070466,0.6851489019124367
68,0.031047077735558554,0.06859522294378072,0.0025335785146876296,0.050014995653606856,0.003860991341178572,0.0029965523469997948,0.015263101153770556,0.0035726848266794636,0.025321250966315954,0.7967945445174225
69,0.05883488271718367,0.014444923676131033,0.016351301107927273,0.07092461533337799,0.0028100886491063157,0.018839858186969677,0.016926316328671684,0.024978195983761435,0.3042137181825411,0.4716760998343299
70,0.03656899448543817,0.023965398536606425,0.005016886098936593,0.01419292453821027,0.020856726143019783,0.0026153608266384094,0.012263272618858434,0.008595340539921966,0.2819988441044564,0.5939262521079139
71,0.30954034550239085,0.005328958316905013,0.0032887474286069575,0.010627054952749411,0.002003672185907435,0.002580342295250619,0.00324811674375097,0.04213098102230544,0.27353434025930323,0.3477174412928305
72,0.010899235630264662,0.20414023922888755,0.08201675065109885,0.11310294431091096,0.324252501171115,0.014425980856390231,0.13387603483128543,0.011322197821026586,0.030675606014317035,0.07528850948470392
73,0.024189786898571496,0.11312929898725414,0.09686516024125953,0.21721470311671245,0.011609061196783548,0.0030493219538550243,0.007602479292957288,0.013033671196057046,0.03430862778292766,0.4789978893336222
74,0.01730387835388842,0.007907411671717391,0.007868420075644221,0.0041142905737416476,0.0007824294730220445,0.0011296788930088497,0.007406660136693075,0.0013740000796822096,0.27030362920845014,0.681809601534152
75,0.007128108542616008,0.19913882882249367,0.08535261272960701,0.09662692539188826,0.013523601955501258,0.029551828636002492,0.23351418874514307,0.00946193237157104,0.025332053011327148,0.3003699197938498
76,0.3729010950241656,0.01029912753602299,0.0017024209707254476,0.004607903831172378,0.0033130909518992134,0.000878459095912001,0.0024443851274596733,0.0012232754350423997,0.11482113289028546,0.4878091091373147
77,0.0061042841150290225,0.015834581703892382,0.001931666044544945,0.010378244992921051,0.0007263351861049194,0.06340109761772282,0.01188029742137988,0.004198527298881388,0.019514271224572912,0.8660306943949512
78,0.15653129966273624,0.004629966598214111,0.0038992534673641726,0.027161227927660965,0.001128523962166945,0.0013816596936274638,0.0018187419626165548,0.012708970120127333,0.17141516049204228,0.6193251961134433
79,0.003285018465931333,0.04048102474561357,0.8679402122813782,0.009837156999888762,0.007378185427428681,0.0067927960442894985,0.022677665773372237,0.010716611263302131,0.007327227726038477,0.023564101272756835
80,0.06591907620427004,0.0055395390181920455,0.0005720818578296575,0.005918038987162738,0.0005536131575137185,0.00014558823400434597,0.0005871545098525267,0.0003759172829224884,0.1294489530750522,0.7909400376732006
81,0.16150254953222878,0.014897496631244416,0.0034289674098568444,0.007441431716793932,0.0009485555688409452,0.0009463356295050639,0.0024075775335247406,0.0027593564208538758,0.19572732919967284,0.6099404003574789
82,0.3994038176472789,0.005058537381616311,0.00048521886415129267,0.008974244935977328,0.0006138835583793821,0.0010151158434315902,0.0007799161188639065,0.0021913605131556506,0.1906080365897435,0.39086986854740224
83,0.5189238194471891,0.009337189591204104,0.00190395309829523,0.0059987087217886256,0.00186969932622594,0.0011949034570023216,0.002662358476373805,0.004968465551444963,0.1065099069299376,0.3466309954005383
84,0.017072852407768895,0.22153266331241583,0.08492249298638804,0.16335654638552813,0.23420830443023363,0.026041098212209447,0.10696014287965523,0.017280119875083468,0.028616011724135238,0.10000976778658219
85,0.007965130254291198,0.10580968397154167,0.04180795208412155,0.02663103457610081,0.011113388065115687,0.00612999887631632,0.7446884317699243,0.013672700423507956,0.012552108410266865,0.029629571568813594
86,0.11219192472843649,0.017808909868737677,0.0011736100130766488,0.011218245767313315,0.0014319615936674505,0.001126573370986898,0.0014782433104943617,0.0011664433471632082,0.026721089669546973,0.8256829983305769
87,0.011907031448243875,0.18151206959854396,0.020015484257561618,0.04726968967946123,0.005885453158674322,0.09632543158585603,0.25466764565898925,0.017475162974157507,0.02555880420783559,0.3393832274306768
88,0.384683920696927,0.0034825112748647085,0.0005959287063513765,0.004359057452528999,0.0006425766790681586,0.0010056575930309003,0.0008135601065993832,0.003927528752543194,0.17827357051740625,0.42221568822068
89,0.0028723048371111187,0.05428856813332345,0.8758154491059222,0.006645910870828231,0.015871410256474774,0.0038841361071007665,0.014262487298669612,0.007964831839955463,0.0048975847013525454,0.013497316849262083
90,0.08835519412966275,0.009985352920949769,0.006527480141651425,0.041169342517030055,0.0028102157311595583,0.01675009523022978,0.012699176839341656,0.04659050466547686,0.2888028530471642,0.48630978477733416
91,0.29794686897958217,0.008049574016227492,0.0011201722980795365,0.005511042063324923,0.0012680997969581717,0.0004865668049186171,0.0014136513637901871,0.0010025194779503402,0.12212996286680433,0.5610715423323642
92,0.007739131583164072,0.11505877389614759,0.09420910754668703,0.01665603659144325,0.030725254978368893,0.012600430000462735,0.5616206200164684,0.013031623066185303,0.03363669682330769,0.11472232549776483
93,0.01485146402676833,0.06365551252577045,0.009588066985477688,0.05509794602814513,0.050407526639024154,0.0017005114977235896,0.002828450553339109,0.00195696838680328,0.013039913815393794,0.7868736395415545
94,0.007037814233037959,0.34297328203522814,0.16229760609274993,0.12613977217256575,0.13436558506317545,0.009106313821528407,0.05736525415740763,0.0086532493589246,0.017487361362351957,0.13457376170303018
95,0.07594373715536064,0.06205037976224238,0.0029910529365513683,0.02808613887768712,0.012081695868141002,0.0021322255717426313,0.008838555984654373,0.0029214129662065427,0.10495069674544702,0.7000041041319666
96,0.017710565454669838,0.07392388373776533,0.012369184902748574,0.013945945532436433,0.008175737087817322,0.09694199752412395,0.5791914616715081,0.018141392683342927,0.08338317120455105,0.09621666020103628
97,0.017903179801381012,0.003779702780174711,0.0005417837711889344,0.006551485593097168,0.0003495059291929924,0.00010412643924165924,0.0004613168714527424,0.0002049525474215709,0.09094761805014757,0.8791563282167021
98,0.23364222869346787,0.006305372325814849,0.0032496592158254897,0.044550532855187064,0.0019407241354557896,0.0076950711738650234,0.004205176092314476,0.038906626198393114,0.14576054426576746,0.5137440650439088
99,0.2232084372813648,0.004736680364396333,0.003517620764916725,0.005249773717601162,0.0005633985998241103,0.0018449539610205694,0.0016640417723609803,0.009062077868099129,0.36545220277430907,0.3847008128961069
100,0.012980589501713925,0.008034218129423972,0.004451437420476076,0.005876154615161878,0.0007580337209408404,0.0010183263132127179,0.00844552630582688,0.0010869968013662208,0.2031143203202241,0.7542343968716532
101,0.010883857348207448,0.012874969876328093,0.0024269400630675944,0.00788985200147117,0.30377231178956304,0.014083402306208267,0.030002062750799436,0.005073884055835198,0.24643423952511484,0.36655848028340504
102,0.013477554045076272,0.009220951457945022,0.010895680841993317,0.0164572663637376,0.00042802535448839037,0.0005320459637370604,0.003123405298951432,0.0011169517659918725,0.09238405035356115,0.852364068554518
103,0.21220762923473674,0.009483404531579684,0.0011241320071964437,0.005643579342580053,0.0011060653339516704,0.00041487088544160466,0.0014080585833832133,0.0009596217749813065,0.13317847714146383,0.6344741611646856
104,0.43864793574769306,0.0047830223840817105,0.0012553806208597913,0.0038949823810498535,0.0008273771407896204,0.000674760532700245,0.0010703220311816303,0.006665706110036476,0.1266559014356025,0.4155246116160052
105,0.004506782258049561,0.10362524272314952,0.6868021562079226,0.04302973436652219,0.007960322810590073,0.009938487337100583,0.021133803834561895,0.011919763020337029,0.010318223382939095,0.10076548405882739
106,0.08536827942920162,0.02371911985046126,0.0025063084893968083,0.018574624259259806,0.01115524103444231,0.001175267214014078,0.002905898448803465,0.0019462128408494048,0.11058723058250784,0.7420618178510635
107,0.32969509411871506,0.005527604110930464,0.002661772159294058,0.008179020244105184,0.002443280346124028,0.0030159007286653405,0.0033061920706665116,0.03940652583599949,0.14198863155415078,0.4637759788313486
108,0.037365480433302664,0.008680890976876262,0.005397130237565697,0.06616654506846208,0.002766612612195817,0.018383331696238042,0.010624014562032283,0.02738843108692832,0.1098369564137222,0.7133906069126769
109,0.268088513992172,0.012951877563565329,0.006439278733465269,0.039191474001085885,0.0067144158042207955,0.07628000187250858,0.031091043469852867,0.07887643823226959,0.1414349846608216,0.33893197167003786
110,0.016627427750030573,0.23102636508988345,0.12691807829498342,0.126933693992513,0.00798974232321138,0.011108837499744157,0.08776928609527747,0.01325187550523888,0.03334094254446257,0.345033750904655
111,0.005931520185125558,0.09241828562579796,0.08858219016067323,0.012505292963262719,0.004377816413452618,0.009216253651387951,0.026564610956964094,0.005219557307033439,0.03294295605293124,0.7222415166833716
112,0.00792608504656918,0.10984214995232984,0.017930567361552647,0.06517072863305556,0.39997581993989645,0.0136369377905647,0.05835517279195873,0.006302650620207835,0.0843628442637063,0.23649704360015886
113,0.08051570131157089,0.017919579570019523,0.004278487530958639,0.07202092803283407,0.0025502996612298246,0.031920343876105255,0.02506291156681412,0.026635197486801418,0.08365488645657787,0.6554416645070883
114,0.02405435924015559,0.037421347531577324,0.01824075834943843,0.01638017383876715,0.013926224255154445,0.002155718385496321,0.007648556877721377,0.013751334216530938,0.2563653382251236,0.6100561890800354
115,0.08695633247521621,0.02700143101636455,0.002900260746681023,0.018401233204008955,0.003792005507499559,0.001997230413107012,0.006834662331020573,0.0065691061777112935,0.14391748320318154,0.7016302549252085
116,0.04946309831628567,0.019145842128251676,0.0046884753881610945,0.052460633901886565,0.002154609579184372,0.03041845511668307,0.02428647294176491,0.022246464131838006,0.07988536198037832,0.7152505865155655
117,0.005184285297624811,0.15117544997848104,0.538578181541407,0.04813101123575275,0.02869545447294391,0.011698078148043627,0.09070136142407392,0.008405765983300758,0.017904745730527617,0.09952566618784432
118,0.4739610677689459,0.008875829895835491,0.0016257608676707273,0.0070763189763027425,0.0017309267722365048,0.001033867959106876,0.0021193437301976897,0.004955849829969641,0.1854639601260068,0.3131570740737276
119,0.6572904236127807,0.003923234838724801,0.0006729089799997303,0.009733071470123082,0.0009727431953568447,0.001954450068251574,0.0012022613135170986,0.005094437062298478,0.04200878010652087,0.2771476893524271
120,0.006997294867984745,0.07224873626832692,0.01196136067578912,0.04824716253394927,0.48308042570171317,0.012355038090947963,0.04573028151233241,0.005381945249068085,0.07648194352513685,0.2375158115747516
121,0.04586597477990771,0.005470606916200795,0.0005832499854298173,0.008265085454656347,0.000559458105608954,0.0002643936866748894,0.0006480124085647567,0.0003929916820591329,0.15229678172666952,0.7856534452542279
122,0.057196616676315835,0.00919643521697635,0.003799832864898117,0.03346631396983116,0.006357531473970058,0.05602576587418591,0.012498490976633917,0.011913902937263311,0.06171089278753071,0.7478342172223946
123,0.2223029352353271,0.017250498159681188,0.0017939371676203627,0.01405985862739969,0.0044985683712793,0.0008934791784012673,0.003224502727024255,0.0013503494822656881,0.10488098934970985,0.6297448817012914
124,0.021260660354415404,0.02070226795980148,0.0190780599475227,0.038056927115574075,0.0018370409232884306,0.012031377601730139,0.014200107289694432,0.006923641472163127,0.6249538276633421,0.24095608967246776
125,0.007280986831496912,0.020967352406023754,0.0019264516764889415,0.03736748385154139,0.0017742147359120085,0.06776472215653494,0.01476331143895583,0.0068758069997281466,0.011950985833028682,0.8293286840702895
126,0.37565281030433967,0.010885764731801511,0.00491047015077428,0.008466926592834247,0.0035159818247036483,0.0022939745000784494,0.00550752443179471,0.021718337641139406,0.20652577000142977,0.3605224398211044
127,0.02561146472306992,0.022735311055940108,0.006904241859599478,0.09533944406602385,0.0030444114514743036,0.0017315598848911752,0.0020887020857307302,0.008391205334013682,0.05035199002214866,0.7838016695171086
128,0.013325692193574552,0.005352582692208001,0.0054280016325621,0.0033899250341238416,0.0006697049624880979,0.0009531476966054666,0.004109714926272687,0.0008975323649188518,0.3650830468243663,0.6007906516728801
129,0.026334197499477772,0.017633437721472116,0.003042941922503564,0.33592123431379006,0.0029969707688876144,0.0143541252708326,0.020038941535948367,0.010728475946588012,0.03957866201136302,0.5293710130091372
130,0.038334787333799906,0.0211712118686848,0.00241793167559854,0.048120063318525697,0.001096459811165206,0.0008016005982426162,0.004229793150565494,0.0019456961132887846,0.08058974161694982,0.8012927145131791
131,0.041707779372375964,0.011890106326266645,0.003007479966366531,0.04836689848286855,0.0018784809481384758,0.032265680512547266,0.017470121973414975,0.017664561664787696,0.04876787781302843,0.7769810129402055
132,0.01397779374854372,0.1841760191843507,0.22517438737205214,0.10030137686568867,0.011331549163707298,0.018201989717553182,0.09509979690471253,0.01587896515735939,0.027010323396745185,0.3088477984892868
133,0.29728113544817025,0.0030021685826206795,0.0020576224792548045,0.005095018533206522,0.0014932499645137181,0.0032407689057828096,0.0022119113983147727,0.05692511420698404,0.4184195642558212,0.2102734462253315
134,0.027423504710817566,0.04654969330125484,0.0011477182583103744,0.0998822085013202,0.0008191264676282171,0.006685391881064505,0.004197955332697871,0.002499455430757866,0.014150339164329655,0.7966446069518194
135,0.04728516050812007,0.014047460715097434,0.003676081721838478,0.05266062411559499,0.0021179576464868187,0.032711377073934504,0.020294185560735353,0.020056803730634138,0.06003472772419267,0.7471156212033663
136,0.005703763904095868,0.030419096354594246,0.4635997998725606,0.012564394523300994,0.001985559102933239,0.004204240082301873,0.012552966891005725,0.009317926654517944,0.02389191006517072,0.43576034254951884
137,0.07183779337440051,0.01685271661928118,0.003906862078101296,0.06699333689715434,0.0023611431031101554,0.031040925551155053,0.02379975561582619,0.02467556730889162,0.07364508902537316,0.6848868104267066
138,0.007446605876891745,0.017715222510950906,0.8075987245615043,0.009684687189315273,0.0011180740444807033,0.003956947754841836,0.005393465956393815,0.005538042958653793,0.028678533020362815,0.11286969612660443
139,0.014435999774164921,0.03585618095089563,0.006066192800250897,0.011902752283239908,0.23411220620227297,0.013140833763952312,0.07445647242709033,0.008998841046269985,0.2853617669409836,0.3156687538108795
140,0.031270396767776404,0.01615334694145248,0.0023085957884192054,0.04797667700643775,0.0014957250058321493,0.028281868860088395,0.019211454748080798,0.01624780394416464,0.029102154137123856,0.8079519768006246
141,0.006289653744469691,0.011120900950905427,0.0012289264667586382,0.014550195231530927,0.0008970080038175908,0.061155898234002706,0.009268931410465394,0.004451952281850693,0.015930464508140514,0.8751060691680582
142,0.01158425843537588,0.019631710670073837,0.001723619670476739,0.025526722518901403,0.0011968151005107611,0.042298342186130725,0.018379712018729302,0.01164039289893879,0.012617388461556469,0.8554010380393062
143,0.08462433411523886,0.008320323218222745,0.002077026223802845,0.01024520188868356,0.0007581724352106202,0.00036943412464574243,0.0015454130598278493,0.0015341721402362262,0.11787792372899705,0.7726479990651345
144,0.2639082887416419,0.009803745010926759,0.0009999037914571313,0.007214635293441003,0.001147051946206263,0.0005177869298279983,0.0014528444011301025,0.0010092903889819449,0.11398045804673808,0.5999659954496485
145,0.006734928142935778,0.335632589381257,0.20209326660036353,0.05762557907534732,0.152673237658504,0.010589589063733034,0.16014286641475953,0.00826614313931691,0.0160249833373803,0.05021681718640305
146,0.5607034142406259,0.004345545839184123,0.000633536246440593,0.006057609738278026,0.0013439635405419193,0.001494066334751825,0.0010926497817014124,0.004121828862407318,0.07539240370598561,0.3448149817100827
147,0.0109428411120484,0.12895035699152052,0.031572513777102844,0.10440047549253571,0.4145610880056248,0.015869086267531415,0.04091764415118604,0.008262816215512921,0.048234400973337255,0.1962887770135992
148,0.013008536885219383,0.0069466115928451784,0.010376549670178132,0.0045970324456645366,0.00068187089781267,0.0009387624059372985,0.004990107159281036,0.0010921332511883426,0.2905132962184481,0.6668550994734253
149,0.013670287424278234,0.019188580516880514,0.0018227078308784075,0.02899026376997566,0.0012163059801454346,0.03887903212244491,0.018757844987657864,0.012360284437145376,0.014156796837734778,0.8509578960928582
150,0.3334848726665695,0.005207520931324748,0.0012937159952397265,0.006062055754115363,0.0007734275948651057,0.0029972403988867283,0.001543770477886798,0.010151653083069046,0.3757325865003179,0.2627531565977249
151,0.14650709647367618,0.01040786523255808,0.0012407196037753207,0.009153419739600429,0.0006475986695448296,0.0005383404331747884,0.0014790407377523762,0.0013685290152044287,0.12082266531820099,0.7078347247765124
152,0.16042539065856784,0.01127288039285307,0.0012146447415572327,0.012002153656952386,0.0006041416138858181,0.0006182717157800055,0.0011770212515495007,0.0020108173496606605,0.15467711028893985,0.655997568330253
153,0.008840573697549195,0.14711187415056184,0.5082350491195341,0.06226665985116022,0.012838788454082166,0.017912777291531654,0.06330801603505216,0.010851825986862804,0.012971904512390279,0.1556625309012753
154,0.021577822897435508,0.02681558291762228,0.034139470269386005,0.026727361193741313,0.004225926818577693,0.015298752583517195,0.0176890323671045,0.08329807324839301,0.16208820192095313,0.6081397757832689
155,0.04393317670009553,0.005937502829422187,0.0039452185730398616,0.02256153840686909,0.00043479279175098463,0.00035446553339798555,0.0011112605358115555,0.00176275023710525,0.08646394028113358,0.833495354111374
156,0.05779479888870539,0.04154766898557773,0.0018187192756418755,0.14875399937866682,0.0014814910730864413,0.014289173751947336,0.014089651397464908,0.010142830938213342,0.02128707415947614,0.6887945921512199
157,0.0032183080578369275,0.04035394578711888,0.058319366404718055,0.006538499223949586,0.003320314423550234,0.004714403806058741,0.01778948202104531,0.003022558042378653,0.03956499325435358,0.8231581289789899
158,0.0090487387951121,0.10730120085696786,0.02262053327139497,0.0317339361413231,0.003258718815548269,0.0423877960983686,0.055472706269634395,0.008889833073096168,0.04374334822966209,0.6755431884488932
159,0.13030605696215555,0.00789493919394387,0.00558692347545833,0.010365048653560523,0.0013295230933112693,0.008906886610239096,0.0039683414270607715,0.03142956591683669,0.4036105215293167,0.39660219313811695
160,0.004845862756006701,0.019091358554796663,0.8500109790941471,0.0070537917717281295,0.0016828980410424795,0.004947136888811018,0.0056854048758253764,0.009405502417169894,0.01310139816323231,0.08417566743724081
161,0.21444740563614922,0.007917527911662519,0.005236392354865181,0.01037004127915663,0.0034937848292670155,0.0032404801400607378,0.0068676889689480046,0.06266997472846143,0.2833022921121567,0.40245441203927257
162,0.010486411370502265,0.024941878315860453,0.004314448569026937,0.013887555889170837,0.4024283297342962,0.010054506613844745,0.04870318053575273,0.006061035657814936,0.16882006242783235,0.3103025908858986
163,0.13996390702482336,0.019025461735233628,0.002575343515216958,0.012063009961140111,0.007183166512783689,0.0010005727212745717,0.0036501930284215086,0.003146833361617487,0.19097890727253183,0.6204126048669572
164,0.014728541084591477,0.011190569880459232,0.0020592632499655057,0.025586843928885963,0.0030094229325907593,0.19433447078738808,0.017465979472101687,0.008287016926764439,0.021180408590788256,0.7021574831464648
165,0.029476891766459193,0.011620485201059533,0.002212932028533403,0.03873962660652987,0.0014398913357204423,0.029416031946544983,0.015492444016836639,0.01592610830511468,0.02945330471665894,0.8262222840765423
166,0.038321622165309224,0.005889546338404118,0.0012153647348814721,0.012171997561246817,0.004416851833044176,0.08305329081004857,0.01739625093324308,0.01207465149065633,0.018699804641989438,0.8067606194911761
167,0.003402128322350255,0.020215115471154187,0.019943147089168896,0.013506068903397127,0.01577273000392832,0.0024017539157040555,0.024577013965535598,0.0028242127199845693,0.04086403471677532,0.8564937948920014
168,0.008246224209153788,0.006365768833034611,0.001607519615538164,0.010500322985666506,0.00046587609879434835,0.00033409341992620783,0.003196341301939382,0.0004119282368827298,0.08722271222857163,0.8816492130704928
169,0.180926092880232,0.006673455357799585,0.0007445307313458824,0.005456785998852135,0.0010132052576679723,0.0003270877033351264,0.0008654697708670693,0.0005755459471628999,0.1257355507632484,0.6776822755894891
170,0.020703675934860766,0.004707793506175208,0.0006523909383793072,0.007805565692701165,0.0003771449072591862,0.00012589417796896645,0.0005939971033150664,0.00026210677457840024,0.09609382341348201,0.8686776075512799
171,0.008665582719550684,0.10525688073442081,0.4995789371911373,0.024837123953274753,0.015006273657158198,0.005912023013208111,0.04742434673352523,0.02178214813251889,0.04937755075955655,0.2221591331056492
172,0.019413327572082768,0.004197159883531355,0.0018162179418192632,0.00492887591591337,0.00038633883507894297,0.0007747600633996563,0.0012137704391162454,0.0008245338293190563,0.3445519084201788,0.6218931070995606
173,0.20084655516019614,0.0061748834821558525,0.004945738344592993,0.012291903275242553,0.0022953459565920077,0.0021734770425913554,0.003430881643016518,0.04106585498939289,0.17671291537573766,0.5500624447304819
174,0.016691052340877248,0.14807824226435823,0.010560434543950495,0.06821477432680213,0.11194759468783638,0.004244385828338754,0.010402270244516168,0.004042182021161034,0.09151755964270519,0.5343015040994543
175,0.008823307819058874,0.16708923122289118,0.03645104597048912,0.06825118682917296,0.011668730680497846,0.04569588518137526,0.5054423332744115,0.010095666165615514,0.02751705811019016,0.11896555474629783
176,0.15384672296875798,0.016089668382879563,0.004042169608417633,0.014478005391739986,0.005159940633254801,0.0017445831512324483,0.0065486275135273175,0.013801378183807073,0.2421874919606581,0.5421014122057253
177,0.005124216564700463,0.1340598707488027,0.026145572283177754,0.15476961178032522,0.007861213708083173,0.01550835132249637,0.04586139489319063,0.006661484005792056,0.028280926894675883,0.5757273577987556
178,0.012205303305233325,0.00906402056664663,0.001294679111582955,0.02469271579299584,0.0010799364013145294,0.03987078924036823,0.009841280950662184,0.009486197497391107,0.012244342646854959,0.8802207344869503
179,0.08953601208504762,0.014987652522332329,0.0025594445964715316,0.030009447314894792,0.001075293655403971,0.0006931400019972119,0.003879215055211363,0.002428596000708671,0.08904018136279775,0.7657910174051344
180,0.04980043004742402,0.01334687337749816,0.0036149818393267016,0.053732855858860826,0.002187061455779548,0.033479408401760336,0.01981321906310365,0.019889508166109758,0.05981246082921736,0.7443232009609199
181,0.024581299852091967,0.004281510842452243,0.0015335431606504453,0.008450169259284247,0.00029268376608624524,0.0001487991073088895,0.0007142063539236798,0.00043859035567961314,0.05264080373117399,0.9069183935713485
182,0.019754083599598352,0.025398147897145406,0.009578742871163707,0.4459513595266752,0.0023977408980498153,0.00796480126466618,0.010541658355979923,0.013699056324035652,0.05014950064798157,0.4145649086147047
183,0.0872625291010569,0.010783129080576217,0.009706651579839212,0.010196729591951505,0.0030375704940158966,0.001637482865864155,0.004807224212307382,0.04510569996615481,0.3077822722234841,0.51968071088475
184,0.01367910647488452,0.20764521255942942,0.26067508025377845,0.13919823565024703,0.010152924333158113,0.0114938106578332,0.059607257231784394,0.013171872688609596,0.02458871199898628,0.2597877881512889
185,0.39359334804149254,0.002370717673818719,0.0012206873275792105,0.007945572091383168,0.0015352539412410596,0.004431945156519052,0.0017709417841792147,0.06665724185200357,0.18736249695188,0.3331117951799034
186,0.405926660746356,0.0108851574897868,0.0018208857192664372,0.00726283995495167,0.0016277839498236213,0.000809593490132793,0.0027000845610554206,0.0017532827832919676,0.11350335703584713,0.4537103542694881
187,0.32951611780812423,0.003167503685893023,0.0009078598760693569,0.004120716899745354,0.0005442107535813306,0.0016423777351758848,0.001047913981390896,0.006236856344524202,0.4220982715459054,0.2307181713695911
188,0.01434750351056289,0.2067251589000957,0.013844977219917533,0.03768893439133233,0.040447107096228785,0.010993901188034644,0.3877291561344,0.010464800795652776,0.07866085672549804,0.19909760403827761
189,0.0655445552568115,0.006104098948192,0.0007629299519784274,0.006665431466430112,0.00036758356381630337,0.0001630521538121705,0.0006883332926298658,0.000557171826783634,0.1071022417094921,0.8120446018300542
