,proba_0,proba_1,proba_2,proba_3,proba_4,proba_5,proba_6,proba_7,proba_8,proba_9
0,0.15645187122328313,0.02738406142874499,0.014482368031144941,0.005696566920281416,0.004024780507466416,0.0010242377378547635,0.004637255609225199,0.0009132498011778065,0.13703180968216658,0.6483537990586552
1,0.19989327542828284,0.033794273985852566,0.01609859306488912,0.006512637233933977,0.008936259942253168,0.0013057444418090054,0.00527535088840619,0.0013939076459862712,0.17317642051141638,0.5536135368571707
2,0.04291245063922185,0.013122948357008182,0.018247551472915537,0.018886863885058384,0.0009931800058415343,0.0018175641915391938,0.0027947712820946807,0.002428381062529761,0.35622595883778835,0.5425703302660028
3,0.547763650360846,0.016531752465451754,0.00592272520785957,0.015753710107688754,0.0031628940930980296,0.0025970654942953464,0.0054420033661967725,0.006218281093217703,0.1906298968703184,0.20597802094102766
4,0.33373357841900775,0.01051922336874622,0.012495177503878926,0.01732724843141539,0.0019476702560463277,0.001609301100061468,0.002001891991144964,0.012871206893841587,0.19818787348588726,0.4093068285499702
5,0.012253263642423493,0.14130238193006073,0.11106981296354172,0.07627145837534073,0.3010303586901744,0.012973864336863743,0.04824325934190232,0.010770627640445445,0.02773170613540446,0.25835326694384253
6,0.2176290904977816,0.015523006710358852,0.007175492855913474,0.004404319035545935,0.002601987405574976,0.0008340328083990171,0.0031362215175189524,0.0008301659970288524,0.0745179644886236,0.6733477186832546
7,0.09774331627160192,0.02276464933361603,0.013389971896752478,0.01129581114908665,0.0033911154755987103,0.0009517799211738243,0.003816475834857199,0.0017066876571213308,0.04742473910499521,0.7975154533551969
8,0.0006095325884432613,0.008820928355620867,0.0005426630309055163,0.0032318270343308663,0.0005970564026843791,0.026309851173280118,0.002480069862988536,0.0033664007094277634,0.0014570547881169996,0.9525846160542019
9,0.03342853766953404,0.05115703098269259,0.006384637617543965,0.2011037972457578,0.006499349079565037,0.002108779992768825,0.009632795114022154,0.003677426317341657,0.09355351933878217,0.5924541266419923
10,0.005653876892532873,0.021675766401289345,0.014568307013169244,0.005933463374625661,0.0010384263781677274,0.0013564189705753764,0.003388865595623655,0.0007562003352620337,0.06580712857184826,0.8798215464669061
11,0.234268182944967,0.023756291502043708,0.010285536761317677,0.007020018225277157,0.003426014253270792,0.0010472181983627676,0.0039584511426143925,0.001033042336401271,0.10780391400252991,0.6074013306332154
12,0.49624429995851155,0.014120872335375343,0.004078332270498612,0.005918052458859279,0.0016852703815173234,0.0014117063003875434,0.0027340567035413735,0.0015649500599236711,0.14621485312214663,0.3260276064092388
13,0.04307433110913178,0.03049941424891899,0.004477069355692847,0.011998026710559091,0.12414243441406166,0.01051550218981516,0.027345987119307143,0.00790651697231595,0.19691126997642577,0.5431294479037718
14,0.31895464159660575,0.021932116084795197,0.005459214039790673,0.005817765857024482,0.0014666484650748771,0.0017753344235252344,0.0036208322658671825,0.001320729614498303,0.22838557076998808,0.41126714688283
15,0.027896594283621224,0.04480976112855589,0.019664417686144877,0.049911615609549785,0.012268206903797008,0.04353951885751509,0.11409425107684862,0.06040030337243444,0.042658171651639654,0.5847571594298931
16,0.10096066474070567,0.013540805998631066,0.05016614746460192,0.02940504313729837,0.006982083379171019,0.005214286936590651,0.00882557036249369,0.296059297612995,0.21145844519568144,0.2773876551718311
17,0.013294798512881557,0.04345125870113576,0.015370480251763885,0.017893280722268857,0.4457943616114578,0.007353099020985991,0.03084773839455321,0.0066080614652927125,0.06255605265272246,0.3568308686669381
18,0.21453636284110492,0.027961872689357688,0.02502929460970981,0.016698762386632336,0.012127371151246458,0.0015517413509083054,0.007184874958792553,0.00523676905019178,0.1794231411648181,0.5102498097972379
19,0.019427151771126437,0.06001496197808629,0.007729495661760328,0.024098254077241123,0.4130150929197948,0.026351803759192702,0.07467234143298576,0.011524079908538319,0.07152619008654239,0.2916406284047322
20,0.02310745478140831,0.016897449590108655,0.06384553433252933,0.046146141490730104,0.008098417194246406,0.009323176556203665,0.009553413500504971,0.1432865157599201,0.08667567325218382,0.5930662235421653
21,0.12569671951202704,0.015376050773854049,0.0055181738238982,0.004414963619213132,0.001845538809081906,0.0006968441501031919,0.002688940943932222,0.0004421286458118185,0.118724046379084,0.7245965933429943
22,0.006259729983107806,0.04915224756675977,0.03713024735947115,0.08934425444184951,0.006358127600342918,0.008989419737903468,0.011353970569186616,0.01429957161946198,0.05325041300294979,0.7238620181189667
23,0.02044191910983371,0.09612903580471023,0.06404113774166444,0.03825767218011583,0.4359567823809121,0.015859347835288647,0.04693664716446576,0.01577478304237305,0.052089410250429055,0.21451326449020694
24,0.006326667225543357,0.12300387762948972,0.563639184432488,0.044641702735462946,0.02777434240384862,0.004178419444632692,0.02443742733277117,0.004769064734121886,0.011464367793525722,0.18976494626811527
25,0.12249952456237628,0.01080407428816873,0.013938068893784608,0.010802088718771748,0.0009869831766383995,0.001205627448391675,0.002278872025543771,0.0013612625768040564,0.14510758264739831,0.6910159156621222
26,0.15189796138090308,0.004668979418438302,0.01362846958316736,0.02022758897283976,0.0025534245399873538,0.0023539619779391753,0.0025062732072660184,0.09862411313417782,0.32344483790189726,0.38009438988338407
27,0.26603192952627286,0.00937799324952003,0.01939475819015253,0.011154401613812563,0.0028463568014645913,0.003916118209305644,0.0030768795080821725,0.04278010284616998,0.4233216344919599,0.21809982556325982
28,0.007483769458217701,0.028628738252758235,0.001700990180671193,0.04497491566516033,0.001735359425187308,0.02970458452081275,0.020996438546744454,0.015247574104838341,0.0073731198567781485,0.8421545099888317
29,0.010563255102467367,0.06285149565680063,0.022395080226009043,0.1756975422151178,0.005100553629150821,0.02067020809241425,0.03024122778227776,0.045589116534341,0.023841179110584622,0.6030503416508374
30,0.01490240502100025,0.1172598251340305,0.01872044102178405,0.0632870636603739,0.33120550819136985,0.01235634549065696,0.2752566493817725,0.011725104408487173,0.05197730518564081,0.10330935250488432
31,0.009074622465709182,0.17912625566868515,0.1092432183972662,0.21602097694500816,0.09393179052906779,0.006918209391650153,0.02817229638377593,0.005827053026237751,0.024021023851895494,0.32766455334070443
32,0.024857292354457154,0.0229066558530039,0.007873881240725031,0.07256051881239839,0.00682258012254148,0.050251995576434,0.11855392536785957,0.042171722189284715,0.13771374665026387,0.5162876818330315
33,0.0528828874563341,0.005038340000986212,0.003019373678540028,0.003101456957319949,0.00038325585247405217,0.0005187653248183918,0.0006211360649319344,0.00024140697913123955,0.20283981798854286,0.7313535596969211
34,0.02531017361321219,0.0035472531789717686,0.002242901378857795,0.03242827857565373,0.0018468891209867417,0.022524597213194223,0.005453611582514162,0.013468531296239199,0.01075078391246836,0.8824269801279016
35,0.10956946658957072,0.013538073313783327,0.004260667736521734,0.008040365084803628,0.003400726612486281,0.0004721457334261353,0.002017529774284287,0.0006023357590494691,0.109454852079465,0.7486438373166097
36,0.16638904903375187,0.015418558142939444,0.009199616410291751,0.017989073573184293,0.0033850927134145728,0.000978223446755488,0.0021918446301165692,0.00678719772664561,0.27121182932495563,0.506449514997945
37,0.012622948469741125,0.007071207854433206,0.02312234550259237,0.009824386348340042,0.0008120622689307011,0.000980225919914609,0.0020050447359908317,0.0012598854151983183,0.24263833818574124,0.6996635552991168
38,0.01707783859779449,0.006067342476942286,0.014606562191488323,0.007730315386149198,0.0006674178423582338,0.001133181407537884,0.0016755400576885756,0.001332538753082712,0.2649774698269472,0.6847317934600108
39,0.05305865844000921,0.0062158483789997105,0.0027018370228638427,0.0012191638519700296,0.0009819179011702791,0.00034139448992929637,0.0009644969245316908,0.0002628498083321036,0.14523640238535476,0.7890174307968387
40,0.014124938689089539,0.1752841389742173,0.05112857603929435,0.18795807516570012,0.13503450691426822,0.008986222980519114,0.2286322047513433,0.013266293854526422,0.05908385805978554,0.12650118457125578
41,0.02311047086838078,0.015406506411465163,0.06225768309769538,0.0264041582317941,0.006421611487402406,0.012760587318732551,0.008377309552737551,0.1715687524639127,0.2916469452019369,0.38204597536594204
42,0.03596286803668688,0.08151567105019389,0.03222884573894058,0.04829607806463752,0.08185640597205505,0.002663685011569701,0.019278405385044304,0.003324659287388396,0.03465557593322652,0.660217805520257
43,0.006402625978065488,0.04830032992848867,0.007811548137706105,0.23845683152967073,0.004903862766510802,0.00953512849278648,0.03560852309179013,0.008986400932404007,0.020699490496344494,0.6192952586462335
44,0.06534806469938322,0.005507960403796,0.0032480461034504454,0.0022262009759870037,0.0005622736942354881,0.00037885569496285445,0.0008203503604642104,0.00027015228444796406,0.11014489094042468,0.8114932048428483
45,0.14425810071609482,0.013084157378752773,0.008567007465055143,0.12919508369134608,0.002432436360970188,0.0034574546463338515,0.006305477887858619,0.040822142525718634,0.3083985920033745,0.34347954732449504
46,0.0071927337255503114,0.008501530735289137,0.006092866260313255,0.03489179274224807,0.0023475308045774823,0.0160833453259006,0.004982885957419631,0.005699781964552431,0.09127501960446079,0.8229325128796879
47,0.3207048260834173,0.021862087067421314,0.007009745496565742,0.004570139173715269,0.002914165577781379,0.001149317598472426,0.004429363988619914,0.0007128865228735196,0.13603961664455472,0.5006078518465784
48,0.025731085142505786,0.008522835455923245,0.015271998253727208,0.008971167950736417,0.0008232886429373555,0.001108270178578226,0.0021211235517673683,0.0012730909884657653,0.20283451092947277,0.7333426289058861
49,0.024311176816304493,0.0753451120859084,0.012747559883312744,0.1260562398549029,0.01565387177534159,0.02419738843390114,0.2816037969174285,0.02308924438630454,0.0837718020399887,0.3332238078066072
50,0.03072251813454723,0.09099569147751095,0.0509692577441748,0.1185735334720313,0.3933625070883138,0.007955717240102637,0.0585874904146219,0.00867534385631955,0.0367925529367366,0.2033653876356414
51,0.36694233791321423,0.01691682198651776,0.00714329262105583,0.005294306405470755,0.0018625316837820977,0.0014691469267824897,0.0029618664285630952,0.0012353480450622662,0.15762589736207097,0.43854845062747994
52,0.07426426417176445,0.015538635075517775,0.011762707442468212,0.04551795309371497,0.005005708523125718,0.0013431443605174294,0.004481729567378247,0.008693844230239733,0.28072961331208895,0.5526624002231839
53,0.10787865192359013,0.011171464116689985,0.0024713289119736013,0.004836633975862615,0.001570252416552531,0.0009326092523785874,0.0028751842002538493,0.0005911194746500402,0.11767693678730795,0.74999581894074
54,0.3945313043833576,0.013800377597768839,0.009049539595066837,0.004046558814409696,0.0017983292174635142,0.0011486007221111017,0.002802620090195945,0.0013162353290157654,0.10891091201612642,0.46259552223448447
55,0.5773083234858312,0.013353470879503448,0.01058433535352812,0.007525896866090016,0.0021872375867379844,0.0013770295266147855,0.0031352776268672956,0.0024455515498716376,0.10449905917751565,0.27758381794743947
56,0.12647377876480573,0.007368589039168109,0.008503302114026457,0.0037280753639016054,0.0007688769567120669,0.0005677174379685756,0.0011969914709764843,0.0005469683347550337,0.15980837293805417,0.6910373275796313
57,0.01683556301265974,0.004391417632063803,0.012306127147746957,0.008634737231298222,0.0005416044983001681,0.0013813560500132444,0.0012541007841206083,0.0016033691416625416,0.35834163868880964,0.5947100858133249
58,0.4679214702500878,0.009814307514014525,0.003790831534524478,0.004355492994659,0.0011006032541216746,0.000977659156156183,0.001599048371675815,0.0010172784497751877,0.13514820858498588,0.3742750998899996
59,0.020271212110141375,0.11470108651971007,0.05664472745283575,0.05938925392834904,0.39402750198205255,0.00852021130020743,0.055204625262503325,0.008393626148779271,0.03982645660519004,0.24302129869023112
60,0.0067616682840945744,0.0201856772821241,0.002644123713960935,0.06206580800585285,0.0029016656443971835,0.04723473998168428,0.028475392524652313,0.012606191852557333,0.006456525966933869,0.8106682067437424
61,0.028534843918771306,0.10344996042396243,0.037571557335124066,0.07594643761749907,0.09222537395743008,0.003578448254704085,0.024662202926899825,0.004217608204240576,0.03695048947417942,0.5928630778871887
62,0.04207547978446072,0.005625187429421115,0.0025988883185501586,0.0016846178051568266,0.0012187193635307498,0.00029493658842716814,0.0008774630158247507,0.00027230519280475353,0.1026580644371015,0.8426943380647219
63,0.022716585171859836,0.015279014018798269,0.0051919957270644395,0.06860082121192808,0.0044868151695803184,0.03384409284258669,0.07492902506717025,0.034638296570696295,0.18767854163961675,0.5526348125806995
64,0.002955255022230878,0.07526034851515993,0.779170446353649,0.014220715805424078,0.01591003567490862,0.0037567957286642507,0.023511953613628598,0.004943838497048917,0.007373852027735155,0.07289675876155038
65,0.024026512219030658,0.010235862146715846,0.02374640022151067,0.016732188203370118,0.0010514141623276059,0.0030748041016988364,0.002273319358544013,0.0034274831423644074,0.6332050681046507,0.2822269483397871
66,0.011647524280490614,0.27745254982381923,0.14640691280072526,0.10711122365444,0.12249570741075344,0.009944694354717638,0.2162629863048277,0.012944194880854184,0.025119277025712032,0.07061492946366078
67,0.15072234753941935,0.032019612697501976,0.0157599864750706,0.023295289263686233,0.010680804109174177,0.0020830592300611224,0.007349837925684609,0.004347329819985128,0.055028039076908564,0.6987136938625089
68,0.027507856240771997,0.11489304535505826,0.010821415832983676,0.09308535906442464,0.014756606056263602,0.007827374732230977,0.12129884233508127,0.009569544234328686,0.04301343395124686,0.5572265221976098
69,0.20286885117956255,0.017566993133330464,0.02686031710681847,0.10879587751528758,0.008032861440098567,0.01548854908193305,0.012703791667332598,0.0659196836111875,0.1390481001085001,0.4027149751559492
70,0.08904184652325865,0.038058774491273005,0.011686632913923911,0.02914562475489185,0.030526660596529986,0.003964094876956266,0.017634391978905328,0.009713291092341439,0.3525058490241856,0.4177228337477335
71,0.3226806677265825,0.0076274776980147525,0.009775871501445502,0.029578018960983363,0.0017491762995672858,0.001803680955146497,0.0024522385461388206,0.06022905280185371,0.28039731777573446,0.28370649773453294
72,0.013483672636580693,0.16205398405436214,0.044060032169635104,0.1008958723619446,0.24549344665877082,0.010941286971184225,0.24241308757685648,0.017652286062433013,0.04238562182560428,0.12062070968262845
73,0.018274493111372872,0.113961136618179,0.21448241791916187,0.22458780618483729,0.02247766949862432,0.003375762979693087,0.02397863724140018,0.013644604929435804,0.08354457652435801,0.28167289499293735
74,0.03603947661494674,0.010991604558870488,0.009586113375777593,0.012042867765161601,0.0008676291144520122,0.0015034094845524102,0.0025635684389003354,0.001578871265019165,0.23685307657406385,0.6879733828082562
75,0.018822031573255602,0.09069533520477846,0.02320434142581986,0.06924283870458837,0.03328813006559931,0.027770256195963464,0.3637766186952035,0.018574330797851066,0.17443512356485344,0.18019099377208733
76,0.13367194866586243,0.015080984890936542,0.0049538021184605,0.0021134103838867254,0.0034390387248988538,0.0005621440878948778,0.0022074389593430073,0.00038598860669657046,0.12101311007253589,0.7165721334894847
77,0.00019287655712074716,0.0021718734001109586,0.00023502657094642436,0.0007788759263758099,0.00014766286107282403,0.011226121291503065,0.003950086353929044,0.0008171671362213573,0.0006017704574627833,0.9798785394452566
78,0.1487203999978803,0.003986624019765084,0.010371489537525943,0.02425022310380402,0.0012301082448440597,0.0012965536650118362,0.0015080063491670227,0.035170212560788644,0.40508627052587187,0.368380111995341
79,0.0034079962269172965,0.044615261507046956,0.838777716775139,0.009342602679671491,0.012256161214923688,0.005465854373423509,0.012858426040215606,0.016073974070358533,0.019587330960329705,0.037614676151973996
80,0.07060864554555127,0.008601552765967404,0.0028390701540090806,0.002015406530787255,0.0009859116417921822,0.0003707224194432651,0.00113851964104188,0.00029856042541314537,0.18962655713006235,0.7235150537459326
81,0.3411496139917332,0.013190292992356582,0.006956503449122994,0.003991823157822999,0.0014248011411527649,0.0010425069052181378,0.0023829445462008074,0.0017131518178701425,0.21847260949210376,0.40967575250641874
82,0.449043387838572,0.018560707750077468,0.0033634479866538752,0.006860948707994164,0.0012835327111016524,0.0022365621637025833,0.0031347447746653675,0.0013906536101969164,0.23652129176553144,0.27760472269150466
83,0.3140415096375341,0.01223690114843059,0.006457451895428703,0.005642687131064739,0.0017771771839990215,0.0007227654540784392,0.0019798958403401757,0.0013532630407808604,0.10568157042412883,0.5501067782442144
84,0.013192416796183703,0.1581137487300442,0.04050609218331015,0.15614767892134804,0.19316102953545955,0.015889590419542972,0.2348501320389599,0.014294843471367774,0.030739164082062908,0.14310530382172038
85,0.013207045917043489,0.24560832277697117,0.06172094635862467,0.043968331920304256,0.03465422470661743,0.012565607753805984,0.4699389169919684,0.01419890920759006,0.013144492310853146,0.09099320205622137
86,0.06991638261293358,0.023954072630741834,0.009148528369938461,0.00907335029231543,0.002420896025989336,0.0011707967658273976,0.004599231704700408,0.0014841879312060908,0.13023771184361757,0.7479948418227303
87,0.0076396908938795305,0.06016354014961806,0.02209193998640014,0.023664779148778094,0.007494741906453991,0.1024161184967885,0.10099636684486797,0.015534385796316474,0.032647815391571286,0.6273506213853254
88,0.4935788022924842,0.009525361261906512,0.003849047603603354,0.009400772130597916,0.0015075001203688958,0.0027804434264811716,0.0028887363740564592,0.003526251852432865,0.16788323952927364,0.30505984540879494
89,0.006401398563830934,0.1087612135348604,0.6913511800477316,0.020208238088731675,0.02845202561449461,0.004482118086539678,0.02832670482665501,0.017253475749432003,0.040643518057843796,0.05412012742988012
90,0.28017413258912116,0.011733080973671284,0.02941184191685524,0.044658675165810846,0.007143499523678867,0.009926474130411301,0.0073557840783598765,0.12663968277296098,0.15821940491219655,0.3247374239369339
91,0.12255397880846537,0.012343237804275072,0.003124752052545148,0.004733623268515728,0.001967438299231206,0.00047298591157465754,0.001617487650494424,0.00046318935929923064,0.16496661593440476,0.6877566909111944
92,0.013925840134435697,0.10646330192687453,0.050108787661411386,0.04533770562194855,0.04408344714171443,0.023788987223582407,0.2731354557723061,0.016653624562561278,0.2711850509897323,0.15531779896543266
93,0.033301057109586654,0.07065458914823035,0.04214908009335818,0.0257042783427363,0.0671634485144576,0.0023705775995179093,0.013459974395070455,0.0030039927996478835,0.028109651676968054,0.7140833503204266
94,0.01229807341039385,0.24591009168997827,0.27330311975128385,0.08449623212652857,0.12210129202405609,0.007522168536124072,0.09762310119298853,0.008840385230700347,0.024173011354934593,0.12373252468301192
95,0.07198339131918394,0.0752094119485397,0.007572246544475207,0.03106258698872443,0.025160780295503834,0.0030694012969943005,0.029579476390272367,0.003830562373438839,0.17657284015052507,0.5759593026923422
96,0.029839565754922068,0.20667531285998933,0.02477315177719249,0.03191894768413583,0.015324585596211072,0.16878815195995686,0.3183874060851623,0.030565116720752697,0.06470929780595625,0.10901846375572109
97,0.06699860375205219,0.004126504846343304,0.0019050817414358633,0.0018743810417217964,0.0003725484968704565,0.0003329107203972361,0.0005037491513268346,0.00013700375313431226,0.11854409139896756,0.8052051250977507
98,0.5351432642101966,0.014506233702208304,0.01583930369202403,0.038652500366431926,0.007391920313941609,0.016369624822376833,0.015249731640416833,0.10648617499729837,0.10366999974143642,0.14669124651366885
99,0.5408365459799453,0.0017293789404429348,0.002632566462222934,0.009909377948681538,0.0005145186329107275,0.0007618062060176094,0.0005844032239699755,0.0067166083786551365,0.12052351736156319,0.31579127686559055
100,0.053110086220165144,0.007164775281383541,0.0035578947322483226,0.008534792111398758,0.0006371154648041658,0.001347850255894386,0.0021328193761583404,0.0015663083123922336,0.1691290827173678,0.7528192755281871
101,0.022764346140630942,0.02461685583178062,0.003211271066033695,0.01378871328652246,0.25724774125991773,0.021400872451726963,0.039805193475306026,0.007032857486471108,0.0797575863015025,0.5303745627001079
102,0.03276004133623575,0.01665460695776184,0.005563770195063048,0.04254226774459626,0.0009492401243849291,0.0023749009231484814,0.0033571692415292715,0.001976481178393549,0.20756884884573526,0.6862526734531518
103,0.22651031814651743,0.01745333097189131,0.005735007760527951,0.003764567483676002,0.0022137061174220068,0.0008016704999462534,0.002787517749576357,0.0005712378940234855,0.14658855671063373,0.5935740866657858
104,0.476522939759593,0.005806081911341504,0.006860931935154366,0.00882383767518027,0.001359725640413645,0.0010688483915936905,0.00163951590938417,0.006086523520033877,0.19114400241932483,0.3006875928379808
105,0.006271231538252926,0.08543685528121843,0.6149732828706348,0.013340181335631326,0.017045430601369222,0.011335731735078507,0.03337829867158921,0.028205948595002188,0.048786381341056735,0.1412266580301664
106,0.14155344473416884,0.035577132745574155,0.009634965527621667,0.006247099667150081,0.01920713930786968,0.0010785519426473795,0.004656163467488477,0.0013915884141002819,0.10555561126486662,0.6750983029285127
107,0.23488437021798922,0.008670156836533075,0.010214723848444941,0.02136444757848192,0.0031853162922474464,0.0038506416444606274,0.0056396263881049345,0.03107130793525801,0.16359586774439688,0.5175235415140825
108,0.025625469425819215,0.006597806954968516,0.010287029948359155,0.12342324985333894,0.0018271198481821323,0.019086250400745308,0.007694446611072468,0.02894825268969356,0.1460109583071347,0.6304994159606856
109,0.1942079397008498,0.010564569136167315,0.007003274307876893,0.02274915862535077,0.005068861334720336,0.03359809133704034,0.01819525281572526,0.12183807330715517,0.024217210730944884,0.5625575687041695
110,0.01388782311009349,0.14440160862063045,0.17533225837038727,0.05751780714385955,0.0128017262095851,0.013828797631612858,0.06919991081134379,0.03405702285711953,0.08358578379586276,0.3953872614495052
111,0.004778471681722322,0.027988747867025335,0.041660729896162645,0.011529893792451305,0.0016410315709788743,0.0020303021845097698,0.006777309715885704,0.0011200306328122166,0.053817989867223644,0.8486554927912282
112,0.009919811376221901,0.06818103162825526,0.020118161917416458,0.04677351479210804,0.3175660507307989,0.013472164730124914,0.12427224794593776,0.01099480292295065,0.10165206645350149,0.28705014750268526
113,0.015330678318031648,0.02385503958437827,0.0013469018697864924,0.11097518879516753,0.001478575047723732,0.017719695173448867,0.015502202780833564,0.016246832578862228,0.006875402834793814,0.7906694830169745
114,0.026078393515749414,0.02652621966513184,0.03687781556553506,0.03223752881795205,0.019066045299417227,0.002346535085585375,0.0074740921103329,0.01585639391481647,0.25114602545894726,0.5823909505665329
115,0.013861687330337364,0.03169020394752199,0.006823666597142454,0.04664985935694107,0.007055940841818258,0.001885806373265662,0.014106731668740926,0.00546309635388669,0.16945180839488028,0.7030111991354653
116,0.01744351188010429,0.02478845467686534,0.001455686571855115,0.1324502921948515,0.0013503410793963525,0.01764368124135859,0.01444736093066119,0.014312554472667759,0.007403668847411765,0.7687044481048284
117,0.010589835277142499,0.18068616226271558,0.08815974398175326,0.0690843060961396,0.05509097437123047,0.016427006446170764,0.14748106271471478,0.018610785439568688,0.05722136901601809,0.3566487543945463
118,0.5275366890430361,0.02474019099489114,0.006514979364160831,0.013979956562053749,0.004309869071854431,0.002165511685189901,0.005513451706844848,0.002797593376986375,0.1805359840370792,0.23190577415790348
119,0.7313017311767799,0.010877317795398234,0.003952148524137542,0.011565142820407177,0.0017206531358435538,0.0042179248452573785,0.004168547322126569,0.00423807897211097,0.09251359356960576,0.13544486183833263
120,0.01053623393212632,0.0648369165432991,0.018291987662075744,0.04084739410732189,0.3778598487910267,0.01422952485760514,0.07792618701983084,0.010406642494157457,0.07912502487927484,0.30594023971328216
121,0.05385781091357157,0.002892183647148954,0.0012568580160149207,0.0010941582488098493,0.00034011245696163303,0.00027775571130334145,0.00037229368383991123,0.0001009977186153175,0.10610543312269927,0.8337023964810352
122,0.0015548261666715774,0.00039789635883798213,0.00019616548419074603,0.012976700129788738,0.00027933071523334493,0.003575562129269139,0.0011017529357604061,0.0023856395282797023,0.0010229797176616964,0.9765091468343061
123,0.17628823936640747,0.03503152108727861,0.01010829089850129,0.005670390868961439,0.0075087518467807516,0.001107181374649454,0.006351896715415703,0.0009108610025799255,0.1114231406318866,0.6455997262075389
124,0.01833017589081292,0.008195870886003284,0.016843584295661355,0.03891106831312095,0.0015778335425950093,0.007906216624247727,0.0029147867772601928,0.005341287393485824,0.6102222837430484,0.28975689253376397
125,0.0005143099208243225,0.007053826056992988,0.0004088994675839673,0.0026499949344263294,0.0005593924242366765,0.023273179072581387,0.0022467165347704104,0.00311564927316848,0.0012200057702209677,0.9589580265451941
126,0.28884424883868764,0.01235156928225413,0.016971236670514405,0.01389011814008798,0.0032831075800840393,0.0012905186835174337,0.0037703113707306187,0.006046554916821565,0.1410934231987748,0.5124589113185276
127,0.013308467813343312,0.01830943196720786,0.04565897907498009,0.11071038009757675,0.005500747702684663,0.0036371928541829423,0.00415145737720377,0.017872612707909994,0.13719223240173303,0.6436584980031774
128,0.017088486648982795,0.004104851272182142,0.008801297157513899,0.005980602432050095,0.0004967807105488317,0.0010563025552500094,0.001053491069331904,0.001073122570176387,0.2767583365561772,0.6835867290277866
129,0.002752182123056256,0.0025904940195913906,0.001330601663991916,0.18609916233829854,0.000595476252289866,0.006124738829850809,0.004459652111899085,0.009151718580076663,0.019456186568848798,0.7674397875120972
130,0.13736656224853636,0.02252283670753053,0.00427719735771721,0.010704433139879583,0.0016185841640786534,0.0012792493458479769,0.006220598336150464,0.0007307615555809614,0.08641954551688127,0.7288602316277971
131,0.006094814433525552,0.01490835155010803,0.0009405460468423462,0.06480953892865413,0.0011544235530050809,0.018107171037922417,0.012281743786565295,0.011868931929610695,0.004049408142752027,0.8657850705910136
132,0.011928431640912913,0.16420973698736463,0.22889783629219698,0.02535757324630945,0.012399729809464478,0.017827655767980698,0.06674272701633256,0.027412156247959403,0.05873114636771115,0.3864930066237672
133,0.39676643343037377,0.004739761658729681,0.005659892370457976,0.015208306573130041,0.0016856170492972609,0.0022181581089744016,0.002012155453544097,0.042203472192711984,0.27954541647074027,0.2499607866920412
134,0.0037987342176567015,0.005480347158360799,0.0008758211547666771,0.04226439366715734,0.000785885658120185,0.00499208798946582,0.01160990687418521,0.011881993314859795,0.015637579710497822,0.9026732502549296
135,0.009570354487494577,0.01849053901572078,0.0011343840141942463,0.08584824376177688,0.0013074492366703101,0.018273196534669713,0.014350047025570167,0.014092492470948669,0.0052092799299673755,0.8317240135229873
136,0.007708256120002939,0.03405827010578162,0.3775767599693581,0.050746769048667144,0.004177329317671387,0.008191395026350157,0.005883824183474888,0.025248871817822125,0.04176421826174056,0.44464430614913053
137,0.01170377133629116,0.023545168387294473,0.0012886684552142827,0.10027610656104233,0.0014466513949548017,0.018658167019914573,0.015897004275870097,0.01508651525961595,0.006298097182284316,0.8057998501275176
138,0.0030314974112491478,0.010588164161389843,0.8424945536796115,0.00811288483810541,0.004605334936294644,0.004051330115254061,0.0015686316235089708,0.006168827911424384,0.050028082164817696,0.0693506931583442
139,0.02831906026265429,0.06108031704517579,0.00657459768541494,0.01777124059073511,0.15960644172644645,0.01603489443840491,0.07182756352723622,0.011274218257858869,0.23445173700257826,0.39305992946349516
140,0.0049140409898351806,0.02590111192225831,0.001333676588156399,0.0316791806297008,0.0015086565920190492,0.029496870020419112,0.013422499737504054,0.012633126868481205,0.0050159501334500175,0.8740948865181765
141,0.00029523816945459133,0.0032622504335641654,0.00023347198424574273,0.0013264244728470084,0.00028317737953673094,0.018498249069738588,0.0016748552372739735,0.0015089990465239206,0.000669025018375124,0.9722483091884402
142,0.003359341829193808,0.031970264147086765,0.0016680750312716589,0.013458146977597398,0.0019069355166453836,0.07099441435238665,0.008093301412886087,0.010956490525609213,0.004735296764532311,0.8528577334427908
143,0.1067905590138759,0.013307813458014708,0.007973827648119386,0.006850410041563321,0.001368446111065065,0.0006469308193585044,0.0020161509756502433,0.0010081765268190838,0.1474828549062632,0.7125548304992704
144,0.2636257575539179,0.011658529410845475,0.004674133621926207,0.002954760952009509,0.0015440275268052894,0.0006484524606840884,0.0016920136938580424,0.00031037086287998396,0.09295723571627929,0.6199347182007944
145,0.009114332692931338,0.2398487388597898,0.24879982351773397,0.031587131597722154,0.13154300174218006,0.010577969506910869,0.23783090363064513,0.012284316161772292,0.014794439558608225,0.06361934273170591
146,0.49603319957926806,0.014859342684472409,0.004148726115775919,0.009193572807341746,0.0015197704385973977,0.002229989581704524,0.003085983085552871,0.0017047388711677336,0.13242958213201136,0.334795094704108
147,0.011818758250049523,0.12018425875993706,0.06718898490308049,0.05981707085756462,0.34047951298223456,0.01339179991874528,0.10204161616021593,0.010322079080766858,0.048707925903941206,0.22604799318346439
148,0.01693264474873819,0.008096923845656318,0.00766021428537026,0.016120398395488324,0.0006040418419343865,0.0013965476306014993,0.0016268192189116452,0.0011776529269146851,0.2495631961881256,0.696821560918259
149,0.003708170728112188,0.03319112753573627,0.0016841586620804712,0.015078854638117317,0.0018987048297108996,0.06169855292380602,0.008921137377320469,0.011449935388577089,0.004961487984747249,0.8574078699317924
150,0.5921584239139052,0.016997878976973482,0.005771884431828073,0.01372138836353822,0.0022485647065301926,0.003880236938399786,0.004036894404280842,0.005499197263152595,0.2457432889254241,0.1099422420759673
151,0.42895293599064055,0.021455467417785656,0.007180647424843315,0.005723396104137399,0.002828531386529264,0.002011316103350932,0.005017017414266968,0.0023042807531399928,0.2530072168650773,0.2715191905402287
152,0.15376110686560474,0.030956838559465495,0.010995056210047417,0.009512755616340119,0.002733078001342473,0.0019296683608755433,0.00641377521188681,0.0030101248704191078,0.348048404288189,0.4326391920158292
153,0.00967992032038829,0.20293051076145924,0.39260810806228985,0.025149759179684664,0.019687095022718724,0.016223360772627027,0.05306995772830268,0.02382353551598766,0.01357215309690426,0.24325559953963782
154,0.008264971368723662,0.015042703913873015,0.023194868028446232,0.03836787761510189,0.003563895770004729,0.009080698404853952,0.006234189061423126,0.07113949344379902,0.037199880312688095,0.7879114220810862
155,0.07154139277179274,0.006060699182752751,0.008850726073354052,0.013160936426244302,0.0007092834229116459,0.0006187663243028663,0.0012611215247873462,0.001966630222766129,0.16680229652908968,0.7290281475219991
156,0.017416982478526875,0.03066816184812826,0.0025073835847993467,0.07786973607243121,0.0023295737336949023,0.029115182970205322,0.05607368865167126,0.020261711882903783,0.015331666490299711,0.7484259122873396
157,0.00426420119201764,0.017990409280188267,0.011212628560109668,0.004946931340243371,0.0008376572150192228,0.0010924704060385777,0.002802772710684857,0.000573793559809863,0.05670116646094118,0.899577969274948
158,0.007107749210466461,0.05564642419354131,0.011596274139409094,0.03204773627323355,0.0029449441300614526,0.024121982139515708,0.03573957737527676,0.00661793501729223,0.07692914356014512,0.7472482339610581
159,0.1316737381148706,0.013494318544778745,0.0363337765590874,0.03309900643644776,0.004237496316152371,0.006543815373673733,0.004506963049751516,0.04159487115134724,0.5019405527829948,0.22657546167089598
160,0.004926523895769059,0.04101238993283859,0.5185301866752848,0.03462098528226684,0.004739807298088316,0.006337058040140255,0.004563129297346582,0.016757916992296402,0.10773654936559013,0.260775453220379
161,0.4126595398259455,0.017866972607816844,0.017639660150368257,0.022954710023280936,0.00740964210639668,0.004330946925935505,0.011884464695779041,0.050613076218205766,0.18144425437930722,0.2731967330669642
162,0.019236082313805768,0.03575225395383693,0.005070910720288669,0.02020321439433147,0.3007805257441109,0.010581671885222457,0.061324736646871734,0.008061674746278677,0.1286649938137672,0.41032393578148646
163,0.20010540560575626,0.039830964232950065,0.020536712034578866,0.012170994544101435,0.014362352944714312,0.0013730150564893226,0.006992043130150621,0.0020896262906000395,0.11049151166186061,0.5920473744987995
164,0.008744307231941533,0.021044790570063053,0.005230904549202677,0.016466330101381533,0.0073032961292190095,0.40721294841619116,0.026801318878190566,0.013740759669351376,0.017354199869154374,0.47610114458530484
165,0.0034241009002012562,0.01704851699286306,0.0009301561565412523,0.033873859305374295,0.0011775374818315057,0.02201322195879356,0.00991625352640604,0.010155330429651147,0.003493867625668776,0.8979671556226688
166,0.011843610386947777,0.007059896278220905,0.0016577826183137802,0.007521932957355427,0.006125421545753417,0.11964535708770627,0.011768160602460144,0.019871449992284053,0.004684865652415611,0.8098215228785426
167,0.14752800191422347,0.03570591444945298,0.010880661883131807,0.0055785513205922664,0.00917509434276321,0.0009308693492441207,0.005501100742096905,0.0008478652217154992,0.08278687196353604,0.7010650688132445
168,0.06133494719957371,0.005448445690247171,0.001983556544082501,0.005830218635244599,0.0005964665830388528,0.0009604993105992596,0.0015578843456414808,0.0007423064096020224,0.15408916132000752,0.7674565139619626
169,0.08741390585126585,0.010376245272764236,0.003478190166809735,0.003366295375838344,0.0015950696577882622,0.00034578057898439446,0.0012399147145424672,0.00034757865001225157,0.1432688489370796,0.7485681707949146
170,0.07179512020564044,0.005171879063766853,0.002214037098906319,0.0020301947439036955,0.00042892345902389675,0.0003990120508273442,0.0006869254116090798,0.0001725742593554784,0.116676511962007,0.80042482174496
171,0.006548220817931221,0.08303713193839167,0.5454003758446185,0.023905985651598027,0.020465716039448686,0.005102408277216609,0.02502087333381694,0.019266443145240487,0.06830381380143692,0.20294903115030094
172,0.011330532728283728,0.004024608094076047,0.012174610236638404,0.006510225251411869,0.0004885308569885085,0.000979733613915136,0.0010875154919080879,0.0012055411576956014,0.3027043080768508,0.6594943944922321
173,0.07041986900586077,0.005959946662445937,0.01900190138173967,0.0251155091128194,0.001739301328547068,0.0014176900619880767,0.0015897121326403363,0.035745856219645655,0.4938456686884592,0.345164545405854
174,0.03169889022885837,0.1117318021488571,0.018674060068479013,0.05718993700169147,0.1392338163221332,0.00456806182328286,0.04453342430090648,0.005737028694500689,0.1458653191064883,0.4407676603048029
175,0.02474006677726196,0.08863898915109737,0.014994208339646804,0.022238781484158834,0.03370378186018757,0.0412829938323836,0.57244050495154,0.020915033841037798,0.11402480132224832,0.0670208384404382
176,0.20204439613453992,0.033625755889002115,0.012859157592612401,0.025006809616790516,0.009393372871582307,0.0022358254228150853,0.012307972506353383,0.00664003248892796,0.22899415032679798,0.4668925271505781
177,0.012584319129980676,0.14731568863583702,0.06291511082812729,0.0985941703701957,0.020740571687388795,0.02627446817120568,0.12708915144327415,0.03436393237277666,0.04977294594029906,0.42034964142091463
178,0.0012221720403562198,0.0088138052657693,0.0005223758443113079,0.008388170976450131,0.0009217145612900318,0.027007517638717494,0.002898827791126367,0.006344646026848104,0.0015067958277149853,0.9423739740274163
179,0.13383685078070737,0.01735230048958528,0.004329580331205708,0.010257036940926681,0.0018130850536352803,0.0009030593463225115,0.00344170605029262,0.0013320089354046797,0.09925530034072977,0.7274790717311904
180,0.009311528313924835,0.01666432869538571,0.0010739502901570756,0.0810641924480146,0.0012670922730177083,0.01794714519605737,0.013552694577518341,0.013977180013025708,0.0048684611757348365,0.8402734270171632
181,0.13322686527722014,0.008322934612787044,0.009016519678227933,0.00435300312041937,0.0008036781190079665,0.0006108364743731118,0.0013362781989976814,0.0006735104892119942,0.15402138548166908,0.6876349885480852
182,0.009812083890830835,0.015211613927185457,0.019603009101568283,0.4801721742685255,0.0022754000346974427,0.011699972251565808,0.013469188270218447,0.05588050425994369,0.045352777063429064,0.34652327693203566
183,0.05428778529805681,0.013270934916818,0.018837379043446803,0.050663878638334985,0.0038688120951567546,0.002089410721270749,0.004866194742930194,0.02862369219266473,0.3633953898849566,0.46009652246636396
184,0.009283990767787824,0.1265094130648348,0.542404043908969,0.034146514250956515,0.012055742752106817,0.008064117935492974,0.047886341810601356,0.016845138089066153,0.025325485427279595,0.17747921199290545
185,0.42877301517936445,0.007558082992701551,0.008171326812083653,0.02716599847468059,0.004287396592066422,0.008077508050322839,0.006542023031349905,0.0795260816543073,0.18847861732061685,0.2414199498925064
186,0.3516901283786904,0.021002868756441282,0.008003449144035503,0.004777242263068444,0.0028582703253899667,0.001325003934122002,0.004764541163033176,0.0007733672381526109,0.13723636264282416,0.46756876615424203
187,0.39041385502175824,0.016619567149880304,0.003214990311643775,0.011598980836699057,0.0011401031043008752,0.002265945667678377,0.0025331012727302592,0.0023634031368480212,0.3874997812659611,0.18235027223250008
188,0.013620148446637037,0.2103424185399526,0.013592998090994367,0.04320505233849552,0.06956840336186337,0.019220059301648985,0.25486064270353964,0.011946106315508409,0.04258154857560432,0.3210626223257553
189,0.12315733536163889,0.009610910266547982,0.00608326461477043,0.002788818374102239,0.0008250270757846197,0.0004635537410607531,0.0012944535430584243,0.00042838702732092934,0.12183946607242273,0.7335087839232931
