,proba_0,proba_1,proba_2,proba_3,proba_4,proba_5,proba_6,proba_7,proba_8,proba_9
0,0.1431724096524361,0.011981875072850623,0.0010692863702492829,2.8228425491186583e-06,9.354747224638001e-05,1.9325484364242767e-07,0.000423455230427039,1.4190317948890041e-07,0.07891450798489635,0.7643417602163219
1,0.04411410269090445,0.011292829965368135,0.0028018608400077905,5.808531013396232e-06,0.0012563364378075518,3.217498328535682e-08,0.0001066233999044034,1.8909972814911426e-08,0.08212367571593275,0.8582987113341054
2,0.01641044727010373,0.0019557585103034607,0.0004998833176192323,0.009848949076334566,1.3122200605042877e-11,6.116640478755137e-08,4.823075008305562e-06,4.6386861392846505e-06,0.6721164182355038,0.2991590206494606
3,0.5842359505239275,0.00566109014339411,4.9699586763148506e-05,5.371242525617434e-05,1.5623584207863034e-07,1.5986312147886708e-07,0.00016695390641126935,6.677638603360609e-06,0.31229211090610365,0.09753348877057745
4,0.12087677559188213,0.0001341733598011454,0.00010935547412980834,0.015690934203282794,1.652768346836329e-10,1.261525001540511e-09,2.0158735464816055e-05,0.0007635352839976488,0.41409844252234596,0.4483066234022938
5,9.02294228265775e-06,0.28658827883830035,0.015048486206346287,0.011219313339463891,0.3976481549978297,0.00039468763019249916,0.0008879713586713325,2.5946611854545585e-07,0.0024146885339520995,0.28578913668684264
6,0.5691338046346947,0.00816677670742703,0.0002718533339756062,1.8134847717994272e-06,9.23505791368066e-06,8.516613817012346e-08,0.0003252246242345309,3.929103517219579e-07,0.06457540165087278,0.3575154124296201
7,0.07469566459732838,0.010113658536032258,0.00022859189776407187,0.00044471977534919543,3.0712745678517207e-06,8.555880153563514e-09,0.00015156960981288243,1.4540267164007218e-08,0.03228299031521335,0.8820797108977847
8,9.155293489286838e-11,0.0017838650879672111,1.3893283731942542e-07,0.000793371094460701,1.0873835661340962e-17,0.006975403159171338,3.8949558641839665e-07,2.5323510347418742e-05,1.4806274802974089e-09,0.9904215071474491
9,9.052776745067419e-05,0.030432008110802336,7.338800871091325e-05,0.18853503493092988,1.2260050962927128e-06,4.71041141526557e-06,0.0031127074943424005,7.720653252763422e-06,0.013576111367576917,0.7641665652504226
10,0.0037934369289263003,0.08786830198711405,0.0013465496597643272,2.27322655705966e-08,4.907895018982972e-09,9.15727070213103e-06,7.558022765413325e-06,1.7134571311595512e-08,0.05002221573125991,0.8569527356247358
11,0.11882711314446816,0.007376922088067498,0.0012490786290156044,6.99471189229072e-06,0.000229380281387999,1.5614976173478796e-07,0.000442237315925851,3.1167404884185975e-07,0.09759939483655183,0.7742684111688802
12,0.4383475167476213,0.0040027982880028075,1.1931987130666221e-05,4.426478208845777e-06,3.40493620919995e-07,1.4261779038168499e-08,0.00015325974177960954,1.5309739749278378e-07,0.24315390169021728,0.31432565721424194
13,0.005273207178333186,0.0010677866721278111,7.683344567033759e-07,9.864422994585963e-09,0.013560678633921821,1.857337162747685e-05,0.00014631333396017675,7.76911302852349e-09,0.3316892919933465,0.6482433628486902
14,0.25785685459109486,0.00538713517618838,9.295124432480731e-06,1.5576263554166082e-05,4.585461866309421e-10,8.216020647009652e-09,7.326237883483297e-05,1.2337260013491126e-09,0.10196376777480962,0.6346940987827928
15,0.0068611893283258936,0.0027242584808281466,0.0002119501067545623,0.001409405333671647,3.7346689580929033e-10,0.03158566486983772,0.3135454856944633,0.08634253907562862,5.530606892310477e-05,0.5572642006681002
16,0.12283662549253667,7.901921342631083e-05,0.005689983579979337,0.0009898597128504495,5.662817478215969e-11,2.22500933574982e-07,3.195920981164012e-05,0.6962801847476491,0.030377563089316155,0.14371458239686855
17,2.9596509566745515e-05,0.005116153321232344,1.6153263816331732e-05,9.65944987747788e-06,0.5910782214307743,1.5702333810118499e-06,3.1772260724183386e-05,2.8253994026141626e-11,0.021814198041114504,0.38190267546125906
18,0.45819981706808016,0.009628334423527557,0.007541966702213421,0.0017516093356443757,0.00048359224072343454,2.0439000855857717e-07,0.00013869606661476275,9.109539555172668e-05,0.14340733763890073,0.37875734673873523
19,0.00038153486945903547,0.004283765409707669,2.6267570780165523e-07,1.5103905523925748e-08,0.8424848907809906,0.0005223957230267765,0.0035215930199239643,2.468306336070913e-09,0.001754680341100895,0.14705085960787126
20,0.002498125546103881,0.0003246378451281928,0.04402160929993197,0.0180052404454272,5.060122598650672e-10,4.676005450527673e-06,9.620874873260583e-05,0.32968307931303414,0.06002014298455574,0.5453462793056236
21,0.04521280430216918,0.002997075364621875,0.0002963377449219422,1.2234578469247037e-06,1.7004347821233622e-05,8.35593856059471e-08,8.54414536320236e-05,5.559907677140371e-09,0.041039640554198564,0.910350383655495
22,0.00035572678276299483,0.06214397504973582,0.0014175259092277387,0.002317373609841591,1.3581880556728514e-09,0.0001260240726341845,0.00040652600537582846,2.7328142123018656e-05,0.0071784258239657095,0.9260270932461451
23,1.3797189767320444e-05,0.0051924073679023115,0.0007063202460658133,1.586217692948931e-05,0.7922067129958148,4.389372976125836e-05,3.953127238827101e-05,5.071895547635968e-10,0.0009512311490938479,0.20083024336508742
24,1.0971142391130932e-05,0.02254646211739441,0.5986283712666104,0.03372036124381522,5.4474068016436715e-05,0.0002442199897757014,0.0019206972456280204,4.858791174001405e-06,0.004782855904780106,0.3380867282304146
25,0.10133436684051413,0.002642082057706636,4.758194417624514e-05,5.393983995429877e-05,1.906372171869846e-10,1.1324407645540334e-07,3.456956687115108e-05,1.470030322904921e-06,0.11932977970013599,0.776556096585605
26,0.07833042617776229,1.4547031467090355e-05,0.00044850642538924265,0.008689782421428404,6.557943829957726e-12,1.1433580906313438e-08,6.867630310119791e-07,0.30617302099335764,0.1605495903853954,0.4457934283620301
27,0.1283848967558114,6.68782840659507e-05,0.013104978015296385,0.00020532913898702677,1.86815366738991e-12,3.1614626222812645e-10,1.1869046800338841e-06,0.028167651455635,0.6828444327979322,0.14722464632957766
28,4.947966307236717e-07,0.017681645754956895,5.141235198745266e-09,0.00435104588140328,1.3646437880258916e-14,0.001085073211574953,0.005165600225626024,0.00085513548932486,9.949507655192293e-07,0.970860004548469
29,4.12364908712073e-07,0.001852603686648768,4.9323784986919815e-05,0.43195087881674343,1.6629379392106088e-11,0.0004925925384978118,0.00014318452572723253,0.0034452410473432213,0.0010927101647434767,0.560973053053771
30,7.517554069542272e-05,0.12213270776095912,9.696805023615158e-05,0.04633596641301153,0.5398926608768921,0.00022837608220128028,0.274033028758908,2.3764372255995634e-06,0.009290308128573366,0.00791243195129741
31,5.461151059559282e-06,0.2555542426832316,0.01153993851656802,0.2517421223743422,0.006194233049743273,0.0005743404232696783,0.00018821793363335275,1.7913241093407932e-07,0.012529540845962736,0.4616717238897787
32,0.0006913436993479572,0.0015926533222822723,2.214766918309203e-09,0.0001239689236651246,1.0666771918899202e-14,0.0018085919520453035,0.16901896365354271,0.0007280042664743918,0.0022475562503871875,0.8237889157174776
33,0.003945476558733509,0.0014205581269880632,8.709481877364605e-07,8.880657138947885e-06,3.7665258222470216e-10,1.8690891855975104e-08,1.0327039042132546e-06,2.2238005841446198e-10,0.13757658740017142,0.8570465743149517
34,0.015794239024802693,0.0002231402464012021,1.7984261832495147e-08,0.0008681537174274685,6.477224067714575e-17,5.18604771935529e-05,3.338519942621221e-05,7.122911919361432e-05,0.001342873970178525,0.9816151002611148
35,0.04124255937502845,0.005066965982617128,0.0015388333204358596,0.0001988323050775624,0.0003813202177880963,7.185969508120944e-08,0.00013943923019150937,4.844495787925557e-08,0.14760761178738957,0.8038243174768189
36,0.07558256753899505,0.0012032460939273436,0.0033163158319016147,0.002876649390217079,3.8227366490256125e-07,4.456524804732027e-08,1.601531738981244e-05,1.2070143687832313e-05,0.24209325731322145,0.6748994515317468
37,0.0004991285167593558,0.00038941223833124445,0.0016516979974858486,0.001427448619444135,2.54124277645376e-11,2.0029411223973384e-08,4.6552812276385175e-07,8.035657970245955e-07,0.34410130627008345,0.6519297172091526
38,0.00048783603376760943,0.0005677610592474213,0.00013067444924989347,0.0009108692903328051,1.8231239440826138e-11,3.168073096778696e-08,1.929263186009232e-06,1.3278693220038473e-06,0.34688314778633916,0.6510164225495928
39,0.041371581238908176,0.0018156809165463656,0.00010316697706595956,1.452171747625788e-07,1.3877762802237143e-06,9.98723813822185e-09,7.199298336648252e-06,6.192146556991202e-10,0.0919225070939709,0.8647783208752641
40,0.00025278902552613536,0.38200113552439446,0.0032327488297662307,0.18970185467319045,0.009274192644145158,0.00017876358631232968,0.1952291432685077,5.156304187409843e-05,0.04652288960400133,0.17355491980228216
41,0.00940428498776031,8.218017092418006e-05,0.04162520801592256,5.809085611214779e-05,1.4587968745089486e-10,9.499329928164846e-07,4.3387350108232426e-06,0.6974418841149967,0.21036506522520002,0.04101799781520061
42,0.004802755105950957,0.05453175912324819,0.005980662058488209,0.0023777853572070936,0.07822152395370485,4.350764554755984e-07,0.0005313338281909413,1.7158752982708023e-08,0.0012091994404812448,0.8523445288975201
43,5.1060593650064205e-06,0.059367143552340455,1.296859456280306e-05,0.2760409642398627,8.772049003566218e-10,0.0008617441134578716,0.0009987044871932703,3.5414531968516746e-05,0.000393866272699109,0.6622840872713454
44,0.04625370238115395,0.0015534591187419242,1.3840615139859744e-05,1.4413761858190482e-06,1.656506715873363e-08,1.4787259132988231e-08,9.944472810390959e-06,2.0223642355675253e-09,0.08655057575263307,0.8656170029086445
45,0.008338125544824382,0.0007087867952107948,2.2924821757478138e-05,0.34070831236536553,6.291457690609528e-10,1.9222639624178423e-06,0.00021124002921444447,0.004197422374912402,0.2984456039154587,0.34736566126014795
46,3.751663414811488e-05,0.004841124658688958,3.1615123290048155e-05,0.00027987236925217204,1.3080417989392787e-14,0.0008804910200965311,1.7959394276241227e-06,7.352655515368672e-08,0.08031321011630957,0.9136143006122188
47,0.3477305776792595,0.007202409263133548,0.0003049778286642974,2.1402930209885486e-07,3.8175178684349936e-05,5.424236089566064e-08,0.00023180384485727197,1.8014436371949076e-08,0.10884310262870388,0.5356486672905978
48,0.0016649921711430027,0.000976909277304739,0.000147596608631605,0.0003124351060415985,5.487000278503393e-11,7.051964994714488e-08,1.1106768028711367e-05,9.453894939114133e-07,0.2606063465498943,0.7362795975549422
49,0.0004227602922412102,0.015139196578537918,1.207188707072963e-05,0.11328874787810159,4.342383667839672e-09,0.026783557042319342,0.5956348897931412,0.001250489011127804,0.0005758176359581315,0.24689246553911837
50,0.016309889069856802,0.11484897485835024,0.0046467364636865105,0.020947254775479353,0.5049424516592426,1.3274640007366362e-06,0.004486355784750164,1.8231019759569373e-07,0.001677350664766128,0.3321394769496699
51,0.40957925860053573,0.004478145129162473,4.3768976959455566e-05,5.717553224638719e-08,1.851955656267937e-07,1.521143037006131e-08,3.212794010034003e-05,1.6281171544294856e-08,0.12389042028962899,0.4619760051999132
52,0.025599376452458897,0.005138561523495282,0.0018309731083884203,0.06915338869395472,6.03040306306297e-06,2.28026028679191e-06,5.6936165578137794e-05,0.0004922842186008932,0.31824309757756924,0.5794770715966046
53,0.10180452241912599,0.005709877237193106,9.842436675632697e-06,8.085149062860669e-06,3.0618255632939096e-07,1.0237220995164438e-07,0.00019933897866303396,1.8563461115225042e-08,0.043163410738958324,0.8491044959220936
54,0.5364211039574821,0.002931145884092811,0.00011627338534040196,1.2602779276091125e-06,2.13029628574701e-06,7.044079644409657e-08,0.00023066690279552085,1.0241346566166379e-06,0.12725724299337188,0.33303908172725083
55,0.5559508950307523,0.003073751074952856,7.957791885536502e-05,4.4489335101525576e-05,3.5591515418239883e-07,1.778301707967991e-08,0.00010363651818371857,2.0188490173403593e-06,0.22118574457593015,0.2195595129990354
56,0.07108799273515866,0.0010365904850096787,7.527203952726169e-05,3.868644130910277e-06,2.5370992394733103e-09,8.661303992689364e-09,2.932473042514321e-06,1.5813393604546777e-08,0.1276281019365588,0.8001652146747753
57,0.00036962212323807356,0.00022461986697774278,0.0001895087604236445,0.0013982889818699722,2.9921196781639854e-12,1.6552265729278993e-08,5.120264304553811e-07,1.1725007245993947e-06,0.5283978596072509,0.4694183995778267
58,0.4390839024898262,0.0016948558866285658,1.229667782457127e-05,2.323764775067382e-06,8.128007807691635e-08,1.2302590536151751e-08,5.445601396123249e-05,1.3246551003160403e-07,0.21828500100326953,0.3408669381155363
59,0.006984993446065238,0.2522362122896247,0.0009037283308784235,0.0006540806274320814,0.38275945857750737,4.802909400828646e-06,0.0040394458241809605,9.229195765687321e-08,0.005586707879059582,0.3468304778238932
60,2.8455223341201743e-08,0.0001232095641410673,3.97544623969069e-09,0.0006727292430365165,8.515065829517587e-13,0.04872322267770971,0.0037327552400694317,0.003919219241377082,7.548775026711335e-13,0.9428288316013902
61,0.00010710500405702167,0.08219234780668355,0.005352896598368534,0.03807978056241875,0.12973055723916874,4.700414981813644e-06,0.0011224687476481486,7.508104431402432e-08,0.0011519840376629919,0.7422580845079662
62,0.02506033678448278,0.0024504221944441924,0.00025360808707446374,7.393284053732258e-07,1.2130332034767305e-05,8.608559010202126e-09,7.5848738410289155e-06,7.483700613158597e-10,0.05989585965324375,0.9123193093895445
63,0.0013058106263293592,0.0015020725771806205,1.2462912836448741e-09,7.205933327583149e-05,1.1722631259572358e-14,0.0005375784810306346,0.1123779147020836,0.00042580159458268036,0.010151732327919268,0.8736270291112951
64,4.252303635987777e-08,0.006446699322318952,0.8080761731393707,0.012997341300066415,0.00042826654229703205,0.0002829410621835462,0.008764445642535788,0.00011452441806610919,0.017888346613608167,0.1450012194365168
65,0.0016416271134963166,0.0006277421170067002,0.0008949752761175775,0.0055338116048028,1.6038451549448131e-12,3.2098750802451553e-09,2.3323357184050162e-07,5.720386147926936e-06,0.7384343371903118,0.25286154986706616
66,2.333284975720707e-05,0.512699755519284,0.03358135105741125,0.1827262622949341,0.050689750427977645,0.0007867957001998427,0.17558436563977406,6.693248807240725e-05,0.009501653362273817,0.03433980066031569
67,0.011729207605892555,0.005937738701786762,0.00014288217629737865,0.021999583091015774,1.3305150524130257e-05,4.967831214323778e-08,0.0013443747899432512,3.1837381271647793e-07,0.05667772255887412,0.9021548178735411
68,0.009301024187395528,0.12552303605377094,2.4429103851785497e-06,0.000792591728128654,4.716569512153148e-08,0.0004701760066130607,0.18231920889343828,2.078307461034024e-05,0.015317817848091247,0.6662528721318718
69,0.4380379392910659,0.000158312389414065,3.812472545921708e-05,0.010923968002232436,4.811813817092544e-13,1.499489498103752e-05,2.385885942667235e-07,0.005470854470915918,0.05692631486301982,0.48842925277383625
70,0.01827485301352011,0.009490428547865247,0.0007644031533041289,0.001783717346863338,0.0013958768108296596,2.5478233696694046e-06,0.000565980672095272,2.9720675069295277e-05,0.49882580879478033,0.46886666316230297
71,0.34701045282588266,0.00037373602968774174,5.059121778962819e-05,0.003547745226132223,1.1374067984711453e-10,3.484095620181468e-08,9.396044071071136e-06,0.007207987395486263,0.3585159311798067,0.28328412512644685
72,0.0019975421169046376,0.25221672465659134,0.0028186384561192323,0.004612688933453781,0.47312895556700507,0.0001717350399707148,0.24659255482244027,0.00015919890689716881,0.0020750825541611603,0.016226878946456632
73,0.00020388911982397644,0.08585879476135719,0.22215897912158505,0.45820566992501144,0.0003309884951920444,3.189332208656329e-05,0.00015927695897194948,0.0005243928543876936,0.08526073782654718,0.14726537761503697
74,0.0020926639848177675,0.00306493931774862,2.3443862514188563e-05,0.00029576851095304617,1.0298699725856153e-10,2.8824968003028774e-07,6.792565556966286e-05,1.2576077883265864e-06,0.3060016736207366,0.6884520390872048
75,6.754104146323986e-05,0.021873095929977344,1.68281896340322e-05,0.009238025503775716,3.9727474210840556e-07,0.03160581845490809,0.115387825060221,6.724329747505274e-06,0.1566760285513636,0.6651277156641674
76,0.09828200424868358,0.0028280962340976766,0.00175697223883847,1.0880980111978907e-07,8.858138342052605e-05,3.190117164860492e-08,3.841616997785365e-05,1.4050693037715337e-09,0.06729195361127424,0.8297138339976656
77,5.081364621480444e-12,8.269322383366009e-05,4.0818805527219165e-08,6.420770896714115e-06,7.642922746676478e-17,0.01170437738952938,3.758193471448912e-06,3.247788980634638e-06,2.4699126602066752e-06,0.988196991896741
78,0.14551981738472408,0.0001099721820187474,0.00026187484024341087,0.0234072599505349,1.5424562200600647e-10,2.158578509781236e-08,1.1255325347143713e-07,0.02271511241911535,0.5458062278847553,0.26217960104532395
79,9.888931877046582e-06,0.006541309234210384,0.909149168563916,0.0005481626717016615,4.205221060770912e-06,4.362505547826746e-05,0.0011571966290701964,0.00792814470292248,0.054025114687643955,0.020593184302119275
80,0.040238739370723135,0.0012479526511938628,6.857318053483367e-05,4.289611651067523e-07,5.352046246378789e-07,6.586840785150256e-09,6.0861680595520306e-06,4.820501995586261e-10,0.15114137685235293,0.8072963005424549
81,0.4110676717013124,0.0008570486965686615,9.680577015523826e-06,0.0008052426824949956,3.50683821054852e-09,6.705642350010059e-09,0.00014738153486276267,1.3239902701087535e-06,0.33250074905248234,0.2546108915525127
82,0.2869114610358674,0.0032337808514121963,3.0771758223543e-06,1.636749327198182e-05,1.0196579388581219e-10,1.072741116307644e-08,0.00013717480388754111,3.026124111717489e-09,0.13241798714940112,0.5772801376348364
83,0.47779914354622627,0.005222192321530964,7.30169505308647e-05,3.166593435924159e-05,4.046883045440658e-06,4.449559864017523e-08,0.0002722747366809594,2.891996043934921e-06,0.19717121545764552,0.31942350767833827
84,2.1305534104762334e-06,0.19848119387990443,0.00022305830672858797,0.5017957830443681,0.06402446103477988,0.0005491271949783955,0.20832267452234635,3.242838900974665e-05,0.00037382438273064755,0.02619531869174351
85,0.0009010027827178798,0.3838457870796713,0.003073537663787271,0.00035961802805308294,0.00011095499956385475,0.009110160427333714,0.5972157576216102,0.0025852235944294932,9.140748578237027e-07,0.0027970437279752737
86,0.018933211732396756,0.0043732553525663055,3.220433478001145e-05,0.0014153280314165204,7.96736715480111e-09,1.9385877011477812e-08,0.00014723758592707342,2.115457528226219e-09,0.07228573626453948,0.9028129972296721
87,7.104316659903008e-06,0.1918291058813018,0.0005681561091188186,0.009997425231251189,8.468725840627026e-11,0.21559409876523797,0.06952838339495315,2.5184263157434305e-05,0.000128168925121016,0.5123223730285115
88,0.5884434295721992,0.0011028650518865092,4.211917481440295e-07,6.885032843083557e-05,4.92686359436799e-11,4.0198477155073876e-08,7.558461793986281e-05,7.222119544344416e-07,0.05883524483606928,0.3514728419420259
89,0.00012974966965341767,0.045058860541849065,0.8433471578725644,0.0009505218928171838,0.0008338203196635888,0.00014266679674165725,0.002539331514993206,0.03231738813639395,0.0359638345921302,0.03871666866319319
90,0.4459545726923239,2.8117922714240303e-05,0.0002849133468985896,0.00386173255511499,1.4262661598936738e-12,6.155364488425479e-07,1.8429390961189947e-06,0.07800477628373982,0.06532478177765394,0.4065386469445832
91,0.017150331584411985,0.0015604860476195945,0.00019218778773790485,3.3853870272185245e-05,1.858932263268359e-05,2.1050541545020746e-08,4.3048963279168384e-05,7.959902031215144e-09,0.14427896846288354,0.8367225049507193
92,2.356736730126604e-06,0.02003546493829478,0.08984406223770659,0.013699201203620483,4.3132995382801315e-08,0.0036072829797080684,0.04815337371106576,2.553632772993451e-05,0.14809870030198036,0.6765339784301684
93,0.06013084248926555,0.048143639537370754,0.01040174527298014,2.1568719838163368e-05,0.026803256128629552,8.89159689961828e-08,0.0002146180020448413,5.908383231425182e-09,0.0038460040048600434,0.8504382310206586
94,0.0005090032462928022,0.40221053362057513,0.07233507540476868,0.10821668892626785,0.013451813706582827,0.0003050657330016675,0.23370999048386346,3.3616444267760123e-06,0.06426052571714286,0.104997941517078
95,0.010517471897985594,0.13379832659158034,0.0002549197955117135,0.004682380110762899,0.00013463294063054728,5.423765182136892e-06,0.010180672132008935,5.2751896262109935e-06,0.1466962417124425,0.6937246558642691
96,0.00016608862853875192,0.02909300122878791,1.8013753164682706e-06,8.926057759622474e-08,7.760919400587271e-14,0.03325395889010902,0.8991987093899126,4.1249426212002805e-06,0.0006475528001636175,0.037634673483895216
97,0.017253698585915873,0.0013192027181140914,4.90798977065342e-06,5.251323879472207e-07,3.4532147165023014e-09,7.968395642659247e-09,2.0436151008686526e-06,2.0312053916600675e-10,0.08929846873672183,0.8921211415972579
98,0.5596594979343708,0.0001514514830580688,9.998827169035302e-07,0.00032633678810380383,6.828134709809698e-14,6.927942605438951e-07,1.124632170380796e-05,0.026543437894058525,0.048468203563541826,0.3648381333381176
99,0.2727143249820589,7.046268133194009e-05,6.6029258647092534e-06,0.007984536410203278,2.719008490605699e-12,1.9164102489695775e-09,3.5787525190357996e-06,0.00014142687412158083,0.37152522502956364,0.3475538404252077
100,0.00737846547975756,0.0033906127590439586,2.977125725192654e-06,7.085627674675659e-05,1.7639446327783533e-10,1.969032749471464e-07,0.00028319656750540204,4.059671293985809e-06,0.24467850319355527,0.7441911318467025
101,0.00011076310569028601,0.0023277817697267954,1.0416952898321865e-08,1.1085306415856084e-08,0.34673668948262487,0.0002438373511614255,0.0018155624962384038,2.980035119768388e-10,0.004003791219130624,0.6447615527751648
102,0.004982919407343294,0.007837869486441097,3.2720368235252833e-06,0.0020407349037601867,1.1474596082700252e-09,5.7437273146116725e-06,9.979207183734061e-05,1.4976056970557435e-06,0.2271586679858699,0.7578695016274535
103,0.17673031763819713,0.0037074914367137596,0.0002742184751459893,3.6030950483191243e-07,2.2044319549992655e-05,2.7401941609825457e-08,8.335121512912691e-05,7.295805299896544e-09,0.10633446581590682,0.7128477160921054
104,0.5000956754098087,0.0006368798356309191,5.048711635403153e-05,0.00140446296701568,1.4464726423772686e-08,6.100725780002339e-08,2.5862468910618492e-05,0.00015571660902380624,0.22573554972371895,0.271895290397553
105,1.5137078464670062e-05,0.019912898681797474,0.919956363871015,6.715168133351821e-06,8.741330818206422e-07,7.26991575915938e-05,0.0010538258319215397,0.005181460527287067,0.03932409694429908,0.014475928606408442
106,0.03669841491922139,0.011032091861172802,0.005309219583183619,7.410912541852156e-06,0.01183721872441131,5.90328745881215e-08,0.00010076593785093678,2.3349639764303297e-08,0.05668263612089814,0.8783321595582055
107,0.25072104959159985,0.0002957053880575157,4.693504761194412e-06,0.0015143393367450023,1.0573764344364731e-10,2.942796433771292e-06,2.2092055285270605e-05,0.009761236954828003,0.10605431882862755,0.631623621437924
108,0.005989858604124904,5.079218413195326e-06,8.46091531474854e-06,0.2995775935597713,6.865624664693875e-15,3.354152990868519e-05,2.344051589504543e-05,0.009803159507778077,0.23571496124081806,0.44884390490796905
109,0.002407021513795983,2.3460039022421236e-05,1.833625482168444e-07,2.2038802174367287e-05,4.032311697174794e-13,0.0002975983782499633,0.0016162235471727754,0.5020999540720095,2.1128831594832978e-05,0.49351239145302866
110,7.581883624882624e-06,0.027661757191496352,0.3872618623837029,0.0003076921164577265,2.9897002061753712e-09,0.001319235923005883,0.002799203679515326,0.0015038392470974223,0.004111696451714917,0.5750271281336844
111,0.0037918562559060226,0.023249775001030495,0.009525542580359711,9.849646598505495e-06,3.488909224531325e-08,0.00013451941506871436,0.00010308484712950735,7.469992932769187e-08,0.03932112730389679,0.9238641353609887
112,1.4113548289681673e-06,0.018924010916150053,8.858566499349863e-05,9.19795706054872e-05,0.6576264203549668,0.0009371218064924436,0.0013040471415046114,6.018936341129833e-08,0.12045567999607996,0.20057068300501477
113,9.275968840442675e-06,0.005105472614961149,1.4629783121619958e-08,0.014320232894692897,1.5202178841524827e-14,0.00025062183692450016,0.0076000005379142505,0.0013838415533399641,1.5052865035354237e-05,0.971315487098493
114,0.004976739085485415,0.015477400804217728,0.07383496976877568,0.05298470592299931,0.0031146788567402253,3.1825951236293226e-05,3.899778180487762e-05,0.004359524128708225,0.30699527869096793,0.5381858790090642
115,0.0004503494530076411,0.01145486429482617,0.00019142351267851862,0.11566732394062117,1.5514715967061242e-07,8.031441137693674e-06,0.0019909538494327123,0.00013966524765647904,0.0576043079219972,0.8124929251914829
116,1.809545088270632e-05,0.005449616871498283,4.042772278500546e-08,0.02198088422811619,2.271842244598052e-14,0.00018706318308446513,0.006838113827514473,0.0020070533150182415,3.5475295928917705e-05,0.9634836574002112
117,2.1648058793416485e-06,0.16722015621086006,0.1318555816993344,0.15644383924019836,0.00021361481229731152,0.0027832322127866126,0.0042174110300129825,0.0003481083292029852,0.19114063871153184,0.34577525294789624
118,0.5294202504784917,0.012818404974872268,0.00017856894462281583,4.3938657679351875e-05,1.23714250565043e-05,6.392083276697376e-08,0.00028239571504866113,2.0206592616682597e-07,0.2824734646308497,0.17477033918662005
119,0.7403842858562092,0.006219671801596337,1.6796955892705035e-07,4.375194731899408e-06,1.745844767726309e-11,1.0868184444420229e-07,0.0005677272593777473,1.6603158782106804e-06,0.03675445774791628,0.21606754515542845
120,3.1238731284324203e-06,0.027807812421132307,3.733018427253487e-05,0.0003109739689307661,0.5431960488030634,0.00039622109398237607,0.00047352688686757986,9.900267260307057e-09,0.0947829471334741,0.3329920057348813
121,0.02592982020819878,0.0013209031074640162,6.047232135537443e-06,1.0054401914716039e-07,7.364323906661023e-09,5.072214397980093e-09,9.832496536136717e-07,4.827635401615737e-11,0.06934626655496588,0.9033958666187484
122,9.409742412273624e-05,4.6181931262325396e-05,9.162454242408515e-09,0.0019061045287942057,1.9296804232398847e-18,6.289409670315137e-05,4.66988149892332e-07,1.4693735094751869e-05,0.00010866541982750855,0.9977668867135912
123,0.16454463379769252,0.015517100293392608,0.002043605811254946,2.3750917573004188e-07,0.000957615868709054,5.269407969884508e-08,0.00017193376794686255,6.7773945886844986e-09,0.035680605793670016,0.781084207686684
124,0.0002601560154695619,7.086714763021874e-05,7.94106207581246e-05,0.0005842152038727071,1.2791032591718494e-13,2.709897987329542e-08,6.517275342439491e-08,3.6596189186760186e-06,0.40163381510409724,0.5973677840173921
125,9.38190224555559e-11,0.00121659369939397,8.66553190166216e-08,0.0009899791538866903,6.964565444971195e-18,0.007091074439726711,5.766190204949004e-07,2.0415095831859616e-05,3.0326031068380165e-09,0.9906812712103992
126,0.36878364091740223,0.0022929266112562702,0.0022955925322941623,0.001225129014260194,9.259025382109567e-06,4.4802302360276915e-07,7.029249048544602e-05,0.00023521308636025495,0.30190483511550453,0.3231826631840312
127,9.782984918147084e-05,0.00127374062940789,0.01068590840667707,0.13150802885367735,1.430512179184302e-08,4.4261187500541706e-05,3.1224821166568153e-07,0.00016901736056009321,0.052439731463043905,0.8037811556966182
128,0.00035979484833873566,0.0004849939955450847,4.7229174111233865e-05,0.00040724846204313094,4.123151126349304e-11,5.139693780930032e-08,1.7533023904623684e-06,8.572883524501278e-07,0.3337399205781636,0.6649581509128859
129,1.2465905367376611e-05,9.160604427800774e-05,5.335017126952515e-06,0.09701831454088887,1.1658803938192628e-15,1.9025958825405878e-05,4.947018166229075e-07,0.000917756645806854,0.0032402611639055813,0.8986947400219831
130,0.13631276525892086,0.01723764585815405,1.8238496855121337e-05,2.6444568751385176e-06,1.951030975052446e-07,4.685095651542181e-07,0.002614027511941272,1.4923336747602585e-07,0.02568608879180446,0.818127776779419
131,1.4977761275270578e-06,0.0021764336725234993,2.3875200649613874e-08,0.011477825840770929,3.120276262921605e-15,0.00036746409717270696,0.002890180270554631,0.0011697233414666112,1.6429869616494301e-06,0.9819152081392186
132,5.4884470145583035e-06,0.028797587960429534,0.6296870361683046,1.0120270603497956e-05,9.423083978208568e-09,0.004047480053303002,0.02611784734648021,0.000983849265712055,0.0037007794513458894,0.30664980161372274
133,0.15924337046969625,6.203924945142877e-05,4.476226881516387e-06,0.009301440940108516,6.050561765250581e-12,1.3208661699274886e-08,7.990744538587678e-06,0.004790003302536381,0.2859430017340918,0.5406476641179832
134,6.874292669706978e-07,0.004700452917619915,3.686860547316287e-09,0.0012374953341690112,5.967344676589158e-12,0.0006755717614044178,0.027891823058257808,0.0014685958761490921,1.9137994082163625e-05,0.9640062319362228
135,4.938154151069373e-06,0.003065533632243054,2.5001812786471363e-08,0.014412226423626556,6.649196055664277e-15,0.00029003720873291923,0.004667936242975173,0.001503282794911054,5.620395522990081e-06,0.9760504001460177
136,4.109077386878789e-05,0.0007508007498510907,0.24106687796893703,0.0043400439337253375,3.4656167155262993e-09,0.00020243050506310437,3.554121627063499e-06,0.014536120171389343,0.003800677082807323,0.7352584012271142
137,4.488354147721422e-06,0.004586972167429384,1.456493041375622e-08,0.013021844589184527,1.1762038924456397e-14,0.0003019565671176304,0.006435106767156115,0.0012388892705524587,7.521157829454327e-06,0.9744032065616405
138,1.0924779205465023e-05,8.708846755137334e-06,0.6132109355487376,1.2926975178694777e-05,5.0241015431299376e-09,1.247033069362809e-06,1.924749567239508e-08,0.00029566647796555584,0.07835220916938421,0.3081073568981067
139,0.003039060656902042,0.010278666312275793,3.219327668265017e-06,9.180110160071022e-07,0.002084951807135635,0.00013573951356286534,0.010079060918288753,4.835488636759439e-08,0.6879200658962322,0.28645826920203193
140,2.9270372152547126e-08,0.006167584115191801,1.3664919734671002e-08,0.004523522101836912,2.2229628881427536e-15,0.0016125427881351437,0.0009511023561559543,0.0009482547961749217,5.4042080201869135e-08,0.985796896865131
141,3.235097761682648e-11,0.0002185628290002536,3.190440090755626e-08,0.00016452799753821317,3.6339971724903595e-18,0.008666406855587458,5.152348017475837e-07,6.873731543146626e-06,2.441553942180502e-08,0.9909430569992379
142,3.0560088179340434e-09,0.017048312663437724,1.7142995615052896e-08,0.00034210544090691514,1.3087630075970564e-16,0.015190145168819537,2.1182014112493764e-05,0.0003409769323158869,2.943820902762035e-10,0.9670572572870207
143,0.10463254051183321,0.0022659648128389226,0.00012785428167373512,0.00010517420976479007,1.25559251933585e-06,7.559042313699347e-08,0.00010308106101132488,1.3835638052267804e-06,0.1208834417556454,0.7718792286204849
144,0.44551883080566396,0.004574805051365443,0.00010846232027527377,1.9730311330126737e-07,2.6318804703731543e-06,1.7961240623927826e-08,4.030893405162485e-05,2.1094113752674586e-09,0.048127067338611704,0.5016276762957962
145,8.434950462404984e-06,0.30785873636798655,0.1047636783700312,0.004543799787331756,0.32852797965593744,0.0005582586948494796,0.25106257760826195,4.524582797107361e-05,0.001334384853854734,0.0012969038833134244
146,0.19611421660336031,0.0030465294290289266,1.6252721840889935e-06,0.00031477193413806094,4.671247208158606e-10,6.801574266439173e-08,0.0005869989142773024,3.3571310901818615e-07,0.027574916484708792,0.772360537166326
147,5.681741783695208e-07,0.06977709048684536,0.0017909348707833047,0.003930337628409568,0.7094699532880713,0.0003068182756886227,0.04622745782041349,1.2505241891975484e-07,0.05213618245553258,0.11636053194765834
148,0.0003783817485844783,0.0016274503653192142,1.3603535453927721e-05,0.0028505193902853897,1.0935418954695966e-10,2.3545395809571291e-07,6.4123851600130165e-06,6.038886963942897e-07,0.31396895318234475,0.6811538399408436
149,4.075516203415715e-09,0.01642701027358451,2.117266495631975e-08,0.00055640625745276,2.595798517984749e-16,0.009535898156809075,4.302864992426926e-05,0.0005293279436514715,5.182599261817733e-10,0.9729083029521365
150,0.4610915617537034,0.0008095436900610592,1.3150922197897476e-06,4.008619456866474e-05,3.3536313677511874e-12,5.621780152465129e-09,7.511025227303653e-05,3.733212943776958e-07,0.2209790419718943,0.3170029620988516
151,0.47571706610537107,0.0026146966801596345,9.707599972404161e-06,0.0002945907822012944,2.9116069437143688e-08,1.5454568020236944e-08,0.0003896909499533854,1.0896511901121229e-07,0.2688527287196034,0.2521213656269823
152,0.3892502248032599,0.0023725798224625504,1.3266411960810196e-05,0.0005439514495289975,4.586945659202177e-09,1.6487671955790617e-08,0.0001384391511341151,5.521555712708919e-08,0.3182140130993359,0.28946744897214305
153,7.625596442621114e-07,0.24983544916640252,0.6482932141611323,7.679128541318371e-06,7.498359270178957e-06,0.003456609080531073,0.03228735095525734,0.0024399658744728796,0.00014062283519486742,0.06353084787955328
154,0.0017319338367743724,0.007153278297157956,0.014520844224856649,0.000985976996690033,4.70584772091806e-11,2.2525656700944226e-05,1.7327084482199955e-05,0.01934149689288303,0.040568687081054884,0.9156579298823415
155,0.02464183143160741,0.0002424122036595588,0.00021029079364615386,0.0041421105314616985,5.787770420885269e-09,2.7387037231716125e-07,7.1610250254080405e-06,3.020825454257161e-05,0.19793912849147546,0.772786577610439
156,3.847611642203387e-05,0.03135377854896379,3.8989968608600325e-09,0.0030237074983631295,1.955395183431617e-13,0.0005362852148785905,0.1965940070840894,0.0031221311511073465,7.271699474672405e-06,0.7653243387875087
157,0.0017809661623479247,0.06173775470252217,0.0008151778955542267,2.854474049153072e-08,7.454758261058804e-09,1.3363259313742426e-05,5.646204951068711e-06,1.4569178048147861e-08,0.03565654164311371,0.8999904995635204
158,3.0590156294432787e-06,0.0814353978833238,0.0005992667038449246,4.587285560898765e-05,4.729598632811908e-13,0.0006600434234964636,0.005140979338485121,1.272092713264312e-05,0.07327684537150692,0.8388258144804989
159,0.030453040585579825,1.2605417348352513e-05,0.004094395489666876,0.00570856963339396,3.8010384216753964e-11,5.120623024901673e-07,8.129723904446449e-07,0.006893052606049444,0.8124843609366585,0.1403526502585996
160,0.0001265191900665516,0.008818286060089785,0.6314617931414372,8.322920764831484e-06,2.9357078060802177e-09,2.608945572097336e-05,7.863207016062933e-07,0.00048558386027733265,0.03590278385125202,0.3231698322639819
161,0.47855543709669623,0.0004456330130365378,0.0003018256491856279,0.00039492787198570114,1.392149671153676e-08,5.048902578103416e-07,2.9436669028672408e-05,0.027151514465414934,0.1503989162635581,0.3427217901593396
162,0.0035904361367550823,0.004231468354595791,1.4763598325725457e-06,3.3068439749318644e-08,0.6285496300489658,5.140291562550434e-05,0.0015252777762122108,5.498951800617277e-09,0.03573158358199051,0.326318686258631
163,0.4031727882944926,0.01696867864822245,0.007538279047167024,2.7102415773266777e-05,0.0018144864666559725,1.256565425436045e-07,0.00040160137453854126,1.0164888149535524e-06,0.14775227130873184,0.4223236502990608
164,2.6747276217643676e-07,0.0015130768058610258,1.4271778311693868e-08,0.002585768487224573,1.3225118539198795e-15,0.2377382518706403,0.00026151229533511307,1.2832611957183319e-05,3.611195708098541e-10,0.7578882758233205
165,2.1222079796879318e-08,0.002502368927304327,2.0261480725440408e-08,0.006424794258396792,1.3671725227744753e-15,0.0012916210565210914,0.0007102906246654339,0.000794168793462612,4.714675059471748e-08,0.9882766677093373
166,5.152279026685719e-06,4.541861400623249e-05,4.982723143194733e-09,3.147399730939927e-06,5.346632600482487e-13,0.0616632312043968,0.0018846814299756968,0.036106270147981845,6.188699465731417e-13,0.9002920939410051
167,0.1109645198436755,0.016565702025212584,0.003155732053049416,1.5912934333089228e-06,0.0012098303012389768,1.530462037634151e-07,0.00047642576610067725,4.5268522160262134e-08,0.018719917177871307,0.8489060832246923
168,0.028446859878674017,0.0034462296420195077,5.691844555085857e-07,6.313130448673216e-06,1.4918127173173784e-09,1.862145329461826e-07,9.204237229443115e-05,1.6623599333530824e-07,0.05687621895102179,0.9111314128987471
169,0.028635529018999732,0.0020629217366840316,0.0004490918988006516,3.662442094350668e-06,1.888853182881e-05,6.351217195348838e-09,1.3708461190099492e-05,2.6209493148634007e-09,0.14274303898244237,0.8260731499557935
170,0.028281402256986953,0.0019727518282157946,4.542583574442853e-06,5.443544818055895e-07,4.0549493154281775e-09,1.1685108728368009e-08,5.856327631361501e-06,6.254415103512732e-10,0.10222794789585138,0.8675069383877586
171,4.153828714145667e-05,0.003319350641986527,0.7214122172258195,0.008389041414787152,8.811862229702683e-05,0.00016281349257696507,0.0003303036616152013,0.0014455124700428663,0.2134230970068304,0.05138800717690288
172,0.00020372888412994552,0.00019166641533146055,0.00013500024027955434,0.00036105282107954924,5.940722045677115e-12,8.728734364162074e-09,3.2243321739908395e-07,4.66708159670158e-07,0.4443122280419236,0.5547955257212036
173,0.030965727990037172,6.2437733603804e-05,0.018514747252597264,0.03179455709189574,2.957797167175646e-09,3.502383267448305e-08,6.982490894958386e-07,0.06353409421313382,0.3959059922306625,0.4592217072573503
174,0.010341129141264322,0.24083615950236123,0.0008847054198303881,0.0026213313908690365,0.012033393167065526,9.757613094264376e-06,0.005819098098112465,1.1814076922504625e-06,0.15200996351156906,0.5754432807481414
175,4.035355816944423e-05,0.0037051523270548873,3.133075404935282e-06,3.631355646693199e-05,2.4821647768523365e-06,0.0037457245753791594,0.9809397419052492,0.00030929623720006534,0.0008257780422498188,0.010392024558048734
176,0.06991727387063233,0.012600370280429663,0.0018310841657475866,0.009165045443296979,1.9506367544271415e-05,1.0680213671157107e-06,0.0009959166443504028,0.0003617042302797693,0.1930223087686842,0.7120857222076676
177,7.275344775011863e-06,0.33258130901689836,0.0010859338488523336,0.15170824393153995,7.146005423388525e-09,0.0026102641862343462,0.008579611624131466,0.000492490036566567,0.01323363174638307,0.4897012331186134
178,5.364230394750172e-09,0.0026119096880893814,1.5132137365128938e-08,0.0010842074597701503,4.870400786893178e-17,0.00549563174430422,1.2054650541458478e-05,0.0002700024299427949,3.720781255233632e-10,0.990526173158906
179,0.431853855432891,0.004877412805292705,5.283018631116899e-05,1.7705279948623715e-05,9.370795086912673e-07,1.7023562643052325e-07,0.0011799147720898675,4.948275835911164e-06,0.01859435440881179,0.5434178715236838
180,5.82191631788292e-06,0.0027559245622743233,2.2177452584958094e-08,0.01406099902804527,5.264337074247602e-15,0.0002832737737122808,0.004378252801173378,0.0015202646149003551,5.427833928163921e-06,0.9769900132921906
181,0.07649520902493552,0.0010749578592517048,9.56233544560361e-05,5.64938054234344e-06,4.787561179323857e-09,2.0736458872749855e-08,5.695377345313412e-06,9.362808825213668e-08,0.13008847584710687,0.792234270004254
182,2.610157526018169e-06,0.00017455590840645285,1.986519791258032e-05,0.5560943308039858,1.7295598943849235e-13,0.00016309187914306575,1.127883908717151e-05,0.01087324820188326,0.07565875379502254,0.3570022652168602
183,0.014224183114762052,0.00218454300479844,0.006899964656284505,0.1423348469901558,9.499021599004095e-07,8.800695994690634e-06,2.993570599236814e-06,0.03313146447019575,0.4990350625944257,0.30217719100062396
