,proba_0,proba_1,proba_2,proba_3,proba_4,proba_5,proba_6,proba_7,proba_8,proba_9
0,0.19307570030262822,0.0051269204907641985,2.0233071869684294e-07,5.272015174822676e-07,1.1268942439471153e-07,1.3173598318128121e-06,0.00010347886473576673,1.6886607015347582e-11,0.38906633613707603,0.41262540460641683
1,0.272095355219242,0.004926806271800317,1.1295745203819026e-07,3.173066552017155e-06,1.1062561129433385e-05,4.877795285929664e-07,0.00011262009518636357,1.2787957207225343e-12,0.1780250753553025,0.5448253066925279
2,0.007572495226243011,1.4966035515640516e-06,0.004995014515517729,2.0605177877004952e-07,3.765007931745502e-15,1.5274847145566234e-05,1.2861693188231603e-08,1.6703565730327489e-06,0.7421142583424599,0.24529957119503343
3,0.76328377932577,0.005228641209701885,2.020855729927553e-09,0.00022335296055257028,1.9463062243874064e-11,6.414520766966592e-07,0.00016363713565027991,2.873893721988126e-05,0.16551765078273187,0.06555355615597806
4,0.3269376069159206,1.1500670010930294e-08,0.0006074451412547646,3.2366484596141605e-08,2.5473101054887494e-16,3.889183414673076e-06,1.3806578932805686e-07,0.007424421400593684,0.5719374870913101,0.09308896833456183
5,1.2353689294782408e-06,0.10216052982906226,0.02333706882768538,0.09939162980033014,0.46135883918464105,0.00010912325084509644,5.238417998209401e-06,5.982022924084043e-14,0.027798007883735938,0.28583832743671267
6,0.640860306671121,0.020023908324953474,2.3980261953960558e-08,2.0517284782645633e-07,2.299902066978779e-09,1.0360000430374733e-06,0.00031710005237558934,9.076066405182652e-10,0.09169037637649255,0.2471070402143957
7,0.002416941012982302,7.383433740314389e-05,4.045635676563256e-07,0.011660705519441133,1.1089309694360561e-10,1.594264408065657e-05,0.0003493400372018319,6.686324720759792e-09,0.004305299233154226,0.9811775258549512
8,6.903721865290274e-10,0.0027941041084049334,1.1139960675541899e-10,0.021311931241274326,1.818598200330404e-18,0.008294135877317723,1.3595494043123372e-06,0.0003190623545949943,7.1577006934001625e-09,0.9672793989095313
9,0.017054964046830743,0.018124733215594952,1.6796142263275045e-08,0.4530280986394366,2.510435229835674e-09,3.664293356203796e-06,4.069967149049275e-07,1.4945520231484995e-08,0.009350823716729456,0.5024372748392394
10,3.449868529634633e-05,2.3966043249163105e-05,0.00119139857199712,1.2289244176427313e-09,5.391814980842784e-12,9.227873662515725e-05,0.18123783199687116,8.85047002946148e-13,0.023856531209073915,0.7935634935216858
11,0.02222162313447814,0.011495697298860961,1.6454670698181352e-05,0.20722176042109877,1.6790643310984212e-08,1.4063255192627445e-05,0.00026189124982058457,1.4041731383473085e-12,0.0022668456282633645,0.7565016475495399
12,0.37832511012264686,0.00020999437363789942,1.961700747766201e-10,7.906504641224772e-06,4.758995026199103e-12,1.9378311316796858e-06,5.352228397021657e-05,6.500893510757192e-10,0.10189928016320596,0.5195022478697477
13,0.008116082764180249,0.0017664539661963131,1.3502711561406175e-13,4.9775634400615e-10,0.007081548682387275,0.0003671550695851299,0.0002022595252603747,3.417048941014104e-14,0.5504688563583314,0.43199764313613365
14,0.38070548949668587,0.0005514842218652745,5.807718012610501e-14,9.605527504742762e-10,4.592049839454897e-16,2.198441688919297e-06,2.4443897113090987e-05,2.015729920725634e-12,0.08180723341241115,0.5369091495676087
15,0.009992251784832961,2.085756506017658e-05,2.6642467985277193e-06,0.0008373370596153186,6.641165132611989e-12,0.17958056154722962,0.7082300047527793,0.009840849672809304,4.1425239660990574e-05,0.09145404812457263
16,0.02034531458866117,1.9837527962257744e-05,1.7235899051012454e-06,0.0019446583837643139,7.806580754306849e-13,2.3880133052978936e-06,6.051269039759768e-06,0.7122352522345529,0.2193543921846634,0.046090382207365194
17,9.670483610633587e-05,0.0008961700053016765,1.7589162573000204e-10,8.228448669281629e-07,0.6653913011537684,1.3677392789361191e-05,2.9482624700073067e-06,1.9622081962133486e-17,0.07021772235545355,0.26338065297335195
18,0.31994514410458735,0.005007612461102981,2.784837624649384e-06,0.0012436610364691457,2.4170418089515727e-05,1.2719981746178263e-06,0.00018460460978847443,1.4823773155220363e-06,0.25792868599166324,0.4156605821651846
19,0.0003052226566855679,0.00011500675954105167,8.567521549692729e-14,3.9580108434799173e-10,0.9188640683305308,0.0025240242952342274,0.010645801247932766,2.9150303865376055e-14,0.0036837126896668904,0.06386216362449262
20,0.00011516634527673841,1.1640184328377672e-05,0.001191606066393657,7.320224510900856e-06,5.179547669946931e-13,6.5181451744974e-08,8.789024420345185e-06,0.8421841095765961,0.09573665509685243,0.06074464829965188
21,0.006773068620703254,0.0012260656127610022,1.0824349835334308e-06,7.642412627425442e-06,6.7995996885405205e-09,1.417462606349229e-05,0.00021487279829480272,7.1878607425831e-16,3.3835472547400655e-05,0.9917292512224187
22,8.1356468794762e-05,0.07791145097449771,1.017170916737314e-06,0.14892494374328089,2.977046293107295e-11,2.385723077404582e-06,3.4054964844998544e-08,3.462908022366359e-11,0.019837934958168123,0.7532408768419
23,9.747146543102378e-05,0.00031451623644313453,1.1471085105278818e-09,1.2979546406428483e-06,0.8793647744459453,0.00038532028447701896,4.2762998566198724e-07,3.5462959682068284e-17,0.011193062788966026,0.10864312804700267
24,1.4660397788479878e-05,0.01905059539252887,0.10676503068745812,0.0001490239053510495,5.687081403481211e-05,7.947881751143837e-05,0.042099796073033165,7.54934279120869e-11,0.0031464952827445934,0.828638048554056
25,0.0425737866278842,0.00010184433954514407,3.459939805106313e-05,2.243408195531219e-05,6.183771623354502e-14,3.112534038402391e-05,7.987612312560168e-06,4.8909111123817156e-08,0.40556705371894913,0.5516611199717456
26,0.03979004653235556,1.547694846408191e-05,8.990265250018127e-08,0.0036908210878518056,2.664559870568856e-14,2.3456626597058958e-07,7.683150175351788e-08,0.17529957388558956,0.3048636028391518,0.47634007740614037
27,0.10095013335446529,3.8694153913543487e-07,3.2369073983929614e-07,2.009733224454795e-08,6.671024285132235e-18,1.8219551245409831e-06,1.2449516638792865e-07,0.03949597660191733,0.7089708541549307,0.15058035870878467
28,3.549138463461545e-06,3.6630774326424906e-05,4.68224822134664e-10,0.0006340679416711323,5.131395166225911e-19,0.0003742816885554048,0.002633055985874372,0.008083376246154808,1.2983939728838988e-07,0.9882349079173322
29,4.433105236274486e-05,0.007858802908653414,1.2532485277544364e-07,0.3054298915570601,3.5644397589472996e-14,1.875437216159374e-05,2.9731565113616488e-08,1.3113921965000007e-06,1.7383701149154527e-05,0.6866293699599629
30,1.6172073275786423e-05,0.0843564815311454,1.1047070712840588e-06,0.0008727901779856869,0.8544172472196926,0.00017942900774138348,0.03167927312202253,5.757894032204803e-10,0.0005798870052499976,0.027897614580026025
31,1.440872615399884e-05,0.1967545014071433,0.008555372708195678,0.5832326313726202,5.505762860625986e-05,7.169260393868798e-05,2.7455732528252155e-06,3.785924194708189e-13,0.023257420699542612,0.18805616928016777
32,0.0038216352276900976,0.0047761825752883885,9.618740218290378e-11,0.26146482002126864,8.723854736792752e-17,1.6139156744339695e-06,0.47876547737030234,3.132584548151292e-05,0.00040494034999100987,0.25073400459811607
33,0.00040313531707125363,1.0434364715238455e-05,4.763584876973281e-12,7.95132532994559e-08,4.498352073540768e-13,5.956797651533989e-06,4.636010836214307e-06,8.984524783078406e-11,0.11067026838319893,0.8889054895182148
34,0.019095412191215667,0.000174798285748991,3.979235882583006e-12,0.009016432151818988,4.433562019958584e-21,0.00012417614428773103,7.527742969137296e-06,4.5513218492978285e-06,0.0026044969995991916,0.9689726051585317
35,0.5195659536712744,0.004662496135289395,3.703829181227187e-08,6.153266746286905e-06,5.551630224647006e-08,3.5551131665014283e-07,0.0006021921565288749,5.7154812231072985e-11,0.11278475887019723,0.3623779977768983
36,0.05596455049204918,0.0002387313192685073,9.826450161647683e-09,0.0001402089334505472,3.10466400776145e-11,6.808569397958119e-07,2.4392506819900615e-05,1.1950756826090776e-05,0.5716972756791131,0.3719221995980361
37,0.00018930845370729784,2.4421967334879975e-05,0.00012459082522621665,1.7537389056995292e-07,2.851242603410285e-14,2.3016060142780323e-06,5.593125722990116e-07,1.851615854366229e-08,0.39341119460155755,0.6062474293435098
38,5.746086063342547e-05,1.419304891068881e-05,3.33928423749312e-06,5.820617658017434e-08,7.756176980460526e-15,2.7651715315721195e-06,1.188371924228985e-06,3.510544367705702e-08,0.29778379783720443,0.7021371621139302
39,0.030272704529342463,0.00029434478139538024,2.6716515849304625e-09,3.083480077693829e-08,9.36278595721167e-10,1.5524579691854418e-06,1.7668421452906893e-05,5.821706412899878e-16,0.15224237177662928,0.8171713235904793
40,1.652434009361435e-05,0.3823258031950627,0.05554008292794053,0.08282144796665007,0.05059266485430632,9.070447615154417e-05,0.3748380280219628,9.048477918582668e-07,0.01118627855821678,0.04258756081182374
41,0.0013317551233714077,1.0601899354042843e-05,5.780128995960915e-06,9.04505394645037e-08,1.8967749658031023e-16,1.6906855720138075e-08,8.68677063435487e-07,0.7536107694791149,0.17305501053922426,0.07198510679548058
42,0.0022428840627553926,0.019599612827262716,0.0017247138065741403,0.21031673251587849,0.11479381728663159,1.035318734620381e-06,1.8148922879265734e-06,1.8281486288197416e-12,0.00018683131209010364,0.6511325579759569
43,2.1550059600685044e-07,0.004168049735958854,8.050845783144829e-06,0.0028380615321609032,1.6048580307180367e-11,1.0270626180215645e-05,4.733616819838422e-05,2.0500405207170702e-10,2.6287589516991033e-07,0.9929277524941748
44,0.016162795007287185,6.382862590073945e-05,5.203803836175986e-10,3.916077928053826e-07,1.8871004774919763e-12,4.791877501541288e-06,1.3424164583623716e-05,1.5364501104266314e-13,0.16467639774872667,0.8190783704457864
45,0.0334097424813563,0.00043657512406695785,9.715027003967861e-09,0.36483143043666766,1.535443761791138e-12,6.836476926926301e-07,4.041508495490147e-06,0.002419176147710182,0.09381436869653773,0.5050839722409105
46,0.000147905251832165,1.541722539153797e-05,9.054325468117233e-06,1.850485146976248e-07,7.036208178251573e-18,3.0924598764967244e-06,1.1238974033391458e-06,0.0001327955927259853,0.5154065850909173,0.4842838411078704
47,0.4997758904046888,0.005086320093049632,2.0450238786067203e-08,2.652516140567608e-07,6.964561364102707e-09,1.1696916474360819e-06,0.0001755995852881813,1.0504469832634953e-11,0.11468750270271626,0.380273224845691
48,0.0006638870323532588,4.044299962765352e-05,0.00010722666127893991,5.993972715962665e-07,1.322351830080039e-14,7.929003380390374e-06,4.650861077292521e-06,1.4590467106660209e-08,0.3546308336087823,0.6445444158457483
49,1.529304592038026e-05,0.007409998362370847,2.2315771019042507e-06,0.0014107288471331087,7.114517892648954e-09,0.001893909612849979,0.905087337056095,0.000291070786438184,1.2999057641960915e-07,0.08388929360699632
50,0.00030149541280756345,0.0869060988055714,0.0004952315520490055,0.050185290151616435,0.5806011677685633,1.6169573015807639e-06,3.840030330601686e-05,2.0424487287421083e-12,0.00020471943538653131,0.2812659796113557
51,0.07348280457802277,4.463758220145872e-05,7.734251803106782e-10,1.648900881512924e-06,1.2594261850720288e-11,4.104793698111222e-06,3.0441360116994752e-05,3.713938409109198e-12,0.14908960517919953,0.7773467568161462
52,0.014192819886749874,0.0005375061281032201,4.972944640359062e-07,0.0011080464453831732,1.8567773943346467e-07,6.94865777106782e-08,5.5756942022146e-06,5.022785257207281e-05,0.13162026118429446,0.8524848103499139
53,0.03846343483109955,0.00045123153711072907,2.3011380602458185e-09,5.410294120308478e-06,6.179147181633267e-10,1.272969274901499e-05,0.0012426437312060624,3.8779946293288326e-13,0.18673269222367894,0.7730918547705947
54,0.17451887586391676,0.008496307399101228,2.277267427152291e-06,0.0930214171792264,2.590516656589021e-10,2.1689804093523996e-05,0.00013145106653981753,4.06916764048944e-11,0.0029934571545032662,0.7208145239654485
55,0.18510645104253845,0.001471598732023111,1.2774679672085644e-07,0.00160280220581301,1.9105993221547116e-10,2.283068963917539e-06,1.0576362601700712e-05,2.3947019485735756e-06,0.02087037293553915,0.7909333930127155
56,0.0031908267732987648,3.9827071261917574e-05,6.057534050868732e-10,3.397977949782189e-06,1.5102060662894927e-12,6.109499339986669e-06,9.00141041743046e-06,1.4695746337170603e-10,0.07931329297785714,0.9174375435356539
57,4.7684602386419554e-05,1.686564189602603e-06,0.00027522916627970934,6.850958643330917e-09,1.2630161854754278e-15,4.685364442001823e-06,1.0075729601900458e-07,2.775808598765888e-08,0.4403567394665967,0.5593138394697638
58,0.5273229788045463,0.0002234440188959734,1.648164135237383e-10,1.1762471462497148e-06,1.3675444505735593e-12,1.17406613852037e-06,1.8113202765010136e-05,1.434773931338505e-10,0.07801158778970535,0.3944215255611412
59,0.00025292504113070494,0.24033752243428788,0.00015898347281637076,0.0009778946006490828,0.5695046965565533,6.423698790609036e-06,0.00011235340339810599,1.212761216959468e-13,0.004581754680941551,0.18406744611131104
60,0.00017394584532432302,0.00023678599816133545,4.6853515429058505e-11,0.16706427009234712,8.89996256587615e-14,0.018432123867699254,4.579604149853364e-05,1.2654154749270638e-06,6.744288760284877e-15,0.8140458126925453
61,0.0002799626265228542,0.013727930714700463,0.006394677208466405,0.28921110245413406,0.2208981777035505,5.876438945210134e-06,3.128676081029254e-06,4.192394082785244e-13,0.0007019294384844754,0.4687772147386957
62,0.08578647188162021,0.0016327517629796946,7.745716934860307e-09,8.971072797964201e-08,9.875555856678105e-09,7.565808005374864e-07,3.272551130708906e-05,1.1153637094161648e-15,0.11004110594872837,0.8025060809825622
63,0.010556892065995124,0.0027694264590889476,2.5465421110167992e-11,0.20641802139126594,5.860462931122323e-17,5.540364494963285e-07,0.2968947918991203,2.1413765384402338e-05,0.0040117957186960864,0.47932710463853423
64,3.4095518946042627e-09,0.0006282872539859169,0.8153521019074934,0.0002028820404236899,0.00012618668716271556,5.269254643171026e-06,0.060136013539673495,7.339463326455699e-09,0.0036311105745408774,0.11991813799306146
65,0.0006309453169525647,7.760512123640711e-08,0.003882323897214076,5.180952333746e-10,4.051922380161722e-16,7.614383554097994e-05,1.211903930593449e-09,7.89076195314581e-07,0.7890026509902166,0.2064070675487596
66,3.297052564872214e-07,0.38608484550190014,0.33356953823332874,0.029377958534485667,0.10079324814222014,1.5815068550496006e-05,0.07731348752870051,1.4532663085906634e-07,0.00041845566261493523,0.07242617629631207
67,0.013652488130972371,2.0699769406955058e-05,6.175362507888301e-08,0.0007546978099031825,4.379044399032267e-11,7.175366834730641e-06,0.00011229416974012006,1.793934260964351e-10,0.04277439981211434,0.9426781829642193
68,0.03280342323423538,0.10813213550159849,7.862276869555358e-08,0.05294806117818416,6.094325874073053e-10,0.000130038164977109,0.00060638592475549,1.0699402718316157e-07,0.006105184808297664,0.7992745849617232
69,0.1688869675946041,2.8478140986803464e-05,0.00019600655702790948,0.035827065781100655,3.5906142209263484e-16,1.2854191554098129e-05,5.6976876409000315e-06,0.008242702045113001,0.08228276532896837,0.7045174626730037
70,0.016623095277962463,0.002500260833631572,3.737525335927793e-05,0.008457554960568547,0.00023814591394482349,3.0982564474116243e-06,0.000401885108850503,2.7583027166713338e-06,0.4367561942001406,0.5349796318923783
71,0.3498583618511089,0.0001012577308992056,3.855224476689453e-10,0.0021178816502808668,4.59902306328554e-15,2.3072498966102796e-07,1.5756822151786513e-06,0.014765707825498735,0.33167541616339385,0.30147956798608655
72,1.1628697650282233e-05,0.0699246052488651,0.023372242904658173,0.006472867333226853,0.6388678223168628,3.936961485528274e-05,0.25804180187327364,2.3450647250902252e-08,0.00011825150186373974,0.0031513870580969854
73,7.957985550169801e-05,0.0845274926213102,0.13437876679227936,0.5124059905743354,5.296409369548494e-06,2.3505758453885153e-06,7.170733192132426e-07,2.843951645343954e-06,0.020644830918214355,0.24795213122817933
74,0.0005811255510888587,0.00014388629243928242,5.2810250188041465e-05,2.0225682334534923e-06,9.826975572150679e-15,1.3795237864975842e-05,2.505463772097514e-05,2.243443768341945e-08,0.36666464937056903,0.6325166336574478
75,3.129318514937986e-06,0.05799554987573256,2.0444219481346803e-05,0.011843969411177446,1.213467723036494e-08,0.09561214531442475,2.154445330320299e-05,3.444143852091887e-09,0.001190199810040158,0.8333130020185044
76,0.20192013674047254,0.0034259218690112967,9.664096129298601e-08,7.087674210273394e-08,1.4255144587316692e-07,6.795750436388575e-07,0.00014446361836272276,1.2308537844166002e-13,0.10410244684616529,0.6904060412816722
77,2.5932229448556008e-09,0.0002321520475290128,4.3209022153804887e-11,0.00024179693504475537,2.3727240085279137e-19,0.010808165497591183,6.0459055982058085e-05,7.65995619970385e-05,1.7267836187229565e-05,0.9885635564292368
78,0.015394032814287752,0.00016295267305942954,6.172990934547996e-10,0.5244723172806308,3.1325151918004036e-14,1.1912862451334336e-07,7.420766085958024e-08,0.0016149839522881348,0.08828743263469217,0.3700680866914259
79,7.996927560154337e-10,0.0003091223513730111,0.958242428413488,0.0003812416391707121,8.950898431691933e-07,0.00015470108026447723,0.0010097844487427243,0.0012921762137416486,0.00977733442930278,0.028832315534380783
80,0.02499734693680618,0.00015067300202283384,2.2039980918043756e-09,3.4540054902748393e-07,6.392773920484364e-11,1.902050470053434e-06,1.8731359885632255e-05,4.003569139141652e-15,0.11239091734599933,0.862440081636337
81,0.4287113903464687,0.00018431904857925432,1.8159183103991768e-06,3.632567854837639e-07,5.6790213472675814e-14,4.020180491196195e-06,2.8059921683857874e-05,3.757792848617098e-06,0.19476602352351527,0.3763002500112604
82,0.39654718939892014,0.00037427364440232057,1.5445539535531742e-14,2.0723386351317357e-09,4.594818010261001e-17,2.5121929456128334e-06,7.901211485391091e-05,2.953163447052171e-10,0.08908748842801367,0.5139095218531938
83,0.681581960137246,0.007552377519374494,4.587184815792597e-09,2.50037313970772e-06,1.7749370706748822e-10,7.218047675576442e-07,7.443170515037724e-05,7.373514930080944e-09,0.042485378703258136,0.26830261761887025
84,1.026491743964296e-07,0.09743738330737989,0.1354042823499294,0.27941468772719535,0.2857731723210212,0.00015038300250702443,0.012407331278852778,7.143440425527313e-07,1.1488156195040457e-06,0.18941079420427787
85,2.6473601654234225e-07,0.1161438874337961,0.0022430231467479305,0.0017258509076714262,2.0585102965162206e-07,0.0010944561897399013,0.8251733590017826,0.05124867021877692,1.622679818798625e-07,0.0023701202464569133
86,0.09044706969352313,0.012006022626835765,1.983340300325433e-09,8.818240493175047e-07,1.139290904727947e-13,2.6132013583960627e-06,3.478674025862787e-08,9.968620958209955e-14,0.0007846997152037393,0.8967586761687355
87,2.1891541989581376e-10,0.6861191397786878,2.1651226816230794e-06,0.0006100645902668643,6.629847220114629e-13,0.027511070720272774,0.24819636423571023,0.007779872772918741,1.7273970169241603e-06,0.029779595162866605
88,0.3941808718334528,0.00011884663110687885,1.6911066721624955e-13,8.59938059695934e-07,3.317063306921171e-15,8.324706838529992e-07,5.983473665067417e-06,9.999081946158796e-08,0.027982784810885484,0.5777097208511544
89,5.881001025055895e-08,0.021455109350118476,0.9167345536661086,9.10112657217276e-06,0.00510333857163131,7.372081554448983e-06,6.159244899780086e-05,0.00015121170789798925,0.009153596773487788,0.04732406546362131
90,0.3202650281099703,5.123837049736e-05,1.9959597343226847e-06,0.0236107008341396,4.98860827095183e-16,2.7484288655119226e-05,1.5509436358644944e-05,0.022627878659141114,0.21582545662587913,0.4175747077156238
91,0.34163538234528673,0.007607168381526779,3.572168073879834e-08,2.091256213193869e-06,3.790077428583122e-09,6.227794326408246e-07,3.150560562896891e-05,1.2025786752203364e-12,0.11931449536291458,0.5314086947560362
92,7.135770721610433e-09,0.0166313974742989,0.0009659647115245495,7.991506958986375e-06,9.959435667471094e-06,0.0033525447825231906,0.5912252338275719,0.00022933712023742413,0.027972911409480158,0.35960465259596675
93,0.004619530995996727,0.026521086898773718,0.0017831911672027084,0.005843572355757773,0.00591225510180104,1.3060098067558088e-06,4.062723767629041e-07,2.1728961570012117e-13,0.0022521581334465518,0.9530664930646207
94,6.727005561314407e-06,0.43070019031717793,0.0008637358865275092,0.013598854181500194,0.0832924655726729,1.9305305997837917e-05,0.0017219684212525976,1.0065633120173874e-09,0.006399354527233766,0.46339739777551253
95,0.09325249288855217,0.09608232369854,6.387586842668664e-07,0.0010757716322369853,2.91119071998145e-06,1.6984916482477656e-05,0.00420781086613224,3.4234650221506643e-09,0.1675649551100684,0.6377961075151184
96,4.194632647623114e-07,0.02615563082869313,1.3657841998097864e-09,1.4846251631055228e-12,1.0428178873749497e-17,0.000632620124670683,0.7082246790307382,0.00026582987671360143,0.0002248239423346985,0.2644959953663163
97,0.0018119203709672795,1.6818835195105245e-05,3.2554709934036803e-11,1.055745201941452e-07,1.090286125953188e-12,4.990298959151877e-06,1.723885517514097e-05,9.033446372159518e-13,0.13083212191212412,0.8673168041185108
98,0.36880035850954457,1.1235190611326842e-05,8.044402297976839e-10,0.026474827295990995,1.9602413582760735e-18,1.8875109163056487e-07,1.4970390138783917e-07,0.006843714813666381,0.018704728444009965,0.5791647964867436
99,0.5293813272174952,2.012557757290604e-06,1.3809180310927259e-05,1.9394441243447156e-05,1.0648327657139814e-16,1.878862510309448e-06,1.645146259487752e-07,3.355122239797727e-05,0.2190028747593867,0.25154498724427227
100,0.0067394424472462045,0.00043540802091317,4.6759784356874075e-06,1.1578381303783864e-05,4.2688676168458455e-14,3.770263137109182e-05,0.00011743406562125875,9.78055798831481e-09,0.15746150829485397,0.8351922403996541
101,0.006045270987843649,0.00020064345225847296,1.2244492509322336e-15,4.916424942691411e-12,0.2261888677137409,0.001678695902087357,0.02770615830858946,1.267872320375232e-16,0.004698466152268763,0.7334818974782936
102,0.0003825772055814821,0.00013761701103400068,6.97357311711938e-07,0.003364579338597126,7.665487978681195e-14,1.7492713560477508e-06,1.1054252171442982e-07,2.999140446112566e-08,0.15177939289826725,0.8443332463838495
103,0.14981004821613977,0.0007671351073393878,2.252755586378008e-08,4.2651253560235044e-07,2.1041584738120684e-09,1.2982313187857931e-06,9.588402620727408e-05,1.1388675681322053e-12,0.21251181822767293,0.636813365045933
104,0.32567442054964085,0.00039567213812573813,9.893229762345547e-09,2.2112874101143708e-05,4.9215495554718275e-12,2.872087579975427e-07,1.3663914534619095e-06,5.842618324255429e-06,0.10005736885853754,0.5738429194629078
105,3.838338710177293e-10,0.00029706831147907273,0.9598428499830028,5.954816638410764e-05,1.1772382702985103e-07,0.0004829437301738439,0.0005641045963988268,7.23274464213496e-05,0.01105429964819323,0.02762674001028584
106,0.05951472073775224,0.00819296986791441,9.370455897475634e-06,0.0001508412701283116,0.0011429144558076263,4.643794393178043e-07,0.0002814359725903647,1.070666831663044e-12,0.017524548863840996,0.9131827339955586
107,0.15203351689593123,2.6368059880549645e-05,3.99368128062962e-09,0.00010161959203353192,3.143336521372888e-13,1.0939298327085314e-07,8.659882760343118e-08,0.0035984661702828454,0.1019588215774414,0.742281007718624
108,0.00035389476788964895,3.540745253359553e-07,3.226564276246337e-07,0.037402288320787895,8.15582909413337e-18,6.054427365014383e-06,1.4288388219510014e-07,0.0009404881097771253,0.039217730066275144,0.92207872469307
109,0.8859514722967612,2.3572342447926125e-07,6.287244104427251e-10,9.255783706758482e-07,5.373929413498716e-18,0.0015190642995766637,0.007861344334863248,0.0025955047211915477,0.00017668988473996405,0.10189476253234794
110,1.7118552745565476e-08,0.06771379593627078,0.019092255693877475,0.0025936678199953845,6.510564690574843e-09,0.0002785626903673756,0.004279123856657178,0.00016644473982284824,0.019594984315881536,0.88628114131801
111,0.00015694492178853342,1.7339709986892202e-05,0.0037071279885558463,2.857952106544917e-10,3.222266077533608e-11,0.0026100632764091635,0.3379548653178233,8.944861797760484e-10,0.02699854786611969,0.6285551097068125
112,6.598568696340022e-07,0.0018617336807426972,1.7594648603548377e-07,2.9535423010708006e-05,0.7812654132170644,4.512208533829537e-05,8.089212660013582e-05,1.7316353407672864e-14,0.16569077961358677,0.05102568805028406
113,0.0022604045547438135,2.5188794700432786e-05,6.439347759369212e-10,0.0008601361225336788,2.961215851275395e-19,0.000587643468841551,0.00040713775843187873,0.007087499070864397,1.1221607239970496e-06,0.9887708674252255
114,0.0006946946893858003,0.0008837201209550015,0.021567967316449135,0.001624093315255497,0.0002842688778362963,2.8654652551779746e-07,4.788890950548515e-07,8.601124011603837e-05,0.40352621238917097,0.5713322666152107
115,0.0792723493206726,0.010727901351320016,1.942345904034178e-08,0.00013062955797724402,1.161426290239002e-09,1.2534731468890276e-05,1.877186819531173e-05,5.386892412258622e-07,0.37933575105912515,0.5305015028371143
116,0.01412292308009951,8.247944958755636e-06,9.037343097270455e-09,0.00033701967182832277,4.932596593179905e-19,0.002482405256330215,5.9262301460531366e-05,0.005915525130704762,5.766749374776876e-06,0.9770688408279
117,6.460716101028653e-09,0.2995597887184576,0.2961435985858538,0.03297471652782835,0.00010534907234080553,0.00020363242295203153,2.4514011149628038e-05,6.2535385279292214e-06,7.10974953195581e-05,0.3709110431668542
118,0.685818406488437,0.004890420005075724,5.687027600238239e-09,1.5313639550604974e-05,2.2813681415853176e-09,6.501318803536797e-07,0.00018552326095840166,1.4467753890603374e-08,0.21611821473308804,0.09297144930486032
119,0.6827706059969021,0.0033218380108938988,1.0488924937654116e-13,8.088333701141492e-06,5.3644066534547635e-17,3.450536396401663e-07,1.1350251080117306e-05,1.9361146662638967e-07,0.004747647676174714,0.3091399310660369
120,1.8058595400019784e-06,0.00104251788437568,1.7952848556566096e-08,1.484403404507504e-06,0.71707409923709,2.206484072262465e-05,7.029913411727382e-05,2.96040420830925e-15,0.13195538777333146,0.1498323229145669
121,0.006405196013009022,7.927810441552672e-05,9.456858013440878e-11,1.3746257103687868e-08,1.5491655654780461e-12,1.968430340438833e-06,1.175611482263815e-05,9.917589957242518e-16,0.10555636335966348,0.8879454241353729
122,0.0003111598193058193,0.0001044616596057456,1.4801042286496165e-13,0.004742705929773745,7.9377602700958205e-22,0.0001171548570598712,1.7496041055237976e-07,3.648258650183693e-07,5.300282158717444e-05,0.994670975126244
123,0.18785125761846547,0.009322254520979172,3.806145940210136e-08,8.433123493267325e-06,6.001278068420873e-06,7.789664331153112e-07,0.00039154100475221595,7.648621386073407e-13,0.07658725228348565,0.7258324431420986
124,0.0006327273129581208,1.2934484596587535e-09,0.0014699758511931176,1.842932731678824e-10,2.116493168757094e-17,0.00019418591569698906,3.7774392647609335e-10,3.602249547193625e-06,0.6778409135378524,0.3198585932772665
125,1.6594510697282868e-09,0.0015440754136204504,5.0023970665701615e-11,0.011311143175029624,9.004727745062438e-19,0.008211383662471405,2.8451953413735037e-06,0.000152283389851184,3.335578134488548e-08,0.9787782340984297
126,0.5234708451261004,0.002194640127271531,5.009990961169228e-06,0.00043542766502465725,2.9552849796829657e-09,2.5460758046710594e-07,2.3187089973625965e-05,3.697359305675407e-05,0.2581862815691976,0.2156473772755489
127,0.00010251894320509092,0.002111302011008291,2.1624888850106038e-05,0.0850839206634235,2.907884728719369e-10,1.847487090019597e-08,1.1729557634086198e-10,8.455510551355635e-07,0.029392692026394357,0.8832870770331085
128,0.0001410056224529142,1.8553182349165915e-05,4.77001947992671e-06,6.742690987943867e-08,2.3605009997249295e-14,3.7932828380620638e-06,1.2730603315950213e-06,3.038006784863516e-09,0.2664297453330775,0.7334007890345307
129,3.925587433962907e-05,0.00040385672180610346,9.883624641159931e-10,0.46562468243635,6.281679964527105e-16,0.00011126479415288413,3.101572972958136e-07,5.7010756622078357e-05,0.0006977107317925813,0.5330659075392763
130,0.026630131441876526,0.0001478767836993491,2.2841602648497405e-09,0.0001606702219146478,2.978506100910587e-11,4.844943471851409e-05,0.006329561987254364,2.4381093257427836e-10,0.018071447164363125,0.9486118604084173
131,0.00022481058838283617,1.4919856008053414e-05,3.873542652179134e-10,0.0013895074575443382,2.7562893570861334e-19,0.0016796102502869737,9.370378032745606e-05,0.003086290291711304,1.285144201860144e-07,0.9935110288739647
132,3.573256204436797e-09,0.017640110604479554,0.13251211200650423,0.0033532492146431205,2.4174604077701287e-09,0.0001822879906539633,0.015140149841128105,0.00011505287401535442,0.013813284755640929,0.8172437467222182
133,0.28252369479321043,7.517663323481068e-07,2.650055856901969e-09,8.36775659129127e-05,7.526351366380702e-17,1.1174735417519942e-07,3.66487453209776e-07,0.010866820832405576,0.5526638766927523,0.1538606974645232
134,0.0006475996264948763,0.004778639214466856,1.1979183579417509e-10,0.04134737375965514,3.1406969707382445e-16,1.0505720644061345e-05,0.000167914324606695,2.512006717391274e-07,1.1742354841990177e-06,0.9530465417981844
135,0.0010658097050671297,1.2091081936867534e-05,1.002217756174999e-09,0.0008971100408276411,3.0018084842453657e-19,0.0017188850178804663,9.675821094713052e-05,0.004033446694405453,3.182020244523803e-07,0.9921755800446931
136,1.1914221617514834e-06,1.7191332432362045e-07,0.7634255934240705,2.132197806356774e-05,8.217398526943345e-11,1.2058222745378023e-06,2.0220975217899432e-10,0.00019142836125177795,0.003978833005343809,0.23238025378912594
137,0.0009341967139081275,2.9993900164871576e-05,4.613801814459461e-10,0.0009731658429215107,3.035161393662641e-19,0.0006574213112070457,0.00045810070554054685,0.006298154956748807,6.206933771039997e-07,0.9906483454147518
138,4.2417437687838384e-08,1.243888805173276e-08,0.6569626507179036,8.561335300988574e-12,9.592969210591528e-13,3.0494537582570513e-07,4.5488619866920065e-10,1.4738184824046369e-05,0.05744659206726498,0.285575658763899
139,0.007048811562051747,0.01075588070320684,6.623647101778252e-12,6.275491506722301e-09,0.0010557366285617487,0.0005204983812039243,0.0016922861115812704,2.279015616276075e-12,0.8316145330941082,0.1473122472348921
140,1.988073931358456e-06,0.00027546315786704755,2.8583233923375228e-11,0.002815962202942805,4.0283923649014074e-19,0.0006869698334002467,0.0014511716876029256,0.003853114183537313,4.0784329556666346e-08,0.9909152900478055
141,4.955962884342963e-09,0.0004277434950444427,7.532598572548063e-12,0.0008806270770775775,1.8703364865237316e-19,0.010983037258350512,4.6111339498996625e-06,3.763258577835624e-05,9.896473028596653e-07,0.9876653538390008
142,2.5985296007039216e-09,0.0033395348139192145,2.843763114826621e-12,0.0010473268112001879,3.195805523190195e-19,0.0028232759290776816,0.00023533955290682833,0.0016356291005003008,1.6190090141990839e-09,0.9909188895720135
143,0.039950484493280716,0.00026451283436206593,1.9415811682824973e-07,4.984223986473315e-05,1.8552348965904472e-10,2.762506845016233e-06,7.770520675281473e-06,1.465544327868324e-10,0.29176486123694145,0.667959571677836
144,0.6345028182446392,0.0020048153840923543,5.121593619690827e-10,1.381239952259263e-07,7.862923651170079e-10,2.713689719000765e-06,0.00021576622609994933,5.080463251328213e-13,0.057566931138864394,0.30570681589363
145,1.3359186930203509e-07,0.5610369791604546,0.006823385394863367,0.00011282345510464291,0.40174915942757583,3.217107068973895e-05,0.023748306023707408,2.4155487859307302e-09,0.00013659370511298808,0.00636044575507322
146,0.547137359671963,0.0015355871192292384,1.303371279243006e-12,7.263822062427697e-07,3.234304222422062e-14,5.356406465322643e-07,1.1248524002423437e-05,6.7837819253018325e-09,0.015240360250789226,0.4360741756260457
147,7.010352434351499e-08,0.002284148818319666,0.001143223677619629,0.0023050778228026823,0.5747994241977079,6.502363044114391e-05,5.4533222354785925e-05,5.538265953934635e-13,0.40221756971610556,0.01713092881057037
148,0.00015785972540076503,1.1381208654804895e-05,1.374382697758281e-05,4.133753175267276e-06,3.5417027641819183e-14,1.8902458549316564e-06,3.8627507081844474e-07,6.016594014844082e-09,0.2515522287954712,0.7482583701527653
149,7.108315102196562e-09,0.002266678603436736,4.654436418040385e-12,0.001134059204553827,3.427962626241786e-19,0.0022392030696628032,0.00043979528435666055,0.002292424994966934,3.029262762636071e-09,0.9916278287007907
150,0.5274029847645663,3.332025361025204e-06,1.2322203606217452e-09,5.3610810383363276e-08,9.244827017060227e-19,6.482302334458469e-07,1.4387363840603523e-05,2.837753910630319e-06,0.3577664740835413,0.11480928093551596
151,0.373949407901536,0.0002929590416098541,4.0029407747438194e-10,2.567858572623571e-07,1.9480643540696051e-13,4.352298994347504e-06,6.102595897578488e-05,2.6830433157455793e-08,0.26189898890521107,0.36379298187689363
152,0.06520898876773938,0.00012990457955086332,4.610488253982446e-10,1.666488039174049e-07,3.2095107204774597e-13,2.574832249532458e-06,2.3961341703758557e-05,4.609138920438865e-06,0.3143371985997748,0.6202925956298876
153,2.3093399157130967e-10,0.018847348351055726,0.7308464192287778,0.0019472390521617503,6.648195308600803e-09,1.1588492439012112e-05,0.021347090063880553,9.75196522863859e-06,4.758809180927528e-05,0.22694296787551804
154,1.2152537698275683e-05,0.0001396883939369131,0.07823718020822894,0.00012188707160354362,1.8761546888328674e-13,1.2075576263974445e-06,2.5451347240897256e-07,0.25435249133250687,0.035920623381787524,0.6312145150029516
155,0.006592083111945116,4.067747328084222e-06,2.3607154680701657e-08,0.00019531515281176232,6.743502189109623e-13,4.480845618547716e-06,1.2319499019574971e-06,2.7125313308529313e-08,0.21851110155462394,0.7746916689046283
156,0.0008531436193057451,0.0059586025065125475,6.592501984366071e-14,0.04913699294395756,1.4769191040401592e-18,1.6070910778961324e-05,0.041290844023695886,0.0018233706039631598,6.497414304258536e-09,0.9009209688943058
157,1.7129250414364264e-05,9.68234771845262e-06,0.0018169367246675065,9.567157593908844e-10,8.812809702406874e-12,0.00012333542809651703,0.1265856501202159,4.736354529935727e-13,0.02348033850072391,0.8479669266621611
158,1.4096868695822253e-07,1.4360380137476653e-05,1.193067570232929e-07,1.1047893646809602e-06,5.380330771707861e-17,0.0013697122985817673,0.6126681953213089,8.349008307459786e-06,0.007731041948934137,0.37820697597792147
159,0.1298408904376377,1.7443753811739046e-07,0.00011170161107286712,1.6461202269502927e-08,8.041682320551255e-18,1.7486302863704267e-07,2.7421391180132594e-08,0.02841305690159107,0.6607863997723665,0.18084755809417177
160,4.820516114285258e-10,0.00020277626913115098,0.8024144833125552,1.120644484482239e-06,9.466185462470913e-09,3.50014150271688e-08,5.784397389004112e-09,0.0018150958826053064,0.006382983643716328,0.18918348951345806
161,0.12526413450582616,3.456231610024475e-05,4.051404651812449e-06,0.0008608755687968357,3.3056997126046417e-10,2.6601262954389906e-07,2.2934832595629472e-05,0.3308037740473044,0.26533685764986187,0.27767254333166363
162,0.0004437229007482566,0.0006505690582496817,3.48387486667545e-12,2.937488776894043e-08,0.8496920304031411,0.0004649960091331579,0.006817883529959525,4.3972458257575487e-14,0.03803393945697654,0.10389682926337611
163,0.5834151916335782,0.046565498386742656,2.5818050762326916e-06,0.0002897813973356645,8.918720621178369e-06,7.041851269830428e-07,0.002165007870574194,3.2492805993763285e-09,0.18245025508644064,0.18510205766522367
164,1.5973478834670554e-11,0.00041087979667448073,2.9225074273032487e-13,0.0020275161385596274,8.403255012178013e-18,0.29725790369132304,6.254475771253111e-05,4.634698363362007e-05,2.7066740499197643e-11,0.7001948085887643
165,2.6766651205395107e-06,9.744211618953687e-05,9.619577574386292e-11,0.0018071903890324052,3.733054424498606e-19,0.0017857822768801363,0.00030732292612832535,0.002827356140607988,2.5262217147239623e-08,0.9931722041276282
166,0.005432103719653645,5.888605123744727e-07,5.196340152867578e-13,1.3973791388673669e-05,2.001307777696473e-16,0.041540754730872854,0.01993043352652914,3.0465949195836654e-08,8.485797011725294e-14,0.9330821149044893
167,0.019718671937268013,0.00015556057478622869,1.6785236883195845e-05,0.0006896059612453669,2.4758193624815934e-05,0.05183209200845842,2.8432774342028566e-05,6.574359758954188e-14,0.015710311376245064,0.9118237819370811
168,0.010245301588814362,0.00023771152674353444,9.17068847852953e-09,2.8751942784054035e-05,1.5140461023277985e-12,7.424021035562377e-05,0.00021271795775609152,3.0651484238201786e-10,0.01922274477712622,0.9699785225177028
169,0.17659462952846863,0.003067275570358541,1.578972400931067e-08,1.1345786988604086e-06,1.8964916433985036e-09,5.096737713222871e-07,1.3474990695497479e-05,2.9196964478592535e-14,0.1188145579563162,0.7015084000154461
170,0.0029340721614792807,3.0334937321668345e-05,7.195373337908e-11,1.7116421276528356e-07,9.63167251483674e-13,5.641795698480158e-06,2.7435432508950635e-05,1.5557980523678877e-12,0.17852243164185871,0.8184799127924475
171,2.919195348844797e-07,0.02398638257652073,0.7986792739993017,0.0007758618856638958,1.4621634239353595e-05,1.9767833559330632e-07,7.583389911128431e-06,3.876145035939696e-05,0.07151811742217465,0.1049789080439586
172,2.9089036072040407e-05,7.741889385759929e-06,1.0151804058323955e-07,2.168060276777756e-08,4.047820731876757e-15,1.8093537402245117e-06,8.165906540788751e-07,5.353593406636954e-08,0.22155845463982088,0.7784019117557455
173,0.039942693039215486,0.0017026574423814355,1.7856911508040244e-07,0.07975018132466002,5.420748980681751e-12,1.1569790566919022e-06,3.5638900721244465e-08,0.0030739220376234735,0.3907055856731098,0.48482358929051655
174,0.03336017191123887,0.3873684681448519,9.976157288341012e-07,0.0002456986343215911,0.00021069669181940904,1.8897794516402944e-05,0.00041421585006815145,6.4015779755941894e-12,0.28938359527061236,0.2889972580804411
175,4.8815155402637955e-06,0.2845514549397771,8.213060290682422e-08,0.0004082373208413572,2.1993707032635338e-10,0.6910599698246306,0.0005062352831304773,1.190036645475746e-09,6.028875523302053e-07,0.023468534687951285
176,0.07779621207320353,0.0016421725673252186,3.6002885870423833e-06,0.0029909655869050067,8.727269861619732e-07,4.816824792550326e-06,0.0003712679224773572,9.966071737923902e-05,0.4343747399849078,0.48271569130743597
177,1.2795056453380822e-06,0.028670849629798163,6.711199932039027e-05,0.08048413067350663,2.6785113516202296e-12,0.000959904605509245,2.1392570434541034e-06,2.2835548670384986e-09,0.0023588015063579523,0.8874557805365854
178,1.5313811536267405e-08,0.0004118600289630666,3.5853650227738805e-12,0.0017048642466066164,2.188575099605593e-19,0.0025801779840729346,7.897248524595151e-05,0.0008709830218703201,1.5777145832477105e-09,0.9943531253381296
179,0.15025002584496155,0.0014444215976185022,1.2797170760816574e-08,0.00218708160510655,4.807960501648024e-09,2.756989315285054e-05,0.0011865005316433782,1.371348706888561e-08,0.012854273613843606,0.8320500955950553
180,0.00104440915360839,1.122104584180907e-05,7.163261140361772e-10,0.0011578434060229524,2.6304383794037314e-19,0.001513454916174479,8.559779308394154e-05,0.003678372335293361,2.797655310791698e-07,0.9925088208681179
181,0.004730839998130329,4.8890418232177834e-05,3.217280055350189e-10,1.0707787720752182e-05,1.1507075773245087e-12,5.486734409980932e-06,1.259636626255945e-05,3.35343199937885e-10,0.06541100916260635,0.9297804688744159
182,1.0040407807314294e-05,0.0003865961434985177,6.659077016062385e-08,0.5767464101105464,1.5619411237596242e-15,1.0930704495256587e-06,1.9257316028672e-08,6.868481452494635e-05,0.009167847174161917,0.4136192424309236
