,proba_0,proba_1,proba_2,proba_3,proba_4,proba_5,proba_6,proba_7,proba_8,proba_9
0,0.3495284681195013,0.006492688696593792,0.001527655637569328,0.00056777180029893,0.0012213781987186973,1.3601621044666473e-06,1.5186056319190878e-07,5.94886516013379e-07,0.060272034995819845,0.5803878956423144
1,0.047503302623633295,0.029777201618294682,0.004231061220687941,0.001184569039969921,0.0027559179451550737,1.0191246186828789e-06,2.5815433010977546e-08,4.465680728906004e-07,0.018564568966702798,0.8959818870774318
2,0.011391062432677417,1.9684178900060667e-12,0.0005845716112264623,3.372736253380405e-06,1.43727476643666e-07,0.00023451534335976103,5.132309336805622e-05,2.8760849639315877e-06,0.4168277244744393,0.5709044104942665
3,0.5410417109098036,0.00013615007099122654,0.000401593716491199,0.0007717547205345637,9.761050799236018e-05,1.7388838838667666e-06,2.5073975268518666e-06,0.0012874148108689542,0.23167123226971847,0.22458828671218897
4,0.08423125513682667,1.5127824001326933e-10,3.733201010322253e-05,5.595563141029786e-06,2.8239516831004743e-09,0.004087446987023139,8.199136792236474e-05,0.003626684133475456,0.25822208815302766,0.6497076036732505
5,0.00028207271659638484,0.09879838022584746,0.02070753862089603,0.02195329871904863,0.30958595935180455,1.8235359336891183e-06,1.1531896140818331e-05,4.217908280391416e-09,0.003975252842140867,0.5446841378736833
6,0.5746150310136299,0.006380941154728882,0.0011321522454149375,0.00010715131062703373,0.00039525338998926514,5.987843405612373e-07,8.695862055094131e-08,5.771467207275573e-06,0.04577159403618452,0.37159141963925707
7,0.4800291139860917,1.0146774419092948e-07,0.0015446775373401725,1.863448153533977e-07,5.84787155304957e-08,0.00011316874491778637,1.0978177111292728e-06,2.8807883292333553e-05,0.04772817640043874,0.47055461133893284
8,0.0012283275399143727,0.0010479592081447256,3.952798633158136e-13,0.008536136933511303,7.339794670283323e-13,0.012385765560003236,0.008581572508779951,6.091464217822001e-18,0.0002492708556708424,0.9679709673928463
9,0.0025888998134578067,0.02154593959849532,0.009062616236074994,0.25704957439460674,3.0169619316253227e-06,2.27746497889904e-05,4.566662601915108e-05,8.528705091116721e-07,0.154832710019303,0.5548479488298133
10,0.007281483075604318,1.1138558709039226e-09,0.09019044932071764,1.3316474510322107e-05,1.7703662365248024e-05,8.710586468697938e-05,3.90926187690232e-06,1.8838883619596665e-07,0.21610351844327017,0.6863023243942763
11,0.12517754931295863,0.00020600363058354357,0.001866456311085523,0.0038704992465408484,0.02389637893683645,2.0526256936493118e-05,4.407438195369906e-07,1.858878498965837e-05,0.03803490064068363,0.8069086561355656
12,0.31667997621418326,4.918176671497983e-07,0.0006187699466445158,0.000798586366788382,0.00040256481227901,2.0259413770489877e-05,3.6150431544746317e-06,1.0231338014770117e-05,0.25555377376195865,0.4259117312855393
13,0.01125075681734158,0.031068081270092748,0.0005750088520890099,0.0019136349171353449,0.3603774635462542,7.626318599976859e-07,0.002328254968574443,1.6210044972780218e-08,0.3020969813973261,0.29038903938928146
14,0.18527386632498324,3.403557870537777e-07,0.0011850959060641499,3.0426044123265365e-06,1.2710754408836072e-07,0.0007881449378618516,1.3279570788589208e-06,8.996614025145204e-06,0.02718421176382218,0.7855548464284211
15,0.005246443931005622,5.36977454732939e-07,1.0511638330289419e-05,0.0024925762272102856,0.0006389249181482366,0.3570147274292764,0.0037249896599437383,0.6089232603946724,0.0008688639457403917,0.021079164878218024
16,0.28922165194476385,5.762478836327464e-06,0.0013094439217259527,2.4624421636848872e-05,1.1267942857475442e-07,0.0007760315735832599,1.0422128440307046e-05,0.3891025153914044,0.06670652321937298,0.25284291224080757
17,0.0001663447919976401,0.007212200463477202,0.0012335860501685614,0.013458885436780968,0.4949861605885215,2.881242628034813e-06,5.723968962531242e-06,3.689238293817739e-09,0.0023170796638190667,0.4806171341044062
18,0.15707135867144553,0.14764115093600416,0.012027940472747292,0.004659049241213151,0.0027622396243871723,9.270614408589855e-06,0.00011863658533978003,0.00047159793701439937,0.1732944519023661,0.5019443040150738
19,0.0008138946391978605,0.00011688467129569813,6.318199174284514e-05,0.0008067376286608773,0.8068460179304119,5.713316743041642e-05,0.028505663620830762,2.5566632118512752e-08,0.033754586451855084,0.1290358743319426
20,0.005254946889691942,5.168802341094208e-06,0.0005932797297989037,7.787624709862678e-05,3.674254575238021e-12,0.0023431582657475183,2.7579731146296036e-08,0.6045774912553449,0.2581323943993931,0.12901565682717864
21,0.07095176665454238,6.821586050668701e-06,0.002127217367343765,0.0008209338326076233,0.00400236624358381,4.657018899609256e-05,4.345659117353472e-07,2.3662867431636853e-06,0.04422285031747075,0.8778186729567499
22,6.204906002799778e-05,0.06752305515245413,0.11314590244295948,0.11722329207242478,2.0374882185613764e-06,4.813621679507908e-05,8.535645029344214e-05,4.9374141510037665e-06,0.06082248180719068,0.6410827518954849
23,4.814078407489698e-05,0.0026152812717660234,0.009763811336506733,0.046950001174867105,0.39954989982781697,0.00017331732520572222,3.9281157002356224e-05,1.7698565056262157e-07,0.0013865099793710155,0.5394735801577386
24,0.033696850798428685,0.0018493082872755458,0.5572232009977215,1.0409887889141272e-05,1.512377353752811e-05,3.4804850936687806e-05,1.5889241012074694e-05,2.521182866060889e-05,0.0028357241957685008,0.4042934761387698
25,0.038834006199353746,6.19643972137161e-10,0.009186046444537558,1.551273823617942e-05,1.1245915241315544e-05,0.00014052639440964703,1.9229656346835038e-05,1.0489101244004277e-05,0.274186679348665,0.6775962635823217
26,0.23394978999946886,1.6166310546857065e-06,0.0002953689859939923,8.126794791660871e-05,6.6352373549231556e-09,0.00018969582188647512,2.0591224689342646e-05,0.028260967891835936,0.20001088782224108,0.5371898070396757
27,0.33988583889379187,9.529530432144594e-11,3.8328502274204334e-05,9.147985257609321e-07,3.052711740537544e-11,0.000594823686355389,6.64973979993562e-07,0.010105572239689017,0.49141866305947635,0.1579551937200851
28,0.0005935093884847472,8.070608136601145e-09,5.7940833555251775e-08,3.86707706158862e-05,3.6906197992915076e-08,0.016605865476304917,1.0489949286651245e-05,3.4066874216308044e-09,8.529232234661242e-05,0.9826660657686341
29,0.0034595196829693997,1.6756117802112684e-07,1.3025450005676567e-07,0.18777573254767987,1.6997845852529395e-07,0.010169221793882131,0.0031863446963460496,2.3285814705775135e-09,0.002375414907501175,0.7930332962489033
30,0.00016207587827313198,0.006948610054076057,2.597109434379307e-05,0.017457659716165416,0.26829334391661314,0.00014085789893874813,0.6522781180634535,1.0465073283754232e-08,0.015488579167902791,0.03920477374516031
31,1.8969556680535635e-06,0.0671567095011233,0.037172792094644844,0.5204410780720988,9.159252382015194e-05,2.5258090343448188e-05,4.969814097408719e-05,1.7297946418711335e-08,0.05917781685446741,0.3158831404689134
32,1.9853295283574236e-06,0.008736925329722334,5.615080516330515e-07,0.07893197532987176,8.560705514804101e-05,0.0023486973410948016,0.8882309048159673,2.555482829750698e-10,0.00043059633297240794,0.02123274670209513
33,0.0024466939118306537,2.2410429659059384e-09,0.003391542453944412,0.00033874610878232317,8.463564674720458e-05,0.00040823867990656557,5.225912500729577e-06,1.6128323715042968e-07,0.12969376905001506,0.863630984711993
34,0.001107216869001859,4.8101361812477195e-05,2.267759800025458e-09,0.14173824478047853,5.7413285977366686e-11,0.012336448627363833,4.754660530991998e-06,1.8016722028366875e-08,0.0038738715981938444,0.8408913417607232
35,0.05364433326381455,0.000301446667785212,0.0005979172556207775,0.0352000499127769,0.011036910380409748,5.0281164679845e-05,6.063138973286111e-07,6.515310055160741e-06,0.03015208236772083,0.8690098573632398
36,0.08250939178830556,3.352944398951379e-05,0.0014882536508202375,0.0012586078191317495,1.4181709616737358e-06,0.00027734263494455156,1.946669369155047e-05,0.0011996435461360084,0.14438121671140705,0.7688311295406121
37,0.0027613900650818673,3.916846961358931e-12,0.0034488975129102132,1.0470024807661472e-05,2.392836146938249e-06,0.00038569279899333756,1.0431319466240978e-05,4.395776340503693e-07,0.27692379252715976,0.7164564933338831
38,0.0037320166229357957,1.0791861424130223e-11,0.007773095821291228,1.51858982943256e-05,1.6828048211087282e-05,0.00022812853758455374,1.4612466323942751e-05,5.610189122450201e-07,0.3613939945412767,0.6268255770343782
39,0.010936938247159179,2.8492551904635584e-05,0.001673639462939503,0.002945323816582718,0.001118928162063498,4.7163529414187364e-05,1.8031222670797952e-07,8.421637332032909e-08,0.022007188660964,0.9612420610403722
40,0.0033132721472704674,0.3441384584868887,0.00038202307321722715,0.010833522788434061,0.007936126350683753,2.444314397701772e-06,0.11550972422693807,1.6135385868985476e-08,0.44833452500451576,0.06954988747226848
41,0.03543338337024552,6.193719606707744e-06,0.009683073186483022,1.057585029828049e-05,6.470794136124916e-12,0.00024279117289946088,4.0191740515829674e-10,0.5602957736144891,0.05718510907862298,0.3371430995989667
42,0.07840239290800939,0.010119043664477998,0.0024922873091670432,0.00011258866049466887,0.005525685911338178,2.1603257556431125e-07,1.5779307803696906e-08,9.231872442426677e-08,0.021590217245573504,0.8817574601703314
43,0.00018644045589596525,2.2581211156929974e-05,0.0015625440841307632,0.8638672655079656,6.875931292867387e-05,0.008894286281725219,0.008981234306281822,9.907113926987696e-09,0.00016988421165125195,0.11624699472114984
44,0.00853645366495605,6.355269764399288e-07,0.005305402060319138,0.0021004853137860918,0.0005907333163185437,0.0001538029846817962,6.130306612019806e-06,5.247381573015414e-07,0.1102019835897505,0.8731038484984421
45,0.26964386717008004,0.00037307553992642773,9.496302935878922e-06,0.17755290360852466,2.1738817724041245e-06,7.69265317928794e-05,0.00018594202986814724,0.0011049134301451963,0.24766118930673356,0.3033895121982209
46,0.002412296378539089,1.6482016937040555e-11,0.0003285906902659115,5.257201182105211e-05,2.6962514829496276e-11,0.009939671628492887,1.0207791673329791e-05,3.4910199629900967e-06,0.49990821134118535,0.48734495909461484
47,0.5046735536496804,0.0018623473901849073,0.0025426870507682256,0.0001543064879839236,0.00044555379590201233,2.1933141875931223e-06,1.3710531311042428e-07,1.0857010724491008e-06,0.05790952905498344,0.43240860644992396
48,0.02422686794877672,9.869692974249766e-11,0.008404794663829191,1.3930186637840039e-05,3.220789183804666e-05,0.00012233036756261097,8.730366913103115e-06,2.039979329199399e-06,0.27416273951974285,0.6930263589766734
49,3.0618443309598655e-06,1.1327064582798422e-06,6.568219182560442e-09,0.005163407332127081,3.0350411314417356e-05,0.02570736296119704,0.6285900615162577,1.3750268667020672e-08,0.010768355280424647,0.329736247629402
50,0.003873158683570359,0.022511887265499846,0.0004974458476926051,0.0011417541055110103,0.29652659245909435,1.2531397158481113e-06,2.797524269821178e-05,1.1252386564067197e-09,0.02028238312203664,0.6551375490089425
51,0.11442087350224787,4.639652723975276e-07,0.0020419100737247755,0.00035981946202077184,0.0002702101604197941,4.541310256241266e-05,1.1933451097878585e-06,1.8332137745284364e-06,0.12467444234882233,0.7581838408260453
52,0.010242802432115745,0.030621002182144537,0.001344790281312789,0.11977755100673726,0.00012784265745025063,0.00010800126871296515,0.0007402362875316668,0.0167276175755556,0.23582686083494878,0.5844832954734903
53,0.029362102321879413,0.00022805107694028024,0.029298566870108626,0.0004426279451624939,0.006664027508817502,1.6888942433429014e-05,2.099386743444171e-05,1.0202301060559561e-07,0.1116201096874307,0.8223465297567826
54,0.48111346637276925,7.686516023675325e-06,0.001973654205481039,4.93335553472585e-05,0.0008047161382301567,1.2854543618213549e-06,4.7027587094358994e-07,1.077414663032052e-05,0.11627835572263359,0.3997602576126518
55,0.4312132206138835,9.896235485254532e-09,0.00037576074778999664,7.945741547728702e-06,2.2896535959525024e-05,5.1489180108575767e-05,1.0114933355334401e-05,0.0005623707379332897,0.15894747469506504,0.40880871691812154
56,0.013159145824001404,9.123596182847964e-10,0.002542742724087504,7.39269040627941e-05,2.07137938956138e-05,0.0002491940647608662,2.977641046761356e-06,7.457373177282134e-07,0.1728726187219073,0.8110779336765604
57,0.0028003674022144378,1.4338452269315248e-12,0.0034988208335728723,1.2569562418133078e-05,1.4944964543637143e-05,0.00021146170563754606,9.707186054132179e-06,2.52390765968963e-07,0.37862155459568503,0.6148303213576745
58,0.3209340916911886,5.303047488556664e-07,0.0010497069096236623,0.0006928803097942919,0.00012401509675386517,5.562605068343016e-05,4.274293150816892e-06,1.2407272120203856e-05,0.15823240677071626,0.51889406130122
59,0.020127823576392517,0.14288873506920435,0.0074645719429571105,0.0003644785491694704,0.44982885105872034,5.983648969059188e-07,6.869392270964582e-05,2.8067488411388804e-08,0.027436983345669363,0.3518192361027918
60,8.036413163463142e-08,7.757006403229946e-11,4.5419187084698354e-10,0.0026346171677204544,0.0001998385550385549,0.018812543320732344,0.0026111819835090513,1.074958840012183e-09,0.0005400028721135363,0.9752017341300336
61,0.09666106951008184,0.02632824875575485,0.0009446147391756083,0.0009303619018669109,0.027995029612096916,4.56850168339717e-07,4.445329789300435e-09,3.2427826769503723e-07,0.00618271342608092,0.8409571764811771
62,0.015291583454383055,0.00022839212032274187,0.0009368068122014145,0.004194311481440881,0.003743993722836109,1.779714519674886e-05,5.02745884758211e-08,5.0345593801307864e-08,0.011709330575028794,0.963877684068408
63,1.0517444681464344e-05,0.003885711877020289,2.633800719345786e-06,0.06790465393159707,0.00022785644545712976,0.0014499828786928052,0.8984776129921589,3.2533372847420655e-10,0.001216296181001795,0.02682473412333737
64,0.0017758925603334208,3.6952434541265067e-05,0.7817307234541386,2.1582399929722216e-06,5.008537134172563e-07,8.750484495309993e-06,3.6393849842864784e-05,7.229860762090449e-08,0.004227909467478202,0.21218064635685627
65,0.0011393783961477326,5.772316238421607e-13,0.03437187645664085,4.107939176488934e-06,8.546294868596274e-07,0.00035012809131776114,3.862505787243605e-05,1.4620725984350873e-07,0.5591422251057575,0.4049526581157634
66,2.2637628790455817e-05,0.32306198268515873,0.1342251648008957,0.0007584645561487437,0.022902636379569494,7.478429860367191e-07,0.4313795450398719,4.530317374024543e-09,0.0207705167393656,0.06687829979689598
67,0.04093123295907834,1.7247384475502934e-05,0.0016040896426616723,0.0014313681590094034,2.747653732806175e-05,0.0005206903173927034,8.438235631729194e-06,0.0003103308996511118,0.07278970015134233,0.8823594257134292
68,0.5384914570760867,0.09137780189983623,0.0017786183028070852,0.01770117431712608,0.024110838551729137,1.0659631338682008e-05,0.0022731991599259085,1.6148648413037304e-07,0.06018564769036102,0.2640704418843052
69,0.42979570201989414,8.702911526858469e-06,1.254560187015978e-07,0.00667855152249145,2.0320967875765572e-08,0.00039390994201803157,2.3572376492690028e-05,0.0011371484432261627,0.010106281156435042,0.5518559858509289
70,0.010127751489283833,0.05078804701359375,0.00046856101105969205,0.02057817642124221,0.00018946713110681157,1.2974908151549224e-05,0.002130709000820741,0.00015656435838763135,0.7210525924362643,0.19449515623008942
71,0.43635423565356124,7.683361090451409e-07,8.953796175983186e-05,0.0006556571553189371,1.9315829402983744e-06,1.310707133667946e-05,3.969750782419981e-06,0.029375415086384016,0.29454612850821243,0.2389592488935952
72,1.7887293679771758e-05,0.08403548323749926,0.00428322466969467,0.0015453258144293637,0.633796515956336,3.96438408513065e-06,0.162050169078693,2.554368601879229e-08,0.0025066510778034997,0.11176075294409327
73,8.751203893899184e-05,0.02520867191041648,0.022709266104320513,0.5200732485904765,0.000728096050337162,1.914368001425968e-05,0.00018034213708010118,9.348874752085795e-06,0.1889847226119277,0.24199964800173626
74,0.006981037817363792,2.475216387576963e-10,0.004225269203198947,2.9045031951137442e-05,1.9542262047720637e-05,3.571800616605653e-05,2.9286267714083328e-05,3.3377702230140176e-07,0.4787477280598638,0.5099320393271505
75,3.2556438079040056e-05,0.08051723843201761,7.045135575904777e-05,0.7482983938926003,0.0005421453691696911,8.672593965812728e-06,0.006381488929459485,1.5420279840300028e-09,5.935233150273502e-05,0.16408969911541824
76,0.2548991096885656,0.006347938199171613,0.0013758539061942906,7.922228240727677e-05,0.0010397476771674672,6.764977960718329e-07,4.4495986786272565e-09,1.4660953846143425e-07,0.010890136686448308,0.7253671640031123
77,0.02644879574467319,0.004796589884128299,4.733803595139896e-12,0.01267920044852707,3.909187616052331e-11,0.0013271229618515572,1.1670778459538935e-05,4.0784687122481104e-15,0.0001396909029395285,0.954596929235591
78,0.31254465723503755,9.469455932097773e-09,2.0540292939175285e-06,0.0018387257442777731,2.755890195273149e-07,1.5168599648222471e-05,5.901507146348661e-06,0.00012575532198137363,0.38688748391603067,0.29857996858810876
79,2.6063540913891235e-05,0.0005914442409760578,0.8638286801973247,4.335096630348476e-06,1.3532466337790625e-08,6.75401997121022e-06,0.00021216800497310027,2.443463996212796e-08,0.024142008384300792,0.11118850854780357
80,0.013893313913669542,2.2553547596695503e-06,0.0014982955591259207,0.0020303974034074856,0.0008399754443971817,8.664235754845057e-05,5.926762486226136e-07,2.1856515223964782e-07,0.055470822361256694,0.9261774863644341
81,0.2954168437850885,4.4343319264019103e-10,0.0005795178106631325,3.2591164721412557e-07,5.044720823218252e-07,0.0001449043744716122,2.3093570645252914e-05,0.00018036228910812618,0.17057423207639247,0.5330802152664682
82,0.12384827462168757,1.7418926632351318e-07,0.0020489385441746304,4.3778849222889655e-06,2.1911845798087946e-07,0.0007675891973342874,1.546598365812837e-05,2.170916477893542e-05,0.11277761715356684,0.760515634142153
83,0.5436036573028905,0.0002878002230418667,0.00029794061414983153,0.0007474299330786982,0.0004166927812745891,3.026865607562245e-06,4.061048165638118e-07,8.671821710642646e-06,0.062402052531533594,0.39223232182189627
84,3.8382348280894555e-05,0.19645455337132775,1.3492643868080984e-05,0.0004212194980174688,0.00047548588136556304,5.5887784273147654e-05,0.5300502738002499,4.098086047583044e-09,0.013573121788082392,0.2589175787864488
85,5.128888108824467e-06,0.6994274423324723,0.005261810495581079,7.426756322727814e-05,0.011154238497051787,7.138164611553327e-05,0.27575674173620784,1.7617811082603088e-06,5.834537708915715e-07,0.008246643606356017
86,0.2564755833584774,4.479398266427796e-05,0.0009567879746859723,1.270096171767993e-05,7.974064505851353e-08,0.0002256923060374083,4.0707169887912064e-07,2.4813526183907384e-06,0.01190950732127567,0.7303719659301792
87,1.1977131054850142e-06,1.1937462181772249e-05,2.60282156462856e-05,9.087251451110975e-05,1.0971699447657992e-09,0.9325692119963297,0.03132602969651079,2.015645519485754e-05,6.761000723436102e-06,0.03594780384862663
88,0.49762494422368553,2.1867609408542768e-07,0.00048212573417140663,8.683821110816728e-06,6.479308545993971e-07,0.0007619206664988205,0.0001663279277693469,0.0005192652443558149,0.04649030233128206,0.45394556344417747
89,0.00023092403099435395,0.04282630007942489,0.8532251480898196,3.343922595900605e-05,3.960228939762958e-05,8.57408979028844e-06,0.0021949567404102835,3.0212679508976547e-05,0.017185596459286804,0.08422524631540802
90,0.5937556897851414,0.00015837768853554064,7.827158769664084e-06,0.008195566184531712,3.3484883308910306e-08,0.0002518413433862241,8.259175624273502e-07,0.09677381541630234,0.016346596032428228,0.2845094269884592
91,0.04999378632540577,0.0001820893777629466,0.0010669424498771023,0.015807675316464424,0.00588089375749631,3.2700855034976634e-05,5.72908501776462e-07,9.915879882590917e-07,0.045366221370718274,0.8816681260507502
92,0.00010222809441566199,0.0015253335953830474,0.08535787202669286,0.0036223772847142673,2.2289527418825674e-06,0.0007711611616150276,0.72811267483194,1.619515439573716e-09,0.009299063988926787,0.17120705844405487
93,0.21865286929817368,0.039241340307295924,0.0026531947877031846,0.0001302828977071671,0.0075495305192755605,8.30662502577164e-08,2.116099690060141e-08,4.1018077891884445e-08,0.05454823692605157,0.6772244000184678
94,5.3396585322634304e-06,0.32881001766635143,0.3004381190178113,0.0011033094071670507,0.0008442215751090533,1.4116729261031716e-05,0.25786016654507415,3.8148109052311647e-08,0.017035243435206366,0.09388942781737819
95,0.0003254245754174326,0.16792351041102402,0.0013369320291070242,0.02058034069422551,0.00023378482759909804,2.66959924969304e-06,0.00173875333911838,9.159257991759121e-09,0.5668338064138585,0.24102476895114222
96,4.101400556578255e-11,0.48535693719230266,0.02548217035969586,9.243551159412417e-06,1.2074142772697526e-09,0.00027421567504958753,0.4850275015391503,7.007509113932367e-11,1.7879822986685357e-07,0.0038497515659087845
97,0.004361894606079523,5.04182437498784e-08,0.0045790045437433535,0.0007012183573670453,0.00047658385650040677,0.0001658617488267354,3.434615960409898e-06,2.0423224939328336e-07,0.0864133285587192,0.9032984190623101
98,0.598845747115692,2.652064707233089e-05,1.1042950116502134e-06,0.0040811499608691335,3.7345963060792284e-07,0.00014480880018984037,1.9718396310116323e-05,0.010214074534346772,0.03672448654615984,0.3499420162447177
99,0.10511222417837128,1.160172954507385e-12,1.7234894387753198e-05,1.660051394774575e-05,1.8763753653136257e-07,0.000704861333838065,0.00029997002093863466,0.000302550609460707,0.45069032982467394,0.44285604098568515
100,0.0019050325320332962,1.0941429904320361e-08,0.024180300636226112,3.505375750323337e-05,0.004272456081954517,3.0436182382786646e-05,0.00010243768790592304,1.3888295270661317e-07,0.27340268189271133,0.6960714514049001
101,0.0010143907091395342,0.004377231836920841,0.0001682400054745955,0.0006668807139150221,0.608186993437763,4.4070546978408284e-06,2.5057959473591107e-05,7.4097272811916315e-09,0.0005424827464192501,0.3850143081264692
102,0.0034157942845215367,2.967062778165946e-08,0.006598098669455475,0.00494945732694937,3.506026550395007e-05,0.00010065226518566688,7.817049330983349e-05,6.269892902591974e-06,0.2547304083491316,0.7300860587824122
103,0.23189627857342124,0.00014361494048745858,0.0016005440425579827,0.0009370458996341347,0.0010588857236465763,1.1249440088344802e-05,3.371406387569427e-07,8.713396450195856e-07,0.07542103525237391,0.6889301376475067
104,0.22845812296592505,1.438165063696811e-05,0.00045210559085456944,0.010777810186971657,1.3323500650634747e-05,0.0002985858418140295,0.00017186901370449365,0.0008494324704827601,0.20902769300166496,0.5499366757772949
105,1.1972165737284585e-05,0.0005722060512092917,0.8771292882473984,1.2699971033727425e-05,3.0552477301828813e-07,7.184140948195178e-07,0.0006981970828125274,4.636831094417144e-10,0.029907262193207242,0.09166734988605042
106,0.024711366367074356,0.011276543901943947,0.001318628972368998,0.0015895765527667053,0.01589132607685462,1.1964875136045113e-06,1.3485252621053135e-08,8.865515435496718e-07,0.010826085725692785,0.9343843758789888
107,0.08946672097150332,0.000176901332665323,0.0004723318220751327,0.00929536807419165,3.8908384769942e-06,0.0037679006606139405,0.010188414321640785,0.10306687578835315,0.06750056938907784,0.7160610268014018
108,0.0009792356449724344,8.608624081925051e-07,4.320197635982433e-09,0.04345955662657124,1.0235449047376758e-12,0.12465073800489311,1.224467907574309e-05,9.62071274585544e-06,0.012537215687214883,0.8183505234608973
109,0.016638949610806,1.5089014857007703e-07,1.4018030654333678e-06,0.012511288764874472,0.0001642724703896242,0.22668902376247144,2.4360613850418298e-05,0.5394457684720239,0.002224849702413653,0.20229993390995651
110,1.9923634126607293e-06,0.00174243897165587,0.5610830975171572,0.0012405980419530468,7.12397704445831e-08,4.912791148154076e-06,0.0005412301087039608,1.045043935062538e-10,0.04074585361385074,0.3946398052478434
111,0.04210245249561524,1.0022615898866554e-10,0.06090798191771845,4.569032277563979e-07,3.0057420155686546e-06,0.00038517500903541534,7.801632462796037e-06,3.887187830098868e-06,0.21807006235795193,0.6785191766539166
112,0.00016648684175265305,0.1285575119219031,0.00158127501702382,0.025735264441949884,0.5792146753877874,1.3224161833864164e-06,0.0006393542402031769,2.9113492612618813e-10,0.0010578401781110862,0.2630462692639507
113,0.0033250535789602757,3.539540928741394e-09,2.5047460403016134e-10,0.0015266515786139534,4.9572516702234016e-08,0.006724677032738381,8.017030148423891e-06,3.1983162098660355e-10,0.000437656650811244,0.9879778904463639
114,0.017446572833751266,0.01935855712302766,0.013589642427342771,0.006543641185826837,0.001893741413697985,1.0811000478023307e-05,6.392289883839269e-05,0.0006356520428626342,0.0778582593935787,0.8625991996805956
115,0.0008523566763251079,0.04580531864117149,0.003405378193721066,0.43815436189577545,1.1114252308150529e-05,0.0004146702282386449,0.0237936114627127,0.00013734473979985768,0.14508872214592025,0.3423371217640273
116,0.0021896055482061847,1.0693810205705758e-09,1.5553285224919534e-10,0.002362756144623954,9.625620706467193e-08,0.006485837333604294,2.677455012156051e-06,5.743436206912014e-10,0.0002987149112311266,0.9886603105518578
117,0.003213818781580879,0.3519889804924118,0.0013427980071520284,0.26922189119068834,1.1785877060275455e-05,0.0009634019952082449,0.10052997820514452,1.275522681932785e-09,0.00037151914518211547,0.2723558250300493
118,0.3275011738487966,0.00017031237835309052,0.001384912326001511,0.023599894210537906,0.0021777419709902777,2.0964029089244107e-05,3.3955452101060843e-06,9.839983287292902e-05,0.22038557511477325,0.4246576307433749
119,0.6730188822137408,6.07678192251035e-05,0.001030141740938953,0.000196349167298153,1.1705535679581638e-06,0.00038044143506762995,0.00022338476221864305,0.00038042074171226,0.05135585849482865,0.2733525830714018
120,9.398409693151578e-05,0.08684194584453264,0.0016611758133714342,0.03429220152252474,0.5125676936989214,6.276697462105279e-07,0.00019472374697717795,1.8346866589979563e-10,0.002091956535250474,0.3622556908882757
121,0.0016717687199873704,5.749387461080687e-07,0.0052585173388016646,0.002193018463800564,0.0004976779786997754,0.00023968439120183822,2.439229250822806e-06,4.522543437394085e-08,0.03340272666600963,0.9567335470480679
122,9.704228509207695e-05,1.9728945090249385e-05,1.989614776662137e-11,0.176658986087434,8.316488903231279e-13,0.0033537082492387017,4.757995937398288e-07,4.7762108920327494e-12,0.0037250240790292627,0.816145034529018
123,0.23081996884794873,0.03248162298502809,0.004744493939344717,4.140078809452977e-05,0.0004415742275987453,2.520449623470503e-07,2.458320060478657e-08,1.8442177078256966e-07,0.030309871362800764,0.7011606067992507
124,0.0012117478589908023,3.5879518492498947e-12,0.243737746781935,4.170988455486602e-05,4.305679944281508e-06,0.0008929647583748336,0.0003855094079070989,2.2426382609315312e-08,0.5563350448794208,0.19739094831890178
125,0.00028637195069740654,0.00026638772671458617,2.1978748923258405e-13,0.01406195975572447,5.891893929825719e-13,0.014046275105606847,0.006764591457428343,9.760179356260913e-18,0.0003901907139720057,0.9641842232890474
126,0.5046268957689638,0.011113622436049816,0.001254694099850829,0.010356268147182055,0.0009728433254228476,2.0185226651805245e-06,6.74394581144979e-06,0.0008629932088696612,0.14606377645929747,0.3247401440858867
127,0.00021295221899438133,0.00012651705937695743,0.0006653839886567076,0.2926837609941524,1.0191286922587484e-07,0.0015914923296057005,0.00010510193170926136,0.0011848837681366388,0.11027006769657513,0.5931597380999236
128,0.0016903948861571219,4.984810561047352e-11,0.010658300451593264,5.7934401869968324e-05,0.00014598121735268527,0.00018246012606808654,2.867856461293356e-05,4.644598025786643e-07,0.3615490261866977,0.6256867596559976
129,4.585066780690851e-05,6.102658937699199e-05,7.579928925619951e-10,0.36043107410596964,1.987302479027036e-11,0.004264473726999489,6.619745566631626e-05,8.45046276768535e-12,0.005582832214532221,0.629548544453332
130,0.03822893885022035,6.6628345124758544e-06,0.0069189227765178215,0.00016870127329874363,0.0037615782312953004,7.322992990485462e-05,2.964285393449624e-05,1.946197404780542e-07,0.0543155365665849,0.8964965920639906
131,0.0007089856453976529,2.7120418188874763e-09,1.6758147969860982e-11,0.0011787781872612214,1.913833584827164e-09,0.004032760677427744,2.5279127473922985e-05,8.472698130355634e-12,0.0004900071023459294,0.9935641846089873
132,2.847503296648002e-06,0.0009071253450657497,0.781210336829145,2.480341449901207e-05,7.880120856154108e-09,3.233131699365021e-06,0.0010049241917974886,9.82117491596869e-11,0.012123507276717491,0.20472321432944668
133,0.3027163056210534,1.894817430103401e-08,2.757299815167879e-05,0.00017790671263591388,2.3754946861856314e-08,0.0005899884944916056,3.7003182553491825e-05,0.034044929015383835,0.3752351209629136,0.28717113030969516
134,0.0007717875133793637,0.45190749459376983,0.0006498994134832363,0.0014198560913874887,0.020020434616229064,2.5667073643359325e-05,0.0010185748358795023,9.961700761502581e-12,8.584353505211886e-05,0.5241004423172143
135,0.0014233728338140627,1.861355254446969e-09,4.1640457625954314e-11,0.0014226070956722553,8.057601202424596e-09,0.005515343069143841,1.65825378952808e-05,6.336539376421068e-11,0.0004434324490871878,0.9911786519904252
136,0.0015088687836450597,4.151443753330119e-08,0.7873604907334557,2.2906055684334018e-06,4.612404117534951e-09,0.0018622929245518686,9.549430787674116e-06,0.005563451169763743,0.04929643304863637,0.15439657717674946
137,0.002609516487879702,3.958668672654799e-09,2.1670831782162982e-10,0.001091613080653726,2.5215733911961454e-08,0.005463223467409773,1.0325151432431744e-05,1.3314347213743831e-10,0.00042941726095252367,0.9903958750274173
138,0.00012181701467666405,1.05898461621497e-09,0.8540081404823524,9.444156429953045e-08,1.701266014169873e-08,3.115330105347254e-05,2.141110100977832e-05,1.3468610458126976e-08,0.07446115424897416,0.07135619787011399
139,0.0017241053648251947,0.179443695156768,0.006983630339761038,0.0017110543880277153,0.09733143018507273,7.654744060702346e-07,0.02767928848977806,5.602282506683064e-09,0.5838825250977819,0.10124349990129675
140,0.0002449913122392347,3.668571507342544e-08,3.386663029178935e-10,0.00042059479930553364,5.756373570343692e-09,0.0031442717666714712,2.8277256457697815e-05,9.047314636916577e-13,0.00014809937860439388,0.9960137227050619
141,0.0006901515793884918,0.0003994159341313187,1.1927452165052648e-13,0.013198271580161238,1.126405538156959e-12,0.0035315552097018583,0.0011674458359904865,1.8979838688088884e-17,0.0005518646774940202,0.980461295181887
142,1.4676409961658923e-05,4.407638762352094e-07,5.368790738046888e-10,0.00025758443353238343,2.2436310978199584e-09,0.0031524032691339337,7.713756782580689e-05,5.212632137105595e-14,2.0200970283880673e-05,0.9964775538048238
143,0.09150621902054065,0.00016604987609721413,0.00891198840005245,0.00721156827600156,0.008775792612816666,2.0431599755435367e-05,7.092098960871179e-06,9.387969206110557e-06,0.1258704563373057,0.7575210138092633
144,0.47090974420314946,2.6694980156169494e-05,0.0010299475391798037,1.7609993594535644e-05,9.916940755323512e-05,4.643431801052232e-06,5.0934496580974946e-08,6.057537742681664e-07,0.023050268395562273,0.5048612653607326
145,1.691587445477616e-06,0.33436102700506715,0.14201195777551714,0.01874015286036728,0.0538226820841199,9.710159064939691e-05,0.443285665018601,1.0011786134273998e-07,4.223255297636885e-05,0.007637389407395036
146,0.12369186454065896,0.0001833258175026793,0.003794372984495452,0.00047936184712298963,2.452844622555623e-06,0.0035304359107516045,0.00016575674176593584,0.000193985283478973,0.02378574446218068,0.8441726995674202
147,0.00040786429497285427,0.10423155229816417,0.00125907933560897,0.174496943302397,0.1524101542931415,9.334045172513053e-07,1.972425334805242e-05,1.6786250396685262e-09,0.01680054541215895,0.5503732017270663
148,0.0014435121370088469,5.4695253184007984e-11,0.005246148700028457,0.0003196059833725765,6.057954329347872e-05,0.00018991405187073556,3.023375003241806e-05,8.789546799207443e-07,0.3237634757500928,0.6689456510749255
149,2.3103793754975148e-05,2.3974250729248835e-07,6.259946406515956e-10,0.00025669577045988495,2.876221266763251e-09,0.0036716942132001018,7.389935534819329e-05,1.0513706860331646e-13,2.9748434302408846e-05,0.9959446151881062
150,0.11303506584526705,2.498243111978455e-10,0.0003346028574378041,8.337891599102842e-07,6.6977395316125e-08,0.0010090701503980423,0.00010000607386324837,0.00031847864893766936,0.24530114478067314,0.6399007306270434
151,0.14360862241120728,1.3930945448460791e-08,0.0039955876044002045,4.281899507251115e-06,8.54837107018262e-07,0.0009711321215660483,6.667817151118672e-05,0.00037330939672144443,0.14230284386083633,0.7086766757661979
152,0.3977909228591969,4.793896076254056e-10,0.0005603593767368462,8.429772731432609e-08,6.73573586112481e-08,0.00035117994259859203,1.2243581146989634e-05,5.5802787407831495e-05,0.10906312950548916,0.4921662098129482
153,1.022735215197373e-07,0.3526262830227038,0.6156863919714499,2.7117033219944212e-06,1.5968221712831928e-07,3.07465337437425e-07,0.0013463841303088511,9.235597686038342e-12,1.0629167084835604e-05,0.030327030574818878
154,0.0028341311178043394,4.2900406636671473e-07,0.0034239793352151245,0.00015789742086316644,1.2800574464430722e-11,0.004202901661036211,1.4400148613024167e-07,0.009227374258390188,0.26020037546678365,0.7199527677215543
155,0.010441646958057079,7.115152852409404e-09,0.0016975269338906634,0.004086401226298621,6.625520288907573e-05,0.0004961580307883048,0.00015312772009322276,1.6809835331635617e-05,0.35612597548038877,0.6269160914971098
156,0.0030208623612550537,7.402742216156364e-07,1.720796375706901e-07,0.00036357833789345034,9.776161187799733e-05,0.06351988963116378,0.003995138639034036,4.749359903944057e-08,2.483599642670604e-05,0.9289769735748908
157,0.005985658722807793,2.0088436786107275e-09,0.05280796408877219,3.152696536629845e-05,5.2120328501751425e-05,9.657826691896589e-05,2.948043152005632e-06,2.5779463935734507e-07,0.16123479970532306,0.7797881440756749
158,4.3512130064948145e-06,3.336317888436682e-08,0.012527635730563546,4.14525586788111e-06,8.493090091191586e-10,0.0001257933069470883,0.00031637190184296616,1.6200719856799597e-10,0.03020488551893206,0.9568167826983448
159,0.10150534965883846,4.586775153758736e-09,1.778316385354761e-05,2.392641854027345e-05,2.744004877178904e-10,0.0019485191788438819,8.20662792716887e-06,0.012858684001834438,0.4130845371682151,0.4705529889207715
160,0.00016831135690364212,3.0363174608389987e-06,0.8723020051107387,1.1942105996381904e-07,1.3600895614400753e-13,0.000284017740571663,3.115182501408317e-08,0.001426591519821892,0.03834018676707392,0.08747570061440832
161,0.2874538433329025,0.0020515616168798705,0.00014379861537183966,0.0025212872379084907,1.8533407475332242e-06,0.0001397022636415011,8.470139198288327e-05,0.4602765826314601,0.11348603201583495,0.1338406375532702
162,0.014745460851530477,0.001899454636598236,0.00023086051401589825,0.000615345181426827,0.7970100971150753,1.2304717744551694e-05,0.002637577173997808,5.111617932233228e-08,0.06511110173926504,0.11773774695416643
163,0.10583509756240315,0.10109083870039309,0.005670862450302718,0.0016110118842857732,0.0013096134047064507,3.3569935940186233e-06,3.6140937968841933e-06,1.8493411694808e-05,0.13948274509080022,0.644974366408023
164,3.404073429599368e-05,1.9799841964108486e-09,1.640659056862357e-11,3.515197505858436e-05,5.71569796361279e-13,0.4599561864547541,5.853435846939373e-07,1.8857936573228748e-06,2.755730209879319e-05,0.5399445903995881
165,0.00015969989633288968,8.040180369579248e-09,3.7971930395960084e-11,0.000556266408234421,1.1057069052948155e-09,0.0034428741486979917,3.2501970264076195e-05,5.807189006750903e-13,0.0002299495946465223,0.9955786987973843
166,1.0183549758005887e-05,9.473888931952112e-11,1.2012010935084984e-08,0.0007061787341671684,0.0009361468480459016,0.47571304974359946,0.0006381141837218797,0.0066429522687510645,0.0003307891927477997,0.5150225733724589
167,0.15591745348939048,0.008645320919467969,0.003296898530775746,0.00019965025211746563,0.007097760198989761,1.8961273938425662e-06,3.01769915877459e-08,1.4890724685427784e-06,0.013990432570262657,0.8108490686621418
168,0.0012682749149654944,5.329236549069455e-08,0.03636409432503633,0.000254957411711548,0.020966529442502935,0.0001272402058526624,9.935141797281728e-05,5.43022695712101e-07,0.11008639162788308,0.830832564339014
169,0.01581704240748134,5.8784133895847336e-05,0.0006055059580789425,0.021046997005311395,0.0035755984700351156,5.860073748485399e-05,2.353084336288264e-07,4.6480168965044964e-07,0.029789203704266673,0.9290475674733225
170,0.008406762662924224,2.2540190899910703e-07,0.0076272366726803115,0.0006848316345422897,0.0006100928306376787,9.254359747084985e-05,5.307131971240162e-06,2.500896908910014e-07,0.11682994599763893,0.8657428039805346
171,0.0007834216318760585,0.029845042558558802,0.615886396272044,9.772348492559084e-05,2.0191232440393646e-07,8.137335048040015e-05,4.913267436352314e-05,0.0008145404272525767,0.03623462922616693,0.31620753846200766
172,0.0017320638881764756,2.4147832010310832e-12,0.003810575752059555,1.8012670426337055e-05,5.538596609793698e-06,0.0008698077235790041,1.6028043270733662e-05,1.7715612019884436e-07,0.3329709274546444,0.6605768687126987
173,0.11675015379504723,0.00016834245737331425,0.006625044422153174,0.0008424436111829814,2.415806424502193e-07,1.7528166026427238e-05,6.107556644497106e-06,0.0003622304136287939,0.1669287150211626,0.7082991929761385
174,0.014068444547438549,0.36750185360352844,0.0055294237727916765,0.0010413528611687706,0.02543618501962398,1.7196534039438027e-07,0.00046818437723949264,3.0300264768398964e-09,0.33669465497947293,0.2492597258433693
175,0.0023393517974916577,0.7534072203933271,0.004601146307745779,0.08326325946909355,0.04257577213606812,0.00010193091896865773,0.0008920144857592702,1.1004439137287178e-07,6.092786202704403e-06,0.1128131016609517
176,0.02871711599362831,0.016489273689701316,0.0007360953075066125,0.01372382571230551,8.063652755235597e-06,6.191333737210638e-05,0.0022585135118098646,0.0009417943035993925,0.6742059595149682,0.2628574449763533
177,4.705917333740998e-05,0.06335619908243158,0.13924091770615546,0.11132593089700045,5.166891148544121e-06,1.0528240961513028e-06,0.00016474347167070056,3.438595105558646e-10,0.0029379973957694727,0.6829209322145307
178,1.1058771768500618e-05,4.406832398225201e-08,7.440997316877956e-12,0.001044019230363237,1.992217982796175e-10,0.0035197247578520633,0.00023946693919564294,1.0891884514017051e-14,0.00013530966820552286,0.9950503763576174
179,0.1874331313272257,2.18633303227388e-05,0.001871329151293455,0.0010880643557158716,0.05057217746724929,0.00011474083897217724,5.2593911581527585e-06,1.7776448514095405e-05,0.03361954790973915,0.7252561097798095
180,0.0015039418116886626,3.048804143855701e-09,2.8875907582819986e-11,0.0016332155432961554,7.161969239651346e-09,0.004695103316080119,1.7643217710424372e-05,4.6526798355119875e-11,0.00045410499965220134,0.9916959808253963
181,0.019613358903710607,3.4343623119160765e-09,0.0032656140776133077,0.00016347285312597574,4.766033624911821e-05,0.00020355883273435001,8.054002480981322e-06,1.9304543303926893e-06,0.2375071418771641,0.7391892052282288
182,0.0006169716066608072,0.00013112103387491787,2.412876415467657e-08,0.4641325280125182,5.372212440298639e-10,0.00012280615989605401,4.324162112472065e-06,2.2894860199875577e-09,0.00986297053987095,0.5251292515295951
