,proba_0,proba_1,proba_2,proba_3,proba_4,proba_5,proba_6,proba_7,proba_8,proba_9
0,0.20652928465326734,0.01878388661795994,0.016050536668885618,0.03163790038737732,0.005854907493936879,0.0014946218289569103,0.004010374606738716,0.0019809379676169244,0.10075166497334755,0.6129058848019125
1,0.1826998783402314,0.02640535314682842,0.020529297803112388,0.041123932976593496,0.01299371795069404,0.0025873851913327164,0.004640646031544903,0.002109808151190105,0.08270918048660325,0.624200799921869
2,0.12067582943111325,0.005065035337914838,0.020701175680315414,0.002220388090625032,0.0027741759254917143,0.0018310855914554815,0.0027968382356438576,0.004692936763683932,0.3903759368527149,0.4488665980910416
3,0.5345459085772738,0.008902947496362846,0.006713087087038002,0.02042391836012245,0.0020651810356614652,0.0016009849473818056,0.003046411278084706,0.011351142281382533,0.10497410390113325,0.306376315035559
4,0.16293052008982004,0.004788263179746384,0.028967682488823525,0.003779072705511149,0.0038503995754203095,0.003220023383477997,0.0041241693842263135,0.06004393730604014,0.38564489262949164,0.3426510392574425
5,0.022048238598768154,0.1469116792785506,0.057396766238140474,0.0564006110639372,0.11622676000073248,0.00615845950748439,0.024056921318817804,0.003224123041914098,0.04229995131004842,0.5252764896416057
6,0.2876634348536609,0.016091821393120934,0.015300912331832613,0.0124703134781357,0.004469895640985286,0.0011957038267254888,0.00478271734655465,0.002006208979928494,0.06484896154040208,0.5911700306086536
7,0.2419489965655021,0.012015081597816332,0.033798687517655635,0.003273367291594394,0.0047622430301764935,0.0018947914334139352,0.00775882717917895,0.0025612227337547867,0.1967300695748262,0.49525671307608105
8,0.0018978410578871523,0.020366138697058334,0.006148786629833232,0.047230139503101294,0.008958408068391883,0.026807779772296557,0.008947010830861047,0.001415046003225971,0.005126174616324191,0.8731026748210204
9,0.041248528511491286,0.03547888574306472,0.007393226508822231,0.3866710541253089,0.007317473209213822,0.0027717170404752893,0.005692225999471948,0.008973627183088981,0.18379240614207576,0.32066085553698753
10,0.03529434119502322,0.00692759594680864,0.028759296422209743,0.00427511345782272,0.014006530893206607,0.06562358342758931,0.014895579381616413,0.0030214492912163317,0.009146070087108117,0.818050439897399
11,0.2608608357338646,0.013160798751745811,0.01401697082668082,0.027225674812184523,0.0037274072602945596,0.0012976110371381543,0.003046765228649185,0.002322021193475454,0.07334166162420067,0.6010002535317669
12,0.28201183919037714,0.007455018981553189,0.011489656598423657,0.005836873109668577,0.0019342208442228444,0.000810824965538465,0.0024276749870525186,0.0020146579323487702,0.16488038778677722,0.5211388456040373
13,0.042389677717263895,0.040754725992569726,0.012107492786152111,0.017457691726067166,0.09240952794348657,0.019418391350131032,0.029977218559900126,0.004868267234195988,0.3323802762495155,0.40823673044071807
14,0.2274150356943537,0.006978886317130623,0.008573970463170046,0.0027101912715788855,0.004163745363532056,0.0021806837377463975,0.0022021996424636194,0.0009122816559821045,0.057990657068198365,0.6868723487858444
15,0.07760263599614615,0.05102271185319747,0.04075923394500937,0.024657362546709614,0.044351776216030564,0.10457751165722252,0.12269416344322924,0.10754166397027119,0.18947344614637882,0.23731949422580598
16,0.09654305824532022,0.01397146310587105,0.027492876351138017,0.016031091688381086,0.007712738414789925,0.005931687675821232,0.009086736327271954,0.24275796268188987,0.20823904966250537,0.37223333584701135
17,0.016456447856860314,0.04704522786722812,0.039177908776051706,0.0326002537794565,0.1651145107990509,0.008624340741214188,0.01719277982173059,0.003419077802964018,0.04492359755675981,0.6254458549986843
18,0.2073319907910471,0.022994260026844696,0.012092528358482157,0.014177337818826678,0.01059093487660815,0.0022791440169234087,0.005111668907958547,0.005338716562427263,0.16875379501504661,0.5513296236258354
19,0.00855357665521599,0.08300573499222597,0.01934274859203232,0.018092106933487416,0.2157451030886819,0.05369143088125826,0.1638012919275031,0.005845992986885294,0.05025114379439998,0.3816708701483097
20,0.05382025228335223,0.013054587102315671,0.073939429057589,0.013646439939097282,0.014494024783257639,0.01576540223004295,0.01834509087717248,0.3418594129797694,0.25167254516450127,0.20340281558290174
21,0.0965257681636882,0.010410906600530692,0.043724277392855504,0.009181626200922348,0.02479445108458601,0.09744812178133175,0.0480339859082019,0.007011352158672486,0.013150082147565273,0.6497194285616462
22,0.03236437779955123,0.12033360016861258,0.05072967153314163,0.22892925208833387,0.03332481975084423,0.013162584411057452,0.021912965827890696,0.008382547934661635,0.11547635135373902,0.37538382913216756
23,0.022830595600492855,0.02992369240333395,0.041886453954843965,0.01793071566037581,0.11739266563841029,0.008569676180873658,0.017614117138877415,0.0027623368106776064,0.06716007116942686,0.6739296754426874
24,0.03472290156741443,0.07004716820916054,0.14495379600957728,0.01188166588728729,0.03398009517034408,0.013634602956834286,0.05270243257198977,0.0058009539231900125,0.06312388014643681,0.5691525035577657
25,0.0933364648725259,0.008894842163061035,0.024930124759631633,0.0030726264022794395,0.00306736064145072,0.0014557722879792953,0.004171932066111927,0.005401696866632998,0.22376241375924455,0.6319067661810823
26,0.1180437931643312,0.0041632972785179845,0.009630629324070602,0.009057098412475241,0.002349014905038641,0.0019124117503320213,0.002214032841176151,0.04677209161553908,0.246258119272905,0.5595995114356141
27,0.056771313510930434,0.003641261350805452,0.048465369125954824,0.002963160958956568,0.0036356075602959766,0.0036331774616785227,0.0024451654869445554,0.0373771428105675,0.41086385932177344,0.4302039424120935
28,0.003949622530262632,0.0356235187926788,0.037391413111344876,0.013090480961931465,0.02254859077126669,0.04642586356327106,0.050853723616916736,0.008766514221051392,0.011472281024147556,0.769877991407129
29,0.003997399691603064,0.008744638913382594,0.01183745384296771,0.006789446140139892,0.01919442787074367,0.015740963472572846,0.01629468625084907,0.0021502473941645696,0.018895098099729564,0.8963556383238469
30,0.009699164719939722,0.22836415934587895,0.029893189423901373,0.039272413575648105,0.20254479705383907,0.030813083506347334,0.2813839757523123,0.008650284904401732,0.06580118042076104,0.10357775129697062
31,0.047451186902876016,0.10788241647288811,0.045276193182769854,0.2708536779814105,0.033046308156823655,0.005747125974953664,0.014886015921281756,0.0051634981989099734,0.07327515287926686,0.3964184243288196
32,0.007951090344120641,0.15027804485479465,0.035863072434126474,0.16683834344461793,0.035614320066750284,0.038143470267879294,0.4350385469297846,0.0072842903052054596,0.01433269377852709,0.10865612757419384
33,0.05628829947292001,0.010392470044548489,0.022494289619947767,0.0023682774129227552,0.009572274468422147,0.0016690436319922862,0.004733553554566517,0.0014731952231052017,0.18632383772762778,0.7046847588439475
34,0.03981169896917643,0.014442262359326477,0.009009674966665146,0.014462960648862065,0.011974442179070765,0.04020393100594504,0.014015476097604092,0.010814255273499017,0.17669445661730784,0.668570841882543
35,0.19472486001473086,0.01580586227165215,0.019359664599515814,0.030447516645440757,0.006165519507073257,0.0014884577274715156,0.0035718498706422933,0.0019187414403731967,0.08392576253008559,0.6425917653930145
36,0.26590178441592915,0.008023613584982128,0.005259694457430992,0.03489613641339932,0.0025123276215615947,0.001299734854151622,0.0014994251784155256,0.007835432291010837,0.27969320949952303,0.3930786416835955
37,0.07542571664805371,0.007942749480277024,0.031770468003294625,0.002318894669223407,0.006306187147263646,0.0020960785378389053,0.004418313547039894,0.0020781737565530372,0.2822465730495922,0.5853968451608642
38,0.07425428006877713,0.011594474380104953,0.03264896084941177,0.0021860425670153084,0.009032949281016054,0.0024975925754969273,0.00647670625836834,0.002584218896425351,0.306934830268702,0.5517899448546827
39,0.09558736344450564,0.011358925203277291,0.013287122729100528,0.012420459001692793,0.007972792419609498,0.0010770257059805302,0.0029741508162129475,0.0008555012563306933,0.12796101318741213,0.7265056462358782
40,0.010071344781080134,0.23003859645720837,0.061726195737314506,0.03184654262587234,0.06300551135109361,0.012916465647677624,0.3932411282774572,0.01372468145978779,0.10227609127132338,0.08115344239118498
41,0.09975610428529849,0.008161259233439236,0.10317682850040369,0.008801438893088698,0.009814626875979384,0.009797067397264462,0.008993347286616275,0.14204273440734846,0.2323340228191628,0.37712257030139873
42,0.10385925433295178,0.06753520984315924,0.04284830252694117,0.06457915412604844,0.031521877494835975,0.003917790129376036,0.010756386354486332,0.0031352804143543267,0.09867019557813957,0.5731765491997066
43,0.007251905198498331,0.019512509867223835,0.10332818008903637,0.024252331349342984,0.02333305584864189,0.08832516879137581,0.1336628037967288,0.0034174448086745674,0.004825565961467074,0.5920910342890107
44,0.0577726317944522,0.007949047135663708,0.014050549104017217,0.002866697624128517,0.005634432060423583,0.0009124526670972389,0.0035681195193906696,0.001338413421749422,0.12520161384334322,0.7807060428297343
45,0.1092408142717486,0.008224363434190345,0.00828405945349015,0.0669937319008229,0.004575212468493353,0.004032517738661539,0.006573700693570394,0.062073456390261336,0.19787385705695681,0.5321282865918052
46,0.032471067022067444,0.009396677341483906,0.19975778764856494,0.023099535462016332,0.007312863535059802,0.007513315691989425,0.004984860334529786,0.015143736264333914,0.1247749366502454,0.5755452200497087
47,0.29942546600069486,0.02175344842794123,0.029156394328261163,0.02413796403240374,0.005524427115921934,0.0017381912971005883,0.005826655332041575,0.0024016279009015534,0.09409659840135397,0.5159392271633795
48,0.0829815724886345,0.011786154719296742,0.03084329906387747,0.002240218993417657,0.00649697927575178,0.00200161351388174,0.006279590792931292,0.0030308317235345195,0.28898275937919665,0.5653569800494778
49,0.007053633550692877,0.2104379652854633,0.06252385432612245,0.049782090867696686,0.04880641979979514,0.034298488591469556,0.4278559609622692,0.009817948818219574,0.013984501444303127,0.13543913635396806
50,0.0251247856893385,0.12581483540836033,0.0290884396365525,0.03654771672611514,0.11394206589883564,0.00553395640356107,0.024688592102856587,0.0034840842523893526,0.06943744624189863,0.5663380776400927
51,0.14565112271857383,0.010560315944038456,0.022010572642635607,0.004781006788142258,0.0035258814153247206,0.0007418122327761532,0.003838112252384535,0.001630760858668979,0.18226842786287895,0.6249919872845761
52,0.1337655212582771,0.009721824266616627,0.008854275463961146,0.014615263043611508,0.005682690532654017,0.002375006473444205,0.004542294283613248,0.01615836225619321,0.20662876040765657,0.5976560020139725
53,0.13503468084799844,0.03369522099835913,0.01630623033634634,0.014532105046642116,0.009773695071135187,0.002079973758192511,0.007705130453093551,0.0022327130197402163,0.1753120101211524,0.6033282403473407
54,0.27352009471237826,0.007214392429146186,0.010189300573025533,0.008632444131836227,0.002165680102004851,0.0007350003654903732,0.002406245918315434,0.0018110862446798714,0.09510365727559507,0.5982220982475273
55,0.2901072886434222,0.00323392977721143,0.01442534723641714,0.0031633986788825626,0.001150819299367036,0.000713213249390446,0.0017653387236586432,0.0055337075867545145,0.07485180196463555,0.6050551548402602
56,0.08056179783774658,0.007650725940773274,0.021783424576120414,0.002338741456770533,0.003935340211272606,0.0010678153685031988,0.003622965854222991,0.0018685116744278165,0.18181744839250447,0.6953532286876581
57,0.06298883645644512,0.013132947925829624,0.05045222564652733,0.0033337112420139367,0.012875801385644084,0.0035553469774265174,0.0070338390702683875,0.002972772749960172,0.33309211572714054,0.5105624028187435
58,0.20915014471602048,0.0055780779547155886,0.011295624776888029,0.003246708815228574,0.0019112237633782734,0.0006454821245190616,0.0022306596242830158,0.0016764048761911056,0.1618570573478585,0.6024086160009171
59,0.02576142657695227,0.2019594091014343,0.05189687174797764,0.03079312335914868,0.16534519658299374,0.009250456582795937,0.04756475601606104,0.006107125569743084,0.09120025326067853,0.37012138120221527
60,0.0018851966153182829,0.012108183071280065,0.006172340264736344,0.030872788298335084,0.03225484775863759,0.02830830160946282,0.014253313909045868,0.0014873632354370154,0.003107792712301549,0.8695498725254451
61,0.06409815575188499,0.05457752212420146,0.04432034682058324,0.057700147562720364,0.025034162333211915,0.003047029179508044,0.007549608671352462,0.003001270733058281,0.057651810484510145,0.6830199463389688
62,0.11193922197440263,0.01557585856619488,0.015705130459147492,0.028413842417529037,0.009771399455379182,0.0015931303840848732,0.003235745995826888,0.001317815873643134,0.09865499778450057,0.7137928570892913
63,0.008414436985871356,0.12052944574384933,0.04197140303921788,0.21439298256784475,0.03478789666032363,0.029019301721761964,0.3270155376021437,0.007143680448413498,0.01414782928247434,0.20257748594809946
64,0.02756924222649109,0.12558881764575694,0.3478525429575713,0.021887275396743937,0.03565345259063004,0.023142861167397267,0.07988079648289285,0.010272696183133031,0.04794688911229059,0.28020542623709327
65,0.06066199257386648,0.011191860636135018,0.06870873699736184,0.006188420461904074,0.009739078012647718,0.0042463398879016585,0.006077245609443346,0.004392357049224117,0.41927766758839863,0.40951630118311744
66,0.0053914305029582705,0.43831034059412166,0.17190495975872022,0.06647198627932766,0.0681094657477727,0.009069273292617946,0.16968850984611122,0.005646598545274828,0.023006410466878093,0.04240102496621742
67,0.2895916701102679,0.018051132296512187,0.017348336074851936,0.009464964141274155,0.010299465208236524,0.0047871385892765935,0.008084240665680222,0.006604670854091249,0.1715550252118299,0.4642133568479792
68,0.026700916333211738,0.2169651720961881,0.031795645867483666,0.056812987581869215,0.03563240705748457,0.007432069464087585,0.08957428695332924,0.006567528026501937,0.17055452031410262,0.3579644663057418
69,0.17839713719917324,0.0074694424042493655,0.010141154013573656,0.023549020611700132,0.004699060334841471,0.006570527976343855,0.005980446532274985,0.07738365255131464,0.5690387315714098,0.11677082680511901
70,0.048420999759762835,0.038576445027010554,0.014595269305459948,0.01786956982845774,0.021325853113638025,0.005229724833251604,0.026645711105672258,0.021287687162519213,0.3484337056073457,0.4576150342568817
71,0.2779280165449599,0.0051805167353462045,0.007410316240302904,0.013564475369618053,0.002084138434083365,0.0019106911548694599,0.0023605976753258845,0.05075160407600639,0.3534838213150316,0.28532582245445615
72,0.010775389808648252,0.28493478494822244,0.05430077341789508,0.03177930218468963,0.2555246609250303,0.02287757640080075,0.2116787026852588,0.010832496664032574,0.03419994074070552,0.08309637222471626
73,0.044264891449445946,0.039029345305953714,0.04351596518715727,0.22884012822396188,0.006334282233689433,0.003173835037026012,0.012247993533666485,0.010527019302554855,0.17501086067607083,0.437055679050473
74,0.06727214412098452,0.017222574249369658,0.019220600917600084,0.0032418315460101556,0.007770220352885911,0.0023796937427891887,0.008767170656293795,0.0032442062192904,0.29867240170443604,0.572209156490341
75,0.011837215868148426,0.1576013725513122,0.05113543098666066,0.17964105582408568,0.0753025125373171,0.04050296215407738,0.2274478571276816,0.008508976309444742,0.013843464792036207,0.23417915184923593
76,0.17636593859618688,0.024023738512790955,0.03580972458080169,0.027893339512857454,0.010470247385575343,0.001992396107346802,0.005227317063042668,0.0019483407125815125,0.0755369251691133,0.6407320323597034
77,0.0007422291056055453,0.006633328405218726,0.0034541323775049166,0.003916808014855316,0.006065863032690594,0.03524421087915344,0.005249479090659996,0.0003220773610439765,0.0019035699099279033,0.9364683018233398
78,0.1527062097406965,0.0028481684954070603,0.004999314420119507,0.028390960352406187,0.0010795282131846977,0.0012310655472914027,0.0011006713705538132,0.010850488486394246,0.2919118976218811,0.5048816957520655
79,0.010311921820545227,0.041953515375020164,0.588353530290842,0.014727485217002912,0.007052974861414711,0.007795751672220093,0.041178712002807434,0.00810991741408717,0.04409247402508553,0.23642371732097472
80,0.1002463057702121,0.011512711789970155,0.018135199266430212,0.007463262735928261,0.006577729277412022,0.0008834697043184916,0.0037222037836790373,0.0010038007583058667,0.15404862471153663,0.696406692202207
81,0.23996211485678406,0.005071727461235708,0.013765558517300262,0.0014465434464021286,0.0027996620443191383,0.0016621450086282952,0.0028714998257654274,0.003815394407923355,0.1264314995820949,0.6021738548495472
82,0.30856631977199334,0.011257156596228534,0.011816102546593632,0.00344174319582037,0.005678254426606959,0.003287725447412277,0.003803189644072631,0.0021673176562671506,0.08508657259700599,0.5648956181179995
83,0.2807589951587439,0.006405608822163663,0.006706415595453483,0.00838030878199037,0.0021413433886067405,0.0008101045020008042,0.0018951433545203985,0.0014006844384531914,0.05634572508190141,0.6351556708761659
84,0.00870588821705737,0.20706422187573328,0.04500550782666578,0.0651735106706064,0.168232681923745,0.06116484233496541,0.37002496283509007,0.00758236161762843,0.023963277355646663,0.04308274534286174
85,0.0027696173241615577,0.16373890919939824,0.06674479058269941,0.010939252459971864,0.02422764313101681,0.00950420809587181,0.7072724675395652,0.0036238141309986767,0.005625836913061882,0.005553460623254581
86,0.235941874605671,0.007132800836620104,0.011241518875983215,0.0033171993783645774,0.0035022597530353166,0.0016717550815618424,0.002174316632345564,0.0007481154317900303,0.04535994170639744,0.6889102176982316
87,0.007225328234646944,0.1650422650320662,0.21200693548164679,0.03167799327712283,0.035792897910601,0.10127599410672428,0.2517560032669042,0.0069746917169816935,0.017637449276036034,0.17061044169727024
88,0.29538470685380425,0.006397833873808914,0.007641827689822864,0.0025374910295927846,0.003532222333076574,0.002132192685703278,0.002354613504529017,0.00305565716018332,0.08298357666767013,0.5939798782018091
89,0.0195367166346252,0.11942581951023469,0.56423902309134,0.02029814821661584,0.033822991828215326,0.01576537899242274,0.1368661341665063,0.024559201994690836,0.03195055790887265,0.03353602765647656
90,0.32970295193454546,0.008047610486429229,0.019282752357000287,0.010798671805831963,0.006931258176921497,0.007195312527881003,0.006466438368860942,0.17248063124351423,0.23092404365340694,0.20817032944560848
91,0.17277272234738147,0.012172001087786774,0.013119197767375489,0.02367893731654073,0.004710655179730646,0.0010556096852075859,0.002731497031711604,0.0014666029827253367,0.10313945641567288,0.6651533201858676
92,0.00861855551324359,0.2597536148048235,0.18475921864652733,0.020703968496966853,0.03523059539021213,0.07545440256653607,0.2788405735886022,0.010325990643111602,0.021366509995147012,0.10494657035483008
93,0.14071295553188176,0.07443801869573433,0.047218265256506256,0.040280645331716186,0.03254352801741595,0.0035825711558999866,0.010478813304803377,0.0029354423344445666,0.11065520748007532,0.5371545528915218
94,0.01790919129050593,0.28993838691622664,0.20299479776290952,0.0385090941188772,0.09080322433705851,0.00806271582463699,0.10384098145231202,0.005709095210291955,0.062390536135260834,0.17984197695192064
95,0.06270292668825535,0.09326251855212463,0.009415257804039828,0.04026150604654459,0.034961857899759946,0.00535297293133294,0.0274747920001191,0.005789493257771543,0.314715941221305,0.40606273359874734
96,0.006471240113500815,0.023884304624139548,0.03198416988654025,0.022468846720572404,0.05652772318816414,0.15903182793872292,0.6659064147124025,0.0071117123057773055,0.012026929979372518,0.014586830530807865
97,0.05704911997336171,0.009737296677266881,0.01634285464769609,0.002673144361120943,0.008103774574072948,0.0011959701604365442,0.004250064179216734,0.0012513421554437186,0.16160287767163686,0.7377935555997472
98,0.25337259727238703,0.010534045214896483,0.014785895470804998,0.019416251994048048,0.008096944008087836,0.008766664763793766,0.010098156591364609,0.1976366278766234,0.32565765277392095,0.15163516403407273
99,0.13979919656500486,0.0028511605490705175,0.0059120191860526075,0.002411640958174563,0.001399603818375869,0.0018372068376875225,0.0014609257988610022,0.015932301444624444,0.49090201812322837,0.33749392671892026
100,0.07825190856393713,0.025679752484117906,0.022523751371833416,0.004995316291953503,0.0128659368654058,0.0028904831193572846,0.010719806148933581,0.0029921233306049962,0.22128639721841598,0.6177945246054399
101,0.005118317030923304,0.053547895774347765,0.012145630803286468,0.014722619030960126,0.20867620672842052,0.033251155727570425,0.06400677566339016,0.0029353733301458623,0.018654462059486517,0.5869415638514687
102,0.022096196562513597,0.010172848402969501,0.013058686728324765,0.01617776094671005,0.0031769538968154823,0.0011390680175746787,0.0036072755976482556,0.0029492965255342677,0.216790365679544,0.710831547642366
103,0.23540865890331222,0.016864858108711394,0.027050358470934014,0.022133601484635505,0.005572923913899282,0.001496295028823128,0.004765788318316116,0.0020024024195557065,0.09726312753952084,0.5874419858122911
104,0.2407188800312423,0.002673900215002576,0.004515887218665474,0.007589791829789181,0.0011746322960439724,0.0008130138084129424,0.0010219456962048308,0.0038243707494123947,0.07322554534780427,0.6644420328074225
105,0.005101451597086815,0.05647068229064109,0.7552585524107521,0.013502797450234694,0.007443666488114938,0.010894722181166227,0.04356496328574112,0.003667440025727365,0.010786057992935848,0.09330966627759953
106,0.11525260976600814,0.02483872186294162,0.018232778214182493,0.03661792507043579,0.018264438180791532,0.002449081596563809,0.003813455174136803,0.0018159997891887098,0.061983228745821774,0.7167317615999295
107,0.34142904236708427,0.008178803807564814,0.012355364683335084,0.008976822496975793,0.004650779439467728,0.004045845468380744,0.00508127607039228,0.09056748551165957,0.1567264247476551,0.36798815540748436
108,0.016595680731226373,0.002902527659079992,0.002843050651044941,0.020174398149273277,0.0020900281690816513,0.004124120793726318,0.0026485074873672174,0.010798997498140863,0.09972097800870205,0.8381017108523575
109,0.1561212135453947,0.02125636152224328,0.030046208655647492,0.015334819544556759,0.025173839969397767,0.03213597464591717,0.026360102269982137,0.3205855844965435,0.1257796786978422,0.2472062166524752
110,0.00924896034110243,0.12924580422181417,0.5309172871012996,0.07922032698615505,0.010663644273184524,0.008402558132737027,0.0432596756726849,0.0056676000459826995,0.035433713116425465,0.14794043010861402
111,0.035667746392660196,0.006418123777876151,0.0443083675527829,0.0039179353294224555,0.010899250444868565,0.061184966055240673,0.01729903939246155,0.003623004387925709,0.006781009471855301,0.8099005571949067
112,0.012646990992756266,0.18865327573259352,0.053734042446645744,0.0613441989951442,0.31792840848686166,0.018832753729787217,0.09471895517623836,0.006795950342560472,0.02085824069011282,0.22448718340729998
113,0.0039657943341570735,0.013117608181247723,0.009778178609584048,0.008653977329593995,0.017995469397861386,0.014218537203364034,0.010142036684542064,0.02301918092629727,0.013853785585838729,0.8852554317475134
114,0.06885006195088947,0.010158310180393171,0.02410791803910011,0.010192867101756549,0.009140104624073372,0.0022621766663186594,0.003984900773021013,0.01259396478163698,0.20201171359054723,0.6566979822922631
115,0.03394336086422415,0.03714189192926046,0.00675931660191369,0.050055333725397555,0.013049193889865522,0.004419141431507732,0.012641656794130622,0.01178542622010648,0.4916516360713313,0.33855304247226237
116,0.004737767201042675,0.012413879004632915,0.011245948777273453,0.008578952779472236,0.017739367824228677,0.01284480831297418,0.009559520816478075,0.025551830671721003,0.014025341187419285,0.8833025834247579
117,0.004415655515537075,0.15757270255243658,0.021961019448677847,0.1660665227059378,0.059902194018425566,0.019237113900186287,0.09427908474391898,0.0033148237193177323,0.018783850271814825,0.4544670331237471
118,0.39132103680557645,0.013334610746548983,0.009930617013270474,0.032473915387516226,0.003204291041995618,0.001702494309233203,0.0032237220728593844,0.003594190093840152,0.09925749042536396,0.4419576321037957
119,0.41657520318970487,0.008635526176245637,0.0062299763307483436,0.003120039199532314,0.0029178384143870835,0.002320328956202088,0.002764053278337136,0.004318313138645916,0.06840383288945137,0.4847148884267452
120,0.01250344509410029,0.1575673418128301,0.05838756473403205,0.05328966069178275,0.2585549436064639,0.015781935796168045,0.06711432978530169,0.005460565847766017,0.0241470149436666,0.347193197687889
121,0.05613997189270241,0.008697272754378035,0.01299777120540677,0.003254599521527857,0.008799615226375766,0.0011461826709052267,0.003325601386045816,0.000904428061658842,0.12488343671012926,0.7798511205708691
122,0.012893037304971851,0.014709453491794304,0.007332928217163743,0.0268317675356351,0.011597098432326501,0.03699793053036313,0.010118383905537995,0.005835686130922376,0.10710835708059778,0.7665753573706874
123,0.18992189865599174,0.045192306680071674,0.03109181558001005,0.03418172970409294,0.017676938821655497,0.0029428641277454786,0.008210136356232542,0.0023331657747254933,0.11514650902984558,0.5533026352696288
124,0.05043687035592269,0.011988045664854648,0.11851185520365591,0.00813563019252625,0.0117262827291882,0.005204650368734107,0.005326801132324566,0.005368582676942355,0.25436740285855425,0.5289338788172969
125,0.0021997000875383843,0.019578574453930724,0.006053189008467,0.05087832327795349,0.010144755042796907,0.029214937437341847,0.0089928669802077,0.0017279989631692515,0.005885072541414764,0.8653245822071794
126,0.33244891474587474,0.004675196253706031,0.004988929275675554,0.020259122633129945,0.001416642447539383,0.0008005994653769507,0.0017096690681799207,0.011832499410782408,0.1399307333162625,0.4819376933834719
127,0.23308362840634467,0.014754672290106898,0.011514493171236028,0.11249719721496963,0.0054195489881426724,0.0046483226782437995,0.0046630717096627725,0.011292825780694985,0.26309327242284175,0.3390329673377572
128,0.07348555760317947,0.01580958766067606,0.03340898168628325,0.0034235334320816073,0.013698470876454299,0.0030004945257318567,0.007391309282381957,0.002418452852069652,0.28387789523926715,0.563485716841875
129,0.011448673255451283,0.02225109409926589,0.00821156835022189,0.16800579039957061,0.008275129926221035,0.01720008928209302,0.013770642682393674,0.0069800070083206505,0.09353878608125202,0.6503182189152099
130,0.10367236982685671,0.016089745903509242,0.007868935797392312,0.0046899336481647375,0.005153719378821923,0.001032474800721907,0.006095652642940585,0.001697959382319009,0.11488777087770598,0.7388114377415677
131,0.0013223107531277981,0.004336013694776953,0.0025794558873761856,0.004205398084898118,0.013769708325627813,0.008543129430035188,0.003260603615545198,0.006608950940802652,0.004698920087971853,0.9506755091798383
132,0.0043331341219780654,0.08629926217964018,0.7054291219466019,0.03483813146087579,0.005988351420980333,0.007645785902291973,0.04441834560439056,0.0025660447306597185,0.01085220222156197,0.09762962041101939
133,0.1543993746928091,0.003504916661199024,0.008259809651202779,0.004567647911390995,0.0020248052683518613,0.0017238553543708207,0.0017391395364504884,0.041853257151478175,0.3950066555512,0.3869205382215469
134,0.010162397449469509,0.17754792413996312,0.03315160329089944,0.09538719332347058,0.062464914406345155,0.03672938491868974,0.08994736846608639,0.004259421523736863,0.011835284995015434,0.478514507486324
135,0.0022595092046529368,0.006963641691686471,0.004639364879302818,0.005892778380603464,0.015425939572041462,0.010396037600199805,0.005399828952132239,0.012846663207556737,0.0078598332847506,0.9283164032270731
136,0.09945016845816923,0.0034313654494979077,0.06342451020533392,0.0028208890313412053,0.0026842987190831783,0.001964359174522748,0.0022737446560768637,0.011545209802523866,0.19371914613258154,0.61868630837087
137,0.002813555437916005,0.010334552136888716,0.007457299435154652,0.00729551803567334,0.016820870227180245,0.01292837219367126,0.008440160062941696,0.01685704945468458,0.009429168277600413,0.9076234547382891
138,0.06164553724994864,0.006364598586252112,0.26697834866869313,0.008784536560763386,0.004203354101817807,0.002550787586649552,0.003635109996675299,0.006262312033471929,0.13767801597830506,0.5018973992374224
139,0.023400782768535026,0.1000136919159699,0.013299078716106128,0.0207229409814364,0.09911662549553438,0.018601297302754474,0.060038762251817306,0.005730776146101119,0.45091325011740613,0.20816279430433876
140,0.0011391295797505724,0.00934362574976759,0.006728949258329473,0.005847711976741901,0.01723488961285173,0.020838996316724194,0.009264710122785208,0.0028381266402627437,0.0023658615259601347,0.9243979992168263
141,0.0007928773766958118,0.006798794334728759,0.0026548374282431304,0.02352887832801867,0.0057352431117434445,0.02056254902910447,0.00337294106280603,0.0004928147065722765,0.001953695424072376,0.934107369198015
142,0.0008567026337384635,0.016595643434161155,0.009728506937187444,0.006870462870284506,0.014985613838423572,0.04734599521836634,0.009569408659449248,0.0008754901107133901,0.0014729651394036103,0.8916992111582723
143,0.1062210784311616,0.007525739068596225,0.00864257307033942,0.010176072613588431,0.002767848853259112,0.0007089570932068591,0.0020778316888135605,0.0022381157096119327,0.1352831437245224,0.7243586397469
144,0.20803056237692777,0.014941042342753999,0.034363505223070634,0.010628389623835149,0.00664299754201181,0.0014971738955084869,0.0053873391617107625,0.0014451025966986406,0.09825203203561214,0.6188118552018707
145,0.008001872177174048,0.3578225212791138,0.09230573093166373,0.08442442720571668,0.1386351982511431,0.017118343521527957,0.22631839088028252,0.00597183931225663,0.021967303931873204,0.04743437250924856
146,0.2838345771117896,0.00844661902979656,0.005536167064248901,0.002393311489272115,0.0045065108300512465,0.002256201598551914,0.00245390325717471,0.0019109896774220931,0.06449813376449003,0.6241635861772031
147,0.01809716862310292,0.19439738445720867,0.10004650981317281,0.15337270720931118,0.187269624087764,0.014600237304485486,0.055040060449875174,0.00574317105872541,0.01813227713981366,0.2533008598565409
148,0.045569809962824344,0.01187887988487415,0.024231530061384947,0.003906111617414043,0.008288186596333482,0.0020621085825965313,0.00574894195575865,0.002095181889465399,0.2472999834993768,0.6489192659499715
149,0.0009468527836922637,0.016662606662934044,0.011469085235506452,0.007048102191412543,0.01554871398393752,0.04236669516978115,0.010518227286734114,0.0010834508559616773,0.0016559143586613125,0.8927003514713789
150,0.21393357217596723,0.007266353706847303,0.015542844334061763,0.002113750131198605,0.005004289273638568,0.0033969259603778596,0.0037396068190984322,0.007881168242039908,0.3606031180258721,0.3805183713308985
151,0.24586425771119297,0.00786012442120795,0.01941499012239154,0.003236850518538717,0.004051541464030294,0.002094305950630509,0.004622561409607099,0.0026997902192232278,0.10472862126988608,0.6054269569132916
152,0.23746908376844095,0.0055493024683385605,0.016922489329666723,0.0018625803751412362,0.003378204269353418,0.001784814406651016,0.0032382718254044857,0.0027651835186483136,0.10870731672705863,0.6183227533112969
153,0.004932940684357678,0.2382139811207299,0.3969635467950958,0.05098792180455955,0.023012160263002426,0.01204166811817821,0.12090890723518866,0.003450418296767218,0.008391696518321444,0.14109675916379938
154,0.026887233682141982,0.00908027317023637,0.1707185699789531,0.02130886398174776,0.007260636265622522,0.010944234411554904,0.00616004641200946,0.03185158534596769,0.2460291076712745,0.4697594490804916
155,0.11629358983148334,0.004167683807705924,0.008350771180386584,0.004641329856755589,0.0015416946799945758,0.001004542118022079,0.0016028924681109795,0.003459145606003143,0.180836451139059,0.6781018993124788
156,0.0016999928350407835,0.01276300174899878,0.006661083882155847,0.004915535144724954,0.01321422952064505,0.014956775600497806,0.014705610976798915,0.001658833633997512,0.004119991025866179,0.9253049456312742
157,0.03342454325081133,0.0074111804032351,0.02649256323758235,0.004795109572169895,0.016727775503464933,0.07779372266768049,0.01736325608862132,0.003499283694905724,0.009666062599393774,0.8028265029821355
158,0.01175674258738706,0.029268287247034532,0.3271832596858197,0.021116573302222007,0.02996803996078695,0.09290713560992166,0.04318240832017746,0.00914939378007651,0.016944638695761127,0.41852352081081295
159,0.17268145722036166,0.006022751431291741,0.03955051927075539,0.005674463629281125,0.0058351017079089134,0.00496263926094877,0.004744505879491766,0.09431823520052311,0.4178375090352046,0.2483728173642332
160,0.01225301913626645,0.011661169964917438,0.622669222744492,0.013844984021076688,0.009108652321216366,0.016730059202825418,0.011568263585777828,0.009585467088192034,0.05430531190227346,0.23827385003296245
161,0.3114546444272674,0.014362339957397517,0.013458577547794065,0.0165439611855886,0.010183880809198001,0.006774553198189379,0.012822933042489977,0.25391990911284545,0.2002334109882326,0.16024578973099732
162,0.017035808653468893,0.09041052270329626,0.027186218512046487,0.020075236652348345,0.1857648667013128,0.03698398264208334,0.12267693622927979,0.006591716421233581,0.15707959288473913,0.33619511860019097
163,0.2267628935638375,0.03512420820037411,0.018003700205052656,0.03525861364090722,0.011930326591001275,0.002270893888756271,0.005998451363213793,0.003303705661545653,0.1572967219829029,0.5040504849024084
164,0.002379393315240926,0.007351536270020698,0.005880421191373661,0.004550592959134592,0.017182713060079954,0.3721575686642299,0.02632630227576035,0.002754443899257445,0.0037179482979016257,0.5576990800670011
165,0.0008234048915407853,0.005282636726201616,0.0032336321916897003,0.005086011669436824,0.01478344249955633,0.013199419158558778,0.004459194773705318,0.0020889935856326564,0.0017851765506487142,0.9492580879530286
166,0.010052037934308984,0.004262726205789003,0.0024564681933911658,0.0049333379422382,0.018012150260574997,0.10858920926542613,0.0077721103280240615,0.004691030501814307,0.01691206540666265,0.8223188639617705
167,0.188709559891939,0.0350160176368705,0.021570058438719616,0.03148510966755853,0.014296560696788887,0.002517314422378239,0.0057978564148336645,0.0022613092318241245,0.09567201020794099,0.6026742033911466
168,0.10547076613682854,0.022492140437365585,0.020911863395788457,0.005429081829991043,0.014006269091572893,0.0030267202962989876,0.007667365195441122,0.0021224343272264108,0.20089827924347706,0.6179750800460093
169,0.15364853635435605,0.013926630775253086,0.015820630818954996,0.028438838192330698,0.006751423429367966,0.0013696235450923271,0.0029546507831383004,0.001582860130297573,0.11794001638022174,0.6575667895909872
170,0.06456730827672025,0.010423398604703985,0.015510772637180969,0.0027246239507895988,0.007531734788516733,0.0012034113860011813,0.004539028604855836,0.0014523034688308013,0.16761431464979254,0.7244331036326083
171,0.0530618744696391,0.10748413117836814,0.1832631178165031,0.034738706387227584,0.03479656669505795,0.015101406421539253,0.07897423447835865,0.02472524692403538,0.14838961277907414,0.3194651028501965
172,0.05737711613778438,0.01095119194451463,0.0346861966837449,0.002614425019957455,0.01177809553890068,0.0029889907752455825,0.005847554331855552,0.0023257311556084685,0.2681048566419557,0.6033258417704329
173,0.12975399816972702,0.0035187388575674784,0.0037731604316076413,0.0469231485034986,0.0012467873527713543,0.001053949853565687,0.0011008448823547274,0.015747016533897595,0.3114833790747981,0.4853989763402117
174,0.034123488726303115,0.16953239547992568,0.013096112693712275,0.04916750675528613,0.08400708226754817,0.006532148199068453,0.030617225075887294,0.00440429641463889,0.24989826044834476,0.35862148393928567
175,0.006356624725684286,0.12741010709989978,0.05479718399300646,0.05020546384344726,0.11662544174803856,0.10246680062050906,0.4791431738961562,0.0050513092481172224,0.009046399336552206,0.048897495488588634
176,0.1683959285776218,0.022412430761212104,0.007550349749240171,0.02596713179094616,0.008515686392400013,0.002637538921724264,0.007777603405993306,0.021599533149599847,0.3403965081430886,0.39474728910817364
177,0.0074048762254182296,0.15771027560031056,0.1456469540102929,0.1708431615870675,0.02668770063956324,0.020817443415487566,0.08712659138497118,0.003997549299146521,0.01034471141978684,0.36942073641795536
178,0.0003208143383131125,0.0037957985664260605,0.00145474114642404,0.004724211685837239,0.008938539629605214,0.012100357527053423,0.001465882422348227,0.0003688500989362291,0.000722012645196661,0.9661087919398592
179,0.15139305411654994,0.00807111641059482,0.006220709625125108,0.0058389764749937996,0.002577899374331126,0.0007291845526188711,0.0022174326011070735,0.0022181338614552966,0.08655440916598033,0.7341790838172436
180,0.00214259643541352,0.006287538886083905,0.003979391251436404,0.005522691911469674,0.014814350796285696,0.009800089032833895,0.004704142621881612,0.012004629299981128,0.00809822335681795,0.9326463464077958
181,0.08984185702923554,0.007709171940263191,0.019017293771721313,0.0029694781434025305,0.003322236813408029,0.0011166011388852072,0.0034865001402276156,0.0024134133991252425,0.1698331069672967,0.7002903406564347
182,0.013171133626271678,0.011941155060964524,0.005090801039854782,0.24921359925525732,0.0032280377590367744,0.005428921902807423,0.00424109392129766,0.005356072295001691,0.06572566597288848,0.63660351916662
183,0.12444218450839624,0.006484084408010176,0.016349282359426894,0.013374193423980656,0.0036155260222350085,0.0027875063566504495,0.004277608953747565,0.07249585166458368,0.2116192203825801,0.544554541920389
184,0.008466482112526905,0.06126576016584907,0.696665467616424,0.04220008177273118,0.006129208361017396,0.004172992684873451,0.03124831314395524,0.0025678381498731072,0.02078197932622232,0.1265018766665273
185,0.14400277443115836,0.007645456464789096,0.012620435955188443,0.012588226911683703,0.00626283295053008,0.005236719885572303,0.006539868165699615,0.1800406168623149,0.1890571571517202,0.4360059112213437
186,0.28780002383931114,0.0190015835884135,0.02290697993169451,0.021211738386945147,0.004479604645541568,0.0013676073325624759,0.0048564029792330515,0.001972291802000445,0.08393770083609607,0.5524660666582027
187,0.2584054675072218,0.008668995385996013,0.013245845644597973,0.0037909129291614453,0.005585882494591095,0.003309078649760162,0.003961384732250599,0.005552106645207965,0.27203165074094043,0.42544867527027236
188,0.004960800959495872,0.3505940081538613,0.04439223421102304,0.025423101847424922,0.12724267199924566,0.018785628077355964,0.3333676955584536,0.007520260284727848,0.03204052861811607,0.055673070290295106
189,0.10072763733951877,0.010491261336393767,0.017562161194102456,0.003974314317264435,0.00417342447185322,0.0009594666776623773,0.004355685044007596,0.0021695845636441374,0.172377099648993,0.6832093654065607
190,0.04408582853771342,0.002822788280906603,0.014462635715254307,0.01274305914897217,0.002300529362863855,0.0023588895974638517,0.0033718712699962795,0.04187837648532469,0.11062403007333133,0.7653519915281735
