,proba_0,proba_1,proba_2,proba_3,proba_4,proba_5,proba_6,proba_7,proba_8,proba_9
0,0.12542994104010355,0.019852226743869304,0.013965560817683012,0.007203696587801728,0.0036956357887377813,0.0011483018600774548,0.0035780898986552696,0.0009190412382161913,0.14887991055821237,0.6753275954666433
1,0.14323126479072115,0.027165293083036897,0.014252093997484764,0.006940241689254935,0.008064022878622226,0.001070949551974001,0.0035231467024980597,0.0008652875902504357,0.18205239247236746,0.61283530724379
2,0.08428991142860866,0.009494785454453274,0.027526128923345338,0.01817188957569343,0.0018640173872165658,0.0035208442304743817,0.004292228822156906,0.003935914148516348,0.39710566522896407,0.4497986148005715
3,0.49798818753038776,0.01973768935759409,0.006675287477171802,0.013608835835228658,0.0026181653063960812,0.002578519024432044,0.005626973435976118,0.0056275938035420135,0.1789083059052916,0.26663044232398
4,0.33247848332550595,0.00774265222667754,0.011381603596641874,0.00912505622518708,0.001657914366164152,0.001842876032021862,0.0011136979470134894,0.010224976024392192,0.2183968688585305,0.4060358713978655
5,0.010523380391108453,0.12838908501460136,0.14330704771543437,0.11180985884161107,0.2881297227980658,0.013672843627165143,0.028772018974632642,0.007148159318381223,0.03716893709619249,0.2310789462228077
6,0.24601272825114742,0.013680432521250023,0.007837036554564743,0.005394688364713102,0.0028640586427726104,0.0013970684070327309,0.003756512190028677,0.0009657360595412131,0.0953415717222611,0.6227501672866885
7,0.2350593988258007,0.023277752028979033,0.007037057749439922,0.012847287505683678,0.004514962020624254,0.0019226723760581866,0.0033273198717182124,0.001840805628066701,0.08962732895684491,0.6205454150367845
8,0.00027874143355314623,0.001989600176426837,0.0005515437866897772,0.0024984582283721826,0.0003130631160150686,0.024773978203715224,0.001638952989652491,0.0021710804688847896,0.0008381344768868589,0.9649464471198039
9,0.05058636724619942,0.08444090891849312,0.018667944175660926,0.1971808439893849,0.011543692833203192,0.0057264116107883355,0.020338733728374928,0.008422528989329589,0.09758941548658835,0.5055031530219769
10,0.004884814312340206,0.010306957376206806,0.0347770441995151,0.008704230483697693,0.00220705238857277,0.0024227028988480777,0.004419867750205317,0.0017457201306991482,0.08130734896823613,0.849224261491679
11,0.19163697989795656,0.01960402782898379,0.009154308157182845,0.006188083168530875,0.003521141482292146,0.0011624952345520767,0.003419934448232438,0.0008590084888084813,0.14100643056344392,0.6234475907300174
12,0.5315492178673149,0.006893438715905913,0.002560387697836125,0.005458328921939999,0.0013134360085264418,0.001989056119720473,0.0019634218157357952,0.0010825333270318008,0.13837300625698465,0.3088171732690041
13,0.05783249027154112,0.04201298372886349,0.012400331617499415,0.020395556706936033,0.1375334787010289,0.011583857087016666,0.03680487963671265,0.01010494502468886,0.27574469639052035,0.39558678083519255
14,0.38913451401178323,0.01873587921479404,0.007349334424946127,0.00970229013888094,0.0023431998320417864,0.004539115846738377,0.004294712889017553,0.001969961594159195,0.22849249630189586,0.3334384957457428
15,0.043876319320768374,0.07072627696816812,0.044413248912925425,0.08165607801474309,0.019219758356264237,0.053855307333984845,0.22528368789660397,0.07083828426747076,0.10421659131972692,0.28591444760934426
16,0.11246002778402125,0.02069983898329481,0.050606220063386546,0.02571996852364361,0.006664987250245912,0.005995737112116572,0.00877152355222817,0.25049917473699357,0.24643983960354504,0.2721426823905249
17,0.010404249394627139,0.03743177644830892,0.014893809042965556,0.016555457688949993,0.4483349940327335,0.0052952956029840926,0.010835553163997464,0.003311651349765011,0.06811325504076378,0.38482395823490384
18,0.3089532307535734,0.042063027602331576,0.02153958989480584,0.02074218669257272,0.014759125274711501,0.0018959514400037714,0.00879190294802746,0.004921834242938357,0.1774923378264937,0.3988408133245413
19,0.01702251530187422,0.06605528074494502,0.01168745176436304,0.02823710334439327,0.34699001678196434,0.01155187770939645,0.13797679555595482,0.0074123808737753295,0.10700406427970051,0.2660625136436328
20,0.034908982090629835,0.02904930892893279,0.062480138677174835,0.035766551886135534,0.008722370338139801,0.010823274247941408,0.007851409490984425,0.14714657305685291,0.159468852106243,0.5037825391769657
21,0.1196409379420546,0.008418215793088775,0.005107749898197993,0.004930409165524331,0.0015516473881975984,0.000996008884383649,0.0017022765749794124,0.0002551010734365815,0.14282002738224012,0.7145776258978966
22,0.01545942133572473,0.11614596165556505,0.10237871031286379,0.12971611723883672,0.013815508248038113,0.019901417502392854,0.01778048642975455,0.017749028815692246,0.10067841415345095,0.4663749343076813
23,0.013927762354252018,0.07856871762605133,0.07972340910003532,0.05011407855691835,0.4437014737093691,0.010405313566434624,0.016926840120701968,0.007972544301005694,0.06936200729164972,0.22929785337358244
24,0.008675675761305908,0.10342479137020764,0.5067846479291874,0.06670667194685827,0.0343076708851752,0.006453577076870631,0.024471227108292967,0.007915561466224857,0.029193572058144074,0.2120666043977333
25,0.10308397304738208,0.0072152936124046715,0.007976244456258158,0.014827046761364147,0.0007464744475957104,0.0014164385899729966,0.0016308818557123988,0.0011950981138771737,0.12758400635426262,0.7343245427611699
26,0.23840610495993672,0.0061663851263640025,0.01646752297091004,0.014401076728428056,0.0031955365184605368,0.0032265505425229687,0.0029232292868605074,0.11023518022192587,0.29799542926115763,0.30698298438343413
27,0.23250073839213015,0.0131812333878518,0.05975465295598053,0.011622251898334867,0.005274060780419252,0.008572771391389714,0.0057194491888329394,0.04244294593719073,0.428511656207793,0.19242023986007706
28,0.006107715604383075,0.020424407623916525,0.0023670659378908494,0.03247340204815885,0.0013510269179283071,0.02877613782830036,0.029189110010980568,0.015433779871321761,0.007064006438388447,0.8568133477187313
29,0.012591580793386039,0.07031270554311311,0.03686880967912335,0.14969906921464052,0.005687828432175145,0.021521337544501952,0.030198178598817692,0.03987791024196714,0.031937644193002906,0.601304935759273
30,0.01530168937023322,0.12964167955060785,0.021366785990454842,0.09019240634782205,0.31781074708975166,0.011433924837395784,0.19699131799530284,0.010569124620838576,0.07236499321561198,0.1343273309819813
31,0.013524678890493384,0.13110276454123515,0.13985253237787457,0.2445285148818885,0.08509964399841594,0.010133229677802285,0.03145030299164356,0.008105733522089749,0.04107075683149682,0.2951318422870602
32,0.029243958811927803,0.028645823234637355,0.007754527091405384,0.051443115062188155,0.00516515960688608,0.0522061287781973,0.19782077327696407,0.034190952334559065,0.14760718361893166,0.44592237818430336
33,0.06966785071781116,0.0023927942819684266,0.0026679397983466933,0.004303232039226144,0.0005873493949193629,0.0010308612066101041,0.0006211817600509,0.0003621854358288468,0.19115217138629742,0.7272144339789408
34,0.03362902743340978,0.0036445974595229994,0.0030567006488896875,0.01397346900651779,0.002226585783295977,0.0253547727515568,0.004309388492157603,0.01304987019691817,0.023481670119679908,0.8772739181080516
35,0.12260169018453283,0.015163679615002583,0.0067790528183419765,0.0052242885078130205,0.004559316923886211,0.0009308467676453334,0.002514697301140785,0.0008484754075095362,0.16487408354107336,0.6765038689330544
36,0.25239614744505023,0.018616715913222802,0.010661646244686058,0.012129064118259899,0.004169552927172608,0.0016003517175754748,0.002420730307858792,0.006320189624070468,0.3219926609497335,0.36969294075237
37,0.0282556463939886,0.00596822623042914,0.03398145804004722,0.013415837168703428,0.0011074525184916906,0.001699052734216206,0.002490784141614527,0.0016737379163647515,0.3394165164537817,0.5719912884023626
38,0.02594138156029111,0.004686994408396348,0.01892628892898626,0.011637099953901794,0.0007968849580644696,0.0015890742650684158,0.0018212827811411529,0.001480132430167346,0.29764512424001444,0.6354757364739689
39,0.0789659034775255,0.0031662404553217333,0.003484013486595413,0.0018461466271556318,0.0011829205142017858,0.0006990818202885425,0.0008167450808085195,0.00035453564570450376,0.12875122177301446,0.7807331911193839
40,0.015812632751159305,0.18508543208615513,0.057942683484228034,0.195104260423624,0.12898222721378186,0.0086849812550461,0.21880633317604767,0.01063789743728334,0.06102600989255675,0.11791754228011808
41,0.026929784203494688,0.03682969975123225,0.06425851640781606,0.019485553740610007,0.006059379553364717,0.017696825205016066,0.008400810913030014,0.15528370106081105,0.28950736037980457,0.37554836878482123
42,0.036699680691991296,0.0714979885286925,0.029001379712761403,0.06491165126347748,0.07339564394607913,0.0034722658703210236,0.010110922736740975,0.0037684141740738195,0.04253601747340277,0.6646060356024598
43,0.005135509055173997,0.03239168263985003,0.009671370169537827,0.1806762804004592,0.004539618616588186,0.008026138083588265,0.02460698562529361,0.006554038245734658,0.026490690793560426,0.701907686370214
44,0.09454234227325588,0.0020593810155118985,0.0017510676045719574,0.0019226331283600515,0.000561055683970733,0.0007264184171672318,0.0005439549577028322,0.00022826758774252957,0.116982123958503,0.7806827553732134
45,0.16308841453579792,0.01452961989975316,0.01295551657417746,0.11039449894084456,0.003548020614950438,0.003942067180496034,0.007937530874197279,0.049578208811914784,0.23365345827569306,0.40037266429217516
46,0.008916892795277074,0.012494332379379131,0.017036774598752552,0.06238847406477053,0.003579296943393008,0.03149151482812202,0.007730924333905959,0.007530871036743346,0.22319488072697424,0.6256360382926826
47,0.23550676783304947,0.013754800161738433,0.005948026294568629,0.00502304859787088,0.00282168258022437,0.0014829034452862838,0.0035241922034645323,0.0006984360244318176,0.15726230229897842,0.5739778405603871
48,0.042497695499218766,0.006011632222170331,0.017625709500341202,0.013118871504281676,0.0010263928489953056,0.0018689832922453322,0.0023692160080874625,0.0015824426875309533,0.2671785590819254,0.6467204973552033
49,0.02150844867743738,0.052235475009703644,0.011924030887833016,0.07917425251125912,0.010021683166228146,0.020241243647912573,0.3936363008963898,0.017589302453723366,0.08266957440541575,0.31099968834409786
50,0.032372308537968,0.09783166998870392,0.04469899437927287,0.10709017403724988,0.39387836954483363,0.009131087538550837,0.03735771863007198,0.007449925919024637,0.05305622138896604,0.21713353003535799
51,0.3528445085779899,0.006499603379862582,0.004011514269236503,0.004574237829944619,0.001193369750090736,0.00173169198219446,0.0016528093315825137,0.0005870765011062336,0.17065315763459254,0.45625203074340004
52,0.13061717779832344,0.014280842173329948,0.014286940898372433,0.02802122140866871,0.0055391667681365,0.0014992609373887793,0.00507301424428775,0.007962620886402922,0.22410360466797136,0.5686161502171184
53,0.10847954037869338,0.008097858944209061,0.0035701103317595435,0.006724224579054888,0.0021599876775363733,0.0017685369578198762,0.003534806040990308,0.001062581752847575,0.1021428179627478,0.7624595353743412
54,0.3588043132033577,0.008022432751615238,0.004456423556924626,0.003956264430787948,0.0014454959575517549,0.0014548616386553194,0.0024106815138126123,0.0011522258538289355,0.13432973801312834,0.48396756308033795
55,0.5801666410246467,0.007075422308333659,0.004393548178355395,0.005836535349478557,0.001702030644206977,0.001650139193969719,0.0021128204725181653,0.0017612848653478874,0.09036288210485229,0.30493869585829125
56,0.12421221946598508,0.003227738086821496,0.004300431050369534,0.00339108176097671,0.0004951515174391225,0.0007347366642184342,0.0005948578798425979,0.00030464889847704323,0.14228909872666295,0.7204500359492068
57,0.043931366675421725,0.0054755054016692424,0.028025385328755748,0.01144432489589404,0.0014532558973280954,0.0033838454969757556,0.0027510307925347225,0.0030596694880899267,0.5197099141385094,0.38076570188482123
58,0.4491717105627173,0.004289595688438665,0.002283693250161084,0.0033808101661116437,0.0008590350092717291,0.0014697248876112947,0.0011169195169361474,0.0007367096033963612,0.1486602146569825,0.38803158665837306
59,0.020762804392866555,0.12629529788803506,0.04628406147019115,0.07279879762133049,0.3795347022778622,0.008512513083780019,0.03128493289529532,0.005209037654571577,0.04961081900071764,0.2597070337153501
60,0.005664336707023431,0.01627133445078664,0.0027685089084013965,0.058673570019248625,0.0021870671649971067,0.033872184608855355,0.04951453402702376,0.00963525460577988,0.006275787517866194,0.8151374219900179
61,0.03758416911295405,0.09812129968738792,0.04499826091555743,0.10318023385033624,0.08225403495667694,0.0046317013753475545,0.014870791038920878,0.004824955480467638,0.04782450022646539,0.5617100533558855
62,0.10521178911231965,0.0044405295895995605,0.004310503007619858,0.0025403890121930782,0.002099584728174921,0.000909114095880553,0.001174165489738529,0.0005364738292946575,0.14121316372793427,0.7375642874072452
63,0.03050682230412204,0.019081309145783203,0.005409136100509921,0.044825122025123884,0.0037039774496530225,0.03651037830732507,0.11522560359549855,0.02944726154397824,0.18099397030076916,0.5342964192272369
64,0.003380487754985395,0.08655942195025546,0.7131805943074427,0.024038227584830388,0.019212878691849806,0.004521244855236818,0.027050755501111107,0.007109395910817854,0.013337238652663844,0.10160975479080638
65,0.06503589073257489,0.008532473537059894,0.041688900388158354,0.01608262617024759,0.002217427702789444,0.005174908265866091,0.0036556737933205853,0.005200695211428365,0.5845397611675968,0.26787164303095784
66,0.011573659107079437,0.24449958123572604,0.1850662879598968,0.15078633426234464,0.10786820682399349,0.009204056707355279,0.18490174986781918,0.013341723650699636,0.026958932567126347,0.06579946781795903
67,0.11660245504370652,0.03629719470362771,0.007951643691047734,0.011317408683227918,0.0080073788192729,0.001675170332039624,0.0036130696294602543,0.0023479221664565895,0.04947861452131053,0.7627091424098503
68,0.03598451922809513,0.11688990971517252,0.012883683648792027,0.11314989541066836,0.011944485815760613,0.008752381581260987,0.11128765855946515,0.01064974100079432,0.06655145010220824,0.5119062749377826
69,0.1573176979846295,0.009889856324434442,0.0252068766324326,0.0553378382764062,0.005332508440894234,0.01111182879240378,0.006754329480750858,0.0500462069849708,0.12559955313494697,0.5534033039481306
70,0.10176556369669969,0.041125531758788324,0.018909538316528814,0.04936932088565876,0.03522769216740082,0.004322242252249373,0.0197084296365306,0.012593827669085459,0.2826740687433903,0.4343037848736678
71,0.31163018661522324,0.014558085635352453,0.018061804338270714,0.0240563176104755,0.004204433186622673,0.0049204480509126266,0.006002451733985712,0.06542760950949257,0.2775300873129844,0.27360857600668026
72,0.014290479154446823,0.16466303371161872,0.04643911031435308,0.055402885034376924,0.2971693029503884,0.010196817855190379,0.2656975253438152,0.013340128022752765,0.043757281550317925,0.0890434360627406
73,0.024175327865894977,0.13114222051631408,0.21877112047636377,0.19687025654454685,0.018248171788040675,0.003971230251627458,0.026626120236170597,0.014756007285136787,0.09374461488215513,0.2716949301537495
74,0.046288251333563034,0.0064753155802957174,0.009388925346342612,0.015494316311843611,0.0008861415496201617,0.002001902170992346,0.002256902892076688,0.0016105932556826229,0.24469238076559113,0.6709052707939924
75,0.014875028776065254,0.10383639521056584,0.0327149581189661,0.09138944768317878,0.021814486282302814,0.02585228177254688,0.3288030828474201,0.014586182821052977,0.11051525412962288,0.2556128823582784
76,0.12207721428339084,0.010469883532076753,0.0066916995192877245,0.003051242107109215,0.004099002558893978,0.0009169551486318871,0.0021026289358433074,0.0005096840227641584,0.16148810922318144,0.6885935806688206
77,7.16205475544713e-05,0.0007080064533638978,0.00019959978618630118,0.0008581812052504928,8.862622289616995e-05,0.011997748731736348,0.0008891865437407437,0.00032188313967272474,0.0004506217895090262,0.9844145255800897
78,0.20542516103712272,0.005889146556022784,0.016995602267022934,0.02778558947345414,0.0021104154006060796,0.0020927277709999626,0.0022896386626210523,0.04908327070361949,0.2776254828410739,0.410702965287457
79,0.005389666439940903,0.09544560963403363,0.7447452341045272,0.014516347421159842,0.016834438487849906,0.00653394330071307,0.022283030705651404,0.023279627587308328,0.0242261000409713,0.04674600227784464
80,0.14762167875506432,0.0033372219099424964,0.0023686426524502173,0.002202213263708327,0.0010421350127550143,0.0007572402978899264,0.0005991249470607427,0.00014003986851480427,0.18871709933286296,0.6532146039597513
81,0.43687161697016097,0.009137238910412203,0.0054396069666246315,0.00571016752651458,0.0013045310414921715,0.0019192040063756367,0.001841749335647565,0.0015044134655080841,0.17358564852750755,0.3626858232497568
82,0.4227943065081659,0.02025241748254604,0.004604026788080354,0.00915614978180456,0.0019104179788534685,0.004986892387426662,0.004219549265414208,0.0020083753488110588,0.2361280094514282,0.2939398550074699
83,0.4728161641153057,0.009045373497761808,0.004134010527099177,0.005221111096456761,0.0019942301385204517,0.0014844726162248506,0.0024237760842450522,0.0015103673152587894,0.1378849547719827,0.36348553983714504
84,0.01191719331574494,0.2039368880264049,0.040194636343876815,0.1458879690471478,0.1965685200684022,0.014609492236745344,0.20462413620425243,0.010692055596893842,0.03610517726918358,0.13546393189134806
85,0.01219609047941871,0.2850564175046014,0.05755134605988114,0.05633496533944867,0.017026602511031514,0.009805340146781635,0.4989222515993708,0.012908286980627829,0.01592314757422288,0.03427555180461574
86,0.12417257335333569,0.017867689022907057,0.006434052497826999,0.014979301977099525,0.0016251217644382562,0.0014295553548140762,0.0020613476872218097,0.0006701454998452931,0.09927729879399859,0.7314829140485127
87,0.004958074665058249,0.058784338430970966,0.020898074616688606,0.021456935290900488,0.004615789973004575,0.08230043186982235,0.04681757770411044,0.00935135032230953,0.029656845707020513,0.7211605814201144
88,0.6133858599403015,0.012037610620953855,0.006067047656257838,0.012241521858996346,0.0031669600837761357,0.00681344549189578,0.005751502343886858,0.005969605239804752,0.17805012773848589,0.15651631902564128
89,0.010997163628696663,0.10289838449864867,0.5947633296929632,0.03604944477555614,0.034173280409339465,0.0053922473308221355,0.03629620153246245,0.03257280806593026,0.05560359817754301,0.0912535418880375
90,0.156029574891284,0.006485774352321344,0.021546269733953367,0.02567740180465802,0.004335256810346908,0.007033096010754191,0.0035175204640765225,0.08092425213293875,0.17154294378916374,0.5229079100105033
91,0.18787889074517802,0.009849977721610047,0.00412539663938351,0.0051558295462543705,0.0023932073714419575,0.0009001590145950639,0.0015847531697046422,0.00044848125989119676,0.18535551616184867,0.6023077883700927
92,0.011257731710366464,0.06305266693453061,0.06946295396240144,0.054221215102534075,0.032005084287283034,0.018653242827963375,0.25278981895714087,0.015863696021168803,0.26200224307866676,0.2206913471179446
93,0.030286595825994973,0.049167968751104865,0.027485646981827334,0.014979115310173149,0.053115940422419176,0.002176527054569652,0.006631293342294586,0.002343490869265675,0.02962204328497492,0.7841913781573757
94,0.015194038760946611,0.1768482181608634,0.20198578617105553,0.13681327343717192,0.14990618865496244,0.008892626142594022,0.08134737404811132,0.010335144306291254,0.05639923636263553,0.16227811395536815
95,0.0731647666367969,0.11012486006031837,0.017540361942986055,0.0814570644323862,0.029115447254304032,0.005563642463944871,0.039593212848164167,0.006781039915267683,0.14595777028415738,0.4907018341616743
96,0.021557183453256214,0.12617924370921738,0.034291427125441046,0.03808617283153358,0.009806725319009205,0.16862908089788278,0.4446635330335102,0.024947887427707954,0.05822840970548528,0.07361033649695616
97,0.0731304528072233,0.0013635253563919413,0.0012040154620423418,0.0012756814063992514,0.0003923322251426483,0.000630144711534474,0.0003073778239146016,0.00011217703885311134,0.11640381156061058,0.8051804816078882
98,0.43348702642371456,0.012778451713264298,0.01697559836018596,0.029868454279423275,0.006542396564787097,0.016889409595480985,0.012292750862946476,0.10283753442123271,0.11739072770698908,0.2509376500719758
99,0.522142434045239,0.0031257825943062823,0.005792385562849117,0.010330864097876258,0.0013470526626494352,0.0023708449221726555,0.0020088663112181496,0.009157293588961966,0.10757668218662438,0.33614779402810274
100,0.054149759592759424,0.005852426770223094,0.0038239132172467652,0.009833289082279713,0.000758142402596829,0.001936873460498758,0.0025561716123405744,0.0021260815498989056,0.16500337069675772,0.7539599716153984
101,0.028484852419144124,0.029071372907942265,0.003608875929117692,0.01400599867780424,0.189211294116995,0.0105779806130665,0.05212821610062173,0.004748903709041875,0.14077870311716822,0.5273838024090979
102,0.056465437542025085,0.011381949898593388,0.005219068279693048,0.04077162003289133,0.0010041489717316728,0.0026202192436281854,0.0031675685892521266,0.002360843706345979,0.20853568958863153,0.6684734541472077
103,0.18927560298823784,0.008498025356482801,0.004787435685767321,0.0036853475073374132,0.0020470837534034498,0.001151654752269551,0.00196560845898996,0.0005459985755827749,0.1477333298081579,0.6403099131137711
104,0.47629094003364597,0.006781680874974927,0.007167476892013284,0.01472986072287445,0.002166726854262559,0.0021657833262145776,0.00302367792204355,0.009007872012382243,0.1705929356666394,0.3080730456949486
105,0.007457713071190063,0.12281574488532007,0.6367710660128059,0.016735154403975955,0.016212640951093177,0.01213378919287692,0.0333694544226468,0.02676529139615296,0.04270770540747706,0.08503144025646109
106,0.09825857453794389,0.030197994342338108,0.013752783000707832,0.007751010262879215,0.017981725908548216,0.0010447842667304272,0.0035280956014719753,0.0012582627304840808,0.11976395373317196,0.7064628156157248
107,0.18718835469132578,0.0071353980209747725,0.00988093315528205,0.013451698747910157,0.00224276113942502,0.003421906598545531,0.0038094651359129104,0.030751792033670254,0.13664475564749076,0.6054729348294627
108,0.04386285073048045,0.0073692286942058,0.013803952276974228,0.06721766975401275,0.003947519581793883,0.024486791164484954,0.008806954571658494,0.02883930637668968,0.16610772685718667,0.6355579999925127
109,0.10129744289997479,0.0124686559987217,0.01046388785791277,0.021795956154569016,0.004965699535748326,0.040099903442640125,0.018586375770457256,0.09312352182868892,0.04858004719281183,0.648618509318476
110,0.010424297308198377,0.12259056026348314,0.1795871568040087,0.03878250620039223,0.011122949017476246,0.011643439994603483,0.06349749712089509,0.02430023437101368,0.09096277261190312,0.44708858630802634
111,0.006196905194966042,0.017564071912555296,0.062343704078047256,0.012211213285858136,0.002893415131128865,0.0036027115365657465,0.007927736395735243,0.0025293897975188473,0.06760821297055737,0.8171226396970668
112,0.008596378595985105,0.06775452735385472,0.03581384912216255,0.04933883982401031,0.33995358027557704,0.009977815749712916,0.08766567541028111,0.007856262953045801,0.10210895474162972,0.2909341159737405
113,0.01591330516335697,0.01761422873758223,0.002204875574869625,0.06969656965322514,0.0015798331190359845,0.019580411992018362,0.02637258480336135,0.015080532533492319,0.010899423004423606,0.8210582354186347
114,0.05748633037015316,0.0468456839058973,0.07302510777870039,0.08619513715926426,0.02394777070701526,0.005117205885753671,0.011522142619662236,0.03205946966255345,0.27875545953752634,0.3850456923734741
115,0.025433676343969126,0.041019873297200915,0.010910302076511398,0.058277380555355425,0.007790020559862032,0.002635600024246655,0.018587327879054788,0.009233830917536472,0.17491403252900786,0.6511979558172561
116,0.020403857027177875,0.018014744219388035,0.002765093831061622,0.08783442168947199,0.0016473816042270007,0.01977352505338091,0.026967432722158825,0.013462393058977444,0.014607229154153635,0.7945239216400024
117,0.011176553726855783,0.13130714449695863,0.09252448180564242,0.04560070464790697,0.048185213808418614,0.018031772867324523,0.11073945126131925,0.019762157255168004,0.0629216464231865,0.4597508737072194
118,0.42475887074334867,0.03303232229080959,0.00838428745431173,0.01654006406115551,0.0041693643822376366,0.0023182510267146564,0.00592486996026123,0.0023895616615783846,0.1858694610239946,0.31661294739558815
119,0.6070309243707331,0.013954811351877015,0.005684068204241524,0.014769169193032495,0.0023625301883457095,0.007281853765616097,0.005966180822488948,0.0056988150132343315,0.11579962053959413,0.22145202655083684
120,0.007698644551464655,0.053687752884690486,0.03192245875668335,0.04995541508003591,0.3838384212581633,0.010590373198281804,0.05041371507127191,0.006238055376868922,0.07798585432876384,0.3276693094937753
121,0.06364673326701252,0.0011844793938508937,0.001101463948732074,0.0010061352355287961,0.0005095953249172361,0.0006710935194409223,0.00041847063424651023,0.00020453902157273028,0.10071665425834853,0.8305408353963492
122,0.0018096679713238604,0.00018725295259938653,0.00013036069241188715,0.0009049572257604009,0.00017493644455196655,0.004158862722452134,0.00032037335778067823,0.0023402554669018825,0.001581150627960718,0.9883921825382569
123,0.12807931738040115,0.02132365255125578,0.007979952943379713,0.005393766290977104,0.006940851863200997,0.0011780324154172875,0.003835908086362678,0.0007495451269735657,0.12268012337650987,0.7018388499655225
124,0.01959429888209274,0.003995286654656783,0.015298732205263807,0.01964306188880376,0.000968328451350979,0.007773782266324809,0.001792494938363498,0.0030596225587390604,0.5234607243512139,0.4044136678031908
125,0.00023371601246127054,0.0015697723933821323,0.00040376868550312273,0.0019427485313703624,0.0002803746866557453,0.022048964217397462,0.0013853251672859563,0.0018512998490433506,0.000707581559587828,0.9695764488973126
126,0.21356645988417988,0.01594628688500183,0.019307057255301668,0.010219416974115712,0.003126089186457235,0.0011708411910072668,0.004064637050378377,0.006122051442162891,0.1591905259359357,0.5672866341954594
127,0.009497098812240293,0.009897757303214943,0.050645689732841136,0.06682183400333565,0.003085136520473681,0.001888377985386433,0.0013290946823038268,0.011793927755578037,0.06899820071209337,0.7760428824925326
128,0.026892851641141954,0.0033380440697834673,0.012458181321085377,0.009361102961133004,0.0006951230111482728,0.0016054854745828763,0.0013578495128806706,0.0013260441528015019,0.33209197679991614,0.6108733410555272
129,0.0014268076680281762,0.0011698916004713933,0.0011858556897581109,0.016561539159273282,0.0003977167383142515,0.0021116691661595714,0.0013508740756024633,0.007471370138143126,0.009009964637429346,0.9593143111268208
130,0.11238818959083818,0.012300320136640059,0.0034131586949020546,0.009199053007685263,0.0016263429438268734,0.0017464223243140772,0.006504325986738392,0.0009329441086386744,0.10852016668207692,0.7433690765243397
131,0.005396506021969213,0.008847321350964821,0.001394217320089166,0.02911293099423438,0.0009666509551822022,0.016920463537899874,0.02062744196654263,0.01043851397841595,0.004962442030235854,0.901333511844466
132,0.009805664031115739,0.14549585233762738,0.22165962746143453,0.02578589739743114,0.01022869289274287,0.014525462605788762,0.07710394602932509,0.024325201644497342,0.05045122524549907,0.4206184303545382
133,0.4270509160995914,0.009274355275548275,0.011281983357468063,0.014294219712102227,0.003017185461137179,0.004862768960607126,0.003745273595254852,0.04850446370151072,0.3234437547962956,0.15452507904048438
134,0.008254538394941098,0.014973789790257923,0.0023955192447197,0.041394539653207135,0.0015012925290662207,0.00938272318968063,0.03885845591928769,0.01781357596476604,0.01883207491577943,0.8465934903982941
135,0.009598290869044308,0.012280546570442757,0.0018351982498068912,0.04578718122655933,0.0012600586953884511,0.01893178040062624,0.02635151840809296,0.012456189808014866,0.007523900603149666,0.8639753351688749
136,0.007965833934053097,0.0360083293476924,0.3685076020467184,0.06919665459002011,0.00432226300601125,0.008351453781932854,0.00637645848730681,0.033043924308691394,0.05424084237133329,0.41198663812624053
137,0.011755283581091068,0.01642433743465822,0.002016778165097345,0.06108025903932173,0.00145337807459768,0.01972662958911848,0.026668455366649177,0.01404433921257904,0.00898324889644265,0.8378472906404438
138,0.003942414445414251,0.018790640851266215,0.8565002854060615,0.011719794022964773,0.003976226517530196,0.0049016266456795195,0.0022229626693671726,0.009630948079024268,0.033897439465808754,0.05441766189688279
139,0.030828599735507948,0.06758945484460252,0.01680609136455173,0.0323969968385031,0.15713490076576278,0.014435467221020194,0.11015293141466215,0.013164050309286655,0.25942818507783677,0.29806332242826605
140,0.0031926756098364087,0.013116012190014681,0.0016681584673021795,0.020293208541231473,0.0010300203948472781,0.024144656962579707,0.01456764925381644,0.012570403168526346,0.0036515438134626997,0.9057656715983828
141,0.00014427878312220341,0.0009639543622400515,0.00025194599003790024,0.001323080982651508,0.00017809178683457562,0.01971661779742518,0.0008502442961153105,0.000818710970495635,0.0004321282238144224,0.9753209468072636
142,0.0013279366141059218,0.008476830814224585,0.0013113751692726062,0.007677586309669627,0.0007888882950662216,0.04814407568572448,0.006321398064319475,0.007752830770951816,0.0020838798270061574,0.9161151984496593
143,0.17763727967918963,0.010390033983855877,0.006066967074447873,0.01119799513679905,0.001486864415121864,0.001071060616607049,0.0019879891980225488,0.00146522911955764,0.13459004670307004,0.6541065340733286
144,0.2338172590793231,0.005503508769072645,0.0035823861850959376,0.003205121833788308,0.0015247277075411448,0.0012023140406217142,0.0014330310046873748,0.00037409243776181635,0.12950347170266768,0.6198540872394404
145,0.00936899797101847,0.21973196109176912,0.24736666778364852,0.04544421815401437,0.1511682108848596,0.010326840505261737,0.22828545203376344,0.013632762234239029,0.021865965570892962,0.05280892377053253
146,0.4906577975165381,0.028530700949307073,0.007161148468327107,0.015871238685404746,0.0031449630349142756,0.0060610522251761615,0.006509817228340042,0.003836407379441472,0.1761540766119301,0.26207279790062066
147,0.008961172989763844,0.11544671632217393,0.09554364129061162,0.0744476465981126,0.3699857523855121,0.012529386308784977,0.05639451415755435,0.007385142500250435,0.04273426703808155,0.21657176040915477
148,0.02769625818620401,0.004936427939678998,0.006518560175376599,0.019109925726517762,0.000539282058967266,0.0014719002524152508,0.0011120642395667667,0.0009917199037838154,0.23145354859014172,0.7061703129273479
149,0.0015853361833234375,0.00944696763136136,0.0014280207947823397,0.00880234706136757,0.0008397872044683489,0.04373087063493138,0.007563017320392813,0.008874070831500118,0.0023085122805398236,0.9154210700573325
150,0.4744595595749671,0.020068092183775678,0.00885314319073812,0.013045747048268063,0.003766577796236175,0.00864171346865838,0.006832536126820426,0.007913139935625996,0.31566581489693313,0.14075367577797676
151,0.5197909176362382,0.017751210205637826,0.007770211253386103,0.010147492289409643,0.002728895063598469,0.0033167029420028632,0.004451352345993688,0.0021915353533941717,0.2014634724685667,0.23038821044177216
152,0.322461740771148,0.021717810087210725,0.009550914265617867,0.012075388414178915,0.0029295796298872867,0.0033871550905418372,0.005074680709572391,0.002875272080364613,0.2559893762354821,0.36393808271599626
153,0.007372547794374847,0.21881113867720486,0.45530675270221405,0.024501511793213523,0.014892650961993133,0.01374242774775827,0.05940689075574621,0.02087867408254956,0.011755682228810488,0.17333172325613522
154,0.016441814722144683,0.049919068136281435,0.0469252013356934,0.03339535500287941,0.006206350914485297,0.017484855516667116,0.009080966463743812,0.07466332348169001,0.09530101521527724,0.6505820492111378
155,0.08335971435101325,0.003835041839066071,0.005964351528110634,0.0119363309542324,0.0005585206153440017,0.0006776208034628913,0.0009132142490345494,0.0023396826775027944,0.16502002470968033,0.7253954982725531
156,0.02172458821271924,0.05036908255245494,0.004752470583155855,0.06612088053572215,0.002767336116973859,0.03602048138526836,0.1139316451766139,0.02491188733128919,0.020371925124036672,0.6590297029817659
157,0.004174194256348137,0.00868109301017657,0.029369257768029892,0.008234369644785989,0.0019167579961359912,0.0021038520094072972,0.0037784214557407647,0.0014466229684993682,0.07828916465993717,0.8620062662309391
158,0.007917280855502928,0.0443080516923479,0.029044352930392127,0.030876075931867874,0.003661095295149122,0.027408492244092694,0.053712474171112384,0.007112468669647637,0.0779120406709309,0.7180476675389564
159,0.06756781542708865,0.013676415871647467,0.042964051400988044,0.023117306417393943,0.0034427217384467345,0.006824190220387164,0.003031187674130156,0.029890574820170525,0.5767372638795013,0.23274847255024542
160,0.006938062735033886,0.034377804442526895,0.6018673865700883,0.025763224231404435,0.0055591921243969365,0.004987366427507341,0.004241425927064498,0.024151725348251985,0.09634457363087623,0.19576923856285014
161,0.3614774616331462,0.015177140105476277,0.015184978016390778,0.026798947485010986,0.005988172618349515,0.0037038857736027414,0.009768977744521842,0.05885072521580209,0.13528643108187585,0.36776328032582395
162,0.021779955684938786,0.03400349108084855,0.007522120599705527,0.02066019427687645,0.2879980340687801,0.007257169980623939,0.06610878069949724,0.005029367943079291,0.14795769010933552,0.40168319555631415
163,0.160729431120612,0.04506646347540654,0.028239234805427203,0.011599738099639254,0.016824595905971112,0.0021600371807583276,0.009248826426401003,0.002872280598640307,0.16572322354762828,0.5575361688395157
164,0.004556592762875169,0.012784623854796244,0.005507363765877982,0.02500926306567794,0.00456703795318629,0.3397944834645565,0.01443995540407199,0.00637308141966012,0.012349489650802091,0.5746181086584957
165,0.0022685214531870997,0.007697274617549806,0.0011906485572676462,0.015699960229304047,0.0007606000278339227,0.018594013788379132,0.011514252687532029,0.009504999252271397,0.002620930057339588,0.9301487993293351
166,0.02740278441209246,0.016685405722208717,0.00497494235542442,0.012370138304298638,0.0058756516093439745,0.11622673714308308,0.06422986536394679,0.02037338103892522,0.010956795852042626,0.7209042981986339
167,0.11094230919020208,0.031526038713511416,0.013216043964238032,0.007011582608080702,0.009328149204814493,0.0011112580034846385,0.004508445516935632,0.0009175787967649461,0.09650080577640315,0.724937788225565
168,0.0702873004276196,0.0037453652120512473,0.0016541838391895482,0.0072953774095804585,0.0005503713587060551,0.0013331257746969443,0.0012356654609407647,0.0007254422111580909,0.12124629008325856,0.7919268782227984
169,0.15894664978837897,0.006947661499660489,0.004652735959123854,0.0036978079906105,0.002107772909753284,0.000819586266176441,0.0011719620570873573,0.0003892374399856176,0.1847297096835903,0.6365368764056333
170,0.07622614483603744,0.0018060708973105218,0.0013427551241811185,0.0015126841405054034,0.0004583929105341313,0.0007328280491583232,0.0004695740627551302,0.00016721708757224597,0.11159969254895533,0.8056846403429901
171,0.008898514591594749,0.06260156703127542,0.43764967468798976,0.06465793688033611,0.017640426100760755,0.004919133877479703,0.020070255225925995,0.02954280221166546,0.1112606072874803,0.2427590821054916
172,0.022282020504049038,0.002935799780822773,0.014441941134269552,0.008892145651596243,0.0005825570520975129,0.001316518600983836,0.0009309171098909891,0.001185313448323114,0.3088301816719326,0.6386026050460347
173,0.09979197267409719,0.008545293677019172,0.018324831108729924,0.02919606479336569,0.0025000038176541555,0.0018587124957127662,0.002071560852576546,0.0486582513378523,0.3545976343175309,0.43445567492546094
174,0.03096173241109245,0.10771051923541168,0.02977293438217572,0.04051990978410948,0.12313598932994078,0.005375267911186037,0.04923444305042132,0.005245236171581873,0.11133537648899919,0.49670859123508143
175,0.019245355840287092,0.10978574864207942,0.020207683849745074,0.0206191904867908,0.011827830858360837,0.03389985868034438,0.629919228569373,0.01347223143979671,0.08446560914961285,0.05655726248360988
176,0.1825651881002481,0.046358201201329725,0.017049358186324644,0.038057126095822236,0.010547317541669494,0.0023688847303292454,0.013608345103816132,0.008880133190917922,0.14918399814452152,0.5313814477050205
177,0.01032489608984598,0.13761558865177384,0.06487894622765047,0.08320062925850216,0.014976921901314532,0.026867097669919102,0.10569500109723053,0.023514374106761937,0.07052173538981817,0.4624048096071834
178,0.0005793934132515543,0.0022096592810381633,0.0004703768985386995,0.0037494971676340118,0.0003986384931681225,0.0202835774830583,0.002603640643152883,0.004732169791336408,0.0008874861045907308,0.9640855607242308
179,0.2506079919876884,0.019794779213590755,0.005552870638831722,0.01737146314998417,0.002175063342403179,0.0018152621460199004,0.005262025600636518,0.00242006521747039,0.10225396589914396,0.5927465128042311
180,0.009154930284780793,0.011040366555707833,0.0017013566569818608,0.040610968149140336,0.0012008905540135673,0.01822255757213838,0.024732428079387272,0.012248130996272056,0.007067355879101302,0.8740210152724766
181,0.1375558619118055,0.00408124292776166,0.004736466193095168,0.004058416114431124,0.0005731822245740114,0.0008346188595375134,0.0007882243810324672,0.0004955434893761062,0.1488438776845333,0.698032566213853
182,0.015036871185617076,0.017863444629786784,0.03878844067611021,0.26025722003587043,0.0052265719052753965,0.01658002303561875,0.01464398831219915,0.04255921831610389,0.09863339147610602,0.4904108304273123
183,0.044374632702196604,0.01788848206297054,0.04807660856320288,0.062417043381350006,0.0059102738247573585,0.002838420766268537,0.0062245437624988825,0.041239279266646986,0.26364770232359563,0.5073830133465125
184,0.007838703217411714,0.1458231895523733,0.41731557420572546,0.03282285377367109,0.010825582944756546,0.007345208479072359,0.041719504760131934,0.016736082995748358,0.025155926725295475,0.2944173733458134
185,0.4289995749453212,0.009667267563996185,0.014624568266225114,0.025629493865741204,0.00535172286626209,0.011547285047994448,0.007345731770437071,0.08410283640458764,0.2105637969375844,0.20216772233185082
186,0.24657835437473222,0.013614452790329334,0.006677385811345314,0.005602424860941194,0.0024385466167453416,0.0015670737785718357,0.00371319351370263,0.0007019066333292394,0.13727826419019096,0.5818283974301119
187,0.31684064552230373,0.02050421455584388,0.005487867316339396,0.010778700548573182,0.002285897847502007,0.0048368576090895956,0.004572599957922183,0.004000577711306035,0.35523835324015945,0.27545428569096025
188,0.013163696658682361,0.22900223993053198,0.03141141751423989,0.06732962472570607,0.049706519446767794,0.010104407615109678,0.4090702955609677,0.011998700303218129,0.04625754276210293,0.13195555548267318
189,0.18568252270614594,0.0037665185253684713,0.003084338592837525,0.002548075458229725,0.0008250836736045541,0.001010196745927798,0.0010041828376057432,0.0004492694133659567,0.14273101864484078,0.6588987934020732
