,proba_0,proba_1,proba_2,proba_3,proba_4,proba_5,proba_6,proba_7,proba_8,proba_9
0,0.2154384249047981,0.02099077263879779,0.00035943350294118017,0.00020336619044252773,2.721494546703437e-07,2.246048394403308e-13,3.6562278543468266e-05,4.3798561849996877e-07,0.1087802264903596,0.6541905038588196
1,0.11925233431993836,0.01848365249261708,0.003247652904384288,0.0005049085452132228,1.788353515948158e-05,1.4140224076067542e-12,2.6161839295901376e-05,2.699805185668284e-07,0.0318936887661087,0.8265734476153503
2,0.05515338055549152,0.00010307286564715323,0.010081762530869485,7.030175775208018e-05,8.965671297604108e-09,3.2755009655997484e-11,4.341887544291965e-08,7.185336154260498e-05,0.39399684377907,0.5405227327323253
3,0.6655640832891148,0.00760701515141865,9.586684260481455e-06,0.0002704571203044366,4.952762919169911e-08,3.199790743095679e-13,8.405573867284168e-05,4.272075486422249e-05,0.14197985977677666,0.1844421719566388
4,0.4542275863719561,0.0006452574357587873,0.0008109981957061671,3.6829374996596766e-05,3.6744772613536314e-08,2.2958121727274636e-09,0.0002048058391959067,0.006193475128616398,0.13605661206078531,0.4018243965524
5,0.011983618032489875,0.01756755686520749,0.027563999820207838,0.019338524697489704,0.6583004019322759,8.181841715447356e-09,2.9487177928755274e-07,5.297849802437579e-07,0.0003009585034694304,0.2649441073102586
6,0.5593725772111539,0.03810026936533969,0.0002608475256545866,6.489991763949506e-06,1.662574550486406e-08,1.6251062755696465e-13,3.8847817650133075e-05,5.59036978487629e-07,0.06518223982559133,0.33703815259995995
7,0.27882681105691776,0.013860024082913775,0.03607058767400122,0.00042214665681889233,2.202955222555055e-07,1.5564028766937393e-12,5.281668087595588e-06,5.825781741290139e-07,0.056120959151590454,0.6146933868344175
8,7.608473845194643e-06,0.015150423997120546,2.308300145573706e-08,0.0021419441206329587,1.5573588368660378e-14,0.00023957239881512013,5.83312256391933e-07,6.049774312984711e-13,7.276595360201398e-05,0.9823870786601058
9,0.003614395954737963,0.003584343835935865,6.0073717708750055e-06,0.5567672232150004,7.766608113814218e-08,2.1103499444045513e-13,4.940548991499523e-05,1.3331377661270055e-08,0.15483754771892178,0.2811409854160484
10,0.013238868561904794,0.025465789461628446,0.19052085037374644,1.5286578953102566e-09,2.0425973128574912e-05,0.008456891825249365,1.3629794552855518e-05,3.815719444059666e-07,3.378527829310483e-05,0.7622493756308941
11,0.38357167058821157,0.002629435361733745,0.00020370648788651003,0.0005389415059685406,5.257036848457111e-08,3.815126243114e-14,2.2215596012442714e-05,7.868154844294472e-07,0.04871317313925393,0.5643200179350422
12,0.12575123994470241,0.0009089206847735946,9.601747576619357e-05,0.0001082253417956225,5.7183622625474105e-08,1.3218462272683802e-12,5.090829384574843e-06,5.892305634077938e-06,0.3079828935188489,0.5651416627141502
13,0.004822657849700261,0.014150593496393308,2.740916992627762e-06,1.34923786459216e-05,0.04778510356466725,1.107138106264367e-06,0.018405715586265383,0.0003816122969603274,0.4945473289043776,0.41988964786789107
14,0.22617556179917964,0.0029935382091280218,0.03610279014107816,1.2293667150665104e-06,8.25036668753286e-07,2.9939441287187217e-10,5.431946897927668e-07,5.494347880967801e-06,0.06021381374152888,0.6745062038637363
15,0.09638628607129426,6.127279786246722e-05,4.1333401477501865e-06,4.10001804440542e-08,0.00014360659720289687,0.008028673167396153,0.2701419164767322,0.36212989061390505,0.00032440777573183014,0.2627797721595469
16,0.14019709216727227,0.0005449008774955038,0.002799996904412099,1.0150290730153901e-05,7.95515140027388e-06,2.3665472855479758e-09,0.011714165326792184,0.5315738449595447,0.1709623527631619,0.14218953919264354
17,0.002618701264021971,0.006531296525296278,0.0005298753668996991,0.0031679118989751476,0.6077380608378549,1.310690874769922e-08,4.48246364978486e-07,1.0188411838769297e-06,0.0046363819498045095,0.37477629196268986
18,0.527660778452773,0.07657305215938676,0.005170772262060049,6.784656346663002e-05,0.00011378083224148277,2.1298767798052708e-10,0.0005368162653058771,0.00014431342175777535,0.07094321142932389,0.31878942840069685
19,0.0013281877379360074,0.012022257381755521,2.5674121643394146e-07,3.503694946851182e-05,0.7625182045339488,0.0002948110659359131,0.008003405336976306,2.2074652662102133e-06,0.005063922736440665,0.21073171005105576
20,0.00181198883992798,3.1851255506458714e-05,0.040923401301142026,3.203878077710789e-05,5.992249979337352e-09,9.256963512217305e-10,0.0003125685863870236,0.6762259672702264,0.05675397247953725,0.22390820456854943
21,0.006130119770418078,0.07886171961577504,0.0053448349372211875,1.6965612243673187e-09,0.00249251703067698,0.0987933903629903,0.01420323136553156,2.264740073618606e-07,4.3702316092129245e-06,0.7941695885152091
22,0.0026953869821049058,0.04006732370829933,0.0007623012959076433,0.6593435536469243,2.0298560834703908e-05,8.482393337346795e-11,0.002344394925646638,5.018592591976952e-07,0.016463916655863834,0.2783023222803354
23,0.001015579704044799,0.01268374736874955,0.0011413463149795556,0.0035533528554360016,0.7002139477511395,3.129799063232737e-07,5.90005714227154e-07,1.600509427207903e-07,0.0010824448737075108,0.2803085180953797
24,0.007002163844031789,0.042235564286200844,0.10513998816277284,0.00010557995473516556,0.0031632063037284382,1.4463274072627859e-07,0.0012898237972444864,1.9494023532655117e-05,0.0014566969259489136,0.839587338069064
25,0.03394961164458986,0.00016689764689619026,0.004516649706820882,3.92406559157541e-05,6.324361317808886e-08,7.468621418358308e-11,2.3178465306786012e-07,3.566473469996914e-05,0.44531512382085936,0.5159765166872655
26,0.07592051160633767,0.00018627871366325234,3.645284164232826e-05,0.008356748935713521,1.168255576746537e-07,9.554332457949311e-12,0.003042956331906876,0.02104528037692469,0.6511555819489826,0.2402560724097172
27,0.05871552358763069,0.00024630250569375434,0.013031297376823766,0.006296741560978882,1.321543671230037e-07,9.115004566079632e-11,2.5601582463496285e-06,0.03196330748887526,0.70658357328338,0.18316056179285425
28,0.00039368359602546995,0.00047061505573062505,2.509046017990634e-06,0.006690596376214503,1.6946614727092788e-07,0.0002930878870741467,1.0681575841726495e-06,3.5174289180041415e-10,6.788172291276566e-06,0.9921414818911717
29,9.133789381552592e-05,0.016603918961472376,4.1045254698363334e-06,0.026863965456718684,1.3438308611218808e-06,0.0007383261269863721,0.00012411136558627704,6.81323612858591e-11,8.772518179159461e-05,0.9554851665891658
30,0.000534025904242906,0.2189749206459106,2.63671442801156e-07,0.005747007073729045,0.6367354877861203,0.007058533854968853,0.00908654383409987,2.7777096383884982e-08,0.03184898656058103,0.09001420289180825
31,0.0007785516211179893,0.028402774078935326,0.01785884037575568,0.7507797148065238,0.01304281933929727,3.1083807345749044e-10,1.4611997688415254e-05,3.090537773184501e-09,0.020449513750437878,0.16867317062886764
32,0.012442459841566396,0.10295170059202827,9.296147230439818e-10,0.0026118406864485575,1.0356432373090697e-06,9.872899751226278e-06,0.6389486753425899,6.110013002493049e-07,0.005688850909295294,0.23734495215416812
33,0.00212934219250532,0.00012043573114113248,0.0014022427697792206,0.00038325574188808015,1.1874285360273494e-06,8.0325493285598e-11,3.350527929856353e-08,3.527306168980052e-07,0.1981759092294469,0.7977872405904816
34,0.05510309974138937,0.00045992027978666595,2.696505311125563e-07,0.03759848461592253,3.752519833837201e-11,1.3266622948064679e-05,0.002619647873237286,1.0885401808002616e-05,0.0040410596950725885,0.9001533660817793
35,0.3020450147317177,0.003579795054136515,0.00021651194945920024,0.00988485772601902,6.724962189267912e-07,3.481219039362556e-14,8.677942758452534e-05,9.526196105109517e-08,0.0400393847486886,0.6441468886041796
36,0.19559447149205703,0.0012213649734788196,0.0002635336135116032,0.1679969084939439,1.39460999652889e-06,7.640432748339642e-14,0.00014880172260708937,0.00012517349501618623,0.30923897901389086,0.32540937258542163
37,0.0014399660750008148,3.092048306957481e-05,0.014107125234239164,0.0003619305186791144,6.853596127076232e-08,1.640527878893764e-11,1.0479325137447252e-08,4.665922940688425e-06,0.46482765945381377,0.5192276532805652
38,0.003232392209714491,7.445814964486292e-05,0.005965929724752798,0.0001791884167634414,2.2704441786063813e-07,1.1776475760588265e-10,2.334073099243058e-08,6.225721753016737e-06,0.4572835529206686,0.5332580023537892
39,0.014169695274902217,0.0004377894511529794,0.0003856668070402048,0.0010089379383667826,6.493747480648983e-07,7.894785132063332e-13,7.74104573165522e-07,9.60987240022809e-08,0.05623076995324105,0.927765620996462
40,0.03914312070213959,0.1835232090814428,6.36602374050493e-05,0.00021302257737632117,0.008333229853855909,2.876269667161795e-05,0.6556913388182225,3.3306830022780165e-05,0.024164593253130938,0.08880575594973246
41,0.0006959022060833814,8.739066006561957e-06,0.20719377057999463,0.00023743548729413276,1.0236738209851981e-08,7.247393901466639e-11,2.3966831672104964e-05,0.4460618834329478,0.150835290565049,0.1949430015217403
42,0.006947672433114491,0.003953505107489317,0.0014848639510611497,0.01987716793885446,0.072267505702109,5.148512958545875e-10,1.8562021427856993e-06,2.1750395098349564e-07,0.0009936535939864268,0.8944735570524401
43,0.0010397071669324856,0.3146068895708941,1.4316498816085828e-05,0.0034298794187142003,9.023790458581471e-07,6.794195707151523e-05,0.0033064370977864124,7.750630169859929e-11,5.4891831998650225e-05,0.6774790340012343
44,0.00832286675273043,0.00045515129920891827,0.0011400562600952467,0.0014632953101621873,1.145874836651021e-06,2.8310519185841336e-11,1.7925561026337866e-07,4.690480585605723e-07,0.18079605051645584,0.8078207856545314
45,0.010658348937984934,4.66302467536629e-05,5.0494884073617314e-08,0.20506563529909383,1.9163259889569065e-09,3.03868898325248e-11,0.00010464831198901818,0.00010237326573210287,0.22583786872290976,0.5581844427739397
46,0.016172763626227916,1.334647927906942e-05,0.0005936450713618519,0.0019811315688630397,4.5092376042218514e-11,3.390014754677863e-11,6.109306952065738e-09,0.0025702847538221062,0.5016308114182508,0.47703801089389575
47,0.26650224713930876,0.0069032388339222645,0.0004880608950618288,3.857994323562728e-05,1.0711239619609715e-08,1.6621145724336338e-14,2.1135173928941843e-05,4.833173616907985e-07,0.15031879329268766,0.575727450693237
48,0.0010471711646974215,4.658708942869361e-05,0.0048714052584960775,0.0002975489406429558,3.294080486256296e-07,3.768292523538608e-11,7.158000230795675e-08,6.270591815762188e-06,0.49305054741698007,0.5006800685122053
49,0.017967595940092302,0.03957384561420996,3.054976603073122e-09,0.0019052972333075027,2.4904425333142737e-06,0.03577025325904858,0.5285074824724422,1.4776291331342593e-10,9.862191878887626e-05,0.3761744099168378
50,0.01098519612911394,0.005765870957873245,9.032982589981392e-05,0.030371348847826544,0.5351863500299456,2.1467284213865994e-07,2.408865535483794e-06,1.2344737695093712e-07,0.0002820420649598085,0.41731611515862654
51,0.19797214862145587,0.0011681883759997295,0.00229436447637185,6.998715363151734e-05,2.568297151376035e-08,1.5843140216416385e-12,6.518537784113893e-07,2.662675226791614e-06,0.1398219556104274,0.6586700155485525
52,0.04407499809978339,0.0022377801978820575,0.010405450662625252,0.013226928886634152,0.0001099244500781822,5.788725703818102e-10,0.0008453856606287001,0.001119096889993103,0.2804083667440341,0.6475720678294684
53,0.03969819944952971,0.004061005883325579,5.1470508951575756e-05,0.00010841708388979926,1.5380742296729877e-06,1.1296791860910353e-10,8.5462913985239e-06,4.413621428567513e-07,0.08854880420877156,0.8675215770247928
54,0.5777099271353443,0.006788316413463267,6.546817985575772e-05,1.4932909415407309e-05,1.2562598870118699e-09,9.074032779924961e-14,3.846137004349128e-05,4.116968431960707e-06,0.11653167494900109,0.2988471008180942
55,0.6294106000324016,0.0031280352067608983,0.026260598478695604,6.07547422637946e-06,1.2814807233975832e-08,3.841867576423086e-12,1.150589628677342e-05,9.692980822642197e-05,0.043376831383527305,0.2977094109012259
56,0.02279245959643552,0.00024826808993514196,0.0021437620375779846,0.00023284906936258865,8.454149191804985e-08,1.2498035889141189e-11,6.376579331148842e-08,1.0776652888387138e-06,0.2213284424666867,0.7532529927549301
57,0.005554847305764765,4.672816803723133e-05,0.006610269032799399,6.392336594155621e-05,2.1144766591163878e-08,7.549642641531833e-11,9.408878330462613e-09,1.6742299404512593e-05,0.47937754624356393,0.5083299129553474
58,0.43031437817457474,0.0025980535449319254,5.9682983866233955e-05,5.090649969238013e-05,4.571123026427478e-08,4.327351993249178e-12,2.844684732495326e-06,6.483499107873034e-06,0.14219580303725132,0.42477180186028535
59,0.03370827166289045,0.10985171878986223,0.00528683153709163,2.175113698501958e-05,0.40850129906606186,3.1477634029318116e-07,1.521612456113904e-05,1.2196652746767987e-05,0.010756984674718905,0.4318454155787417
60,5.935562890119715e-05,0.0018392790106630036,6.232895971176556e-12,0.015736764471853282,3.7098747619738445e-05,0.06875964377733722,2.0182859696524155e-07,1.2142158985338315e-13,6.035617013013497e-07,0.9135670529669729
61,0.013692621313592506,0.003764808111465585,0.002156797542634581,0.004664091694793299,0.11532745859340636,2.455643793624603e-10,3.0810764771233106e-07,6.375731758002081e-07,0.00033948403226432086,0.8600537927854556
62,0.010961495074331333,0.0008976967441671474,7.897447304364537e-05,0.0022223245449742852,2.251873059828848e-06,4.712878436688772e-13,1.2239125263230357e-06,4.4964003278049235e-08,0.030152882745152716,0.9556831056682702
63,0.023928352942660054,0.07428701679472752,6.953446184524136e-10,0.004084638969338359,4.371320651108085e-06,3.2038213970212505e-06,0.32047582203541003,1.7863092133265522e-06,0.03618260564367996,0.5410322014675779
64,0.00020603916033456375,0.00366216826786739,0.7499731482659828,2.714506036720966e-06,5.677087413185352e-07,2.0730951560597357e-09,0.000364302288562232,2.9519003145062244e-05,0.0043297365570555075,0.24143180216917914
65,0.004385384951613303,1.7837501164492768e-05,0.05748732577926032,3.9158764049160407e-05,9.157343972860953e-10,9.926997216562179e-12,2.1678584667588226e-09,0.00016182917121829144,0.4977546796829136,0.44015378105626096
66,0.0032463186193351957,0.4439229158785145,0.0034703070548813644,0.0010066446088554943,0.003913506176384611,2.4004699492356e-07,0.25935714370155705,9.01096147972797e-06,0.006363551925249393,0.2787103610267478
67,0.34521403568831915,0.006059391542158651,0.007909317878741506,0.0037436116408905576,3.3492453064567725e-06,8.807265334635237e-13,2.698165877592347e-05,2.0278752374007267e-05,0.19419196062766553,0.4428310729648875
68,0.36301911310438906,0.051470820186312445,3.7568586549220586e-06,0.0004629265416078661,0.0005192740442250531,1.4658113126615557e-07,0.13136934145403537,3.3012264249503265e-06,0.05048905299667132,0.4026622670065478
69,0.4734521396783611,4.0802657529239295e-05,2.3474397262500322e-07,0.00040245398567598456,2.6922663861872262e-11,1.5823392531032164e-08,7.047167949930987e-05,0.0011857804426571009,0.0019803217437247556,0.5228677792182649
70,0.010407471405071894,0.002889352081663136,0.00033985082471491793,0.00084110623670456,0.00017953815398666318,9.914699814434411e-09,0.002521121281143011,0.0007951915675905971,0.7959808237296694,0.18604553480475597
71,0.2979556083669048,9.2343645265895e-05,6.900772522485651e-06,0.021413511408782785,6.498816676702491e-08,3.2398142872581876e-12,0.0002879587139739469,0.014922196884747125,0.29006851767428476,0.37525289754211144
72,0.010860826450701513,0.15798179697808784,0.00018497119973148813,1.8192659634549088e-06,0.6818194254626393,0.00028704084549733465,0.011280743247271185,1.286573354455017e-05,9.809755205243281e-05,0.13747241326451087
73,0.002571515632421883,0.011573767318990732,0.2761788185474838,0.44852381925551416,2.2974440749172696e-06,7.732342367307144e-13,1.021355933037039e-06,7.827158251379952e-07,0.06741433341547154,0.19373364431351156
74,0.0054904835483686005,0.00043476074948010696,0.0006550144434697843,0.000260847810183367,9.235298810302567e-07,1.0109898866601309e-09,1.7469553673006162e-07,2.1870195547948743e-06,0.3868848389779773,0.6062707682145583
75,0.020180713238818176,0.3346831430770215,1.3853223135894725e-06,0.1142053922105081,0.003863011760768144,0.02699565344271131,0.004905524961988319,1.1847152758305213e-09,2.083025881426576e-06,0.4951630917752741
76,0.15465925068010447,0.0041861723160093196,0.004818492524981257,0.00013218990049495695,4.7414731115031964e-07,1.3032911619755245e-13,5.708643128228431e-06,1.1793754949066643e-07,0.02095259478521149,0.8152449990650793
77,1.5645859363505705e-06,4.84411171176271e-05,4.278678417245845e-09,0.001131033277664436,1.1355894035639015e-11,0.016628062779624374,5.631119033546084e-05,1.1094934033993447e-09,3.1807978400425345e-06,0.9821314008519539
78,0.0768859257802225,0.00013746682020879044,5.763827321925414e-07,0.2500751305032624,2.1737991691302356e-09,5.118411830812958e-13,1.0580688341386406e-06,3.124711284882294e-05,0.33926711290565564,0.33360148025192443
79,1.629966162578785e-05,0.0010503380614639486,0.8090520493231999,9.232972645405109e-06,3.503312437019519e-10,1.45380836880062e-11,1.1489330019789892e-05,0.0001580350838284372,0.0134629154253967,0.17623963977695078
80,0.005211313773992333,0.000269915572546415,0.00047888938129398226,0.0037823044808288535,1.3617874142466955e-06,1.5610732136843806e-12,1.2744272929255232e-07,2.221465081883796e-07,0.09968820516085873,0.8905676602522669
81,0.5793543628042855,0.0026510429521691544,0.0007842232506719313,2.3670496603566293e-06,2.558131980854977e-07,2.2691312121185386e-10,1.2802464962587916e-06,6.362642673411117e-05,0.08415145962035983,0.33299138160951164
82,0.16375935806276842,0.0017668143468754585,0.0020326811504715516,2.3692751402245916e-06,2.0957523652659946e-07,1.5949330772199138e-10,8.696137584629386e-07,2.728199156646381e-05,0.1332387959199901,0.6991716199046994
83,0.5784010623262169,0.009029276934455389,1.4520734092280605e-05,0.00035090248610402823,9.589440293726215e-08,4.3614731212782767e-13,0.0001530209551524155,7.635179413918021e-07,0.08149936368124436,0.33055099346995404
84,0.0015804412425342355,0.4000137669631807,4.260599028953959e-06,0.014001899859846423,0.01857507332979932,0.0002447135869303013,0.5079270188082075,9.478481782863166e-09,0.00035090527105599784,0.05730191086093492
85,0.07357750100847553,0.01971904329038737,0.05435297059295976,2.09407060982983e-06,0.0010360041651739109,8.958666362512339e-05,0.8140725669061619,0.019646356991441728,1.2012378976371445e-06,0.01750267507326743
86,0.057783766312329184,0.009105850024211732,0.0006823957823059836,0.0002380109791379325,1.1526396439500966e-06,4.064185740885134e-12,3.806562025042569e-07,1.4954903027665704e-07,0.023353566962721697,0.9088347270903526
87,0.0011659356493137062,0.01689756979442398,0.03695661923179093,0.013873164098910177,1.69292706825698e-06,0.004493641024629829,0.6390527618725242,4.734220295330063e-05,0.00010370978684075869,0.2874075634115448
88,0.639098822065352,0.0026249156920785935,7.096409823301733e-06,8.679761310354782e-06,7.691902630793866e-08,2.945626827859838e-11,4.18245929824586e-05,0.00015256540684395502,0.06202462951115568,0.29604138961197096
89,0.00010741969606985265,0.07268779338171615,0.7550137454835877,3.751788234295176e-07,6.0622382391715626e-05,3.1696020351060093e-07,0.00015041624824791623,0.0005456746535183952,0.000918292302223803,0.1705153437132174
90,0.4390877338767144,2.0442867606803263e-05,0.00022849439536411497,0.0005279349435403162,7.100252709107287e-09,3.374275052350827e-09,0.00024846235454940017,0.24666793201016374,0.019072226012532393,0.29414676306500104
91,0.040541129560527835,0.002211076849989439,0.00012063515232721985,0.0032820000906277113,5.355812100765868e-07,2.5159684743337115e-13,4.854753464007995e-06,1.205239117288189e-07,0.0807066703798717,0.8731329771078187
92,0.00010335070808518863,0.02154676767181732,0.0486475021736289,0.0001484337915857452,1.1610864742284385e-06,7.411338765891635e-06,0.007101607910747621,8.502134509932516e-05,0.0008363263609448963,0.9215224176128508
93,0.07481754098986164,0.04975332528748354,0.07667531970129308,0.0003806947338759579,0.008882707292913647,2.099989294250594e-10,3.636996264473577e-07,5.108570557555909e-07,0.004501955214571073,0.78498758201332
94,0.028303808763382683,0.2616593848934104,0.011170462591050536,0.0002534107437589194,0.13165915563146383,1.2537240426819686e-06,0.02397909504985186,9.231348583232783e-05,0.02593746642589635,0.5169436486913105
95,0.05627578768536894,0.051483597106904,7.889224878970954e-05,0.0064650027064050404,0.0004729019334617439,4.6950037508707575e-08,0.0025311537897794306,4.423241432926014e-07,0.46502963457134394,0.41766254068376635
96,1.8908049545123962e-07,0.0005058028692826889,0.002439608726383422,4.0149091111794324e-08,1.6744469601785623e-06,0.003933338961399976,0.8755397536946594,4.745731209662693e-06,3.7623937118545164e-06,0.11757108394680639
97,0.0037235545443177463,0.0001626611763479788,0.0010754216455597203,0.0006795946190446398,1.0035347237211703e-06,3.0338877656089386e-11,7.721746107780426e-08,2.3794556682877194e-07,0.1400315465715101,0.8543259027151293
98,0.569520072846731,1.1891720273078758e-05,4.632738112402578e-07,4.1500616451366386e-05,1.7887171951988828e-10,1.5276952975720669e-09,0.000639251069056147,0.12435173085388555,0.06345962507310327,0.2419754628401213
99,0.5633633502805478,0.00010890279391850591,1.063575242230167e-05,0.0001996261759907588,9.1505560965162e-09,9.045375951772235e-11,3.9320897214931675e-06,0.0019717618880167255,0.14334784313294174,0.29099393864543077
100,0.007172353694855257,0.0010700285582928403,0.0001103893531410087,0.0004009521373843589,1.0803372230481213e-05,2.9015305965200542e-08,2.3165147288080829e-07,6.588184237344978e-07,0.11380302787489883,0.8774315255239947
101,0.004730586106075078,0.004584314623012712,2.0673765455746706e-06,2.852163768543257e-06,0.6518081551770845,1.3282002178084477e-05,0.00039903578407734846,2.2048153360420703e-05,0.0005833382392784361,0.3378543203746193
102,0.003205317266457753,0.00038196021409569303,9.29695885649945e-05,0.016289177388689215,4.693367651782279e-09,5.229969065999166e-11,1.9449060207428723e-07,3.5851013356129994e-07,0.2729250566794309,0.7071049611163585
103,0.09282461133670833,0.004222288636606957,0.000907309778129708,0.00030403442445677074,4.778481342590391e-08,5.45613923958658e-14,7.352291139066442e-06,3.1624903773266406e-07,0.19511977744085074,0.7066142620582028
104,0.5171033095980393,0.0007792676888098708,1.069888446672547e-06,0.00037703597815449047,2.523125586163083e-08,2.3353291434102166e-12,4.729707295670491e-05,0.0001186966467856418,0.07543038033416498,0.4061429175590512
105,0.0004437552554398597,0.008968980109676873,0.9231607816864432,9.680765314166737e-05,1.540657703997198e-09,1.47706518890604e-11,0.00012694223966090113,3.7512257950019e-05,0.005608247338506819,0.061556971903752554
106,0.13776228256250858,0.006374731115346865,0.005894896543407923,0.0007896815165124049,0.0008007037438089929,2.7583855625291654e-11,3.1056620635010245e-05,5.22514673891933e-07,0.0033890898847193677,0.8449570354708031
107,0.6612227728703146,0.0016045296911423544,0.00011893733061882751,0.0001500292150382814,8.294275961000037e-06,1.0619725445529617e-09,0.0048598433263385196,0.029024605392991898,0.12780182308509727,0.17520916375052467
108,0.020347833518903274,4.920469429165512e-06,6.773687347509384e-08,0.01730807830386333,1.7051276436708904e-13,2.0675748599348007e-09,1.4122509698608228e-06,0.00021157907399609938,0.01114178873391442,0.950984317844305
109,0.029250010093022888,2.9501524540975543e-06,1.4055444235698321e-06,3.725876543766758e-07,0.00021738494624570022,5.960783317233688e-05,0.01602124239040235,0.5910130522954737,0.0006890238573012969,0.36274495029984966
110,0.002167368184014465,0.2575873759236904,0.11078467914683698,0.004218336143869182,5.735001931890199e-10,2.2907274110912111e-10,0.00026648777609074726,4.0564437530348685e-08,0.012400212785860149,0.6125754986726276
111,0.02960689750994987,0.026314364493667926,0.5010762692588557,8.12915097532015e-11,9.910464001949745e-06,0.008305807084020523,1.86230123081147e-05,3.6971670117022448e-06,7.345972705925962e-06,0.4346570849561869
112,0.0004990129312545552,0.01697511466426385,0.00020442594456040948,0.0028924832696129842,0.7441360585014744,9.61701149445512e-07,3.534998409479973e-05,1.8602468962968216e-06,0.0058115923375021625,0.229443140419191
113,0.0025735193232043914,0.00011346863125579031,9.776030911921902e-09,0.0037744130764794616,5.999579750486763e-07,4.1876687722212e-05,9.577638878998536e-07,2.2827118735253496e-09,4.1750344054863875e-05,0.9934534021566775
114,0.31481660924351834,0.02091732463329014,0.045619536365808955,0.00566562340069923,0.0010232647623834024,1.31995014234634e-09,0.004274794487472293,0.003733210391437483,0.1807640940435182,0.42318554135192177
115,0.0008906043412447969,0.0011909248048737027,3.6835348618007694e-05,0.23790411425316485,5.238203176356458e-06,2.5187928493789387e-10,0.0008877865874084771,1.8798022683746877e-06,0.5734985982228651,0.18558401818450118
116,0.004554545996765625,5.0592682379513856e-05,2.06681236173907e-08,0.0023122653291352433,3.6600565903105356e-07,1.0589658794029144e-05,3.2155136411450963e-07,1.1068793042023045e-08,3.894826438256761e-05,0.9930323387746032
117,2.9739368627461964e-05,0.08935864446805196,0.004217201021298189,0.05716143734557025,1.301531387605338e-08,1.0430073386201613e-07,1.1876423084945444e-05,9.284150026336898e-11,0.021707638333888928,0.8275133456305891
118,0.3951793983799868,0.03168408036069813,6.297446355228518e-05,0.0011497217175112364,1.3358368172194624e-07,8.609751069909459e-14,1.313820599084555e-05,1.416674355899445e-06,0.2501261342103707,0.32178300240376645
119,0.6882528629176978,0.006512844306726596,1.9982625762694845e-05,5.983744665410914e-06,9.658911797317054e-07,1.8248120751760093e-10,3.571751991941416e-05,4.735859473595549e-05,0.006644830430069484,0.29847945378676155
120,0.00016020661125909055,0.008761740815681311,0.00042958979081818527,0.00624080502547434,0.682636823236198,4.561705452852935e-08,6.320616716164996e-05,1.2416083568494437e-06,0.014320893160946903,0.2873854479670491
121,0.00309680655652843,0.00010114236300079746,0.00036060403792383415,0.00027271266134290653,7.483624469972946e-07,1.4007883486343443e-11,9.742039060442191e-08,2.431588906857247e-07,0.08978420561173527,0.9063834398137325
122,0.003806964378984413,0.0001362356612929359,1.173221778856015e-07,0.18624705645231734,4.198681106929283e-12,7.687511344404447e-06,8.376070784075705e-07,2.1422744665657144e-08,0.0007705106311108306,0.8090305690087504
123,0.11469312706713694,0.06995367528060788,0.004906358951530892,1.823120777328845e-05,3.269559441899268e-06,1.3708754469103226e-12,4.3132369423088806e-05,3.658154501474955e-07,0.04573845668676979,0.7646433830604952
124,0.014967349368621876,1.4275858236938619e-05,0.06182878974284552,1.3923036758526934e-05,1.701333255684037e-10,8.473658916343709e-12,1.5630077365027224e-09,0.003808964464352444,0.6321346959253693,0.28723199986220066
125,5.59470361041717e-06,0.006284920485306107,1.9749032136523646e-08,0.0036574399462967087,8.699640815459981e-14,0.0007299622104947971,1.68768391076562e-06,1.8780772586368493e-12,4.242984029135489e-05,0.9892779453790926
126,0.634679796868163,0.010927712903178375,6.935506359762803e-05,0.0033644504848936393,1.330622269385515e-07,1.6308214964192463e-14,0.00030439453221482667,1.7855285932906595e-05,0.20086320381186504,0.14977309798791147
127,0.016070563081518423,0.003366623115276492,0.009395987122774863,0.33065624978336455,1.2041807357992877e-07,6.041352226007257e-13,7.809757728797209e-07,6.812588546732616e-06,0.5002122441100508,0.14029061880401753
128,0.0033923182873552378,0.00013406049028906103,0.0004675850109235612,0.00010357091912393403,2.408616848192977e-07,2.5743416740243897e-10,4.408215396876675e-08,9.914240178776997e-07,0.3586156426034263,0.6372855460635911
129,0.0015343904378442971,0.00012454559620570047,1.8374938846250566e-07,0.32922343502186013,1.248748357815978e-13,8.475936447597953e-09,1.0591718416256577e-08,4.791923782435941e-09,0.00212233883186909,0.6669950825031288
130,0.09713243591853025,0.01133858019411739,0.00024473048105543927,0.00017251765901773347,4.6123530682164005e-06,5.220606845096934e-09,5.939525685997847e-07,2.492785889543259e-07,0.006607079803795742,0.8844991951386508
131,0.0008473840699935123,0.0001369781343171277,1.5836968418140247e-09,0.005834289624403778,1.2662003871709593e-08,4.469369752570052e-05,2.115414597861493e-07,2.1731748251413958e-10,5.392446452223893e-05,0.9930825040047596
132,5.7903011527900146e-05,0.014220580861784744,0.5772000154296467,9.293865320243563e-05,8.130794438234191e-11,3.317099972490332e-11,0.0022875467914554594,1.1775533955812418e-07,0.002559645292017866,0.40358125209054635
133,0.3230607599154986,0.00013870660510558347,3.4162611729251306e-06,0.0028616308507639653,3.738842255544697e-08,1.3312976442361668e-11,0.0005920000673446343,0.0165301151328955,0.41439208728280363,0.2424212464826797
134,0.015908772868539877,0.21531994004003183,1.985910751106802e-09,0.009685040857855827,4.015649674936003e-06,2.8650537497421785e-07,2.7581197286200508e-05,4.073468987808066e-09,0.00037520389368694043,0.7586791529281697
135,0.0016835220695319683,0.00011085684204088726,2.4995356078840264e-09,0.0043970757349504315,6.023320603324176e-08,3.9357481338621565e-05,3.123330064654449e-07,7.070047834645298e-10,4.373719380356241e-05,0.9937250749055816
136,0.001657208919050889,0.0005114958289889686,0.5002868155906074,1.3257906699691194e-06,7.989852783061412e-07,9.674292773589837e-08,0.0003447615071198135,0.01284254762291984,0.068440015579654,0.4159149334327832
137,0.001805002571502004,0.00016284848667801508,8.27766123824752e-09,0.004824384751979333,2.840182341948017e-07,5.126695083651615e-05,7.288211092265177e-07,9.51440583309312e-10,4.000673795677248e-05,0.9931154684326021
138,0.0008704885734219543,5.529927011550006e-05,0.432270384475787,1.7631775852346655e-07,4.0875521298528964e-11,6.688252789504286e-11,1.6951074588020378e-08,0.0007771186203872226,0.3000362032554333,0.26599031242826376
139,0.00948995803822628,0.06024058760675973,5.360715043403787e-06,1.3157451864224345e-05,0.015191537503816068,1.3816878058739143e-06,0.0194307724940748,0.0003891567051167566,0.767206657175624,0.12803143062166888
140,0.00020418163527383874,0.0007734893204670855,1.3005060003260598e-08,0.004843667030149842,2.793044452761393e-09,0.00016853686243702227,3.9097065982843673e-07,1.0863784345936414e-11,3.3631538819747816e-05,0.9939760868332245
141,3.2053593289373217e-06,0.002380203969242035,4.0815538149011755e-09,0.004592096755681472,1.277935472973315e-13,0.0017882915737583993,3.2415217983650935e-06,4.8298341717326315e-12,3.172291922381519e-05,0.9912012338144556
142,1.7701482738604592e-05,0.0009448335621895788,2.020058705778742e-08,0.004488143778005386,1.31933192992285e-11,0.0037862859269863435,1.2767299532030358e-06,1.2811725290388488e-13,6.8799853659562235e-06,0.9907548583208524
143,0.12719853676166412,0.006394159341793101,0.0005733090850118991,0.0033291779150965645,2.7920176720540386e-08,8.403932491446028e-13,4.9689648882907465e-06,7.769651947902935e-07,0.14898432720452032,0.7135147158408138
144,0.4497333854472873,0.010265198415854989,0.0008211049957008836,0.00016208583691122258,7.495332822426495e-08,5.328430943544892e-13,6.047449327335276e-06,1.0468889551666065e-07,0.05408221016477749,0.48492978804738424
145,0.0004955167567701614,0.611865742512709,0.012030662355107675,0.0012993560903405256,0.1826736690445405,5.213125530831509e-06,0.11131730787684659,4.869614329947458e-07,0.004602507727173454,0.07570953754954818
146,0.5193923637969003,0.012404557813784646,0.0001867910903331691,6.4326453604329425e-06,3.125907869813026e-06,1.6970384105328802e-10,0.0002124527748688466,5.495101243634796e-05,0.05629683894754242,0.4114424858412002
147,0.0004558024428151934,0.0017891315657465284,0.0032165529424331317,0.0377781342831395,0.5525543354385423,1.6535762122487334e-09,1.927687666676766e-07,8.642964700465267e-07,0.0037094972387687287,0.4004954873697418
148,0.0025569806529812376,0.00010747931276003241,0.0006318523163652236,0.002394245880987181,2.921399166963646e-07,1.9186510393951934e-10,1.0035275464018094e-07,7.640726976680951e-07,0.2868954805106318,0.7074128045690403
149,3.6655076970992596e-05,0.001333326924455211,2.1086066409085857e-08,0.0033316839410767064,3.165857673554247e-11,0.002063109954957293,8.782360820187443e-07,2.8529158470041413e-13,9.313027450889767e-06,0.9932250117209966
150,0.40915215365516994,0.0028299723013997806,0.0005318232032336346,5.67185739932453e-05,4.5411146617759063e-07,2.202105195608321e-10,0.00012053858680650496,0.00041572551199799785,0.08620315243654939,0.5006894613991728
151,0.5792168849220488,0.0057754517468509795,0.0028628682198845005,2.5737605936627918e-06,5.407660419324444e-07,1.1895123724013004e-10,3.1187942047700165e-07,4.466127927276099e-05,0.1114252146998067,0.30067149260712894
152,0.3438315760412357,0.003728520308497888,0.005446155233809815,5.597932241814434e-06,4.02104763066506e-07,1.4646449654239147e-10,8.393915311432496e-07,3.459712067962586e-05,0.1003502364038246,0.5466020753169518
153,7.592402867900209e-05,0.06701026532293365,0.7108392502345169,4.3211022190622864e-05,3.1446281308797896e-09,2.288595143407563e-10,0.13678578935584654,3.617928948022838e-08,6.322325718725676e-05,0.08518229722586887
154,8.319801366197406e-05,3.917821299983484e-05,0.5078227270827993,0.0018959900900479057,6.127878412018198e-09,6.597011907469449e-11,7.133167335447562e-06,0.04007309287901104,0.049654348027110995,0.400424326333185
155,0.003750844315677888,5.1951654054734036e-05,3.5341210399978594e-05,0.004754863003579784,4.794164523057808e-08,6.284291428057437e-12,2.538869526550036e-07,4.531170868645917e-06,0.3764320718072071,0.6149700950033298
156,0.00012169218145823432,0.0006560787090590692,1.2040325525366945e-05,0.00040672484851168086,1.629429455134533e-05,0.00043841406267067955,0.00034207800992946036,4.869100479570247e-08,4.8077193557934174e-05,0.9979585516837314
157,0.0030235422334359027,0.015147069938746267,0.2494188014043063,6.832105438261512e-10,7.574488613497373e-05,0.011269211977868404,1.3919683812708069e-05,3.7843751055358337e-07,1.3549947333222518e-05,0.7210377808076411
158,0.0005919330730469394,0.00015001514013868284,0.00021489446893138662,4.4705959079346235e-06,4.97819381780784e-08,0.0003186809858814746,0.06255386143946029,0.0006670802755443997,0.0004964540963967937,0.935002560142754
159,0.16149222450831036,5.301838034087925e-05,0.0003657170141677784,0.0007357228012037503,8.549169745182553e-09,4.948829998856247e-10,9.501871072416403e-05,0.10366074180267622,0.34333992581226874,0.39025762192625535
160,3.783545803544778e-05,0.002187758516893284,0.8564848037674021,1.2475882708808443e-06,6.07923018409377e-10,1.0678413490284893e-09,5.1566763152623e-07,0.00018328088581245208,0.023224537054294475,0.11788001938589532
161,0.5122923668904917,0.0007553513824770276,6.288015595355429e-05,3.732754623448136e-06,1.3147075510159423e-06,7.915099304499224e-09,0.013969865790967526,0.21100470296529228,0.1895937220272159,0.07231605541032826
162,0.0053286771799438,0.05623329419307247,1.2298698547179208e-06,3.8583347852037684e-06,0.733404732529479,0.000229070189571299,0.005345798866473849,1.4741525281717396e-05,0.02243043702844241,0.17700816028309568
163,0.4367938867839865,0.16039152444538804,0.005603623662394638,0.00018349388548942727,4.707503029673071e-05,2.1318747000980456e-11,5.562103979997338e-05,1.4988003543249976e-06,0.05339480091440248,0.34352847541656906
164,0.0002998407670351744,0.0002101642562380309,1.4235884859358744e-07,0.000173978409670452,1.1912052868167114e-09,0.4133558609050576,4.5692597314679904e-05,7.027718903211466e-11,1.1483856430240498e-07,0.5859142046057887
165,0.0001371437414548477,0.0003439017585206462,3.593101136678658e-09,0.007893142871747456,1.360320990590168e-09,9.688078152658106e-05,1.5722333486323917e-07,1.0743876516598903e-11,4.383611165068265e-05,0.9914849325475988
166,0.0012180447870829383,2.0545814018657318e-05,3.6642866011527974e-10,9.33654577322343e-07,3.312400998423249e-05,0.3177741099481175,0.0007209985253231803,9.289983951603678e-09,1.2684631414106945e-06,0.6802309651413422
167,0.19380513742683259,0.008537428478845801,0.0048644637910911,3.3251758821675896e-06,6.245735117619455e-06,4.311876063527849e-10,0.0001750826649394341,4.41700320899367e-07,0.0029864098058035183,0.7896214647899793
168,0.005220300823984559,0.0016339980028419157,3.6292971096999164e-05,0.0001939746157638117,3.323129869070723e-05,1.2523373539660303e-08,5.372936145870241e-07,5.026510547385472e-07,0.03307142693829111,0.9598097228812881
169,0.018480737697354067,0.0010809491952388298,0.0001310245198759602,0.003641334537971042,1.12539086119164e-06,1.9032873264466736e-13,1.6762360158139898e-06,1.2686584887444812e-07,0.07633469538944634,0.9003283301671975
170,0.0035363082312199097,0.00019462665658108748,0.0010268664309659374,0.0005179121468404141,7.600456849572875e-07,2.3256076664635534e-11,1.4721753391097214e-07,4.804518559597985e-07,0.2249265293727592,0.7697963694233025
171,0.00032999813094783056,0.0020902770050935083,0.7664846400810282,1.1750426250855416e-05,1.35455646513692e-06,2.4934058086553454e-10,6.681038460629373e-05,0.0005306375810665186,0.010174565499454882,0.220309966085746
172,0.004676941201790205,5.6642854533176734e-05,0.013687202734337447,5.343622488620516e-05,5.246777663940393e-08,6.291276129778504e-11,9.790902103619127e-09,3.116390542208835e-06,0.3755923963869007,0.6059302018854186
173,0.19369139732239302,0.0009656261073679724,5.536042249837761e-05,0.1755868827618566,6.341608371148721e-08,1.1719797415831128e-12,0.0001623031396049968,0.0003985737859040325,0.1830243364492646,0.44611545659385465
174,0.18877392455927808,0.15023817523555497,0.001086276127946075,0.0008961014499387908,0.03460600100945256,3.247857307188055e-08,0.002339380304850295,0.00012477213775389175,0.1848202225308123,0.43711511416584004
175,0.00024217679628139166,0.17706819569648974,1.0975092222827846e-06,0.0011477554338668158,0.10019140309747054,0.578531260632667,0.0030997721915640274,4.834372459407809e-10,1.336123478062956e-07,0.13971820454665318
176,0.059687102966933824,0.008358942514574226,3.298736622344542e-05,0.0016028995954510189,8.432643691633898e-06,4.797494484166771e-10,0.0059103340498172065,3.0684460858001005e-05,0.6794163139771233,0.24495230194557777
177,0.00044342174722405064,0.5501533999645155,0.007971637016926342,0.039452131616162525,1.8017944627425852e-06,3.1483792839540385e-07,0.0015256667186724147,1.0711431163133463e-09,0.00075554815344356,0.39969607707952143
178,4.0479328513787526e-05,0.001199100076292303,1.130084725892188e-09,0.007569208490363996,6.981224449019672e-12,0.0008942206112021777,2.065065221759002e-07,2.075833694273011e-13,2.5790930412657555e-05,0.9902709929194193
179,0.2018481589820184,0.0015764482414439669,0.00012908110883486635,3.566716584447959e-05,3.015366989009764e-07,9.266703524304938e-11,5.9065314418821816e-06,1.0016255545344604e-06,0.011097789350871523,0.7853056453646243
180,0.0016181532622648544,9.948039455159145e-05,1.6880523964769519e-09,0.004492663339239312,4.019397480898957e-08,3.5096065347588645e-05,2.9166718917086246e-07,7.147725569477329e-10,4.9060660766332405e-05,0.9937052120138413
181,0.011681856518806946,0.00022213929422685552,0.0009835220395295764,0.00020750490197780574,8.354147206212375e-08,1.1340714726443094e-11,1.1300072176284106e-07,2.1337773316473295e-06,0.3006801507892825,0.6862224961253102
182,0.00019911378959707187,4.3228977213313206e-05,1.0988879172625225e-10,0.4714062610367309,1.5239131493853138e-12,2.4774275719681147e-10,4.41859205639296e-08,2.0531761158045765e-10,0.024547828512418636,0.5038035229336464
183,0.2619690632227429,0.009648416524890785,0.019949778255363183,0.026559324393007143,1.004586809282933e-05,3.381420892767161e-11,0.0018104710280416932,0.019054689355217452,0.21733903488504736,0.44365917643378244
