,proba_0,proba_1,proba_2,proba_3,proba_4,proba_5,proba_6,proba_7,proba_8,proba_9
0,0.1573560345349865,0.023833467880962352,0.01788797121273672,0.007073170234768823,0.005138325329069259,0.001234691240328782,0.006062364525986402,0.0013296402907944094,0.14241428009683674,0.6376700546535299
1,0.23205081672125608,0.035106424684203996,0.015839825648890922,0.00934662323060897,0.010879913416009756,0.001479029562021085,0.006039077586438467,0.001714651704558519,0.1972945478272405,0.4902490896187718
2,0.10734681065663669,0.006028640925023667,0.018414088807959098,0.009662864849571394,0.0012646796290193471,0.0020452397056554784,0.00317924566723205,0.0027924381832706846,0.3023012891650257,0.5469647024106062
3,0.45136008853649184,0.023373402474102724,0.009520489153815728,0.022922067930724873,0.005204788459524977,0.00395159536691541,0.010422266117977568,0.008948183011781935,0.21091883873567885,0.2533782802129864
4,0.27550378321286095,0.008262919267907867,0.0071442872850402545,0.00863796774065991,0.0014820909022311634,0.0011255860973887605,0.0017582688462089322,0.012202826540498554,0.22481991419881914,0.45906235590838407
5,0.012547133387898122,0.16793548726173385,0.09611470952294697,0.09387871060563518,0.32033655080719603,0.010829021417564621,0.03679000402554736,0.00846074741817406,0.03297938265031845,0.22012825290298532
6,0.20869088741056302,0.016733040506812357,0.011724483521544746,0.006279008008616817,0.0037299485326693265,0.0010963526086755454,0.006632973732669928,0.0013373243446906952,0.11286413790867214,0.6309118434250853
7,0.14452183533052426,0.03992784984660573,0.011741361468181376,0.01656697905537395,0.00612147446933695,0.0017904259392997257,0.007062462910501117,0.0037994368874998997,0.06778461250724378,0.7006835615854333
8,0.0005699091173706606,0.0028000677066191567,0.0005893444889995687,0.003263121831977059,0.0003745908852463221,0.028963985626525694,0.0015847535235508972,0.0013774645282807238,0.0012087804192541037,0.9592679818721757
9,0.037634305497500006,0.0868909866396911,0.009735832421702836,0.14097735018729998,0.007938105345353856,0.002230974311110899,0.010720994600123436,0.00422776906706037,0.08382010839103995,0.6158235735391179
10,0.018196260378323163,0.021069823379184824,0.026804408347737795,0.012414403352706677,0.00390459443053642,0.003732975881597143,0.006564158404430343,0.0029317691174368427,0.09859718946639068,0.8057844172416564
11,0.18359259535037245,0.027151894500780514,0.018341459557841954,0.010645959688755379,0.005303255819333488,0.0013780940375680895,0.006872426086428898,0.0019140212704812655,0.14399081651975326,0.6008094771686843
12,0.40123109707849686,0.01355282275676448,0.0040142288096497196,0.006411013591586713,0.002417270850352783,0.0018027648539677118,0.004820095027312176,0.0023207957375999955,0.16087106940545215,0.402558841888817
13,0.0448198566157212,0.01722562160309531,0.0036813843862104115,0.008476431610213195,0.10069083904352388,0.005928442906181424,0.021273288345904664,0.005363425213458431,0.15812094713865665,0.6344197631370351
14,0.29267056676554637,0.012677374660610159,0.0037860689822956897,0.008031411174154181,0.0015788856220496984,0.0016823302036089237,0.0036071608218595243,0.001184683745153724,0.2683030862235159,0.40647843180120613
15,0.05180463346474275,0.04453769307001383,0.03808045408081795,0.06150426376106764,0.018675587174732482,0.0522807565075465,0.16653508043922371,0.06795988135621284,0.09806336397431811,0.4005582861713241
16,0.09750176188268007,0.01521943182446418,0.0505332518673001,0.03734059217430979,0.00837693644500274,0.006321327889836377,0.01066494498539724,0.29590711392998287,0.25222288879589944,0.22591175020512752
17,0.01750210927854427,0.03900195321150932,0.011253627028158937,0.018450068297305427,0.4192746951701141,0.006866545041270486,0.02786152271242445,0.006448452927379666,0.09828663362608053,0.35505439270721273
18,0.2077763717118891,0.030695101538671023,0.01957552592046461,0.021752561391689317,0.014156743355620649,0.0014237021093555608,0.00902611432402596,0.006334711266664076,0.17408457159425453,0.5151745967873657
19,0.02399435231931812,0.045776577565642594,0.008510526920446475,0.023239332677052086,0.393647035117352,0.015957421295451118,0.07838105798089205,0.009253739177129634,0.0754437450731245,0.32579621187359115
20,0.03649824419110017,0.02116653919779818,0.09244446562457395,0.03883845299417756,0.01009315702926807,0.013302777525892009,0.013253301428883547,0.15956015147503988,0.14512878175467642,0.4697141287785902
21,0.11400371058876957,0.013328688166984348,0.005642954415092584,0.004708392456773195,0.0022319802136628194,0.0007314217592216056,0.003262112024577927,0.0005660778824735043,0.12781056245126146,0.7277141000411832
22,0.015121629061740841,0.10223186369679843,0.07779756573094526,0.1209426609069716,0.011601748023798606,0.014951437572107124,0.014244668707562212,0.019698679192939696,0.07448429136099824,0.5489254557461383
23,0.020682177281530132,0.07782944830135312,0.05338315077481172,0.030579562335583135,0.4519280701277592,0.01244910777038676,0.04095601289526359,0.012758342676642645,0.07318341860587128,0.2262507092307985
24,0.010340777796200244,0.11139823107494203,0.616984852086071,0.045643240499857025,0.03325380605179246,0.005390141632208018,0.04366675882794066,0.007841091344931817,0.022726097116644847,0.10275500356941153
25,0.14597148780945446,0.006114727723775083,0.011541819231442367,0.00493494336931153,0.0009926520458399435,0.001265861642246762,0.002962281015463419,0.0011991424813392669,0.17838487164311617,0.6466322130380109
26,0.18361036711561707,0.00370285237033278,0.014333612288774984,0.010572629379725702,0.002669136414841152,0.002152800804513775,0.002274389795352787,0.1262569774298314,0.27844896810398856,0.3759782662970217
27,0.32075320257754125,0.004949982452339206,0.018023084055850867,0.005713614683648517,0.0020914701199953273,0.0027970062395343176,0.0017565152142010006,0.048857542359913166,0.3465665324103914,0.24849104988658485
28,0.006500926683186419,0.028932714096931524,0.0013633344324879744,0.034175464034331554,0.0010442386212885862,0.02102765547472623,0.014486245995518765,0.009384914156667833,0.0076247318191240135,0.8754597746857367
29,0.02763408723390536,0.15017956665628332,0.053375527077318984,0.1840518473878624,0.010814151298231591,0.038538985627121596,0.029483050740554233,0.04182737791891339,0.05202577337446417,0.412069632685345
30,0.0182110583211404,0.18009467648499855,0.020822026535219678,0.0714274343555692,0.2837243133645987,0.011502902229132835,0.25743113048883676,0.009993324348605703,0.0579801635581326,0.08881297031376509
31,0.014866048930536807,0.2568488706502641,0.13593466296962395,0.16312559656930065,0.10491128244479946,0.008261301438835621,0.024673810119228267,0.008153093670897402,0.031341223107876764,0.251884110098637
32,0.04453721792141995,0.024630466642367507,0.008459831852528887,0.08825396389219017,0.006670863064094968,0.04994427097122713,0.15097088822378724,0.03717514966497631,0.14194926261095828,0.44740808515644936
33,0.10164983121531722,0.0022654838858640076,0.0018020543221364202,0.002186574112702289,0.0004110606397405765,0.0006538336541823716,0.0005180891558970986,0.00024189053743678123,0.1851627662765594,0.7051084162001641
34,0.02273907165411453,0.0044609632230521706,0.0027749939431341805,0.04550372282078548,0.0014799283748909596,0.0224277543864416,0.004860931114172751,0.012254114899450745,0.02685064401906652,0.8566478755648907
35,0.10912664131665231,0.015738875160657313,0.008229896705906072,0.007588510892277182,0.005102771161941462,0.0007066780878810982,0.00392129241862537,0.0011710026616624037,0.12251097315606023,0.7259033584383364
36,0.1965146838174003,0.015221949542354925,0.00837972174337206,0.015009904803711381,0.004637230879773575,0.0011552126794245113,0.0026472791114870954,0.007347313551926005,0.19726821591213503,0.5518184879584151
37,0.03403041392309841,0.0030430599965761734,0.013030651261914128,0.005953689014764025,0.0006512759448431403,0.0006876314787394082,0.0013881454342278827,0.0009933952138312322,0.19430582950610498,0.7459159082259008
38,0.03432697993843707,0.0028689881478347642,0.008427173461263572,0.007292859334813997,0.0005708136218401359,0.0007706701620268792,0.0013047554635472031,0.0011097300534299896,0.18995243543880055,0.7533755943780053
39,0.09643413195177761,0.004673857774042317,0.002599995506814154,0.0018180437706017067,0.0013079842841957408,0.0005097948581760171,0.001083405913568839,0.00036926179036734635,0.15838401159272272,0.7328195125577334
40,0.01863137919095343,0.21474514481216733,0.052227153076316264,0.22198643305675572,0.14711360437346865,0.010456564387332284,0.167842882513441,0.012868127697955253,0.054668869082936895,0.09945984180867351
41,0.04245882930550726,0.02453640544582055,0.07027419784306038,0.05027929477782984,0.009109436526225598,0.018925720531921836,0.01344308285042154,0.1826241720753563,0.2511861780889994,0.33716268255485754
42,0.04296143810130117,0.08986165378002053,0.03361741162082301,0.032595062848865396,0.09362661441700826,0.002809425290829083,0.024152769866371084,0.0037239281000811613,0.0440660747843858,0.6325856211903145
43,0.007140402478164623,0.03811273578358503,0.00657810389048668,0.14334968098218642,0.00417439793791763,0.007625926873129705,0.019497012582651154,0.00535351277113707,0.022625936812522795,0.7455422898882191
44,0.07281886403335779,0.0033895454012792506,0.002318013888587371,0.0020411263579258932,0.0006909000669582125,0.0004780971783868269,0.0009691546965693983,0.00037024391457167715,0.12939856253045826,0.7875254919319051
45,0.1821540103515083,0.01531934113689156,0.009257215915705906,0.12263504691307398,0.0028036741534549587,0.0032959590449070067,0.007066210098337982,0.029053309806107052,0.190366749703052,0.43804848287696113
46,0.011014963921657274,0.009949876288273754,0.010766514919249478,0.030177645738998875,0.001924751882797614,0.0237671392289193,0.004179529156595705,0.005848540004000707,0.19073988976122927,0.711631149098278
47,0.2269063553045664,0.022756515756757332,0.009313205852317088,0.006814205964024745,0.003825935210325362,0.0012472405018566582,0.006941708567055283,0.0011367882565650536,0.15401980568483706,0.5670382389016956
48,0.04254446934564409,0.004167493531273421,0.00863163925679369,0.0065561033531418055,0.0007098520807945498,0.000894441018756095,0.0019477959390207837,0.0010711923626364975,0.17658550474309784,0.7568915083688417
49,0.024322902536609507,0.04776024739988587,0.012518752736382916,0.08628441158862421,0.012383116896223281,0.022788191814382755,0.2939875171073099,0.01609214670666208,0.08109009129835068,0.40277262191556906
50,0.032348189032967184,0.09780557809297023,0.034896709050161547,0.09747349260849993,0.39655967623953703,0.007087533605548656,0.05331921314520668,0.008265207997276968,0.055766366448772954,0.21647803377905858
51,0.2994158653125814,0.01210153773530808,0.006196284856010201,0.00498635755081364,0.0020427896637965357,0.0014774284032229934,0.003840459479599981,0.0013160817923206266,0.1707305295640089,0.49789266564233764
52,0.11238645957146025,0.014062030110852212,0.012342133875567316,0.040752002682498886,0.006076654135474441,0.0015056285221193531,0.005394564421592849,0.008538156997360475,0.2140392145929694,0.5849031550901048
53,0.16232719758220324,0.007504491109394819,0.002280484343962369,0.005021360863232097,0.001614181920204614,0.0011167522736508608,0.0035646157814086107,0.0004792068989307742,0.13428203889428866,0.6818096703327243
54,0.2822484497739572,0.013416175615637597,0.009338068492533613,0.0048559591788752965,0.002210156600801894,0.001171767267133468,0.0054203654167520885,0.0015237644230578814,0.14354176864939067,0.5362735245818604
55,0.45914823074355887,0.015958084422540996,0.008462902475272696,0.008009440788846182,0.0027667552565696783,0.0017283063827970423,0.005299281727310911,0.003128645747805925,0.14676380918869042,0.3487345432666075
56,0.14055000254870245,0.0037400793585425306,0.006507131734468751,0.001878140640055476,0.0007472935973881116,0.000574554713745019,0.001196759155283933,0.0004653321657408016,0.18145451890541528,0.6628861871806574
57,0.05081512912455024,0.002886767139290223,0.010894876717310969,0.007219805035696053,0.0009858811833676287,0.0016106763366137773,0.0018806118477532536,0.002515160092281454,0.2938232714339,0.6273678210892372
58,0.3662888922327402,0.00910242384731948,0.004164049338318797,0.00439308521185531,0.0017625185314672528,0.0013920623527844526,0.003478974281448046,0.0017222000297215088,0.1656887440492468,0.44200705012509844
59,0.0220719046030884,0.1266836818302675,0.03421176419092252,0.0690816277347934,0.3853091939533189,0.007234306641421487,0.04458295952139574,0.007136233217311257,0.05969410535510003,0.24399422295238052
60,0.007550500305963836,0.018157850314698312,0.00352599765334326,0.0802084157674334,0.0028841706067439625,0.05376827586643693,0.03061783435919696,0.007918231062962425,0.008732597349235325,0.7866361267139855
61,0.034665621379444234,0.1377969293370445,0.043663122013751485,0.04871008663078726,0.1017173118424893,0.0033840962219144678,0.02441634320158569,0.004316625358388192,0.04173071903772509,0.5595991449768701
62,0.07237421804607068,0.0044889028813548575,0.0025331982387185445,0.0020288124554793787,0.001759408619748098,0.0004259565174717864,0.0010137604123059774,0.0004009660959276592,0.12817734905534087,0.7867974276775823
63,0.04637848820719354,0.015486578055738278,0.004655465141303355,0.0799121914552666,0.0036057523698899614,0.03212857037460557,0.08333845442412133,0.026956993632966785,0.1849988738381629,0.5225386325007522
64,0.003781091036089261,0.09696521978256466,0.7149562342260936,0.026428483206781525,0.01971147249952702,0.004625280961962358,0.04800943718049727,0.0060146445942383326,0.008229922161709324,0.07127821435053683
65,0.07991085675143272,0.007260054562984431,0.029503759633225442,0.011147404718290559,0.002609306151053681,0.00408864130924098,0.004766666893315638,0.006195222623965726,0.4212203644244504,0.4332977229320408
66,0.016021373790274213,0.2569860550191962,0.18050954127286775,0.14351795050888524,0.13369865618083737,0.011058974808210208,0.16615734743333424,0.012559453055253736,0.024172066705567933,0.05531858122557339
67,0.10409643585513083,0.053340827181234986,0.014316794889718364,0.02788400820152856,0.014734855234727232,0.0026350222620459686,0.010265793091830091,0.0077192841830421716,0.08110566185788277,0.683901317242859
68,0.04447996398660631,0.14156511934161745,0.019377685219443903,0.06393247311321532,0.019136754788682903,0.010869801783320114,0.15608247256007404,0.01120532839361667,0.06868762317846318,0.4646627776349599
69,0.20024774862242564,0.014367779409443854,0.025675390843210518,0.0686347434621739,0.0056879745528153345,0.012260977458559278,0.008012507621296787,0.04851638119525976,0.15074856054344007,0.465847936291375
70,0.09200105829097792,0.03399714355374622,0.014161203898286227,0.031555424163611887,0.029509412631578198,0.003585236781417189,0.01807913338043197,0.010078790821662737,0.3023544366111166,0.4646781598671714
71,0.311536686555573,0.009108827696132995,0.01172867819425028,0.028979667399881913,0.003224094241722948,0.0030393959302684125,0.0043343186274427525,0.05993254459026705,0.2144670516791765,0.35364873508528344
72,0.015527175526381946,0.18725087515427785,0.05116391121882584,0.1290332782518827,0.24925285999822747,0.00977855982147822,0.23170941855361554,0.014125267712045439,0.03324438811488645,0.07891426564837879
73,0.03160241558437863,0.15469656921948313,0.2455980724498224,0.22346384406259076,0.02558616047250806,0.004480896135616977,0.026730885674688624,0.015121037866572122,0.06981562696399056,0.2029044915703484
74,0.052585139844706426,0.005547921752489146,0.0059893341498236646,0.008373548386529255,0.0008403060330655875,0.001308518005537962,0.0032583713785010217,0.0014213763253001109,0.19901280495929913,0.721662679164748
75,0.02855111183167779,0.10138526742782819,0.035859792907279545,0.11702061640947205,0.03174464465283705,0.033756412913530244,0.2745687267205633,0.021525721327589252,0.12596497313957827,0.2296227326696441
76,0.13639591357170872,0.013825959477154159,0.005594763455842361,0.0034273888556220263,0.004456414705820875,0.0006865858202922455,0.003281531569377647,0.0005699363626311503,0.15441416793997423,0.6773473382415763
77,0.00027779066271714563,0.0011105289638669682,0.00034769560721464285,0.0017309497211160248,0.00017728568771769348,0.022166366627266197,0.0014748718719445335,0.0008080231629539205,0.0029335928797309774,0.9689728948154719
78,0.19647280350063437,0.004104405328393588,0.010489632981394572,0.022715196636476476,0.0017860179656149883,0.0015807879764444966,0.002079793880470793,0.0493182825118998,0.20709614361791961,0.5043569356007515
79,0.00408856706694755,0.06342484594221347,0.8244219392955712,0.014495586666954772,0.012344844368186888,0.006373034341958899,0.021815155497619056,0.015855836206467713,0.013521698771058587,0.02365849184302151
80,0.11679601721219929,0.005204343461206728,0.002270510872238503,0.0021390204660954805,0.0010681606324605567,0.00042067532023290857,0.0010876383332737907,0.00027758992819019296,0.1619539793108983,0.7087820644632041
81,0.37017152271420267,0.011599795394914621,0.005725769965498777,0.005034782840482048,0.001964968439281526,0.0014416809410378404,0.004612261193746956,0.0024540155674150437,0.22723658588385334,0.36975861705956764
82,0.37991697458047463,0.014052624537477942,0.00352463936903947,0.011489786330178052,0.002143632936894832,0.002746321451642242,0.00517115103278704,0.002238326096548981,0.30701181357334023,0.271704730091616
83,0.30922708412224065,0.012075716623420657,0.007364047698956601,0.0049633123270502785,0.0026240363302563025,0.0011236827185428968,0.004826281568274779,0.0020165675949582146,0.1272788761062678,0.5285003949100321
84,0.01626217515946827,0.2306248440376363,0.040842324241227405,0.22247728478237427,0.18628312265222835,0.01821786540837269,0.1505826716164011,0.01338985354533019,0.034761243943260425,0.08655861461370097
85,0.014766096499237852,0.21666790273342731,0.08878746244410986,0.056959692844114354,0.03578130512663288,0.01016928652136923,0.52532306538238,0.012536316240676616,0.009814889461314398,0.029193982746737145
86,0.13843262446955845,0.01810850243602451,0.005218793706948275,0.015070078414334978,0.0024491940995404805,0.0012314623972756679,0.004276413887306689,0.0014281749820464656,0.17144350412314394,0.6423412514838208
87,0.010740249659255382,0.12013244122175806,0.035740315967210806,0.030111262652093792,0.008292673302705812,0.10557941787454818,0.08547414276378518,0.01881557235143954,0.038100112129576404,0.5470138120776269
88,0.40161029816619165,0.009114134086515055,0.004478651636996724,0.010908427437039894,0.0025752384764922503,0.0034122866988400137,0.0053866790317173355,0.0050777943843201,0.2096947094165426,0.34774178066534495
89,0.008466620769455879,0.10969476879712817,0.673318252634689,0.036773037638913306,0.0270818252361425,0.005030164706036662,0.032892557124053035,0.02048302460928408,0.03548209832869487,0.050777650155602844
90,0.21841246212437654,0.011218356435289257,0.02445156920975567,0.049049101542667825,0.006080692589307862,0.009233135698136302,0.006425687507583437,0.10246341590400751,0.2055294103940354,0.3671361685948398
91,0.13976299062781852,0.01089109166150681,0.0041848277083933755,0.0035983389534872748,0.0022975852567046567,0.0005275349617818864,0.0022572599987206845,0.0006012191004354324,0.14959357570509374,0.6862855760260576
92,0.013231136627821584,0.0726224654200057,0.05882404697771085,0.025793061636075594,0.03945790517988528,0.024585570831856255,0.2407225870965016,0.01456656624221479,0.20014225141719322,0.31005440857073496
93,0.03977218867623711,0.06215316625781282,0.03558799430614729,0.01923533351175444,0.07442654435631883,0.0022633404994513743,0.01660593473538737,0.003092958724616483,0.04546568398177652,0.7013968549504975
94,0.020460231864592292,0.21889737223115024,0.22694301074906012,0.07146935328154468,0.1518881552633122,0.009482816343312316,0.1280653635390626,0.012496851185346514,0.047521145723430816,0.11277569981918811
95,0.09074132153345361,0.0931183486164783,0.012998248533799711,0.02969796829839747,0.02634678935925565,0.0036123155395171723,0.03870494120661152,0.004441944231151546,0.16964444352019112,0.5306936791611444
96,0.02741946027045908,0.2530566013567236,0.03679993020827458,0.04462508776840271,0.0123846126215953,0.1474991770690182,0.3278476471006061,0.02367029823885903,0.04894913843564639,0.0777480469304146
97,0.07491661190093625,0.002505435465282923,0.0013947545919134614,0.0016746107663464225,0.0005395315079328925,0.00047967925192711724,0.0006366120958027937,0.0002734910636853289,0.14278395996000876,0.774795313396164
98,0.3997239474563012,0.015698765019246427,0.016514513219690635,0.05093952439116303,0.006973765295263445,0.015419631128845214,0.012616012819460455,0.07852529170607615,0.19698405028552154,0.20660449867843164
99,0.4267934705406402,0.0012237509438750558,0.0019765782572521086,0.0033150076867034762,0.00043296246434159535,0.0007697965207218322,0.0005998882669435115,0.006898968306556243,0.1750563899319,0.38293318708106683
100,0.07435755351768106,0.004662757311174156,0.003074471842178121,0.0073404017129239775,0.0007896628954976648,0.0015253762683332952,0.0037316702573918083,0.0014826442086993696,0.1747936381571312,0.7282418238289887
101,0.03207640073144556,0.01720292331013472,0.003107097243763736,0.012751387580228526,0.22589103270170463,0.012127528387386247,0.03769499549801634,0.005645792097624074,0.08288572807237965,0.570617114377317
102,0.08943803581659998,0.014387449923860441,0.006131726752930263,0.03057225510728969,0.0014087513511189473,0.003237709233110929,0.005300173820578787,0.0026872700787452363,0.1847734653313425,0.6620631625844231
103,0.15611081257072074,0.013856121647570885,0.006395695837315152,0.004074224980272223,0.0026140868678894568,0.0007783093557754647,0.0036951211960980896,0.0007755312258917916,0.15642247930744116,0.6552776170110249
104,0.4041029188488165,0.005412583243755761,0.005030800232265665,0.005956481151551065,0.0018182561839992578,0.001530811895980095,0.0029225757994773135,0.006660273269595801,0.1903283782947094,0.3762369210798486
105,0.007114618275384346,0.08552862941953977,0.7038071527101537,0.017587508419486354,0.01821119110088879,0.013867454669520104,0.035295079903798515,0.022072206472132164,0.028227752160328703,0.06828840686876753
106,0.1444984639053665,0.039223713832135056,0.01090740837399994,0.008520917245383385,0.023647236408301384,0.0012513546117400912,0.004637023377402227,0.0019106634078808232,0.13042253736922885,0.6349806814685621
107,0.18318825085847765,0.005348758358603038,0.008544556690675796,0.01315733114032294,0.002179442839048096,0.0027295809421818643,0.0040346159562515745,0.02821308570733452,0.20174538326512892,0.5508589942419764
108,0.04419297519910405,0.010227839870238727,0.01361503619161453,0.09652922911782597,0.002910471865302785,0.020864794586087785,0.007058826092702547,0.028651516101442294,0.11209472075350004,0.6638545902221816
109,0.12913682694582743,0.013943581263551922,0.010554306956312636,0.04650674997424205,0.006441886381906041,0.040274762162441406,0.023924044387577496,0.12513819028132175,0.08967417009572201,0.5144054815510972
110,0.009733611280452832,0.09704488687814422,0.13739754038302876,0.06895379677608328,0.01090066037160606,0.012696139375665745,0.05159921455871033,0.019150959732672744,0.061746477050304956,0.5307767135933311
111,0.0072461638284282755,0.03170944207314697,0.03912418700815312,0.010438225187550079,0.001897507415057384,0.0020410550327409423,0.0056886850237691565,0.001415226456424269,0.06464466872432267,0.835794839250407
112,0.012482484243931922,0.06915558557395299,0.024125068146393692,0.06832490755481822,0.3030453642869733,0.013721788630647462,0.08615413047797087,0.011177425761794675,0.11950307172435481,0.2923101735991622
113,0.01621184468532484,0.02708901558232825,0.0013453370521759594,0.09497098646770527,0.0011239773796068572,0.014448547510229302,0.014481945916974362,0.009446669322095327,0.012836322363523304,0.8080453537200367
114,0.05899863639816364,0.028134485618656353,0.03560990260756472,0.04135047795288483,0.018767213706458435,0.002611045261825865,0.008190889487822121,0.02212555679091406,0.27760190444364796,0.506609887732062
115,0.026783261516185583,0.025060229047533238,0.008411731624213943,0.037507439527674484,0.00741667264303865,0.002036688874109857,0.019284661040769972,0.004795167418569414,0.16438811804100062,0.7043160302669041
116,0.017768739587505668,0.02595358320714799,0.001589018681508398,0.09047662791758519,0.0010643717680994939,0.014919661165595951,0.015396276361196544,0.007702174825753329,0.016599226818019286,0.8085303196675885
117,0.013138465906152924,0.22037599926664328,0.08310747250877601,0.09867213971827142,0.054965504506991836,0.017435873418292745,0.10461202248720318,0.018095480281884343,0.053196341205547476,0.33640070070023725
118,0.39675332192685897,0.038084471622798946,0.011678416934935643,0.02174935011170655,0.0064781028364751,0.0031220644409372866,0.0105620091192123,0.005167677405068643,0.18564244644499944,0.3207621391570068
119,0.5064061247488432,0.017169174895841046,0.006372101527077299,0.01584272898324153,0.0038423055678114275,0.0056653313950574555,0.010404509032631674,0.007264205934342852,0.2143201903719457,0.2127133275432074
120,0.012783919790852779,0.05320618024067415,0.01823201461192865,0.05033405371312097,0.3304505520846895,0.013166995469798755,0.05264278765028651,0.00975207583738199,0.11210947236422307,0.3473219482370438
121,0.0745007890418965,0.0019692085707363927,0.0009806092952267874,0.0013050349030121135,0.0005534518456726178,0.00047022467811843574,0.0005058107510282811,0.00023919564371674244,0.13574782677958738,0.783727848491004
122,0.0015541639989413978,0.0005922949264319501,0.0002381865937707777,0.00896564049118065,0.00019778907894267588,0.0038470649968773757,0.0008187128766102583,0.00201733468045729,0.004986998704138187,0.9767818136526487
123,0.13531847837701524,0.03281983797667449,0.01227428137362787,0.008830998155860312,0.010119672018460231,0.001428784930245317,0.008052438113481702,0.0015556966849084156,0.1348423881234219,0.6547574242463051
124,0.043193228059313936,0.0036635360106041675,0.01127787334180262,0.010360143691990887,0.001149855274520973,0.006088822649155442,0.0021203631651690548,0.004927178310042979,0.4117582436454524,0.5054607558519476
125,0.00042152644827945395,0.0018645594400293936,0.00039954973397924437,0.0027519062773932674,0.00032671310881921244,0.024692563325550424,0.001280301881080216,0.0011741255891334727,0.000998912799461443,0.9660898413962737
126,0.23666653509122568,0.014485734282013588,0.02076342234097065,0.013758849894192212,0.0037115602734250366,0.001217879448007403,0.005369089160976712,0.006161142926697521,0.1665915917343352,0.5312741948481561
127,0.020148227657036496,0.019812166359778522,0.03467950705762273,0.13741438919634982,0.007481602446346005,0.0047328458634854275,0.0052562382913697485,0.023641013470061534,0.10870473919283843,0.6381292704651115
128,0.03310992588291647,0.001950870860973973,0.005289314263116648,0.0046418101235728695,0.000476696700340671,0.0007631394868459303,0.0009605119957077211,0.0010084230157317946,0.19157733583150563,0.7602219718392883
129,0.0060098808622333815,0.008794858401728514,0.002802130728505581,0.14251893933477738,0.0008945458948030558,0.00617857926330702,0.0031103673953853756,0.007627921959141051,0.03190861919183082,0.7901541569682876
130,0.12222741218875911,0.018939847130043784,0.005593633668964194,0.009612014435649864,0.0021230892873552454,0.0014232253918151187,0.009076860367519571,0.000869242695856332,0.10092624421975344,0.7292084306142833
131,0.005625672952311519,0.011664037006106345,0.0009187852845973994,0.06140557689767366,0.0008039772104283356,0.015440754970617284,0.011130850636073192,0.005152904390355026,0.0066264182511269224,0.8812310224007102
132,0.010282647979179113,0.12641542538467054,0.202132539780752,0.034897567380176145,0.012094019972243776,0.021688064578191422,0.06738535395116067,0.019276020377463163,0.03994565255639754,0.46588270803976584
133,0.3996254424887256,0.007358205304837688,0.009258457024821198,0.01324779299354641,0.003645896399037651,0.004070494975169641,0.004587675280413076,0.04690864185197511,0.24301835969826416,0.26827903398320935
134,0.00695989022583297,0.008465364177645646,0.0013886942026248295,0.06493511124502367,0.0010894267240900966,0.006726585478320118,0.014210838705497416,0.012328351503552841,0.031334987482275825,0.8525607502551368
135,0.009303204896515491,0.015849948783476106,0.0011148052308119648,0.0759626574815039,0.0009326404274994531,0.01541924515097407,0.013667847257286772,0.006614764233881396,0.009691794485199157,0.8514430920528522
136,0.009756554257017174,0.046847676624526,0.2605253651113215,0.0358149547786843,0.004169816173097427,0.01136364046956967,0.007029271350838617,0.02604161666681755,0.062408239831495724,0.5360428647366328
137,0.011796553612728343,0.024855360098611372,0.001218901067814167,0.08804668197138657,0.0010384272181838655,0.014824916578924605,0.014054564740754467,0.008337732485318786,0.01049903910522367,0.8253278231210539
138,0.005976215495420584,0.01592407785259387,0.5417855200024916,0.008590587726653462,0.003761752712549155,0.0053537744635116435,0.0031862974068285936,0.00875501305221479,0.07915055900089925,0.3275162022868371
139,0.040528009217200275,0.032324511871987,0.006139567341592586,0.018518965497828607,0.12313501507783806,0.009832852303267232,0.05497531012614455,0.00809793148821122,0.2193741131104383,0.48707372396549214
140,0.003303688022316248,0.016911270844286463,0.0009643849076744796,0.031218107509210433,0.0007209066502001807,0.021327725657016742,0.008894709939972819,0.005567127922063575,0.004178943061054438,0.9069131354862047
141,0.0002717975237545318,0.0009512849855268687,0.00023695743150804825,0.0016995887800099773,0.00019679682309356597,0.020012459686083763,0.0007048607335326739,0.000599896202442035,0.0008036298173422264,0.9745227280167057
142,0.0022051597912280765,0.015600182912405586,0.001365021483279566,0.011535305875583678,0.0009050501633006454,0.05870057347383226,0.005073778175712975,0.00424489446421883,0.0030092522158032906,0.8973607814446345
143,0.1355258999661427,0.008965848042546786,0.008103778221417524,0.005963801837420704,0.0015267263699203825,0.0006728753094261364,0.0024931104812356357,0.00108827527874705,0.1534991741249778,0.6821605103681654
144,0.20549781607964282,0.010680872123712973,0.006287816029662239,0.003393601071713114,0.002123090761033806,0.0007586510561240753,0.0031476315092936213,0.0005748198359707802,0.12867638480392787,0.638859316728919
145,0.009527613143206845,0.20143776865243238,0.2933320210224005,0.04974856657435485,0.14225032114118713,0.008516424140146632,0.24717619033233923,0.009768841429487645,0.01040860907883895,0.027833644485605696
146,0.38896958626106526,0.014679677378018995,0.004015308009926927,0.011893014626411746,0.0025919129874980755,0.0026799338111290288,0.006270940831974888,0.002994457423830233,0.2212065013015003,0.344698667368645
147,0.014263213540479368,0.167691463392163,0.07143212009031798,0.09294631425415631,0.3215828786167238,0.013994676479161616,0.08735212968669016,0.009961194924547072,0.05470583804267126,0.1660701709730893
148,0.04856892773244302,0.003913929814325401,0.005443340175875139,0.008146445273729968,0.0005755610997522774,0.0012836424458151931,0.0017449399376596073,0.0011707295632814715,0.21426423600131092,0.7148882479558071
149,0.002452168509329208,0.016508755348700364,0.0013618679891513523,0.013255883014828912,0.0009000435380263846,0.051828877540826844,0.005680847328733974,0.004576387750648795,0.003238736823991972,0.900196432155762
150,0.4511929627928844,0.022733095863070242,0.00859811420796123,0.0165346543247534,0.004144699771912904,0.005395196055329411,0.00786301732001781,0.009516736082871635,0.3064918541108353,0.16752966947036352
151,0.42825886014766024,0.02018789571750244,0.006252810020916674,0.007799093522498247,0.0032921161870519025,0.0022602999531087455,0.008197799780650787,0.0029069087925022107,0.24561227317181475,0.27523194270629375
152,0.31071516268091987,0.020533942892029866,0.0076056948395828,0.01282893812499475,0.0028284619222887107,0.00213803202206461,0.007117482228757446,0.0030081547574814624,0.26488820957581055,0.3683359209560701
153,0.010849184655047034,0.19389208508072883,0.4679340133780289,0.05526599986766496,0.02164918404807936,0.01973035174996955,0.06018460688009724,0.021444192743082985,0.014684529625597291,0.13436585197170378
154,0.026045934146821322,0.04855374765358764,0.06085591848824624,0.03598284199380842,0.007512947576717937,0.021511493935460615,0.014664090655584886,0.09024138336456405,0.1042294371467986,0.5904022050384097
155,0.07321189296817601,0.0026715913708566653,0.004641139739717416,0.004050415348586341,0.0005619333367365565,0.0005117873995923885,0.00112367006183209,0.0017946618571967425,0.13616003486568562,0.7752728730516201
156,0.02830940176299012,0.05303811845695405,0.002731693933656392,0.07552635427732111,0.002219653442364067,0.02477894323278217,0.06606394748823481,0.015399284096240997,0.023477344175961593,0.7084552591334946
157,0.01325518843151486,0.017439429355074806,0.021893284040630713,0.009675042239179098,0.003031610803585286,0.002860019682175426,0.005157587377440793,0.0021950179802231484,0.08741940730125179,0.8370734127889243
158,0.017071500239097728,0.07839861959273885,0.03880273850906466,0.040753356970143734,0.004575399247932224,0.033263451824733406,0.030591678592881047,0.009529044146280547,0.07159828592464797,0.6754159249524794
159,0.11786924094298752,0.008376488340621635,0.018712333550465626,0.01903547412261755,0.002219789801168784,0.0044483561770670725,0.0021488318471057427,0.038818533330099894,0.4191401876758642,0.3692307642120022
160,0.0037195727810956885,0.02054578342982185,0.6115634056897471,0.012650032197591685,0.0034400334194865994,0.006109547270400242,0.002848782665729498,0.01641228144875048,0.07150567069062283,0.2512048904067543
161,0.3325537523737987,0.01545101327046182,0.013524348480064625,0.022348115528180043,0.006596262097973289,0.004219844622063856,0.011452550507267107,0.04344292534011584,0.24491715150678317,0.3054940362732915
162,0.02569563776833421,0.02217897379548762,0.004268621990569133,0.01581456793445689,0.2450095619265883,0.00816533059373595,0.049957109256874375,0.006346881116960398,0.12280120517108298,0.49976211044591035
163,0.20646352049063277,0.04407126576950556,0.025481213068064956,0.016599933229325636,0.01777238945335146,0.0017016093224939885,0.009982949204126521,0.003062007089214107,0.15685467460729502,0.5180104377659898
164,0.007207474629922667,0.019075638408706436,0.005205154759929905,0.02265512760087003,0.005330879894791918,0.3236847636831638,0.022862977216966868,0.00923351550436947,0.012921994148459662,0.5718224741528192
165,0.002582282761877029,0.010490435939906206,0.0007852551812881671,0.0360026161481436,0.0006465318001320279,0.017788357419371296,0.0075007911402532376,0.004120935967463298,0.003407226948286507,0.9166755666932789
166,0.031134623791249465,0.009337768366202887,0.003125937745163935,0.014899436368742375,0.0066172117040289155,0.11775164743399635,0.021167444549756012,0.01523833746324286,0.010116307482020543,0.7706112850955968
167,0.16097288795521295,0.037851916098731876,0.016183730692464114,0.009903218085533301,0.013360553855041302,0.0015916668685037264,0.008603974268481076,0.001798474404877642,0.1192249015205322,0.630508676250622
168,0.09935165769090175,0.0033242486807293047,0.0011803850299786753,0.0049556636756139865,0.000599549862486716,0.0011212376108050905,0.0021041173795159074,0.000633568439772316,0.14518233693963956,0.7415472346905566
169,0.0968135313994378,0.008843998954011464,0.004362427621579949,0.0031380133398876625,0.0021208912682321506,0.00044410090224061784,0.0015306222139437348,0.0005638861789513701,0.1532743421349325,0.7289081859867826
170,0.08313299291543505,0.0032745049785794776,0.0016270303227040078,0.002118098360392538,0.0006405501921926017,0.000589417651146335,0.0009419476300702998,0.00034367720559477034,0.14673768553352384,0.760594095210361
171,0.008594220020121023,0.06404068077687397,0.55297418490699,0.038162422043355106,0.01857375061128349,0.005629042972632463,0.027454468559823572,0.022952459053956247,0.07849143197798569,0.18312733907697826
172,0.028200988709439618,0.0016749852538009442,0.0046402115272943,0.0059943376650806535,0.00036351313767927037,0.00055827203244271,0.0006540926075352424,0.0009387510225906683,0.18851777299392342,0.7684570750502132
173,0.1430546830009566,0.004755279450954577,0.018920080541077664,0.015733773816782533,0.002016998965526872,0.0012558440787730795,0.001559229268756807,0.04884995103247841,0.2804928430517589,0.48336131679293437
174,0.03507453396421674,0.15191381517002664,0.021751032993145427,0.055858971525795935,0.12875930858790746,0.004460184399267583,0.039467052992345875,0.005586663456950799,0.12046424474479189,0.43666419216555197
175,0.02715114002106798,0.05201202946699298,0.01576809399592353,0.03139433320056551,0.020475481853458953,0.03223121191942811,0.6885197180682289,0.012888895185582012,0.07006925546322365,0.04948984082552849
176,0.22461690263998926,0.03350389327498472,0.011958924106473971,0.026153419301786246,0.009989570784156148,0.0021832508453297496,0.017032724025528575,0.006554391946091602,0.20496632212107582,0.463040600954584
177,0.014514545242378418,0.1975469931770948,0.06358866750287705,0.1654696158719394,0.01826328566508411,0.02977770475577088,0.10775182444230412,0.025664736337819124,0.050375378933246596,0.32704724807148544
178,0.0008876181348598917,0.0036151461448905887,0.0004283269815184422,0.009675252751649552,0.0004123975478555328,0.02373098048969024,0.0018740661193968255,0.0019241861684321253,0.001196859231991009,0.9562551664297159
179,0.2516566732742041,0.0164999772664851,0.006406249874206356,0.010332301309165626,0.002676698646913392,0.0015401860561424564,0.00845504981552842,0.0019124764987177184,0.13270491468863146,0.5678154725700052
180,0.009014541130739438,0.01420922876772548,0.001059447148959458,0.07376209362113097,0.0009091254731042715,0.015169475890727549,0.012794539551252718,0.006409544864731159,0.009366875157937164,0.8573051283936917
181,0.1306468388921319,0.004329413903575552,0.006668031053347926,0.0023435441474662037,0.0008097432148214588,0.0006037476228721162,0.001529461131279676,0.0006315053426902983,0.1699530457537435,0.6824846689380716
182,0.023176664585946388,0.04488144508242635,0.04481727578952607,0.46896293014766527,0.007589211294359065,0.02079462539227531,0.016808243770546825,0.050816216010387986,0.054295744933228474,0.26785764299363846
183,0.11230804278875224,0.013281449012063887,0.026126785630305824,0.044278238177135686,0.005096306335032664,0.0027825386040567297,0.0065271042102592,0.03424336226597891,0.2633139829480868,0.4920421900283277
184,0.011798613939512695,0.15803909282700576,0.3877500817295043,0.06188819110012004,0.015305332163679427,0.011015657347273231,0.06446941044901768,0.015255616340149429,0.02435680621577803,0.25012119788795945
185,0.36785551131000055,0.007962555324468306,0.008632853740558775,0.025376132722735652,0.00421808922801716,0.007333429231017425,0.005928542999919214,0.06602417375504921,0.21631610206412316,0.29035260962411025
186,0.2588746084272858,0.024119604432328537,0.011460297894914172,0.007255041854062841,0.0038106964269444335,0.0015059558967399616,0.00792336075289011,0.001263828776616358,0.15635396664694826,0.5274326388912696
187,0.28615748121242757,0.013038216737815099,0.002682400533760936,0.01039893503400918,0.0011794328913772346,0.0018813660545543816,0.0029179185825608904,0.0025061374130193464,0.3530985503536151,0.32613956118686066
188,0.01794586808574014,0.2220280012238692,0.0238271727942802,0.0443622437414071,0.06936369815335068,0.012327639286875955,0.33851092177224185,0.00911762435049995,0.04737571051593186,0.21514112007580308
189,0.12756318712903406,0.005833181543821823,0.005426890055493767,0.002380232725011461,0.0010145492677945055,0.0005484748994288824,0.0018372925126335083,0.0005210310587460736,0.14808871999569168,0.7067864408123442
