,proba_0,proba_1,proba_2,proba_3,proba_4,proba_5,proba_6,proba_7,proba_8,proba_9
0,0.10946516407914578,0.019734502197272293,0.04536077833614479,0.004403433912586269,2.2555268999615854e-06,8.331220422784979e-22,1.5651686557602915e-09,2.021530583275657e-08,0.16998082797159936,0.6510530161958771
1,0.24340511026487355,0.0020236052374265844,0.02025427575431182,0.0011433353683099946,7.882107357656861e-05,5.786665655911115e-24,1.758275525578034e-10,4.757879865805692e-09,0.08206946838967097,0.6510253789781231
2,0.058399312406150074,0.00021199394064040658,8.451006858799726e-05,0.00023453832179761518,3.7216902887500115e-18,4.886139488514817e-26,6.878348605520896e-10,2.200058905464842e-05,0.4651223936186501,0.47592525036728434
3,0.5951417451593958,0.0035104628587028365,6.593618865633862e-07,0.0002332502241937005,7.418648768431935e-08,2.3526625428726065e-21,4.108482227508992e-07,3.7861028351734415e-05,0.07797828374931848,0.3230972525834404
4,0.4200352785723095,0.00013956189707131034,1.968911383608465e-06,3.962594989839633e-06,1.5410334497140425e-15,3.4602914683228975e-22,1.4597952848041492e-06,0.00690802270614592,0.18122911412381595,0.3916806313989975
5,0.0005693583589859377,0.022134807484917172,0.06824243789401112,0.03240893176199249,0.7509275364335066,2.614794563023137e-20,9.499822790084522e-07,2.072256191573818e-09,8.295931766846924e-05,0.1256330166943829
6,0.5773009536849619,0.028401553178183027,0.002182870301605712,0.0023175423915772716,1.75462569747423e-05,9.690852925727987e-22,1.3056163898929366e-08,4.935188198813202e-07,0.07668830014935803,0.3130907274623555
7,0.389442228609594,0.005252012504815739,0.0002126058617407191,0.005132906020100662,1.0149396304151186e-12,5.629206942750597e-25,2.0721654648534247e-11,6.754721102203232e-06,0.04365042687398136,0.5563030653869288
8,2.321301185098627e-09,0.0025105103458787667,3.411486888259436e-09,0.0026518405665617102,3.316912064154913e-07,0.00014276510885161603,3.004585377394578e-08,3.201466080122083e-24,4.183800705153682e-06,0.9946903327081545
9,0.007332301309905262,0.00014249784630104262,2.783671393145678e-06,0.40097472261383704,2.9942733686731876e-10,4.472035338944622e-19,3.432462961751962e-07,1.322473838797382e-08,0.13731043946937294,0.45423689831872877
10,0.00024880754909817386,0.0002680281524390468,0.034719715754859416,2.3052220983125927e-06,9.551025502147515e-20,0.0012244180490545123,0.0037921522838931646,7.994473227347659e-06,0.00010152780673119724,0.9596350507085989
11,0.0061477895218807,0.0006346861329651573,1.4336424391814686e-07,7.2268654448638565e-06,1.8783084095079848e-18,1.0938847482984463e-21,9.343163336085686e-08,5.124033292986179e-06,0.02586794348426806,0.967336993166271
12,0.510203793117808,0.010021646096576384,1.9212557668530646e-05,0.014976920290876746,5.174920857085897e-09,4.07866573937486e-24,3.1261853856086193e-10,8.708951959131469e-07,0.04900137057417578,0.4157761809801593
13,0.0010416450347952677,0.016170303737072914,2.989201446373952e-09,0.0007851296846068659,0.09107914722016539,7.227772640875596e-20,0.00025381006503791146,1.4406374531480398e-05,0.25781942386761586,0.6328361310269729
14,0.26482243386888327,0.0014354535560374242,0.00022758645729906428,0.016297357442299217,1.0027875423991178e-08,9.826471360034003e-26,7.239914035485275e-12,0.00012848712947995306,0.23568984003550403,0.48139883147538165
15,0.003605740538182374,2.2316069073255854e-07,1.4690000493153145e-11,2.221185779104848e-06,1.0104775649013087e-10,0.4254618674771376,0.5073386827337959,0.005860145056018273,2.514072610579965e-06,0.05772860566004768
16,0.05417375025152178,7.368673419097459e-05,3.1506917031654476e-05,1.1291114376435602e-05,3.2076465237142624e-12,1.0290785240947674e-19,3.168880108985013e-06,0.48649697882081033,0.2815559217491251,0.1776536955296271
17,0.005812566005366362,0.0002937968190400617,9.162021436981357e-07,0.0011197648222749704,0.5363349654442439,2.847781217020132e-24,1.9243696913787567e-08,3.119015750652803e-10,0.0007973859247132646,0.45564058522661927
18,0.5775129628248823,0.019009746035153773,3.764660301295726e-05,0.001128308373576422,0.00013919070119627607,1.007859725226473e-20,1.0688475528795319e-06,1.4581265890042007e-05,0.12221259381850283,0.2799439015302324
19,4.188941920928227e-05,2.1635964583136855e-06,3.2382599983704307e-11,0.14313476675606213,0.8192901886676592,2.811988412113257e-15,0.0012863639775256225,2.675096382106392e-07,5.608133383885599e-06,0.036238751907677814
20,5.9228506757763014e-05,4.517759217506558e-06,0.0011269174461793362,0.0003219349497676259,8.96638438185331e-15,3.312855840751286e-08,0.003135431214551333,0.7837138383603042,0.08677575279787964,0.12486234583677533
21,0.0008805522517931714,4.2734904179489243e-05,9.812811070296078e-07,2.8217340275720944e-06,1.3424615457488917e-17,0.0017573450130158343,0.0013313286651769377,1.2308595876618794e-06,1.6305825398860697e-05,0.9959666994657134
22,8.463524692629674e-05,0.0018239366955862782,1.393149740667517e-05,0.006125401556929984,1.2950133800912152e-11,1.7217437087136646e-20,2.3213000783112163e-08,3.708031835913756e-07,0.3877769247647396,0.6041747762092766
23,0.009981456970592726,7.211768776991199e-05,7.184641258280273e-08,0.000470526508180073,0.5822367847280314,1.0897745651641652e-22,2.652194490480475e-09,1.4203837765822452e-10,0.00034503276537420623,0.40689400669940623
24,0.12563162474056117,0.009057761232445762,0.3819193526616656,0.0008150214912578757,1.678711068748113e-06,1.0688357706887821e-11,1.3340371984636717e-05,9.98608189767471e-05,0.04424566439109258,0.43821569557025836
25,0.16485726555166627,0.00029897660535593845,2.3350514010367694e-06,0.001553058050762014,1.0336494450474449e-15,2.174865507042498e-24,6.9991507328717245e-09,0.00019062011915993302,0.1692551082222893,0.6638426294002137
26,0.12279868666944335,0.00012733876280174696,9.189083036295514e-06,1.847503151147387e-05,1.3383368548426723e-12,2.3848292461645e-24,8.923635026966188e-08,0.009028909456161104,0.5328291930189674,0.33518811874038995
27,0.2996590962047419,0.0002946529868169521,0.00020414523523217576,7.595596956371338e-06,1.0370751503201117e-13,5.225394937091507e-27,1.5118197114894024e-09,0.00858137034786405,0.4273142258903787,0.26393891222608645
28,2.9307349596815923e-07,0.0010050221552076644,1.3039720338957024e-17,0.002894227672168496,8.831799720269323e-11,2.2037777590760226e-13,8.480841204563771e-05,1.461817356064494e-17,2.8077009921197875e-08,0.9960156205215338
29,9.341293013095349e-05,1.7140849378707372e-07,2.398117605592007e-09,0.00022728397173219837,2.403188091245279e-12,3.3185475586768147e-13,0.0026410571502932466,7.482169902059543e-12,0.3352171638285074,0.6618209083025075
30,4.161115075649928e-05,0.010016934418287927,4.019617937507579e-08,0.029708671981266633,0.8812272031272382,6.292210151028581e-13,0.0023330626735699246,1.6146441790560566e-12,0.00017961508340370847,0.07649286136705388
31,1.581926008659702e-05,0.02794415939803736,0.1807238222626852,0.5395186113360041,6.86536033942405e-07,3.0452757358768096e-18,2.2102507705765713e-08,5.174905533047803e-10,0.04088487116157494,0.2109120074255796
32,3.340111962043595e-07,0.0005069989238119009,1.3272398473316608e-12,8.40552216788936e-05,2.091636588877509e-09,2.4650256103599885e-15,0.3216610404409462,8.682638223722404e-13,0.004650419502509066,0.6730971498060231
33,0.016096608939331347,0.000688567478322757,6.311906064471857e-05,0.0030882629387837582,7.588850467313267e-12,1.8491391513418964e-29,1.0955737575710542e-12,9.457031504393426e-07,0.21210652116440537,0.7679559747066772
34,0.001364174287425008,3.750333074091829e-07,5.222388984750076e-18,7.703498013223616e-05,2.5517029200462745e-10,7.03949570629551e-08,1.912265117416766e-05,2.5184050937384087e-12,0.09832121667106594,0.9002180057242494
35,0.11132616147453275,0.02532049554765774,0.00014931521672010406,0.009230471664908781,8.764083215767086e-05,1.1610199482709148e-24,5.479929831914775e-10,9.57037029844625e-09,0.043782914898795294,0.8101029902468644
36,0.023486335683660493,0.003221148885634127,2.5026316506882386e-06,0.00044859253793333816,2.8294622497295555e-09,2.214668229910384e-25,1.5039544798549735e-08,3.109849151000114e-05,0.38107617424769624,0.5917341296529082
37,0.011987839424131445,0.00027461493370442894,3.429032918662409e-05,0.00459810633665032,4.948138918919039e-16,7.785188478449067e-30,4.46944989137763e-12,2.5143093292138605e-05,0.34199385535231136,0.6410861505262537
38,0.008223229531587127,0.0011536485725036692,4.159550458744858e-06,0.002089405766255609,1.394874120140387e-15,6.230103697598857e-31,1.5882152098405017e-11,1.7571600087537307e-05,0.3945730731393002,0.5939389118239237
39,0.04490168734836917,0.0012103383313895738,0.015099524269801273,0.0026823973434012037,4.3337863375332124e-07,5.516546000379037e-26,2.151913289496918e-12,7.687070691615122e-10,0.03637747336921865,0.8997281451883274
40,1.936017657989616e-06,0.1937171117415851,3.6807606010440687e-07,0.40665719201171513,0.07551950921102313,1.2358137543464275e-11,0.31209406297322356,1.6822939469575354e-08,0.0004335299270354744,0.01157627320640192
41,0.0001023583367311568,2.0527622718195523e-05,7.339563297860007e-05,0.00013446931687911636,9.34382205250378e-15,9.594918900492221e-11,0.0002945457365557275,0.7533589975659845,0.025711673567191194,0.22030403212500296
42,0.07912853408887408,0.0003967806079319295,0.0004575006981134611,0.017282204302258092,0.004320305484355004,3.589415584889375e-21,1.5468946111654024e-09,4.55030289061156e-11,0.001084725508403567,0.8973299477176662
43,1.4885272696872036e-10,0.0015873587813730321,4.335147857280179e-14,0.3099345697963326,2.0117802923725485e-10,2.161855194305213e-08,0.12516649900701277,2.4544718154450395e-11,4.791723141167784e-08,0.5633115025048794
44,0.013395399974896756,0.0029201067161200057,0.0002910176211696749,0.004705543582670946,2.447214860124645e-10,3.6609036281031014e-26,1.855366830822554e-11,5.687010460027023e-07,0.19925847126454949,0.779428891876272
45,0.04561220030169791,3.4028334079177276e-06,7.778457913588311e-10,0.06586444278638501,6.998635705238558e-13,6.5970711388677e-17,5.587469087583939e-06,8.999896045902137e-05,0.4613650620679213,0.4270593048024955
46,0.0008540309531284107,0.00029370479260742554,0.817962386077174,1.9914623477611652e-07,5.0747130333709435e-17,1.364308098647284e-09,2.704133021745299e-05,4.782437266750423e-09,0.001198286807822947,0.17966434474606943
47,0.5110494850518855,0.008929874706795779,0.0031618238954080075,0.005187752221756144,4.357775496380764e-06,9.910600586710807e-23,9.286339747127536e-10,4.61357086072587e-08,0.0656825579571264,0.40598410132718915
48,0.023874089562757272,0.0006792839086369888,9.306870764898725e-07,0.0018004705520476981,2.80002845911367e-16,1.8719921464081863e-28,3.1249634585814117e-10,4.18184945798698e-05,0.3099480924211595,0.6636553140612456
49,1.005659579435433e-07,3.708041334126122e-05,8.844744983527105e-15,0.3084836199149829,0.005111388433462543,2.1721584916360593e-07,0.10812536345340831,6.1251365782148044e-15,4.024860820881114e-08,0.5782421897543746
50,0.008052567452596386,0.005423423003835406,1.224019709964721e-05,0.0034382699687084983,0.12291116713018957,5.4884836258986615e-18,1.4244937432931494e-06,3.0801868414698936e-12,0.003155071387394563,0.8570058363633525
51,0.22525215868494766,0.0015737432569601613,0.00034625435535490354,0.0037100201376265188,6.548801900909216e-10,5.184543679697274e-24,1.278564474093806e-10,8.312264733712169e-07,0.14752576840725914,0.6215912231486417
52,0.24187839101999745,0.0020402080055690326,4.0160308283448264e-05,0.010143672956678559,7.099684487558833e-08,3.11892439016341e-17,6.278775948660515e-05,0.0002557761385773777,0.43637670123850264,0.3092022315760601
53,0.0029250331159649543,0.007818060673635774,0.00012637289232980385,0.000886040568011285,6.873589974058017e-10,3.9184631533883685e-23,6.069747279557407e-10,5.079768405298954e-10,0.03603656389041252,0.952207927057335
54,0.03379154289013888,0.004765098222209664,2.207860407290632e-07,1.6528696466549368e-05,7.523380480158516e-18,1.2409724215880469e-21,7.393385509710857e-07,2.9255474253852488e-05,0.07081989326812695,0.8905767213242125
55,0.5248360603227409,0.002148524437894097,6.846536596979645e-07,9.542824890367519e-05,2.931745696923833e-15,6.699456753987268e-22,2.3866761755286628e-08,0.0003041719478845961,0.03448399567855134,0.438131110843601
56,0.048674917689559595,0.0003878045132675381,0.0001706008419214706,0.005285705914053056,9.10984196441537e-13,1.1205053355421284e-26,1.8451986967009186e-11,4.352052839764239e-06,0.17177469440172585,0.7737019245672697
57,0.0013622326712188287,0.0008501156991350166,1.6989480242789806e-05,0.0005085416182095412,5.354059377375662e-17,3.453287654058578e-32,1.2674737964944071e-11,3.5123834860580718e-06,0.4811539072736313,0.5161047008614017
58,0.5002863219779224,0.001521335409959591,2.089881039948488e-05,0.005074742564697587,2.4649221571929847e-08,4.013745933037436e-24,1.877282877572573e-09,2.9468180210718508e-06,0.10195544946251951,0.39113827842997584
59,0.0058724095760531135,0.14115266022894674,9.619605371638457e-05,0.0037343883833240903,0.7369040098248066,1.2866895216578996e-18,4.318227376287943e-06,1.0049051378312947e-08,0.0038064519231680236,0.10842955573355738
60,5.296703700429952e-07,6.306449539235414e-10,3.271858085286743e-24,0.016593804350377044,0.5674992988825849,1.10993548538804e-08,7.370996734719879e-05,4.920295137287259e-20,1.14858887433792e-09,0.4158326442507323
61,0.07264372807379409,0.0002898300047122531,0.0034285049369234323,0.027638924641556588,0.007002221694638007,1.8716217824974265e-20,1.1133356871359822e-08,6.405182362554875e-09,0.0003865898631547381,0.8886101832466817
62,0.07954115337236242,0.0006903605410215926,0.004602441556214539,0.0017224783496583912,9.101730272546224e-06,2.381240856775002e-26,1.9147171946483383e-12,1.206481782085955e-10,0.021356848434742382,0.8920776158931653
63,5.609665438671016e-07,0.002306413193435135,2.022865848411706e-12,0.00012539775450181757,1.124924917756477e-09,7.442733286950883e-18,0.21255855875014315,1.7114578147340216e-12,0.011905247569008506,0.7731038206377083
64,0.010776050734121327,0.027261377699217645,0.8010887812040921,9.109793476799748e-05,5.403994345619612e-10,4.117847145662713e-11,5.265113768936114e-06,3.007388405464347e-08,0.015068383193190938,0.1457090134653789
65,0.002474057172645911,0.00048448020050244757,0.003486467340884243,0.00013320443759117808,2.8705006312933287e-18,6.520910383230343e-28,1.7383042102047434e-10,1.1865707362112421e-06,0.6001634431152101,0.39325716098859953
66,1.293127364289985e-06,0.6933391422293399,0.0025279361334926915,0.008353115447085979,0.0076537519666294625,1.730868876931187e-12,0.2567855139876523,1.6622449204456232e-10,0.0025772493120933223,0.028761997628386677
67,0.05030575392960698,0.001545615335951737,2.4112998495443004e-05,0.004888363594067204,5.1032858218911166e-12,2.441890241133375e-23,1.3400100019699925e-09,0.0011625268668868061,0.38518964383182297,0.5568839820980557
68,0.00020998694112012308,0.05457465573869826,5.533187600661501e-10,0.0075826229964157405,6.150642999245327e-06,2.4472984986273757e-15,0.00046206840934761705,5.394793352644278e-10,0.004039848450149459,0.933124665728469
69,0.29884547803169936,6.938905752741256e-07,1.026002234364172e-10,1.3767952731997416e-05,4.887180711969959e-16,9.738143749924184e-10,0.004308898635290618,9.563774291415574e-05,0.03440629708702764,0.6623292255833458
70,0.12335910146134312,0.018263612674185595,1.1509124312272735e-05,0.004407483045509195,5.351563688658967e-05,7.20196055415295e-16,0.002131146672716564,8.399830725212438e-05,0.7045799946333093,0.14710963844448466
71,0.4046501564954798,4.955068679701223e-05,2.7088815250570284e-07,4.314362960318138e-05,4.529641549325089e-12,4.449491391256691e-24,1.1688959396323678e-07,0.11639412940736622,0.2376216883857293,0.24124094361274848
72,7.031824232201257e-05,0.00443148752722447,1.6251868154151497e-07,0.003568062085856026,0.8372150398474445,1.7122894281367215e-11,0.14241463364075255,1.7271683303335474e-08,1.227426237945433e-05,0.012288004586533403
73,5.574940836770006e-05,0.003747652318848939,0.08528056710470837,0.3137992503741997,4.858656218387996e-12,3.75031051183426e-15,3.7024268206482595e-06,2.3547975588373724e-07,0.22082305148388334,0.37628979139855306
74,0.006788507924260142,0.010122657296009313,3.174790491320514e-07,0.00490148465786395,3.4326543300037377e-16,2.4030231072843242e-27,3.829068270904074e-10,6.780732716429671e-06,0.0694921888638695,0.9086880626633244
75,1.1060421405659822e-10,0.0005125560245885384,2.1898747801873737e-13,0.2071089305333472,1.0912406276615719e-07,5.835091861742934e-14,0.01149014814763874,8.783041256556738e-17,1.527033486696581e-07,0.7808881033561326
76,0.3083665883894038,0.0024445083270942386,0.030572688269467862,0.001460586417367207,0.00013262522562214904,2.135415552285167e-23,1.2128182714262188e-10,1.2897612834767717e-09,0.053183969377412973,0.6038390325825888
77,2.6887893173782297e-08,1.6441855728728814e-05,3.966293635270084e-10,8.285037672974306e-07,7.442210905301428e-07,0.003175500669901911,0.0005629984753036758,2.2721870238469917e-23,2.744440801678322e-08,0.9962434315452773
78,0.02807394875178715,0.00011058802573724353,3.6370154143094577e-10,0.00877203078978738,1.2991772993051184e-12,1.5553543827909632e-24,7.932475389181618e-08,2.9258011001453665e-05,0.18334807931823613,0.779666015413696
79,1.5713894722241694e-07,0.0008494955826387024,0.7477098799923916,7.52010273602222e-05,1.0197006621124116e-15,3.630699589158353e-08,0.0004746144814954817,1.0709153802450905e-07,0.07849309111239791,0.17239741726623403
80,0.05368696334097488,0.0013121253701463098,0.004864635507174806,0.0036210880042678,1.4708658294584367e-08,2.219793975675048e-26,2.7349094203648674e-12,1.299998779265816e-08,0.07660679753931895,0.8599083625267363
81,0.3705269172634614,0.0017909726051870251,6.989277883895837e-07,0.0013232823955186793,1.998512590960357e-12,5.509693440293431e-24,7.32267364705907e-09,0.0009464582131369225,0.10612573288373149,0.5192859303865041
82,0.22207190311723074,0.0014274399814135147,2.898951442349665e-05,0.007099148687291247,2.5383624986549327e-09,1.70079170090229e-25,2.3314778059555593e-10,0.0010222527431910282,0.405844337679962,0.3625059255049777
83,0.6100248364296444,0.004802778462540123,1.2641962783248022e-05,0.002508136515757298,3.501967809245433e-05,3.9602365015822186e-23,1.6275837401934588e-08,3.799920640031834e-07,0.06741785046464151,0.31519834021863946
84,1.8823538247088344e-06,0.0022137860046795785,1.0718148593444773e-09,0.18183162300465372,0.7874261107049813,5.810020555959315e-09,0.0076671879976167685,8.184059692025468e-11,1.0830829731173276e-06,0.020858319887594637
85,1.6627732369389365e-05,0.03533442800360875,0.00031663715168659735,2.8893597778815734e-07,3.722578843264425e-06,3.1604270804276435e-05,0.9547756508302477,2.1719426902813595e-07,2.379201455706453e-06,0.00951844410073748
86,0.14783904068478013,0.0030075353120309054,0.00036065958444756916,0.03820301603030482,4.499579438252174e-09,4.0369727764775416e-24,9.394759974628033e-11,0.00016998368703719893,0.22563879382708749,0.5847809662807848
87,1.259933887308795e-05,3.2743562649579375e-09,0.00010612205260405566,0.0014197631800992253,1.3547568997086673e-07,0.1387096370893367,0.0028671750145956207,1.5993662025773108e-09,2.7173745278874206e-08,0.8568845358013336
88,0.6573945222809088,0.0001904763184152775,2.5659543164283305e-07,0.0017101205682292602,6.221720542103486e-08,1.8537747577454958e-23,3.5752224625733467e-08,0.009014703309937252,0.13862368027484093,0.19306614268280659
89,1.5785992528391687e-06,0.033793824462524866,0.8576414319104105,3.613977965014236e-05,4.158283422696199e-12,3.490942929679353e-06,0.017181152621120906,3.5131859730293006e-05,0.05212653870003082,0.039180711120191496
90,0.4391371479352747,4.283384534964052e-06,6.145109410148011e-10,3.502347178805204e-06,4.6611849025101685e-15,5.475379797643669e-11,0.002296827900684121,0.07218131293114391,0.009993739455338982,0.47638318537657515
91,0.06994381603599366,0.011267353400180952,0.0019812900497311885,0.01813180579891631,3.4605314227060824e-06,1.0321304939556705e-24,4.49772279018549e-11,1.0483543728098078e-08,0.07886997212862111,0.8198022915266131
92,4.430735017620527e-05,5.849175688450083e-05,0.7476858662460975,4.0627333305055806e-05,4.996027113893973e-06,2.7055054298761808e-09,0.21928979365110723,4.661298487789133e-11,0.0006657443194990055,0.03221017056369813
93,0.0766564437523327,0.05523442692295324,0.1272740333556512,0.011627370770037703,0.0034345864876782193,3.92917101899214e-22,3.4301255632194484e-10,5.0824951621336166e-09,0.046879946315853134,0.6788931869699862
94,0.008404624999433499,0.6903230063317001,0.010181025767472165,0.00041652341152423317,0.0004423157319650901,1.2418854729772734e-15,0.0001665742521893108,1.0343043630447581e-07,0.023439742640313746,0.2666260834349644
95,0.07770578460029755,0.3189473464939333,0.00026256107446126205,0.09535939614497886,0.0035028990300746327,1.1995742249089174e-16,5.028622225790094e-05,1.3604233395038272e-08,0.2513204137836343,0.2528512990461286
96,4.29544075030315e-06,0.0014724018146573246,0.00011324809376446807,0.0001857731359787572,0.030040709353401907,0.5119375392647079,0.34064662755828523,0.0001166178133129062,5.379343935244473e-10,0.11548278698720686
97,0.010422069186336246,0.0014585083313584698,0.00016828067743222756,0.0023874428858323697,2.5385235699235667e-11,9.761972593486405e-28,3.059410193522019e-12,2.4734905835487957e-07,0.12681060560049126,0.8587528459410464
98,0.5492931307244979,1.0550030729046678e-06,6.7032684198747185e-12,1.4862182094749467e-05,1.6535669505430903e-13,1.4738557480176858e-12,0.001359738567995956,0.1086668634985713,0.14582938590975777,0.19483496410566695
99,0.25424915047916735,8.187863324891529e-05,1.4352600517060483e-07,0.0001757242087555565,2.377040924365858e-14,8.1978514941421935e-25,5.85193970106042e-08,0.004942250851229511,0.24611324345220348,0.49443755032996917
100,0.0020116815395995807,0.005079904871323173,7.874712987549776e-08,0.00023265370082837497,1.8973364288315633e-15,3.780596087301456e-26,1.4785669239965716e-09,3.510281811874488e-08,0.019224670128343946,0.9734509744313881
101,0.00015136260113150654,3.3201930597115597e-06,1.2713564433289942e-11,0.00239980866319853,0.7228123470363108,3.039288251422584e-19,3.742083411204085e-05,3.3931079956679644e-09,1.2821576819146326e-05,0.2745829156895466
102,0.005797772061594899,0.0011231289334008515,6.72802599240481e-08,0.025677867136571404,2.990490183375391e-16,5.668947044787838e-22,3.481496622878587e-08,6.731983175194752e-06,0.4154460796935518,0.5519483180964794
103,0.2511890463368754,0.004984666934522251,0.0027593187934262225,0.006423993877789047,1.6667076118018993e-06,1.457095249482742e-23,2.5334162096347103e-10,2.696063478165117e-08,0.11119875117721537,0.6234425289585835
104,0.4991694917120486,0.0011463143117545656,1.425446907313212e-06,0.0033826847553341285,5.4443697472933084e-08,1.0384433174431197e-22,9.021828081068776e-08,6.021269102416504e-05,0.13696583254847658,0.3592738938724764
105,2.8304152498010995e-08,0.00124807557780587,0.8624472368383804,0.00017459537610862937,3.4287445137787864e-14,1.704452967911141e-08,0.00633039801124629,3.3917189531011138e-09,0.012407349584291944,0.11739229587173133
106,0.2295299505013504,0.002199450027214616,0.0035426815487543703,0.0013303982079670028,0.008435764022706974,3.5418904806594134e-23,4.619441131897428e-10,8.720826328339351e-10,0.014524452136874548,0.7404373022211055
107,0.043777926572799955,0.0005261569067338749,1.4769658175583914e-08,0.0163374103965548,5.162855099467092e-08,2.632732077013224e-16,0.00043798441070306394,0.3678374939128047,0.34858789498079823,0.22249506642139585
108,0.08845043682946567,1.5615192890710724e-09,1.306759724472579e-14,0.3612102155763715,1.70577792276693e-11,1.3213187878073292e-08,2.4665542269676513e-06,1.1403696011498512e-06,0.06052610638969061,0.4898096194888659
109,0.035018284740918774,1.4978937872203035e-08,1.4824063805395188e-15,0.00012429615458222975,2.77595627424579e-10,0.00013805435283979748,0.3040474855687075,0.63804952930291,2.9461129603279664e-07,0.022622040012210565
110,1.8679118937534774e-08,0.017786974529996814,0.12610597712680274,0.21823512719119467,2.45712214760293e-11,4.273150024022507e-11,3.964690091649971e-05,5.622149573718666e-14,0.061523974174963934,0.5763082813296473
111,0.004762787132113426,8.065239241670922e-05,0.015146368718128252,1.117539170849673e-05,1.5381590488461132e-20,0.002381702485501689,0.005192169671850734,0.0006743834320473344,3.433183434356711e-05,0.9717164289418897
112,2.019507382328886e-05,0.02567241943569745,0.0003746037850104512,0.041807989108933574,0.827771230416683,1.3684524623737957e-16,0.007505805610439276,4.404661902785708e-11,1.8353612697748262e-05,0.09682940291266845
113,0.0003927150263050356,3.0473961305494437e-07,4.274883362960568e-18,0.00300381512783087,2.1197681588205588e-10,1.0713741001278337e-13,0.00019031851801441083,2.603426280912842e-12,0.00010774018242110422,0.9963051061911281
114,0.005998184688346314,0.028992081764165362,9.516458429819774e-05,0.0036660894771471894,1.8934852881979564e-05,5.552371301227173e-18,0.0011510300955430734,0.00016245931589775936,0.5052396154596671,0.45467643976205296
115,0.003692424913088479,0.0012610135463094706,4.2641680944212033e-07,0.2997043760251954,6.046824391744742e-09,8.06135465455293e-17,2.2414735608641835e-06,1.1372123173457423e-05,0.5604356580291482,0.1348924814258903
116,0.0007789180925158226,3.821583590899453e-07,1.4474811600227139e-15,0.001619541693093452,2.6200742950255468e-11,4.392301205674795e-11,0.0006410483246207096,1.9250779913620407e-11,6.494725836208787e-05,0.9968951623836728
117,6.57674982345721e-10,0.03179503741079239,1.1119792424217975e-08,0.4763203058421075,2.2215924985832943e-07,2.8416255123381425e-07,5.707431249886548e-05,4.096677040792738e-19,0.0004605275865077016,0.49136653674882513
118,0.4909004124523686,0.020081152471762863,3.1865778526719777e-05,0.0027979752620317603,4.519422286924855e-07,2.3823429573647723e-23,1.0001076331343186e-08,7.07691561000891e-07,0.08936445112144104,0.39682297327900307
119,0.8197050227164847,0.003022238761056507,4.1521572805019655e-07,0.0009269768459471925,1.3542354582999816e-07,1.8405828673352167e-22,2.8512845334240447e-08,0.00023720812712349474,0.02234647249955402,0.1537615018977148
120,2.5798811105882145e-05,0.008370206706743804,9.290662937964548e-05,0.009984726646813689,0.7701310506437401,1.171711131481574e-19,0.0002479822270664749,2.0217451001166244e-10,0.00017052130760024793,0.21097680682537565
121,0.015756978730131564,0.0011573818947114732,0.0011262739301486457,0.002126352438642807,4.659735265526463e-09,9.55925226993735e-28,1.0450097855181177e-12,1.0377338086271582e-08,0.07286417975799976,0.9069688182102473
122,0.00018493728537885635,1.0863697153071025e-08,4.2607020368062775e-18,0.00053970323898594,1.1098771425346057e-09,1.1485377009420017e-08,3.4653746279372724e-07,6.276663772019624e-17,0.11001150637060794,0.8892634831086131
123,0.12392501148050361,0.014425665683832791,0.11510812313028221,0.013811906246182342,0.00011050393757356851,9.105667733259378e-23,4.30308587773312e-10,9.173917061408468e-09,0.04864593264714005,0.6839728472702598
124,0.0017723405990404464,0.0014490290717943187,0.10134401424275065,4.8857083024299864e-06,5.391910907582971e-18,5.633754720737568e-25,2.0158256587852264e-08,4.698717158830384e-07,0.5678564592247025,0.3275727811234372
125,1.551604054422147e-09,0.00015715819532389485,2.2959543061691854e-10,0.0017468729196782398,3.204064650168893e-07,0.0002579390561471695,2.6751701011716113e-07,2.0644827636700657e-24,7.998501134411217e-06,0.9978294416230418
126,0.350859874271301,0.008481324683857096,3.7736052277709e-06,0.001201603820522183,3.5580049258507055e-08,2.9028107059347716e-19,1.6472517226916452e-05,2.5858247784489306e-05,0.15561255647490183,0.4837985007991295
127,0.0031711880546094248,0.0001482150601364278,2.4631502458495545e-05,0.17936263848146736,2.5533020914470714e-11,3.3615179408061135e-18,3.8379051472986445e-07,4.815017582598532e-06,0.39536318810549126,0.42192493996220665
128,0.001891331988500873,0.002100819808567118,2.170133328278694e-06,0.0011520183049910223,1.700546582666921e-15,2.2181726125166737e-31,6.363014064174838e-12,7.80766141083657e-06,0.32971354846437656,0.6651323036324607
129,2.048797305430984e-05,1.0416891114522199e-07,2.003202525251337e-15,0.2464868250938729,1.3161586794715658e-11,4.0443776018373465e-10,1.8647639348186793e-08,2.1730516630716197e-14,0.0742753003056324,0.6792172633932668
130,0.02546171221313034,0.0005469626006423553,3.930444602071514e-06,0.0036041133282697347,1.0375464205563274e-10,7.610687770538365e-19,2.971066013450516e-08,1.8355545277974104e-09,0.0010169980526787737,0.9693662517107073
131,0.0006275794424127238,1.294500638366223e-07,3.5811035103636786e-20,0.023982995825478477,2.3676329602878195e-09,5.292960892094637e-10,0.00014929203196321298,4.14526365249953e-15,1.066716174851359e-05,0.9752293331914
132,9.450073182198503e-08,0.00581030977234564,0.7410740107513021,0.00099812067870435,1.9592364164068736e-11,1.3559499805413196e-10,1.6768422290171228e-05,6.815397337562558e-14,0.08120085552960518,0.17089984018976512
133,0.3368140089526538,3.529957579785512e-05,1.4252624279327651e-08,1.786516532341731e-05,4.083288520925424e-12,1.9058204940331992e-25,1.8113515545915032e-07,0.06813866517714959,0.26553628872192975,0.3294576770152826
134,1.6919748765974775e-05,0.022365596968724123,3.4752673298020696e-14,0.0003679155119207702,0.38263405778767845,8.424431077421087e-15,0.0004220442904265287,1.985986932832291e-12,3.938902924554374e-08,0.5941934263014258
135,0.0008414110555993275,1.4839986445151802e-07,1.0447428361789943e-18,0.011069701271996822,5.080808637324096e-10,2.308755679406751e-10,0.00023376185453621157,1.3028914138499266e-13,2.5089405465096343e-05,0.9878298872734513
136,0.00769846646969241,0.0007942837086182558,0.8285106214419301,0.0006637054251992239,6.933915659887173e-14,9.767917667254161e-15,7.843225165483995e-07,0.0010004675454216053,0.12650158222617566,0.034830088860367224
137,0.00027931356673876714,5.622691303309795e-07,7.976283969953869e-19,0.004230106883196118,2.8065320012076723e-10,1.8791432070734967e-13,0.00022691313184050268,3.5095493710194453e-13,8.36423864564908e-05,0.9951794614814458
138,0.00039750645037210647,0.008031191725797523,0.7652892697097904,0.0008080465219545825,1.503709486158837e-16,7.356930476786473e-20,5.103078804831814e-10,2.0053849295066206e-07,0.1444412513581454,0.08103253318513885
139,0.002232138490361291,0.0295232788822939,6.875918615786127e-08,0.0025229132610807997,0.009368895821088593,5.774913820394415e-17,0.008556199600559295,4.230190879802722e-05,0.5762701421791805,0.37148406109745136
140,3.837937788560261e-06,2.280440525008528e-05,6.186657966875154e-20,0.002816644164049014,3.1561563020313356e-09,5.81085564839885e-12,6.309676047893101e-05,2.1078986219538023e-18,2.9614583690235865e-06,0.9970906521120971
141,5.276582434130315e-10,0.00039772799454347064,9.024744790559391e-11,0.0010731254385888756,7.812448119802655e-07,0.0005475028663274822,3.3872124723212485e-07,7.163773975135511e-25,2.919373539228376e-06,0.997977603743036
142,1.447873555419366e-08,0.0003520324097788359,7.634796136106835e-15,4.285015204002616e-05,1.627681846636268e-09,1.10805238958999e-07,1.2671829731005536e-05,6.887186790574645e-23,4.2540836387249136e-07,0.9995918932884222
143,0.05669912912473818,0.0031271274008000593,7.08863372799319e-05,0.004892503515015527,9.206687691123578e-11,6.297817707502662e-23,7.510636955676568e-09,1.973489232369253e-06,0.24451519703014324,0.6906931755000869
144,0.4338994534894762,0.003238486168542554,0.0017423875427839714,0.002841190162570694,2.8193448794905725e-05,1.4097475998577956e-25,2.057541076984465e-11,4.535412205393903e-09,0.02505917278144597,0.533191111850398
145,0.0003088798223644711,0.555911832934983,0.0004600128580657722,0.0023846713163210584,0.3907476716636063,1.6505129666420874e-11,0.002343404542442217,9.924515058542454e-12,0.0001402074953208217,0.04770331934046668
146,0.30773475317265125,0.0011929976353755804,8.15648172752017e-07,0.009158803012150921,1.9149436946787664e-06,2.4444181506356124e-23,1.676435217206644e-08,0.004011812348015328,0.3681557227241613,0.309743163751426
147,4.799933571614613e-05,0.11222665802655168,0.05166452786945598,0.09207425038220045,0.17006295081507378,1.627683029952695e-20,1.0897448463683033e-05,5.871414538242114e-09,0.00020297386368609352,0.5737097363874377
148,0.003952416317999757,0.00027535976656956556,3.512755661695335e-07,0.001545612108570379,1.9701837988647418e-16,8.679653209741336e-29,5.248786970366182e-10,1.7752176154030922e-05,0.5050712068624149,0.48913730096784624
149,2.55145517633778e-08,0.00038187193234421024,5.911653532157635e-16,0.00014836250181904902,1.7834561391459802e-09,1.6142446934444037e-08,1.1264191013668281e-05,2.7692452711283424e-22,5.021087537377591e-07,0.9994579558256139
150,0.42863501473867915,0.0008262480491997859,3.0378811139208914e-06,9.262423740133667e-05,1.8445167606579604e-10,1.1850107549944107e-27,6.505291243798085e-10,0.004334217112602421,0.24998111148213403,0.31612774566388857
151,0.5165545232960826,0.0029862635157136184,2.56647964687485e-06,0.002083156466214795,1.418539143814432e-10,4.8044622733808395e-23,5.52850423673216e-09,0.00031521527452410704,0.12508096260209958,0.3529773066953602
152,0.4831339576009343,0.0011384459943884855,3.652909823922246e-05,0.0011861442133805386,2.4913541335952497e-11,1.0875997788955389e-24,1.8164288219116152e-10,0.000994611863202089,0.10301405208538665,0.41049625893791225
153,6.978902139998639e-09,0.10423843272527152,0.8799711304253455,0.0016002630416316476,2.9434956466264793e-10,3.4529843835387927e-10,0.005871983508032493,2.015590792525112e-12,3.9377778708249513e-05,0.008278804900445053
154,1.8654755798011498e-05,6.578591516549493e-06,0.09339999904816143,0.04487813194014732,6.421299217431616e-15,3.602746767821074e-07,0.0013954132018587405,0.12229052458730809,0.04224560005792048,0.6957647375426061
155,0.011630198106101193,0.0010383011741332123,9.629260842688005e-07,0.06827401877615151,1.2196584160727304e-12,8.278885344126947e-23,6.161076069266071e-09,1.3794098917770727e-05,0.1507142373884538,0.7683284813678626
156,2.1127070091555847e-06,0.004797746271460551,7.873534182004638e-14,0.011857278037917501,8.409823560899556e-07,1.0687043150448177e-12,0.0026457033691043375,6.80755222911581e-13,2.2655644512204873e-08,0.9806962959746797
157,0.0004185052514404475,8.472694296834993e-05,0.04691932409119054,4.927873640511782e-06,7.725909007482504e-20,0.0015185762103245835,0.0016493491832563513,1.1804453921796588e-05,5.470436755222068e-05,0.9493380816257051
158,0.0020910604353089235,4.368534832549985e-07,0.7835266328303566,4.2317856859885087e-07,5.513796423129255e-12,0.00022768122296077558,0.0007718920451090491,1.1874149771753086e-11,1.67115661541372e-06,0.2133802022602093
159,0.3781944877336405,0.000524989132891134,6.867287530352672e-05,1.7832439072717782e-06,1.2830426488287113e-14,2.7134041668632782e-17,3.6683682924083435e-05,0.04869079333972964,0.2277021684311849,0.3447804215604061
160,8.786888164433238e-06,2.1644651681600364e-05,0.86884573916266,0.0049175047010517345,7.299484050202263e-16,9.199604621776182e-07,3.0096290461249006e-06,0.00010600757691554709,0.07699342805504378,0.04910295937497406
161,0.6314970185730135,0.000585085695159489,4.4468166443697925e-07,4.993090763169576e-05,2.3870851076091476e-09,6.845911861742972e-13,0.005133681513420705,0.24133828251521944,0.038737783659671766,0.08265777006644935
162,0.00042360127260640345,0.00011202473074472764,5.226855120873974e-09,0.0027099872012784454,0.8852919694717605,9.792342855035565e-16,0.0007794794352390543,1.9969104778601904e-07,0.00027326819378841225,0.11040946477667854
163,0.27564844562169327,0.1343346843134139,0.007939196408221305,0.003955621186716155,0.00010009399170533483,3.798783423479434e-21,2.1335912738107063e-08,9.211459810698868e-07,0.12509881308398815,0.45292220291236807
164,4.6568982978648294e-06,8.330000476971236e-11,1.7134651113768705e-20,0.00018654287153940216,2.4977742191590343e-05,0.05964930781729705,8.56557282703749e-05,3.526023017866418e-15,1.440508213544105e-09,0.9400488574185921
165,1.4148769056666214e-05,1.0440109924607666e-06,6.615436576108246e-21,0.006084951181439964,3.555334079266878e-09,1.2856497540320257e-10,9.597902356744147e-05,3.274883399259048e-18,5.543536668120608e-06,0.9937983297943762
166,0.0001574024557775588,1.5625361981592403e-10,7.00711666498974e-22,1.8238518288768678e-05,3.973811026664277e-06,0.4675849192219687,0.0047297638738008595,7.543985156893627e-11,3.209448483029151e-10,0.5275057015664992
167,0.000343090650684739,0.0031275166450473756,1.0368721945925073e-06,2.609199920326375e-06,7.210642936500266e-20,3.7366002287817924e-20,4.198902393637515e-08,5.495988739352263e-07,0.003197110709648423,0.9933280443346066
168,0.004795659230008029,0.0036973545465042775,2.458248581596466e-07,0.0002954547576275035,1.2957763762870478e-13,6.752193443577044e-26,4.313859334872706e-11,3.4436332138892838e-09,0.003270503765302177,0.9879407783887985
169,0.10554744562690617,0.0009368046810610857,0.0031813543276662318,0.004164743469172407,1.6873447688125444e-06,4.8825986786121435e-26,7.78900518895838e-12,2.5033427658711713e-09,0.06266907063913503,0.8234988914001585
170,0.007225559594550651,0.0024490942331958383,0.00018933620359090267,0.0025539145089225187,1.2126813681651438e-11,6.68848262748216e-27,2.2602305620114332e-11,8.821445571258064e-07,0.19853521123698978,0.789046002043464
171,0.0014556190372563298,0.0017399621973186268,0.522393465680918,6.790250923015934e-05,2.679462887201524e-10,8.952978740310275e-10,0.0011531265436994778,9.085000610618793e-06,0.18247698044257965,0.290703857425143
172,0.007167321179890525,0.0005210984953422475,2.0168727233033078e-05,0.0022558337648313034,2.531913189716969e-14,3.1199188888950726e-33,3.5297495356047403e-13,5.553795289230749e-06,0.40295102535931454,0.5870789986777207
173,0.08896003435628527,0.0002502631546025264,5.919748260603552e-07,0.011024877393467913,8.24958435368016e-11,9.557985943499169e-24,3.75845309023317e-08,0.00045834136219367487,0.41304522364309626,0.48626063044850154
174,0.0720107227648621,0.6189103903094628,0.00014763833059439207,0.00787568319012587,0.13321369897932095,2.9535476081486265e-19,0.00011001915087691805,2.572159966173399e-07,0.06285703071553067,0.10487455934322969
175,5.232200977693812e-11,0.3716689193441981,4.724777861179869e-15,0.03551357621446493,4.361355436397412e-05,2.6935637830250983e-10,6.087386288001648e-05,1.12176592411008e-17,2.1409857939829445e-10,0.5927130164883112
176,0.6548822476343314,0.006498072332962508,1.255138067061754e-06,0.0006263670156864781,3.90593465603452e-07,1.106245976226047e-16,4.6199645934656554e-05,3.8825473566887556e-05,0.18736358525880073,0.15054305690718459
177,2.98170130409363e-10,0.00036766888163395245,8.339528848034076e-08,0.26135064239560823,4.378293678278512e-16,1.6990650903193008e-14,0.0020972167369816895,2.3456850883304468e-12,0.0045872732241028944,0.7315971150658516
178,1.8503459543825734e-07,1.9885063381274035e-06,1.2294576878804532e-18,0.003044384095737092,7.830966803986724e-09,6.361967759906154e-08,2.558344513816436e-06,3.2477912575076437e-22,2.8988261162364602e-06,0.9969479137420549
179,0.08524260950742926,0.0009556361789855691,4.605204474601762e-07,0.00468329027779218,2.2606809742780095e-09,1.805465773434219e-18,2.5452513963387527e-08,3.4021810427936683e-07,0.00761716997818744,0.9015004656058588
180,0.0014717355601184406,1.2319685160585845e-07,4.860052207612031e-19,0.017747766937664892,1.0663196037456603e-09,2.615002656095243e-10,0.00012246617717883126,1.1226297929531068e-13,1.8007324043657757e-05,0.9806398994762104
181,0.049565422262478155,0.0010547140271322654,7.284966322486971e-05,0.009353688349893419,1.0667176355531694e-12,2.5430634310527663e-25,1.236768051997634e-10,1.205960566161214e-05,0.17400590218149722,0.765935363785369
182,0.0028236790901451213,3.2466846176146307e-07,1.3804536685663683e-12,0.4963074500271724,4.916705543143654e-12,4.732873174878279e-12,6.1909679171511635e-09,1.2056441332801615e-10,0.08676135401852074,0.41410718587313755
