,proba_0,proba_1,proba_2,proba_3,proba_4,proba_5,proba_6,proba_7,proba_8,proba_9
0,0.20211447987458084,0.02050705887439744,0.016030887185737433,0.004734963081685764,0.005630513339365455,0.0012228817980446303,0.0034069558201262717,0.0008112524930805715,0.15848322554040284,0.5870577819925785
1,0.1965599455820014,0.027303097134317077,0.014629090819806935,0.005102608134526387,0.010826221546271483,0.0010706986407690695,0.002805022213814564,0.000933362056641933,0.18067287027799275,0.5600970835938588
2,0.08252068122489001,0.008704853759245526,0.026027801731358637,0.006817783937565663,0.002523469954483734,0.0031402106028171938,0.00404856479942619,0.003613737919925943,0.4166156224721735,0.4459872735981138
3,0.5007074285376951,0.01860759309134696,0.00737672084625845,0.012774554226209503,0.0027820175806830797,0.0020205653405835824,0.00452934784091362,0.005982626091599814,0.21316782319929556,0.23205132324541444
4,0.44912094727349827,0.009710351302877791,0.014592496771992997,0.012348081669894413,0.003523557987492065,0.003063955874046578,0.0028294685391469358,0.016935850352258117,0.2353957868989838,0.2524795033298089
5,0.008694457316067371,0.12222091558175786,0.09524622302751018,0.035146726554450294,0.262182231562993,0.009421460927426158,0.030550177867816667,0.005724630103543263,0.04296844272198903,0.38784473433644634
6,0.2810480605968846,0.020166532161337684,0.015203908106390867,0.005081360880785634,0.004190190867111823,0.001431284687017877,0.0046452261837699104,0.0012355937367970454,0.09092920577204912,0.5760686370078555
7,0.18879754957994146,0.06829215458784733,0.019139748978284514,0.02840553053362187,0.010159084437179026,0.004446404176015483,0.009409748344928515,0.0065833290606441604,0.07664764687519128,0.5881188034263468
8,0.00038808022796247475,0.0029640094157925385,0.0005075992522367941,0.0031231895620509906,0.000403001970995965,0.02398347999836292,0.0015233759285464576,0.0009050933913479862,0.0009108671698970597,0.9652913030828071
9,0.04839671957095038,0.05508454548136827,0.010878675959236413,0.24596472995400323,0.012869782098174892,0.0033080405911273068,0.012156135064825322,0.004917630041979243,0.12289740550714842,0.4835263357311865
10,0.00911322990623506,0.013534478453519409,0.030818780562740504,0.006010556760090611,0.003052615347836915,0.002435650869297432,0.005061865916904897,0.0018872024480465549,0.08424939995674083,0.8438362197785884
11,0.22723372501924233,0.021874053608875347,0.012412845656613648,0.005405705706518677,0.004692910333628883,0.001089172739506284,0.0032001455068684176,0.0009605895618128175,0.1386744643263059,0.5844563875406277
12,0.5298241928086523,0.016001688607714355,0.005649155486656294,0.007637646304403944,0.003516131495066522,0.0027284580688627627,0.004135805493604134,0.0029753354046867225,0.17121177000947727,0.25631981632087597
13,0.01961217494862303,0.015362895764226687,0.0025450288389324547,0.0028043096526658784,0.11916085046259368,0.007918033325458042,0.01587992163288378,0.0038561533231606087,0.08161277538231047,0.7312478566691455
14,0.27700559164114547,0.01066637344738258,0.003179266086794951,0.004159707462695294,0.0014398769337965105,0.0020531461283582442,0.001947498047782427,0.0009666081813503421,0.23037141871403274,0.4682105133566618
15,0.0432880734132212,0.0853423337423376,0.06942036706850878,0.10335229425097789,0.02243007521262318,0.05525924718013535,0.17507120795376543,0.09382714125375109,0.09639265855855036,0.2556166013661288
16,0.09832740310675757,0.018618102304113725,0.072574209848358,0.030946357257806208,0.010303901327059783,0.007242720002399084,0.01045745451406262,0.3573335799256649,0.2435107858846468,0.15068548582913102
17,0.010113664899875419,0.03410080346117448,0.00853449176639778,0.005743479761887194,0.43488626509199707,0.006069092931502651,0.013238659840781935,0.004444655418501153,0.07482163562810693,0.40804725119977514
18,0.22764806539258012,0.03226445306321667,0.028267857462818874,0.01345710646858947,0.017574001259371422,0.00173942022140048,0.007358736418763838,0.005105340887844647,0.157377241535226,0.5092077772901887
19,0.014821130678509133,0.04427271821759819,0.005866157113659509,0.0060143064694884885,0.3852537523862702,0.01795618329577168,0.050093080182183426,0.00776261307157139,0.08568537686096754,0.38227468172398027
20,0.034416228124887,0.026831974885542127,0.09751825453950827,0.04715265155490123,0.01489555662887578,0.016451331289883197,0.014071794023074357,0.21645026435077924,0.13301013287964594,0.3992018117229023
21,0.12852746469532061,0.013997818031306605,0.006255971470118685,0.00369901542525302,0.0023235720555371204,0.0007709005612912172,0.0015951239092392273,0.000344726920941548,0.13735463904211506,0.7051307678888769
22,0.012043174066760351,0.07917264074119074,0.0659185994467944,0.09009306344388016,0.012305832377406062,0.014383814089922767,0.01539850106614997,0.01941568123901628,0.09708906138431278,0.5941796321445661
23,0.01220497218245904,0.07275818819924201,0.030623168575044508,0.009698184423579686,0.4485769256224483,0.009549325254149314,0.02130079949841549,0.007639109467592441,0.06338900923712663,0.32426031753994283
24,0.011560515268392899,0.15298480314037013,0.4593253904904561,0.03957812529173467,0.03506215857663078,0.007449792479505011,0.059292984351759156,0.009610167601507456,0.028430474358127265,0.19670558844151648
25,0.12690029778674874,0.005654234967965663,0.010342123814806517,0.002325730279446321,0.0008160559325291229,0.0011263688276873722,0.0010798639367963648,0.0007509464747740504,0.12921188634246628,0.7217924916367794
26,0.13144907649961662,0.004841284313495643,0.020298782996697535,0.01607800907064695,0.0033971257815707335,0.002347847239950138,0.0020368075932392514,0.12983767980049113,0.3482487964263275,0.3414645902779647
27,0.2775717798754383,0.010230665809539909,0.0359904660270985,0.010107273354895861,0.006371141178957736,0.007353957788588639,0.005410023645630715,0.04320032372019457,0.4194196833571551,0.1843446852425006
28,0.005656123907730092,0.02206687663464447,0.001640079580900212,0.03177096621877919,0.0015989480493113998,0.0243549524914582,0.017907622106234037,0.00980553124750931,0.006483426399449782,0.8787154733639836
29,0.007075432120048042,0.03428920561592231,0.020258629788989162,0.10421576609898783,0.004523457084902838,0.013556494627682493,0.011870809872668085,0.018877539276694135,0.02047233014064918,0.7648603353734555
30,0.014667170967926949,0.10360905288307609,0.01942271539835098,0.03042715035292313,0.3699258767228166,0.01051901839141046,0.1703989063985783,0.01021813287690737,0.07958107622571639,0.19123089978229418
31,0.011396032707133918,0.22447853757099717,0.13162338232859958,0.23984723978235017,0.07455071559019345,0.00967232897542255,0.027788489363030477,0.006938796307108051,0.039894975939365675,0.23380950143579943
32,0.03980889429161483,0.03501316351349324,0.012998829683231053,0.09896239540959724,0.009768762553160226,0.06352553485991944,0.15181831737879609,0.04641269434558468,0.17765853438316673,0.36403287358143677
33,0.06949078116798538,0.0035966570896281773,0.001956691731315852,0.0019119641513043661,0.0006047111260820353,0.0007954417705246614,0.00046636168686486207,0.0003097626002443108,0.1955169460444207,0.7253506826316297
34,0.03900377759941327,0.005085540633960201,0.003950057691560025,0.01825642177540682,0.0032952403533736212,0.024729772789091435,0.004825604755656284,0.013033798786456312,0.01909233845066113,0.8687274471644205
35,0.1574776264519297,0.018651909866523556,0.009599889634375048,0.006090401079585211,0.005703555991364003,0.0009248655613562764,0.0025096737386787644,0.0010566165336098573,0.15643338043996266,0.6415520807026152
36,0.16470995325360913,0.020837185669721228,0.013078505787355501,0.012600227296726243,0.004442395649914782,0.0012916470652331233,0.0025012210860480923,0.008042342889216913,0.46800121908415104,0.30449530221802423
37,0.02967840881971037,0.003822153242105274,0.01875426004242785,0.0023761308304015073,0.0010890051123860621,0.0010205631872718644,0.0014957005699315512,0.000934218771757342,0.25709092866511946,0.6837386307588887
38,0.025232557141705175,0.0031017232823337326,0.011041302240530746,0.0017830451523772042,0.0007009856024353367,0.0009649919631684375,0.0009453340197878625,0.0007066807122200446,0.23289801728013887,0.7226253626053025
39,0.06015574021536832,0.003552439742536449,0.0025523063478696227,0.0008314569013897631,0.0011987410379496763,0.00035418044433607325,0.0004196585730935371,0.0001724751204446706,0.12773822629207743,0.8030247753249341
40,0.013791159531160986,0.19896041912253623,0.06720497567442488,0.21281994223337683,0.109408255698353,0.007821662138557298,0.1909052797576708,0.013021187864088223,0.06675900351921617,0.11930811446061536
41,0.02823547958811209,0.019793659300414154,0.07418390340889768,0.03224720163096786,0.008563305905117743,0.01805981184578707,0.00948631538045912,0.16961646368119834,0.2407760178720085,0.3990378413870375
42,0.03597615793391016,0.10436183042020701,0.04226621063552627,0.042018392762506414,0.07919482918507784,0.002790041446343328,0.014927036936999743,0.0033850281182759797,0.04285092957043694,0.6322295429907163
43,0.007496802544095009,0.04869257091188287,0.011802418425753485,0.2550823562891255,0.006990852991300784,0.010690607256779427,0.027921093905596522,0.006462299831957763,0.0326162158225292,0.5922447820209792
44,0.06233319434679109,0.0030416496117676565,0.001877481165063315,0.0009251841884854395,0.0005076286618304215,0.00035424332370976295,0.0002867429848999749,9.907626551581265e-05,0.0987219294799183,0.8318528699720182
45,0.15369005616301995,0.012758273358971882,0.014045514001044694,0.162484124489166,0.005816088496136486,0.004609180039089176,0.007898119833739014,0.03889862848543823,0.27454630982006084,0.32525370531333386
46,0.030242613245651657,0.045512958743425466,0.05009136053311348,0.1488480787100063,0.016214629246498465,0.07809798661482029,0.026488073962988606,0.027000295478566992,0.28353065465695115,0.2939733488079781
47,0.2711473346049214,0.017972967937652722,0.009197677652604439,0.0038280066533735776,0.003675420652651388,0.0011370328965279758,0.0031029402759025406,0.0005759148010324859,0.1503855209515618,0.5389771835737711
48,0.04088917838566711,0.0047834467328760075,0.01277153403090656,0.0022538762352874863,0.0009604705774444811,0.0012494831099079341,0.0013547399510408084,0.0009161219388299594,0.22413957272514254,0.710681576312897
49,0.02157959755570338,0.07720462046144518,0.015341465435248851,0.11366561854843109,0.008356984827325801,0.02051714936259206,0.2708734794140034,0.018730833130693462,0.11314017514384808,0.3405900761207088
50,0.03421462362915831,0.12323366360483128,0.0365993044524463,0.09178904595136982,0.3050165344949955,0.008432493412257972,0.038609289534461175,0.007338024376994758,0.06024516791448986,0.29452185262899533
51,0.4179121576965057,0.014856068517242393,0.007993856323899326,0.005329594976649569,0.0028574684752802255,0.0022457411740034365,0.0029639686516722288,0.0016872343697420776,0.1721418849516322,0.3720120248633727
52,0.10465741912765851,0.013050825892313394,0.01828034926436138,0.027420847338886115,0.007698588750364121,0.0015733879678668774,0.0048594668068304364,0.007515106477741998,0.19254565687049463,0.6223983515034827
53,0.08934558907204065,0.008181363941259992,0.0024201109597004255,0.002774621087528603,0.0015826376075257502,0.0008154345269766174,0.0016374356493339855,0.0003035401774203573,0.12792971768489533,0.7650095492933183
54,0.35244104988430536,0.011906892514140633,0.01137925347398577,0.003325777230626753,0.0025662724010252075,0.0013937645355513273,0.0026697316934064783,0.0013681965462493668,0.11641388972066075,0.4965351720000483
55,0.5851592425182811,0.012108794907215913,0.009845338994958383,0.006713765042609927,0.002993626520916916,0.0019222727986664447,0.003183999583530554,0.0028836698584795224,0.11210522148504089,0.26308406829030023
56,0.1314652306385159,0.00417718918581929,0.005694654046527032,0.0010530348545468137,0.0006842041525968846,0.000550289947917376,0.00044806249271781186,0.0002514657914420666,0.16173810060486504,0.693937768285052
57,0.041684187021471336,0.00373774964066208,0.015513611808003265,0.003076036220397574,0.001269858906088402,0.0022851457660775505,0.0017520123229199343,0.0018602159451093648,0.4484766690291534,0.48034451334011763
58,0.5475561618738294,0.00927406306633488,0.004666908128858803,0.004052483695012037,0.0018702359218191302,0.0017922991758958762,0.00205127756702467,0.00162038312142678,0.15016774160186788,0.27694844584793077
59,0.022526568537756912,0.13015277105655956,0.037001713993469944,0.03413597546323746,0.3178026580583583,0.007525687925063091,0.03933785727644982,0.005726590216010216,0.07176334467447446,0.33402683279862005
60,0.009960371409666094,0.032568280070418225,0.005176450838345169,0.13983705492297466,0.005863803163413442,0.05137468080836384,0.041381056666489474,0.010983874522427241,0.011410571412833938,0.6914438561850683
61,0.03095203396434345,0.1175797144278248,0.06350723981043438,0.10153240464526442,0.0977448989705048,0.0046228089535333425,0.02186254948322415,0.005340054888485366,0.048762136842212866,0.5080961580141721
62,0.061041786144208354,0.004430080681804766,0.0027840547476599077,0.0012030230849444767,0.0018181387360572925,0.00040733109720958005,0.0005580762476652049,0.0002780522504679413,0.11323405452970345,0.8142454024802792
63,0.042801556284801735,0.02779158583343383,0.01095681416936702,0.1026500071223021,0.008789699089925893,0.05198888523569627,0.10470764746418242,0.04156407821489522,0.24620915178229416,0.36254057480310187
64,0.00413773555897538,0.098028997767361,0.6559187501156158,0.017595631681449782,0.02107953750776408,0.004398744577900123,0.04811289876091164,0.00747398069930642,0.011593825383970451,0.1316598979467453
65,0.06682110736229553,0.008689737488979037,0.03175197189278701,0.00853164679286049,0.003035788291161511,0.00500899418481823,0.00392265545788966,0.004805920974708768,0.6350753833392143,0.2323567942152856
66,0.01270342195450853,0.23844209721856693,0.1935202329178203,0.1551947956591072,0.09151937210199743,0.008927335010391389,0.19337619805496217,0.014544002274940517,0.027787715850740528,0.06398482895696482
67,0.1273567143607467,0.06411359871460028,0.015140353033983724,0.05356944945062238,0.013665508497037345,0.0028700463405758663,0.006890852540755932,0.005742701435107457,0.07345637884194525,0.6371943967846246
68,0.026473213449887043,0.10164072017125278,0.013970957051552898,0.04121505233042125,0.012612340987018675,0.00810163813279541,0.13291875693710453,0.011052003402101506,0.06764032963119054,0.5843749879066751
69,0.1226399374224553,0.006867046182919798,0.023880647695190688,0.08670623469329833,0.004433642752066165,0.009191949253396402,0.004010792234133852,0.04070685272578894,0.1326660292506116,0.568896867790139
70,0.05096153350695606,0.028931186430923635,0.023001344549701187,0.018740276654626797,0.046763175244678636,0.0029583034945600637,0.012947416608271263,0.009528572054486066,0.2412830780286313,0.5648851134271655
71,0.2717276562292423,0.008506687489060995,0.012167711826834503,0.03281445185178735,0.003153931551105816,0.0028594370665241935,0.0031969875662319113,0.05988357333310279,0.35861874987812603,0.247070813207984
72,0.014966067850408995,0.20408382918047135,0.06278591292568565,0.09346305096750232,0.19105783494182002,0.011053465190909429,0.2715603915767868,0.01681228550311053,0.046326364330467884,0.08789079753283686
73,0.023783491088712725,0.0901753501141353,0.22044320090148029,0.32481887908860096,0.0214497632620384,0.003840085155299183,0.022170431588676594,0.01968431152710552,0.0735092235123622,0.20012526376158923
74,0.03889069240151341,0.0056608612048720435,0.008281234042569259,0.002800281602819885,0.000795350657584886,0.001449616895616426,0.001425888470497438,0.0008664678639089533,0.232720892203228,0.70710871465739
75,0.017957493132835824,0.10541430532967663,0.02984961971937428,0.06684334443090956,0.019909187560406372,0.023925968345558227,0.33744117273636504,0.01513783695901178,0.18418407918511778,0.19933699260074436
76,0.20602009043516312,0.018585340853703617,0.010556887844927363,0.0036953241211483256,0.005136027278775634,0.000990120795503471,0.002219141885290133,0.0005174918097844585,0.1229259677179914,0.6293536072577125
77,0.00024486205226072986,0.0012199817573277246,0.000292904817336493,0.0012546664405562904,0.00013211890614671888,0.01626138125235604,0.0022547482031843435,0.00022808953072086155,0.0008235105356381286,0.9772877365044724
78,0.21846183701930083,0.004763012156249738,0.014991433190809577,0.026077529298686206,0.0025050266685180266,0.0019193039363158478,0.0020000991542530547,0.040500161997147635,0.2987295168081932,0.390052079770526
79,0.004384959058817316,0.07116087994576407,0.8037607469345698,0.013756399568347427,0.011512074127521943,0.0056745253318241555,0.02410688791821555,0.023687021722285786,0.016893931799182346,0.02506257359347197
80,0.09181573594953243,0.005485115754209636,0.002504150551410788,0.0013685192868516172,0.0011101105194101285,0.0003842205752316165,0.0004397848687412752,0.00014230480124899537,0.16314172426575096,0.7336083334276122
81,0.5107400208157596,0.011863726042095311,0.008095691967292087,0.00577597360835272,0.0031260194338309432,0.0027617621861571254,0.003844328459763672,0.00320604629495806,0.1893831958198841,0.26120323537190626
82,0.41907522922931123,0.010507765751988024,0.002559396477019155,0.005249336430705823,0.001529540476616023,0.00304151904365773,0.0023613371140248037,0.0012761916398263135,0.26414601249065905,0.2902536713461918
83,0.4163318546785169,0.015246411974772998,0.009387508188756945,0.004682102931219353,0.0030800966090197717,0.0013746107936753135,0.0028005124807678155,0.00198922842629594,0.12012582575231098,0.42498184816466383
84,0.01374326847239766,0.20545348127171473,0.05871798931449134,0.2587498600457655,0.14164809832740688,0.017081369183037595,0.1614009886218403,0.013754417642993125,0.0425178249398542,0.08693270218049864
85,0.011942862349855343,0.23644140049298673,0.09934607420024134,0.036597867084590355,0.015748720827445672,0.00891749960442605,0.535710131555572,0.013017715341550065,0.010063420158898185,0.032214308384434356
86,0.09629312744369266,0.016844960264219683,0.003612670588717467,0.004770313778096212,0.0016240951349235386,0.0009436678711459501,0.001774368713328486,0.0006662967510140201,0.13207629372169355,0.7413942057331687
87,0.005649439388470319,0.0622591239804094,0.020030585326206864,0.014435954168839955,0.004722450719807592,0.08089071366687493,0.06954891614410925,0.008955236021255615,0.028359423335966992,0.7051481572480583
88,0.4021516949941425,0.010043555339634387,0.004554970298597825,0.009023596185765101,0.002856761583477248,0.0040698421004476725,0.004012650223759927,0.004969521450804473,0.19619864195654416,0.36211876586682723
89,0.008531316071780818,0.11329491654156874,0.6272549823966765,0.014108089850456253,0.030019817526824654,0.005372845192916806,0.04694069223912003,0.022484403924688954,0.04721356400494078,0.0847793722510268
90,0.17397594395427599,0.010680433059023347,0.031094408359519692,0.07834567706494291,0.008964264176593933,0.011722316341291601,0.006515642608504723,0.1284009791688188,0.20588754339687043,0.3444127918701585
91,0.21791217647043695,0.013254960291710298,0.00424033975585596,0.0038157314123502223,0.002963669457153543,0.0007486070833589109,0.0013440666821893737,0.00045178686926424617,0.20377769212682306,0.5514909698508573
92,0.011210944584382777,0.0884920367932363,0.04395410675296426,0.014854040607473645,0.03728031725524898,0.016788093003831144,0.3741076028135603,0.01106617025466885,0.34795581488479943,0.05429087304983465
93,0.04008180084179216,0.10440840541427997,0.04645846495380401,0.015994763264029536,0.062329597104592786,0.0025971457071904454,0.012066764313030729,0.003057484096396227,0.03668071562026261,0.6763248586846216
94,0.020271783366259018,0.17995717874974906,0.221532406246016,0.058142386303581144,0.13010651953153848,0.011279253712640207,0.13148046838345864,0.013383930876392319,0.05551094992003701,0.1783351229103281
95,0.050990778471080224,0.07112577265236056,0.012790077066635689,0.010740111358241761,0.02849271162434416,0.002566011095964255,0.029091957425177433,0.002888235445287823,0.13945898810111224,0.651855356759796
96,0.02217574592438422,0.1876385618209454,0.040256732657085355,0.030493109540541026,0.010811616771461792,0.1482240802664162,0.41125201875361816,0.020254509648782074,0.0678893745581409,0.06100425005862524
97,0.06306559017474898,0.002498762643274139,0.001173033815275802,0.0009426166034638791,0.00037697673237950226,0.0004028567270060779,0.00020633340073270944,7.5848408417525e-05,0.11285862706660499,0.818399354428096
98,0.41505302697473756,0.011379247932947421,0.01775273040353924,0.060030392377845326,0.006332291417399775,0.01546672847801326,0.009303611722657687,0.09082955026579516,0.1258401872605116,0.24801223316655296
99,0.4609458100792603,0.002938614736449192,0.005494722397145613,0.005014344367389403,0.001456936048776331,0.0017922274372570643,0.0017460588174028687,0.010245525284377775,0.17560730234862545,0.334758458483316
100,0.042925789504251806,0.004034912797169668,0.0026450699218611017,0.001909000538582972,0.00042197917574264944,0.001096349350839226,0.0009744736230013955,0.0005842185732077712,0.14227852769041816,0.8031296788249256
101,0.015229930053168061,0.01925856947552426,0.002423527586175691,0.003361161809005385,0.18775575911299444,0.013816334364528237,0.03154723060244295,0.00436010433032882,0.11585157486331926,0.6063958078025128
102,0.07849421426507419,0.013276469080215863,0.007196941748622951,0.02825306916215166,0.0020505758116784517,0.0035293562591802597,0.004100402073911655,0.0026184104972727796,0.19513066369398865,0.6653498974079034
103,0.27005803261893835,0.014093663633263658,0.0072524169003009035,0.0035858806820995627,0.0028325084338489924,0.0009825367840834722,0.0018162776456624832,0.00045132541864872065,0.1597317236485454,0.5391956342346088
104,0.5320670652845706,0.0050691115442954154,0.0075701763162754334,0.0049923574316280755,0.0021614035228520755,0.0017030285372682786,0.002124937820480008,0.0068773394508873644,0.16322260836212116,0.27421197172962164
105,0.007447612909632479,0.10583881039821165,0.6654368297309663,0.013231069335512456,0.017578251676866507,0.012724082244215215,0.04516686456576356,0.029425239131036826,0.034696187724299055,0.06845505228349597
106,0.17855113389446617,0.04668068011935375,0.01737808531613497,0.010021005116227475,0.025229222784843585,0.0016358680436115596,0.004306010732577363,0.0020189960354921083,0.12245861853712292,0.5917203794201696
107,0.1438106889085873,0.004846929747651408,0.008454285880517897,0.007375062512548029,0.002252120648164932,0.0027566661455707296,0.002662314525971735,0.024007045392014856,0.18091786168380736,0.6229170245551657
108,0.04887519566464989,0.007294813204756113,0.012833805108356851,0.06346476121199206,0.004236325608476319,0.020382343769480737,0.0066649197105660115,0.023521661827068642,0.10056914163660051,0.7121570322580534
109,0.06870171372874365,0.014205915612567769,0.00917597972698124,0.026754996845773784,0.005638451889682933,0.03313057596352627,0.014498041402114211,0.09263910612915088,0.03595687115951682,0.6992983475419426
110,0.016268365947641115,0.1426037310658847,0.18961811227249695,0.05252241431448013,0.013354015522951868,0.013056198699887613,0.07504602764837033,0.030955015562110354,0.10773618258093132,0.3588399363852456
111,0.0040963880704174135,0.015743673564890853,0.0465580201037491,0.006308377040349448,0.002340025785478341,0.0022019791774255714,0.0074425733173444026,0.001329562033421819,0.05816194554416399,0.8558174553627594
112,0.009946998425983372,0.051368932012521226,0.021796110455286198,0.021039300002960448,0.3935770458245399,0.011754901320114305,0.05221415666971716,0.009482799585906823,0.10205861453417583,0.32676114116879434
113,0.012406095071348622,0.01687930603089449,0.0016501010484406616,0.07978189469857602,0.002758464349670472,0.01584252012846028,0.01227777209367418,0.011667382082452014,0.007215683898191283,0.8395207805982925
114,0.02457217224792383,0.022336861788526303,0.06475409987592218,0.019780748905580497,0.03143633863309545,0.0029729149048787606,0.006539251472290814,0.016881447252459093,0.18710865674790714,0.6236175081714163
115,0.018043702543638993,0.023677778429797354,0.006958321074477408,0.01072670944968719,0.00836429140447706,0.002574196549073094,0.020791438991734325,0.0039601043673698245,0.14126558456355826,0.7636378726261865
116,0.01281067649044617,0.015963441710030977,0.001964336757460059,0.08284769468694272,0.002651887767384409,0.01608458281795292,0.01217414490698491,0.009856394043117759,0.009614671906097463,0.836032168913582
117,0.009896317581035454,0.13608306876339585,0.0677043283444061,0.04663727890188374,0.0409369798588386,0.01764074950960594,0.11125174604492429,0.01519565738151391,0.050006478867809935,0.5046473947465864
118,0.439223861542212,0.03122803768175551,0.00838075067407759,0.011742114206864187,0.005330800107347611,0.0019675707788421376,0.004999567609288335,0.002671121906441442,0.24922774988913313,0.24522842560403804
119,0.543248155681137,0.014450030516460495,0.004781690924432065,0.011007175872969094,0.0028133462447119473,0.0056576852388899295,0.005128155245523852,0.005291260668798189,0.15721261677030396,0.2504098828367737
120,0.008593883957246076,0.042847719252772934,0.015068148101189867,0.01485611763027326,0.366725001743826,0.011082476916654092,0.042541819389922464,0.00725240547671859,0.09006307845882063,0.40096934907257603
121,0.0489544139970584,0.0017775632598822783,0.0009249589177630041,0.0006053043979661845,0.00036225320069620286,0.0003411148973669148,0.00018597324175464612,6.961324547585495e-05,0.10820708820061575,0.8385717166414206
122,0.005331013848266654,0.00045299708860533044,0.0002696299436521666,0.0010590605838025386,0.0002885851689984374,0.003382005655650373,0.0004168579399187088,0.00157742411029831,0.001168274818558647,0.986054150842249
123,0.13789886657895706,0.0294238841290053,0.010936889545445447,0.004185780368016137,0.008534221223726653,0.0008893213706592575,0.003259637269276746,0.0006255880017624082,0.09436313472670592,0.7098826767864459
124,0.02588711304857368,0.005423050410606781,0.01498291799847252,0.017153941354564196,0.0017204790074776524,0.010568372934464228,0.002104137024331133,0.0036045268242123414,0.6804509939555918,0.23810446744170569
125,0.00031218190648209503,0.0021445716497852786,0.00034728810817974014,0.002428362307170233,0.00035333920356513354,0.020851091662334703,0.0012140510720837709,0.0007878198873951003,0.0007158230021916628,0.970845471200812
126,0.27844395196314153,0.014909601956781504,0.0305751228068575,0.014014879515827352,0.005062252048387316,0.0017553462795533582,0.005525722663703893,0.007568161449390264,0.1722465172792184,0.4698984440371387
127,0.015869034652755173,0.015568996907236331,0.05726396130921575,0.14954559083730593,0.008284299164513531,0.004668026097820978,0.004367234861154741,0.0222313608012358,0.1674641979955087,0.5547372973732526
128,0.020521286225246845,0.0021130004037538805,0.007397286797038322,0.0013519674072216441,0.0005457062860041712,0.0009720742616715565,0.0006588751697998281,0.0005672624629571887,0.2484879645138172,0.7173845764724897
129,0.004039702658984775,0.0029351871422389816,0.003114075302963813,0.1203696960235908,0.001760299657096052,0.005115347158012657,0.002895660211740419,0.007170349865901578,0.020263122246212063,0.832336559733259
130,0.14883493692534003,0.021486391370725735,0.005431668245783974,0.007631547907131565,0.0021439570773579054,0.0017150097569026495,0.005509421082952456,0.0008296952089342385,0.08659228057877837,0.7198250918460927
131,0.004166205777679766,0.00887286331235765,0.00091445812585385,0.03742383828634823,0.001615535406941034,0.014260323974711196,0.008254327888039778,0.007151904688871799,0.0032671796394016656,0.9140733628997952
132,0.013913206274344081,0.15766680762983085,0.24892056793144987,0.03001427121748418,0.01299666061838277,0.015725213336550425,0.10938368780137042,0.026446486089898857,0.06456925402837842,0.3203638450723102
133,0.38865904709532906,0.005733566162298499,0.007876589890677955,0.011570901695249767,0.0027945082539908507,0.0034781972340529707,0.0027009765101157837,0.04300727990716667,0.3451485598278468,0.18903037342327225
134,0.006801646169189007,0.013476584864963845,0.0016073635588916048,0.03762374103507604,0.001491836283191358,0.007867491136114485,0.02948613665398266,0.012199565381462338,0.0179140450409006,0.8715315898762276
135,0.007268514725000527,0.01174009325542524,0.0012735885587962215,0.05389803650634355,0.002131037804346163,0.015375090240166783,0.010753122565553035,0.00949616002792165,0.00493964731347972,0.8831247090029674
136,0.004859283368509011,0.016051782006214748,0.15289307631723878,0.021353517921164706,0.0035246717876844273,0.005037835328137791,0.0030568589032308946,0.014470179692310512,0.053912134757569966,0.7248406599179394
137,0.009136973207343834,0.01571910943351803,0.001436142153053617,0.06794514335318724,0.0024182909630101118,0.01585956377066049,0.012137010764637208,0.010303355029188756,0.006002435564229722,0.8590419757611713
138,0.011784039468444387,0.02647760663611476,0.5409872440180428,0.013911177950637149,0.010167628398961532,0.007996427036808681,0.00624770441117023,0.014434424629793358,0.10361059795560496,0.26438314949442193
139,0.017844022475688892,0.03385643711175975,0.004171672395670859,0.004443271254613786,0.13865591138676162,0.011481961953702158,0.0514196394842195,0.006323960707754742,0.16258337680822413,0.5692197464216048
140,0.002346665910835006,0.012703984364576515,0.0008996449141552121,0.020517742830383805,0.001131426443399547,0.019435826395828595,0.007422328382944705,0.005629389199231633,0.0030525670813601096,0.926860424477285
141,0.00027886935301872656,0.0012078813903725622,0.0002355496601448717,0.0015233369855105114,0.00022635600437003554,0.019519041671091204,0.0008529808568493852,0.0003289892841875293,0.0005069128028135936,0.9753200819916416
142,0.0009930644298453734,0.009787037230922226,0.0008372342740738676,0.008109640361495274,0.0008516186616637354,0.0364072367093099,0.0035858091308213764,0.0030426010502089353,0.0020159924483143144,0.9343697657033451
143,0.14448592092438983,0.00839135214246065,0.006429109483322273,0.0046907973898193496,0.002624771362596442,0.001237220630300161,0.002061810709593547,0.0014623728996209743,0.1337818557683812,0.6948347886895153
144,0.3525023579188006,0.013900093572773557,0.007722888599601042,0.0032122639175528925,0.002235653041464121,0.001176098525065744,0.0016997559420640783,0.0004340888333091515,0.11842583932571349,0.498690960323655
145,0.010853024320897802,0.22871994921407113,0.22180704178755822,0.025872799940026895,0.1323766857238496,0.010950870491269553,0.2813069849032398,0.012537636318500451,0.018472317969281428,0.05710268933130504
146,0.4806277630906535,0.011627270058148826,0.0031703867609720144,0.006416001556880306,0.002116136137247936,0.003310248809642444,0.0028329468596292066,0.001965716540166893,0.19169134440808275,0.2962421857785762
147,0.010327186862175973,0.07689081707693658,0.05709279071633932,0.0343422283016326,0.3992356336653288,0.010129969209617522,0.043567209684467714,0.007280223291079711,0.0750817477176002,0.28605219347482147
148,0.024843345964110208,0.003460090374895122,0.005834946249472006,0.003240473983465361,0.0005280799245911798,0.0010957450595372685,0.0006718902127759109,0.00049014600604793,0.20096456037435725,0.758870721850748
149,0.0012047567833054908,0.010545085691964466,0.0009053387282607278,0.009435178134192004,0.0009204378491654381,0.03482559281355151,0.0042773110886325785,0.0036285550794122193,0.0022643050068974872,0.9319934388246178
150,0.5378598403507384,0.0131112031625525,0.0035568144259299577,0.008807057273422538,0.0019059545542367527,0.004506753029622999,0.0026531752425856896,0.004335008819081234,0.3405488857300284,0.08271530741180146
151,0.5058061921799033,0.017134512260861594,0.0075875096274278355,0.00645886103678863,0.0034670290180139835,0.0027297418117829325,0.004502366861541866,0.0023692080551194965,0.27556551884057195,0.17437906030798833
152,0.3000164271044852,0.018764998695661502,0.009440678570700908,0.01023414717833104,0.004208570231808121,0.003555637558503469,0.005970457689845904,0.003858663048704957,0.23504427509072967,0.4089061448312299
153,0.010173805089612395,0.21402759249727632,0.4129697490819161,0.029054433587329346,0.017565005491886505,0.017193126699191957,0.06407074277480618,0.024096373942931907,0.01334952948244282,0.19749964135260628
154,0.0138520469104626,0.03593237960800267,0.04740466277852802,0.04182059965980645,0.006584729975231116,0.017282501372443162,0.009986971293552105,0.09092294675996475,0.06045045582062422,0.6757627058213851
155,0.06359841915040441,0.0032881221907112433,0.0065986644684560645,0.002714540812890829,0.0007628738279814651,0.0004991532422541757,0.0006540024506941965,0.0011741830709138396,0.16002095207750863,0.7606890887081852
156,0.023702179091591714,0.04986699209326982,0.003936494214065344,0.08610684370340138,0.003626235432943104,0.03075043710792303,0.08560582704234147,0.019241611736572076,0.020877602587752255,0.6762857769901395
157,0.006669138298122808,0.010427190967268516,0.02259421216920161,0.00402302877942675,0.0021662552522145667,0.0017409629964903635,0.0036212024012713634,0.0012171182757475306,0.06926596072504575,0.8782749301352109
158,0.006032466100700371,0.03597273930835789,0.026025186610716067,0.01766495957222567,0.002328029146862849,0.020033716664451022,0.04493854395937019,0.004259110635251973,0.05395943285718801,0.7887858151448764
159,0.08913934505718786,0.012780895060931356,0.03774275338612959,0.030950653354772803,0.005155229941469768,0.008104618909865139,0.0035974645473410114,0.027556424368418254,0.6845826771480692,0.10038993822581503
160,0.005121435647287625,0.030303290420704544,0.6493606421423223,0.019175001934355285,0.0066840755979801,0.005661522472652061,0.00552278044047491,0.019717662622856312,0.09632257063228274,0.16213101808908378
161,0.2368490707912843,0.014945207713374677,0.024126005743909763,0.032225535593291034,0.007465079285285978,0.003398187720155141,0.00937087793843121,0.054046751383470794,0.21024373741220231,0.40732954641859487
162,0.012319773655646904,0.023438140885038074,0.004215009193539,0.005873655722507993,0.30801816278184807,0.009917153514632173,0.03393399395233207,0.00645903118939353,0.09116627856919872,0.5046588005358631
163,0.3437344329490392,0.053861831628250166,0.029621130615883156,0.013785036180095786,0.018603721135616844,0.0023659746297314856,0.009935898621834792,0.003029179707316691,0.15457976697542491,0.37048302755680707
164,0.003997020343848136,0.012229926292528637,0.003975753691478577,0.015995279277645293,0.003660384970198281,0.24232402685298352,0.012321228118892746,0.005098401235690077,0.009082752196487721,0.691315227020247
165,0.0016724351670644516,0.007598174788084095,0.0006685175952369155,0.017449636807464936,0.0009884429339354541,0.015905698618428676,0.005409399755459153,0.00435239579226416,0.002084177056088545,0.9438711214859743
166,0.005567215270416078,0.009686736134956239,0.0023250497223893675,0.01873134568269722,0.004663111709469781,0.07411884100754679,0.011248555023723437,0.012411245190527102,0.0036331737365047005,0.8576147265217686
167,0.15111052073586703,0.039649899860288565,0.018077719711568085,0.006394763775058848,0.011965449909189579,0.001172869949369443,0.004519778665224072,0.001062253535679273,0.08411590164711191,0.6819308422106434
168,0.05820800414905237,0.0038126401867596437,0.00103501956487578,0.002133079124449424,0.00046076108908904985,0.0008551124302245541,0.0006597018494963675,0.0002722207577979122,0.09472442792607966,0.8378390329221753
169,0.13590469129965665,0.008883215918500798,0.0037840937519031444,0.0025553221175535637,0.002369155341578888,0.0004940884021103443,0.0007567097003708677,0.00030927202257752923,0.1855019458533343,0.659441505592414
170,0.06941690726562942,0.0030905812288739313,0.0013988597655521474,0.0010767150979129046,0.00041876260969374567,0.00046881637428080366,0.00029656219826877986,8.637051320886271e-05,0.11249469727828007,0.8112517276682996
171,0.007513575704660322,0.0622950486979744,0.5756118636774304,0.022444365550873025,0.02099097905514124,0.004627163178105615,0.03346093590558347,0.024657584604796393,0.07207113531224933,0.17632734831318633
172,0.02429836299986114,0.0016891417291782116,0.005849856713484864,0.0010966514276097936,0.00036873128567145884,0.0007200290900620548,0.0004384502295284162,0.00045338439492506887,0.2134992210241382,0.7515861711055405
173,0.06118917820749974,0.004016172715529268,0.014199711873386806,0.01527581329026814,0.0021272049207702575,0.0008472969682624359,0.0007966080764789446,0.03220866184216884,0.3715829150226885,0.4977564370829469
174,0.05338196906689642,0.19380651324505,0.028487297244262275,0.02767492791855345,0.11811959740245008,0.007435448853641671,0.07676083783431581,0.007073556988013802,0.18422555629652873,0.3030342951502882
175,0.025900708533123176,0.06821256045433871,0.016044606381699005,0.023836683060990134,0.013885216774841959,0.028526673566195575,0.5914389172835245,0.014772767076296692,0.14065007590858597,0.07673179096040418
176,0.1089555288119136,0.02794830605707917,0.023236135160129782,0.01868671660609471,0.01391092783989543,0.0020529886278462107,0.011234089060343871,0.00694505143063223,0.2018026101102563,0.585227646295808
177,0.014135766743936424,0.1528450151441217,0.0807920408114199,0.16037965629987025,0.017928305622071452,0.034276043648943946,0.1250644491439731,0.03221500049641624,0.057013581334094454,0.32535014075515245
178,0.0003969839367831173,0.002419024947017149,0.00027922127540472774,0.00424909588753574,0.000506971425735016,0.015642551920859993,0.0012553961257128557,0.00164993666475422,0.0006620609844916167,0.9729387568317059
179,0.17382838294207245,0.016588789414693418,0.005660819871478924,0.006735040756114287,0.0030519349511150488,0.001435428600951933,0.0036372066394514766,0.0015954768990528933,0.0977441543450884,0.6897227655799814
180,0.0070468412902373245,0.010806411343629897,0.0011960840328851328,0.050920872952400685,0.0020748959246710396,0.014989240388253125,0.009941692866881586,0.009402559728879368,0.004628236084015797,0.8889931653881463
181,0.11418216083677424,0.004705621565114236,0.006107324822384823,0.0012096228309367203,0.0007407683956744216,0.0005285015843633477,0.0005357965503000262,0.0003279595897168492,0.14878146629874126,0.7228807775259939
182,0.02264453643285634,0.02332682558651148,0.0585100963958516,0.5774808392706018,0.00952752182956893,0.02189043755330802,0.017453501658742356,0.05502123103891993,0.061077815227108194,0.15306719500653157
183,0.07359417751997484,0.017948769221943394,0.053811960285920744,0.0806886084192691,0.01023566977602675,0.004845719339401579,0.009011661799349728,0.04216903660303513,0.3266439154729196,0.38105048156215937
184,0.009734748532867767,0.15845360401514777,0.39256336528947655,0.033345988320867985,0.012258562244208057,0.006766273069372444,0.053693590232593943,0.01740603728078534,0.028076289853397267,0.28770154116128277
185,0.3379443119399389,0.006230641016682106,0.009530103914616736,0.0239520303568448,0.004228492379564308,0.0080375270268975,0.004254516443637912,0.07317730771656722,0.23950847072037076,0.29313659848487955
186,0.2837750868708589,0.018373694356273364,0.012039519375944604,0.0040715697244270085,0.0037591466311851823,0.001340823360842016,0.003612954324375419,0.0006912120367054515,0.14585291925479021,0.5264830740645977
187,0.3682862757652732,0.011905433672573722,0.003430578177970426,0.008438114277491124,0.0022339861419944265,0.0035186174265810495,0.0032058445345890902,0.0032994920173886897,0.3628924254509556,0.23278923253518222
188,0.013127872621091838,0.1879189555315577,0.02703564807378499,0.018647097186762867,0.049334628490495185,0.01220508487670778,0.5208136813326439,0.009644841777579499,0.03969232615826562,0.12157986395111084
189,0.17178013155769858,0.006949282085079841,0.005031554689593482,0.0019862715119351167,0.001178601616852978,0.0008089580754591507,0.0009886420700769324,0.0004923198548257986,0.12430652463289496,0.6864777139055829
