,proba_0,proba_1,proba_2,proba_3,proba_4,proba_5,proba_6,proba_7,proba_8,proba_9
0,0.26076257201614894,0.003115268724873815,0.0010879709973802677,0.0019023698832842933,2.421046264485812e-09,1.855091614346306e-18,4.5868430838996135e-07,2.746117045660636e-16,0.10376239142008382,0.6293689658528738
1,0.1098076594278652,0.005902169522354695,2.2360534199263725e-05,0.007381740934383037,1.013338677180966e-08,3.891294325937025e-18,2.3737106605149535e-09,5.313917515516827e-17,0.014208952111857687,0.8626771049622426
2,0.024092738379483624,2.454152336511256e-05,1.51261765731351e-05,0.00020300575313673052,7.755445766051901e-19,1.131144462213599e-19,4.973465278371799e-08,8.221799102166166e-11,0.434896409435622,0.5407681289149485
3,0.7908303788956945,0.013456686371575394,0.0008204021019304218,0.0011158130764963373,2.843020790091313e-12,1.33244557755203e-12,0.00042565167244248986,1.4844548726097825e-06,0.15059772287360787,0.04275186054920501
4,0.00021059151904448718,9.872717517458705e-05,0.6363189510080591,2.0737511038781797e-07,2.63427913584083e-13,7.74420425816921e-18,0.00015137998143573998,0.00035663669726435326,0.2046221497412361,0.15824135650241186
5,1.5530240559317552e-06,0.10299660121865642,0.00010311550410833364,0.160008174151794,0.11339962480199396,2.3508132556768665e-10,3.892742735199877e-07,1.5615705488478757e-15,0.006186526892040388,0.6173040148979946
6,0.6729214188181165,0.0030446588986501764,0.01105168895028183,7.231553706614827e-05,7.26725077049024e-10,1.7368311086380833e-17,4.348161939507094e-06,3.626730866361139e-14,0.09941813512109615,0.21348743378608817
7,0.004496996034889465,0.0020405544731371345,0.4749944053742617,5.0673078854300554e-08,3.339862760213304e-12,1.8897783698049757e-22,1.4342830459227811e-08,1.7003027329592858e-12,0.11666322296693554,0.4018047561298268
8,2.2193680267096892e-07,0.00022739844017928988,1.0591276516230332e-16,0.003590909065048315,8.184046291607238e-24,0.0001463974261653692,2.2104272151868536e-05,4.74789464493482e-13,1.398554471426319e-06,0.9960115703047061
9,3.7104552874044277e-06,0.0014084310254459035,1.4668262845557283e-06,0.6396750748141571,3.4787739127731946e-08,4.1427464705008407e-13,3.293255678200884e-05,2.4211792246211812e-11,0.12532363881425634,0.2335547106954215
10,3.933231752058993e-05,3.090966846896081e-05,0.6020238725007974,8.698963939933263e-07,1.2516645344652725e-08,2.201352865029182e-05,5.810002364803664e-14,2.624225745711667e-07,2.3195333684634073e-05,0.3978595318152062
11,0.007664226233666587,0.0017897352036333675,0.0004374284362374912,0.0008195733440751267,8.314550557762683e-09,3.2814087813486637e-16,2.2002999689472435e-07,1.1310841037878469e-14,0.03627880632235899,0.9530100021154693
12,0.1432226084982797,0.00035258553787486833,2.040168739387922e-06,1.92846806574406e-05,2.5512753963267017e-13,2.0525991762115037e-20,2.8070599459920815e-06,4.443310706029071e-12,0.15535166231953607,0.701049011730268
13,1.612572425324907e-05,0.03517373514936607,1.5571226361918325e-10,0.003139787412409559,0.0011478926888957486,3.1554476287804195e-13,3.086521485882436e-06,5.285985717322003e-06,0.3690029297763603,0.5915111565854841
14,0.2002208060850713,2.5815443241878303e-05,0.0006520031259285846,9.313732206031781e-08,3.43257477876868e-14,1.9833642652281396e-23,2.35609270244789e-10,1.0171805562765594e-10,0.031954276989884234,0.7671470048811903
15,0.001722993105409413,0.00013999195569041315,1.4002483403757938e-06,4.7245045115859635e-05,0.00015019957441365464,0.001140851880322899,0.0019073201279705657,0.8594599376745122,3.934238426421683e-05,0.13539071800396035
16,0.019118577056978572,0.004410414173530264,0.03296986757634961,1.981625060704649e-06,4.700346405962375e-10,2.0362352471418664e-13,0.00012274105544480854,0.6314751981718263,0.2513664079304798,0.060534811940091506
17,2.756785900826262e-06,0.0014755977845026713,1.3915703648945786e-08,0.021749025375141454,0.22271971101459165,2.7810162207241045e-14,6.495117288592298e-08,1.51576599086439e-10,0.0003211424570552327,0.7537316875643273
18,0.33730813883180333,0.3774517433294691,0.0003611493148515838,0.0077348652500769015,5.649292403667487e-05,1.617990303712598e-13,7.923394041338899e-05,5.241957668404727e-09,0.034672403480853604,0.24233596768637572
19,1.5148602321726932e-05,0.005613742968965888,4.603437747237035e-09,0.006559707593046766,0.6518908339955222,6.210824673949592e-09,1.694145807346988e-07,1.5250918689602329e-05,0.007907441821682473,0.32799769387092825
20,0.0014190271361564284,0.00796592926372634,0.0076925813816120115,8.991248774305967e-06,1.8521516943781634e-10,4.6077423583721993e-11,5.390548125335661e-06,0.6755757459779141,0.0498734359426277,0.25745889826977125
21,0.006730335137635615,0.0009608384464631898,0.002013143682689125,1.8518461076616592e-05,0.004889645264030118,1.5096729935115671e-05,8.573440805008052e-12,7.728132820598757e-09,0.00010078732374916973,0.9852716272177149
22,0.004298962933260781,0.4273794687007413,0.005468118317461703,0.4135389823543324,2.7992783902612998e-08,1.2455144504158812e-12,6.257308143084422e-06,3.646706310898609e-13,0.07704987970429693,0.0722583026873699
23,0.00020339474150488017,0.22362710257764637,4.1337732874719146e-06,0.004796262438673312,0.6340846980834375,4.978599002516159e-11,2.75270222940288e-09,1.0568978582838774e-10,0.0028749737924487796,0.13440943168482372
24,0.002637120322369163,0.009007605457830354,0.7555492049636722,5.119965665919766e-07,1.8799456032701816e-05,1.1424128711747808e-13,6.828109543173261e-09,1.5473918549780796e-07,0.002167291885751219,0.23061930435036854
25,0.0259686762579404,2.8549948683283945e-05,0.0002031914425639994,2.559184215153379e-05,6.877431803009347e-17,6.379210848126079e-21,1.7740125285473648e-07,1.3945399110778168e-11,0.2819049422160985,0.6918688708773638
26,0.023391081811767148,0.0006007902358991917,0.00047072443158929794,2.4257177860747425e-06,2.2927421349828063e-13,1.7627639287614797e-16,0.0001329179903805052,0.5501002285383357,0.3163845678234363,0.10891726345057633
27,0.23362991288802137,9.284879788461428e-05,0.00032630220138906856,9.130308079391194e-08,4.513899929381223e-18,4.093035555311727e-21,2.0844246514577975e-08,0.004657086594620072,0.4385445498252242,0.32274918754553333
28,1.6993213306862956e-12,0.012444840830429536,7.364784047588473e-11,0.0004261211446645655,1.976748733176195e-09,4.990928939563287e-07,1.6118050926379336e-10,0.0034485328669461367,0.0023645997496901773,0.9813154041020993
29,6.030551960568563e-08,8.190703095393524e-08,0.0031230416566269134,0.027700388518623102,1.048893822257794e-13,6.117241730829713e-11,1.9781317346250206e-05,1.2680904956099666e-05,0.00012231361742084135,0.9690216517111989
30,7.969695737572926e-08,0.045318801339793074,2.680837784839481e-09,0.7739972813107356,0.0006631470235894651,1.0362302016012883e-06,0.03872747794628011,1.7785969405555815e-12,0.012487083033356243,0.12880509073647028
31,0.00011036468398874307,0.2717190113236601,0.0009101431145814028,0.4359782520448547,1.539275029748814e-05,2.1129097568748475e-10,2.8231858052000068e-09,4.276394950806244e-20,0.18466120755670473,0.10660562549143618
32,4.743012999496251e-05,6.162372815261228e-06,6.0687724552711806e-12,0.5848157928989542,4.307680152283127e-14,3.714817319525915e-14,0.03240008664030789,8.425817246571397e-10,0.07610773313895353,0.30662279397024333
33,0.000463033937678482,0.00010993244279001158,2.4996072682493655e-06,1.6956432087500123e-06,8.520538458151512e-14,1.0926772693959429e-22,1.4449950749505457e-11,2.0135868751283835e-13,0.17591814185666982,0.8235046964976481
34,0.021407773391734074,6.253645116017187e-05,5.564472372201084e-13,0.0007945532172455659,3.08244006399632e-16,1.235646766541019e-07,2.8762163957771866e-06,4.241184573850784e-08,0.0040623390791575745,0.9736697556672277
35,0.009828196834884409,0.0070857228479472316,0.0007679013968716913,0.00012968291808369083,7.571752712245211e-08,1.9496293420592547e-16,6.275166558379324e-07,3.2243072296215414e-14,0.07106280965765191,0.9111249831103456
36,0.04315198723325477,0.015916370916056133,0.0032072765233162087,8.285856103005795e-05,1.32938061507589e-10,9.13474002701588e-16,1.406462890406704e-06,1.1883655394328675e-05,0.3826854969689396,0.5549427195461795
37,0.004535582071450395,0.00013964492278584963,5.5156854687060754e-05,1.6977307368279697e-05,1.3780923283294824e-16,2.7295971636641546e-20,1.0155045853694993e-10,2.0564298778231427e-12,0.37365045082989623,0.6216021879102053
38,0.00025453295342114235,0.0005347496111316078,0.00018870394412307142,3.799155464468045e-05,3.0912737908005482e-15,1.44503808517517e-19,1.5521913643868617e-11,1.77885712152518e-12,0.4396440309018244,0.5593399910175512
39,0.007209151431655974,0.00017514194266555545,1.1951925428637426e-07,0.0012748007898409225,1.3143756081307506e-11,3.4428480093070316e-21,1.0193743198847298e-10,1.2193209999346996e-17,0.014113900054070176,0.9772268861474319
40,6.165684720372018e-05,0.03229613810461626,8.984425161028624e-06,0.009503152653642375,0.0003406230833846692,1.520690243179455e-06,0.8906937689831488,3.413351792301451e-10,0.027334857824183188,0.03975929704708158
41,0.01776665585115078,0.005793026165553573,0.001887459402960117,6.023269065774692e-05,8.988089290642411e-09,4.715524265324959e-13,9.397822071390042e-08,0.4243829699850809,0.09305852787232427,0.45705102506549117
42,0.0032317068336715203,0.07537496586547035,3.155072333245971e-05,0.006840397105519305,0.0007408443267174782,7.65775126823796e-19,1.8079700969733e-08,4.990824539924246e-18,0.027629456483851476,0.8861510605817364
43,2.9723643883130663e-08,0.01571675182979263,3.0329030521896205e-05,0.081489638477921,4.766866021480606e-07,1.2200083401886685e-08,8.399479572960838e-08,5.5673853169488785e-09,0.0010803210874959226,0.9016823514017581
44,0.00011720230133589831,3.511134829111567e-05,3.011992303766729e-06,8.330864440553032e-05,5.260467051519483e-13,1.2807293343684403e-21,3.969785415364646e-09,8.35461540709304e-15,0.1358601752008321,0.8639011865425117
45,0.0006182646370473481,6.2243608090001504e-06,1.649770925731358e-07,0.40735633382320374,1.5672138234003928e-12,2.646865070543772e-12,0.022949887410484034,1.0066183908595663e-05,0.42117857749173276,0.14788048111150787
46,1.2518226844183936e-06,0.0019325891351926047,8.638898289130774e-08,0.0001457641108253119,7.760145502812955e-16,8.523523284355101e-13,7.084390868064796e-12,0.0018850953285874455,0.07700300216379674,0.9190322110419931
47,0.44285896204685293,0.004715344462314274,0.0002237376219862536,0.00019781263431841248,1.3528582248541944e-11,9.736363231282167e-20,1.4603362985555733e-07,1.5303913584522928e-16,0.0903086000698207,0.4616953971175487
48,0.002043021893543259,0.00017151212374146995,0.0001532485688517437,1.6318665371797853e-05,7.725686482318929e-16,1.5838703526972907e-20,5.331287698847139e-10,5.533564268219438e-12,0.3865170222428177,0.6110988759670108
49,5.245637398292928e-05,0.004115021019129827,2.9570259782887068e-09,0.01555918797730389,2.2864263508493403e-10,7.524232079142847e-07,0.24894696737432337,3.4807950439615435e-14,0.4164072321202159,0.3149183795261328
50,2.4190336466691525e-05,0.010179920248477716,2.979500422728372e-07,0.01593869436592669,0.012494131432561294,8.529896672467546e-15,1.9180812605640023e-08,1.6869734158354181e-15,0.0016275297097182247,0.9597352167759843
51,0.00497231094777041,1.1862305825939544e-05,4.426513048876995e-05,2.6324815953912178e-05,4.145302142682583e-14,4.623740761598611e-22,5.683159730198824e-08,1.8230250175185532e-14,0.06486811278600853,0.9300770671822955
52,0.022712312151601712,0.015167032638813393,8.94542617205769e-07,0.33474432735990345,4.5379948470776525e-07,5.227156502498579e-13,0.0014028121480179586,3.741550711462768e-07,0.1616703598058795,0.46430143339808827
53,0.28680048995362534,0.002359316281929496,1.0937713869609134e-07,0.013193807955415722,4.373747289883631e-12,3.315648160060655e-19,1.219487664173398e-07,1.1710319525926925e-16,0.10496917957086825,0.5926769749078822
54,0.6602740169857041,0.0007612393206665406,0.006516567881521764,2.2315059015643898e-06,3.924535914019696e-12,7.955314759173902e-20,6.766581409103214e-06,2.0456591699868335e-13,0.03640843393507519,0.29603074378559263
55,0.6277322174309627,0.0008822747763496719,0.004911698561232526,2.0436393946172505e-06,3.4725378800535775e-14,1.217854063542322e-19,1.9386315868371383e-05,2.2379823303888252e-11,0.11725488129365992,0.2491974979601176
56,0.00033534835059194373,1.954743350365173e-05,2.224272499733964e-05,3.81649792567619e-06,3.346363118412689e-15,1.3143894942086121e-22,1.6708777903947951e-09,7.75425571162585e-14,0.07980592558094196,0.9198131177410808
57,0.0007500303059553981,0.0009585722217435741,7.082595696928894e-05,3.0334365848036705e-05,1.7518321566567997e-15,1.3626737387156116e-19,1.4367352080308335e-12,5.035306022174829e-12,0.46890064273635657,0.5292895944066534
58,0.2743535629358518,8.132697923034252e-05,1.5407725773363893e-05,8.682655239723102e-07,3.893084810604029e-14,1.1207972074464934e-21,6.4794396779718e-07,1.3342634243736438e-11,0.11509989768840463,0.6104482884478665
59,0.0003222298654191635,0.027232253307754514,0.00020315615811217439,0.0014739259033070033,0.526806508486462,5.657626759828762e-12,3.5082853699961387e-07,9.27584489896877e-11,0.020061107531278,0.42390046782071406
60,6.673428286277723e-10,0.00013235080341938757,7.61510393546356e-16,0.004374697482894823,6.645730501438225e-06,2.159978309766317e-06,3.583469887001432e-09,1.2249201867536025e-07,5.2420456650730235e-06,0.9954787772163773
61,2.7224755925668465e-05,0.002377695720074959,2.018395247305015e-06,0.1328610501015025,0.01878460482782359,7.85991106185469e-17,1.1405146357980969e-07,1.168895511839766e-17,8.40730931475289e-05,0.8458632190548149
62,0.0447270472684915,0.00017455574572498495,2.6481621858418417e-08,0.0020438706458612544,2.4585115944309076e-10,2.7714170433732464e-20,1.9835237713354238e-10,4.262917356880922e-17,0.028120589642736265,0.9249339097713606
63,0.00010679265631869482,6.1604805035218975e-06,4.695398486953121e-12,0.5340010343009235,5.569123910590374e-14,7.783497657180595e-16,0.009070327960870709,2.9151609130576655e-09,0.10838588706571457,0.3484297946157562
64,9.850508445418776e-07,3.290016330251001e-05,0.7589284382775044,1.6110171319699445e-06,9.938984942914229e-10,5.357536899457879e-13,2.416621546738257e-09,3.771715703553393e-08,0.00023240838587067832,0.24080361597713282
65,0.0013523740361940108,0.00013391287830663657,5.066969094423969e-06,0.0001605460999252866,1.4154520960353974e-17,2.4335954929080233e-19,5.947131599213041e-11,1.03185352768917e-10,0.49154953890671277,0.5067985609471102
66,3.078467101458236e-06,0.9294883312050344,0.0004950735563011135,0.003476324374177797,0.015682906404383565,3.285551721203844e-05,0.008576565907655716,1.3817745906471855e-08,0.003154539862486298,0.03909031088790158
67,0.0002816596860602742,0.010999203307405727,0.005751889071185398,0.0020034245555000546,4.6801592226923446e-07,1.3539701978312873e-17,5.287873682580786e-07,8.2597748828446e-12,0.39361723820025135,0.5873455883680467
68,6.940342309196596e-05,0.2455482790352658,0.0004226799228273992,0.013664154414647944,0.00012188698478454482,3.311270862972688e-10,0.4404211553198635,8.361822481022274e-12,0.008373060307137676,0.2913793802528923
69,0.6292106269215261,0.00010460732433189428,9.046041677633167e-08,0.0004695407170740944,5.4094927039250843e-14,6.1514015271022036e-09,7.983414263210622e-07,0.04308902418314423,0.07792298320558999,0.24920232269503506
70,0.012541982616564999,0.011353633134842696,2.084997978712806e-08,0.32722745115444896,1.2683703779688954e-05,1.1650714177519313e-12,0.0005219853766227174,3.345900511862688e-07,0.35028787016658447,0.29805403840596045
71,0.33375715197263206,0.00044752682759357387,0.00031544508556595295,4.106024650518946e-05,1.806572209097639e-15,3.6308321946988495e-15,0.0003504062991717854,0.06358192259196961,0.4623207106061928,0.13918577637036356
72,2.661976105342218e-07,0.018515666116200206,6.377552990711728e-05,0.0012612001843628168,0.8891032394661578,8.639773709834278e-06,0.012623299954767233,8.023761399456076e-08,0.00016030854354012744,0.07826352399613025
73,0.002174794504838044,0.021105739827921608,0.005132087302735687,0.17927982973520323,1.487571242790867e-06,5.2192685918642205e-14,3.0003769325276895e-05,1.4451039446862067e-12,0.4639820217672037,0.3282940355200324
74,0.000311671160350417,0.0007074114426676947,3.9292954424446955e-05,4.5050880638572885e-05,1.7362333627490948e-14,1.4545764201072233e-19,3.639891049155841e-09,1.5104236506026028e-11,0.39457966833248054,0.6043169015744257
75,1.9910866308234195e-09,0.11207919213288747,5.048079096627709e-05,0.04461319910120053,0.0001351884198283375,1.0041593552136009e-06,2.847171131037693e-05,5.687488448148616e-11,3.724636478915757e-05,0.8430552152717011
76,0.12125496130487709,9.203518805225509e-05,0.0001972359731330712,2.659589146847615e-05,1.4043119777277398e-10,4.810658184097704e-21,1.096364068740801e-09,5.2035856936828955e-17,0.016189596944015228,0.8622395734616586
77,1.24348137384506e-05,0.00010955793788246612,6.365271871926282e-13,0.00012575288225076536,5.269840006747865e-25,0.01017581128612622,0.0006090450481632422,3.2841475719364546e-11,3.7141567492721492e-06,0.9889636838416115
78,0.2222919598905125,0.002750950657979958,3.582302919082015e-09,0.0015248436279789975,2.3606913273784265e-15,3.862867322293746e-15,1.7519985929109942e-05,0.00018714262826839304,0.5389366508767554,0.23429092875026644
79,5.459058571097886e-07,0.00016900135895216221,0.6758719306135892,2.408910943523722e-05,5.611134388474575e-15,3.0330150076642746e-12,3.1904681783606665e-08,7.008795305334851e-07,0.0004594169172171733,0.3234742833076982
80,0.0009694446976412772,0.0002033135081018398,1.6181330885985173e-07,0.0006129990853661291,1.9733583839907657e-12,4.253732953237053e-21,8.21199751615029e-10,9.93317589392373e-17,0.06576115299702914,0.9324529270753795
81,0.5866335837755424,0.0009685139221748801,0.06273842045235437,2.14122246598855e-07,3.406923210323093e-14,1.0365547505469148e-20,7.535422086982087e-07,6.689650995439148e-10,0.1216154653809661,0.22804304813550788
82,0.25161312660876295,3.812954693607556e-05,0.00023853033048866409,2.0820210831544388e-07,1.9368366677329123e-14,3.6324454701296623e-22,5.77551738484787e-09,1.1382401940021567e-08,0.24159158463827385,0.5065184035154915
83,0.29613039981805234,0.0021668999533806027,0.0011107163161575154,1.2364160579728993e-05,3.0361758415007474e-10,2.446956560092047e-18,1.6152150694001044e-05,4.583396676218613e-12,0.08578463154430878,0.614778835748626
84,5.883360124523317e-08,0.09203598723256667,2.10295511430502e-11,0.6375161049955536,6.023708660856036e-07,3.910140276820282e-08,0.015363147467000675,5.090066069203092e-17,0.002003605102595302,0.25308045487538405
85,0.00036921875640911567,0.14631893598922102,0.009587941075816325,1.0862109127395918e-06,3.959119745566253e-11,1.190560145369472e-06,0.8263404847121318,8.6475333871087e-18,0.002876401759263746,0.014504740896508501
86,0.00922592169845194,0.00016402093335200486,0.0002954239278432109,1.1838374856072076e-06,1.4360122323573598e-11,1.789973183143007e-23,1.2384330222910407e-09,1.6570879609074008e-12,0.12128539615301895,0.869028052195398
87,6.91751947610814e-07,0.005936548654933031,2.1072187553070714e-07,0.049591013731312666,7.553226704240405e-14,5.566447938076501e-09,0.8100782162749977,5.3045107437474e-17,0.0006200661969052196,0.1337732471015047
88,0.47150023548021247,4.5663111429643046e-05,0.00018551205679481772,1.7176412672275716e-07,5.757652400961791e-13,1.1436646108136695e-20,9.684066835399695e-06,1.2944424291612832e-05,0.12284262148002431,0.4054031676157093
89,1.3496239476278538e-05,0.03799292014331821,0.7307668702207751,2.5370360153237067e-06,1.8707059114655268e-07,2.674659330475962e-06,1.1545579415664865e-06,0.06695550647455767,0.0010756934602319025,0.1631889601377623
90,0.4754724089231747,6.0805574565005855e-05,2.371911431708171e-06,6.447964219351282e-05,6.470388635093149e-12,7.370598656194541e-11,9.995335022527068e-06,0.3564091178841428,0.02311866411934404,0.14486215652994933
91,0.011615209732018354,0.00039458259515069835,1.036971358430918e-05,0.0011735753881470812,2.1880865553083085e-10,1.021193735219167e-18,6.811844640081265e-08,1.1663337632609213e-15,0.05737849691126671,0.9294276973225766
92,0.0006699513691211168,0.0011943852874709297,0.010903865624207627,0.00045235240754843705,6.351783855943817e-10,0.005389552674417534,0.22904100532731245,0.03556886157795645,0.01946697299579857,0.6973130521009885
93,0.03918091599074294,0.05002361903766246,0.0039190177048586275,0.00020575062317367674,1.1063613542449145e-05,9.803877287009079e-20,9.886744900058739e-09,1.2706861586368474e-17,0.01795230076371709,0.8887073223795579
94,0.02282991437730806,0.6445639564458576,0.23715407868871877,0.004524713857789515,3.647554709380716e-05,2.5419879767485555e-08,0.0663584373770222,1.3211368624918144e-11,0.0006879709420717283,0.023844427331047097
95,0.00029441615129460156,0.2524544182377074,1.1755331194455092e-06,0.17209094497266025,6.10557995067843e-06,9.411696231589128e-13,7.977715070892523e-06,1.4579110181504968e-12,0.31222363240345996,0.2629213294043378
96,4.0511361331512907e-05,0.0013206653820921894,2.7806663831397863e-07,0.16557287677108104,3.795750705334097e-18,1.0715669690898492e-10,0.5416040043645971,4.1622679599487947e-19,3.8035712630633415e-06,0.29145786037584015
97,0.00014452319122326452,7.085341159145265e-05,8.091599699814282e-07,1.3555227744175228e-05,3.019024954539061e-13,1.877040879626974e-22,1.595584276407798e-10,9.077428737839543e-15,0.1641440715723873,0.8356261872772145
98,0.5821219585672256,9.597277353964116e-05,5.855353573622892e-09,0.00017726866593544902,2.9594667435828577e-15,1.60381850803288e-14,0.0001743744689037506,0.06381479812790673,0.14105073543067964,0.21256488611043667
99,0.5503951137022849,9.45270220749469e-05,1.166111813799974e-06,1.9679845482837877e-06,1.0848615283733515e-17,4.748747539492914e-19,2.552580929499301e-06,2.0038909504310308e-05,0.1966711157981017,0.25281351789074247
100,0.0018163726491101134,0.0010921140400100492,9.021244280390717e-06,0.0006690547997055312,5.156240512144219e-14,9.575215817563465e-19,3.2342550588549325e-07,2.3662775855614284e-12,0.354303793684149,0.6421093201548213
101,1.3778368491239122e-05,0.0003266489315164964,8.886959871978123e-11,0.0007851823323322665,0.6471340168321295,4.592787137419799e-11,8.111152374830059e-08,3.175733919248838e-05,0.001137076754256671,0.35057145819576013
102,0.009530568357126583,6.424373013534292e-06,1.2572147602168012e-05,0.006076386041167879,3.0463134046896116e-14,1.104256948292491e-19,1.0932914647881364e-05,1.1517615471953127e-11,0.29166516640590096,0.6926979497489929
103,0.1875357666115442,0.0013107455688170513,3.1532535759808685e-05,0.00022350339144040993,1.6007413821090483e-11,5.531855181723522e-20,8.767815079403868e-08,1.2535395814858084e-16,0.15068720052855059,0.6602111636697295
104,0.5662730084816812,8.49130152724992e-05,3.29744094630916e-06,5.442388848084604e-07,3.3576486103643016e-12,9.414544848275628e-19,8.416306517209132e-05,2.819379209799872e-05,0.11571313581280936,0.3178127441497783
105,1.5116855195742083e-05,0.0044215100877898015,0.7309965394747729,6.109721160516512e-06,3.0319537231354503e-13,3.1174132236443495e-12,3.467920374633894e-09,1.0357636427659106e-08,0.0008454174016860522,0.26371529263041765
106,0.0026658402782955525,0.000645573980364269,3.134199048639615e-05,0.0002335506867615506,4.570550981452764e-06,9.331729536518567e-19,1.0473185841580694e-09,1.633871332555313e-15,0.004358041327408261,0.9920610801383822
107,0.4283740238128249,0.010159069844731803,1.135889345562566e-07,0.0011660322811840416,5.203162810106319e-09,1.556614385276221e-14,0.005017543964639704,0.0006071411173585841,0.21171109139159172,0.34296497879555626
108,5.449898677870263e-05,3.9508016799730436e-08,2.359126070130729e-10,0.020605088643725806,1.507795790366706e-16,6.175465111018939e-13,3.6684102661687484e-05,1.706362443264709e-05,0.002569783949231583,0.9767168409486225
109,7.543040206752794e-08,1.8316116308794339e-06,1.7703101210143658e-09,1.0441558305663798e-05,0.025761619619166606,4.940005411483554e-06,0.0003062551255591626,0.5069490610793582,5.0324241482641856e-06,0.46696074137570753
110,1.8451487839918337e-05,0.02285549881759994,0.7366424910593867,0.031797473388347076,7.735475374616098e-13,4.7681572144613815e-12,9.778849616781352e-05,2.898327045842624e-14,0.031727695240166914,0.17686060150492075
111,0.004119050448531246,2.0923882358980087e-05,0.5502092836087306,4.934918075944833e-10,5.942428734859471e-07,2.7644705724232598e-08,7.409667352667333e-14,0.0029182371682980606,5.604470548066536e-05,0.44267583780545533
112,1.8400358391583254e-07,0.036645266267143026,7.103591492606448e-08,0.21811110376470522,0.504350208212201,1.1134975706904033e-09,5.696180757427655e-06,3.84463344127603e-10,0.0004482159085328508,0.24043925312920067
113,1.7411828975541685e-09,1.278535825101053e-05,1.3705496687268807e-09,0.00448807544268428,7.533896714504565e-08,2.6353873153683545e-08,9.254143897255128e-09,0.010698217593843899,0.00029614056083723334,0.9845046669856669
114,0.00038351639407885725,0.1702017351711621,1.7335949207170975e-07,0.003298038805585756,0.0039788166152934686,3.0113052740196065e-12,2.3484157659238018e-05,0.0008319254441353519,0.17606190786743983,0.645220402182142
115,0.00024350321048913863,0.00020071747834342327,1.4866992199867427e-05,0.3892454624297786,1.0769800125495753e-07,1.1805981714175382e-14,0.0011259884987439726,7.3347400145079785e-09,0.4060796703276488,0.20308967603004324
116,2.030530841187834e-09,4.303241367131943e-06,2.7838021157823206e-08,0.007109527367434676,8.420997449123415e-08,3.626033902913386e-08,1.035521248724986e-08,0.004916176463582169,0.0002481417839134332,0.9877216904496245
117,5.553365686557674e-09,0.5434439811997519,0.0001675645900883452,0.05271173339269074,6.646302970784159e-11,1.437069656786788e-06,4.189459536628498e-06,2.1807120229708373e-13,0.006434551900768093,0.3972365367674609
118,0.05734098051443167,0.06877161180059532,0.0027856304411543074,0.0012018441859839874,3.78915349540061e-09,3.9092726839979107e-14,8.863775506834496e-06,8.893506273148557e-11,0.22103400901979617,0.6488570563844042
119,0.723164298023932,0.0017824959249010954,3.6066972376502705e-05,2.3772316025933496e-05,2.6055935187911654e-14,7.474983553961495e-17,3.291749622681113e-05,2.293665291686029e-06,0.05817634576037597,0.21678180984084394
120,1.0851974838577112e-08,0.0024079372836800644,2.199925957424366e-07,0.08007461350801699,0.5125034503653129,5.711455038826458e-11,1.697976017301948e-06,2.4204310176374597e-10,0.0016968876713995445,0.4033151820518449
121,0.0003533236334028006,0.00012030403791526867,2.105045344826159e-07,4.021821246150911e-05,9.058988077281042e-13,2.7740637609905507e-22,3.5660109946930304e-11,1.3516272211384205e-15,0.09475709336011154,0.904728850215007
122,0.0006656422780580807,0.0002648811367520541,9.896283963235233e-18,0.010975491809271012,1.2509270791368287e-17,1.347082312793027e-07,2.0403439926178953e-09,2.8398214854907454e-10,0.00024193600956590086,0.9878519117337955
123,0.4961907521958119,0.04017182265594116,0.00031161157603422644,0.00026713215571778844,7.654525078746089e-10,7.813650733636321e-20,9.453582033932792e-09,2.280531486748743e-18,0.04058980053476299,0.4224688706626975
124,0.0035415460013236426,0.00131151455875674,6.079720517950552e-06,0.0008958300725007005,2.3715759622856432e-17,3.883036670276061e-18,2.98550347271021e-12,9.625825648928695e-10,0.6553767514221542,0.3388682772591787
125,5.160143888968281e-08,2.9202913229171317e-05,1.492553599969224e-17,0.007451236836563244,1.6289761437505143e-23,0.0004294600108112658,3.583779643310668e-05,1.7088873081692697e-12,1.0744785062599252e-06,0.9920531363613092
126,0.4949190227554846,0.0566100938416357,0.0014500605991648503,0.0003439599613880927,4.586248952424178e-08,4.525294261353683e-13,0.00034802983824785077,5.9347999910772586e-08,0.2862821500430679,0.16004657775006895
127,0.013236726639405913,0.07385508018242729,4.647376259896987e-05,0.010170248495180861,1.5500388746327323e-11,6.933055187241253e-15,1.9052619643425754e-06,4.059598759191244e-10,0.24062568990544972,0.6620638753315056
128,0.0005045067991299299,0.0009438017623874344,7.850584423305527e-06,5.0359939255852684e-05,3.9574683643169035e-14,2.3479357375210613e-19,4.483557829829962e-11,4.128194713625737e-13,0.3915548685292937,0.6069386123402217
129,7.85632614769429e-06,0.0001225165203739491,8.855485545639976e-16,0.3802528367319743,1.0011941490312138e-16,1.7725036410778452e-09,1.3378270596047082e-08,5.0694465481289444e-11,0.00022670988207747079,0.6193900653379569
130,0.0014081411621296054,0.0009957568894628475,9.786112704231972e-06,0.0005420997076420397,2.9641603783453124e-13,2.0602658433539373e-18,5.800328363398267e-06,2.938664584810472e-15,0.14666668101749997,0.8503717347818985
131,5.367902474221141e-09,1.1038957547886915e-05,2.527223462183359e-12,0.011537939651560641,3.0415061866056664e-09,4.914503551989453e-07,1.8049615785569708e-09,5.480087470022156e-05,0.00021228981552011723,0.9881834290334185
132,8.046023360497997e-06,0.0014569233703620897,0.9210914554806476,9.330870869222079e-05,1.4595083612249048e-16,6.90844466854071e-14,9.933910093587385e-06,2.673896623532116e-13,0.004623856536106699,0.07271647597040067
133,0.008622194962642677,5.669946251909887e-05,0.0011827381737831559,7.323158763067895e-08,9.67422847046382e-15,1.4774625834995714e-18,8.391659011473183e-05,0.436562418091613,0.2504941065448114,0.3029978529429186
134,1.2581490046499796e-09,0.00014929232097514109,1.2844468736955897e-12,0.0029095824264255333,7.836633010921492e-11,2.4590692657234157e-11,5.793398447173506e-10,1.0472027873995996e-09,0.002795873286626137,0.99414524897704
135,4.527579084146193e-09,7.71727746774718e-06,5.271242091346405e-11,0.010693261992615994,1.978318313625269e-08,2.9068875529362334e-07,2.8229084903780218e-09,0.0004504609559496331,0.00024843969307680025,0.9885998022057514
136,8.716083773593195e-06,5.8079853424524786e-05,0.42728771448537584,1.4834545027541997e-09,1.2775207552609653e-08,1.0380808900319947e-11,7.707684199837671e-09,0.4253312364842472,0.006585065953722603,0.14072916516272918
137,1.1016477339285566e-09,1.5196880048520042e-05,4.1675115570656006e-10,0.005235894207370681,3.636886357039244e-08,5.2596969631578594e-08,6.332768341429873e-09,0.0032844147422485637,0.00025063272500544406,0.9912137646283263
138,1.5784136277439796e-05,0.003935399313301612,0.7495259488434111,1.4833453504538184e-08,6.470031847779249e-16,4.053794109171539e-15,1.8203831222377803e-12,1.4748521541544313e-09,0.07025099314809509,0.1762718582487841
139,7.862133779944467e-05,0.08229555527489744,4.077200089022725e-09,0.022504955355304033,0.0015170863241058192,1.7010115324894834e-11,0.002190016094458506,1.0027768247575854e-06,0.6665202092031217,0.2248925495392782
140,1.0980230185445004e-10,0.00014259093959190477,2.9633508380711246e-13,0.0027417243797173197,3.4444454029554115e-11,1.4893598432123142e-07,2.9718605060919258e-09,1.1910790168787173e-05,5.243157202574264e-05,0.9970511902661083
141,5.602990226997635e-07,6.046524727734241e-06,2.1833943474410408e-17,0.003380209159482122,7.076830575836198e-25,0.0025998309423259573,0.00016948104269802824,6.019588367597536e-12,2.566563632004516e-07,0.9938436153693606
142,6.643261459770978e-11,0.0011378197448318884,1.1737438425044761e-15,0.0014408764678288098,3.5122942676246815e-16,1.5245692213696721e-05,4.074208245393643e-09,8.743868850923572e-10,4.727976260952775e-06,0.9974013251038354
143,0.3442745902319862,0.000659855314933037,0.0005615542644220195,0.0010100769117203816,4.360595008768195e-11,2.604800729013764e-18,8.719022691799236e-06,6.852756451184356e-14,0.13334258317777384,0.5201426210327982
144,0.5584698118135945,0.0008527521761330456,0.0007243959575548829,2.7998391438715616e-07,1.4160763017384682e-13,3.3666838856188805e-22,4.579293380860043e-09,1.7337344990806858e-16,0.060348838792466546,0.37960391669690163
145,1.5619036249099018e-07,0.3242707215618713,0.036936486551519744,0.30214361801095135,0.22725461591153293,1.5352390062847603e-05,0.1056853822637369,5.984989228842622e-16,0.0021250611817148035,0.001568605938247063
146,0.049776472081369046,0.00038464861127704544,0.0009260284488900711,7.334445544530696e-07,9.34593487244497e-10,1.6921854690319114e-19,9.791732205353334e-07,2.1078961785434195e-07,0.14680475869638185,0.8021061678200957
147,1.1543437937918867e-06,0.015695934034802274,8.000736159338312e-06,0.3226866129825578,0.04784357686312573,6.019536778403123e-11,0.0001097861587366233,1.462295634278822e-14,0.014031409583570605,0.5996235252370439
148,0.00011650743151999475,7.082638277175474e-05,1.1459364902664527e-05,0.00022864632759824786,2.908918784406455e-14,5.657373133859826e-20,1.8788240167124352e-09,1.1337994093871834e-12,0.3726524506999497,0.6269201079132709
149,5.826329067730783e-11,0.0011440864635929228,2.1827489218677994e-15,0.001759648093354398,5.4300388402079055e-15,9.78573229535021e-06,2.864875146603494e-09,6.2990467060942365e-09,8.15315617525216e-06,0.9970783173323893
150,0.043933042923684995,0.0002647966788256674,0.004327836144702199,7.57616511875427e-08,2.0236999260543744e-14,2.7681017560498426e-20,1.532422586501702e-07,0.009490297440021164,0.489820913468319,0.45216288434051694
151,0.5007590202815109,0.0003452848239334868,0.1089160357275941,4.551237085105452e-08,6.236682394961251e-14,8.252713359649994e-22,6.264166065130054e-07,1.1554302755171878e-11,0.12542263313088156,0.26455635409548595
152,0.4877694402509091,6.328914765135524e-05,0.056118587209819465,4.560463287292209e-08,1.550188004798409e-15,2.931367800183701e-23,2.9770733664543943e-07,3.071131597531889e-10,0.0768622455987249,0.3791860941738108
153,9.669547191324537e-08,0.012864268765016361,0.9543882451222355,0.0025726624533386317,7.13414460947941e-15,1.9810612602594858e-13,0.004832408776674797,1.462833267290519e-17,0.0007607154745708512,0.024581602712486567
154,0.00010771349959894601,0.0004703436679272079,9.296569590266712e-06,1.3235932232959211e-06,4.403087935844064e-11,3.3947537700432097e-13,5.272139407934806e-10,0.6029336172485356,0.0036546743183191186,0.39282303053122125
155,0.005361051818585368,4.852295522013739e-05,1.8264109494324744e-08,0.0005160369243669697,4.290182829680879e-14,1.0718777671404254e-19,5.54895376968587e-05,9.283939700624678e-12,0.177572177022128,0.8164467034685663
156,2.926250662371535e-11,0.00043065181331569744,2.718998160626145e-11,5.228145915176673e-06,8.294511085327269e-08,6.358793017692261e-10,3.731333890730616e-08,0.0938441931873389,0.0013136644212913314,0.9044061414813573
157,3.908372811598324e-05,9.949540770201335e-05,0.5795046011288485,9.445507710887504e-07,2.1083094531960316e-07,0.00010692125835047285,5.3255362960460525e-14,1.6213658543099662e-07,2.423639954777378e-05,0.42022434455908014
158,1.7374582217425807e-06,2.211458887674103e-07,0.0001880735856839202,0.00021322721975599237,8.954403165271768e-19,6.217018503953674e-05,0.056993327003102064,2.5156718796716786e-06,2.0853874615299124e-06,0.9425366423429667
159,0.013745089055082557,0.0004861592028470626,0.5067343516761615,4.782185762642878e-07,3.670378307636417e-15,4.424492789087879e-17,4.63242172965527e-06,0.0019611410083255837,0.2351478040058331,0.24192034441144059
160,2.769344305670124e-05,0.001268706605312528,0.5166124722138912,4.747746729699072e-10,3.940677678503247e-16,2.32798545408541e-12,8.226166802240634e-12,0.10557146051511818,0.0034252889863438923,0.37309437775094817
161,0.6934899870235883,0.010637695776615167,4.0506262978817756e-07,0.006284469333574168,1.775692079290905e-08,3.7741240220049354e-11,0.015938338054324843,0.019842571062326498,0.12677612361848667,0.12703039227379248
162,0.00014066838274837733,0.012298473751467504,3.026605083390094e-09,0.005861009042052107,0.5896027311087432,5.681838336151008e-10,6.8901331254688756e-09,1.676822386538255e-05,0.010303625765477508,0.3817767132407238
163,0.25344255249367365,0.1062369597521873,0.006780022287058331,0.000732175305793764,1.0528255360970115e-05,7.20292631298567e-15,1.8425781969422207e-06,6.564165939998263e-13,0.2540455883544128,0.3787503309726527
164,7.440748724667297e-07,6.741769474515365e-06,1.3683530734299071e-15,7.298635955943929e-06,2.04094288651851e-19,0.550466022333118,1.2838290858338352e-05,1.6035405832499212e-13,2.342829049809608e-06,0.4495040120665091
165,1.0571185407717898e-09,6.207870045323675e-05,1.069402533065037e-13,0.01120348057237402,2.937716344945323e-11,1.1776662073427717e-06,1.8919995195969323e-09,1.543034314129006e-06,6.278636682410605e-05,0.988668930681225
166,1.6120973374519112e-07,1.615155589652656e-06,1.3672813401375078e-13,0.005086528247817924,0.00025043770487965595,0.015548496736989981,7.491620854339938e-07,0.0016085933304045117,1.304857126842278e-08,0.9775034054037911
167,0.13137168148235406,0.005177045792198414,0.015507903243197868,5.5275831468600346e-05,0.0005506012422454376,1.2260807801151205e-10,9.759352601904677e-10,9.373859671685504e-13,0.000421212000378344,0.8469162793086764
168,0.0004284818296907814,0.0005474623660144374,1.0586154551705487e-07,0.00013795543604727074,9.795947944641446e-12,2.6192761109348317e-19,8.004964027937337e-09,8.48903114129801e-13,0.1481858794262149,0.8507001070648783
169,0.01857923487269041,0.0004937131082526747,8.147003483930382e-08,0.006201514422950516,9.99175365538748e-11,6.060285067606053e-19,3.351855636476326e-09,1.947013450284492e-16,0.04570753953953841,0.9290179131347598
170,5.1878084887460586e-05,5.394780246864045e-05,1.0036411448075874e-06,4.767163055524454e-05,3.5445510439660575e-13,4.355828690626018e-22,6.917331500073446e-10,1.1152392010124079e-14,0.17016319860636459,0.8296822995424805
171,0.00014930445651894028,0.019844857941854373,0.502098303143958,2.5747617396221602e-06,5.8960179427622675e-09,9.343963876767413e-15,1.5441400229468057e-06,4.635185582460023e-06,0.01863791335383497,0.4592608611204613
172,0.0015211652204379935,0.0005375070065709418,4.821129323485252e-05,1.8084408423916674e-06,1.9176980289447245e-15,5.82285745995365e-21,7.196276077209982e-13,7.875276952831813e-12,0.3949619858200091,0.6029293222103079
173,0.32898203183489133,0.014755100024341234,0.0002117950088484456,1.1460198302152978e-05,3.7329395447355855e-14,1.9294516958768894e-15,1.2544159617190687e-06,0.0006130786176533361,0.34218941340623255,0.31323586649373003
174,0.00017694085038571692,0.25094577565101917,5.205244407729956e-06,0.0028649087399142278,0.005187455111946584,2.3955365688067934e-13,7.038385085619052e-05,1.7176809825469058e-10,0.35666357060575155,0.38408575977371134
175,7.223533754759303e-11,0.2364439098010601,1.8887701426348178e-07,0.28683226955205554,0.0019366848922163654,6.04814501875894e-05,0.00011340576029126815,5.669405251940367e-12,5.9662967307577386e-05,0.4745533966219625
176,0.007325412472421799,0.11920622307586859,0.00020462645090715253,0.1982099545302278,4.914522756238004e-07,2.276645839441534e-12,0.0007798220748220274,1.5308491390699774e-07,0.3593783966270504,0.3148949202292361
177,1.8652629735945695e-05,0.07974776386664527,0.037989283008296404,0.4424941245788281,1.5110991031470417e-08,9.96455931854207e-10,5.583324538719146e-06,1.0505422232856892e-11,0.03009258102387786,0.4096519954501252
178,5.4068738959132045e-09,0.00014766663884146713,2.0202667928876305e-17,0.00978072927478921,2.0114469212421717e-15,1.3610823033460759e-05,1.6538477345824485e-09,5.930303622243306e-10,1.5384347609285916e-05,0.9900426012619725
179,0.021111380459754345,0.0006505209258367243,4.1417530842282966e-05,0.0011665976336783794,1.0913401308981929e-09,7.524764580829335e-16,9.87128327062863e-06,5.656427660920334e-13,0.007766998040553339,0.9692532130341578
180,8.01651718073496e-09,8.050232148910371e-06,1.6993998249132498e-11,0.012166168464166354,1.3558497450415523e-08,2.655083658909384e-07,2.8685878538063457e-09,0.00031726233217622014,0.00033488457299468596,0.9871733444295515
181,0.0001708770694265213,1.8416683925760024e-05,4.851406292185564e-06,1.0150038622375554e-05,6.0094544978632865e-15,1.6508398750449746e-22,4.1148974220597666e-08,1.2578020732856868e-13,0.14487710574266527,0.854918557909962
