,proba_0,proba_1,proba_2,proba_3,proba_4,proba_5,proba_6,proba_7,proba_8,proba_9
0,0.23438335030696536,0.0408469801555167,0.002678582408566385,0.01001827020487275,0.007192207579756517,0.0012981224703260872,0.00242919089778563,0.0016117332385078237,0.1625660916224721,0.5369754711152307
1,0.1651325790449479,0.024265077127808957,0.0031499391994165007,0.010861721694910773,0.010949654582998661,0.0016086897569819087,0.0032867225389043736,0.0020254583569439396,0.15817348142597384,0.6205466762711136
2,0.11654027081616854,0.012904255497246008,0.020984845573334975,0.019955076898698243,0.004150244425957864,0.0038266251511282663,0.006098896408774627,0.00712799392076019,0.521664239507456,0.28674755180047506
3,0.44886379219495626,0.00973237995269419,0.0017281109357914052,0.00741334141769115,0.0015063187801707529,0.0011077811561051192,0.002019192262949457,0.008490040972650287,0.17781560342917513,0.3413234388978159
4,0.29048517602868684,0.012284638996476598,0.008568629497291582,0.010071554424179185,0.0029703749540171062,0.004975638948617448,0.004996181989428608,0.03908854827315255,0.3221138340225506,0.3044454228655992
5,0.010449565211952718,0.14043386600152233,0.14919936922011887,0.20234143706210145,0.2556264783555516,0.012898031157378299,0.018121357868063192,0.006811388953732249,0.013276786408841248,0.19084171976073813
6,0.4883192372342531,0.03644161241536782,0.0021720428785509155,0.005184724226490845,0.003608336122972383,0.001876762266677448,0.0026242235460627113,0.002733974617581548,0.06169764623849172,0.3953414404535513
7,0.015003138182804339,0.00956434169476394,0.0050811879763872575,0.031360289396645494,0.006979949913111415,0.0008045805167220062,0.00956458058802774,0.0023317713704232345,0.05297917843813781,0.8663309819229765
8,0.003571629291242156,0.008835233717386945,0.0013033226134362458,0.008830083254389148,0.001702711756593947,0.044787451535233155,0.016511020299784514,0.005911509537828193,0.004714159551624457,0.903832878442481
9,0.0508398091093995,0.07970932030084323,0.004913202861622213,0.161814661059257,0.00833246725515238,0.002264981855308849,0.005363523759702998,0.004498911897042046,0.03574529642828948,0.6465178254733822
10,0.006540976871009698,0.02214030746867571,0.1382085051826965,0.015589828081296527,0.006207973090822936,0.0075224862757036735,0.030693308592638458,0.005929330743504219,0.04817000991696311,0.7189972737766892
11,0.022422921249411525,0.004907885594762783,0.008946670334583653,0.0131047412453785,0.008504971032606197,0.0009004195263650898,0.0044126589735129515,0.001588675630050592,0.1737202719406891,0.7614907844726403
12,0.3179316158713904,0.009929459749380028,0.00195986808657842,0.014960080099992503,0.0022378089475980595,0.0007489646907087915,0.0019907942380683634,0.0011885414110660382,0.11989954577873005,0.5291533211264873
13,0.03813244751764679,0.02396362221807452,0.004298215942438749,0.023020428641809126,0.13437133711848295,0.012028673486799611,0.03587919985536304,0.011066789319649885,0.3675804323730721,0.3496588535266628
14,0.4503038546470318,0.012709191845713848,0.003671562808294537,0.014402600242904021,0.005626108668650169,0.0033702858388295824,0.00442140821843031,0.004654190406851738,0.12200527681636805,0.37883552050692576
15,0.037057839749600884,0.025860460399375097,0.014133115425978966,0.03352937729210203,0.023562204400095724,0.07925737158808094,0.23625321462152882,0.06975701868132443,0.1115399123479826,0.3690494854939305
16,0.07080667257280494,0.011547896811754704,0.010156167765794252,0.02482058205694131,0.008525565965230996,0.005000666455447028,0.015158087764739678,0.4225304016431878,0.21663033713318983,0.21482362183090906
17,0.010768116760606565,0.056515680977543954,0.007995911064815857,0.031006244375401396,0.39743625918272474,0.006892294657195026,0.02214885910853646,0.00449858168815378,0.0878308692474927,0.3749071829375297
18,0.29101648719162254,0.04252481793652774,0.006174042747046711,0.011354840459112283,0.010669801165749821,0.002151017735418498,0.006438908546578043,0.01125216656207179,0.16596722027515293,0.45245069738071997
19,0.024137684159545404,0.04016550958886728,0.006957901111130463,0.020768910911220722,0.4832497476282739,0.020524415955762324,0.07659793712265746,0.011401727859959167,0.10212232914617367,0.21407383651640957
20,0.04472553913999849,0.024501793729179634,0.01654031626926647,0.034664917691464216,0.018794095970838535,0.020777916910947825,0.04521781436545879,0.4237227357018444,0.09910140246737321,0.2719534677536283
21,0.005286276865247638,0.017438972209473505,0.03375500933664504,0.018141856180153144,0.006219468804851857,0.004955218578962341,0.01586676500314514,0.004636000917353509,0.04840968330109049,0.8452907488030772
22,0.003053675658829606,0.035846388188372165,0.02138450007412469,0.3148561620679044,0.007936451685724988,0.0059530205592430085,0.005028134979852122,0.004262578744793193,0.006501028227950279,0.5951780598132052
23,0.018782005962773483,0.09893847435308413,0.030085160562970982,0.06298608958605278,0.37151996125049397,0.01804236598686417,0.04428575878469398,0.012249110119626153,0.055257290504453264,0.2878537828889871
24,0.003123171850568983,0.07850517539312009,0.7273038650609789,0.012328185139706365,0.022198727946382873,0.005115220583942054,0.03615764058143942,0.004244481180407852,0.007843299611464849,0.10318023265198874
25,0.04090215000886107,0.007422056435877245,0.005113631083362376,0.010729236129775322,0.0020036225403379086,0.0009880309953132253,0.0023359082938017965,0.0015964366620029283,0.16633773144833386,0.7625711964023345
26,0.08643538695578858,0.0056808338615176954,0.0042970405647113664,0.018055629343693053,0.004474362943875098,0.003244077144296905,0.005232395085044708,0.149390396911186,0.2889862131295741,0.4342036640603131
27,0.3204773964690222,0.015816267492181145,0.011088511979155308,0.019462479503622843,0.011474571926767535,0.013944381048527686,0.014264151401199226,0.10656143932988262,0.18675947953534808,0.3001513213142938
28,0.019791148991257224,0.006437368344704052,0.0019853776094406576,0.023348362611483126,0.0025907512163509437,0.017252233832461113,0.020237907780108037,0.02628727731177051,0.013876109545422496,0.8681934627570018
29,0.002567815111852549,0.02872915719802662,0.016429909394015594,0.22218488382245208,0.006042571628767005,0.015829590881332983,0.016967895726363133,0.00715026981594535,0.010912646711284729,0.6731852597099597
30,0.017107935987987596,0.11809058068221724,0.022582491659576376,0.05733145103484601,0.42695768022146136,0.015100984107910893,0.19427874820785263,0.01474543528559034,0.05199308357886321,0.08181160923369415
31,0.019676950638261543,0.08078380759365944,0.25104948196988097,0.297056997138697,0.08199458621138257,0.02159383502264726,0.03481327969432174,0.016299399192962333,0.023555547668169405,0.17317611487001686
32,0.03717255137308924,0.02242287427197713,0.004042879499147482,0.16246168503625116,0.008615924213215753,0.019765606231821838,0.03673920127300866,0.026002181189564735,0.04017082230158151,0.6426062746103425
33,0.014753035468405073,0.005296563416735504,0.001160143169789274,0.005616157138048113,0.0038501284883454417,0.0003792973892621423,0.001099979048950494,0.0006526657243426557,0.1390892998109345,0.8281027303451863
34,0.14582598349462514,0.012738100424127943,0.005138725160084798,0.038739415836755255,0.011774473039803836,0.06799865905981907,0.021395365519174186,0.022274726013756428,0.08932035468558144,0.5847941967662716
35,0.2420676208064561,0.02649848153414684,0.0024293693014481926,0.009516548038287125,0.007505140448308216,0.001901811166136854,0.0028242306090271526,0.0026731642761511337,0.20071751527298617,0.5038661185470522
36,0.10261562074804814,0.010243120658817207,0.00448653429430378,0.016908662613619778,0.004938890512214101,0.003120335280167178,0.006564777512856464,0.01780885826959843,0.2012590198953553,0.6320541802150195
37,0.013179438490972003,0.006154009754622874,0.006979124381182597,0.004392537215545982,0.00223637564401094,0.0007071144449831195,0.0011958746985224415,0.0008396008284088459,0.26560286100697406,0.698713063534777
38,0.011240082397367047,0.004793809716570177,0.0024342512688318263,0.004671903302651115,0.0015002303774221983,0.00047944871101322567,0.0007743923813614027,0.0005598286958859401,0.1683077966120493,0.8052382565368469
39,0.11762135410999863,0.01310497635071292,0.0012789223655482983,0.00896097881217663,0.005875496728443599,0.0007167878590949686,0.0011694544780355084,0.0007435474171342001,0.1250889365644439,0.7254395453144118
40,0.020546981572632347,0.2445760861500816,0.08211881394016722,0.12701195152400727,0.16348387465739073,0.016156866232384312,0.14057604097815016,0.021562477956438147,0.047020302571971706,0.13694660441677667
41,0.04943911041538458,0.016833537021851377,0.009124542384600346,0.032591600846511116,0.010431047973905686,0.019929455785173834,0.030412602015806634,0.2736308536722285,0.18155041656335072,0.37605683332118733
42,0.04255994783017123,0.15759968525717483,0.02848002924417294,0.10920750174776957,0.09112552342173098,0.004410268948569642,0.013634844000975203,0.005289652971296065,0.014178512730148014,0.5335140338479913
43,0.0018031619094547684,0.04528053806763271,0.027816149931237936,0.05957886062986642,0.005399218851668215,0.005564238231286016,0.022582392394836358,0.002352955185457416,0.003767177691946154,0.8258553071066137
44,0.09197996437091456,0.01198392132452932,0.002176494718624422,0.016128825192907238,0.004647182851567874,0.0006724642527723188,0.0019360346416926032,0.0011444836338326747,0.14254390215174043,0.7267867268614174
45,0.13005494058002945,0.011841824265174267,0.0038862183598338557,0.05767747994948051,0.003812608816260194,0.0026505214278944194,0.007351270189898055,0.03053770692474238,0.2534400815633337,0.4987473479233531
46,0.018002576020467613,0.011985148225961278,0.01124789876572489,0.045927322709822894,0.004085225355651277,0.02679656236431228,0.012588784736145355,0.01585317215390523,0.15106668564815193,0.7024466240198572
47,0.4661227536441812,0.03093644984143678,0.0020032430556139935,0.006365446230589448,0.003952371802973562,0.001422091112020545,0.0022875392835006885,0.0014174950405944678,0.06371269773755309,0.42177991225153616
48,0.019050854068511768,0.006748403682502848,0.005412161426298393,0.00474575323804226,0.0022544251234166497,0.0008237143537753466,0.001673954642142959,0.0009447536500448952,0.21241947074844944,0.7459265090668155
49,0.03753721455897319,0.19486645019264273,0.021288024436185566,0.06547955462742323,0.02091184882462999,0.03090754554166816,0.2453110381182307,0.04277675394261094,0.05700382660793493,0.2839177431497006
50,0.025331695286058876,0.10457034072757963,0.039442817197153444,0.12120380718792702,0.467582917548496,0.009455271352724046,0.03255715953879867,0.010545990527600193,0.03154425400913317,0.15776574662452905
51,0.2302194108194387,0.015500314979368825,0.0047192345434133335,0.02114997192113056,0.005226124705797762,0.0018229593669486029,0.004606728547481824,0.0029775166434315354,0.14615165702840296,0.5676260814445856
52,0.10585837350190729,0.0343393469761805,0.00604167836228866,0.01975877674626778,0.006040784227996111,0.002631812060109153,0.005362459539483793,0.014077075939874943,0.18325795470134312,0.6226317379445477
53,0.0939275259077773,0.022824424281398907,0.003163695963628262,0.033016385502449064,0.006752722548808861,0.0012159680420012586,0.0034681798804447454,0.0016122798959457491,0.12565169924120012,0.7083671187363458
54,0.04303792284508193,0.007159595076575305,0.012556201277431577,0.023566159480503505,0.004688667670226005,0.0015664442025154289,0.006473830317695952,0.0031419442918353612,0.10779670396204159,0.7900125308760935
55,0.29647399724339124,0.02062875479188407,0.010708999661326048,0.034013013196622664,0.00432949308828025,0.0017994349306569516,0.006187675192010088,0.0042292146581299405,0.12356291970074118,0.49806649753695736
56,0.060671814148836996,0.007162335208680025,0.003446471354303006,0.01187914713573715,0.0037389196245601144,0.0010032523700300746,0.0024912387813845883,0.0017686731283932055,0.1387424741378762,0.7690956741101987
57,0.021960122182931134,0.005138082896194495,0.006467133194905013,0.00627420980856963,0.0019052542611924773,0.0011737952963547715,0.0012339594373044506,0.001318949211394607,0.3685174463823752,0.5860110473287784
58,0.493836822158041,0.008848433252201632,0.0015460093931634637,0.008489009950810892,0.0018568332149817518,0.0008677425742383371,0.0013890211210188465,0.0010576707563432054,0.08763760599856144,0.39447085158063944
59,0.01605797886171866,0.14584922594854513,0.05516708993813156,0.08572765829179392,0.4140301921968851,0.00895197281249116,0.027009417770839466,0.008395810050068696,0.02967108696581576,0.20913956716371104
60,0.017296923416176998,0.02961622248419286,0.003517844479900803,0.10826974675506877,0.01051670038617001,0.03240056854963806,0.022920519340018392,0.00797020017859084,0.006882451491168065,0.7606088229190748
61,0.02635725701017227,0.16858522343630028,0.04389807425650532,0.12865310895033624,0.10051028762536225,0.004582859370251799,0.012978814519088446,0.0051462574536865055,0.014912721365161285,0.49437539601313585
62,0.15949602549709843,0.018842443134241577,0.0015851574598349195,0.010562390335171899,0.007441464950101906,0.001063982454673351,0.0015605751357352633,0.001115266569275409,0.1278079506842487,0.6705247437796191
63,0.04319379605760806,0.019952700369716504,0.0032866321770250433,0.22193756773281567,0.009090394459487209,0.014741776129124539,0.025772900007384397,0.017815674186455986,0.058563208513877016,0.5856453503665056
64,0.0011468519751542583,0.018985842286886007,0.9279298677730061,0.00316288715012794,0.007810042981821553,0.0030573703182980123,0.011784148208729498,0.0014959106895063529,0.002699338787597957,0.021927739828872552
65,0.02437596218679864,0.007424316078771928,0.0159025395304159,0.014775066053979736,0.002950890372804467,0.0034438704678654017,0.0029743125372482418,0.004345342604270916,0.6238735840282151,0.29993411613962956
66,0.007970104805423001,0.22688094958814686,0.3533966652582201,0.08639367387839703,0.0978519084673126,0.00961990911641215,0.1251066186704442,0.011078323175951477,0.01904173279648529,0.06266011424320705
67,0.03659765720622625,0.01347362694380657,0.0028699294427026525,0.017475022686903013,0.011467183614573568,0.0013162228500659648,0.010228140466509774,0.0030736755206897228,0.20420636055865699,0.6992921807098655
68,0.03213739853702184,0.194040038348272,0.006118044361287982,0.07622306097243478,0.01103935362670993,0.0048827846163369245,0.029717907931905055,0.005426058867853993,0.03654360671825725,0.60387174601992
69,0.03953639695542802,0.01102441360579413,0.012338229531464032,0.07777436472862786,0.004513340698144364,0.018676697873132038,0.014049514929938122,0.015322096292868726,0.26390220329379205,0.542862742090811
70,0.04974111861205356,0.03151142106854739,0.009806442379359947,0.0184143004798743,0.025173776632677433,0.0039531687076245535,0.022035463267464316,0.009140303706784935,0.41344109002746127,0.41678291511815174
71,0.2504860485257278,0.0069635743144898015,0.004015932468106672,0.04646808932045479,0.004715759845596004,0.0034804365919225417,0.005672479979010563,0.03388408904787304,0.18161930090456047,0.4626942890022586
72,0.015323419428936207,0.17151009645227647,0.07904142504904146,0.06299713825755225,0.3706926667596041,0.016265085925680076,0.1604688887155304,0.019101257143587225,0.03723218615691604,0.06736783611087552
73,0.02359526166021738,0.19154608941791065,0.1195552841530974,0.22487761453704766,0.021383551210577917,0.0051489168670187145,0.01577504585301538,0.012125727323691105,0.041286848390801434,0.3447056605866225
74,0.014004982164131157,0.0069760909561771495,0.0037236110816205184,0.005142251705221984,0.0021812081830939415,0.0007641826884521103,0.0018295782883085848,0.0008493106004885816,0.17773276290857856,0.786796021423927
75,0.009975573193007561,0.12048179755519353,0.10669255006504856,0.28385771886299516,0.020239053964114836,0.03263587642270722,0.08979333226806288,0.011517999982294337,0.018377341468775052,0.30642875621780097
76,0.2752564686014798,0.021427995261923977,0.0018373204870781657,0.007293308083534494,0.007048186545780642,0.0010266640612476622,0.0019297546717471179,0.0008741946148311222,0.11327161564671788,0.5700344920256595
77,0.004107008896396996,0.005928900385979935,0.0019232095105446276,0.005764580821468198,0.0012088196649347961,0.0538958335019958,0.00715220759380911,0.006585387857247857,0.02559515521138892,0.8878388965562345
78,0.0868027031192973,0.017027953284855846,0.013188628290812833,0.10777984734571096,0.011004719369723193,0.009343938898051053,0.014512267644437093,0.0319528754761495,0.18112321661941747,0.527263849951545
79,0.004053500187542764,0.05564717297657819,0.8254415435661531,0.013266237854004161,0.015554691514886353,0.007829694725604653,0.02453410839003425,0.016341670673983916,0.009844810615987794,0.02748656949522475
80,0.0825022339310443,0.011314059124268468,0.001380197916067273,0.010637192667820728,0.00551259760880091,0.0006273298345224248,0.0013533421426076154,0.0008136124956544211,0.1659458424755843,0.7199135918036293
81,0.3191087805649477,0.015240705075233963,0.004235217738982142,0.008089130943243051,0.0026287490531677095,0.0014857737930551636,0.003611843846006695,0.0032500645395133923,0.18545361432464294,0.4568961201212068
82,0.463349188700252,0.010894676613738646,0.003976726026923545,0.013293979106477864,0.004844134330845014,0.003724596843635898,0.005449982338135418,0.0058257053989730825,0.12450433284457467,0.3641366777964438
83,0.4648907197725727,0.025631177098565834,0.0012922818895433105,0.004976493598027862,0.0021302269959797165,0.00120867647817691,0.0015213575527939548,0.0025487973846905327,0.05139171299809464,0.4444085562315548
84,0.02306909706452113,0.13839365516009264,0.07232852689217899,0.16650914711826473,0.3239268299592134,0.025260130941579233,0.1283855706649255,0.026216849086516204,0.02775871579895739,0.06815147731375092
85,0.008650407753955026,0.09324578373994447,0.04735751937856247,0.01438920392952878,0.016073106170263685,0.007785453583347189,0.7493752128997562,0.021085772001140275,0.011963202023552822,0.030074338519948784
86,0.16014414365723886,0.03650862447966329,0.0010576652256102787,0.005695296907513394,0.002462566666484255,0.0010901982871793178,0.0011199571177892447,0.0010237065770620356,0.011139453233532659,0.7797583878479265
87,0.012830609623542879,0.06728764292647908,0.020094186186401065,0.022891958641424518,0.013240367321992148,0.13986593574449344,0.31783547694939523,0.031983329910272466,0.031619321505869394,0.3423511711901296
88,0.35941082879941283,0.0029884847583607323,0.0007773861223997177,0.006551785379953052,0.0011315448883069405,0.0009061221261937752,0.0010950024864111226,0.002479291593697162,0.10573425408462486,0.5189252997606402
89,0.005068984196928506,0.12939425159084275,0.7383318330634808,0.013995479530515838,0.03231658373895505,0.006014124334112886,0.026545843749866425,0.01784619592134697,0.011756636456858016,0.018730067417093228
90,0.054735941052534494,0.012058557388440253,0.007347912992965627,0.0952313670997329,0.00671795215700038,0.016108542332935932,0.02203078834553582,0.02890290629484324,0.19745236800919708,0.5594136643268143
91,0.2189655729619636,0.027082665609934237,0.0020809103171414247,0.010501267648314432,0.006424921785851121,0.0014372183948769888,0.002193477284262155,0.0018554757072852858,0.14038031538784052,0.58907817490253
92,0.011943222842118996,0.12706203218924128,0.14298754988982698,0.028055587626765084,0.040258393353995114,0.024321775754159478,0.4093890751598964,0.0203349577995326,0.054196313225493106,0.14145109215897061
93,0.04791467688659342,0.1252255459433406,0.02219685824772342,0.03288199655781738,0.05291311435922905,0.002054478593677721,0.007835857556536142,0.002369887125793488,0.00997160579717701,0.6966359789321125
94,0.007262960972253407,0.2992246859242796,0.30556706869899014,0.08291118271392589,0.12672519289190412,0.00939911771285548,0.04196438018279136,0.008146400426091336,0.013071403560350258,0.10572760691655843
95,0.08470800545432343,0.1597757245697776,0.005503328582516975,0.03759173101150463,0.020949715673995298,0.00303866690674002,0.01129377852650267,0.0044533202650969455,0.11077750251058205,0.5619082264989606
96,0.015543790267825706,0.027700560636896045,0.01800430841247205,0.020353327722615156,0.016455859477214122,0.11410087801229105,0.3273470096431407,0.02834085866931915,0.06715029506729636,0.3650031120909296
97,0.03486577935588456,0.0064977807067006605,0.0018251082054890403,0.007832194798937212,0.00459352765033941,0.0005280920696429081,0.001681676209847736,0.0009200816327069401,0.14018927585505334,0.8010664835153989
98,0.4777428238328245,0.007604477655389366,0.0055868128383434025,0.031766737981502036,0.005039452865767887,0.00928276640857251,0.008231291524328615,0.02836313002513147,0.11610572402996776,0.3102767828381727
99,0.4851635130388846,0.003842135547890624,0.005242423661703121,0.008981080210099919,0.0018444164505563587,0.002260464796835159,0.003149123176813061,0.016648903631621234,0.18111163403663583,0.2917563054489599
100,0.007059129606635637,0.004985667411570136,0.0017925291809324493,0.017357755223342923,0.001689109284323161,0.00047103598657966954,0.0013733885039090476,0.0006518599717659315,0.08231974426388823,0.8822997805670525
101,0.01965214103714793,0.029035473494590583,0.0036527829673515724,0.01775496936631526,0.43299516540035515,0.01726848373764353,0.038022215799727276,0.00708606798260815,0.12205350975943502,0.3124791904548254
102,0.011013333424229882,0.009298712402435754,0.009864363115960144,0.02903253355798021,0.003215922295003638,0.0009246491901070584,0.0033275906690277907,0.0014459534529161968,0.1345530459919655,0.7973238959003739
103,0.33022313728921615,0.020745762620017868,0.0023860969445590584,0.008692293763782142,0.00544051275053731,0.0013674151513221149,0.002421612287149602,0.00141391130828248,0.14240568773238868,0.48490357015274466
104,0.4902875758409785,0.007192354564098873,0.0015791126923828944,0.00787668229518284,0.0014059106823083906,0.0010694673653683863,0.0011623490635799918,0.006750979968921364,0.035550379740867395,0.44712518778631155
105,0.007857127216489831,0.05350564477974561,0.5384837437860516,0.042212862848049953,0.02051833017924184,0.012659608146249031,0.06360717091423808,0.03370947552472694,0.011555822291335463,0.21589021431387176
106,0.07925946497467293,0.023877728336808342,0.003908164320133015,0.01126781431111105,0.020997042506399284,0.0015797835285305257,0.0038151177216657877,0.0022348346959999337,0.06411594461599432,0.7889441049886846
107,0.2783942053217205,0.010500834919157594,0.002527001478570723,0.010585942860908122,0.0034924500924664635,0.002570678776474041,0.003688737506106136,0.049458268250795,0.11438265476920009,0.5243992260246013
108,0.032583761745711315,0.010705744148143412,0.008411837420245429,0.12091517392423154,0.007559521906058172,0.025954423064805856,0.01635029402399804,0.021975906988371968,0.2015697896189067,0.5539735471595278
109,0.4148962834403055,0.017738416715865516,0.00878020936380344,0.027564561379309942,0.013821160142284848,0.07876590802702456,0.0461011975172295,0.06871677257843557,0.10134965275327035,0.22226583808247075
110,0.011881420944463966,0.1793020889447204,0.10830364784302787,0.09111506652475278,0.009604961925389618,0.011785686458670114,0.043917260900407436,0.02589896927113572,0.019296184474895714,0.4988947127125361
111,0.008942454258370125,0.0691242027491775,0.22931381784696364,0.016516860156401133,0.008277875970935216,0.016029905608238994,0.04170996835566078,0.008506232186987804,0.048938407158165796,0.5526402757090996
112,0.013283849338633916,0.09970296246468786,0.031991950252766035,0.07487149915416637,0.35088190481383363,0.01661910257399761,0.05635385586953203,0.009760106585577586,0.07103866481987382,0.2754961041269311
113,0.0629816255186803,0.007007305181058686,0.002647705827018617,0.025087167644506015,0.003138867819231083,0.016834209579091843,0.01714775386382417,0.028915149468624873,0.02906907635214377,0.807171138745821
114,0.04006330063217778,0.0628552073839013,0.04600866016761077,0.033837905763100244,0.029884035257785515,0.008673057108444189,0.022311476351116532,0.0319976928673096,0.1423094281209051,0.5820592363476491
115,0.06982442894339262,0.120790757850015,0.010105949475937084,0.056776608474253226,0.015822430562319755,0.007843943473744463,0.020940271846084508,0.019341813917516305,0.17239149318558414,0.5061623022711529
116,0.0304385503316223,0.006022029121916992,0.0023461157882292798,0.016506669943187825,0.001910515362482571,0.016157962104490806,0.013630249891606844,0.019488226247200188,0.026954517451964203,0.8665451637572986
117,0.008697664081966464,0.19115801203796978,0.39041551715064127,0.10490266627940609,0.04243969689394164,0.018154653673430544,0.05307546826083345,0.01402104223349884,0.028795757513695654,0.14833952187461633
118,0.3772051231261553,0.022961393355755318,0.0013795754095747683,0.007019009400508082,0.0032510261873240753,0.0009505467407297253,0.0014529065462992683,0.0027285348222585567,0.2027560644126976,0.3802958199986974
119,0.6127724883084963,0.006253373226141154,0.001162024472987562,0.007573429632942391,0.0017153589467492278,0.002230085078403098,0.0017672236289377637,0.0052573614859681575,0.03294892104911424,0.32831973417026034
120,0.011841107267592523,0.06940881989273849,0.017130845647931627,0.06102185997161997,0.38161990659589456,0.01423453291359877,0.03288497882197784,0.007281747667046756,0.0491567080506241,0.3554194931709751
121,0.0680402071315649,0.008093252590885882,0.0011882029286887808,0.011776565702390229,0.004831171581223794,0.0005115709834972591,0.0010957431508451113,0.0006771336490317302,0.1259586394271281,0.7778275128547442
122,0.05549237085591493,0.0051077084746653685,0.0017197159890855874,0.018760996289649338,0.005443146520185412,0.031397737504596256,0.007434293662379314,0.007219941798531984,0.05140781639853373,0.816016272506458
123,0.1961042037575634,0.03563341788432439,0.0028844157012864165,0.011863057418925564,0.009794427766062772,0.0012828094052303445,0.0033853722726671135,0.0013563405112880188,0.11388894969758599,0.6238070055850659
124,0.012665796424250591,0.0056909805413322846,0.008524567018008527,0.03265367524965788,0.002245897300793366,0.006222827109499422,0.003244722994516108,0.00788939485261752,0.4079380676111939,0.51292407089813
125,0.0032827661081946,0.006043959852959401,0.0008915327752963338,0.006186742683846746,0.0013178805470880227,0.03624933480058528,0.011900519013376954,0.004488339586237716,0.004220870746861932,0.9254180538855529
126,0.32639955441602725,0.017043748562463316,0.0033628729020935347,0.007489772037154291,0.00284810546895397,0.0016003881547322534,0.002989930057117957,0.016108351962019665,0.21650625079511562,0.4056510256443222
127,0.017814864551257536,0.03820775497079683,0.008801414142770705,0.20026401369542987,0.010056224862151188,0.002666667886380157,0.004009161393324902,0.014653582940870154,0.054732246382011226,0.6487940691750073
128,0.006219943835627442,0.004067396324180672,0.0020318146599134896,0.005221249466142586,0.0019810948195005916,0.0004136570862704575,0.0007338322996610013,0.0004003404236949387,0.17448145004391516,0.804449221041094
129,0.014781440683550246,0.005095474972393793,0.001839698426198883,0.23313135525604833,0.007528766723416864,0.009179976234876755,0.012878770484765887,0.007972509288507807,0.04823060447616663,0.6593614034540745
130,0.08902422878665718,0.017519286034975833,0.0053245400889397245,0.027596997242846092,0.004572151000857919,0.0018566121745940086,0.008248898683999216,0.0028198589117361893,0.07705200898040637,0.7659854180949869
131,0.022286532194876436,0.0036863851170842125,0.0012240029776706767,0.012157003978462734,0.0014726700185020713,0.01435179233703755,0.010797919378989681,0.013522790527328882,0.01317291435721767,0.9073279891128303
132,0.00504772288983473,0.09534371181509432,0.1056820575007482,0.03781289893478205,0.006017100138945612,0.00915001960488627,0.030170256832909293,0.01896633108450558,0.011811581738689155,0.6799983194596049
133,0.1693431667140764,0.00372337724942654,0.002554497081864017,0.010560885612437149,0.002825973835255771,0.003282324839715558,0.003494900311943342,0.035521480756192096,0.5278719332549859,0.24082146034410332
134,0.028387471846799912,0.054730490017704116,0.0016339082050247308,0.13026849948967428,0.005375596713693785,0.007457572700522412,0.004657095306798036,0.005114322775730743,0.005717936230934976,0.7566571067131169
135,0.027245992208894947,0.004451639082126758,0.0015776392921132574,0.013863979879095517,0.0016622439212221883,0.015320847445833834,0.011948405034687781,0.015703058104215475,0.01707934754487694,0.891146847486933
136,0.006276218869848261,0.04368555810869403,0.6229215349698669,0.022934140943118058,0.005254982112930743,0.00517162777672987,0.00945387913844369,0.0140932622283083,0.022520004401959736,0.24768879145010078
137,0.052790742817512955,0.006370337802912717,0.002315932609055657,0.02305418925151986,0.002844045008462236,0.01611845344402011,0.01624366926085334,0.02684963700764373,0.024442299461085313,0.8289706933369346
138,0.006951074263677301,0.01735174483184597,0.872720971930094,0.009821418462575103,0.0024662672790428317,0.004325130326972854,0.00443774958883619,0.0074239900348605425,0.022177166953212743,0.052324486328882494
139,0.030596086075121442,0.045919867563421216,0.008802423393267393,0.03753022203513983,0.12766143054471793,0.01939780034493942,0.08904379603433625,0.015053680770794045,0.30199912121783984,0.32399557202042273
140,0.013026524630407592,0.005647568109899499,0.0013296805364239035,0.01959942714068202,0.002087342837691576,0.016779304657754915,0.025474703299474547,0.016542277365952172,0.008902910649598557,0.8906102607721141
141,0.003732567702220706,0.0034072885519242277,0.0006952597797326921,0.003334608850037842,0.0007748506088973323,0.03305208733378016,0.006913393953741699,0.003580733430875708,0.007366721483043678,0.9371424883057461
142,0.006485198069157207,0.008365557980312433,0.0015704276957326322,0.00978221888180406,0.002225097046322351,0.03191165797784532,0.04234697017505139,0.009770036171847735,0.006656252935469731,0.8808865830664571
143,0.1327462497647534,0.015988033293824568,0.002774222336759046,0.01811645361022147,0.003887256918159008,0.0007229161451935629,0.002078126402420643,0.0016867560988198492,0.165922379539846,0.6560776058900025
144,0.4597182146771319,0.016318086111267043,0.001558847917311408,0.007338806736759985,0.0036730261374957095,0.0010332927452518996,0.0016319693590797068,0.000698177249115724,0.06940631125046196,0.43862326781612454
145,0.007339891187402741,0.2645287527871716,0.2901131186246998,0.0582158110127534,0.14481147666935118,0.011653118986278407,0.13664261786296153,0.010665706268237657,0.014218749148419196,0.061810757452724206
146,0.534007240422579,0.010084852283840722,0.0013833195524222456,0.0060110767592105934,0.0028163342654673484,0.002050037124605311,0.0019594238271010995,0.00482491576624564,0.05110445183000393,0.3857583481685242
147,0.013956994831455743,0.13202273023139782,0.072820828653713,0.10869021578400886,0.41280900984583907,0.013709628847903716,0.0317753831567732,0.008890590397807102,0.0366284008550119,0.16869621739608961
148,0.007188159260184072,0.005303462650007693,0.0035359230016618667,0.006553602793364637,0.0021573608820569965,0.0005133524855081253,0.001216336122019966,0.0005492416582874135,0.16391875043939305,0.8090638107075159
149,0.007092819221860815,0.00791143048565791,0.0015336284520840572,0.01129550418126179,0.002178105744868158,0.028505680487407658,0.04064791746479305,0.01069180348554923,0.006614700432163528,0.8835284100443539
150,0.41719132310095713,0.003491565747170358,0.001190015802757595,0.0033220253427922327,0.0013160495678335405,0.0022519001428369864,0.0016128233072079782,0.010439209395727726,0.33133745736338127,0.22784763022933507
151,0.3302516358179758,0.021819859446283563,0.004024612643779996,0.01468558489697041,0.0050798832730086065,0.0017929885355107674,0.004976677958751013,0.0032898452252047828,0.28943356561907724,0.3246453465834381
152,0.26334252234029065,0.019279417018596406,0.003054592588217447,0.012013169706273094,0.0034848826866049577,0.0014934929359761485,0.0029959943178891417,0.0032862595214673343,0.26114550658913593,0.42990416229554895
153,0.0030207384962148125,0.08121451616350454,0.2521631922122317,0.023620792551195476,0.0095292704523461,0.007955815509669421,0.0321991600449154,0.00868927223356105,0.0038115134088686324,0.5777957289274931
154,0.0167482506168195,0.016684676603661585,0.014637451072010829,0.03674012139531183,0.007610544680114861,0.013304767975047795,0.025684182706720037,0.1640597225999079,0.05704408866957599,0.6474861936808297
155,0.041782501002085214,0.009378961845868193,0.0037081421320413785,0.027917663696788123,0.0024492271578923064,0.0007211899058898472,0.0018417155015981578,0.0017895127683679548,0.19891259303213105,0.7114984929573381
156,0.05779211582558633,0.01859671069797545,0.0017699703569554646,0.08533159406242022,0.004354017581076475,0.011663884200771555,0.03903954350353439,0.009314959805470978,0.010909556548406077,0.7612276474178034
157,0.005886965958045982,0.019090398497508897,0.14894019267943864,0.013951612684219081,0.005707991421963383,0.006812156250147195,0.029283157644729538,0.005308644586526259,0.04551300597970489,0.719505874297716
158,0.004120307487055501,0.017441471234143305,0.012790509608059051,0.014624199024119103,0.0038368171414297804,0.026386213067516647,0.03162061051787172,0.006693003551217367,0.04378497940772915,0.838701888960858
159,0.06819197966828731,0.005052850582022394,0.004175942170902165,0.010140213766570498,0.002946606501660779,0.010168431925125345,0.004325265565094092,0.032799750414230125,0.6814551100370885,0.18074384936901844
160,0.004013665712043731,0.040102994791527104,0.7209108667745714,0.009668755246036486,0.00518955234186941,0.005079385523135654,0.00859212014871771,0.015679129113694398,0.01975870622842162,0.1710048241199831
161,0.28789422652942215,0.018413984279744697,0.00772003272467913,0.02160307721764478,0.007250052480866497,0.004180832952817051,0.014970443734816123,0.10414648247904155,0.21974182450439528,0.3140790430965732
162,0.01942852700056887,0.02855150406982399,0.003431005135993811,0.020367251598910393,0.32686464474867555,0.010130679298771839,0.07234999615294717,0.0072236184202383626,0.20950728950298747,0.30214548407108305
163,0.1599335298622842,0.03967892675906239,0.006032197104619897,0.015839832306489037,0.014177951017340559,0.0029720909680701056,0.0073253832299340306,0.0049794939394584015,0.2225807597378159,0.5264798350749259
164,0.016303204211352732,0.011128059431929994,0.0029920101568450576,0.014239743630738199,0.007641712468311094,0.2453726979863416,0.03205963807586634,0.010224210010980818,0.01585990559252851,0.6441788184351057
165,0.012122688448752009,0.003533213504724717,0.0010055156350155744,0.010018518120628013,0.001391240495813538,0.014810814124635958,0.014429830737304283,0.013343630192385261,0.007423326975007441,0.9219212217657337
166,0.08489686372362089,0.009491812527256945,0.0028390611410196763,0.009035979909220289,0.018606474835998074,0.07838292159778919,0.0450033160164503,0.00848566225011731,0.00986362607257507,0.733394281925952
167,0.002651258261128705,0.009931514633774704,0.015499352159181943,0.006095040482667649,0.017114379823508608,0.002572661477557979,0.018691021141944455,0.0022952434641148067,0.022572658673212235,0.9025768698829085
168,0.008342222544764981,0.006627847453019693,0.0034292294601644545,0.04131959540938649,0.0029834296302035787,0.0008082041461387323,0.0024217874448202743,0.001383721852875603,0.049255170821465105,0.883428791237161
169,0.16604599949255414,0.021501248397376268,0.001384388361526533,0.010906485195744114,0.006479780962291288,0.0008714881322418335,0.001333799743618026,0.0010203336469362374,0.15801956378462242,0.6324369122830894
170,0.0413374723281127,0.007775406119680987,0.0021898668228605114,0.009078735391557997,0.004460638435579595,0.0006123692028247353,0.0020666398276823336,0.0010678429314832732,0.13971469413075518,0.791696334809463
171,0.008915301620502573,0.12310811562781654,0.5419801650731899,0.027956838952194002,0.020708714727790335,0.007960994010135704,0.0585296893977013,0.021426382363367243,0.04698019441991226,0.14243360380739023
172,0.01282433230088969,0.002661406627987144,0.0008600072966896329,0.00389017569883636,0.0009525369134545349,0.0003077466114776932,0.00039324181425144666,0.0003619737906650523,0.13111431973729126,0.8466342592084568
173,0.17718372860784937,0.005866610295792997,0.003637053433118943,0.03322527474982536,0.0027442648923264603,0.0014859308163048131,0.0030445308373588387,0.04927223888579388,0.08336850429869451,0.6401718631829346
174,0.02060547359371738,0.2549281501568783,0.015004120285089809,0.08695560170266574,0.07656400618523553,0.004277186204737302,0.017386990496097172,0.00467638528448404,0.09479623901773485,0.4248058470733596
175,0.011552324584915183,0.09917873488451154,0.05166633256760027,0.1427715153902101,0.02027172131925136,0.07754560592439853,0.35948373125413785,0.012876293956054958,0.021895158535389037,0.20275858158353088
176,0.17741279052236322,0.035050029948335205,0.006985234308737726,0.02118045765900689,0.00827877697801496,0.002960342176989823,0.01299570983860132,0.018761844953762517,0.2174660803402903,0.4989087332738979
177,0.002683151887038334,0.05542596109745093,0.026869612687246792,0.2144216413320747,0.009242015319058347,0.015172280973665802,0.02152790708736371,0.0043711744984031966,0.0064683939696813285,0.6438178611480166
178,0.004942013173533604,0.0035881533591759197,0.0006583771927644364,0.006453105347983941,0.0012930437868698423,0.016168108505508396,0.02079158035423936,0.006181403932419574,0.003564589759994256,0.9363596245875109
179,0.14947453566853425,0.02758457714683301,0.005874480312037166,0.058992548040727795,0.006678770053394109,0.002259978371159296,0.007825196295343033,0.004227489420334155,0.1422391408052222,0.594843283886415
180,0.02920215494569032,0.004316400230125058,0.0015150278607402316,0.014274193327889326,0.0016833380862735909,0.015117668890072659,0.011606515623131869,0.015143652221345652,0.016907963968958266,0.8902330848457728
181,0.07259524858627026,0.009184718624207092,0.004285118590137457,0.015472038949780711,0.00403264459391261,0.0012081936581032015,0.0031923681434824895,0.002178189678043595,0.15622676608465383,0.731624713091409
182,0.005512492015969005,0.006917082727148796,0.004997232869598093,0.6035738057028077,0.00883766077235969,0.006904726387900837,0.007665422267651133,0.011225294751964127,0.057901981885573946,0.28646430061902683
183,0.03896819763185076,0.024009810064493903,0.019007665603284495,0.019146494095079694,0.005305528622038644,0.0028144127089893335,0.007052209981193212,0.06280355909691197,0.14974583475074066,0.6711462874454178
184,0.00947594635908708,0.17135418341089856,0.2547075415643811,0.0671263447636931,0.009810328879559906,0.010046092234242908,0.03118072137865172,0.01661090871064047,0.01205253313614111,0.4176353995627039
185,0.4715652099331096,0.004452919909767582,0.0022678786579005687,0.011535526337424053,0.003559678564355728,0.004571628443016839,0.0038490801837763365,0.07905682280352608,0.12931858225360404,0.28982267291351854
186,0.45764958585376836,0.036361077026044374,0.002297508844618218,0.007102793999928857,0.0036192619341361954,0.0013924466064833502,0.0023945096943111506,0.0014637029388312659,0.06308680767127867,0.4246323054305999
187,0.2092646900993515,0.0034605695079277577,0.0011700159655579961,0.004033554429270396,0.0014492211429313053,0.0015150544946424254,0.00146938135390737,0.004624742872459529,0.4799265999624774,0.293086170171474
188,0.010839420385004895,0.16215496931721643,0.012951457743492177,0.03665440184256716,0.04093748008162352,0.011115802743945625,0.31345940419496787,0.009489193371242814,0.05348383960695825,0.34891403071298066
189,0.1649017639941294,0.014257827104015408,0.002929498410865364,0.01719187537091142,0.004151740460496884,0.0008811636837504703,0.002836448134318412,0.001541843902379716,0.14777943424346707,0.6435284046956656
190,0.014349514385058932,0.006333804825921015,0.010657822375928896,0.06655536884189513,0.0028679537991063574,0.006786035751415112,0.006132020018553277,0.024365359627365663,0.2544039107755832,0.6075482095991726
