,proba_0,proba_1,proba_2,proba_3,proba_4,proba_5,proba_6,proba_7,proba_8,proba_9
0,0.13743459708524794,0.01168708701812399,0.008246184111251277,0.004016007166303233,0.004127818101076961,0.0007378253119812165,0.0023500409255258286,0.000738536195827367,0.1461476398283219,0.6845142642563404
1,0.13153562186542161,0.015266844627943579,0.00961390040460759,0.0038125270434013446,0.009770485082914936,0.0007165283768588962,0.0022217544311531577,0.0007464424554882862,0.1615235484705926,0.6647923472416184
2,0.0642227579821265,0.006274539578026592,0.020639807954943103,0.008665093141451691,0.0010773081426760256,0.002358341614683651,0.0029080262775482285,0.003840172572703842,0.4412109545206726,0.44880299821516806
3,0.4434385501686517,0.019921809986896504,0.010005307501326912,0.014049283870812617,0.002980591804052753,0.0018661208311749028,0.005807642154808115,0.006797246157464762,0.21255625178186388,0.282577195742948
4,0.4567777760476367,0.00436237042849649,0.00993047714257167,0.008076774697778948,0.0019107715520975954,0.0013636064168870295,0.001096580084302696,0.013931796378572699,0.1369968679865995,0.36555297926505664
5,0.009631134006982076,0.23531352215921053,0.12177903160375811,0.08692133200289477,0.23555114093385382,0.009901340728446718,0.021738139021542504,0.006715066919630734,0.03421853907210519,0.23823075355157525
6,0.28152634612508487,0.013905946834861939,0.007841817750220715,0.003910168209330941,0.0035998721818167466,0.0009818297995224613,0.0034744231859687932,0.0011304472133500687,0.07804351677732321,0.6055856319225201
7,0.30934397076464665,0.026697478739035368,0.013215840487418409,0.01803624413534668,0.007441491579160325,0.0024030455016450024,0.004217862688722706,0.0030210341036192704,0.09159747760196926,0.5240255543984359
8,0.0009253579106423242,0.00633913696033951,0.0006381367325681191,0.0049061465906471285,0.0006281211794450956,0.036761540239807364,0.0024114889634380826,0.0025684663047363925,0.001435650192107218,0.9433859549262689
9,0.048752028863080374,0.06542156811228825,0.015596599246373466,0.1912265888974114,0.011860132707398365,0.004468535896596813,0.015222624757194138,0.005810514455753155,0.1053852793415967,0.5362561277223076
10,0.00399856356271792,0.014271254478072162,0.022867549176958997,0.003608468904278214,0.0014540790015991605,0.0016343696282530341,0.002596783406288777,0.0010873483935616957,0.09451981834825819,0.8539617651000121
11,0.19058616531180925,0.013796773960926623,0.007944063486169753,0.004598077721850242,0.00478311684468689,0.000795477238721211,0.0028617117961879618,0.0009694739697915156,0.12698982628354913,0.6466753133863073
12,0.6418284646049718,0.006562144836361901,0.0034537573084358953,0.003686073522194675,0.001463770620745573,0.0012840008876059098,0.0018736054732404208,0.0013972391580451325,0.10517363489245078,0.23327730869594818
13,0.028062173413362285,0.07252219217445796,0.005950393382143273,0.012329811618173802,0.11966746741607552,0.011050628400442856,0.060051768232367804,0.0065455886042518,0.17575402503280063,0.508065951725924
14,0.2860886994908277,0.014932136724285323,0.006602002467488206,0.006141951729612712,0.0019863516639238724,0.002295748208318211,0.0030814631861234847,0.0018193705910902376,0.1998464837555767,0.4772057921827538
15,0.048466738024378,0.06826261991570816,0.051052535268304965,0.07902012923511376,0.02422656496422757,0.05817830564721255,0.17381451707677711,0.09353305807133372,0.1043065689933542,0.2991389628035902
16,0.07477694486583751,0.011571614918351819,0.052447212941471,0.028303226739433522,0.0071526792047202845,0.006124315828440198,0.007990931705788983,0.35494836149325737,0.29319266015330026,0.16349205214939894
17,0.009841828276587625,0.09249650686389567,0.013517849445151537,0.014361927312885868,0.36674555110456253,0.005314546184518647,0.020075783982186044,0.00372848386801864,0.057633661807126375,0.416283861155067
18,0.18092792960866572,0.026280730205811204,0.027186846658162418,0.018368867366623135,0.016274359870238803,0.001514258508449405,0.007548610270370982,0.0054602755474004415,0.16832451706954998,0.5481136048947282
19,0.020085448184241746,0.13042766933560743,0.008500928021178343,0.02394257266841842,0.3124435594050177,0.018670103210334087,0.19945738339705804,0.008282140245673295,0.09104837692997468,0.18714181860249618
20,0.034012477414964944,0.01446616885929899,0.06404071571557292,0.036791430468185206,0.010088619518021183,0.012300500753257114,0.011200803476355136,0.19176126508519564,0.1255963599340808,0.49974165877506804
21,0.13043688938252002,0.0073904165832297825,0.004896403552913529,0.0029994828339273585,0.0017890161867184452,0.00056075893069104,0.001276658549667056,0.00035274087559224675,0.11767568992458936,0.7326219431801517
22,0.012597235651386963,0.08011733080993579,0.06343054089676843,0.2493987125531918,0.010897645480914929,0.02118471121942204,0.013115131961253176,0.019101012312965276,0.14767503533724072,0.38248264377692137
23,0.009830727786157538,0.16121437478554965,0.052429611931299545,0.036541959722979404,0.33853791099803715,0.009109797024575882,0.02690357701113651,0.00693073855790491,0.05332311447996738,0.3051781877023916
24,0.00925516887101542,0.13216083519640764,0.4944049667179238,0.0768061638206454,0.034998105367626854,0.005988333367158093,0.023448552521282286,0.008664973561785826,0.03295908298963203,0.18131381758652249
25,0.10710259544956716,0.005498108168184922,0.006817165236452312,0.006923761653249987,0.0006203013068634291,0.0008812374650284914,0.0012187272854716,0.0012737358973409268,0.15024275988705976,0.7194216076507816
26,0.17873829992011983,0.003633753495122692,0.01508441463221986,0.017633168877842886,0.0029142339443937104,0.002805510947612867,0.0023483945979527565,0.14512009011475255,0.38925254772062573,0.24246958574935723
27,0.2441349178011865,0.00682709289572545,0.03527070483720853,0.011024614905440017,0.004584870996314533,0.007099865831232185,0.00521902548031381,0.049091374208775095,0.4229796205874958,0.21376791245630844
28,0.0076965908480025585,0.02798149608046583,0.002126103142163975,0.031453211344828015,0.002134779204644435,0.03214535271361084,0.021506961051229723,0.01576284834278144,0.00742199610996739,0.8517706611623058
29,0.007981527821924985,0.02293579658019393,0.018137557562894747,0.07668097527623385,0.004006732236835921,0.01434907231441654,0.013926992889808767,0.03397142739201601,0.04237952032317044,0.7656303976025047
30,0.011558088232204205,0.1633115495843805,0.019094660542090556,0.06739832125921126,0.3136325535183826,0.008945440143213723,0.25290452216873144,0.008926397845175847,0.05170997802489746,0.10251848868171215
31,0.012055076920456573,0.23106951020605787,0.09851990297246513,0.23864967818038704,0.0869021857383233,0.008482519114860575,0.018250491756810996,0.006947974761800512,0.034731015373110116,0.26439164497572815
32,0.02630824981866188,0.029641271350404674,0.008196752341065474,0.07556796035901178,0.006479297096935163,0.050226934920981584,0.1775660715609881,0.030750568717910622,0.1214382822537935,0.47382461158024713
33,0.056257405205244575,0.0033624757259433733,0.0022348140994267,0.0030429511904583534,0.0008324964445033854,0.000899186079988113,0.0008879849387037514,0.0007641926987859106,0.18729608770194947,0.7444224059149963
34,0.03861784011045707,0.004979373430441215,0.003816277349246844,0.02948314293239026,0.0029476507544011696,0.021761708552730363,0.0062392115631137125,0.009100136704886987,0.015125778182038774,0.8679288804202936
35,0.1756613280996995,0.012025462669473935,0.006780259724303269,0.0047732079893447275,0.005450047251881929,0.0005923914944474853,0.0019395892031974892,0.0007304998428504998,0.1370731410852911,0.6549740726395097
36,0.18893162826493423,0.013774852053538978,0.0173972905421582,0.015715255075907777,0.004133564138245453,0.0014237081826203421,0.002464214060547621,0.009674422095288735,0.4351483613039243,0.31133670428283416
37,0.01335321496346003,0.002696035572785822,0.017643070421563364,0.004861570882966052,0.0005317440003426853,0.000963303748848342,0.0014543428766861308,0.0015706946224987334,0.3064825269356957,0.6504434959751533
38,0.010664741591280457,0.0020710112814955766,0.009293659021282177,0.004796476665929108,0.00036204415723528795,0.0008650519786114273,0.0008362057122323896,0.001422271594303536,0.2474654813612621,0.7222230566363675
39,0.09089614657038268,0.0025221828369895133,0.0030368316748653717,0.0010623323670235826,0.0009681789018081263,0.00027772177706995616,0.0003611531591902675,0.0001669478170165819,0.1459223598605604,0.7547861450350941
40,0.016391293066776797,0.2494988519600168,0.0516187520106281,0.18569918232951627,0.1279892371758192,0.008604126739624551,0.182999159722221,0.011067075537047767,0.05305927017731499,0.11307305128103458
41,0.020079126031530854,0.009366465771830179,0.06443354570182767,0.02053272612449234,0.0053829161423244,0.013401353005575637,0.006049124678642828,0.19266267491342554,0.24958931950185856,0.4185027481284922
42,0.054093282433418474,0.07609737719945409,0.028255315664690195,0.05079144669347125,0.08837834703414021,0.00326703666169737,0.008598237338681538,0.0037478261812039977,0.03777910252381056,0.6489920282694323
43,0.005647664040311301,0.04125159323165784,0.009849856468635197,0.2052283923734559,0.0051020434507647,0.009200736255900678,0.019361117846846337,0.004495473330854312,0.015848342506522926,0.6840147804950506
44,0.12364594424328572,0.002755381240290091,0.0024628052013381235,0.0017974425791077314,0.000539434339420813,0.00039924458767457083,0.00037760831327983716,0.00023498734442003124,0.11412277208711172,0.7536643800640717
45,0.15464273442655635,0.013529407508361612,0.01599344421747228,0.11541993071374118,0.0036427433524442317,0.0042155830104995025,0.00869815917232336,0.03292653924083007,0.2856205900123665,0.36531086834540505
46,0.003835777183975001,0.003270617820719766,0.0035800128619863053,0.01647536080284197,0.0005218774556507088,0.010547927507447218,0.0015680471786725886,0.0019052784989555542,0.07494046235092218,0.8833546383388288
47,0.23458412147684904,0.012260576522043737,0.005828962736452577,0.0031262180013407986,0.003418288505474675,0.00100622748793983,0.002957824143938462,0.0008769564597455299,0.13455867381676406,0.6013821508494511
48,0.01905557971097807,0.0033907173991892386,0.010789718219671644,0.006024670671639343,0.0004881483699522176,0.000955488553218587,0.000990737515152606,0.0014949241580310213,0.23497358384676162,0.7218364315554057
49,0.02149791495842481,0.06937260156441453,0.011559509538685593,0.10921409943440835,0.01122112284554044,0.018993978264903257,0.3420007930653959,0.020254625279356203,0.0829494045171945,0.3129359505316762
50,0.034777069684051254,0.1601005063700534,0.053475309266319014,0.1158927035167771,0.3424034636245188,0.010578091591391569,0.032785807964986,0.00989151789357552,0.04047182694157528,0.1996237031467524
51,0.4725282703252049,0.006447870893249338,0.005165963210266857,0.002899600228012106,0.0012689862369746256,0.001119776649759433,0.0014684257987359417,0.0007217089774708319,0.1410116499286754,0.36736774775165054
52,0.07933857372883968,0.0171705638259298,0.018105776683489814,0.03659303375872911,0.007144669350075784,0.0019926267906008304,0.006630180652214745,0.008115115499032339,0.20066224690120957,0.6242472128098784
53,0.10461162689477305,0.009661232497583461,0.0029159456496140714,0.006336674236013094,0.0018610634914047615,0.0009296994687546991,0.0023568630836900517,0.0008658162870758369,0.1576460225974077,0.7128150557936836
54,0.4191047028326343,0.0062956584277964025,0.005517955869269938,0.0025335183147503423,0.0018096082533790104,0.0009823886688747228,0.0022271802544034437,0.0013296919492353596,0.09136688046983331,0.46883241495982303
55,0.6738835639259112,0.007906786929270585,0.006871330771386748,0.0045679369464683124,0.0020667991522227654,0.001148571615746869,0.002360786568689986,0.0022502681132671285,0.05462161819879745,0.2443223377782389
56,0.16966360782853002,0.002206989451835635,0.005021698936576591,0.0014371751621950963,0.0004944309406280518,0.0004372536914260821,0.0004000551452328062,0.00039473034386842547,0.16045499799665866,0.6594890605030486
57,0.014778308875460474,0.0023736982248940145,0.01863227395583967,0.0041484565953032555,0.0005979886745875073,0.0020367826776164846,0.001763083137660753,0.0034387429571011985,0.48372829553403984,0.4685023693674968
58,0.6456089107111289,0.004394583533117898,0.0035532387948577684,0.002410671811361306,0.001062261135632186,0.0010486058993364712,0.0012680326106253488,0.0011350344285481456,0.09590517637179391,0.24361348470359803
59,0.018260331671216046,0.2035024893789411,0.05981653085422831,0.08346872591737742,0.3113420172715855,0.008158164495905658,0.02864372579094842,0.006429742697196567,0.040167599893174304,0.24021067202942709
60,0.00930149570165462,0.033125301859654954,0.004157846247286253,0.0985959031640136,0.004070782676696388,0.050904251811432814,0.07579486169656358,0.016223056361637216,0.011028506439471874,0.6967979940415887
61,0.037650145028362114,0.09371787047885449,0.037345930483661936,0.05729553238507466,0.09453511493748017,0.003584108017278119,0.010016834265671251,0.004025650993450635,0.03739879577530542,0.624430017634861
62,0.08971889088390828,0.0033400062111443624,0.0036863717252156878,0.0018518485569528008,0.0015843635927863448,0.0002794890570217153,0.00043738011369085265,0.0002221632975703738,0.13178873163838634,0.7670907549233235
63,0.0205681393567381,0.020306895680715514,0.004878163600092046,0.07143591132379193,0.0037478662470762426,0.03265625864831365,0.11295870845991927,0.022251604902566644,0.14982703109656656,0.5613694206842197
64,0.0036581553264425568,0.05650195758969352,0.7469853646765959,0.030829219480416198,0.019741538188562134,0.004705654253284503,0.020259480467552722,0.007463708888123075,0.016522561529600483,0.09333235959972866
65,0.03424343033326669,0.004334179712864499,0.032411315899550965,0.005127903111328621,0.0008819944322087446,0.0031656338658417956,0.002719977165862429,0.005038451445331727,0.5972804227363999,0.3147966912973446
66,0.014059153748654156,0.29007760322845677,0.15304237384945948,0.11367731207506522,0.12991409873417972,0.009423174514141498,0.18982303378878684,0.013114119718625626,0.023815507416639306,0.06305362292599102
67,0.22306921364197513,0.04139165302530362,0.015051506672825286,0.04910014058791282,0.019341277810985588,0.0037877872863923204,0.006299631535840501,0.005821552998844247,0.07320767293256523,0.5629295635073551
68,0.037568451286107155,0.17379484856638405,0.01113846256054414,0.2091223506163803,0.014987381179171266,0.009201771606892985,0.06925065236079933,0.010246249957583674,0.0893786819133808,0.37531114995275555
69,0.1774207381354953,0.011003166446720124,0.02665495183074606,0.06958907671537609,0.004096505151028665,0.010288312136243616,0.006537455193930673,0.04218442482411849,0.11486461162446548,0.5373607579418757
70,0.05021584134975743,0.026261126239334295,0.02248383157358254,0.03666035573126393,0.03685511001885871,0.002646229940615592,0.01751980309862186,0.009310044056240491,0.32645283305237255,0.4715948249393523
71,0.2757379090694129,0.008657243986246314,0.015194006736496464,0.029864650052329016,0.0032692001470692447,0.0037214293339059776,0.004354467981402715,0.05957672497353685,0.371230196086172,0.2283941716334286
72,0.011414819153756547,0.21618597439030784,0.05221640263176458,0.05330243412791072,0.2572381964830829,0.008412270438255421,0.29231244250303734,0.011698315263160813,0.020918478597378644,0.0763006664113446
73,0.01880505210134961,0.10517888840153414,0.18226322080211182,0.20009788585677077,0.02004533225043295,0.0029720355062582277,0.01793693426582517,0.01110517056419806,0.09379684607144083,0.3477986341800789
74,0.01548158981419084,0.004727107476261661,0.005828757002736397,0.010066447956526902,0.00047636691801627605,0.00104455594036011,0.001217169364348424,0.001619604636941744,0.2150722090867176,0.7444661918039001
75,0.015078733602191348,0.11110014457509736,0.019929344234897384,0.0999192627140588,0.025694594675541558,0.019412024080532674,0.2804633503192728,0.014154179301075966,0.09142382704340425,0.3228245394539273
76,0.1488354344035752,0.011056014425897357,0.006603787202715284,0.0019928323089084218,0.004562177470096259,0.0005730888020176114,0.0016102658184574045,0.0004488464145602122,0.13125014089019665,0.693067412263576
77,0.0005543596068084287,0.0027071139553200407,0.00038059224998744895,0.002468974361530036,0.00020762464515563535,0.031369008779370405,0.0017869458429357922,0.0008070845242719782,0.0007223637510820215,0.9589959322835387
78,0.16669829443280468,0.0035726386355837626,0.01399444541511329,0.026644075079289942,0.001989169972679609,0.0018875080111830165,0.0021248053112537524,0.047905508042506116,0.35006659582661664,0.38511695927296913
79,0.005511057268200556,0.047324516124824134,0.8002381992059427,0.021156494042327653,0.016612660350138392,0.006447261290595808,0.017255205921726212,0.027220534603644472,0.02595123809068108,0.03228283310191913
80,0.13425810519518888,0.00438615874636847,0.0032418847977742477,0.0020078862635659776,0.001309179144219615,0.0005935580426460222,0.0008568134012174341,0.000523928556219848,0.1679519811458765,0.6848705047069231
81,0.3797554812244501,0.0065926428393395416,0.005466238228063379,0.006534636051148434,0.0016019848481036397,0.0012068627576679552,0.0019664926741758395,0.0019310922508358134,0.13948051023006514,0.4554640588961501
82,0.29934984136808396,0.016397923734863627,0.004831957994194509,0.006489802895138949,0.001877722430290306,0.002567432526597939,0.0035276057742007825,0.002114849123326048,0.20327922307445195,0.4595636410788519
83,0.531825736301221,0.007898582113693091,0.0051576267236243985,0.0035535492830449395,0.002376946369826337,0.0009745637220052245,0.002291522280061309,0.0019780698782996464,0.09108068628692645,0.3528627170412972
84,0.011586154736635797,0.21301471563043245,0.03494799362728265,0.13168048590735532,0.21164208568833712,0.013057335807921117,0.2010431085173835,0.01034352815847222,0.025964503589247862,0.14672008833693206
85,0.015421797874598034,0.3376932223029859,0.06511804789142409,0.04024607469984363,0.03401166359015995,0.011139254129725145,0.3997561578475399,0.015365901558432139,0.016801920913217343,0.06444595919207341
86,0.10665002011079956,0.017776327243586774,0.006365703541300541,0.016963207156316572,0.002059083011885964,0.0010417888055619018,0.0017333889599462414,0.0009017511043045662,0.11315939959990194,0.7333493304663959
87,0.007503740526094588,0.09771717332406925,0.018385723784807947,0.028928879489595497,0.005601367944158434,0.08534375070256671,0.05028136248379945,0.01173206706835418,0.027309826347771675,0.6671961083287821
88,0.478849032151754,0.015060791733209344,0.008304505682992461,0.01607545049381448,0.004455703176218725,0.005787447376526995,0.007882855731044129,0.00902417226658594,0.20929292025922278,0.245267121128631
89,0.008150152842246006,0.11114695133542453,0.6608403604560535,0.030079682129169037,0.03139436756373134,0.004949630829153623,0.04183527852432334,0.02460965496207675,0.05074151958297875,0.03625240177484239
90,0.16340970388474496,0.007838430573174356,0.02502234572863295,0.03516547446867868,0.004585936110228585,0.0073353738756889615,0.004435930779646716,0.09312969675522455,0.19953293569121142,0.45954417213276927
91,0.23451640266647547,0.008647953263259971,0.004444264717604596,0.0039194930650270935,0.0028416947459625006,0.00072555819786589,0.0015560275476876784,0.0007402598858432057,0.17839074309104214,0.5642176028192314
92,0.011240172502145922,0.08937156120215346,0.05154528131030815,0.03941169087796919,0.02735584385628858,0.017230267087444007,0.2847563219813643,0.014789964811545738,0.345178004228642,0.11912089214213853
93,0.057743554920697264,0.06179688166656905,0.03350093172860393,0.026592661181045335,0.06756653537472479,0.0026549817760802607,0.007012775035782297,0.003013425707531288,0.030939018155249534,0.709179234453716
94,0.01406732055829519,0.24882964553892334,0.20442931338994003,0.10798443080976403,0.15232808683891852,0.006775879434713854,0.08762201745183514,0.009153145785493848,0.04221457512985514,0.12659558506226098
95,0.050058169317540785,0.09482903445995655,0.013314280617342097,0.05042917200216902,0.03038383333010736,0.003079633707976445,0.0302296825859465,0.004516827385986655,0.17364875604222962,0.5495106105507452
96,0.024055573035288744,0.233394451985818,0.023741705642466363,0.03125185258402323,0.015899123150977575,0.12067876227863844,0.36881745495079477,0.024540920141421514,0.06886820117643411,0.08875195505413665
97,0.0856588483937608,0.002714105879451493,0.001609290496003269,0.0014184259604325077,0.0005088463955955436,0.0004517601119392837,0.00038668284697199515,0.00027287874667550837,0.134345931842271,0.7726332293268985
98,0.3629371559232809,0.010853039248131179,0.012711097039284823,0.03306868665158621,0.0036384948018845105,0.010190438032031502,0.008128281909339707,0.0659613884645342,0.11389668269408773,0.37861473523583894
99,0.688331788567521,0.0021326669588270404,0.0067700157372520995,0.0038067823250072094,0.0009362065180352867,0.0012780336175032942,0.0013234891226645582,0.013027018270801428,0.0729414307265,0.20945256815588817
100,0.014805139917708434,0.004574403480941214,0.0020067341144386457,0.01040535368527269,0.0004874817117444723,0.0009462428843646311,0.0014175899689124764,0.0017670118655929957,0.15970328501169767,0.8038867573593268
101,0.041661932502296134,0.08701908151981735,0.005723113956725624,0.01983860616601892,0.21348107195425606,0.02229043141149004,0.12318180731344584,0.00830080922124665,0.13828726514555015,0.3402158808091534
102,0.04471443915933964,0.012930583653781589,0.003363346205189114,0.04627700355759334,0.0010119337798119674,0.002151878356263898,0.0028765329980302784,0.001938987458773146,0.18054402711194098,0.7041912677192763
103,0.21695645827813034,0.00757418403597122,0.004869984925346267,0.0023559649069831113,0.0021214849361445975,0.0005919391993017589,0.0013908576562978205,0.0004600278755249085,0.14431417418551898,0.6193649240007809
104,0.5063978513493773,0.005595216164450997,0.008031309693446245,0.007336481231941945,0.0021891250227994135,0.0015279780016291445,0.0030361777483294823,0.008462201331239186,0.13278722851623947,0.3246364309405469
105,0.008074223587313356,0.0664260825644708,0.7210742115283835,0.020379031458431264,0.016192099671142803,0.012342436673634629,0.025079817732635887,0.03430885684387258,0.05155253725681288,0.044570702683301995
106,0.15980305201510608,0.029028934170881773,0.012169287656274121,0.007769639559582347,0.02708606779651628,0.001708607218990505,0.00435604529014937,0.0021357425188244365,0.09617049208479174,0.6597721316888838
107,0.13243659004492442,0.007512448884135554,0.010413679971523085,0.025257233835922786,0.003012041946216728,0.0034398141557803455,0.004752275132674971,0.032213730008134975,0.1871430820202714,0.5938191040004163
108,0.04426699236857871,0.006573995141843841,0.010608913660040811,0.06106163739735822,0.0028598602224621174,0.018993343885630086,0.007509527446350651,0.021714061185915994,0.13789406810214935,0.6885176005896704
109,0.0614086589750585,0.01151582903940087,0.0101074593878391,0.03303568253612314,0.006790594042737872,0.03616745147489825,0.016615148648745273,0.13133390575845508,0.050239395616453304,0.6427858745202885
110,0.01457528091447255,0.1380991967715743,0.202193976083745,0.06330498414004089,0.01076638961252226,0.012302207334821767,0.09407460538411984,0.039143513826818174,0.10145762368720641,0.3240822222446792
111,0.0041234598176546405,0.012659069357755834,0.05175246771485908,0.007070062753205424,0.0019548205064963986,0.0021599031535455755,0.0060497248320443,0.0013785925500084954,0.04816132492732617,0.8646905743871046
112,0.007562567604585491,0.12131700615418003,0.026698995287592175,0.0417373107809166,0.2893070211189801,0.009134130575080586,0.15486339227099666,0.007535393261795196,0.07690784835320687,0.2649363345926668
113,0.014509174073849494,0.017578833233929936,0.002447272429435474,0.07319809279034861,0.0019704963104159785,0.01872234845037308,0.015679240119737675,0.01893439904978718,0.009535373328586326,0.8274247702135361
114,0.024440048331179444,0.023685215014384597,0.07378608533791034,0.07634355236185952,0.025894961602824753,0.004139817734862263,0.009420578916905991,0.021991846035013,0.20035928115880638,0.5399386135062539
115,0.02187070980863497,0.056688225766773875,0.012070688255894742,0.08663159119684044,0.010219743785638124,0.0031402231469582257,0.023086030045754467,0.007565446344515751,0.17701687934712712,0.6017104623018624
116,0.018520451237004448,0.01726902466852771,0.00308631252956769,0.08148804109333893,0.0018682998652409613,0.018589878647165974,0.01668283594520927,0.019127898110034597,0.012525980808707404,0.8108412770952029
117,0.011562693926514886,0.18003782163647675,0.06779635532755426,0.09502510127406842,0.048794770035398775,0.021609995575767108,0.13032322267154825,0.017803617819308636,0.04425591957476722,0.3827905021585957
118,0.45028356229726835,0.02188205304684233,0.008793262382603305,0.01093597931928454,0.0046002774733315925,0.0016788108331181263,0.0050287851125551284,0.0024637123177327076,0.20923098796425066,0.285102569253013
119,0.5627687749254554,0.015554532014674398,0.005400277056631397,0.012307063447847398,0.002250077469970464,0.004320202560791408,0.005333023128840943,0.005677569960907379,0.13389696072490975,0.2524915187099715
120,0.006960873446904808,0.1646718843992285,0.022633928422667992,0.039082460664333955,0.2898993083812552,0.011023952218199557,0.10828063735588074,0.006898513830916129,0.0685532834793768,0.28199515780123685
121,0.07572176614281781,0.001968590802286612,0.0013875211362091788,0.0008961805001477823,0.00038776526727027274,0.00031379533956161316,0.0002002949810353234,0.0001074781343225525,0.12372620843312554,0.7952903992632228
122,0.008848161835347432,0.0006543971782929593,0.0004492118541739123,0.009887711940819567,0.0005153178261659221,0.004425877671082547,0.0010025620816226035,0.0009940574467687863,0.0026491192214014962,0.970573582944325
123,0.09943898671811208,0.017050636825203164,0.006378523987087553,0.0034283914203863957,0.00866897452246998,0.0007251597224626664,0.002503998058895892,0.0007322732979701577,0.119234134194932,0.7418389212524801
124,0.0072894244360355515,0.002599163982034738,0.01403171938680131,0.006291762494771791,0.000506795785235912,0.006662413013580767,0.0013218186712215358,0.003780920100420516,0.5291941088871293,0.42832187324276794
125,0.0007559635047247882,0.004826441317461637,0.00045841761272295926,0.0037334239185521077,0.000549759272562117,0.03136063121998263,0.0019257138061686244,0.0022008743496538976,0.0011106010723731094,0.9530781739257984
126,0.21711878495220535,0.00950363369899252,0.020448573774859178,0.00992725379118864,0.004085325132664572,0.0012190642655039354,0.004203367199436014,0.007058591008160377,0.15192643957114424,0.5745089666058452
127,0.01226135974769586,0.009826455558565901,0.040142526459127484,0.13321165125278953,0.00446659271795389,0.003020871901332947,0.0025210078544886,0.013344059887915448,0.12044656192136984,0.6607589126987605
128,0.006101441620689369,0.001370290167501735,0.005685672750663829,0.005011825547980102,0.0003004610499981155,0.0007838905751040439,0.0005468296646275219,0.001300748429513721,0.23333063619010458,0.7455682040038167
129,0.002994707358474121,0.0013717558924770047,0.0021571791179580057,0.07228144884574643,0.0005578104366338009,0.004041217773305229,0.0021982556903792153,0.004861442614553566,0.013608215935326861,0.8959279663351455
130,0.10044110601283607,0.017290051618738637,0.0027887965280318982,0.005691136028107841,0.0017374358367183386,0.0009521978206879495,0.004474699844746847,0.0009159799010241125,0.11725977676610366,0.7484488196430047
131,0.006718192157336085,0.011835183474770868,0.0015698376361164186,0.04969456721604585,0.0015211766876391214,0.020269444642378707,0.01381081254987006,0.014262974719087189,0.0060749545548122695,0.8742428563619432
132,0.011091394654557081,0.1459763351043753,0.2845725016177107,0.033404457045930855,0.009790932190050063,0.014558831733956867,0.0876302601530261,0.030758049708132607,0.07357750512775783,0.3086397326645032
133,0.34712356857462223,0.005495782997085304,0.009055144205411508,0.01671991216250532,0.0030055251644858527,0.00435453334054477,0.003696899039276047,0.04776770227700037,0.37251093391861106,0.19026999832045738
134,0.008208510798987637,0.028414357814307848,0.0023439890609054733,0.06519799619368902,0.0020502516831750113,0.011393589484490051,0.04555926743368103,0.014299036646106433,0.022175919020004344,0.8003570818646532
135,0.010387342776060763,0.014396905084128787,0.002087894990302188,0.060914127634083944,0.0017939204142443889,0.020578750236753887,0.016916655978569155,0.017407936095044697,0.008134313239413748,0.8473821535513992
136,0.006511714655680399,0.015278221071289228,0.1870714691521751,0.031656519689195355,0.0026804791964509748,0.01053206778163463,0.004190039744190763,0.022873980437992242,0.06521522653661921,0.6539902817347722
137,0.011426401315964117,0.017132655845907816,0.002200347162192897,0.06840268954063418,0.0018865886774121136,0.019615648417520993,0.01600297825156827,0.017509697714450774,0.008252263081571554,0.8375707299927769
138,0.0032150859693178564,0.007990410783914093,0.8618058087975282,0.01059043549458374,0.0032242684293319994,0.004520688330565848,0.0014012499098706801,0.008160664231894372,0.03023729132856804,0.06885409672442515
139,0.017854322065866852,0.16437423900546458,0.011287606136116601,0.022094141016136434,0.15125868064396342,0.016879371427927458,0.23114099189313334,0.01145660700278055,0.182293078404479,0.1913609624041318
140,0.004349058413280628,0.017994873493436443,0.0014107307009519584,0.03127827547182907,0.0016425968516821726,0.028869254774492606,0.01076291161651885,0.012293325535691485,0.004366055977006689,0.8870329171651103
141,0.0006566177812689723,0.002392967415427301,0.0003452616566080716,0.0027387183384722097,0.00034813925727711836,0.03446449904234994,0.0014092190793961838,0.0011840440608234734,0.0006928965677259702,0.9557676368006504
142,0.0027847350192787366,0.01896117909002175,0.0012718008912154747,0.014529680331190982,0.0014936866613001459,0.06563465185094819,0.006738596735160611,0.007147678891541385,0.003126665240270165,0.8783113252890729
143,0.18098226603870335,0.006361604251895344,0.005427209008586433,0.0078673405422382,0.0020307123094051227,0.0009404976677051184,0.0019764560598915563,0.0016463645348954604,0.16745231167985708,0.6253152379068223
144,0.3915514528595247,0.007268553488484538,0.004882339408888475,0.0020115690605978813,0.0017800567688672272,0.0008137373497078916,0.0012799053363333765,0.00032710206909199337,0.09462334250085733,0.49546194115764636
145,0.008895925702539127,0.24931369345377066,0.24444663817648143,0.04249903344384812,0.16270256967344682,0.00819399093183966,0.21282445424359606,0.011151204698892416,0.014152641200977022,0.04581984847460876
146,0.41451277179029455,0.020497690048644476,0.007735940977240968,0.013773857817009367,0.004388017411191172,0.004813725458804589,0.007507699697378586,0.005718133072585695,0.1990908921329175,0.3219612715939331
147,0.007674371304046145,0.15154764694424364,0.07452893674301043,0.05961519731368708,0.3439951710901251,0.008136277738906404,0.06200346816822353,0.005895476424884431,0.03524620033150439,0.2513572539413684
148,0.010062790286797607,0.0034663295009335015,0.002948927265221354,0.012874560870440597,0.00035703286546521037,0.0008550924815913849,0.0006735977811890663,0.0009060659700470197,0.17167972553320093,0.7961758774451139
149,0.0029733144819904774,0.019879706154097253,0.0012905643360205646,0.01587458164684508,0.0015430823067589332,0.055978238192897746,0.0072253305576498615,0.007914890682586467,0.0032943461569163615,0.8840259454842375
150,0.5995668277852493,0.013111450029486509,0.007441493511538176,0.011233669940605415,0.003249429029395731,0.005360715179397873,0.0052720140859396185,0.00788929602519857,0.20133875835331375,0.14553634605987506
151,0.3659000620393821,0.013826841030186885,0.007637361140884925,0.008774687082204708,0.0030451553049625183,0.002168388915688727,0.004111434722758797,0.0026598855429070863,0.20475421360884546,0.3871219706121786
152,0.21217670104071004,0.02146632195368332,0.0087252904079766,0.013046626875472683,0.0029887467003233067,0.0024559960048740536,0.004569883426499532,0.003000529676639448,0.20209005611032754,0.5294798478034934
153,0.0054759031959057776,0.19024041296922298,0.5811859270334075,0.026213777262780368,0.013103007400312,0.01075191346389425,0.03610043745884811,0.01623676197977004,0.008229419885053579,0.11246243935080535
154,0.007150483195229063,0.009759487857416628,0.018859909512997354,0.016176689373363074,0.0029160355295370886,0.0074935862367546706,0.0046713809567569325,0.05226148778582852,0.03988900544085583,0.8408219341112614
155,0.0958828106942893,0.0020120372417452444,0.004987559042580348,0.007102897721031003,0.0005759271139485556,0.0004773236856494711,0.0007518567470173051,0.0025142545035192958,0.169958657060055,0.7157366761901647
156,0.02424226084248201,0.05874296080485204,0.004511738967305382,0.05919322579061911,0.00429881597129969,0.03364264503763429,0.10581653304188314,0.0229619252211707,0.021047022821623785,0.66554287150113
157,0.003030539947411356,0.010680362310116282,0.017393305792779153,0.0025998286317742247,0.0010681787645732213,0.001202866489771263,0.0019735074436085854,0.0007475068039545317,0.08385432216580774,0.8774495816502036
158,0.007772657479050017,0.06089288732749105,0.01999747474707493,0.02022743243280968,0.0028089698238827547,0.027852050735291217,0.06838632606714135,0.005314028545762928,0.05649047705687302,0.7302576957846237
159,0.06937887881336996,0.003385360042544582,0.020923534344594995,0.020393280898942868,0.0021026140961640915,0.004307143357682275,0.0018534008571610965,0.03077574489361452,0.4767360478297717,0.3701439948661537
160,0.005536026087447629,0.03779914936346493,0.6362787005383018,0.039794543599838826,0.0061624682221824885,0.006765613361055855,0.00888732317271436,0.021838725551845718,0.09995755857504536,0.13697989152810325
161,0.1814868927260054,0.014167731881711394,0.02087239119140504,0.02440183017087904,0.005320577902510312,0.0025995928982258747,0.008243317685229967,0.04616350412920351,0.21122756178182214,0.48551659963300725
162,0.016786462579104107,0.0996034382086656,0.007853868176761904,0.02270326001570971,0.2518438483713861,0.010129119534256131,0.15971254253912598,0.006977579894830554,0.12721052187984,0.29717935880032015
163,0.12892323991986698,0.03450895403230223,0.02324368102633003,0.011488351022759729,0.01771954721903356,0.0013523605675809132,0.006477271404451624,0.0023271922640450706,0.12872962201904598,0.6452297805245841
164,0.011186818656305868,0.018824921950108833,0.007259191526137913,0.07660263462723896,0.006337193786793122,0.3687747082010677,0.021098424941501846,0.00976092383083332,0.014588476896959275,0.4655667055830536
165,0.0032991188229053656,0.011348125943665133,0.0011185615581278765,0.03060360165505516,0.0013343368188028799,0.024170858404156975,0.008831664363788986,0.010233129521026186,0.0036934299440610735,0.905367172968411
166,0.010868990606417344,0.006446545911167284,0.0020662342945653766,0.004849620624325926,0.004999154160018189,0.07623572387679906,0.021364138045210677,0.017103591124901046,0.003932837554262301,0.8521331638023328
167,0.11892418133397925,0.021491139718945583,0.008259171463759062,0.004442905121891802,0.013304201885120548,0.0009298343162260874,0.003452954636817008,0.0009475938320429235,0.08514646915843424,0.7431015485327832
168,0.033876080348849036,0.0036758270188709426,0.0008064843746675147,0.006398562465747043,0.0004619644990481774,0.0005564539667428124,0.000692603293050338,0.0006270962775395424,0.11198058609700719,0.840924341658478
169,0.18296713402905868,0.0058600687002225305,0.0049788294128505,0.003428959164221901,0.002281990498064552,0.000581240736639356,0.001032780313870788,0.0005786779257655027,0.17910296399016112,0.6191873552291451
170,0.08315331340152285,0.0032596981224143687,0.001556564823084618,0.0013954865207249283,0.0004342569240326575,0.00039350834185276743,0.0003493483215273668,0.00020082385005219645,0.12668108528457073,0.7825759144102173
171,0.008567411537714995,0.06298881138141343,0.47672050897097723,0.059527352449338385,0.01873906421903556,0.005482118437457723,0.03147749099140867,0.02436239851011261,0.12788497711970473,0.1842498663828368
172,0.008445582258627737,0.0010845927415397564,0.005224757229560185,0.002678445077764245,0.0002121260725214753,0.0006126721595505895,0.00047881515670739294,0.0011098029051491804,0.20801989886792704,0.7721333075306521
173,0.07111776510444295,0.0026200526164285175,0.019082792180976926,0.024275736826859375,0.0019998423882720676,0.0012969869800504902,0.001285130425712377,0.04656159727295194,0.47635673648772026,0.3554033597165846
174,0.02646520895217839,0.21925219092850903,0.029718680263920064,0.07129275377433529,0.1232642214820782,0.0053397752291944,0.03780452842825394,0.006165076283410051,0.12461893746890226,0.3560786271892185
175,0.019373705059320057,0.05407150920923759,0.009263997907678062,0.028287137128909436,0.023138779435809068,0.02702048767470739,0.5825221381940048,0.013748165360405863,0.10437378349389044,0.13820029653603713
176,0.12280499748651715,0.029155643240489172,0.018280758276506763,0.022896707914599097,0.013730834791270257,0.002421339754841431,0.013225717887377317,0.007391236511635497,0.18202356715323081,0.5880691969835325
177,0.013646547813209835,0.18100273976988399,0.05369757107053654,0.1279491082431263,0.019241190887413637,0.028969013798114594,0.08398902484558159,0.027121589606430234,0.053538165337198365,0.4108450486285048
178,0.0010301783032156755,0.004404474943004073,0.00039717669858945235,0.009148505192671458,0.0007973739276015485,0.024816549014910916,0.002257624259996625,0.003972367378529237,0.0012682626431392639,0.9519074876383418
179,0.17587869938003378,0.011382754990027947,0.003293514898876035,0.012839542091781205,0.002714730619466644,0.0009252912622014044,0.003313722972934299,0.0018561830507488675,0.11433668381950927,0.6734588769144202
180,0.010123600948013829,0.01344071056520891,0.0019755300606838157,0.05956296844383426,0.0017440759966336592,0.020287554252348437,0.015997315599555348,0.01714716273432671,0.007883097180262491,0.8518379842191324
181,0.18201780540345577,0.0026134135800458605,0.004950224754726266,0.0017996338478809353,0.0006111406428280021,0.0005443799936594748,0.0006145426257332764,0.0006661736028934412,0.15155217729987883,0.654630508248898
182,0.01591200239140093,0.014490979106403406,0.035868622298278634,0.43325701296958263,0.004598426431651854,0.019725550652923942,0.014722815723765808,0.045692515302698335,0.07106063114816882,0.3446714439751257
183,0.023024894899746795,0.00786508002841187,0.03831545129350498,0.04143450595882117,0.004819370896126276,0.0029807938143937766,0.003655174687762418,0.02663699799375654,0.22595664102341315,0.6253110894040628
184,0.009160515458519357,0.1284447734718078,0.5131906612091055,0.05517272917799642,0.010390766082659599,0.007334706494464933,0.0541152961702647,0.01990640659775344,0.0319931064697358,0.1702910388676923
185,0.303922757200046,0.009661334891166728,0.011196638446522392,0.03736340332711105,0.004936249742769015,0.009850727949686956,0.006854875266997057,0.07007413927109786,0.26197881960450103,0.28416105430010175
186,0.26886772722061175,0.011782072280612219,0.006700495494839707,0.0031406263417355917,0.0032431277311699277,0.0011608700073601256,0.003368690739697454,0.0009358006487784565,0.1196053729785803,0.5811952165566148
187,0.36318618119293566,0.017345901851653432,0.008398852934445903,0.014209386488504843,0.003928812633590305,0.00508188911627347,0.007039801981827986,0.00691272369372096,0.2762510078915841,0.2976454422154629
188,0.01506402509971141,0.3634556573360988,0.018840524371934807,0.033272550573410636,0.06456208687809134,0.014582108024638682,0.3765472137733347,0.010414232255364574,0.03678888353369276,0.06647271815372241
189,0.20213704762166676,0.0036000324735016164,0.003654173699181006,0.001569591400551761,0.0007537647509717948,0.00048673514752219516,0.0006606414764469011,0.0004663220939707504,0.12061534120511193,0.6660563501310751
