,proba_0,proba_1,proba_2,proba_3,proba_4,proba_5,proba_6,proba_7,proba_8,proba_9
0,0.2031866889614604,0.014380439778020669,0.025513702424697908,0.011709171977748307,0.005884996426325885,0.00328975403189709,0.00596118849592131,0.00138759480468969,0.09948926935690085,0.6291971937423382
1,0.15295055912484165,0.029363779310097808,0.02587342283225002,0.017805818412134914,0.016519911924134344,0.004206058255008362,0.007216290155492842,0.0013889695735572667,0.09408257937417232,0.6505926110383108
2,0.03221344423933225,0.0006196700558055516,0.00733935685979665,0.0023829595662966923,0.0002863528880543868,0.001973342458005375,0.0006527050184096265,0.009177781919984099,0.41638234883693026,0.528972038157385
3,0.7134841053172335,0.00761411387251082,0.005263196140115684,0.014170111126863208,0.002928584851195588,0.0031477160202111167,0.004166028881491706,0.011147078769307052,0.07449779232929996,0.16358127269177142
4,0.11806373086850823,0.002727440758744273,0.00971170366369994,0.007491465114795564,0.002460467353841113,0.0031756727038891553,0.0032629850619245496,0.08434794910227313,0.5398700442903289,0.22888854108199605
5,0.020087880032844403,0.13216706709257997,0.06916911188338082,0.07034770626186321,0.29613230394816353,0.01415918993198621,0.027792880947401555,0.004787158606093405,0.028226000670075704,0.337130700625611
6,0.4646535581414675,0.013046059787155981,0.01363079378611132,0.009474186464241743,0.005015060627577735,0.00342164271342755,0.005400617548707248,0.0019530422202596958,0.07273617193489128,0.41066886677616043
7,0.17131937406628675,0.004523850024877987,0.035279909991096065,0.006656178958906671,0.0016950789619032513,0.0017912057816620675,0.0016825570910468598,0.0012407973941331932,0.1471950980735181,0.6286159496565692
8,0.001641963188114094,0.011770105217196016,0.0013601618800919476,0.019388184425643887,0.0005600097556659609,0.02086740825058779,0.0018686506310620651,0.000574683146579745,0.0015285664763564203,0.9404402670287022
9,0.048769092832425656,0.06738074375522467,0.031817702325301914,0.3173449660332208,0.02086255002204967,0.01019008710889056,0.014867793375801677,0.011999715484886741,0.16815775731798843,0.3086095917442101
10,0.02416359545748107,0.07759612359375258,0.058672319936276016,0.03621148990034616,0.018843631912084123,0.0509243817898851,0.02202960984067487,0.0059397375030582015,0.020302822629511427,0.6853162874369303
11,0.2119960296493399,0.0037548744968141485,0.01002930088767783,0.008321014866149378,0.002325092861584774,0.00419688575122297,0.0035961016644115826,0.003166683533652718,0.12106693924421649,0.6315470770449302
12,0.43622908992637377,0.0025716411053542127,0.006039715867853886,0.01201691540190896,0.0010565385060976812,0.0018810520696716853,0.0017404401246106445,0.001067508251446107,0.11012516581829283,0.42727193292839066
13,0.023846177998244796,0.11567949193121459,0.02497775444211384,0.03229826748076028,0.12699837148588922,0.010309874379903456,0.028710970531025812,0.004272051644756412,0.21672557765692801,0.4161814624491633
14,0.17388665237457462,0.004033225998225931,0.008550405780675258,0.004714516384297907,0.002319298326102915,0.0012820281602509555,0.0009860204028965549,0.0005387482153933711,0.07960712046236255,0.7240819838952197
15,0.10534888377578937,0.05206157842398978,0.04309262859684975,0.035265819205537494,0.016870251494732626,0.050669411557890065,0.38497181308035805,0.07663230822917151,0.07336544767689489,0.1617218579587867
16,0.05362938489957613,0.013083284395523875,0.03699574393812291,0.01137704106215308,0.008166920216028365,0.005376127936239551,0.009888088288396445,0.2236088379323633,0.13807879207498364,0.499795779256613
17,0.019105949109300555,0.06919173989777735,0.03996359567301728,0.07623976312936913,0.26698941831625644,0.009177568114418208,0.03194462286953458,0.006238425309809779,0.04056839106091625,0.44058052651960067
18,0.33239564605573235,0.04506816559627648,0.016128766328313105,0.016347920595722546,0.01899315309235058,0.004568331110655456,0.012684956366701524,0.009736633728739475,0.15353468597331632,0.3905417411521921
19,0.022884880517291834,0.13529408226175066,0.03693199679952046,0.047127888510718106,0.3351593804019688,0.04747671895292625,0.16766613793019597,0.00994334172459361,0.021608795084682504,0.17590677781635197
20,0.01839322468824068,0.015588760132818938,0.07987988908588804,0.01836349320094569,0.009553984558654865,0.011309530795089298,0.020052381687331578,0.3709645170541966,0.19765657337110024,0.2582376454257337
21,0.05059075186653768,0.08901182487381276,0.021280585545588475,0.04447078388288845,0.026593165540805094,0.113699161077177,0.034713919540210136,0.007198321552797939,0.024890099703060026,0.5875513864171221
22,0.01549612122946341,0.08318415410324573,0.04221584915437821,0.06571421040737864,0.016665055959242427,0.010476958922622934,0.013222135643816092,0.004261190588843049,0.10549779504129084,0.6432665289497186
23,0.012505410786832646,0.08271243328819702,0.04299039672315547,0.03801225094079324,0.2352554611491417,0.009765328444584312,0.01487987283284569,0.0034909708944628574,0.0432946607358225,0.5170932142041638
24,0.029006699939660298,0.24488116475744906,0.16180731705514226,0.05545861524614832,0.06436191363636186,0.018052530843240447,0.03497978207192958,0.007870011646109575,0.03564277701466837,0.34793918778929056
25,0.021344192246091857,0.0007780523971262351,0.006979178064458173,0.0020577550763575215,0.00031357423114344266,0.0008682993966817878,0.0007044219297889641,0.004467087264355758,0.12109175181214932,0.8413956875818469
26,0.08814744399022624,0.007171395864764285,0.01488193187342933,0.013971156224333654,0.004674790536624572,0.004355699321744824,0.006027959384104089,0.05105349298893484,0.22698937605182765,0.5827267537640101
27,0.0340216836656727,0.0014685319200348028,0.01793469426011649,0.004255155491733297,0.0012340295738324212,0.0014314323258591832,0.0011069450569374073,0.047775527871615604,0.4353726554073233,0.45539934442687446
28,0.008911928787504202,0.00445451137326521,0.005636409333000436,0.026153297653766547,0.000942077728296951,0.0036856032047736633,0.0035152237614087894,0.015298098036862514,0.00616905677399287,0.9252337933471292
29,0.01749287557737145,0.3019307099005244,0.03836291380506419,0.16484159467764464,0.036185547333600784,0.11094770955424275,0.0448932389583492,0.010732127102612673,0.01900323755016933,0.25561004554042077
30,0.01513434830419453,0.16092675397581258,0.01570604427824663,0.12479702534870961,0.3106409022397871,0.04871414542287776,0.2331383446406636,0.007795656425920483,0.01499361594164511,0.06815316342214355
31,0.018503678758893582,0.21491241706991707,0.031769693039279,0.38777627463168596,0.08854652423662618,0.018571238731326833,0.02683655391908263,0.0057932271899015265,0.03246388701284225,0.17482650541044495
32,0.020137569572398147,0.029870323238968967,0.003804969960657405,0.08938791157659769,0.003432419006348162,0.015629618747461254,0.023344909222370584,0.0034137732510979915,0.0815481494793404,0.7294303559447598
33,0.04196650434093601,0.0031755984151943667,0.016140143228033876,0.014933497086147572,0.001084636745635811,0.0021795925384855788,0.0013045700582996907,0.0006344871532775084,0.15424516288416582,0.7643358075498238
34,0.05228755440567769,0.023899518101604292,0.01565144464104376,0.06342446557225734,0.00943384903020519,0.05150792332391346,0.03953303013955156,0.016152326830253836,0.10528996952312838,0.6228199184323651
35,0.10585072377745175,0.020282223969202488,0.019552959613226017,0.0411424901329313,0.009036825858003335,0.002812899190838053,0.0056486799596971215,0.002068900462865809,0.10727600416447873,0.6863282928713059
36,0.1514591306357926,0.014777876711999122,0.015553663734765289,0.020498007965911755,0.005930222274998982,0.0030965017993858897,0.004364513490697729,0.01096993617548248,0.21191315400397293,0.5614369932069934
37,0.009092919346281685,0.001782241119932729,0.030946716438723085,0.0061099363342907,0.0003267038431923406,0.001762631722216729,0.001130959311678859,0.0017190945843830545,0.25253682612921025,0.694591971170091
38,0.01138601452095833,0.0034348180448403407,0.052736623384425224,0.011104883327538296,0.0006627679631097744,0.002331454277326655,0.002202856606799548,0.0020767028556259986,0.25637329578160667,0.6576905832377691
39,0.14865566056469437,0.00831160781160668,0.016343602369113027,0.013740924016733606,0.003800016543420423,0.002647676405450091,0.0029322901817817955,0.0006529891626146536,0.06135226152589821,0.7415629714186872
40,0.022136373016968077,0.20524410728037548,0.024067145134465014,0.04216707435293493,0.07335808927426227,0.019330829616099294,0.49289751439780743,0.0076756003093446795,0.03961839718257197,0.07350486943517019
41,0.01838775645259099,0.013613892752408976,0.10377925135808241,0.012983541930753266,0.008422390475438272,0.008802197936860276,0.012735632808959022,0.31778112278825676,0.12058408526944073,0.3829101282272094
42,0.045763142028539594,0.07499735263996543,0.035115405765314474,0.044030727487382876,0.09613433437078468,0.0049480650635832565,0.013334026809926578,0.0022632445109050697,0.02797758492537452,0.6554361163982236
43,0.011165010054412814,0.18699983296577125,0.02679125267146607,0.2108686894576595,0.03256446256405184,0.06296338522975423,0.023739107621581688,0.005098831147195682,0.008318726593914588,0.4314907016941927
44,0.17432576749347542,0.003716884677300305,0.014559930977438943,0.014411998693490299,0.0013162535219331658,0.002184931184790233,0.0023772035559895396,0.0006342759110361281,0.12986321475581977,0.6566095392287267
45,0.11985926996647012,0.005143556258681926,0.0022569974762979253,0.029409593437393532,0.00104249843898246,0.0019628972082025072,0.0033319327375964727,0.011366529069215184,0.3790976909292102,0.4465290344779495
46,0.11371728118622006,0.006818266526530213,0.02775505255921725,0.026058879825422064,0.00417502978854266,0.009444364158590682,0.006215482990622626,0.019491573469796426,0.3077570617625654,0.4785670077324929
47,0.2672028486061468,0.013939331265201175,0.02742108278710439,0.013906901374200517,0.005588806206256905,0.003315630248131254,0.004624592162791667,0.0012472840997788958,0.09317937381889815,0.5695741494314901
48,0.010424521684723485,0.00195557895212262,0.026737094537222693,0.006697116009964163,0.0004788535951183359,0.0018438207524231912,0.0015996429259651085,0.0025315106023970995,0.22086756617687778,0.7268642947631853
49,0.01515139225370894,0.0509470649770083,0.005013101339013115,0.0215902091725318,0.004603688682361109,0.06213779500067695,0.05156037689375773,0.003834975010676077,0.011365247327639074,0.7737961493426263
50,0.026574734754636297,0.1136633453323346,0.03217734702669615,0.11163471411285586,0.22502433901108332,0.01369797882419148,0.02754558009921044,0.0051313835082300524,0.03209642993260816,0.41245414739815334
51,0.37186403826024295,0.002166768016931644,0.010856387039383741,0.007102817624661942,0.0008170210822549484,0.0016851798376336835,0.0012799948104711793,0.0005762248908723061,0.13477183852832422,0.46887972990922355
52,0.07643681414214108,0.020547544915939266,0.010167925891459768,0.017920390542695213,0.009348701183870031,0.003024767795320073,0.013128417848220969,0.0187380618768135,0.3405936493243835,0.49009372647915667
53,0.10224814399193248,0.006000896531276109,0.014392380983096321,0.007425794526553048,0.002101460077925862,0.002259760972109278,0.0026804821641817794,0.0007690150616523395,0.03878551577322138,0.8233365499180513
54,0.4176311480179716,0.001396110353176053,0.004952178174065798,0.0044350682962997845,0.0008847425272495327,0.0023578509436472505,0.0016379199379453033,0.0023453939867675256,0.06924279735716368,0.49511679040571344
55,0.685866079803847,0.0008499817120761263,0.0027898718189978957,0.004550414224549431,0.00043182651825838343,0.0014730682791095238,0.0009331739629606652,0.002569004941597173,0.09343153414449022,0.20710504459411355
56,0.059239088933796154,0.0011757593046388124,0.008872033536266978,0.00422857738808483,0.00035675482705063184,0.0009022713990807888,0.0005123470230033288,0.0004534750598386579,0.128338373101321,0.7959213194269189
57,0.010364121894863045,0.0028839188492012875,0.04695823527977818,0.012524281689055276,0.000597087417623467,0.0028292704120681847,0.0019973521348802064,0.003107711856376162,0.3374528340237242,0.5812851864424301
58,0.4505423462291927,0.0029916394518324477,0.006542027399717299,0.012301718670529146,0.0011097811434504778,0.0019689640296223685,0.002134762150915539,0.001056183002779934,0.08897930550798307,0.4323732724139773
59,0.030551005423677294,0.1582753724956005,0.05923833538283764,0.02623599956615818,0.19091368370204123,0.012764803054208115,0.031845320017251245,0.0038985946809514008,0.07066298644192413,0.4156138992353497
60,0.008931799991266549,0.047434157354614245,0.006709190947714895,0.012697728195197445,0.00459373010496921,0.048300365322885966,0.008695961234535482,0.001999227039552867,0.005911533717748913,0.8547263060915139
61,0.08084968775076103,0.0833925196403216,0.044504854435329685,0.024446110440155353,0.0906960992947486,0.005715113047854619,0.020770490111370242,0.002790058677479086,0.021584267946375097,0.6252507986556047
62,0.1345000038977704,0.011207371747855927,0.01720759011849801,0.014414839973327803,0.005454729979235614,0.003088147463802087,0.003874187763998175,0.0007465116434603888,0.05232205271846162,0.7571845646935901
63,0.029846265999390116,0.028845335600538962,0.006003975350482026,0.11933257907973786,0.005613685825399588,0.012556231418028108,0.016824299976508552,0.00502847576695003,0.09939543575963275,0.6765537152233321
64,0.009479759909038349,0.07657034663300862,0.3903986724897064,0.0195905101363091,0.02507303360114239,0.007445301600711568,0.014208177678722086,0.003668072784207826,0.02231179441737464,0.4312543307497792
65,0.01152875829811808,0.000783594081431072,0.014463840300298441,0.005082561103981779,0.00020627532475898767,0.0024034721385690727,0.0005795049777416957,0.005841289751805661,0.539706913023248,0.41940379100004743
66,0.01452174501092035,0.2548415185383335,0.11447031327755915,0.0892238054002415,0.062100228644396155,0.014470508605130236,0.17884117630493312,0.008562647632089186,0.04033982650718067,0.22262823007921653
67,0.17184036398543948,0.009941886588019202,0.01626791705183891,0.018306758824245123,0.005967790089978174,0.0033567430411773395,0.003503377967813862,0.0018441010411822856,0.36792853944690296,0.401042521963403
68,0.06422273287495565,0.14289190818475428,0.023387745571015996,0.04529973189656755,0.03171019794559522,0.01428419005295433,0.03934439070427231,0.005655596256086708,0.0640935369976755,0.5691099695161216
69,0.35234930410525583,0.011206278214947036,0.014172113424215581,0.03205921659898204,0.007082437924115686,0.021570493341221395,0.03008310809783131,0.03545909873538082,0.1354871847778975,0.3605307647801526
70,0.057819236776746746,0.022272149997482154,0.008467203354570473,0.019817560565659472,0.010537022378889817,0.002856630861233613,0.014759018555772233,0.0077160814933495735,0.5489455096847143,0.3068095863315816
71,0.2622397543242819,0.011150834748217557,0.01399173196142113,0.023465113473792557,0.006963258868896811,0.007097219512208699,0.009935870203183244,0.04507781999650146,0.3677806048409711,0.25229779207052555
72,0.018605978767451927,0.17752130359845622,0.04242787859903614,0.04877829488509438,0.31728641152804266,0.03371100019241709,0.2563880069787313,0.008779230993070411,0.019083853460098416,0.07741804099760112
73,0.028432278047106317,0.06104834949052872,0.10809959903152382,0.16580764564513126,0.012486875278378388,0.005448728917126861,0.02876869498889036,0.008537003351142226,0.13526880323376206,0.4461020220164098
74,0.018572289788998254,0.0025607573784199983,0.031209109290168194,0.0070883606952265935,0.0008482580233971572,0.0023443990181147316,0.002584863001668328,0.003696582269463174,0.15758678968824788,0.7735085908462959
75,0.011761460071243275,0.3813386697116752,0.012176320991354293,0.10580002619087728,0.04210848381358445,0.2049492484006879,0.10503841866022795,0.006627009409745495,0.012330085220067595,0.1178702775305367
76,0.13507656474621707,0.020234995074118644,0.03233004954456191,0.016888487853455484,0.010222305476508013,0.003406100223456084,0.004958321772636748,0.001136286921137173,0.09654466681321809,0.6792022215746907
77,0.00747742372706776,0.03486129787236455,0.0035837678068144116,0.02213176339065486,0.002617258264693639,0.1594963007593272,0.011228151122740766,0.001810940418335012,0.0018831037794061322,0.7549099928585957
78,0.15461384457156724,0.0015792054055564658,0.003980497458830874,0.01387554108072997,0.0006100721293211057,0.0010123005710121519,0.0007968185922187271,0.004992888864608947,0.17083066528524563,0.6477081660409091
79,0.0033601691274388478,0.027461696270987285,0.6063777056907219,0.007287486364627962,0.004160737533518934,0.0038260059139625584,0.00968912640626558,0.005448548145358499,0.015439465376719507,0.31694905917039873
80,0.2152082964168465,0.004905593258289,0.013133179583903809,0.01420575517704212,0.0021300497561190686,0.0022662958963954407,0.0022745972661241216,0.0005963977345381789,0.07635434957466224,0.6689254853360793
81,0.2357920513763112,0.0016041855568316255,0.007359311202133417,0.003524876945660381,0.0009482823856501852,0.001434697825726845,0.0013098767430943681,0.004914292799290999,0.22692388432526223,0.5161885408400387
82,0.24634951153182694,0.002959102087322483,0.0057943744818386485,0.004087685777690947,0.001669131860723518,0.001184695102880054,0.0008278034037158358,0.0007515000695273108,0.11231352114190549,0.6240626745425685
83,0.5039694644945999,0.008887205596851694,0.008660269403642314,0.012351822326955225,0.003181792080980887,0.0028147991607509765,0.004988859635745075,0.002571898112627863,0.06719786060253093,0.3853760285853146
84,0.013256662510777931,0.36617104542984374,0.020733416259745518,0.04973252256648973,0.07119509277816097,0.09777651253754846,0.2514475201652676,0.0041482622607918965,0.009759080479617202,0.11577988501175683
85,0.01125425637791077,0.11226093038770546,0.011737248931196893,0.015575579486360616,0.005655165823831964,0.014373770338047405,0.7714673507861943,0.010562362764060937,0.011299376245199106,0.03581395885949234
86,0.13753016889087932,0.01159658468461306,0.028663656039852787,0.014881511891627909,0.004939846706717987,0.002598502462272155,0.003211334287805666,0.0007866602599874931,0.07182387862143073,0.7239678561548132
87,0.0033965618920605047,0.08540452673084763,0.037252726674916685,0.02148889865508434,0.006364489820574787,0.0821810999432904,0.13350753172312768,0.004076227849523534,0.009386284514018281,0.6169416521965564
88,0.35236367386567496,0.004670965303390929,0.0054407152327306954,0.006857477871909918,0.0028894079336844033,0.002398814804763297,0.0027703665385650214,0.004567708197058391,0.23981859286210264,0.3782222773901199
89,0.01253057317933134,0.08588705523521281,0.5873189131986027,0.01798470655241865,0.01656233069426027,0.007611958610777787,0.0762761510419061,0.01822721361150245,0.02885040455065833,0.1487506933253292
90,0.18155298490284702,0.012736984451593531,0.01686965269587448,0.018568421185189164,0.006198094516973978,0.014679411364385442,0.03171023976744196,0.04494365251724905,0.17752328979960583,0.4952172687988393
91,0.14218023554591347,0.01182161387629156,0.01802509104957163,0.02366160879707759,0.004708792736954246,0.0025429626804433945,0.005019227547312468,0.0012005839232119486,0.11417472355809939,0.6766651602851235
92,0.015892785136801924,0.14033724263654926,0.20633852050369828,0.06779247331892718,0.03500149487686229,0.028665426799296706,0.33033926262731883,0.018578616934379778,0.01683955667057325,0.1402146204955925
93,0.09629947362040289,0.07151914152576976,0.05649218640657994,0.020035749715981405,0.05464852780087394,0.005036408191613794,0.011538034922207972,0.0022627239032116378,0.08348315990054112,0.5986845940128174
94,0.025125059766352563,0.1821602548815652,0.07158887791761917,0.06913655410989411,0.06994611846836583,0.013217086309427683,0.05422082592147062,0.007380073511514985,0.13025266821055925,0.37697248090322993
95,0.029859851997369798,0.07516154838413942,0.027714401730277446,0.07563650529210607,0.03390938867636476,0.006209688984071883,0.015937475738036982,0.0056019021776254905,0.1472755623907298,0.5826936746292789
96,0.006118219466636481,0.39604498020949996,0.02596636581659473,0.05243265803470962,0.028416996448507183,0.06548990064623975,0.3318047413920167,0.005899473307247495,0.008670087241365997,0.07915657743718216
97,0.16195785096960713,0.0027258445186791993,0.01263990237467838,0.01388392477781238,0.0011170211476683577,0.0023232564990184786,0.0015683472855443114,0.0006226428089175026,0.12514079567606312,0.6780204139420113
98,0.37975324706928076,0.005226005120820498,0.005073936465465527,0.013347104245195498,0.0033149776633286023,0.006812007454938325,0.012315763645815325,0.039998009939559834,0.18040555064655453,0.3537533977490411
99,0.2306923748309353,0.0021594853033989592,0.006845523372949673,0.006193153142872205,0.0017295449106162902,0.002912880018415371,0.002688859230781791,0.03360231859324765,0.37866878840124607,0.33450707219553694
100,0.015199813827855221,0.0016516934116134075,0.01609929332558935,0.005890140747720724,0.0006516199627832289,0.001955053828798531,0.001596629679195201,0.0018764774744053161,0.06976857669449672,0.8853107010475422
101,0.01721236880126632,0.09076058154074768,0.033386445257922455,0.03773835080518741,0.5113308532484776,0.03530768375218481,0.07660549325369416,0.007684145125384474,0.018425338891027432,0.17154873932410822
102,0.0055919966535901856,0.0012177176921595832,0.006314902379132934,0.02498666488421368,0.0003297456666519326,0.0014891190508703415,0.0006630558023049515,0.0017649458149775004,0.2256300528173885,0.7320117992387098
103,0.19975544377019516,0.00856946948525672,0.019872115364983074,0.013478680715551444,0.0036331611022133044,0.0025765058434578116,0.0033697769976062603,0.0009743584348229572,0.08965454243858252,0.6581159458473309
104,0.26175473748341854,0.011941239813520493,0.01079675609059421,0.017624075159097245,0.006210420791309973,0.005497654565517348,0.009408842943168898,0.014648754708491618,0.20148642989471802,0.4606310885501638
105,0.00456714064695949,0.08590446714276012,0.5553489889624735,0.014663602292403414,0.013884532194985404,0.01280861259789822,0.028881755974121917,0.004568823135644063,0.009689371460019462,0.2696827055927344
106,0.09584550286122134,0.0470756900076869,0.027441525295298846,0.026399163540535453,0.0307638461099806,0.004253649678274316,0.009794581928679038,0.0019069078368616095,0.09294510781079444,0.663574024930668
107,0.1395469298574766,0.020090679842261174,0.018908621899309933,0.02144742460245656,0.010635672666027959,0.007142525246709405,0.02004239402527333,0.07904946460874494,0.2958242526301761,0.38731203462156405
108,0.04388998533260695,0.010650267747907095,0.011904717847841717,0.14828600473057632,0.002730270226303667,0.009883405516241332,0.010129702417863455,0.01137525025296883,0.21203030675072962,0.5391200891769611
109,0.48504830067915894,0.019169024360218414,0.0321141020060943,0.021312209774735663,0.016734495891448677,0.03286525456000545,0.06115462320425895,0.22660418160077578,0.048857017137837314,0.05614079078546677
110,0.004650549620992697,0.08361914789584834,0.13750641305628136,0.047747676728034254,0.005782537166948683,0.008467410728184606,0.014942135383351636,0.0033528764974208422,0.023582966501153636,0.6703482864217842
111,0.033866736965796944,0.11017767463506199,0.07460831439718062,0.04482688486937211,0.025131524980857033,0.07842122755771523,0.04620492941538414,0.00871678882417285,0.02528421615660169,0.5527617021978569
112,0.010553534586812068,0.07152954032905018,0.04629790911794882,0.08390880425610331,0.5609521628909796,0.0197322880219707,0.07619952335097926,0.00661432740198928,0.012453670669428592,0.11175823937473792
113,0.02315160356948097,0.004173000879198065,0.003649250528314597,0.006046584833316843,0.001090401192402243,0.003913888235722446,0.0028085871586912307,0.020009771708576894,0.025146071938863312,0.9100108399554336
114,0.017900443716591306,0.035587250893378206,0.038020044006178116,0.013470583425433466,0.015150463742966807,0.0026550462462222933,0.01711450472776383,0.018088841243865176,0.2193323529928693,0.6226804690047316
115,0.048668903650794564,0.06336341526230012,0.03518628714965744,0.21492140442620772,0.029964378259674497,0.013877458833295556,0.026308064877602937,0.024083028366646813,0.3145543320139148,0.22907272715990543
116,0.03433769992098601,0.004472416685145804,0.005435847844520577,0.008368814724829525,0.0014937218179082866,0.005622396120425682,0.003924540527473997,0.025746058736900026,0.038524469622018734,0.8720740339997919
117,0.015026321324542286,0.11041339974921986,0.13176929075721652,0.25200194167166656,0.016298484502633683,0.04290112634855818,0.04334005121590675,0.012229421820623792,0.047130778865144864,0.3288891837444866
118,0.36175694719026813,0.012297703359164884,0.014565280960216335,0.020573869350763614,0.004008966511877997,0.002843902265228782,0.0038481815444089858,0.0026085692747353606,0.1313152322822164,0.4461813472611198
119,0.5989904492151115,0.008168077645343238,0.005629565221516917,0.008874352006265062,0.004007880352122715,0.003083324439128604,0.004138604214220971,0.0044516669277720605,0.0538156787904245,0.30884040118809447
120,0.011388609672407434,0.07127114027671913,0.051536406503995914,0.11347508696030244,0.5410823388113231,0.01506795647376052,0.06779124642746004,0.006718436857462515,0.013895422901009747,0.10777335511555881
121,0.17293695424549543,0.0051606669498298246,0.015836466944952627,0.015583658063648831,0.0022405788422809715,0.0029010140149944323,0.002586491183712185,0.0007270496414120002,0.07294662593189957,0.709080494181774
122,0.016033363076120584,0.02475214803761001,0.010231917250368167,0.18828189882782118,0.0048989536634868125,0.0520364536682761,0.01726512900736577,0.007887471648901303,0.047651926831741444,0.6309607379883082
123,0.18740214145906622,0.030457149784084404,0.03408750338156077,0.01490487227972046,0.018563591969957677,0.0037902981000243834,0.0066021698418449876,0.0013620324847768278,0.06657621750256182,0.6362540231964025
124,0.01189082851644622,0.0005235425368929302,0.00904293668261193,0.0066289567391371405,0.00018326203067872194,0.002150615717608189,0.00039668711009778457,0.008556484907929181,0.670646350797063,0.2899803349615349
125,0.0020545283699330515,0.012574642497954832,0.0016189959631567215,0.028829266521440265,0.0007549116301015069,0.027168122100340586,0.0027133013165194213,0.0007823833938842642,0.0019151342976495493,0.9215887139090201
126,0.38517521423501966,0.016852805345781666,0.011853152719020897,0.017030856111805145,0.005295511646258582,0.0041513628015300485,0.01070440784309438,0.015305669106194202,0.18974867779453977,0.3438823423967557
127,0.022617177174154065,0.039439849361251986,0.05849263614824749,0.196282570784862,0.009713120097398774,0.004750230956169194,0.00796124403042104,0.009367010165288975,0.18179346646735467,0.46958269481485193
128,0.01027432106538132,0.0031287678671141706,0.0379844219572722,0.011123137822833471,0.0007623100916349633,0.0029220191094049795,0.0022299127947322463,0.0015357237331383358,0.2581514710566275,0.671887914501861
129,0.03258722559130608,0.03578987280741652,0.014311279070523007,0.3827669894602817,0.005424358234688569,0.03089917520849278,0.020736778790752104,0.010997442163780773,0.04891561558741458,0.41757126308534387
130,0.07641769289621546,0.0037469543546396773,0.011877621591044987,0.005732960385307555,0.0010246948897121215,0.0012667362138819457,0.0016985400947399508,0.0009990023673976042,0.022689280079839797,0.8745465171272208
131,0.005762425222749463,0.003075746439424777,0.0019004542479338453,0.009133109276958198,0.00037636258416855065,0.0033561563569258256,0.001371021091723328,0.002573113122531534,0.02104687959395887,0.9514047320636249
132,0.004659115405591896,0.06033037187798692,0.3056517663567556,0.02244691310502395,0.006461904346239838,0.007369216930982694,0.008903388931470704,0.002762154682971725,0.02215949219622623,0.5592556761667502
133,0.20561859075022398,0.008428733904448732,0.01337396578238629,0.016670513297395665,0.006117500290618516,0.0066141454190873925,0.008928755208438117,0.059435957626591845,0.3338353651597995,0.3409764725610102
134,0.030675415790313777,0.12298722560506482,0.01807001464546635,0.11303025748665561,0.018624104548283844,0.016644150041268915,0.05645533163974584,0.003145482471651866,0.006557576614258758,0.6138104411572898
135,0.0102330726490509,0.0037659446878825728,0.002743908894050584,0.00915267400231722,0.0006390620276662864,0.004073488058433756,0.002009209278040383,0.006074575649785742,0.029901121083923322,0.931406943668849
136,0.005986689596635302,0.010262274965990383,0.4237849513692722,0.017241488302306658,0.0023946174385363977,0.0022552214427797074,0.004977258070972919,0.012182506409176924,0.06553399731089797,0.4553809950934317
137,0.013252556047178775,0.003698394784041311,0.002762090166159478,0.005390331861729228,0.0006966162088026081,0.0029655479485818934,0.0019334744031585303,0.012799706813018442,0.020058749940243828,0.9364425318270864
138,0.008436642703434031,0.005399424991737467,0.5922524182250366,0.021928862494421594,0.0024945744830164587,0.003635395323362073,0.003083976002092945,0.02880745293541807,0.09998995177110309,0.2339713010703775
139,0.01433631055415727,0.11558733083841904,0.05310015013443015,0.06394145095703631,0.06496645984526235,0.0075088900110093755,0.03135245574119251,0.004255401769419295,0.3305744494177994,0.3143771007312751
140,0.0014243394164190322,0.002137778939359022,0.000890745304340495,0.004740052616407134,8.165194892997685e-05,0.0010097329451268853,0.0004854530890697122,0.0010874365146509722,0.002433332553661594,0.9857094766720357
141,0.0023975581433072894,0.010075653025258478,0.0011943272633125996,0.01116802207643687,0.0007037895477156533,0.041184397411471105,0.0017272434345788133,0.0006524330812516877,0.001637832723013138,0.929258743293655
142,0.0007627412201093256,0.003409237042916105,0.0006147708931317781,0.011715353557733505,9.810673594627018e-05,0.003103026636322559,0.0010227550201423235,0.0004019380546089375,0.0007232132098316207,0.9781488576292576
143,0.08390783520121228,0.005913747099825114,0.01908507351818222,0.013250900171598513,0.0017439621024533743,0.00182824482364671,0.0033082770513664255,0.0016916958436917992,0.20365626302727247,0.6656140011607506
144,0.36264243680628555,0.007335527496474466,0.016714945094374423,0.01176705198973395,0.0034052781696751588,0.0031196713778335167,0.003233440513492589,0.0008845902878859838,0.054499590964724585,0.53639746729952
145,0.014197347092141882,0.1689350996503873,0.16495384788243808,0.07263108524814682,0.185223192119615,0.024658203788018855,0.22300743702250744,0.008313062954706915,0.011679340487541013,0.12640138375449697
146,0.2752443336682231,0.011502452394779686,0.007078193188606834,0.006959852900217746,0.005665406147405335,0.0018248049003188652,0.0030370058437140975,0.0025244104321938796,0.12182642994909826,0.5643371105754424
147,0.016420455101145107,0.10023923295313203,0.06951916435668751,0.1489075327242332,0.29761946755948704,0.014580470380601625,0.060704240759750734,0.006151316108882899,0.021471059359436325,0.2643870606966433
148,0.004927269098085084,0.0016510259350205568,0.018039435595466363,0.019055526645426233,0.00041418890153358207,0.0021534488883241175,0.001155568233807115,0.0016727477092623227,0.2670064779475536,0.6839243110455208
149,0.0009943472330231722,0.002969129885104633,0.000710574950243922,0.012311879652641314,9.176336607307594e-05,0.0027112624239931426,0.0009973187287860594,0.00044416352075878014,0.0007690178719178588,0.9780005423674581
150,0.1263851128873822,0.0034554313553494323,0.010297956503468177,0.005031291716393986,0.002146172791165143,0.0021509398812129678,0.0024801744789304794,0.013855409512688285,0.3331821795454208,0.501015331327988
151,0.304031552734616,0.0014582026879946027,0.004078021975296896,0.004686172232561374,0.0009383325621493864,0.001146519870074535,0.0007813147099152058,0.0013651121404509195,0.15778446760610354,0.5237303034808378
152,0.16622478758892514,0.0015487174065005542,0.008349575298082914,0.0026798944990619787,0.00068798077716222,0.0010014357138404602,0.0007260277821933034,0.0012954029796194255,0.19475642733563028,0.6227297506189838
153,0.004518826254279317,0.07707378580241374,0.5115266794782386,0.022831925332463428,0.016520259829059268,0.01480568877481896,0.042529973153952065,0.00268133983592641,0.0031556659266542787,0.3043558556121937
154,0.013644386726897204,0.01589601956271817,0.07958831154106902,0.013220430315039292,0.00453262319464736,0.004208741579851771,0.007639048575728383,0.02623185251822675,0.09813588899509744,0.7369026969907243
155,0.022919272201972114,0.0012635784467805776,0.004742014795737167,0.014605026790733115,0.0004707367386359174,0.0007182590384327998,0.0007613455983711223,0.00196215346920367,0.16195109434630134,0.790606518573832
156,0.012685280366773554,0.011334738572258902,0.0038534437452439666,0.02826634759489714,0.0015691178305929838,0.004075960580654753,0.01576299725365111,0.004044279783288942,0.007682789754140688,0.9107250445184981
157,0.03076725641859586,0.09647366999123205,0.05972093484461872,0.0463385304555446,0.023107544897588667,0.06740672184618188,0.026531402972600444,0.007754914741159276,0.02474140171933407,0.6171576221131445
158,0.010178862323612719,0.068091612728463,0.15586300321259325,0.029249419952371104,0.010753525431957468,0.059546648451191474,0.07953654788879959,0.004681781333799002,0.01246265772711365,0.5696359409500985
159,0.10445846730721456,0.002528816920168657,0.009476619769633005,0.006810098172699993,0.0022720100262384503,0.003297041704636136,0.0029501861920702257,0.10174028999898384,0.48165611404912034,0.28481035585923514
160,0.0035656249601439096,0.010273692145440248,0.6007643077284172,0.0073379340163072645,0.00231175672872626,0.002494665619370419,0.003094555065666301,0.011632213538021375,0.02987958525102181,0.3286456649468857
161,0.41783070567197084,0.02783571175336938,0.020098315714916274,0.021669504179496087,0.014059510036783582,0.010732095136059168,0.02561059774630901,0.16051843453693174,0.16613968415053867,0.13550544107362525
162,0.020577726965482317,0.14242116686082543,0.043539179043355816,0.04581439666864023,0.3531487508401004,0.03334606423494875,0.0971298364641289,0.0078516068710184,0.041339773597291955,0.2148314984542083
163,0.2401421985330136,0.0415987405559209,0.02095501008284506,0.013672474998544638,0.01932104831243776,0.004040689113208301,0.009593732439208474,0.002746905360690598,0.1289657734328645,0.5189634271712668
164,0.0031696941702422177,0.09337671411732895,0.004552430615744658,0.011679457434927444,0.004303157793634924,0.5637434321339136,0.02859418949713668,0.0031166704595926432,0.0019304425911968043,0.28553381118628235
165,0.0013464892596577055,0.0021264137306318113,0.0007786640399725517,0.005576423043489847,6.920555251634866e-05,0.0013486775047831822,0.0004913305403496114,0.0007032078145554179,0.003820224600620659,0.9837393639134229
166,0.01824878513849426,0.021955495363692214,0.006829847604264617,0.013084269428467212,0.005706712315254808,0.11516075877663592,0.03680734745643827,0.006589173288805635,0.03637184103031368,0.7392457695976331
167,0.10690339772426259,0.014279004300369885,0.017456105947601643,0.02261432429825092,0.010420696025154783,0.037943939809357424,0.021944343723597062,0.008428161785117023,0.10447267976353265,0.6555373466227559
168,0.016836732433720244,0.0022635997320202043,0.011269200295485008,0.011166554329059419,0.0008381919963496539,0.0019052463689432644,0.001443914728204686,0.0008151052368180412,0.061589218575556146,0.8918722363038427
169,0.15384255121250703,0.010844584151614557,0.015032516099699746,0.020539523490573516,0.004781897104843557,0.0027245829191455484,0.003945659805653824,0.0008880403864392012,0.09864111864495137,0.6887595261845721
170,0.16738719669400726,0.00255533702875488,0.012154486319618884,0.012026532289625807,0.0010051945747458783,0.002165459368624228,0.0016172757014279214,0.0005651198632285354,0.12768623057647124,0.6728371675834952
171,0.01755620092245108,0.04235694736781192,0.42710628260020606,0.02828343684831878,0.012718202078871452,0.004740738148851327,0.016054411538638787,0.014446207567939896,0.11505556934414735,0.32168200358276333
172,0.014061389495287109,0.003780220636113226,0.060736440045044776,0.012776510523231081,0.0007620995685235085,0.0025376597291004127,0.001679677521771078,0.0012319022450908781,0.26346751683769093,0.6389665833981469
173,0.1137119525526263,0.008111285599592368,0.01750908515869322,0.018895934748522514,0.003067216155307515,0.002262455340126864,0.003059321243282803,0.014198354788504803,0.22095798493192345,0.5982264094814201
174,0.022051767676534807,0.11894288493510205,0.03663591034637611,0.03671689003910416,0.11194369199951879,0.004800868096092129,0.01763292156470252,0.004163866716429933,0.1140828112255103,0.5330283874006292
175,0.0121484953317327,0.27733290401047594,0.017403019942406287,0.13644747516904107,0.10173522925300438,0.16394762635702997,0.2234188234153484,0.009317326124407305,0.01209598752905097,0.046153112867503135
176,0.12795734090089825,0.030340644588497223,0.007474401542470758,0.0153883050463013,0.007461609648911879,0.0032416746491921947,0.009431844352962623,0.009085626287638449,0.2807514200864664,0.5088671328966607
177,0.005749504085387047,0.1125567483002246,0.0739787279917401,0.11324497484680553,0.012087036574260421,0.01835477217380529,0.013933673072101907,0.002658323998959141,0.013898124849319954,0.6335381141073958
178,0.0004994338986811436,0.0016927011751355374,0.00025002182729119747,0.007527395648873253,4.80635912545502e-05,0.00244071682314361,0.0004342830384516163,0.00020350866428480786,0.0009279363017988102,0.9859759390310855
179,0.3038736691320955,0.004811479277666106,0.013351055658991513,0.007365965490395354,0.0017730720702824857,0.0025829782307719555,0.0032579146064049495,0.0021598347936987775,0.07682602017192594,0.5839980105677677
180,0.01089716940566357,0.0038014349453781987,0.002819428018767512,0.010554400257037634,0.0007147995026725174,0.0046365437046038014,0.0022184711747022016,0.005220695278443592,0.033474654318345655,0.9256624033943858
181,0.08038051605731528,0.001339505127616975,0.008634402678460584,0.004868314831075913,0.00048194593570440866,0.0011206152684429143,0.0007671913190490838,0.0007602719085327784,0.1620391338652878,0.739608103008514
182,0.025119361606970318,0.0390772490289605,0.019195175031054522,0.6734769262238486,0.005976652624257232,0.014769848864020751,0.00962268134112506,0.016963834197465128,0.07682143666606106,0.11897683441623691
183,0.0370739337454318,0.02008270808180535,0.02142719666431125,0.011973450230325332,0.009207859948889138,0.005257988389950905,0.02848170196333998,0.126401366693046,0.13502117226916358,0.6050726220137371
184,0.006280130722073494,0.09868985447678606,0.25207799223310656,0.026458653929789293,0.009750521639457705,0.00769533827829303,0.022790705016765785,0.003164083092757797,0.010460260445708011,0.5626324601652622
185,0.15517462437482632,0.005231450667975388,0.0063734647855772115,0.011092772749845147,0.00355001581270447,0.004075606125138706,0.006278926516416109,0.10891402612855293,0.37138716510537406,0.3279219477335898
186,0.2516378026322511,0.011731802727326058,0.026908006221751088,0.011996603603056495,0.004361057997367495,0.003107452598329463,0.004398161930509804,0.0012872684579802087,0.08939176600445352,0.595180077826975
187,0.02923948604869163,0.0017115849046913884,0.005295149510600957,0.002639752227597687,0.0006067130223632616,0.0007397193125206427,0.0005694781774951398,0.002370338901741059,0.22956368768707436,0.7272640902072237
188,0.03849938302764882,0.1900387024858342,0.01612678703900469,0.07249593345555287,0.05391956932258579,0.018061077280169587,0.35720193383241683,0.011977820530778116,0.06204778914943778,0.17963100387657105
189,0.22580526871743375,0.002927242324374411,0.014532560830976898,0.009409391490930842,0.0009553104726609508,0.0016503927860794664,0.0016788639831940445,0.0006321206332248531,0.12991932894551986,0.6124895198156054
