,proba_0,proba_1,proba_2,proba_3,proba_4,proba_5,proba_6,proba_7,proba_8,proba_9
0,0.26030485680423143,0.006511397060311684,5.91552352889265e-05,0.0038577994447642145,7.081191301538226e-05,4.8135276058471415e-08,4.535063277151153e-06,4.1831306018416156e-12,0.0648079696304641,0.6643834267091879
1,0.13143599781372048,0.009844222506264485,3.0157448738797486e-05,0.0023011001727483047,5.0385705771931504e-05,5.0947216397274085e-08,2.643207712715636e-07,6.90966308251934e-14,0.019970821034455757,0.8363670000502436
2,0.015471324580366493,0.0007179314130539476,0.00446360735661261,0.0002276253798322612,5.164907915700314e-08,4.74990419732686e-13,3.15327097774961e-06,5.540168721918445e-07,0.2706265539401863,0.7084891983925442
3,0.6511364199212805,0.003885778910681102,1.2296826849135044e-05,0.007848932111718741,2.0835948752711075e-05,6.455956730827264e-09,0.0033157464248866194,2.875322314503692e-05,0.1748052897942854,0.15894594038244392
4,0.041675078591884865,0.0009116947888854094,0.001968927044209416,8.542956140961866e-05,8.523289924684214e-08,6.361730129696757e-12,0.00011102578509477907,0.3046754357464368,0.18041070629903885,0.4701616169437793
5,0.0003086725666968509,0.14657684448407038,0.16106114408768685,0.03001021926822988,0.4325506659487799,2.1525481296615e-07,2.407253836042872e-10,8.888761320403125e-16,0.0030315309026919604,0.22646070724630507
6,0.5549002537589893,0.002247829536509484,8.446987397259518e-07,0.0006521976454888574,1.2193059608266742e-06,1.4519711853352658e-07,0.000695719169716994,5.347767672556781e-11,0.05039644200419513,0.39110534862980334
7,0.013014286862746352,0.0021845030374933808,0.0659237954798233,5.9241561249727206e-05,3.5996611157896e-05,3.943672878596682e-08,4.380068421091466e-05,4.811691885781265e-08,0.06913836664132299,0.8495999215683478
8,1.032460084446301e-06,0.005008017038294352,0.00010981153745573688,0.0016266201239464853,4.940663327186634e-13,0.0002650069111018012,0.0009300997071881001,9.843940054477984e-12,0.07740294763188464,0.9146564645797064
9,0.03428178502490641,0.003498937819952697,0.00029467412814837297,0.4770444853336095,3.4789166609867726e-07,8.823061400754473e-09,3.527177272895086e-05,1.2370140787099791e-11,0.34599792919634054,0.13884655999721596
10,2.5988672322690595e-05,0.0001225418229300107,0.02107424041546402,1.9956086440505658e-06,5.0749378540064804e-05,0.0001263559009795588,0.00010204919731437386,4.925624670206426e-12,0.0012594492791227986,0.9772366297197569
11,0.004899360630528161,0.004022030217236025,4.88597229540097e-05,6.025976780793012e-05,6.628510396659075e-05,5.4677432867534115e-08,0.0023461009977896997,3.215432805673861e-07,0.10318589923135436,0.8853708281076498
12,0.30516532174812555,0.0007717169474004307,1.099989338357674e-05,0.00662811747311584,3.5302693335999706e-05,1.106601274368103e-09,2.8608995906471493e-06,1.8013141286826202e-09,0.2715467442243626,0.41583893321277
13,0.00034401512079138815,0.10860824026326642,0.0007486166552000484,3.2399858538692476e-05,0.14220178572146006,2.974387027009988e-07,0.00021437840310332783,1.47822027971113e-11,0.4166019314784494,0.3312483350457058
14,0.25597033314113704,0.0003311168519583509,1.7014395894170667e-05,0.00041913672656267555,2.313509003963766e-05,1.1439536021744286e-09,2.5616468418745155e-09,3.551672898644821e-10,0.01483867953653893,0.7284005801971015
15,0.00819701853358615,0.0004277491920365392,0.00012382462578751935,1.5654570037467168e-06,0.0002196317578020162,0.001087824869819242,0.07122582578178907,0.736631456114824,0.0058068243282724695,0.17627827933907933
16,0.00705352022601992,0.013200542617036624,0.01365239742217582,2.982838554909597e-05,5.667178873280882e-06,1.4491996713015117e-09,0.00405995458188705,0.6429454856055454,0.05519080785404488,0.2638617946796683
17,2.1442806692434168e-05,0.013043772892594816,0.0005657085208727262,0.00039604811826256345,0.611318766150893,7.90838113495123e-08,2.782243124478419e-09,2.3034600856621327e-14,0.0008510453914466537,0.37380313425316036
18,0.2970823686593543,0.05291779351433349,4.606958706861997e-05,0.0018358924649696194,3.3953635086049e-05,9.660170997970177e-08,0.0021343899025896675,2.2311008444202133e-08,0.14493579204241946,0.5010136212814603
19,4.069753260951278e-06,0.03742260973322939,4.520947183293582e-05,0.00015412551699479286,0.7624508971783044,0.001104752778915948,0.0006274681842407412,1.198823998519629e-12,0.0006561194421980315,0.19753474793982417
20,0.0029360318014152254,0.00519931226689518,0.09224710251221839,0.0002966421010307632,9.173271109823696e-07,2.3583901900009336e-11,0.0002165874045525497,0.541980528103098,0.30059172098678616,0.0565311574733088
21,0.0002974451641958356,0.00048466331435314505,0.0008063978152375117,3.2290385404728294e-06,0.0012282952223187282,0.030794687107064195,0.00615586668020129,2.1608293853109365e-11,0.0008123529124403154,0.9594170627240401
22,0.003228291521258576,0.010592333465866723,0.01976960234429749,0.006413476000737113,0.0004365826290717355,4.3896109577478303e-10,4.11486993612739e-06,6.487355164939982e-12,0.45598431160815506,0.5035712871152287
23,0.002950507560607517,0.012737721128856199,0.0006215014422299562,0.00010265966968232623,0.6008779261979,9.619107166525764e-08,7.561656680227687e-08,2.023124626728461e-13,0.0010151425207082932,0.3816943696721748
24,0.018007047463842484,0.005588207726274173,0.1191052753093576,0.00020817136523086665,0.0025331174223361913,0.0003954004662115782,0.00035414624131832086,4.97987407272045e-09,0.00043987629773527314,0.8533687527278194
25,0.11871478090198541,0.0052863105470820505,0.0038899361421027116,4.330056910646745e-05,1.7364438035596097e-06,2.380719700319519e-11,5.475098161191297e-06,2.0482715019069494e-07,0.08475598080913027,0.787302274637671
26,0.019748670581402224,0.002791455023775318,0.007331226522515388,0.0033472136488533265,6.774666337063708e-07,1.0652455863497834e-11,0.003665684878693361,0.37861593763796403,0.42055762911400435,0.16394150511550581
27,0.20401063813729325,0.0016180843655293946,0.02792049877419153,0.0008655171592042692,1.745309362354665e-07,3.1431226354082196e-13,0.00011349199830739708,0.009459049750592441,0.6561575106084367,0.09985503467519453
28,4.624099947714542e-05,0.0020227042336622963,0.00010293930169771031,7.79395752135139e-05,3.5524866338837273e-07,1.9104513931912586e-05,0.0009556338608840269,0.0019465330979736148,0.00019798532850231397,0.994630563839994
29,0.00018322989374222,0.00044159665467460266,0.00357668332075883,0.0047368226780685205,3.8256818409911937e-07,2.047754377646044e-05,1.700596484552946e-05,1.0672196252059298e-07,8.698356891628452e-06,0.9910149962970957
30,9.429934540526887e-07,0.15574102995939804,0.0005237989101736297,0.001940106502886625,0.775592795614605,0.002464409974805527,0.009633870059231817,5.7149732391345996e-11,0.0032819033790381148,0.050821142549257424
31,0.001245623847029147,0.05952612586757158,0.0008154156552896969,0.3826933401634957,2.2409772706470076e-05,4.350847258632263e-08,4.040841050861319e-07,1.348238957132225e-16,0.013543353505168026,0.5421532835961616
32,0.004402490059341694,0.2841625187363531,7.838358239746794e-08,0.03652198077794062,4.315549959950398e-08,6.191621069321311e-16,0.006555985754779337,1.217325809885728e-08,0.4953415506124788,0.17301534034676572
33,0.005687117760444119,0.0006233927168894459,0.00016396776185023055,0.004221640372026191,4.2144095826027216e-05,3.5306657342255667e-12,4.497171096716912e-09,4.788533090926501e-13,0.1504160493757193,0.8388456834160641
34,0.0008426034374924735,3.2453520193150107e-06,1.116911736673581e-07,0.001696671134265124,1.2407555907296982e-10,2.3750886995462584e-06,9.21151457515868e-05,4.814080989447179e-08,0.0767951080719675,0.9205677218137454
35,0.2023128754288691,0.0036161593378095333,2.8838831011987987e-06,0.009105178975193456,3.676684894923934e-05,1.0617809434481055e-08,1.3328929600203956e-05,6.275648470247792e-12,0.059086018201677776,0.7258267777707145
36,0.04580621192286906,0.013519763690297601,0.00039144109376786546,0.011500005092163585,1.117278857787405e-05,8.313239065098556e-11,0.000857936748104471,6.159719617854433e-06,0.4163945615548905,0.5115127473065787
37,0.006720238715644315,0.0012715109717944964,0.004468876920062197,8.614005563182877e-05,3.5620762067355073e-07,3.64827244914249e-13,2.5344260653333123e-07,7.92860391298096e-10,0.10436739438186605,0.8830852285115487
38,0.010249741409086428,0.004510905918340436,0.014096487989003455,7.369379703584035e-05,1.9391761981608315e-06,2.9801045435781675e-13,1.943803165635189e-07,3.4717283767579085e-10,0.26638246732241894,0.7046845696601293
39,0.019848353513655027,0.0008190113084829183,1.1084206088923133e-05,0.010773714086108742,0.0001714332175166817,2.854151347096647e-09,2.3794300154680946e-09,1.8870561170907535e-14,0.03827329425863431,0.9301031041759132
40,9.185517218046659e-06,0.20352399871580004,0.0008932449216140714,0.0015069386295059393,0.0061527266629682635,0.005588765245753129,0.652267741816145,2.578652960014235e-10,0.07785501749924738,0.05220238073388288
41,0.006504788351854008,0.009253262364959072,0.07160867111106559,0.007982668182495704,4.964254909368239e-05,1.6498124763640695e-10,9.337571278729926e-05,0.6108752700391541,0.22554232936900712,0.06808999215460201
42,0.015857838191905227,0.24360852083679152,0.17087770112074055,0.005112307923727404,0.0074830041470509015,5.418836512346056e-08,2.8512777322023024e-08,1.8082265926366217e-13,0.02704049731883867,0.5300200477596224
43,1.067767146744547e-08,0.03650008263459947,0.01464763634132082,0.0796029465493696,2.258894801889535e-06,1.354060716983004e-05,0.009306410677803861,5.1003344524848446e-12,0.0011133065589437933,0.858813807053219
44,0.02144872097869388,0.0005783947051962297,2.7879642348887065e-05,0.02236404130263207,0.00014349285870638898,1.9244942513780148e-10,7.875067510520168e-09,1.3968131367698762e-12,0.25686068864490796,0.6985767737986008
45,0.04529260679022003,0.0007094650963815357,1.0917788827150886e-05,0.3673556431770652,1.03576908109535e-06,8.90438407671455e-09,0.0013305089147659537,3.665210593445925e-05,0.3331877192496138,0.25207544220372674
46,0.004341528400519299,0.0003928186000786185,0.000793371451140315,0.001390932060969621,9.844558803936247e-11,4.434259003306522e-15,4.487775309015537e-06,0.0008404988043679695,0.3590972920391295,0.6331390707700357
47,0.5322811888888784,0.004484172838041474,1.475056463099237e-05,0.0039168746266702885,1.3520318611885597e-05,3.1406092974413156e-08,1.5371861209998025e-05,2.688985648604419e-12,0.05290549977348158,0.4063685897196935
48,0.030178929833969838,0.0058244806710416215,0.011132309640637297,4.962355611176683e-05,2.689507526883882e-06,9.066339451058208e-13,1.2109883875997682e-06,2.416636773297205e-09,0.1704076197556337,0.7824031336291479
49,1.778566974322296e-05,0.002281861127075593,2.4048567997795587e-08,0.009615161033085674,1.1028959742920782e-07,2.8360698758949282e-05,0.7369771994434003,3.645846642265103e-08,0.002567074233002541,0.2485123869983018
50,7.132854726591617e-05,0.0854280287903474,0.03703658805811836,0.005991496263222746,0.13053948952766523,5.4013721400497215e-06,5.4140678981032254e-08,1.1189438651249637e-13,0.006190237907413091,0.7347373753930363
51,0.1356552434240472,0.0004522120438838696,7.915303496349662e-06,0.004938986398304102,2.1250242875569853e-05,1.5518078255307674e-09,1.3259676762044108e-07,4.476238629899925e-11,0.13286853813619115,0.7260557202578639
52,0.34380295157325946,0.005347368131060627,5.762193296813886e-06,0.022629593735302357,4.355306339010498e-06,6.190165682424877e-08,0.0017520186557746457,2.800188497462424e-06,0.15833586595969432,0.4681192223551185
53,0.10744130528375057,0.015603798759653106,0.0007795591086989599,0.0004995403736455841,0.00039364580001904393,1.81810836763601e-08,1.5019057219484851e-06,1.4787826803878505e-11,0.20745413917444647,0.6678264913981928
54,0.0170590730624207,0.006925303819062472,0.00037072700524011255,7.2078477808045245e-06,6.65289172897733e-06,8.47192182548052e-09,0.033191521327750786,1.0568656884018948e-05,0.22529039501940112,0.7171385418978092
55,0.2173781544477262,0.0016589789728884388,9.306050818667336e-05,0.0003240120785569263,1.458832421497317e-06,2.321232604472102e-10,4.6395762415675385e-05,9.12809773283545e-07,0.18821136668875235,0.5922856596671556
56,0.010459041823896802,0.0005319715117604388,0.0001333816739660643,0.0017747389464871418,9.578171251170939e-06,3.839798724836312e-11,3.774784689801335e-08,9.739698174902235e-11,0.15370046143301538,0.8333907885559811
57,0.008876771198813365,0.004516452485921933,0.03556390533663449,1.9383078491499843e-05,5.784076812643095e-07,8.424681384386967e-14,1.489558921490886e-07,5.137457062011777e-10,0.30023254987751036,0.650790210145225
58,0.4183840282924435,0.0005051259425237183,5.604361120385504e-06,0.003758950411193139,8.822996696630591e-06,6.029195023999034e-10,5.565241961494247e-07,5.635424397609045e-10,0.1226462762210466,0.45469063408431803
59,0.0003134044349446403,0.20902336392182716,0.08354349110314366,0.0009076295276200381,0.5708584300218725,3.317736177266993e-06,9.514028189521875e-08,9.275065232300966e-13,0.005946421814300318,0.12940384629890517
60,1.864595698123165e-06,0.00024205389618589459,5.241202095870236e-08,0.021392639878608503,1.1901271969373398e-07,0.00011744067755854576,0.0010205239157446732,2.0901486217207485e-11,0.0001765994676964858,0.9770487061228657
61,0.0005787500496507851,0.050743041885128834,0.005007860778501146,0.017819559958295643,0.09136303073542412,4.529505910546417e-07,1.9170359952831206e-09,8.447080824399648e-13,0.00187595705834927,0.8326113446661785
62,0.010646076848403917,0.0012568001528064884,1.2715786164045448e-05,0.0069363486289378525,0.00029641922677171997,7.445711064121961e-09,2.4850356906657294e-09,1.1965958457819269e-14,0.019301564951129453,0.9615500644750278
63,0.004284174426160853,0.3502239096490627,1.1145427523632676e-07,0.049874338174258764,4.6059313853736346e-08,1.6553868233975408e-17,0.0006492280875676729,1.6024497976483157e-09,0.45368234654180367,0.14128584400510732
64,0.0009702489107825422,0.003661465335850418,0.5762501128548463,0.00144024776016357,4.006725597995073e-05,1.1081710776276216e-05,0.0004728562734772039,6.590562053470073e-11,0.00029335267381421057,0.41686056715840397
65,0.007945538460741338,0.001330408917471723,0.03444141751287228,6.47507844879714e-05,2.2795586742738745e-08,4.481947948888708e-14,3.4385348281614513e-07,1.9405473251855995e-08,0.35055035494847164,0.6056671433213675
66,1.039918363873406e-06,0.7504810353030993,0.06393278310270606,0.018826968114348783,0.05168528381260154,0.0001200638811911229,0.0813820654584262,2.1756596565348544e-09,0.0006404215986103692,0.03293033663499326
67,0.062270781630924296,0.002383798653761953,0.005780195452481699,0.0007665622718373173,0.000533242100065913,8.224327394281676e-08,5.560124239446194e-06,6.637511503274471e-09,0.04503962632579027,0.8832201445601136
68,0.006057917308908885,0.2895593049012068,0.0009979680532666176,0.005264351915917576,0.010574543685025401,8.329995410168267e-05,0.019090249387089076,6.455150618964025e-10,0.030965744935614877,0.6374066192133541
69,0.7054912378160317,1.0111662340361995e-05,1.7302547980134936e-07,0.001976293947042096,1.323737882562306e-08,2.411856653315881e-09,0.0010469361373654192,0.0023535901659821716,0.027134685401419622,0.26198695619510326
70,0.04770686928897038,0.05581622093215354,3.4927301887263275e-05,0.0200757507002444,0.00020653374606017933,1.3839036623129348e-07,0.0019923112703794576,1.9086103860827282e-07,0.42434098633857587,0.4498260711703241
71,0.44461636409908173,0.002307469127072987,0.0016803667000477418,0.017872209179260388,1.0208149703641024e-05,2.9614938461694235e-11,0.007008542631739756,0.13409343911155472,0.36365246031433096,0.0287589406575931
72,2.0500438700176043e-06,0.27501167111130276,0.0006223230197594446,2.787428626019627e-05,0.6211998820379566,0.014613755817533602,0.0018794787239171248,2.195365759603766e-09,3.820308936883013e-05,0.08660475967466565
73,0.0061578801745767716,0.023390669246094162,0.05206596041920704,0.39299016915736323,4.427773656767038e-05,8.78433371905243e-08,2.1276825545747703e-06,2.8911279073385246e-09,0.23957809708496486,0.2857707277642066
74,0.006446845588561464,0.02078182739419874,0.021106727308321305,0.0003026621254315022,2.1666576401094615e-05,3.5553252886079968e-12,8.486016372320825e-06,2.7034398495865576e-09,0.2602645121070186,0.6910672701766998
75,3.5968034485146143e-06,0.05466253396846368,0.0002948840521869044,0.07903744320021243,2.89010602190964e-06,0.03982614200618422,0.05865063610888955,1.3453584751668742e-12,0.0003461495486133466,0.7671757242046341
76,0.24212988111915962,0.0022573096115318927,4.760363644399448e-06,0.0025591697408794967,2.778144082187406e-05,5.3066441134997e-08,2.53415783875649e-07,1.5341516304644203e-14,0.01369735850977268,0.7393234327319497
77,0.00017844112774602133,0.017331572352067334,0.0005555889291223216,2.2608864071787754e-06,6.379771585009374e-14,3.8446999879575686e-05,0.003232568224250074,1.0301355481371924e-12,0.0001322168710508749,0.9785289046083827
78,0.09967420492766753,0.0002149756191356465,1.9411046417182707e-05,0.15976082448604212,5.893006302590777e-07,3.838860467307895e-12,8.293680423967928e-05,8.774170520764518e-05,0.5664193724814627,0.1737399436253583
79,4.808353413670791e-05,0.009234821541450026,0.751650929030768,0.0038742339449649604,6.644923120902613e-06,9.880804841766587e-10,3.5749353304434284e-06,2.459014302990817e-07,0.096584607499228,0.1385968577014902
80,0.0331101840690914,0.0006519347620272443,1.89525994174689e-05,0.01527018087263359,0.00015516551194652561,9.772177764886697e-10,4.432681881671638e-09,1.2217754022996353e-13,0.10069622550420718,0.8500973512706548
81,0.14567618449988318,0.0018547453391359878,0.0012996956509325405,4.193350242112522e-05,6.097425057539914e-06,3.9221210387693215e-11,2.7335103886788907e-06,1.932304703171736e-05,0.21630262002873563,0.6347966669571924
82,0.358663835006238,0.0010590715353110763,2.9156004258122816e-05,0.0002116116986168799,4.416797419464233e-06,1.7422634463214426e-10,1.3194447203446246e-07,1.4971128785286965e-08,0.038072246836631934,0.6019595150316974
83,0.44958638280994,0.0009380010628971277,5.813918341776466e-07,0.0012754206361642814,5.487064348075017e-06,3.696239395028363e-08,7.552318437499584e-05,4.5140548785845443e-10,0.043726062522060856,0.5043925039145811
84,1.5721233400966932e-06,0.0872931823635347,3.442089575986644e-05,0.01960691712007749,0.026918792297977202,0.08312891810814466,0.7650847876815353,1.3214591315319112e-09,0.0018546440823002431,0.01607676400587148
85,0.0007071212555544378,0.0922739189234779,4.1988335261964646e-05,4.5726818886243925e-05,0.00017995401575901843,0.00010996662903391015,0.8904466843977615,0.0012961903511643851,0.012624304935483928,0.002274144337616852
86,0.20344958627090515,0.00046697204611333913,9.830336078476888e-05,0.002307619703305679,8.07962538608233e-05,3.3331078773766233e-10,6.240628507490644e-10,1.3140523656459448e-11,0.04949508712943026,0.7441016342650858
87,0.0009198284587484564,0.0896155762638894,0.20610267411222527,0.03381925267268771,1.5504469127297673e-06,0.0005647391834855302,0.15454938476514904,1.1893219903056012e-05,0.009037203506075982,0.5053778973709228
88,0.5258169320998541,0.00023382258678994363,7.445424127365266e-06,0.0001039041801784689,2.104988502191931e-06,1.9877315879995183e-09,6.489138021868791e-06,1.6773017339583043e-06,0.053734063952718486,0.42009355834034184
89,0.0008964607072771249,0.06507399526803598,0.6803050469928524,0.00019328691791028988,0.0007959410288202038,9.522574027639657e-10,0.0001796538399494894,0.0010240869493592904,0.11357682677046979,0.13795470057306783
90,0.7443511925527388,0.00021944102096736355,2.5410787164558126e-06,0.0007513090231684683,8.856607823958469e-08,1.539380149822988e-09,0.0012236005092268523,0.11304279135472124,0.030814010104889093,0.1095950242501133
91,0.06610043234612996,0.001534869889498127,1.588441308871347e-05,0.019688021469387765,0.0002274628978540371,5.7053663428709346e-09,1.0014757605381894e-07,7.556014173870258e-13,0.0664652924304233,0.8459679306999202
92,5.925843029652405e-06,0.025425073179054524,0.013879629508301907,0.0004806007703620766,0.00017605972901610966,0.10510809030567968,0.12851094807805663,2.8506148535037383e-07,1.0767799456269667e-05,0.7264026197255579
93,0.012389944125228104,0.14545417340338443,0.11289781646270346,0.007319642513657989,0.03646482177491014,7.081220122417153e-08,9.886189936932625e-10,9.850191366641668e-14,0.025943753521157655,0.6595297763980396
94,0.004704515680737605,0.6375066373557587,0.0650407817116274,0.00491463188695232,0.04685680261172426,2.3160016923276283e-05,0.004436926092090959,4.036102418897945e-10,0.008671964410552737,0.22784457983002243
95,0.001850447768521993,0.09601782442465998,0.0005129035967265097,0.05301256012315607,2.4396633820196497e-05,6.797010274864286e-06,0.008554051533716862,1.8797668346505873e-12,0.517034894788977,0.3229861241182667
96,0.005752299799820503,0.025881058513881974,0.009325356186857882,4.803328591107147e-07,5.398186112414342e-06,4.876854358454047e-07,0.9402392508983028,5.3939734014299665e-05,0.018697224055600644,4.450460711431098e-05
97,0.004741024628019966,0.0007244329884821107,8.631247357259533e-05,0.00544369333588586,0.00013453434814271353,5.145866963887466e-11,6.270172945652041e-09,1.0847543367784304e-12,0.1540096663188615,0.8348603295843189
98,0.7470256578113182,1.7599001312865664e-05,1.5032948045901156e-07,0.0028777420509652012,1.6232044302125768e-06,2.6644099655219063e-08,0.00046002820578861035,0.009260532243474014,0.04728372973256644,0.1930729107765643
99,0.10247521350681545,0.0005886786617649918,0.0003352699597514132,0.00015141146934954816,9.920230035637971e-08,6.709521097285235e-13,2.9095050406380592e-05,0.0004502414201530787,0.32307204738331413,0.5728979433454738
100,0.0008865782500500042,0.03322268970337567,0.02631619615157554,3.545590326749175e-05,0.0005024248158069654,2.0525740663151333e-11,8.175044829244895e-06,4.128002496992733e-09,0.2944326336234918,0.6445958423590751
101,0.000905956368726949,0.04448244412319985,6.788904154036303e-05,3.321473000412071e-06,0.7460563489275359,9.481864747035485e-06,9.929984202468897e-06,4.398876231736123e-14,0.0002753790636319756,0.20818924915337125
102,0.01381819505366264,0.00046613255580129796,0.0007899461622878121,0.007278183955629151,9.791510349929377e-07,1.1085603713802062e-11,8.120037054497457e-06,4.776169250894243e-09,0.33161246669621836,0.6460259716010563
103,0.3655092264948904,0.0021754688806801953,1.981368887072563e-05,0.002994480144099507,5.196624483508301e-05,1.0130133214992887e-08,1.386108912719155e-06,2.3298065932495396e-12,0.07569797085435716,0.5535496774508911
104,0.3827801520025405,0.0009596493979328748,7.075389172039896e-06,0.00820734425256386,8.712769875393314e-07,2.465018685165626e-10,8.187364462742033e-06,8.265139320064061e-07,0.21622154948396255,0.39181434407194415
105,5.435398914677294e-05,0.008362485231541905,0.8631216959027371,0.007970686182238257,1.912550609290347e-05,5.692358005803589e-08,9.081133101541345e-06,4.9945329264156806e-09,0.02335533587096958,0.09710717426605898
106,0.0231780879264863,0.012603249812452928,8.47860762754123e-06,0.0015109421185582363,0.00010843074421939752,9.016014940851215e-08,3.833580968296704e-07,2.8083076612875015e-14,0.009605674335241243,0.95298466293714
107,0.5651495125295387,0.0009037474696480698,1.110170802256636e-07,0.0006297085496610322,8.926784508301424e-06,2.583916006612437e-08,0.001895616244833175,0.009138679494809192,0.03989046190163142,0.3823832101691298
108,0.002040012808657675,4.004970688475357e-05,3.2363292053489477e-06,0.012924979133246434,1.7485645762226845e-11,6.283874763064714e-09,1.1374577969389657e-05,0.00020644577551910917,0.005603074511387526,0.9791708208557693
109,0.00019681417462880376,0.0006821160133962928,2.578499104781433e-06,5.352853092444413e-06,0.019081682631214656,7.766791251030369e-05,0.0019136873653508243,0.7801652395012482,0.0010852409737784443,0.19678962007567513
110,1.4799639781310904e-06,0.0697804760520907,0.42171970202043524,0.3288767123931669,1.6016732890711781e-06,1.2071525488195326e-07,6.241508609285605e-05,4.956554229248328e-11,0.01302280935770388,0.16653468268842284
111,0.00014807969617673317,5.3375022395751354e-05,0.00805026418257249,9.224771720919553e-07,3.732730802253212e-05,0.003220354169134402,0.00022798048968371702,1.251755772866889e-10,0.0006501537977648484,0.9876115427319018
112,1.2390058443445125e-05,0.20960123332676803,0.03332566891756903,0.06378670139834751,0.672908896887374,1.0893800879487137e-06,1.1119959301840532e-07,1.4679190462956348e-15,0.0005238612758296735,0.019840047555985944
113,7.332650088127426e-05,0.00011997469421062452,6.352588448384647e-07,0.0020339289272063537,5.318114047997882e-07,0.00022037084874238378,7.320936364035549e-06,0.00011699417063608672,3.5300241175816514e-06,0.997423386827592
114,0.013896893451218712,0.037149277918047036,5.945245574863074e-05,0.006678749678318193,0.00035652815214011946,9.859166568443868e-09,0.0004366609290868617,2.491000447117519e-06,0.11868903130513143,0.8227309052506953
115,0.06405582297809496,0.011026068914947134,7.985645141794213e-06,0.18152489616520526,5.5481466304350855e-06,1.1590930045877266e-06,0.002646479313143452,1.0442961898580997e-07,0.045805706490103855,0.6949262288241096
116,0.0001002270448065587,0.00010153711544424051,7.380858416534613e-07,0.0026223671192743283,1.5748608016562167e-06,0.0001052115700510737,6.868489727023261e-06,0.0001982919412995913,2.865186381155885e-06,0.9968603185863727
117,2.989749341044942e-06,0.015809498787554898,0.1994797043751819,0.6404083919026392,8.64391445804522e-08,6.75463155885191e-06,0.00026529807682042716,5.316791898148698e-15,0.003642242999628408,0.14038503303812547
118,0.5752225514355478,0.005765844787643861,3.655495742330368e-05,0.014109289898136756,3.0861220186474286e-05,4.574235797418035e-09,0.0001793974318539019,5.523561084044173e-09,0.17290310326700647,0.23175238690440472
119,0.7084912504239359,0.00016521942239100873,2.3889894344566256e-06,0.001251966012598936,1.943047617663702e-05,7.321577485590345e-09,7.247868735982234e-06,6.825103715445893e-07,0.037491511429783485,0.2525702955449945
120,4.604993051919927e-06,0.10010936434726282,0.009222334825702441,0.021168158977963304,0.7399286280985226,8.628713384267765e-07,5.263185496751881e-08,2.7332600927863093e-15,0.00033870968531768067,0.1292272835689833
121,0.009164249885075384,0.0004801366729676459,1.53537373872837e-05,0.01966351924444714,0.00022390368949142,1.528984183022439e-10,2.766891869468402e-10,3.4533404888212804e-14,0.09323668338723426,0.8772161529537748
122,2.203115167334293e-05,1.226732070498507e-06,2.8820029528361976e-08,0.010616987761164808,1.5885389241663326e-12,1.2928173461690131e-05,9.389870224358832e-06,1.165883254762585e-11,0.010816105281512398,0.9785213021966159
123,0.38082593711197793,0.01589358662727984,0.00010656013832212307,0.0020572128876444463,6.24153181597571e-05,1.0167240289693256e-07,4.413679354095522e-06,5.5548471377092083e-14,0.017006573475816834,0.5840431990889865
124,0.004642507090314108,0.0020799434239802198,0.012531434287603806,1.3977052348388082e-05,3.3548607733260288e-09,5.77627952166859e-15,2.4222541768276337e-07,6.172335463301202e-08,0.39147310510543487,0.5892587257366798
125,6.437006444820007e-07,0.0024130525662290807,2.7363208420090497e-05,0.0005684766124608294,1.613118892266223e-13,0.00023016198829305223,0.00045517979629164254,5.167296005509882e-12,0.02159889281365817,0.974706229308674
126,0.47509698717427146,0.007623974982115383,2.340881635156426e-06,0.007058051524476925,3.8505773281533205e-06,6.197303522609675e-09,0.020375693836157015,6.389928610091548e-07,0.23278837052465987,0.25705008530919154
127,0.16258199153357694,0.0023575933903287427,0.0010836695521162585,0.3817624078096154,3.64332607994752e-06,2.7908701514630535e-10,2.796389541868357e-06,1.834400084472324e-07,0.2245164312632237,0.2276912830164217
128,0.00250082175826718,0.004576870147305094,0.01604937934353127,0.00011903569342593424,9.213923743519552e-06,4.081671501151846e-13,3.375222479914905e-07,4.634102990155153e-11,0.39824053478723465,0.5785038067774952
129,4.444154183162957e-06,7.504670928402599e-06,9.305710081111776e-08,0.24598262314982675,6.4015421746332e-11,9.567899038648157e-05,2.100086113794369e-06,2.743494857950791e-10,0.008202780805029623,0.7457047747480662
130,0.04253154547509097,0.0012787799204819837,6.654628047588368e-05,0.005687107790944389,0.00046011568631632927,1.7720041442129173e-07,6.238902112677414e-06,1.370826757383883e-10,0.041663239394331704,0.9083062492127489
131,3.125702047060172e-05,5.801521900360737e-05,2.1833881952942576e-08,0.004544321917793437,1.1640255880394955e-08,0.0014072195159415867,6.745399167355237e-06,1.251476147566457e-06,3.284684059222878e-06,0.9939478712932788
132,1.8262262634314806e-06,0.02891207228787452,0.6986966511636391,0.06295980776923057,1.2422392857892912e-05,1.743402427064018e-08,0.0002732533088548248,2.1548932424234447e-11,0.005558756775534069,0.20358519262017225
133,0.1403602054116518,0.00115871168096203,0.0011215986991068437,0.004339499695109873,1.8864354513291614e-07,2.361166757137562e-12,0.002262497054352105,0.4461165674079414,0.3623564052071522,0.04228432619781734
134,7.08875954705727e-06,0.23225373967682128,1.4667938360611663e-05,1.0155519233891275e-05,0.0007126709364529873,3.84149174304176e-07,5.4337101211354346e-06,6.036540494872213e-09,0.001104938340003164,0.7658909149337452
135,6.222011714271715e-05,5.741462500860589e-05,4.732922877692633e-08,0.003236700976251423,7.898746493915556e-08,0.0007530228776680563,6.0199001985278665e-06,8.967942787911148e-06,2.9085969404415035e-06,0.9958726186473086
136,0.0002941430898808531,0.0031643762404892136,0.5001061033050346,1.2854415122752729e-05,4.921996672365957e-07,1.5937587199708217e-11,0.00023365937589724366,0.0037368891592006663,0.11838358716775353,0.37406789503101634
137,4.851000990456436e-05,0.00011985188347138268,4.854010715779233e-07,0.0021601358565490375,2.2248490247539222e-07,0.0003335071264000896,7.648133587441224e-06,4.528637790102057e-05,3.1924582833472584e-06,0.997281160267929
138,4.531375389012249e-05,0.0021673771013087594,0.47605010700362554,1.1587094100217994e-05,2.324845132857668e-08,1.396722076167253e-13,2.8479487059710397e-06,8.625343241592528e-07,0.14929325677138988,0.37242862454406434
139,0.00010621826438369859,0.3280660593269513,0.0027324926955067464,5.9905507754720285e-05,0.06282283907648287,2.0113900658168734e-07,0.013454180408496165,1.2483123080385384e-11,0.4915564439592926,0.10120165960964211
140,1.5442176640742129e-06,0.000308178307535346,1.4037167946133968e-06,0.0006358145478971956,5.686358669198116e-09,0.0017169274129596518,1.5695935313076773e-05,9.111375959038343e-07,5.792870214022945e-06,0.9973137261676674
141,5.100536302008112e-07,0.002913932116408498,1.830116962185403e-05,5.7882621416697226e-05,2.5322288698193658e-14,9.527363295862718e-05,0.0005766634451819597,1.0790766488108986e-12,0.010998588863045885,0.9853388480966319
142,7.351968696229042e-07,0.00023662609541558836,3.58498717685703e-06,0.00013821484834451012,4.681068608752164e-10,0.006181967645182025,0.00010620853397544783,1.7864082231119343e-07,4.752266659087021e-05,0.9932849609175158
143,0.17066888548479112,0.0011949498080546666,3.5141294781234546e-05,0.00526667561784166,3.093632884507228e-05,8.647663438888259e-10,3.5401695988335707e-06,2.898170157362427e-10,0.31903673628080653,0.5037631338606976
144,0.5349585480537106,0.0008961704529177399,7.61273688359105e-06,0.001357739407086972,1.5185332165494242e-05,8.886239602373244e-09,6.686681176383929e-07,1.7252958882801097e-12,0.034710780007701905,0.42805328645345136
145,1.3497614923738332e-06,0.22259939165671877,0.37988313094497067,0.0050016262600836225,0.3810835812153266,8.677062092248178e-06,0.0009415786817633564,2.2791536034868742e-09,0.006806530945077002,0.0036741311933217243
146,0.48256749897916273,0.00042937683842680154,1.6735614613355722e-06,7.684390301360372e-05,1.5410800714023504e-05,1.873686548424107e-08,3.922480714827678e-06,2.8524494315014832e-08,0.015239259349613893,0.501665966825533
147,7.458762978676436e-07,0.3996862284299094,0.16632586612869343,0.06325815723372188,0.2631332033758313,4.547883996111701e-06,5.024250380108309e-09,1.7904401744224046e-13,0.0004122501801246729,0.10717899586699593
148,0.0028278483224145586,0.0013643926423453018,0.0052843270900417355,0.0007370487037913514,2.5893674926234056e-06,5.332967466988963e-13,7.149128527111362e-07,1.415165484197843e-10,0.3482703081702314,0.6415127706487805
149,5.630572957508211e-07,0.0002480675607181338,2.7065376250695412e-06,0.00012961738701238574,8.265896958146185e-10,0.006074697229927361,6.718198083104803e-05,2.216831752584731e-07,2.9465425742329188e-05,0.9934474783110829
150,0.07930468946732301,0.0032259772779835087,0.019342176797351816,0.00022274903253654402,4.393169876605697e-06,1.9590390869265364e-11,1.3931893369572237e-05,0.003285563342881998,0.3288881866284592,0.5657123323706275
151,0.3226227536307466,0.0016889079832957182,0.000512717816485245,8.692215524416876e-05,1.9813044278659794e-05,2.349671094105844e-10,4.4232520254978614e-07,2.6263999108260217e-07,0.12061733763578543,0.5544508425340035
152,0.25130687609741303,0.0008154108551901746,0.00038246126439584263,0.0001240744572505549,1.754113756573647e-06,1.7110039118213066e-11,1.9476594538944388e-07,5.91512624013335e-07,0.19040545510650428,0.5569631818098101
153,6.678030289633385e-05,0.09269489069596551,0.8224827572994027,0.022879502150218917,0.0008501930236815398,1.9278689470414003e-09,0.04897302285049879,4.8425059412659106e-11,0.011541125814361891,0.0005117258866801597
154,0.0071147888968870485,0.0027128937448553034,0.49000452270730244,0.01789956043278984,4.771741367365563e-07,1.7267373631965272e-11,3.59814486119466e-05,0.07586944875216604,0.3759307261505814,0.030431600675402043
155,0.05786911428460474,0.00039929938457799026,1.458334669172465e-05,0.010070408145047059,2.8628732598015115e-06,6.358867378886771e-11,2.6759797628867143e-06,2.12290680428554e-08,0.3923279616320981,0.539313073061301
156,0.2642361229404925,0.02448006416828371,0.0002279759132536402,0.007903359578178915,0.0009085062530247886,4.1328932413669015e-07,0.04205859257676435,0.00533824155477706,0.24135582807706268,0.41349089564883823
157,2.87411213715587e-05,0.00017907853998870384,0.01953342152541022,2.860437170557469e-06,0.00016248500407861155,0.00017037136922083161,7.284668677406003e-05,3.5881830709243675e-12,0.001458034371116104,0.9783921609412811
158,3.573979973371168e-05,0.00012467160909812906,0.09312317407944562,4.6564938691107466e-05,1.7062815767728335e-08,0.0003723447920903338,7.323430060151865e-06,5.098934884193309e-12,4.448845111582262e-06,0.9062857154378547
159,0.03556906238919254,0.0011584340706089493,0.009234318465647191,0.0001307679011291247,2.2477131841950953e-08,8.569093131679031e-14,0.0006462348414605116,0.46034270391355303,0.3885628409949658,0.10435561494622518
160,0.0006480617036386307,0.0007560454353484048,0.6582419037413548,7.165104123804642e-05,3.180933331756174e-08,1.2490473573087447e-11,4.753688603311547e-05,2.3969487756163096e-05,0.10756077849420297,0.23265002138860405
161,0.52600699754642,0.006553901009989981,1.5671013792581217e-06,0.0002760559613030739,2.1225014145928234e-06,5.941561071965379e-07,0.029827809319486292,0.036829134028175475,0.0683865099978964,0.3321153083778278
162,0.0010530691158947248,0.18572279687303891,0.000902799355529722,1.4213375529198262e-05,0.45187513146073915,5.492715705757504e-05,0.0009268176170893935,1.2041966289820688e-12,0.011312692786216766,0.3481375522577005
163,0.2833456665479744,0.05030852863371318,3.349957421847408e-05,0.001111967196113166,2.3408591855337055e-05,8.642153222490973e-08,0.0005258366409659204,1.429198287203209e-11,0.11173692706069785,0.5529140793186375
164,1.6634546708635814e-05,4.074252841406849e-05,3.3533321881468354e-07,0.00023876130437290713,2.628060252733263e-09,0.6851879169408247,0.0036546696394081047,1.3277571657640922e-10,4.815804830791325e-08,0.3108608887881686
165,2.415507323700261e-06,0.00014102957679483833,1.576318451558869e-07,0.0015173350962297937,9.492256088123948e-10,0.002740946402295171,1.0288483933951252e-05,1.8641117921981477e-07,3.7193735885845546e-06,0.995583920567584
166,1.6327360102378719e-06,1.452384278473785e-05,4.080160178123211e-09,7.455213581909353e-05,0.0001108514694233343,0.05235128230569886,0.00018601560336583807,5.280583029128042e-06,9.472439552473514e-06,0.9472463848041561
167,0.0024686920508594384,0.011234407491420382,6.77921169334853e-05,1.6908696013064716e-05,2.7189672649550917e-05,5.906299479410828e-07,0.002443025563633019,4.225857751012747e-09,0.03537022841523553,0.9483711611374499
168,0.0006713814856157982,0.01777918019631777,0.00540453351817674,5.388203570329639e-05,0.002331126958684082,1.5976681694048495e-10,1.3334637210032996e-06,1.1769055431544392e-09,0.15412872470982206,0.8196298362952869
169,0.034404184767521294,0.0011115364652800718,1.526086438670886e-05,0.017208938412971542,0.00011545321589509578,3.261550206795793e-09,1.4518424609567567e-08,9.771930059327437e-14,0.05272340151760658,0.8944212069762661
170,0.0073037991326797775,0.001186544796015788,0.00014617570501409324,0.005091636295637909,0.00018549642387915769,8.942606922390657e-11,1.8615567818134126e-08,4.554325521459223e-12,0.2312949525286484,0.7547913764085767
171,0.011762830769341044,0.030098304244167057,0.331671256852794,0.0006662543836406422,0.0001998632261545292,1.2197987028748386e-09,0.00020494956784498217,1.7595646854584582e-06,0.12801205234639904,0.4973827278251745
172,0.006183276680295285,0.001242556817216791,0.006430357367228395,5.371433287464086e-05,1.0284312034344068e-06,2.0308286469319653e-13,2.2941452552267555e-08,4.704516008187907e-11,0.3046318134003859,0.6814572299820948
173,0.14614853958211632,0.004535805327635087,0.0031242652194370378,0.0495617314433849,4.422185794980653e-06,8.440809229793594e-12,0.0018857380912674947,9.414121810098906e-05,0.665304668208892,0.1293406887149303
174,0.00020721902168664702,0.47524127280054873,0.10167751003878349,0.006216753879296298,0.03362942203014625,1.0721497918396101e-06,0.0001351459595680805,2.4723273545985445e-12,0.2887656501849675,0.09412595393273887
175,4.839837304466993e-09,0.010840224180473094,0.0003332694976145002,7.027748579917159e-06,0.0034846680536791616,0.4690525032034397,0.3727331049314473,2.698346394451748e-10,0.0001107718432971343,0.14343842543179716
176,0.3617196526395248,0.012053631626609508,5.984960970754778e-06,0.02649257014499622,2.079549309971657e-06,2.2987209015188894e-06,0.08259836938364826,1.667028737367235e-07,0.06527528205466097,0.4518499642165042
177,1.0863211203329501e-07,0.06717663828846299,0.3191734338840273,0.35638481722354565,7.680760142586802e-06,1.2110198044595758e-07,1.3215442199663935e-05,1.7140500976020522e-11,0.0030129791978731097,0.2542310054525158
178,4.276291598767113e-07,0.00011603556336617932,5.565613115879364e-08,0.00024454093876632635,6.280076416928401e-12,0.013662524989808583,1.0797220921817883e-05,4.527684581994112e-09,1.5929783980520218e-05,0.9859496836839009
179,0.018523596284998462,0.0010231278447489472,1.2317577403381073e-05,0.0031773406980353065,0.001569383249032995,4.9865808808906e-07,3.1310223147719935e-06,6.1766862509340695e-09,0.044138183621414195,0.9315524148672776
180,8.074105239587394e-05,5.6902725987025384e-05,3.10958896308123e-08,0.0034434529689066247,5.282987137544158e-08,0.0008340643978911554,6.517651563094687e-06,5.999385783932908e-06,3.4446286787433994e-06,0.9955687932630326
181,0.01925702349176103,0.0010028286066627748,0.0001261734400294134,0.0037774641354246566,1.354188466184278e-05,7.107201408227591e-11,1.7186016126019214e-07,3.2728645239492514e-10,0.28111724265602334,0.6947055535269172
182,0.00016735343034330355,5.1713513299641105e-05,2.2184210908332224e-06,0.5376646272827422,7.286159815753169e-10,5.261887953797537e-09,2.1083742039859588e-06,4.2707005058284725e-10,0.0017610948319972844,0.4603508777287487
183,0.06261585017315068,0.03034801464547457,1.6394205326029764e-05,0.005868413354984107,6.455055513641512e-07,1.0092421300386942e-08,0.0069064284927801405,0.005681934820066247,0.1628120423177235,0.725750266392522
