,proba_0,proba_1,proba_2,proba_3,proba_4,proba_5,proba_6,proba_7,proba_8,proba_9
0,0.4181888811039409,0.001754177844876913,5.621799337579966e-09,2.5919774297980185e-11,4.758785927401006e-08,1.813150403850306e-12,3.716404115487533e-06,1.076154619614339e-08,0.09480165482935855,0.48525150581877036
1,0.4105378405683847,0.0023522916644364146,2.147665889514038e-08,4.453117152734825e-11,2.021477702950649e-06,6.4747317371557285e-12,1.1842703033179023e-06,4.9405660885599664e-09,0.028484310414070353,0.5586223251368713
2,0.10234965296708967,1.1600724773604916e-06,0.000493176427364382,5.069492756185847e-07,2.0578617041278728e-11,1.834824881488468e-11,1.3400522794548515e-09,1.1028337440819521e-07,0.5250722002892236,0.3720831916322158
3,0.7212105257641674,0.0002420444702998129,6.031386362085424e-11,1.8565360525106095e-11,3.172191931336424e-08,3.3355934766087987e-11,1.8988430477236728e-05,4.405044633992459e-05,0.1113740888192761,0.16711027023528494
4,0.013208213893762442,0.00013517446821872196,9.50430136537511e-05,1.2811478676642078e-15,8.055764342106014e-12,4.4556962698813747e-10,1.4314767474583253e-06,0.002392567507195476,0.728024512173617,0.2561430570131785
5,5.167376798274625e-06,0.20360217818858145,0.01165285582103334,0.010072179948322183,0.681677386532133,4.164223862452308e-08,7.4595197348099694e-06,7.481011987651693e-12,0.005975926989165968,0.08700680397451137
6,0.47381584412118427,0.003512661907127708,1.3007412903747345e-09,6.790520369026627e-13,7.475233748680999e-08,4.646607505409472e-12,4.4443428071789565e-05,9.431247278061839e-08,0.06994086015651498,0.45268602001622404
7,8.968044528529847e-05,0.0153861749665939,2.663664178397181e-06,3.2143389207776933e-12,4.827375631582813e-09,1.573634726185476e-12,1.3380903807142652e-06,8.675770413866489e-08,0.10419018802576924,0.8803298632179247
8,4.799272805031467e-05,6.865497674436463e-06,2.7818902798127696e-16,2.6162121332800957e-08,4.802027917863694e-13,2.7662123951067806e-08,9.898292184403848e-09,2.20176774518748e-19,0.003029189074923395,0.9969158889763339
9,0.00024114933321094244,0.0485321212944843,1.7443271299200537e-10,0.26944205510308966,4.849064863045012e-08,1.2127590224448439e-11,3.3341383218198695e-05,9.265386616840089e-11,0.31533483083098307,0.3664164532851511
10,1.9346347747768e-08,1.433659887502908e-05,2.5666588132707747e-11,2.449308793850719e-19,5.017824208186497e-06,0.2649118943201966,1.2313390126743234e-07,6.220246974050738e-05,0.0027104566981222145,0.732295949582942
11,0.43452328760190373,0.0001551149786122986,0.0006328475205789008,1.6909662387154845e-09,1.0773959536203861e-07,7.056908457574676e-12,2.7641132850366355e-07,1.590021695816083e-08,0.0399690863405162,0.5247192618092249
12,0.2302039781828059,9.183240680790611e-05,6.608379820954447e-14,8.381724169941627e-13,9.607601213796699e-10,1.7539516988248595e-12,1.5410990445449383e-05,2.347824562951991e-07,0.25394072626131087,0.5157478164127552
13,0.0023162787300101233,0.04221108808269337,1.6524567602268117e-05,0.00024025194338678392,0.2070225494621066,1.3524452004058076e-08,0.0002193422532496616,2.201938168082708e-06,0.585815060834411,0.16215668866392002
14,0.47895485459580045,2.130454736856961e-05,1.7537225908784327e-15,7.083089027377491e-13,1.3616211414842364e-08,3.4540092561871883e-13,1.6156323065749116e-07,2.9751027325772933e-08,0.0512320188471623,0.4697916170781438
15,9.45189380134557e-05,7.708858169626262e-06,0.00010638857224846232,5.5036935871784803e-14,3.726132866318202e-05,0.3419844649264361,0.6226826481930948,0.0006482611975316487,0.008367052456429654,0.026071695529358292
16,0.0001836864239042779,5.1339799567032224e-05,0.0008437792383769231,4.845565114253485e-11,1.8454639720613142e-05,7.061272193963099e-09,0.010188901029271648,0.788988989717072,0.022360033084914174,0.17736480895744544
17,0.0002261845398651705,0.061247737981441605,9.065985043567458e-06,4.3159480071752157e-07,0.12122734062441465,2.3675508432879025e-09,1.0684638266313448e-06,8.412426751276572e-09,0.01531758544072312,0.801970574589907
18,0.1503678675458141,0.026453737022003664,3.2758108178450037e-06,3.656181158329228e-09,1.0343902269174497e-05,1.8991954204257965e-10,0.00024599661451966167,0.00016502736041096148,0.2153177697594081,0.6074359781386559
19,1.1968973603677778e-06,0.0025192571783799076,2.5505671123797283e-09,4.32032409176495e-09,0.7366226669198362,0.0004314545842157026,0.0010768984738203538,9.253131435066594e-09,0.0005372160304328382,0.2588112937919319
20,0.07404595889351007,8.965552475850079e-07,0.00018187752135582626,4.69105233061719e-12,1.7773539881632805e-10,1.1109306447974942e-08,0.000524124069687446,0.6312537383965271,0.18182448347112742,0.11216890980081169
21,0.00036493349546730077,4.496511916962397e-05,1.688361126858011e-14,1.5361480126918866e-20,0.001398851298832103,0.003055075496881855,6.637127754729784e-05,1.971122669298932e-05,0.0002756810483452985,0.9947744110370467
22,1.7065615908305366e-07,0.13251886691782802,7.704669503612246e-06,0.16757367139024085,2.018373398233693e-06,6.892304193228223e-10,0.0003031044647265467,6.418459312250043e-11,0.16626764385474455,0.533326818919984
23,4.917283325969228e-05,0.0019027161331500115,5.902087769093122e-06,4.5405012790817004e-07,0.5707695983337944,1.1702404952031236e-07,2.060677671849785e-06,1.725598763124295e-07,0.0023454761624241483,0.4249243301378771
24,7.701077457077665e-09,0.03322095504455391,0.0009260372042155973,2.0182432797075715e-10,0.3297922252227985,0.0060698417549951925,0.0017571237629531204,5.578739611078817e-07,0.001112211499058534,0.6271210397345623
25,0.006509013158517561,1.959463696982529e-05,1.9714911748276416e-08,3.538041081716321e-08,1.9723617326204804e-10,4.8274461092713935e-12,3.6292048126394285e-07,6.246524211458654e-08,0.20314675701070636,0.7903241545106966
26,0.003147449452723282,4.21542077387939e-05,9.525399801551666e-08,8.321987866290921e-10,2.6887564611070343e-08,6.17266784955406e-11,0.001434909205373131,0.014923149637411504,0.5049703910782394,0.47548182338302575
27,0.1353354138594623,5.497026927072117e-07,9.528106255028204e-09,1.3137253366664859e-11,1.986013389117131e-10,4.0012086921646865e-12,6.212694373035124e-07,0.01861179790800059,0.6798345178869519,0.16621708962960902
28,2.4601353615940666e-11,0.0004711761039632227,7.675145742008141e-13,1.110790639938424e-05,0.0012907981202712883,0.0005151373080250754,9.542015083601922e-09,5.05819226626056e-10,5.552500474200033e-06,0.9977062179876637
29,9.60294837737093e-13,0.0006637489669229007,1.2831499695723934e-10,5.858876516448109e-08,0.01928054800708716,0.012057241553735458,0.0034206812017422306,4.917183287314529e-12,1.0520560006513925e-05,0.9645672009875481
30,9.114380070362299e-06,0.10536184726658851,1.8366347130286588e-10,0.003027633307888063,0.5885835541646154,2.3438313872107743e-06,0.022693840509959592,4.5192001940062816e-13,0.02195198809223584,0.2583696782631396
31,1.7257025762667246e-06,0.24802937991611795,1.6089756796767677e-05,0.47104019634983463,0.000628439605952956,3.550525870891001e-10,6.76834285479136e-07,4.672433763864398e-14,0.019409988096920936,0.2608735033824157
32,2.407041837812761e-07,0.0005218320379118067,5.1413969798573913e-14,0.00015065006536423969,0.0003662968705320856,2.2104041836094602e-08,0.661360746209558,1.978023097257464e-16,0.00694289824031392,0.3306573137680428
33,4.5418547922388065e-06,4.725314162103772e-05,2.2677392904911734e-15,1.10209498395755e-10,3.3794402335871916e-09,1.1196548132505086e-12,4.457714354990339e-08,5.72413656589101e-10,0.06541640249290322,0.9345317538703546
34,0.11804162599247911,7.34862572460684e-06,1.1267800132735855e-15,2.1164205026251457e-06,3.047238195102872e-14,4.3997637077635276e-08,9.4534331680869e-06,2.581969112447452e-10,0.05367985525401327,0.8282595560182467
35,0.16162122432144788,0.0011108101386085435,2.622170444331774e-10,3.1487523551341624e-10,1.295096208787616e-07,1.2795564191375341e-12,1.0565486229044577e-06,8.556651615936617e-09,0.07118666370265636,0.7660801066440199
36,0.0027675529742696527,0.0003955016653117323,1.829997708992826e-07,6.3216781465312945e-09,3.0732310522957806e-06,1.048036253240655e-10,7.306367302662835e-06,0.00021756775367735536,0.3978284342334285,0.5987803743487051
37,0.0034884096381474225,5.970911592087071e-06,1.2781587874662326e-06,3.6690293875138126e-08,1.1135663086856963e-11,3.2394237393185097e-13,7.274640953940161e-10,2.565021546431945e-09,0.3185761413719682,0.6779281599252657
38,0.001145901783673667,5.133089069347256e-05,9.552360196435396e-08,3.0025041837190916e-09,9.736518427392118e-11,3.7080096252932235e-13,4.80399233722862e-09,2.2301663119998244e-09,0.28162968213922557,0.7171729795284065
39,0.0017383020112984062,0.00030621497762305685,7.767583830533502e-12,5.300378626739807e-13,2.0228304088215237e-08,2.6511995452872944e-12,1.204759817943369e-07,7.391156670952525e-10,0.04735377611824891,0.9506015654384793
40,1.061895638930121e-05,0.22477869502702233,1.4490510980431789e-05,0.00395977017402562,0.07344346102738211,3.9982897879882544e-08,0.6128847462684763,8.873388419031793e-12,0.05295642126363362,0.03195175678031903
41,0.019100038660128892,7.565176277331353e-07,0.0009778449190478784,5.044050678244777e-10,2.6357669355708727e-08,1.3252123381100951e-08,2.9709438898951782e-05,0.8555842412626409,0.046900009478767386,0.07740735960869044
42,0.07112848836362098,0.03470326899574298,1.8395510080996358e-07,0.010136813239838473,0.016094261896716724,6.156052725155045e-11,1.3895198839535404e-06,2.681445370741644e-10,0.002072955921680515,0.8658626377777106
43,4.25890955717801e-15,0.022170116743209987,9.218085032911602e-09,1.8070547640901833e-08,8.278446248830537e-07,2.0976538636299665e-07,0.03049185374165244,1.0719826306697515e-16,0.00011461016254074063,0.9472223544539485
44,6.09189755580221e-05,0.0002084764922683063,2.1376551714224066e-13,1.4427293938171135e-11,3.3059944490992527e-09,6.7796819180822485e-12,6.640605427183979e-07,3.478536722482001e-09,0.11719639400195046,0.8825335396637286
45,0.030602972657676718,4.5821369503379114e-05,2.855278208227016e-10,0.0031210356299989717,1.9068799492564549e-10,2.2515475432437763e-09,7.169669811655369e-05,4.472596421886512e-06,0.7387682538041512,0.2273857445163679
46,0.0008537227616561499,4.054236469009345e-09,3.482687026648537e-10,0.020199301096238503,2.0893881330281003e-08,1.3650084082153141e-06,3.631336773276853e-11,2.6998814152131146e-06,0.6396022377449111,0.33934064817467097
47,0.5477982541679818,0.0034882499628359105,1.146649334404363e-10,6.8852565300421765e-12,5.251597454914633e-08,7.619923231857637e-13,3.6091823201066884e-06,4.7067788510379944e-09,0.1138891953998244,0.33482063394197226
48,0.004124396508313911,5.9729324338118195e-05,7.011132248756881e-06,1.909389901988836e-08,2.642959506369285e-11,6.205022128933199e-13,7.392760342689846e-09,2.0388801036987844e-09,0.43418001731549627,0.5616288171670134
49,1.1766485070703703e-09,0.0011386313849356,5.384708589778347e-12,5.3576567587803535e-12,2.2410701495243305e-07,9.423174166594513e-05,0.6988051816160205,3.458955558169847e-16,9.654017101635694e-05,0.29986518979195553
50,0.0025935592060785896,0.01758040130374972,4.262673672663929e-09,0.07762717187511127,0.4611581654231619,1.1856991327114157e-09,1.219902913458426e-05,1.539271831792576e-10,0.013793479601343092,0.42723501795912083
51,0.013506710104603668,0.00023494810222901905,5.102931908942318e-13,1.2120508022682606e-13,2.5478236380467074e-09,9.64346138785632e-12,4.345378147294866e-06,7.4058084567645e-08,0.1485522567526334,0.8377016630462035
52,0.05259496156235941,0.0010810799496115328,5.494641574123141e-08,1.4750566789377962e-06,2.486265117935742e-08,1.5559758371361897e-10,0.0003843042162832185,0.00030514448787378806,0.5140316554790114,0.4316012992835172
53,0.25153159265145936,0.002663410375728743,1.3467599347255368e-12,2.119209151084145e-10,7.516402418310878e-07,1.8774522574492467e-11,1.571691418271028e-05,5.968515284221828e-10,0.010892064971862181,0.7348964626176315
54,0.49665467282631276,7.424355330230526e-05,3.439258763533589e-05,1.2988110376046405e-09,4.253126161128132e-09,2.0348293120051704e-12,8.689391321879227e-06,5.254784548417992e-08,0.08115822489260714,0.42206971864700304
55,0.30695729643341746,0.00020262689437723183,1.058811465759684e-11,8.274385721989899e-14,5.639649436352008e-10,3.410071736388247e-12,5.914958989122178e-05,1.6007806870805718e-06,0.37705432654321974,0.3157249991803613
56,0.0002092328673262661,2.847776519167332e-05,2.0937391218536814e-14,7.1572649116441e-11,6.251231909341555e-10,2.49258595796291e-12,4.3442817687204377e-07,9.699246804334118e-09,0.0980885201133519,0.9016733244274971
57,0.0010651786272936929,3.3764580751106985e-05,0.0009128140667259268,7.61770915948139e-09,6.396230965888091e-11,2.144088936018562e-12,4.37115431512718e-10,2.1000095051093655e-09,0.3572518198274705,0.6407364126768182
58,0.11026316882962788,7.116180487776489e-05,2.004924044667846e-14,2.7456823423399065e-13,1.67396919741768e-09,4.372463239992323e-12,3.3709292689224953e-05,5.320060462369868e-07,0.16520231529642984,0.7244291110916928
59,0.0004859207913102066,0.07141647182867873,7.588884371317235e-05,1.109853079069111e-06,0.6942195863012067,4.382080241299033e-08,4.256113337791271e-05,2.2153194196289565e-07,0.05616414635115723,0.17759404954473262
60,2.029425836483779e-12,3.5925359246522517e-05,4.766007029354573e-16,1.2821109226666727e-13,0.06000682819454314,0.0003397923032118892,0.0018143456526459778,1.1052072417132226e-16,4.60910621980869e-08,0.9378030623971321
61,0.034759796480794775,0.012049934372616729,6.608394275323082e-06,0.0016716801116060905,0.02050856181420006,7.282877372629484e-10,1.9254367568396093e-06,6.649148950016161e-10,0.004904604756102258,0.9260968872404454
62,0.035763465756658286,0.0002919683601895541,2.3874128035707997e-11,6.047571815676749e-13,5.908579065561548e-08,1.9978739864632645e-12,1.3544228412561118e-07,3.3605291135122164e-10,0.036783181955588426,0.9271611890369593
63,1.076029742306012e-05,0.00040665021376219755,1.8134419314093647e-14,0.00025480189042994476,0.0008666937204166101,2.072901592406973e-09,0.5994240720465135,3.622287704345664e-15,0.03456107544888076,0.3644759443096506
64,3.953293108209489e-12,0.03022663151580796,0.787688244742167,3.040799555804892e-08,0.00012351774692441703,0.00015463366101926273,0.0019900478500655626,1.636787776381648e-08,0.0007987737857969761,0.17901810391839212
65,0.0022347060382237496,3.642099125306141e-06,0.01564245303884904,4.022044889965884e-07,3.972330098351987e-11,1.1470389830105153e-10,5.400057417889175e-11,1.2343034772493136e-08,0.7223413882409229,0.2597773958269275
66,2.1534909787488758e-10,0.5579654714863661,0.09475425676085938,1.3581538381280346e-05,0.277592535072678,2.950862099365602e-07,0.0356815042456068,2.201079541345014e-11,0.000751719750408375,0.03324063582213003
67,0.00720666233501284,0.031017016588978836,5.481462191091537e-06,4.515203979312315e-09,8.42844037806383e-07,5.956565185536953e-11,2.453332613879116e-06,4.496882166355073e-06,0.4390610488564858,0.5227019931237438
68,6.331585553975731e-06,0.4438462763099198,5.065114776203961e-05,0.0003528872203009656,7.698486351378688e-05,1.1451340116090061e-08,0.018880256058194086,5.555222905300863e-11,0.2867405798919636,0.2500460214158994
69,0.007582118139455375,2.553141447172459e-06,2.5288094993801705e-06,0.00022417820702920485,4.601055198417045e-12,1.4766034903185032e-06,5.9488358775282477e-05,0.003157599986653308,0.37657049243172186,0.6123995643173271
70,0.01166700129891311,0.012918046358629304,5.129618277111104e-07,0.00195451842570341,3.032990293530228e-06,4.606945832472574e-10,0.0010404731425515275,9.668510620968325e-06,0.7816261317779287,0.1907806140728371
71,0.6398525432893815,4.8758340860430404e-06,1.5499341968525968e-11,2.0935629448263124e-08,1.060092625737764e-07,8.897461440372125e-11,3.290105893977383e-05,0.003842132051699188,0.29235607830254445,0.06391134241398302
72,2.907132321069935e-07,0.010594738265834465,0.0001520492181129151,4.5459698742453e-09,0.6752236720186223,4.522754462131267e-05,0.2989984741034339,6.312366402951705e-10,0.0007502598326913806,0.014235283126245191
73,1.2708921907704027e-06,0.03972709560816423,0.0030471390145503014,0.489082812309326,2.9711255071344003e-08,7.036221488353626e-12,2.133291903368033e-05,8.439597761816088e-10,0.04972819169720216,0.4183921269972818
74,0.0006995032669691626,0.0005338739548835631,6.680740034000703e-06,3.360351796039589e-07,4.750331114262463e-10,1.4532030570045612e-12,5.078969279906559e-08,8.884481917413059e-10,0.19512237530243776,0.8036371785458687
75,9.397478342616411e-11,0.004816956151659981,1.2738996854345734e-06,0.5966666652726831,0.004324306917732166,7.290250795694056e-07,0.012088328783858081,2.8170940917751355e-17,0.00013275048889647295,0.3819689893664304
76,0.20454583648819805,0.00275701171440363,9.88332551328464e-09,3.926827200586787e-12,5.46481459628292e-07,3.5630806051364024e-12,6.773681706330028e-07,1.4699715844555377e-09,0.05234685146615357,0.7403490651208275
77,5.055238848808414e-05,3.812866696248404e-07,5.425620480351203e-15,5.667056198648852e-09,3.825308885987416e-11,0.0011245265744048813,3.128273376400504e-07,1.6463760764924274e-18,0.0002651238697936607,0.9985590973479914
78,0.02722845295416862,4.949213635367528e-07,2.303833778087659e-13,0.009576380423428276,1.711092928148817e-10,2.457896688036612e-11,3.852367169395388e-06,1.3359108414381988e-05,0.5875428426554521,0.375634617374085
79,2.0630504263594765e-10,0.0014526968530727252,0.8292398893796381,1.5823214837225836e-09,9.051473706936428e-11,1.2209602187415036e-08,0.0004756964665144833,3.699107978836687e-07,0.01348706768915448,0.1553442656120788
80,0.0007754090400598124,0.00028730716066848887,2.299938085522115e-12,5.123208275702737e-12,1.4244512331309778e-08,5.4188063546154836e-12,1.0117326760040483e-07,1.6527211297979166e-09,0.10530642101482512,0.8936307457011037
81,0.5649046518456163,1.6567435104333787e-05,7.809482878874506e-13,1.399361634156171e-11,7.93815536917885e-09,2.1131686683049185e-12,9.488217020780969e-07,8.810318435043523e-06,0.20424555349618678,0.23082346012791222
82,0.48831453817713355,2.6397686633283124e-05,1.6571885603005704e-16,6.975708271465159e-12,6.710016301867663e-08,7.972712870926403e-13,6.468052142300501e-07,2.4571301186440746e-07,0.09523785319325831,0.41642025131681265
83,0.4895670588185376,0.0001242691159373179,8.65388115356759e-12,2.1705150583977787e-13,7.790116891897484e-09,3.538891321056353e-12,5.815331517973234e-05,2.2184499665192224e-07,0.06644715029269387,0.44380313881012795
84,0.0001979773988223704,0.013241212387808473,2.3462047141952745e-12,0.15371464929450865,0.565759053315074,5.838462839711955e-06,0.2495251571936891,7.560995848972551e-18,0.00040951503438835485,0.017146596910522935
85,9.653355992789845e-06,0.36922487548204175,0.0010220007656282476,8.827189928363429e-14,3.923990623487463e-11,3.15093486083941e-05,0.6048270751591953,1.3600152127773312e-17,0.024881843669727854,3.042179477394898e-06
86,0.027909082220247534,0.00033327064344184975,8.273195976697542e-14,5.578317226702498e-11,6.246486434947684e-08,5.272390150718381e-13,9.98269852856803e-07,1.3548079486817838e-08,0.1293584239560435,0.8423981488410772
87,1.307047673928865e-09,1.6369966489303836e-06,2.1184892088739453e-12,1.2119703737897277e-12,9.22526256900557e-12,0.013962547364549485,0.9798734630777337,3.230503265174125e-20,0.0018431959182539906,0.004319155323210455
88,0.5879177709879853,2.377197091871281e-05,2.584291166398687e-15,1.0159423301464483e-12,8.211095685809616e-08,4.8975487042412675e-12,0.00011558484149429978,3.617593156591971e-06,0.1282357739468077,0.2837033985427646
89,2.931975736305751e-09,0.017244340465791864,0.8429749017216939,1.3399082012310259e-11,9.264412701976033e-08,1.146185230674929e-07,0.06238228608084805,0.024375981812391118,0.014940918622594382,0.03808136108865593
90,0.16478905628960663,2.6402120212739315e-05,0.031706538165124185,1.854283680808076e-05,3.247043159578398e-11,2.5283395725464028e-08,0.00011809373889573897,0.018209975562257837,0.44698693438666465,0.338144431584564
91,0.05028966097427097,0.00045618465294407635,7.781600339914019e-11,6.466177593058962e-11,3.4530509023912e-08,6.974979704456287e-12,3.435804217033608e-07,8.883656016095467e-09,0.12477459490469749,0.824479172324048
92,1.8358254947894077e-10,0.02015208832775509,2.9857117246281286e-05,1.980914228023623e-08,0.002833300912115127,0.00788536680423222,0.022426636743902613,9.458890641710718e-11,9.462520734465605e-05,0.9465781048000903
93,0.12543338620297356,0.058802149053158344,2.1285310950842976e-05,0.0005746520120426435,0.0018055821879218287,1.0178063019807317e-11,4.4955747050838737e-07,3.464541747832439e-09,0.03556800766759905,0.7777944845331635
94,1.0933500011608066e-05,0.7231865305902001,0.004839765691057486,5.20007044742772e-06,0.003046816970293542,4.598635441049115e-07,0.04857153067175821,1.7640500174892587e-09,0.03306129470556172,0.18727746617307583
95,0.0013020359887175319,0.09417263686663374,1.1406107418197953e-08,0.017906339122225428,2.795760098804279e-05,2.8034030819914534e-11,0.0005449855911658175,8.517480814343243e-10,0.6944383670558961,0.1916076654884837
96,9.415665982061296e-18,0.24709672683698408,0.26018005102200953,5.070593217152607e-24,2.598883639517988e-08,0.23476220358158204,0.25449125113018256,7.166646719210844e-15,0.0006049351237169602,0.0028648063166813015
97,1.7984263039485097e-05,0.00011965672327578209,3.123980220876324e-14,6.9093486287190055e-12,3.619445884381676e-09,2.866995751458021e-12,8.454973541207759e-08,1.149320851107693e-09,0.0928998248735205,0.9069624448118545
98,0.3704022231751338,1.4113254601052182e-05,3.2770825125066954e-11,9.443850775066134e-07,3.309160694327283e-11,8.569006384472552e-09,0.00041850587142626004,0.05492075246696825,0.23372632713547348,0.3405171250764509
99,0.5784502477351655,1.4048456015108246e-07,8.269299520788045e-09,1.1586163064908801e-07,2.2386428172365398e-11,1.1267695468909783e-12,7.044091992015794e-08,2.0182823377602753e-05,0.3261555185737972,0.09537371578773626
100,0.0002977644521311036,0.0007221195036802643,8.545492530492715e-07,1.0611094174851297e-07,1.5563696308299432e-06,2.2020706447974255e-11,1.1961126654227093e-07,3.6683408794372493e-10,0.01249716204610516,0.9864803169681365
101,3.195053631773367e-05,0.0006265890235062317,2.7039661550324196e-07,2.9891960481496587e-12,0.8375381936654104,2.20385215326115e-05,0.000980745904139297,1.838010491732678e-08,0.008246449432551303,0.1525537441368328
102,2.2305788232242895e-05,3.5390079918270425e-05,1.8500947871960767e-12,8.434021955746492e-05,8.552793977779885e-11,3.805246522852794e-12,3.427972823523501e-05,3.699070606702369e-10,0.2090520640843697,0.7907716196385968
103,0.17192775904816024,0.0015607610036136622,1.237189201846013e-10,3.131703924497107e-12,1.1043167817308561e-08,8.528129543828368e-13,1.403545032102031e-06,5.608718088897646e-09,0.11496533631601898,0.7115447233075857
104,0.6623131678230102,4.716115842419479e-06,4.3219343372250223e-14,2.728307558172836e-09,5.075320192052705e-10,1.04811395337389e-12,0.00016351763934971134,7.252886130727636e-07,0.16235589361065067,0.17516197628560304
105,1.64536422395211e-10,0.00019694573411173748,0.9763111369278417,3.298966603314704e-07,3.039003018686918e-08,3.940303875105712e-09,0.0006714439176835039,2.7985174721716085e-09,0.006368694931002611,0.01645141129931226
106,0.04814622960217665,0.0052867605572639725,1.0052935230832098e-06,9.174194426052293e-10,1.3688677573061764e-05,6.271947118525005e-11,5.193720104422832e-07,1.7942004305361824e-08,0.026812740468811644,0.9197390371064978
107,0.09995198684371238,6.792369135308583e-05,2.9986621427746633e-09,2.8858316891725963e-08,9.434540056565547e-09,1.7228943860165618e-10,0.0006035537987858409,0.044284976837990465,0.34875637815119526,0.5063351392131545
108,2.991712276936574e-05,7.663176001768819e-08,1.3555911878875536e-11,0.020556114811529812,7.357962478123316e-14,5.062601750883022e-07,6.732339640820114e-06,6.43956126596519e-07,0.07989630788222624,0.8995097009821424
109,0.3449769543507707,3.224608199907346e-07,2.3926837004283953e-08,4.2233131398994255e-13,0.0026963411522401303,0.01003058255220081,4.2504777024986744e-05,0.5699177539999695,0.001129936421103666,0.07120558035861087
110,3.346033987021145e-11,0.34927783493057285,0.5723263018818847,5.824009342104604e-06,4.134950340407337e-12,1.0520384238314444e-11,4.3616035540652436e-05,2.3216316254437904e-14,0.01937598594084253,0.05897043715367833
111,6.033712160425962e-07,1.6480211469908075e-06,5.4617396122396206e-11,7.783683420950686e-20,0.00026323093690966935,0.5169164517425813,3.7151606060022913e-07,0.000511929595054536,0.0018451132880644599,0.4804606514743491
112,5.12889003122223e-08,0.15666150660861028,0.00039790389261933334,0.00035890882886800804,0.7975476726483138,1.6166992845710474e-07,0.0025657796180381786,4.529490148254492e-13,0.00230510062701153,0.04016291481725723
113,5.382920669744142e-08,0.001974589402965011,7.721562088175597e-13,3.765072273727498e-07,0.00018056767428837342,0.0004143794765290836,1.2446289147088208e-08,7.159089427945363e-08,1.475669372155227e-05,0.9974151923781064
114,0.00025693001254111864,0.001534237994421637,0.0072455228370180685,7.429930264216474e-06,9.510944337364278e-06,4.910763251601273e-10,0.0020783300437877,0.0014261724597973622,0.23038697340664208,0.7570548918801141
115,2.612784953975011e-06,0.05141522079220621,1.7403604740762346e-10,0.0005364462097703553,7.281145644019008e-06,6.120446589024185e-10,0.0025034068680798998,2.0441591610301424e-08,0.3752950385505642,0.570239972421109
116,1.155099366629192e-08,0.0010025595646179564,2.731678583228482e-12,9.617424654558566e-07,7.294528559863881e-05,0.004412475387471302,1.7978807642425928e-08,4.904541760712418e-08,2.1045011605636712e-05,0.9944899344302904
117,2.133027389992212e-08,0.08220859484470218,4.029139662045194e-05,7.304517933105146e-05,3.1487545861910474e-09,2.6575630978458057e-08,0.0044940107368135855,9.406494029845327e-18,0.15636165722504114,0.7568223495628321
118,0.5660545289264799,0.0011258647745004615,7.054238857679775e-10,3.2512925205999575e-11,1.094616479290279e-08,2.4765510240335095e-12,3.105864125232326e-06,4.152133286685596e-07,0.17147514576872294,0.2613409277662647
119,0.5091244166727172,0.00010134671553455953,1.598814037402161e-13,7.30154801533143e-12,4.54188700578518e-08,1.4868076434742926e-12,0.00016529672041072242,2.328363600999598e-06,0.0795248642786126,0.4110817018213055
120,2.9266032055004877e-07,0.16209166652718893,8.037308332060725e-05,0.00038815984124606663,0.6088588051868009,1.7282428931113937e-08,0.0005122000984932439,5.197890329202984e-12,0.0038213506911067585,0.2242471346238962
121,4.0280914914659306e-05,0.00010236979770192773,8.40837450160429e-14,1.1421932599665486e-12,9.199969805537579e-09,2.075697182752833e-12,4.108633420713904e-08,7.925484754444859e-10,0.05641398443403554,0.9434433137711934
122,0.00014776266701592008,5.261233006140567e-09,8.001619864093183e-20,0.010179431982297876,2.1385743629581145e-13,4.607298349494605e-09,6.004708486337191e-07,4.018559588521993e-13,0.020830465684363784,0.9688417293263268
123,0.4736172206353433,0.024477577480030696,1.2072059523519798e-08,1.7600820981061973e-09,4.316945733017109e-06,3.1938413234454215e-12,1.8728812052497123e-06,1.4998423261574875e-09,0.04488811413474861,0.45701088258776135
124,0.00048610346027700953,8.468345837306083e-06,0.04957714181730463,0.0002667042886216316,2.0099683544576054e-10,3.975266778865625e-10,2.3045348643971196e-11,7.67323653562677e-09,0.7567828161195639,0.19287875767359008
125,0.00023168100634830726,1.0866348570518162e-06,3.801721900521338e-17,2.6322208323721595e-07,8.005651243206657e-13,1.1024289379830866e-07,9.066309208433478e-09,3.6708628867015304e-19,0.0016511621475883936,0.9981156876791194
126,0.4616125814478938,0.0011282896881308797,7.68847499576047e-07,7.07695556101773e-10,4.7481570856630295e-09,4.1848415236930634e-11,0.00046913115631100143,3.07326031594212e-05,0.208087107644819,0.3286713831144852
127,6.8744232568695e-07,4.266294758683666e-05,2.978040454755339e-08,0.5359880342895504,5.99410012934696e-09,9.605394474404221e-11,2.39792104372249e-06,2.8034600255190665e-06,0.1902886708392547,0.2736747072296545
128,0.0001223864631625703,5.3354899064804035e-05,4.622294048653852e-07,2.2172105194214734e-08,3.906339744605616e-10,3.9777781202698865e-13,4.515533704859178e-09,5.170766411108573e-10,0.20397966972301834,0.7958440990896021
129,1.0175547860746913e-06,3.778012013266465e-07,1.4050334334535115e-17,0.4852415026472156,1.9451951624205923e-14,2.547255625689015e-09,7.48429015524469e-08,2.572314904510244e-13,0.043831859811315446,0.47092516479504754
130,0.001263878234144018,0.006480876277568521,3.400710113706268e-13,1.7918768173983222e-11,6.291790728691164e-06,1.669960806472036e-09,3.0245359423408123e-05,3.0945689071001756e-09,0.006398207642982473,0.9858204959123643
131,1.0048096300008342e-09,0.0002210698373779626,2.498191651038209e-14,8.91775204411187e-06,3.082769208242363e-05,0.0026222304231704272,6.549462504521028e-09,1.2466193480937666e-09,1.5182613770872911e-05,0.9971017628806378
132,4.539111290836783e-14,0.35762850257415313,0.6194071510927306,3.75111373399833e-07,1.3550377885750838e-11,4.985589785416468e-09,2.3641439589055938e-05,4.569677798870038e-13,0.003501577130011503,0.019438747652499647
133,0.5855013774879813,4.251541809437796e-06,1.0578719334395118e-11,2.4477028540041335e-11,5.327269969791009e-09,1.5029729331373113e-11,3.765302208933645e-05,0.010973568491628054,0.34335846288778044,0.060124681191356014
134,0.00020170358446930324,0.0219462048844977,1.2066768817643733e-14,9.628680482797717e-07,0.079589606161753,2.4995706901422607e-08,0.003769838183223733,4.47651427764329e-17,4.761048433175998e-05,0.8944440488379573
135,2.2045388667209295e-09,0.0005376636248477152,1.1780387455483565e-13,5.34610202253283e-06,6.737685497407452e-05,0.0031992329076517313,1.4169949493520072e-08,6.378823957308571e-09,1.5498640600395812e-05,0.9961748591164734
136,6.532806295863106e-10,8.229690795516113e-06,0.6751663811509603,1.5602019055609994e-09,3.95143903680985e-08,6.229801456664401e-07,1.3694635001301304e-05,0.0007282256106723953,0.10760115525361591,0.21648164895093605
137,2.32295131433464e-08,0.0026170812931535473,4.1090952101214206e-13,7.775832830813441e-07,0.00018659391733442932,0.0004636392613393662,8.753535240571997e-09,2.454558410269095e-08,1.2261878400101176e-05,0.996719589537446
138,4.576628963711452e-09,9.82175368282484e-07,0.7421132664707353,2.764510437549671e-06,1.6006986760557368e-10,2.9604990796514988e-09,1.562763592136715e-09,5.768512512188018e-07,0.2084450506447347,0.04943735008751145
139,0.0006514656994488658,0.17074080998534763,2.922875128296794e-05,0.0008871997507797878,0.004279676408066246,2.3495709984171317e-09,0.005746913844346275,8.224223983811312e-08,0.7713208442489229,0.04634377671999452
140,6.7002278763783e-11,0.0039458964042944356,2.0391553920110437e-14,1.6299544785951998e-07,0.00016245155403329337,0.0016455126378767258,3.25461787246574e-10,7.914467450481544e-11,4.258939848426686e-06,0.99424171699687
141,0.0007414184515397559,3.2583160766450064e-07,5.708512929402959e-17,2.2987533330549268e-07,1.6835126740617321e-12,1.7368344387048324e-06,6.308262815781828e-09,5.700930753654524e-19,0.0009788332719924534,0.9982774494251416
142,1.25611319177456e-13,0.0017834773002225665,4.56550066296907e-13,2.5860741305237896e-10,8.919227065645943e-07,0.0071284851137569,1.353194646486668e-09,2.1933311560786485e-13,5.043683885913849e-06,0.9910821003668244
143,0.06372488177281392,0.0030133899278362696,1.044699252020139e-09,1.9925723527790653e-09,1.0602023184383863e-09,2.032711385957255e-11,8.085235576300278e-06,5.3415814528417706e-08,0.2919126007737726,0.6413409847563852
144,0.2826465377369063,0.0010376148647723165,2.3754323739539837e-13,6.762609156484727e-14,1.7647001291700352e-08,6.550183069274099e-13,3.1305019244576275e-06,2.261460650540493e-09,0.0183718166923025,0.6979408802946724
145,5.901574245676015e-12,0.35065334880024673,0.177265182390875,4.2513596219607343e-07,0.17557754317618382,5.473173568850936e-07,0.20956625427259815,2.330198361947368e-12,0.00038249375867878903,0.08655420513986675
146,0.43367424750490335,0.00016700354258285862,5.620040434960513e-13,8.601478206617235e-13,1.6136697690005703e-07,3.8487780237478535e-12,1.0268148348212726e-05,3.0044316717202776e-06,0.07303057002150272,0.4931147449787433
147,5.571973972520358e-06,0.7398657904836771,0.016623718390826905,0.06758625897207016,0.07919670038880978,2.3215330670201565e-09,2.038167423881903e-05,1.5233019109722288e-12,0.017368206412558842,0.07933336938078958
148,0.00032312095354092264,1.2842192989659855e-05,5.204404407611336e-08,4.891741048796916e-07,3.169966026378102e-11,5.770391394196202e-13,1.0224466789644342e-07,8.691665533057283e-10,0.3200754717145684,0.6795879207746408
149,2.651800208834438e-13,0.002110045996763635,2.1910285716871342e-13,1.566476787246335e-09,4.3448235476379e-06,0.006492808544078564,6.923584583428956e-10,6.902265953089635e-13,4.141690493135607e-06,0.9913886566851072
150,0.4288658300546929,4.7599040225771745e-05,4.7995867822668426e-12,1.325295628273631e-15,5.01677555656473e-09,2.5801220073818103e-12,8.798355362284893e-07,9.585018398352298e-05,0.38798110523065926,0.18300873063074563
151,0.5861194767018981,1.462908519690251e-05,1.0863684784438853e-15,6.098629644269331e-12,1.6250733507518064e-07,2.856105552447856e-12,2.1284217002841933e-05,2.136977793377768e-06,0.1509133846503091,0.2629289258515089
152,0.538863180502716,1.3456835883733323e-05,1.5641747647170984e-17,2.807060859183897e-12,6.968577479525125e-08,2.490566610836833e-12,5.493217207526401e-06,1.1178616484770967e-06,0.09012143920354998,0.3709952426879218
153,5.190742409465728e-15,0.03157241495843217,0.5758512167074422,8.140987559294418e-09,1.937548580518811e-12,4.827281860036554e-08,0.37600963060368775,2.0627065653556836e-19,0.015571919573898974,0.0009947617407900717
154,7.565956587457231e-07,1.053500345411882e-06,0.00022087734116903892,2.2861961170884146e-06,1.0964989447555293e-08,2.9305365457966138e-06,3.390284114768093e-07,0.02621262464467265,0.22092146797307022,0.7526376532190202
155,0.00030779245342954845,3.4937782535084935e-06,1.709552603510262e-14,1.091660365153259e-06,1.3752060622754183e-10,7.76940724390458e-12,1.5918759639220053e-05,6.657041982113398e-08,0.2447193064070387,0.754952330225547
156,7.139747962742602e-09,0.0003970146144022652,2.569754254817012e-21,3.449182357449513e-06,0.14328548190272666,5.449601848502358e-05,0.0005790066768815387,3.2579864693737536e-13,6.117368570396922e-05,0.8556193707793693
157,7.149822627339804e-09,1.3631609062559834e-05,2.318784573250353e-11,1.433311303295733e-19,9.348457202104685e-06,0.3433652485082533,2.0144785140923468e-07,5.408032133089066e-05,0.0018486169067613212,0.6547088655765281
158,8.89072663620582e-10,9.434012740046918e-07,3.9314129907755755e-07,5.49313126603494e-13,1.46952372328785e-06,0.2441679703798373,1.4570701991648625e-06,1.719804620302531e-10,0.0001932174898591194,0.7556345479322056
159,0.6098899469862166,7.336714401165008e-07,8.01691384372899e-06,6.947773560610467e-10,9.759761591756298e-11,3.293390219915261e-10,2.145203231793751e-06,0.02759746036097358,0.3252422323382746,0.03725946340430569
160,1.187064324680892e-11,2.6244597413265026e-07,0.7753308144320958,3.3868826516362514e-12,2.8558376284716297e-10,9.258837593001718e-06,1.5836658629764352e-07,0.015468065806187323,0.12990733575679736,0.07928410405392472
161,0.23477774872109733,0.00019735376628010344,7.055808790699992e-07,3.706364231483424e-10,2.301016777869584e-07,3.0284882212399816e-08,0.00486379977075271,0.44440688780053966,0.1723331372042296,0.14342010639902508
162,0.00022239544304576364,0.012193880878747447,1.2138994991371206e-08,1.1052727146257251e-07,0.7911104415247363,6.808491261728288e-06,0.0025206647886803226,5.455474720799109e-08,0.007342174993380178,0.18660345665913466
163,0.5852800865069997,0.019343001621247583,7.892878639448727e-07,5.2494689674372355e-09,9.89034510976621e-06,3.81550181366941e-11,8.166343866109004e-06,8.070774856692435e-07,0.08398318461477393,0.3113740689150293
164,1.327849484450009e-06,8.11470150514778e-06,1.4015725140728432e-20,2.7253663493764503e-13,3.6470908901188654e-11,0.3830728290485015,0.0014378642387082793,1.8355366566429021e-19,1.8722577090604327e-06,0.6154779918673482
165,9.363359993838016e-11,0.0008564515815183476,4.263534614522183e-14,4.337275670835241e-07,3.128932159376245e-05,0.00365543068005476,1.543734253437715e-10,4.865742249382913e-11,7.307486261833409e-06,0.9954490869062971
166,1.9033383689652348e-06,5.8759040769228264e-09,6.865498309597246e-12,1.5326972222500468e-15,0.00024361702959800038,0.2796351132115197,0.001330344948611117,2.0684627334194043e-09,0.00014260611927544722,0.718646407401393
167,0.31722293118807837,0.0018616142454602846,0.007613700341010969,1.309261677522341e-07,3.34895904877958e-05,2.8932417766556797e-11,1.0363099779228911e-07,1.8427618799037779e-09,0.014264329417169975,0.6590036987889328
168,0.0003654620216252153,0.0004754824512141663,3.537020640075908e-12,7.587580128370415e-08,6.959990325441726e-06,2.6664023261686497e-11,1.4908104790264577e-06,4.837971041774258e-11,0.0028758528924480646,0.996274675879526
169,0.029562410215495643,0.00034174645812252145,4.641367136772856e-11,1.1174346096990116e-11,1.9627237729119417e-08,4.893480273311415e-12,1.9911588246022573e-07,2.181588438166305e-09,0.09190594820069647,0.8781896741384951
170,4.157035220007725e-05,0.0003670311933641838,1.671258071192152e-13,1.1612435345646879e-11,4.2194055004810045e-09,3.4733151936153726e-12,2.21937404469091e-07,2.0749764259973183e-09,0.12258698685565093,0.8770041833517456
171,1.2084443681729437e-07,0.034190684483211116,0.7414795937362355,2.7531018241350123e-08,3.88833529008109e-07,2.3038480814191148e-07,0.05373971266100376,1.571577770338424e-05,0.01835205178594167,0.1522214739621123
172,0.00030950562518697013,2.7229874561583532e-05,3.372878974727591e-10,2.4263566100109937e-10,1.7682987420539692e-10,2.1342901612590705e-13,1.930611505782277e-09,1.2322117391401252e-09,0.2532861169115914,0.7463771436688699
173,0.05611438730110055,8.5805732378608e-06,3.73259193632991e-08,0.00020152300279060805,1.9939927268994675e-07,2.982255178606548e-10,7.274869067433622e-05,0.00018195527905631007,0.6255062176687646,0.31791435046095834
174,0.008812176006070828,0.2747220979995051,1.610682555676295e-06,0.027224836460399277,0.015243457036447229,1.1457052773279106e-10,0.0012403054040023283,3.7460372770611786e-09,0.6073550712063752,0.06540044134403661
175,6.33358590674232e-11,0.00240810647004382,4.31344600935358e-05,0.0007710919809077548,0.5602740519001346,6.14249644867721e-05,0.01956883912055594,2.089438769777385e-17,2.387582141105089e-05,0.4168494752190308
176,0.009825448085681296,0.036736164258724974,2.2539978052406125e-08,5.540849714524576e-07,1.259709055543442e-05,1.8643542828696605e-09,0.0045711902111080895,2.075185859390648e-05,0.4314605666121447,0.5173727033938877
177,2.145045518165676e-13,0.742866725828778,0.0004852530622075184,2.8130218758638164e-05,2.113266727965895e-08,2.082399300377869e-09,0.0008340097963998383,1.4722312509788255e-14,0.007624328701030746,0.24816152917752946
178,4.905498534449716e-12,2.880433864795878e-05,3.3070857883459932e-15,2.068813317259388e-07,6.449672445922582e-07,0.001689956583775427,2.3147579704776836e-11,4.728231449547633e-13,8.072117741391205e-06,0.9982723150827297
179,0.14573229325734657,0.002228577785294354,2.1191878323699776e-11,1.3061839673287942e-08,1.975582643973644e-06,2.1005432473648235e-09,2.566300221843742e-05,5.7307902740774525e-08,0.014024966612955795,0.8379864512680634
180,2.6085395852255786e-09,0.00032412282690028293,5.190043495308019e-14,9.102326495536343e-06,3.515466187655603e-05,0.002302601560755747,1.969897402385129e-08,4.996230654236693e-09,1.7851049210265568e-05,0.9973111402709655
181,0.00018292488452868332,3.4432414856067005e-05,1.271215087249513e-14,2.2552705412018804e-10,6.370920597795988e-10,4.04560816782985e-12,2.151485078312015e-06,1.6523931110507605e-08,0.14280467707848712,0.8569757967464413
182,9.403332513040506e-07,2.090154023027627e-06,7.585883909383364e-13,0.5659626530720028,2.631848384036197e-14,3.6939667502166697e-10,4.511877939518547e-08,1.0327875726173775e-11,0.06193713612962551,0.3720971348118086
