,proba_0,proba_1,proba_2,proba_3,proba_4,proba_5,proba_6,proba_7,proba_8,proba_9
0,0.25481630233889013,0.010036456815658033,0.0006709734747550529,7.493028369256275e-06,4.1844787943021114e-05,2.198529624949969e-06,0.00034126513757828773,6.433319493639286e-08,0.07418121848916748,0.659902183064819
1,0.07035032096171331,0.005082065884220061,0.000810781850776179,4.349567030995672e-06,0.0009463118903296668,6.044523712225015e-07,6.324318484448225e-05,6.506551519830473e-09,0.2369426545581814,0.685799661143981
2,0.04005201800826909,0.0009226234601761935,0.0005178562315158152,0.00019380190184666788,4.772246831344258e-11,5.84741730244764e-07,1.7124120694500754e-05,2.2064799878732023e-06,0.678959339924645,0.27933444508341215
3,0.6917479752091213,0.005936884531382869,5.82206377959499e-06,0.0004861373541433435,1.4328775818891813e-07,2.1116894852705643e-06,0.005429072011849893,1.469791749708232e-05,0.2389875103049109,0.05738964563007151
4,0.20416991433382184,0.00010270032110988954,0.00014697013578080938,0.006145222938773775,1.9419930845672762e-10,8.314433946750666e-07,0.00012791619058401106,0.00016744715071162795,0.31657835806141066,0.47256063923021335
5,2.5847162520731744e-05,0.27829569201922894,0.11029479184803398,0.036556038728600075,0.4249951628366586,0.0006397921874459093,4.976040396183186e-05,1.853752004424129e-08,0.0017249654355081633,0.1474179308405216
6,0.5916741753151905,0.015295180337873242,7.956850271129366e-05,1.1571494341892057e-05,5.768873955349964e-06,1.181328119828939e-06,0.0018011699367503995,3.2135398699755495e-07,0.03151478287979098,0.3596162799772795
7,0.0008013799421907409,0.004497736121101281,0.00028263025006892154,0.002678098046469962,1.920694330763737e-06,1.4469363629357046e-07,0.0009132728598011218,5.9235167138310135e-08,0.00374316295783329,0.9870815951994005
8,2.4244306077454622e-08,0.004804329871271823,1.4563797855034885e-07,0.00012526421348020727,1.2489483132683816e-13,0.00579953638907508,8.3372077059308e-07,2.8462357692810663e-05,2.174385691852702e-09,0.9892414013909143
9,0.0013631784514194904,0.0275154276966576,8.406378940458565e-06,0.38449588923784467,5.825916320233616e-07,8.046988872925597e-06,0.00016985171737601823,1.5020427601780426e-06,0.008893286255355085,0.5775438286391416
10,0.00034123373050798237,0.012380484179939071,0.030531275572055046,1.2975568916230316e-06,2.394767495988415e-08,3.2077868653902413e-06,4.183220850731475e-05,2.4362911301619445e-08,0.11722943059039162,0.8394711900642557
11,0.24202017391096503,0.01111234647707435,0.00033272091389928904,1.2075738103247712e-05,0.00013042170418628288,2.8310671261797644e-06,0.001720728786215289,2.6632256126282997e-07,0.095534720480091,0.649133714599778
12,0.5039524410739672,0.0025968921982600095,8.77230364211188e-06,3.3145249240135246e-05,1.2469726180081617e-07,2.426552994785913e-07,0.002819642781474741,2.1976227469632955e-07,0.10368867013536184,0.38689984914321807
13,0.0124933767396679,0.02434882266036589,7.768579047004688e-05,3.134982601754412e-06,0.009718814501511778,0.0001277875670048016,0.0003019477257728659,7.72454873083811e-07,0.04852974575628766,0.9043979118214442
14,0.1487540920183942,0.00039390653001038873,2.1147269075501303e-05,3.4157533656819726e-07,6.385584564493379e-09,1.1970315129984648e-07,0.0010469914106745657,5.865165794108753e-10,0.2702903233420632,0.5794930711791931
15,0.0012052149755792073,3.033064501085273e-05,7.219074670118802e-05,0.0003322589995025335,7.798343502282759e-07,0.04005610491864422,0.18528793843634672,0.1274684840657711,0.0005066463570125263,0.6450400510210814
16,0.003950067053088591,5.863350637582815e-06,0.00037472302370944124,0.008911018973718281,2.0728083723627876e-09,2.1071683302583754e-05,0.00017493812910424067,0.6237792088953823,0.28694929435728855,0.07583381246096006
17,0.00020696633083110383,0.0026295284017265603,4.952636746646158e-05,1.1070069316065848e-05,0.6772111176991278,6.135142804145143e-06,4.481443937091136e-05,1.999712054035182e-09,0.012026860471118624,0.30781397907852626
18,0.7233245615787901,0.0021391098974815888,0.00011211690740353658,0.0006835560919255377,0.00022980099305611523,2.7291090922821037e-06,0.0003541095873448744,4.295693678288619e-05,0.17150621497543564,0.10160484392268745
19,0.0032136049100877427,0.03647205234660197,4.1074156784550945e-05,1.0007010055455753e-07,0.8433727766689486,0.0008021929646430119,0.030307963705762442,4.0553565608963184e-07,0.0029408507174246215,0.0828489789239903
20,5.473576822119607e-05,2.2729112910383056e-06,0.004160797420803402,0.002341619527834188,2.7218404731231027e-09,1.9758023981775155e-06,1.800697154617876e-05,0.5686348316636919,0.0149971872256177,0.4097885699867559
21,0.0791737340588414,0.0017302265309353344,0.00014400273578324296,2.0035552120822244e-06,1.33684575167306e-05,2.9747595335996645e-06,0.0006319523339306285,3.8525556388983135e-09,0.0396780177223267,0.8786237159933646
22,1.1142154346604499e-05,0.004561056065792394,9.972069302423282e-05,0.3093855354404117,3.971855023268546e-08,4.0004681817371495e-05,2.9487437589105827e-05,3.472499428633862e-05,0.004985166001028212,0.6808531228131538
23,2.5786353417747602e-06,0.001505924742784729,0.004459792465886296,9.845258091410034e-06,0.7561296352805126,4.4373568105841324e-05,6.702320402279882e-05,5.699510574853079e-08,0.0006770254854335887,0.23710374436471526
24,1.069260519006864e-08,0.004588126603687677,0.6711260275765392,3.273544751248393e-05,0.0006207789093134117,0.00011496705321551716,0.005776221752885214,3.013907612894096e-06,0.0017096692066001832,0.31602844885002834
25,0.10210220701179955,0.0008508027221036531,0.00018157378152850197,3.8642103858801266e-05,5.827081157959589e-10,1.2236515279881182e-06,0.00028112112455642394,1.6798500535050764e-06,0.28989211566597756,0.6066506335058859
26,0.009524555786377361,3.1542398451912527e-06,0.00011058774784075656,0.05191680486760981,8.971155017134003e-11,2.4053704427672945e-06,1.056858734389442e-05,0.22937832220563187,0.4431956114657353,0.26585798963946145
27,0.1394634651114995,8.707941023934856e-06,0.027676153878141294,0.00010889502687154083,3.395765298552817e-12,6.629204716027049e-07,2.3201593728964546e-05,0.002867656634681102,0.8123610839132166,0.01749017297696968
28,0.00015521845357528753,0.023833370723256014,1.141753060587733e-09,0.002184305334464969,1.0334793536345632e-11,0.0022546687742315517,0.003677436409279746,0.0015762215170579226,7.2684200170567095e-06,0.9663115092160296
29,9.54340499852958e-06,0.0021768913982746305,4.219091655363929e-05,0.6361616054905072,4.6057278949745366e-11,0.00010716305398070362,2.126811444420623e-05,0.00514228672426093,0.001040292480198978,0.35529875837072417
30,0.0008123246002275133,0.10266228899248961,6.990809375662339e-05,0.006763742024279037,0.7982012999001262,0.0010846110662895289,0.06007778195732025,4.7343904291761454e-06,0.024165486933587613,0.006157822041494422
31,5.162787635190766e-06,0.15014772878445462,0.11476367052891955,0.25648029378192594,0.0011001969674600263,0.0006214384915614067,4.2090167391808367e-05,1.867592835236252e-08,0.018519617843116464,0.45831978197160667
32,0.021146618614874872,0.00047429661837454523,4.13096616297573e-10,0.06388764721181832,2.7750372859815607e-10,0.003805170387777483,0.12777692284978814,0.00045022858713554114,0.018907565285581417,0.7635515497540495
33,0.001908231973996274,0.0007117166046754454,1.9907791434107304e-06,2.6324827022471757e-05,3.0100305445948743e-09,1.7846339573282e-07,2.5223943144689654e-06,5.881498660347478e-10,0.14066096486138205,0.8566880664978898
34,0.04994630078919551,3.039985637099879e-08,1.1167854036314064e-09,0.004268056203363735,1.037537788733711e-15,6.146567628352334e-05,1.3094271727114285e-05,0.00014716217856121448,0.012581790726428791,0.9329820986377974
35,0.3681458443609585,0.007740775188862723,0.0006188796333388764,3.497302885444642e-05,0.00018039849246410995,1.2220282546197265e-06,0.0010509580321748208,4.311912158780828e-08,0.07675490235658446,0.5454720037593858
36,0.0051047229381497045,0.0001555816150619028,0.0015799197976685418,0.0010021755586714066,4.1085834870590524e-07,5.375255479737999e-07,0.0009354729815619059,6.416687128070706e-05,0.42831843507367007,0.5628385767800391
37,0.0009490846244238016,0.00024844423869268076,0.009050230753991736,1.1613334656076199e-05,2.001267439838023e-10,3.616681644243264e-07,2.196419435196239e-06,9.631498134259611e-07,0.36448437244428755,0.6252527331664084
38,0.00023011296713298455,0.0001981777835154151,0.00037674199279154173,8.879959619678063e-06,1.3870742265673447e-10,3.9132230597636364e-07,1.7958872777538216e-06,8.249046603255678e-07,0.3423232641809906,0.6568598108629984
39,0.03547653800878081,0.001326326679220766,0.00011771534631341094,3.033621282176236e-07,4.005225255524551e-06,1.7991428883035007e-07,1.7757242908375193e-05,4.758188103006496e-10,0.0877998191080629,0.8752573546372223
40,0.00015341342434104332,0.3894283824171607,0.0018844294658601041,0.3289578165460691,0.027000618534540645,0.00047903113337549683,0.1669307729736763,4.9724195784320085e-05,0.012934367124757528,0.07218144418443478
41,3.1043631062218555e-05,3.2528379880487236e-06,0.00320404113838587,6.752829573966612e-05,4.554129065438314e-10,2.2108216410202476e-06,0.00014444017169804846,0.5712867442810597,0.13815465239168917,0.2871060859753232
42,0.006301466262961905,0.0471751328982005,0.015322943063983603,0.07281314508639902,0.10017575586219654,2.574308193914737e-06,4.8188471177905916e-05,2.455947159185341e-09,0.0012740984298508344,0.7568866931610886
43,1.0586695999530739e-07,0.049634952780971284,1.0836395395200452e-05,0.04639902538887172,1.681850565002025e-07,0.0005726310939204861,0.0002107320029527363,1.7701036740117644e-05,0.0003600000077606062,0.9027938472413715
44,0.012598337567514172,0.0013926943186867307,9.5938564511163e-06,9.01985732740969e-06,5.0740012816426616e-08,1.8472557070305258e-07,1.6131258776290196e-05,2.34705679594463e-09,0.08628150705923325,0.8996924782693707
45,0.035398230593660866,0.0006476495600167832,9.225692672031257e-07,0.5632249307096929,8.129293369752047e-10,4.844498206916342e-06,1.4158928126396917e-05,0.0022327491192544358,0.19307217850825256,0.20540433470059247
46,7.374951619661914e-05,2.0617935512181792e-05,1.795223686959069e-05,4.8835105427053e-06,1.4309761816911664e-13,0.0001710669786824081,4.967389296301864e-06,2.1052976759771332e-07,0.1356956557202337,0.8640108961827557
47,0.3228157413017295,0.005873726689140197,0.00044129517087840373,4.397451840864575e-06,2.3059777156406032e-05,6.527340645381022e-07,0.0016926129825733935,2.0847152327902518e-08,0.06202458797973885,0.6071239050657256
48,0.0012086210728404297,0.00045951797209984186,0.000467305222008254,1.944416279241921e-05,2.8952600311801063e-10,8.096656593096187e-07,1.8150397939971327e-05,1.627538923502718e-06,0.26440977862374565,0.7334147450544646
49,9.436455417497012e-06,0.00492630969688962,6.131938871578126e-05,0.07137775119014983,5.2561682521241354e-06,0.06310886959690205,0.551038683589657,0.0019545410305347815,0.0004790414377595113,0.30703879144572177
50,0.001360910831774187,0.06451312974147626,0.0030584318530319484,0.2107175100496913,0.4647714897382213,7.251149908123875e-06,7.643259665404262e-05,1.9424655101288097e-08,0.0012890921011328325,0.2542057325134549
51,0.3501943367825175,0.0031401767743345576,5.9427559348571115e-05,1.025167381639944e-05,1.964675213750967e-07,2.085334198825842e-07,0.0007739117313992878,2.4765030263048725e-08,0.21551482384574056,0.4303066418668716
52,0.134907556363511,0.0021938332705021104,1.5370018253317887e-05,0.018559399525461033,1.9078562756748467e-06,5.20385169999256e-06,1.5363828019632784e-05,0.0001480909561997154,0.5750709069225977,0.2690823674074798
53,0.0732458027266878,0.009433529566975135,1.560212609969888e-05,3.5412083245513556e-05,1.2704711660647895e-06,7.753155852657313e-07,0.00023754762693281603,1.5558465355903464e-08,0.048246981200420036,0.8687830633244222
54,0.5630998335337336,0.0032685543837141307,6.723184596711535e-05,1.1728230779951964e-05,1.3871018895945178e-06,1.1364064335765378e-06,0.0030028314151330847,9.785635880416574e-07,0.08307408169377792,0.347472236824983
55,0.5178619010415161,0.004078598439686109,2.6138550851840466e-05,0.0004948304361565674,1.2619829086900064e-07,4.3473353925045145e-07,0.0006724754393668307,1.6116786788446205e-06,0.09507485350469749,0.38178902997721614
56,0.06166906785601002,0.0005715605851121081,0.00023333749569625246,6.026424080738972e-06,1.0029592577499503e-08,1.8810603757466114e-07,6.16363655042888e-05,7.746873813195707e-09,0.20919508296211642,0.7282630824289763
57,7.478384627807116e-05,5.922994902243641e-05,0.00041329080979669413,4.317687598569183e-06,3.0459681761968873e-11,1.8166206171881033e-07,2.766178851784339e-07,1.09904199532729e-06,0.5057745850090334,0.493672235345869
58,0.5909122328730616,0.0013580843097616342,8.097137337424753e-06,2.4210483286107087e-05,4.8298738640395664e-08,2.386050706918511e-07,0.0018131745309424832,1.4845450187830803e-07,0.11928158445617286,0.2866021808511267
59,0.002652893918923352,0.26673453414954407,0.0011205693060906859,0.001276958457539063,0.6287530587914062,3.220799915278256e-05,0.0006478594653952376,2.7463738271518535e-08,0.004133137330500687,0.09464875311770982
60,4.936961918498454e-06,3.9980838823483594e-05,5.395238883663146e-09,0.00041073750466465137,3.051863996667849e-07,0.06404574091884573,0.0006862645688571126,0.009496980283890873,1.9234019717309473e-11,0.9253150483221271
61,0.0003950056412782417,0.12645031731030523,0.022924426855654982,0.017163013282593842,0.1299715117022013,2.3678461219455907e-05,8.493798012659703e-05,4.59113639255845e-09,0.0016122372714488004,0.701374866904035
62,0.038935328244989006,0.0014846601762110844,6.636941025770062e-05,6.206483240539211e-07,1.6776391792121895e-05,1.8273487273865435e-07,1.3190309072222016e-05,8.010210321818695e-10,0.09565659271157603,0.8638262785718841
63,0.00953053765558032,0.0003212515098016037,1.2142816505170702e-10,0.023346410616299336,1.2534992452152225e-10,0.0008310550396278249,0.04447164291783198,0.00017751213679640434,0.033505638936132,0.8878159509411525
64,1.65791261805301e-11,0.0062684752520744584,0.7296520923465967,0.0004659738207014628,0.0015232140899133129,0.00014916860361641144,0.0023123719574961185,6.456191843883869e-05,0.001789942265916816,0.2577741997286669
65,0.0014937869394205856,0.0001592646193633562,0.0017986501209362423,1.9003075805239884e-05,1.0714949444045432e-11,1.104020222506794e-06,1.180918292217508e-06,3.5401539320797645e-07,0.7671525886263962,0.22937406765345542
66,4.047984528461994e-06,0.6098314767566628,0.0403347387220678,0.03526551165766434,0.11586370314817639,0.0006275106179324596,0.17705143217632072,7.234229385738838e-05,0.0038793196842823578,0.017069916958507222
67,0.000166095427466986,0.001936486870351916,6.769513692760149e-06,0.00029875681304044385,3.9483225852508006e-06,3.672099664155301e-07,0.00018095786418446486,4.8955058436772264e-08,0.00785241276876679,0.9895541562548865
68,0.0006003119784110129,0.01770631667785074,4.359007139669146e-07,0.07668614226098612,9.892242606659505e-07,0.00019685262058423346,0.0885273741139428,0.00016540222312673103,0.008041016485623394,0.8080751585145004
69,0.12526199074041924,1.9993798709884653e-06,3.316079938608936e-06,0.053890673945294267,5.55760330943065e-13,2.7775100714782886e-05,7.390844347400371e-07,0.00478537739448016,0.14342383875058595,0.6726042895237055
70,0.00668071955457189,0.0014436634699847525,5.039036984864278e-05,0.013243533863358657,0.00027126897880040744,4.423503683665457e-06,0.00022829793798170752,3.741097487100187e-05,0.42641431542772007,0.5516259759191792
71,0.2825449146529629,4.77546853631293e-05,8.76017510044253e-06,0.08405601321966308,3.1001390028446607e-10,1.1028832733079188e-06,0.0002639099534978584,0.02132733165088573,0.4967989881404304,0.11495122432880923
72,0.0002685034302188061,0.05407408014016537,9.516954071498221e-05,0.00040055527102006146,0.6625091586711438,0.0006010685098195223,0.27007316408782156,0.00013564749403325677,0.0034869235049160238,0.008355729350146692
73,3.8371356264846186e-05,0.1089454819020788,0.0324299596130146,0.7257485637476359,2.565601014988569e-05,2.587083259344902e-05,3.539179261920855e-05,7.466092661349873e-05,0.06612059572661658,0.0665554480924132
74,0.0032613919093008896,0.0018524070476282906,8.631971423831401e-05,0.00011424084272558965,4.3560829553659084e-10,2.074636818453246e-06,9.026842497356618e-05,1.6178388151793026e-06,0.3263806594215567,0.6682110197283347
75,1.3046908143181046e-06,0.010680803971415511,2.4614225390125064e-06,0.0766760002361014,5.009120329049963e-05,0.01504903166429635,0.03591990742351424,4.50174014999036e-06,0.03638029373169539,0.8252356039161833
76,0.14472638952013236,0.0030972124674393106,0.0022575458032683634,6.596226947172679e-07,0.00012714075120075246,4.771912977301762e-07,0.00011903334589786871,1.5570944561799878e-09,0.025459242863934653,0.8242122968770398
77,1.617096903180524e-08,0.0023507877125864105,4.2042563045042025e-09,5.66190612301491e-06,2.196937141368377e-13,0.010138310645753521,1.140796329210194e-07,2.104725282174519e-06,1.939388913537302e-07,0.9875028066162856
78,0.10981109039670738,0.0002626193372118157,4.759844167076296e-05,0.20711773016235252,4.4296171712146534e-10,5.69459576469087e-06,3.372686780131527e-06,0.009058806453329214,0.5299985436272197,0.14369454385600217
79,2.193539154428242e-10,0.007563787736077484,0.9610330301565602,0.0006807646665710294,2.988888848304334e-05,5.099858328546299e-05,0.0008239517805042913,0.001295453842888899,0.010078348134800312,0.018443775991475474
80,0.030400909647272264,0.0013287965903926759,5.2528126716033604e-05,3.0353580303446202e-06,1.092600284580855e-06,1.3675466779778054e-07,3.1018411870376265e-05,1.915109766805085e-09,0.09771650111043394,0.8704659794852221
81,0.4313898829256292,0.0011992699310702623,1.1827439884035759e-05,5.889840480606708e-06,4.946281871588153e-09,2.880326510154683e-07,0.0006555255747512323,2.1415816706927107e-07,0.2791313515856235,0.2876057455654612
82,0.21149676687105617,0.00038463688301968596,4.210356535893695e-06,7.551599191265851e-07,1.4123609674773577e-09,1.5510442904316218e-07,0.002398410359171981,8.203543628996864e-10,0.26567564294258783,0.5200394200905649
83,0.7358993901467324,0.007838861870005641,1.568859996611347e-05,6.213742630231905e-05,1.4809265570914082e-06,1.2249754756321515e-06,0.0030074885398219653,3.3548669924254176e-06,0.07828727945826289,0.17488309318988335
84,1.6906891599119178e-05,0.52335878595474,0.00076218542344708,0.051544617925578254,0.31724811070068826,0.006840239855312219,0.06315994439157643,2.0216254262339215e-05,0.0020132985101805933,0.03503569409261564
85,4.199902195044203e-05,0.262633645259765,0.01853877365135416,0.01893842116660907,0.0003230809381474011,0.010926982411682926,0.6790944132483935,0.0004860916202145965,7.662088512944853e-06,0.009008930593369945
86,0.0007578564403276223,0.0013540652188725943,7.96226409858335e-05,7.849659958502337e-05,1.350176023081525e-07,1.9070619806451463e-07,0.00015788776526072512,4.962095066918344e-10,0.01845743178297354,0.9791143133319848
87,5.453204031440241e-07,0.23275116399734533,0.012926676582022487,0.011121145652424218,1.595683001395211e-08,0.1440375491083912,0.02478513254433848,1.343973807440335e-05,0.00012981755053701475,0.5742345135496336
88,0.40557229970368985,0.00014341399146438878,3.4773966169336875e-08,0.00022012861279565763,3.8770910668558465e-10,4.578620873145675e-07,0.000697037623275116,8.883450838720189e-07,0.06652254433094086,0.5268431943689876
89,3.160340485070619e-08,0.031659932852742226,0.9303602482533813,0.0002185681124579207,0.001930766424665666,2.9436364375708043e-05,0.0003470495753498435,0.005014553323995444,0.01950765431812842,0.010931759171498617
90,0.4093440395501261,1.798187825465666e-06,7.064769129558735e-06,0.1056483406552434,8.828400846980394e-12,4.203713818456589e-06,2.036848694649176e-06,0.1236509041117309,0.1340267886960549,0.22731482345854812
91,0.3124446671585721,0.004507019663568998,0.00012168005433584445,8.98504062506532e-06,6.478882572021317e-06,4.494434287722837e-07,0.00021336457165665288,1.2207619722773856e-08,0.06598971745649096,0.6167076255211298
92,2.739910781115864e-06,0.14077311249877464,0.4150296142324294,1.3574620147127531e-05,5.928985125318689e-06,0.0010634193455751268,0.1294183782390292,1.743977235680002e-07,0.3067652633471253,0.006927794423289103
93,0.009875904562616757,0.02406717730634753,0.009161375894656818,0.014184028117164727,0.023506769691126563,6.999256123788387e-07,3.710239260709468e-05,2.4884283354732606e-09,0.0027217782228805094,0.9164451613985592
94,7.707696802386342e-06,0.3020699178627919,0.30689605177205576,0.0064843014645534405,0.18793333158272216,0.0002227851876581222,0.08610761105540803,3.076256421956848e-06,0.039885040769375324,0.0703901763522109
95,0.18080151968136546,0.02898708463151984,0.00016065714053797002,0.00406527413320411,0.00034098467921988185,2.256066622627467e-05,0.009290082661965442,1.695199999230621e-06,0.19124651180459132,0.5850836294013704
96,0.1314572210995224,0.08979551402115923,0.0008429530065266973,1.5350400830486946e-09,1.778081667352312e-11,0.018768052929874005,0.7445858822945576,4.733711489820798e-08,9.870305028357144e-05,0.014451624708140562
97,0.00492440131664883,0.0012433627858707986,5.7155306492050254e-06,1.2836867906450438e-06,2.3831216033174928e-08,9.454938142477313e-08,6.804646231998225e-06,1.7164760577853862e-10,0.06736963472009404,0.9264486787614694
98,0.5603825634255117,3.57036779661556e-06,4.204204060791909e-08,0.01154000124574616,2.2429769954562715e-13,2.0019674915954226e-06,1.139851270279327e-05,0.01596083479978673,0.061475887909237185,0.3506236997294623
99,0.48797743651096015,3.487420885680177e-05,1.8921681567431862e-06,0.0007142279909369828,7.908688291986147e-12,1.7111674437960433e-07,4.689659103268083e-05,7.910145465779901e-05,0.22056764246272398,0.29057775748802184
100,0.0040949166803004155,0.002966258626891872,6.042614546829628e-06,0.00011771982135126081,1.033160737669719e-09,1.5254049977646514e-06,0.00016408531700017192,7.4422498743979835e-06,0.2703136468113854,0.7223283614404911
101,0.02300808888288323,0.021204056876697082,4.01436481024625e-06,2.1115620153281497e-08,0.5729083507597815,0.0006160848608538466,0.011150175133221342,3.392513096042857e-08,0.017505327804235,0.3536038462767666
102,0.005448413720871025,0.03587950783842475,8.51327450937687e-07,0.01477821127954952,7.458084057195009e-10,5.1284747156396886e-06,1.602481368562201e-05,2.436120478866354e-07,0.1520148562916459,0.7918567618958002
103,0.2487406341568427,0.0020136426204403453,0.00012681789539812765,2.558988989700517e-06,7.957045769977293e-06,3.63077622915156e-07,0.0007493890604068318,9.251164578745707e-09,0.08346970796606505,0.6648889199372997
104,0.5530705648248511,0.0003948249238870426,4.272666289749145e-06,0.0026048440102258287,2.1012719795700594e-08,1.6145622143434737e-06,0.00017360711400715899,3.851338326165934e-05,0.21630235124659433,0.22740938625594906
105,5.126609132730682e-10,0.040011118465088646,0.9265920802455736,8.100423765272282e-05,1.654259404227301e-05,2.9942740052542114e-05,0.0006709858964476671,0.001034314586722319,0.02855945563230279,0.0030045550894563836
106,0.09050096244378927,0.0026622022639345073,0.001571724905878551,7.274111121088299e-06,0.020997495609030834,1.216796274698861e-06,2.6816234871379922e-05,8.218740410375272e-09,0.049784586535118976,0.8344477128812404
107,0.2549416883248037,3.603440352593465e-05,2.4249724745733297e-07,0.0014803121575396802,1.1111005954221505e-09,1.2827679743036707e-05,0.00023575331582122288,0.007702476411061985,0.254289585435571,0.4813010786635854
108,0.0049160365158251165,7.53636981655668e-07,1.0502803606982859e-07,0.17931128698758497,3.403576267561796e-14,6.018567534971659e-05,9.519000341695823e-07,0.0014992811136566996,0.16731617818656871,0.6468952209559289
109,0.03075403139760547,6.920308007554483e-06,1.2641054276471178e-08,1.3295781083601467e-06,2.516642556216153e-10,0.004172886812777194,0.019119558459102258,0.2871585476350531,0.000581842556102203,0.6582048703605253
110,2.8935347771414682e-08,0.033792667511041756,0.59408730914206,0.003536452977264721,6.484935136004967e-07,0.0014293889393558591,0.025022423074346847,0.005172062178599753,0.005963095648343526,0.3309959231001261
111,1.1213195885399446e-05,0.00015385018006982166,0.05127237720592163,8.529374931778501e-06,8.565534400445846e-08,5.0476872149297514e-05,0.00039738539861978864,6.318967649932051e-08,0.04050222408166214,0.9076037948457397
112,8.177667295819988e-06,0.020661602554838857,5.1462576458280954e-05,0.0007041240656244971,0.7759865981155499,0.0008735041421353281,0.00031175455400639943,1.6681312639068078e-06,0.05831966173889602,0.14308144645393092
113,0.006983222730321769,0.003468713180401751,4.692859489291006e-09,0.008422399390930644,3.7969899931568075e-12,0.00045808534301555845,0.006399126446988341,0.004537531432038983,6.130251223998761e-05,0.9696696142674065
114,0.0005486012800939858,0.0005760855428326202,0.005593280473528111,0.012048308206527133,0.0009597018871154834,5.898228694861133e-05,0.00020960769361445046,0.0047266794963262675,0.2365592086572859,0.7387195444757274
115,0.0006981994446658926,0.0072944019160101365,1.789623423116454e-05,0.0061874259653804595,6.02583991423038e-07,1.21267592608697e-05,0.0008175999837037808,1.130841992410027e-05,0.26659223866226456,0.7183682000305676
116,0.009712766427012043,0.0030466242567075553,1.549159352103437e-08,0.009791431690738686,3.9161396725463155e-12,0.001370182365552177,0.006012516203896064,0.002661996767438116,0.00017251746604238935,0.9672319493271033
117,1.9577599846849415e-08,0.6159210877906416,0.013522443515071675,0.07065737400518263,0.00020723656028243464,0.0018042395841988952,0.0014172052604403173,0.0004475095097909003,0.021807980221371925,0.2742149039754199
118,0.5105036511048069,0.010981807064951091,3.393548995705344e-05,5.442935413526397e-05,6.1885362578625386e-06,8.568176566682612e-07,0.002458112589509716,2.104480375516475e-07,0.31380169602840874,0.16215911256627916
119,0.7225471615229783,0.001188601419713171,4.853439404637992e-08,0.00024361763131331804,1.366730711143176e-10,9.636074920065432e-07,0.00987060100483521,1.4169715885160862e-06,0.08180676961060569,0.18434081956040663
120,2.1885439255860727e-05,0.06067613153728106,0.00019913435267323356,0.0002688360089009883,0.7255650016619474,0.00031045806677553947,0.00012007056074018121,1.406680754836993e-07,0.02717699908719581,0.1856613426171544
121,0.0037616942862716855,0.0014064515637366055,6.342236064562707e-06,2.6156802121620336e-07,6.286660116864775e-08,5.8580534168343593e-08,3.707063838441124e-06,3.737024899620169e-11,0.07790620596459735,0.9169152158329645
122,0.00033696690114784185,1.3190948597097132e-07,1.7784884440921534e-10,0.0009336978694142933,3.719307305962523e-16,0.00011918799478533505,2.7727201336311497e-07,5.654255009609008e-05,0.0018015376469289169,0.996751657678279
123,0.10136797340427085,0.008488147926002138,0.0013004156900545175,1.0078238148735201e-05,0.0010339971519200265,8.371267893933926e-07,0.0003183374468822754,2.889496739439218e-09,0.0548952679281031,0.8325849421983322
124,2.3036740915235192e-05,2.122032070905615e-05,2.0524930506801655e-05,6.264823402134191e-06,1.4101421089657835e-12,2.344526499171292e-06,2.6287366815342937e-07,2.642364984612061e-07,0.3825908662772004,0.6173352152691906
125,4.768683767869636e-08,0.003613929236336347,7.411969468157566e-08,0.0002469244973224656,6.632555373540179e-14,0.005906216986527489,1.0329040675850293e-06,2.3063173902523023e-05,3.815983494389352e-09,0.9902087075792615
126,0.6677012059647698,0.0024358882889973224,0.00017872759619650205,0.0002601641575640414,2.1292466747204223e-06,6.257639502280079e-06,0.0008707339945759148,0.00016062869301997515,0.17438654105862889,0.15399772336007056
127,6.2716097930866655e-06,0.0009854075154393798,0.009350941806720501,0.3223008571531317,6.988794132534045e-08,4.1484829628041577e-05,7.247611014405155e-07,2.9078386679483956e-05,0.10937538826446809,0.557909775785097
128,0.00039726504801637614,0.0002431422335590296,0.00012769293523222505,3.616947247633538e-06,2.3886626951094896e-10,5.301229478835444e-07,9.410030034387841e-07,7.525134257390716e-07,0.35507493549282293,0.6441511234648785
129,2.8030671514939213e-06,1.1414971828494033e-05,8.231797274020374e-08,0.08579675537862955,8.046847256098234e-13,6.172615949904614e-05,9.327213785373078e-08,0.0013906811793823759,0.007827543279918537,0.9049089003726754
130,0.10986822390797944,0.021180704663622225,2.882114716326386e-05,0.0009175564545378464,6.600713745170581e-07,3.2968767250623788e-06,0.01017278687257037,4.6650273596881354e-07,0.028356846461745123,0.8294706370415462
131,0.00046497467752406864,0.001234341280455577,2.528718590709605e-09,0.0023657635901451705,2.220531845720484e-12,0.0006140209438057885,0.0004209132247478384,0.0033434141851733153,7.898533167117935e-06,0.991548671034042
132,9.541664275366361e-10,0.007738133921515989,0.8131154858808791,0.0005740848026247439,3.112709471272155e-07,0.0009729626897732527,0.029366873848094947,0.0011722356449093768,0.0004724404573541173,0.14658747052973486
133,0.3687821620314312,6.07252128182157e-06,1.611096042927243e-06,0.022436112716468885,9.022955471734119e-12,5.179249221156949e-07,9.552588337783123e-05,0.004684628272869479,0.28069838506558326,0.32329498447899946
134,0.00021180221365424306,0.01181339973156947,4.4717579589778413e-10,0.0025355938964860226,1.3042042404482655e-09,0.0008946824187389463,0.00436775301015686,0.0014367864095361268,6.260797961403059e-05,0.9786773725888642
135,0.0015337974016874688,0.0015440343455369457,3.915888701706779e-09,0.004156438213199388,2.6943221849666146e-12,0.0004803063247165823,0.0012241343870838136,0.004483221744178445,2.1869093199211413e-05,0.9865561945718152
136,4.474681234223657e-07,8.418369118927563e-06,0.20933794695190372,0.00013616735740991964,5.840155391988173e-09,8.17796501903764e-05,5.7878666211394886e-05,0.02516648522862207,0.0013838221331244265,0.7638270483351404
137,0.0035983209983696694,0.0034828866424076077,3.6483279874116045e-09,0.006837468205962941,3.7888366508754264e-12,0.0005453921518347828,0.0045048973574988126,0.00376639506206652,3.1752145287534685e-05,0.9772328837844554
138,2.2400129133178454e-09,2.911099876481251e-06,0.6595612187784873,1.4088172342368242e-07,5.340123653079444e-09,6.939312969637935e-06,1.0567362717536477e-06,0.00012487363935686564,0.09461177494085077,0.2456910770303273
139,0.007622962213955006,0.14795079708776004,0.00032486998317789227,6.650175783134797e-05,0.010160622115067146,0.00044670636922785316,0.009842495132135401,5.320038367491233e-06,0.32267071711516976,0.5009090081873081
140,7.835323517958505e-05,0.011321327250857455,2.3656490011970016e-09,0.0016956207651802778,4.0813975475086485e-12,0.002338737327854159,0.0005974200693067285,0.0014365348765425986,5.048016772930111e-07,0.9825314993036716
141,5.4329266496496497e-08,0.001461965671713616,1.0016628809825176e-08,8.3810276306609e-05,3.199700135398669e-14,0.007675225025054951,3.3155522214323525e-07,6.095595350381766e-06,1.6728032554639016e-08,0.9907724908023925
142,1.4479170772117163e-06,0.020823408924417103,7.634614411769946e-08,7.152863897810475e-05,1.6960272985523257e-12,0.007544959399874145,4.915799523502109e-05,0.0006366743175623774,5.9958931335456805e-09,0.9708727404631228
143,0.13750770340430793,0.0031738373441584917,3.1395496935245876e-05,0.00038795415776299183,5.329982458200793e-07,8.910572020841973e-07,9.73962361389431e-05,1.1521155688086879e-06,0.0791618219923188,0.7796373151973609
144,0.5803193551280194,0.0035627443063907635,0.00011361775469175339,3.1028652431072642e-06,2.0620358919855146e-06,2.5016868186458247e-07,0.0012818327438445395,2.3666063645249144e-09,0.04738551149851015,0.3673315211321201
145,8.379380658676632e-07,0.2833783221594493,0.11104256604692375,0.001646388424227087,0.425035970720713,0.000548599174681501,0.1752376670012961,3.1152103062510426e-05,0.000978724263499345,0.0020997721680815406
146,0.741202244994403,0.0003067782623088501,9.87906972103095e-07,1.2075324245101267e-05,3.5149546169401266e-09,8.101413747970062e-07,0.003749128375405089,1.6065840965437915e-07,0.09745799662740297,0.15726981419452374
147,3.0964005918145956e-06,0.06916235690125314,0.0006525288368928519,0.014634302333512931,0.7368683128079626,0.0011705832350967702,0.0009753833836084627,1.0296200534104654e-07,0.036424958377210596,0.14010837476186525
148,0.0010056573060377905,0.002132388886885776,3.369904369463579e-05,0.00013461376053679246,2.7227578840529605e-10,1.113122487728697e-06,3.0838829448947673e-06,2.913305151578215e-07,0.24386810270675544,0.752821049687866
149,2.5048677216220395e-06,0.022116239130295735,3.22534365295316e-08,0.00013538648247197219,2.242030431881504e-12,0.006563451024302064,6.033347628643712e-05,0.0008531770653517196,1.1514474026466964e-08,0.9702688641834178
150,0.5348655565763639,5.6598866861016985e-05,6.081466114141917e-07,4.338598551535752e-06,1.4192390279236269e-11,9.473598791801088e-08,0.0018761072683102162,2.3453674299286195e-07,0.21239748367539416,0.25079897758098424
151,0.4422246721554172,0.0019003241511318042,7.741163326403799e-06,1.486228975308885e-06,3.9132546279079924e-08,2.3303719893676508e-07,0.0015963252783358433,2.3305293847619243e-08,0.27979238512068766,0.27447677042708674
152,0.16030033602210642,0.0021386279567225767,1.4407007603412143e-05,0.00011411331909547694,2.695953597179669e-08,3.359903832460754e-07,0.00040970928312895845,2.4087057103335155e-08,0.3050575926296758,0.5319648267446911
153,4.6685960340305325e-11,0.1377025876324976,0.7744050564208977,0.0007180761180072907,9.52712779367369e-06,0.0008015141862855549,0.024624032985784784,0.004573205975322808,2.2244385726713146e-05,0.05714375512099794
154,2.267104490312522e-06,1.673902348579837e-05,0.0022101234960706876,0.000737496647213537,2.876249702631378e-10,3.8869843597039055e-06,1.974990002231567e-05,0.05654648097509849,0.011972473136458743,0.9284907824451754
155,0.03006934273338806,0.000280187324591999,0.00014227793780180754,0.0010025906785544553,7.077052592969695e-09,4.8458244180932275e-06,6.213907160554227e-05,1.600908709598222e-05,0.1748232658129423,0.7935993344525492
156,0.0030813326282495626,0.026495659711673784,3.1995163985999584e-10,0.0029598791107979506,7.759017413832326e-11,0.0013109224543655473,0.18632513563412006,0.002739186826022786,0.0001187953046362134,0.7769690879325922
157,9.55051814966554e-05,0.006844119849140727,0.010452599995873736,2.1566086304845312e-06,3.587188778888461e-08,5.036582876974795e-06,3.3518039503080975e-05,2.2347721549023274e-08,0.07475072800216816,0.9078162775207008
158,9.053548878009435e-06,0.0771937819776757,0.006538918374323305,0.0003377237930555182,7.749823507653433e-12,0.0005343484728590192,0.006003549103156395,2.5718162912925917e-05,0.04244821505489026,0.866908691504499
159,0.03330157541819811,3.787670849157916e-06,0.0073795754034918105,0.0016962018092979696,1.8972070532532248e-11,2.4509916448097015e-05,4.0991544529069046e-05,0.0007068283773083658,0.888577797697754,0.06826873214315131
160,4.9938708333744035e-09,3.809076837017918e-05,0.9028479953774435,1.1648519689961022e-05,8.733842043258236e-08,9.144142200875037e-07,8.350463849708845e-08,0.0006774930488599848,0.03959814248723221,0.05682553954725421
161,0.09119385658099755,0.0001872815390609745,1.3352382699754238e-05,0.012050544939327657,6.99113626768019e-08,4.322820152398353e-06,9.398481226493867e-05,0.050202781397090154,0.20204994620044076,0.6442038594166032
162,0.002491454916264701,0.006364936995747362,7.37338996104402e-06,7.143638763974072e-06,0.7450726241722145,0.00017811114647475217,0.002430585545315934,6.61407332307712e-07,0.005256809149309568,0.23819029963861568
163,0.6151742430364802,0.012211941328324552,0.0006138378772595941,2.9288718730527186e-05,0.000615835122429209,2.3267739623899664e-06,0.0004220222260350527,4.5563658742119145e-07,0.19115907067498145,0.1797709786052095
164,4.3610296652244114e-07,0.0005518075298927329,1.4483753793685184e-08,0.0001656861299773102,8.318172743992582e-11,0.3103988660706449,0.00010307423329212017,1.3491448642910212e-05,6.049817829926314e-09,0.6887666178678301
165,4.276971944539271e-05,0.004168200249050976,3.3115984955319785e-09,0.001135363012322851,3.03047205024068e-12,0.0017377854981934586,0.00016625284536773112,0.0017939932714010804,4.683936118712676e-07,0.9909551636959777
166,1.4590473617497413e-05,4.913736331024198e-07,8.751476246373916e-10,7.532503701165655e-10,1.2542145162047063e-07,0.060361548123877284,0.00033197072168590777,0.04784102970647247,3.633472393922364e-11,0.8914502425145294
167,0.13721083190625807,0.013272196809787914,0.004316527982149137,8.878186030662348e-06,0.00552372942352152,2.4339005128251548e-06,0.0003074886960688981,1.779093190372277e-08,0.014983639727910582,0.8243742555768285
168,0.007889713887025742,0.0029716279368359006,1.59404704519745e-06,0.00046023031234055495,1.6678569940758762e-08,1.7341704180148357e-06,8.856153218314623e-05,4.231083390062762e-07,0.07753830940524534,0.9110477889219971
169,0.07368403459943433,0.001646820062409856,5.936740521130275e-05,4.187729120886247e-06,8.615943615266707e-06,1.6599578439007557e-07,3.255669202583434e-05,3.0579560376819184e-09,0.11034242722920357,0.8142218212852385
170,0.007283111201282005,0.0022802387688352645,4.975649006643996e-06,2.0132700986384367e-06,2.1863182291448596e-08,1.2170737865705893e-07,1.2331043597574704e-05,5.180937814261614e-10,0.0746719941519207,0.9157451918266045
171,3.07381745520589e-08,0.0009425553633321691,0.8207113795662194,0.0035758922496414007,0.00020428298578685212,2.098190176026792e-05,6.861938259564993e-05,0.0034244522207030697,0.07154923546817513,0.0995025701236117
172,5.447763287475549e-05,5.8706753101714545e-05,0.0003478331552724703,8.883985527773675e-06,7.921507394549473e-11,1.579735532097484e-07,2.6222679998249344e-07,5.89932407665735e-07,0.328031961179551,0.6714971270816963
173,0.0024511883909948194,2.3712226622962176e-05,0.0011837270649337594,0.06551305863351177,8.484361420248124e-09,3.881949103347842e-06,3.0680973962901335e-05,0.07818212534780483,0.446519500654212,0.4060921162744922
174,0.37525414348959546,0.3333356409777835,0.00040516207827497204,0.015076080106927868,0.008528682175438635,3.644763737129678e-05,0.005437303220944755,1.5158108277663863e-07,0.12878517680985793,0.1331412119227229
175,0.007347056204744126,0.05948373766031345,9.594495098932312e-06,0.03232418743033537,0.0065474012096452825,0.027212863859294657,0.8231266976435021,0.0006273729501389783,0.009015368422926424,0.03430572012400064
176,0.011129671897708804,0.003446407457566655,0.0001141089747255248,0.005393901966265875,2.2302770969219704e-05,5.377348976867598e-06,0.0011745883063564127,0.00012306409707273428,0.33637691327924996,0.6422136639011079
177,8.732995491651974e-08,0.054983609981470574,0.0007344072268062096,0.0503407458256152,4.328949411767347e-08,0.0007550642851665657,0.002793208065008475,3.552191738018241e-05,0.008702215389217043,0.8816550966898867
178,5.085421257267608e-07,0.0037145786817681407,1.552968789749303e-08,0.00012016431635776008,1.118840283429126e-12,0.0034168221685486116,2.1484230918154937e-06,0.0005727372245806759,6.857679423552592e-09,0.9921730182550411
179,0.28981058980509156,0.015988311340632454,2.9539140696445725e-05,0.0005484190348888102,2.9031527502481768e-06,3.5142873486548007e-06,0.002047501099469444,6.423875245291014e-06,0.022759674053592676,0.6688031242102845
180,0.0014515047605724919,0.0012073013154798335,3.3179564047344308e-09,0.0037397014247709044,2.2275546862909156e-12,0.00046146823010633024,0.000894600613662582,0.004542191238576728,2.1522242463167875e-05,0.987681706854184
181,0.05567261066007918,0.0007370259794465543,0.00025420416274778715,1.820893348700552e-05,1.3289710108280393e-08,4.174813497559149e-07,8.873555055227983e-05,4.8148870954541964e-08,0.1962362226365705,0.7469925131571858
182,2.0617091077873402e-05,0.0010577796677467338,1.6979949570078762e-06,0.7015732400732476,1.7109208972117206e-12,9.041769352766798e-05,5.615403634794381e-08,0.004036996677884417,0.062238749754473265,0.23098044489133812
