,proba_0,proba_1,proba_2,proba_3,proba_4,proba_5,proba_6,proba_7,proba_8,proba_9
0,0.21089710844759427,0.024540389030970604,0.009442604099103602,0.0068903948899545885,0.0035882319791155698,0.0014571507618220062,0.004314501990722351,0.002341899339752009,0.16549639230093677,0.5710313271600284
1,0.11019366538656139,0.054362500419535824,0.012404896224140078,0.014690562284547303,0.015116352548213504,0.0021860423106334396,0.008995529977914871,0.0022029129616166314,0.09532928318823045,0.6845182546986067
2,0.05827268962802753,0.003786262483744764,0.01756757532909576,0.0035215920332000426,0.001027955047078891,0.0014028469343188453,0.0014942265538470793,0.010852623674475245,0.26091503086490486,0.6411591974513072
3,0.7488654228105077,0.009314162251463675,0.005524762665075833,0.005502626478434218,0.001915649319520817,0.002078410699606322,0.0035188968943048833,0.02145892075780093,0.0631623510039669,0.13865879711931836
4,0.45682885194594625,0.007840189193639609,0.03155222269380079,0.006817329932261524,0.002351507686324217,0.004688633822369502,0.004462209477803462,0.034048452889108606,0.07331358093000767,0.37809702142873836
5,0.02413008259891093,0.12754475076172253,0.08131795973106457,0.051333890777544855,0.3688715388396206,0.011831606409369618,0.018648822018330985,0.0074235367049947844,0.022934015007936254,0.2859637971505052
6,0.6176814597035738,0.0181591369436668,0.008568730363678471,0.0031879475316650184,0.0023414649070109175,0.002150863373586872,0.004449565563261963,0.004344222576994797,0.04870611991899334,0.290410489117568
7,0.15556467817188807,0.02002900901873061,0.05190005287428056,0.007365045692115755,0.002652042542283257,0.0017460723023247427,0.0029889741826739417,0.004311270855955603,0.1570931208127628,0.5963497335469844
8,0.0008402832237098981,0.010309901570875812,0.0029749898964525263,0.021730349544723325,0.000963470960517093,0.009709469353881561,0.002324953130575611,0.0009681125337159518,0.006332545564319343,0.9438459242212285
9,0.03281262422662071,0.020383663864793275,0.012051930460494653,0.5345309800374703,0.009451025075817658,0.005744819487212787,0.009229796500241366,0.01123092371505046,0.19720823179331437,0.16735600483898458
10,0.053087261355255815,0.06015527202274288,0.12501297695940825,0.012943795826643482,0.01240918451342695,0.05807211593813789,0.024421218850726883,0.010860977129985286,0.010113599095817891,0.6329235983078548
11,0.28223844538808684,0.010689678877449083,0.004610924504403581,0.006498330555551657,0.0014546660435048038,0.0010806833639032088,0.0021134967780103717,0.002320229216193045,0.11083141825324445,0.5781621270196525
12,0.16628386260090672,0.006547432062323079,0.007261475919332656,0.003910409644454843,0.0006964015831899555,0.0009945762067452876,0.001575181866269859,0.006006881878424062,0.20691947203935543,0.5998043061989984
13,0.010198799201649313,0.05773908210883212,0.007110414216318261,0.012261313781642141,0.06225607826668382,0.00819493083555009,0.03774800135574693,0.005327365178488321,0.41296184619509907,0.38620216885998976
14,0.1279511952991726,0.02154595227437341,0.0245764192415878,0.003293771007839791,0.0030813811231112445,0.0021315961353545673,0.0027245790443495457,0.003336100835424592,0.11770228812415016,0.6936567169146368
15,0.14676554587499183,0.04893245622424037,0.03596974311178859,0.019370669989933125,0.033024380077003125,0.04090177366047217,0.1155488013459841,0.17338245581912679,0.04192063093580078,0.3441835429606585
16,0.11287452379067504,0.0200977174562803,0.040520421231111756,0.009630741219156976,0.008930283568009947,0.006305323333792506,0.024078535631649602,0.15977625308657858,0.11089726272936669,0.5068889379533784
17,0.012359042912333194,0.07295082509589156,0.01474876697174119,0.041843138250929106,0.3739602360244347,0.009453220623635876,0.011909615635922178,0.004741216544293903,0.04423529791729508,0.4137986400235229
18,0.2311694069665295,0.07727001155791838,0.02683798080989006,0.006931163308171684,0.018653786746381473,0.002396890397286862,0.01903542153089883,0.012669124080521123,0.15292590868992062,0.45211030591248114
19,0.019150420287196684,0.08214866296568321,0.008669649669248273,0.03250901419314305,0.46140258191914424,0.04498347405132361,0.11782776720069385,0.006432395430147639,0.01810828420981756,0.20876775007360174
20,0.019658799108929363,0.00900117669166442,0.07223941862856093,0.007884077806941543,0.007172105521809866,0.00656012082043525,0.01111225457889924,0.18639366539275276,0.16466983546720507,0.5153085459828014
21,0.026807542753887793,0.08403593004366008,0.059336765454667456,0.014207118759749107,0.028726897343441634,0.09837725828905353,0.04000518923034701,0.015341153907815663,0.011078016659891096,0.6220841275574869
22,0.03625570487295665,0.04949002776495077,0.10416735441967781,0.20056456461146566,0.036289681442097155,0.022254331934459227,0.0401082854498733,0.015038362669281092,0.04918786770134683,0.4466438191338913
23,0.01324724274795328,0.13448624809273965,0.02576672987023331,0.030971546424016776,0.3991750258140712,0.012957961141929637,0.018601563876959885,0.004489983148630641,0.0264408783618185,0.33386282052164673
24,0.046526667585249405,0.0798957737843247,0.17432192824708143,0.01350920728118127,0.026610358408431265,0.0111680870647073,0.03802345861862371,0.008337616662226856,0.02066366507343098,0.5809432372747433
25,0.05361844938346272,0.006444205446019246,0.020243440197734705,0.003939183465497064,0.0006991940662660133,0.0011836673327570788,0.0014186428826448282,0.01273474212797219,0.22987216904405416,0.6698463060535921
26,0.11758603756843532,0.00658444997347862,0.008677771143781815,0.007930337288815781,0.0041843299441269195,0.0033879421397729884,0.007010773012957545,0.06627752422591056,0.3895825012059829,0.3887783334967379
27,0.055851410432231935,0.012348197950479476,0.036454788927687165,0.014180787125897053,0.0116347260933173,0.008335388295501707,0.013112391689395967,0.06864551667902509,0.4333195654240457,0.34611722738241857
28,0.002131571166986431,0.010297350593990662,0.0012813252238166452,0.007978620678956811,0.000866362277795972,0.0045217504049312315,0.0020238267320466454,0.0015556724482001518,0.0015876042511979696,0.9677559162220768
29,0.007583088424509335,0.01012731515228762,0.004449150830283029,0.0061360056991104925,0.009370210386555528,0.009321751221976121,0.005149562844330023,0.0018940217473407469,0.0031692094316358613,0.9427996842619711
30,0.008510177651479843,0.18549963286126292,0.007653991095372856,0.04559939267826387,0.3288958905035211,0.041652312507071125,0.24304168699333653,0.006475578242046097,0.01751087058243075,0.11516046688521507
31,0.027847724364702217,0.11230663877299994,0.12062033674907714,0.37511813415293815,0.09745175412219992,0.014791733221021954,0.0333332033646414,0.008477970211464212,0.02413803468668196,0.1859144703542731
32,0.029267062809427796,0.16005627647392404,0.01631201635582586,0.058070125322160625,0.020899730677634374,0.04737666132504975,0.4046531055598903,0.019771800819806114,0.015018044547326444,0.22857517610895456
33,0.00911135026859858,0.00835359362611289,0.014042687841066404,0.006646699655530538,0.0025130394706445645,0.0015615204108978217,0.0028160088145814228,0.00240252148954973,0.20538380901591308,0.7471687694071052
34,0.008981538706479855,0.006056373505465116,0.0037895331365104946,0.027625512052452564,0.0039585372212538016,0.011042918691223808,0.00768690257443384,0.011221435834646973,0.03091607499942257,0.8887211732781115
35,0.20810341705261315,0.022727176218956355,0.004934090273828093,0.02994100830278281,0.0053205209901517805,0.001647173564087827,0.005897629710722821,0.002086315448674006,0.12711593281623423,0.592226735621949
36,0.12223829745705236,0.01429110543564858,0.011716592307588439,0.03369031471671479,0.009689312349009948,0.003906320089683687,0.010296406969125288,0.013560725438975024,0.3500692661362278,0.4305416590999743
37,0.0075455001290295485,0.005298788206879886,0.0220419402747323,0.006349196173039745,0.002567608636934101,0.001775784393008712,0.003040254623151115,0.004374005309479133,0.3232400817107208,0.6237668405430249
38,0.010594246627011576,0.006560387590390138,0.026307977818799264,0.005063162109053465,0.0024778156949484716,0.0020719257924286996,0.0038947759978548904,0.004826563396350829,0.34373801542230964,0.5944651295508531
39,0.034838775661024744,0.011252370599556976,0.008076790275186483,0.013786569880690571,0.003566495816376967,0.0012796582485008789,0.0026967021159647092,0.00146955397867688,0.1599241204704806,0.7631089629535414
40,0.01889621717807766,0.19514765536977122,0.01998663846532999,0.018525543311633204,0.08499453086702735,0.013764016826949336,0.42833696825284645,0.01592544850327025,0.0562393681892927,0.14818361303580224
41,0.02523543794372857,0.012885584178877467,0.15447809512135272,0.011774311971002835,0.01292216238820942,0.010244015456919135,0.014658825717265043,0.16761912964944686,0.26205723802780767,0.3281251995453898
42,0.026349814226999398,0.06514443333502401,0.022793058217142833,0.0628215269592689,0.07560414579682803,0.005553128443338869,0.011302571485696657,0.004915249130965581,0.04125343506112385,0.6842626373436117
43,0.005819298693470523,0.031209205647731404,0.009240725514377926,0.013414572029748106,0.005884853823351298,0.01667172477098179,0.010699130209912795,0.002570107384401677,0.005112653718312699,0.8993777282077122
44,0.014272061986949107,0.009260568212924309,0.018812274623134017,0.005680510888714342,0.0012596626167994329,0.001011730295028624,0.001709078400177661,0.003481182200995118,0.2130882231137898,0.7314247076614879
45,0.06550917223283809,0.005996311257639444,0.005961051923680531,0.06660016360044156,0.003378698682007879,0.003598338453878235,0.005420143204623138,0.019352191954610257,0.212409007900319,0.6117749207899618
46,0.10924536745318038,0.034473973835368245,0.05416322534574436,0.08977340452627157,0.02549845453095628,0.02658241726102927,0.027937229571646474,0.04375826108408793,0.30715571316026014,0.2814119532314558
47,0.2828263560656447,0.014966914530444402,0.008233945476292753,0.005642692467110281,0.002310776338283733,0.0018162734510160628,0.0037347704018634888,0.0028137907812518267,0.14488298588731197,0.5327714946007804
48,0.00693774367723384,0.00612386869631061,0.02178645914839256,0.00467054395969791,0.0014423145553644828,0.0013648609351393339,0.0022908957735052974,0.0060178386484344756,0.2967539625196985,0.6526115120862225
49,0.036316941109026266,0.15938698811999794,0.02545189279925463,0.03338630075991748,0.01914219269335979,0.14941883820839796,0.33565279596662145,0.019503944126249388,0.012413030717322549,0.20932707549985272
50,0.028756100169341207,0.11094064585642276,0.022999555310548453,0.11405233981225073,0.25365944994554884,0.017916322320117965,0.032120339879078794,0.010005839245616002,0.04228274376456974,0.36726666369650557
51,0.13432307776120364,0.00764990489385453,0.016082843047603653,0.0030509178338150185,0.0005686912974357242,0.0008899522196192501,0.0011270550196396726,0.004538003663911522,0.1587107122892923,0.6730588419736246
52,0.04045290503668683,0.022646259938975677,0.01855331440322588,0.011201251015793862,0.009572422812090796,0.001507893634428221,0.015382044673526921,0.015178943221709802,0.19945389116940357,0.6660510740941588
53,0.05138950303038882,0.019975748053440195,0.013954089463525703,0.004109122079321749,0.002015164776799142,0.0016924892789022363,0.0038209705331561316,0.004707687931117152,0.1874896048488622,0.7108456200044869
54,0.7196643356483857,0.006478989985866627,0.009953659909884236,0.0026201768300355764,0.0007947940503475485,0.00169826169516052,0.0019302221886668568,0.004872217385645553,0.04385864551051976,0.20812869679548804
55,0.5752468647641956,0.018311985746322427,0.06748837163274507,0.018669315600264063,0.005925047298806239,0.006293897190523859,0.010029118914489479,0.028702142572377586,0.044701624024364506,0.22463163225591154
56,0.03231099722981319,0.005462652852507734,0.011069528915360987,0.00326834995902771,0.0008339545076307126,0.0008702596200423559,0.0011607085123138438,0.0032471138725377025,0.19493599881102955,0.7468404357197362
57,0.01706284351634817,0.00636895609130015,0.028461309553951597,0.00961358651275575,0.004294949152737327,0.003464619563871607,0.00644034549359356,0.005310696598113054,0.4332938470042036,0.4856888465131252
58,0.421969875912245,0.0059609144001778955,0.010393249902849936,0.0030158192904687006,0.0006222123222524813,0.0015513553753949796,0.0015555840757703419,0.005396967869881702,0.09354616124711612,0.45598785960384314
59,0.017717860049567043,0.1549638443695957,0.029447951630205107,0.011557131485725696,0.24181501406228326,0.008335039866552858,0.02072639091657046,0.004314615378068015,0.06789514821436708,0.4432270040270646
60,0.00813286235266817,0.029253789327152162,0.006277518415799455,0.03370816021233706,0.013858899637194612,0.07338718816698472,0.01622584765307425,0.0030110679356674845,0.0025268474108014437,0.8136178188883204
61,0.0371250868266301,0.06011974107461816,0.02357702562577538,0.028920268473309405,0.08017252026494154,0.003931685138968222,0.00988464198955291,0.003522171277794867,0.026330394285574394,0.7264164650428352
62,0.041728544084343844,0.018728343118941292,0.007760644803621162,0.036492481609277816,0.006863071863714987,0.0019822066821563395,0.0037987837625290755,0.0018356062441481323,0.13213989819753155,0.7486704196337355
63,0.04364746044233308,0.12120945698485983,0.014797236135369148,0.08536820599668309,0.020777192365991966,0.03561359233134652,0.320979591339502,0.020151946586261574,0.01990234625296387,0.31755297156468903
64,0.016560668374817254,0.049244353378310055,0.6582703849212388,0.00876570109083194,0.008794248542859883,0.01201316214535407,0.016693987048993483,0.005100645466020033,0.012797462746301325,0.2117593862852733
65,0.01922917822332586,0.005027056061689216,0.03642359574419361,0.007449950659320887,0.005376123538817124,0.0035085796629306092,0.005422855583443655,0.008745893442271977,0.49341140089885716,0.41540536618515006
66,0.028032929134644245,0.20655032320111277,0.10495233189888527,0.03635614824740164,0.05349432615657199,0.010493960296507844,0.19336217002482708,0.019525833109471098,0.05915018812637296,0.2880817898042052
67,0.11802989282117184,0.02099553228356791,0.0251878139915413,0.015889309975269127,0.008192623293151114,0.0029381450907862783,0.0054177529158579135,0.005719772917731276,0.35234551348139476,0.445283643229528
68,0.1447849890599324,0.11534394308155836,0.010938241974597437,0.031283847096507514,0.031159628374394562,0.009254360893542627,0.10834687989750288,0.01158732882122115,0.08097479167945748,0.4563259891212859
69,0.588357539999368,0.02054568649877781,0.040353956902611204,0.026422639065568746,0.007328198847331585,0.014915764172062624,0.014314845272817045,0.02942435025072962,0.03431826365684251,0.2240187553338909
70,0.015552546294465506,0.02332923302364791,0.008363015561805659,0.008342535729617049,0.012010089696755077,0.001649753971566482,0.014398113838258673,0.011571298311351686,0.45289388734297165,0.45188952622955986
71,0.21941121477746778,0.005996395499139608,0.008038891882518603,0.0125434406805682,0.0032151846678648787,0.0031790613365710743,0.004536322069682562,0.0422892251870702,0.3117196876566773,0.38907057624244024
72,0.02766998249649014,0.25622903302099176,0.02226490012967573,0.01342926526346426,0.3138395171907339,0.030873326973451735,0.17402416136671095,0.012615342026356629,0.01578817926347701,0.13326629226864828
73,0.024776658571385907,0.0680203895864335,0.11358948112334326,0.1697161385622819,0.016329078189069122,0.004112562769936107,0.009799822407741958,0.011593812642010055,0.11252259131557572,0.4695394648322226
74,0.012592692429573232,0.011409760907007755,0.01574936709554526,0.0044025161110856454,0.0012808200252795168,0.0015530858057486018,0.0027196471305293663,0.006513650487769333,0.24617590430502856,0.6976025557024327
75,0.02399033226094897,0.15976514415087675,0.04791519923193268,0.07502115634741303,0.0965547714527837,0.1811059299557584,0.23019376677067954,0.01412664644089392,0.01543508679769037,0.15589196659102242
76,0.12835609713649235,0.024178694438122414,0.008753066131667254,0.0062906789213430184,0.004993081265294804,0.0012888042538919753,0.003544380134225038,0.0012383561463035883,0.08297240550876453,0.7383844360638947
77,0.00046638079180096975,0.0035744831555749195,0.0020317230585111265,0.013544346015127112,0.0011929569392282436,0.04981194855776291,0.0016152941824403905,0.0009319028274276437,0.002002968170811486,0.9248279963013147
78,0.10129502153568212,0.003953038486762639,0.006621327002213663,0.06322220433266193,0.002196513509560991,0.002823362881517811,0.0028677375692409694,0.015090041705118325,0.4088054806115694,0.39312527236567235
79,0.007266335777685253,0.013289297225252572,0.8029741087523335,0.0070435563856811835,0.0036329826946219133,0.006627834975248804,0.003834874637950955,0.009521508726429396,0.0156511157967837,0.13015838502801247
80,0.014069385912086571,0.009602299294061431,0.009891053815240433,0.01639907936518224,0.0026400484013621895,0.0010576210705266344,0.0019394556604880038,0.0020475580123795584,0.2071406677547708,0.7352128307139019
81,0.4928186830624472,0.009110773974551623,0.01785385672330919,0.003742780960487551,0.0012729765754971967,0.002274343056116864,0.0019974295240363367,0.007685035357585745,0.07608338929052691,0.3871607314754416
82,0.14856153941228198,0.011532939807241727,0.012771382694128917,0.0030675289465824547,0.001967700090932492,0.001990698605227841,0.0021099526978331797,0.004019523249377048,0.16630043354936164,0.6476783009470327
83,0.6330290622016057,0.011672149116896385,0.006117336456629673,0.0046902107082439195,0.0014873927690773933,0.002230106026471455,0.004223135569249402,0.0050797522807188925,0.05275413252374873,0.27871672234735834
84,0.014658125761914234,0.2588240181900827,0.023152229584979013,0.04788601301009398,0.17176384089149513,0.0782684286838542,0.3146988872553556,0.011193962657068153,0.011085695741225662,0.06846879822393129
85,0.005186753468776199,0.06230488564074738,0.012173194467334733,0.002204732336556934,0.014257524694757055,0.010648621311620594,0.8733359819543831,0.011278968325266049,0.001090487539446449,0.0075188502611117985
86,0.13713782973371244,0.034360753600130835,0.020548165945129263,0.027593330045708374,0.00852942992032081,0.004206312328378928,0.005479442957016439,0.0038765935972085224,0.08534559577718327,0.6729225460952113
87,0.010002160404242249,0.0737717500160881,0.130689785348456,0.022136698863973448,0.03001324372377653,0.19931061818135384,0.22184402778788384,0.016638022799293443,0.006943840651690952,0.2886498522232419
88,0.6970372460972217,0.009639650697420931,0.007193110632378597,0.0036330767093507082,0.0021883770831046317,0.003622668836551313,0.0028794566360391565,0.00925961105716133,0.05650985937423497,0.20803694287653623
89,0.012504292404608083,0.05852981553943566,0.7940887809160966,0.004310176571863034,0.014667937794337426,0.00924601546468687,0.021962303824850923,0.02044454809828324,0.012094374980346084,0.05215175440549118
90,0.3667437151073588,0.01388369606216505,0.026945064449621244,0.014488602050069539,0.007031604766081271,0.007429453996703827,0.010222712988023807,0.08752550956399206,0.10996415305292542,0.35576548796305923
91,0.07641668552861872,0.014141727444389731,0.005514773824412322,0.02480140971652282,0.0032929044232781366,0.0012869851208565505,0.0028570690923389675,0.0018350839552975049,0.17862702073784206,0.6912263401564436
92,0.007081439067232041,0.04278280151076634,0.09797004329659866,0.01147569837355583,0.009276303300664273,0.01025385328213152,0.02875632280552733,0.017550772806101324,0.010679571397842978,0.7641731941595801
93,0.0355654860039511,0.09109569650230478,0.04264213298514309,0.019263721472483196,0.061610841495139214,0.00410773113234107,0.007828272961291663,0.003817254713583336,0.06373949352952864,0.670329369204234
94,0.03278852824697993,0.16812910680629328,0.07902719975691753,0.022316614904298863,0.08676252497864419,0.009302648994674378,0.07201406234050663,0.0109553982178186,0.06212143151455887,0.45658248423930775
95,0.021204944603350158,0.09471807434718327,0.010818939802442133,0.026235157872908914,0.02122793020717754,0.0033372684611418795,0.026696868511440822,0.004208615628316973,0.3318283677920858,0.45972383277395235
96,0.01155480563824,0.10578507603314748,0.037582948298824165,0.014276028040875856,0.05752824614881694,0.19364923163058972,0.48225043519737926,0.014210796986930292,0.005630591889002556,0.07753184013619427
97,0.01099079872804197,0.00902235789831041,0.015107750408876137,0.006240534704923577,0.0019321552591092836,0.0012806417934591277,0.002287952127725486,0.0025069358244426804,0.19865076005069854,0.7519801132044129
98,0.6540106887670546,0.006733601779229964,0.014944034203456483,0.00701534086161492,0.002353061706210391,0.0035445201105113004,0.004346395504065208,0.050409294268639375,0.04552425952799908,0.21111880327121849
99,0.6432485481902418,0.0037497033843568238,0.011636409974810838,0.003686235093200206,0.0009115088691502572,0.0030365639510723866,0.0016383685049369424,0.020189160173214416,0.06431463446453954,0.24758886739447658
100,0.018079696548201178,0.02513657480889702,0.01987213059110925,0.0057118490765078345,0.0022636199034662035,0.002623095708686829,0.005297046986151044,0.00705915500514949,0.17683329173436463,0.737123539637467
101,0.01760587160777949,0.07287487364548333,0.00734408284676318,0.015961587412090812,0.3485954958265594,0.028727469730656225,0.06623982278995394,0.00417629802724402,0.01829130720122474,0.4201831909122442
102,0.008463765393982376,0.0025959500886850867,0.0036892624383708067,0.011521307002172805,0.00021830312171531273,0.0006121236298061572,0.0005075912175628108,0.004386920314059203,0.17810596301804726,0.7898988137755981
103,0.0999688392233475,0.012105002629078059,0.009046474269911252,0.006069311378764766,0.0016661114585553572,0.0009183568755719353,0.0023558667819194626,0.0017481078984383812,0.22572517209002438,0.6403967573943888
104,0.6795126514762627,0.0057909715974395985,0.005660549608401588,0.005915442095252464,0.0013209055948562069,0.002461021541073894,0.002741988648826798,0.014748641703043984,0.04256093528491236,0.23928689244992998
105,0.013965266325384007,0.025875611363494918,0.7409020275021927,0.008405422124187115,0.007153682491864285,0.011172967369296764,0.007591547864598224,0.005389126871925785,0.012592431722113674,0.16695191636494244
106,0.07770536401117084,0.054061252865480774,0.010967936119512637,0.012108496644924787,0.029915230760723405,0.002208865630740088,0.010217068332675874,0.0020357393746024337,0.04752024967920753,0.753259796580961
107,0.4493374302705762,0.03287148960892782,0.02738073145305776,0.021186003029604147,0.014880333225577953,0.009061634596007468,0.03311451257046782,0.10610334620611685,0.09752394841077394,0.20854057062889
108,0.048016819111926054,0.0020487280644945287,0.0018206778583106941,0.01919994743608116,0.0004543504517748739,0.002358892098860813,0.0010743390048096116,0.006653449651961271,0.05263489072888415,0.8657379055928972
109,0.1595801879798756,0.03036786660722113,0.029964127490255624,0.01726436786909614,0.025864010397095,0.026201867709492434,0.047542815510956966,0.19162798857228425,0.05221329193479974,0.41937347592892343
110,0.013838333956483824,0.07249180081373618,0.12139223404982777,0.02622140294646313,0.0034464370625380174,0.005809662494842052,0.014042564387482206,0.007769353651253012,0.029112190771561092,0.7058760198658137
111,0.09220523153615078,0.08003686458099138,0.1771143462310234,0.02520415723813754,0.02164883535277674,0.09280314064554052,0.04984762532985872,0.020181194334117518,0.01693225531407159,0.42402634943733175
112,0.010714440518850659,0.1452231453268984,0.02180498595479586,0.057166709673329937,0.42694785071510466,0.015703570460794517,0.03978144922372157,0.006353873544354556,0.02402927325493869,0.25227470132721114
113,0.02384558756984011,0.003867070537000479,0.001025436071030987,0.013193949290662343,0.0008782354652795764,0.0040223462233547605,0.0018286422333824654,0.0014869629877283129,0.003918110234362872,0.9459336593873577
114,0.05904851757024316,0.059017049252740275,0.050517745827586606,0.02183256101061319,0.03631419063216419,0.0045379727458411505,0.0406644733332124,0.023955820741934905,0.1647038647393504,0.5394078041463136
115,0.021111495569146703,0.020824756330572344,0.011144104321363469,0.12281532484057107,0.010300600199803112,0.004428923842436816,0.014132951927494287,0.013633558639904899,0.38420000244953756,0.39740828187916977
116,0.047401614861794915,0.0034001955753449687,0.0011782370732791472,0.009609673222056962,0.000802073875654284,0.0045659512357971435,0.001516904149338728,0.0015876451902809802,0.003956014888877696,0.9259816899275753
117,0.005356403772150738,0.15052949414639483,0.045104720322003314,0.03943024633086899,0.008939003134363015,0.011852008413940138,0.017345802501898957,0.0036251753647789297,0.023777044412321962,0.6940401016012788
118,0.3213056635721528,0.01750088699437267,0.006379812280236924,0.010706871813576931,0.0027058357028100838,0.0017004806946351214,0.00394725467833448,0.0050369269354304845,0.2530608135006587,0.3776554538277922
119,0.7127376283302167,0.01725469064591439,0.01551400200561452,0.005757007905759526,0.003109934255339908,0.004917033457017642,0.006384010553782931,0.01598077418053522,0.019527587149397226,0.19881733151642256
120,0.012699940138496396,0.10017666484294384,0.021522397361399968,0.07876109393265082,0.4503368320269373,0.013865094104953334,0.031741056165194924,0.006997610581901762,0.026464605154621196,0.25743470569090116
121,0.012501988267560115,0.0073427808949543,0.00820795719643828,0.007128075602541819,0.002266133287853398,0.0013025949750089531,0.002132112427184983,0.0019105338142751847,0.1789732446411978,0.7782345788929853
122,0.009878737017454528,0.014016587778564725,0.00924583670272336,0.15126486033479689,0.007134771173387622,0.03271777136442931,0.01757780121456197,0.007264916923573972,0.024383853388967636,0.7265148641015404
123,0.1090695863617845,0.06936222923385194,0.01609121566259856,0.007947425275048183,0.01434287417077751,0.00296330508273295,0.009726766161907,0.0032039272061388764,0.09294421162912388,0.6743484592160364
124,0.04464974505002915,0.012493450913371455,0.05835862388402994,0.022837738858368633,0.012757472223331406,0.009251760272560838,0.01630673234159639,0.023700101509887356,0.6034273918302362,0.19621698311658878
125,0.0008013879022097326,0.009735355653887655,0.002919229321832511,0.021732830106393007,0.0010390802096254218,0.011580130506617986,0.0022360212704716606,0.0010422678843223386,0.005516391131692171,0.9433973060129474
126,0.640184505767846,0.015793403813824408,0.007025326326858632,0.011879495757483552,0.004831707386491091,0.0032984700622435566,0.01003754394452302,0.0308376539041899,0.1166359186638617,0.15947597437267808
127,0.03395731684749746,0.024573777589973814,0.037151410772143074,0.22040593647478215,0.01737026104724924,0.008985612594186124,0.011505603377439066,0.019149767527377258,0.21235029182108495,0.4145500219482668
128,0.012855440496974737,0.007312073069540547,0.013670736676374855,0.0077316805623780585,0.00269568115048184,0.002336908689000645,0.004566527846194371,0.0031279402213095844,0.3004106919803151,0.64529231930743
129,0.006567551698763931,0.0061570298205646705,0.0059339348046727036,0.24968690917664274,0.002225495718404857,0.009119724751697108,0.011219193156021875,0.0043576236251448765,0.03131909629068312,0.6734134409574044
130,0.040173525891135944,0.033404988630303764,0.030326104289025203,0.005533839319596817,0.002001356080444826,0.0021439912890224675,0.004672614629178579,0.011651243148377805,0.042033300520735624,0.8280590362021788
131,0.01048480805429253,0.004301784631897628,0.0012790222623457338,0.03279234357643994,0.0009242441477748149,0.0056098449342430095,0.0024442665264844112,0.0012066516524499513,0.004150490579531239,0.9368065436345407
132,0.008215630778932864,0.03626820086085577,0.30974210201749613,0.00998095629759434,0.0014863436423985603,0.005147679829505257,0.009971774833275987,0.007472976824602765,0.01195145594024214,0.5997628789750961
133,0.2692203452789233,0.00980321943874362,0.010098504483759378,0.011949550832448337,0.00544537413108721,0.005643809278398116,0.007301152664466906,0.050614688546681524,0.33844935477813526,0.2914740005673564
134,0.01993229429890155,0.14472169901087759,0.005881697042550507,0.05540297306737454,0.0059830466390604275,0.01393198012793538,0.04649331355766523,0.0037245548893337726,0.009967654649533631,0.6939607867167672
135,0.02014655796405579,0.004046792483778493,0.001183649808548175,0.02512961299953224,0.0009502552837134618,0.005249948963950825,0.00223798820038758,0.0013274199981815594,0.004980916593942815,0.9347468577039088
136,0.03662185310419612,0.022784879302218654,0.2610676523606433,0.0067116224593545635,0.005200982800966994,0.006475935509979427,0.014112060718820289,0.06261304638759736,0.06508705999242666,0.5193249073637968
137,0.01712369421641079,0.004086354156991739,0.0010389822099702395,0.01629902550361219,0.0008640171345955686,0.004078895649584536,0.0018918976824765109,0.0013527065747027834,0.0042194744437827,0.9490449524278727
138,0.04691054770695451,0.023603883264058746,0.28466432463134367,0.01195437246957798,0.010742294026265337,0.009964719879400006,0.011018567391567202,0.018717240248247842,0.30203341886596263,0.28039063151662236
139,0.010256029002208804,0.07150983033650803,0.00932590286885668,0.011389047425444963,0.04451622301652074,0.007535919001025958,0.04651608956399438,0.007841059046767239,0.5211698825596767,0.26994001717899685
140,0.0017285570711748305,0.0055289729712585355,0.0008648107262349295,0.013130633532547805,0.0005157896633952452,0.0039320723271408795,0.0013018943759283636,0.0007622434171829149,0.0017091306128540508,0.970525895302282
141,0.0010962948798120282,0.008422519623747715,0.0031218759570134434,0.026044713247952506,0.0014090653781306285,0.017031137415153632,0.0027174902706716213,0.0011264484508852197,0.0056084607663755325,0.9334219940102579
142,0.00037929106572941906,0.00496433145150493,0.0009761997969996722,0.010062701829914119,0.000576983637765309,0.009339160287504327,0.000958369910334951,0.0005114374784328768,0.0007413719380871044,0.9714901526037273
143,0.07503515744316236,0.007422474495542191,0.01081188520709369,0.007503372942475904,0.0006932669168995612,0.000826783592143609,0.0013061340472098417,0.0038319003274199397,0.203015214194648,0.6895538108334052
144,0.26869253652286096,0.015438078570009858,0.011639278484431578,0.0056146454438740934,0.0017572315288306255,0.0017253311459528601,0.002765717776130932,0.001909362117683633,0.11085535162976566,0.5796024667804599
145,0.013053065734683098,0.32181988211573875,0.09083621347225981,0.04034465113170256,0.1587444333053323,0.02132742600839681,0.2449728439787594,0.009591096444330875,0.010860483504925748,0.0884499043038703
146,0.5008672447319346,0.025541414454014373,0.011978141810357478,0.005490915940637441,0.005682857615180524,0.004589133119923143,0.00788539268579868,0.008857899104826525,0.05400407159896649,0.37510292893836084
147,0.016042623786644433,0.08164944205022424,0.03851459919736762,0.10606675768910104,0.37810466361989375,0.011671057366935017,0.012541706116831931,0.007342642214309629,0.02589007205903118,0.3221764358996616
148,0.008960645958613976,0.0040809712637953684,0.00891729417809746,0.00757689718628025,0.0009611008626417448,0.0010146094074109373,0.0015217420641378222,0.003086309763161514,0.17910523824223393,0.7847751910736268
149,0.0004365198644005729,0.0051413776315980915,0.000812628501291478,0.008463251256574673,0.0005095959073197458,0.007282747679257,0.0008795660885673058,0.0005190385499045203,0.000784391853301339,0.9751708826677855
150,0.42457166899909426,0.00868846143639207,0.01817915716691248,0.003427452185677983,0.002205452562468187,0.0034212603056101238,0.0032470906231646638,0.013582668562038639,0.09093193407701936,0.43174485408162255
151,0.3416611622092999,0.013387036987446513,0.020518488245544485,0.004476453231471271,0.0018356618012974454,0.0018665568295116203,0.0021423503683903585,0.007043149077722131,0.16008568879341448,0.446983452455902
152,0.21449790488814693,0.011351922277969733,0.024435342622279872,0.003466786029053182,0.0012202241039096506,0.0014737984509968233,0.0017087162523315902,0.006226470452449049,0.12414099235150343,0.6114778425713593
153,0.01028683132641224,0.1278926104764931,0.47881491138908744,0.02936007985309774,0.00975403787316912,0.025751580346742763,0.12191742660302918,0.00582498620269984,0.004097120431477136,0.18630041549779155
154,0.02125121773930486,0.015451654713133568,0.21431691273158027,0.01927893275640195,0.009255403140073197,0.009951743735184647,0.014257297802805859,0.06632008534496459,0.10797648173822717,0.521940270298324
155,0.020344841749355726,0.003057868258773801,0.004052028455477321,0.018728791204274734,0.0006811441603011222,0.000977450796763723,0.0011060030126256097,0.0076763523179248574,0.2671617780302213,0.6762137420142825
156,0.009098395629984431,0.06557867805884932,0.007424491739353948,0.008296336421147148,0.003830216040378341,0.010999779109793712,0.02425640070284052,0.009882025428030121,0.004689966878683491,0.8559437099909385
157,0.043591298132051474,0.06950793751155045,0.1438001046493132,0.015992109931283333,0.01706883562845795,0.07398054462863278,0.03175928230991447,0.013064043394262117,0.011259234068103606,0.5799766097464307
158,0.01916136749742976,0.03638644298957981,0.05287047077305052,0.023745164301126862,0.011763908771132417,0.08931264369079013,0.08543888159110678,0.043040320551087224,0.013238988235312847,0.6250418115993834
159,0.14994863040774833,0.0033651868566644664,0.009066497211413515,0.0031186734570915506,0.0021617921495079057,0.003084538473600958,0.002749377695614463,0.03802692498322821,0.34329009927231086,0.4451882794928199
160,0.012399123628091173,0.023383204590003846,0.7248676700429063,0.007824924189930041,0.0026713251163541702,0.009665792291711307,0.004668701214989682,0.010084699477949337,0.01653980445407654,0.1878947549939877
161,0.38322694522672013,0.03401068304708643,0.024430872244037585,0.019263891745224783,0.01697960393592877,0.008712412557452144,0.03648206718248256,0.15400875413421627,0.0966154121541882,0.22626935777266288
162,0.015126713798815965,0.10032177940505839,0.008334736979599177,0.01618907620466133,0.36612877198469806,0.03039923479239762,0.09950744904765858,0.005057748812756538,0.04415329325400766,0.3147811957203469
163,0.19017928019724115,0.09442491096889842,0.02364004791685472,0.00746327385387262,0.017611625841892617,0.0018224878387587647,0.01256241906418935,0.004379232057244367,0.1725628317747067,0.4753538904863418
164,0.002531712401539082,0.009517661137307185,0.003960308364059566,0.010274002708868723,0.013217617991818656,0.3650649972018015,0.0068253137293628275,0.002689323165628619,0.0018101351323991687,0.5841089281672145
165,0.0019458005923092272,0.004730011189256122,0.001120554700962249,0.021520769699478717,0.0005760296766226361,0.004668714783965035,0.00163910211967722,0.0007873484814592306,0.002043027110166262,0.9609686416461031
166,0.03828565210375791,0.012270403069314673,0.00471248545242434,0.015698427160451386,0.029542050263589057,0.1597974391887644,0.02122318559853925,0.0057265134662336,0.006735509323174787,0.7060083343737512
167,0.08699317493362453,0.0493972460886618,0.01743601716764514,0.0028111552814730884,0.009659566573532891,0.002495989406358458,0.008618441021983201,0.002502547919238675,0.045110896219883,0.7749749653875987
168,0.01765754574922759,0.03159359297125537,0.014424648412611797,0.005211610148609411,0.002780901267316712,0.002573407683899432,0.005307449235220667,0.00680732361394994,0.11392331349523958,0.7997202074226691
169,0.04710557923021094,0.014582689990526355,0.007281984274359425,0.029699015105424532,0.004676749693607127,0.0014520635271525937,0.0031225804378287514,0.0018540121990308002,0.178647159149234,0.7115781663926251
170,0.011243221778926803,0.009997175832985846,0.019670632203102542,0.005805183821841957,0.0016846640487411958,0.0013316192901021051,0.0024402828573785837,0.003294848895371196,0.2496947439248176,0.6948376273467325
171,0.025310324691720017,0.038255889789542245,0.6896132167936264,0.01371264015133659,0.013129111680228615,0.005933105892548146,0.010876735352197024,0.019439121887028295,0.056220478610689496,0.1275093751510832
172,0.015575657962506777,0.006731708255068122,0.02358576602200013,0.00806337601866253,0.003958099391793109,0.00278569716640874,0.005096121176759709,0.0033623317657173087,0.3226286320500957,0.6082126101909879
173,0.17538531013440864,0.009962442547788062,0.008539097923786565,0.04236980060064511,0.005341484447216585,0.0032080961306405914,0.007233297597737874,0.021917050890542026,0.23806077334978493,0.4879826463774494
174,0.02856461690371503,0.13190786500633309,0.02775191099707697,0.03091625378586641,0.08788718345215062,0.007408644975078167,0.03851974035208449,0.008242845248375878,0.20869461652722426,0.43010632275209504
175,0.010934195499766635,0.16336671324551746,0.026571196401542048,0.024556023435348243,0.11887355062324069,0.35675259597418685,0.21494104062466,0.010343475519459912,0.010471238788301966,0.06318996988797579
176,0.10057245540784684,0.02276447403291042,0.007190919459981004,0.011917500999919261,0.006893058288633363,0.002335899711448178,0.016674116310238934,0.010593398223618423,0.3445876994036774,0.47647047816172616
177,0.008483770503542338,0.08127866641126834,0.08123761595747908,0.029537594547970912,0.025082836062188186,0.02427807295438108,0.030609906144290103,0.005387919962600394,0.012955854603243907,0.7011477628530355
178,0.0005891810183110198,0.005022959140558518,0.001072722831811945,0.018700212087963346,0.0005573479408674024,0.007412635093237585,0.0014348430378491944,0.0005663281230754298,0.0014391940454107491,0.9632045766809151
179,0.1507291178974625,0.01203515441311115,0.012926081478542108,0.0030675285901801295,0.0010661948932920212,0.0013745356594555614,0.002354179926252796,0.007120200973341867,0.046837107779336556,0.7624898983890249
180,0.020317880937957382,0.004155849825854497,0.0012234679301254066,0.02909638030743307,0.0010156762100278157,0.005668603911197142,0.002452676068854127,0.0013768339995549543,0.005283444193848394,0.9294091866151472
181,0.025606283795661103,0.005346902497116201,0.009633873121970827,0.0034772514733982605,0.0006824254779144289,0.0008171150520270788,0.001080999698215886,0.0045406140667677425,0.22479986805419025,0.7240146667627385
182,0.0028865781817107986,0.001693025027685147,0.002417500515377171,0.5775826345838784,0.0006507774664244507,0.0061115102162959175,0.004057548217590306,0.003007674773233121,0.01761121001276832,0.38398154100503595
183,0.08030462329133194,0.03154631801385166,0.03908538185817081,0.018667811198784797,0.01118363524275999,0.0038361795639235844,0.028946813017145887,0.06433643622707126,0.14884567525324743,0.5732471263337128
184,0.011876268425569419,0.06627697062595839,0.31641654542419606,0.019992306350846506,0.002438284570173801,0.004751332247199623,0.015458940539188067,0.005593331595108521,0.01794331838018385,0.5392527018415756
185,0.5106827121102012,0.011722645436846292,0.009948843957932448,0.010266127537107572,0.005618820226615758,0.005765410141215143,0.009049477457096137,0.11233059430177891,0.1131749064437951,0.21144046238741124
186,0.3997056015722626,0.015067362356584018,0.010493951545073174,0.004324960312470006,0.002036238552819841,0.002019995402116099,0.0035471904757285884,0.0034127159261570896,0.10579705377067856,0.45359493008610946
187,0.0849374850231152,0.005744622464538342,0.008767646917596609,0.004676734230554028,0.002526381691555535,0.001884954824121982,0.002848863520990262,0.007808265395636603,0.2539347108581055,0.6268703350737861
188,0.03792586800120965,0.18942839836094766,0.013709588330135504,0.01731498504230021,0.05987285875429868,0.02020883840430018,0.4109442637273752,0.018564836076306237,0.03188097611477292,0.2001493871883533
189,0.03334109915050383,0.010233681509298875,0.025079454948170512,0.003646060035822932,0.0007422240755732764,0.0007997515541701787,0.001342096348482437,0.0048260338694583104,0.2103441032363564,0.7096454952721629
190,0.06360802779595694,0.0023436843861781706,0.005954037757521472,0.007227564467571971,0.0013250696613731064,0.002592803669551716,0.002260243865211195,0.04327922591206806,0.13292491664984432,0.7384844258347235
