,proba_0,proba_1,proba_2,proba_3,proba_4,proba_5,proba_6,proba_7,proba_8,proba_9
0,0.05308592567893419,0.022187787332831214,0.0018384684691022057,0.003078997641110275,2.788256239716879e-06,5.036700754792722e-06,2.3140930427870685e-06,5.054226002396544e-10,0.10878398835035984,0.8110146929722024
1,0.030155649083052242,0.0218091125727675,0.004784836565341542,0.005337994087873871,0.00017501808327631806,4.168886164148439e-06,1.743626951865216e-07,9.088558215738819e-10,0.041989170447336195,0.8957438750026371
2,0.07006691205021358,9.194807465002723e-09,0.00018500775407424022,2.8930984109362522e-05,1.3935070826008992e-07,1.4636200197706127e-07,1.1733845241982857e-09,5.580607832325466e-08,0.5203784807408784,0.4093403165837438
3,0.7115065088081612,0.00017837921166886938,0.00039183092570056386,0.0011089434789049724,3.48569490673297e-06,0.0030349717347051947,1.3753942622939619e-06,0.0006963702460417969,0.14177556898696014,0.14130256551868817
4,0.5320002253943844,1.4855299235735623e-07,0.0004653496575062196,6.845794578239596e-06,1.210378795843434e-06,0.00023506665133126995,7.348821584373578e-06,0.03441151992551871,0.28986406850505114,0.14300821631825764
5,1.4634061200711148e-06,0.0185457361836194,0.005423280843568197,0.2030803234712452,0.5853261182719018,8.552829357377808e-07,5.818288964501543e-07,3.3557770439840427e-13,0.00022616449774790694,0.18739547621362945
6,0.3943244692109295,0.003323583295776649,0.00014299300368231398,0.00010971296868691667,8.114998542489574e-08,2.1823006337318312e-05,0.0010703363468379803,5.516287896053342e-08,0.06241423180331505,0.5385927140515699
7,0.10461549197282323,4.546503645345233e-05,0.07131177327481551,9.56744819516929e-06,2.078721725377957e-08,1.4178986061060437e-07,3.2729954833032885e-07,1.5134992263202877e-09,0.04551756292931895,0.7784996479482683
8,3.015026911088888e-18,0.0006399833863057057,2.1035920686502924e-07,0.0002181490464982776,6.309649145631985e-27,1.2405102361068344e-05,2.4235619682647285e-05,3.819778185029491e-07,0.006568453251518655,0.9925361812566083
9,0.0012830060043634087,0.004745333360730812,3.11094483155481e-05,0.6843516307653549,1.6104607456468256e-07,7.338486590395632e-08,1.8273320852308515e-06,1.0553159936461972e-12,0.004015072735535917,0.30557178592161843
10,1.1276967717528613e-09,1.9621092795750357e-08,0.5362188110519718,8.604309637145512e-05,2.2647312946908823e-06,2.7073989838554786e-06,5.550982157677302e-08,3.0169268120901068e-15,0.003870056886120382,0.45982004057664366
11,0.0012509637690150009,0.0008783534671538216,0.016039209510251198,0.00019491188337598201,2.8077095221083307e-06,4.0276059857170034e-06,3.706474992631277e-07,3.8695646143777335e-08,0.19312102359370967,0.788508293117841
12,0.17335190275388998,4.90400175121857e-05,0.00023277965617662949,6.847781261965448e-05,1.3173001115397482e-09,3.7587076978252517e-07,2.874927965019039e-07,3.4556200486420438e-09,0.1821058014492774,0.6441913301740376
13,9.919497288222083e-07,0.10680994997641144,0.0001566982888369018,2.8555404244800218e-05,0.03056865123805985,1.176171624170053e-07,0.001255552072456207,7.245589506830964e-07,0.13691822377737287,0.724260535116776
14,0.257402599297456,0.0011070722877247739,0.0009510229548459541,0.0003356816780913408,1.7432891439938516e-08,1.445641671039298e-07,7.669065534570301e-08,3.51407883156066e-10,0.012336149392102274,0.7278672353506579
15,0.007787245011743091,3.125576904971018e-08,0.0001207998476457803,2.3214049295407012e-07,0.0002099382269621865,0.0019789087597199603,0.44955811112179683,0.4531305554413842,0.0006564180778233505,0.08655776011666264
16,0.3474890039559692,1.9372875303171974e-05,0.0014144743012408883,2.063458194201987e-07,0.0010633234731688595,0.004350127327274502,2.523379681719326e-05,0.5128828148873031,0.08503084896597558,0.04772459407112796
17,2.693694642746528e-10,0.0069301184783869966,5.7611750961750054e-05,9.967986023311611e-05,0.538109946679629,3.4546248203174343e-07,5.321062843946319e-07,3.060057127518345e-10,0.0007121802086970991,0.4540895848779505
18,0.27945582195424545,0.004098539372149235,0.0006381019636409897,4.9521072825457594e-05,0.0004973540009063397,3.804713214062709e-05,4.533340174944972e-05,0.0003406835179351786,0.20982770573428697,0.5050088918501203
19,8.269835983870132e-09,0.0001584205951043581,8.459222878770045e-05,0.009045592144045392,0.825832538166696,0.000645912549996338,0.006346082253818822,3.130321968312983e-10,0.0014817665010869931,0.15640508697759603
20,0.1492586528802077,9.710227010493363e-07,0.009294942181665676,2.077677847344259e-06,1.495274212426344e-08,5.703909914392934e-08,0.00046475839417022626,0.5921696455427359,0.030193007527536297,0.21861587278129457
21,2.751321748075207e-07,4.681965808537489e-06,0.4119935876312489,0.006401013609434719,0.0008601968923620477,0.001864987443711627,2.0503472175492295e-05,9.458010704060191e-14,0.0060596081879496855,0.5727951456650396
22,2.746826631379887e-09,0.3374351359027757,0.16857929635208582,0.017459215884178512,5.1053032461824845e-09,1.5271762509354949e-09,1.8099601815199487e-07,1.9242995522142304e-11,0.12529957385649199,0.3512265876099007
23,9.482679615845124e-07,0.007895961801164761,9.500456666681876e-05,0.0033100077835605817,0.5298027183706445,1.2711946491490473e-06,1.5731192158784017e-06,3.641932524339855e-11,0.0034054005717114593,0.4554871142880061
24,1.6509619720985486e-07,5.151402438774286e-05,0.3141388963453773,7.211076775272214e-05,9.90975410419442e-07,6.541277830408032e-07,0.052213249615997,1.4006643408029077e-09,0.001350685684041023,0.6321717319623891
25,0.0030997404950245996,2.0274680993122673e-07,0.011142094713945862,1.5140222091449817e-05,4.003804410289445e-08,9.852615813108534e-10,7.972469591824088e-09,3.024236227818411e-09,0.10752185184935036,0.8782209179527662
26,0.6202759433714042,9.141806014355514e-07,1.602277654704177e-06,2.641840538527594e-05,3.264297094220442e-07,0.007023305735338805,1.3508559631627871e-06,0.01945943316637743,0.25611503811360276,0.0970956674639627
27,0.31191860241661135,1.2992443795713755e-06,0.0011117113037340844,2.1198759777681653e-05,5.111270502650441e-06,0.00015343029631701566,2.963533871526193e-10,0.004323574437598085,0.5706803396339838,0.11178473234074239
28,0.0008925451391556641,0.0002859167223020786,1.6672002896288555e-10,0.007531981724818516,1.4171057621735863e-10,1.6897841939965863e-07,7.147866136955826e-05,6.227566535764739e-07,0.00021110918222734185,0.9910061765266232
29,2.2939902367631387e-14,2.3062155052335438e-08,2.4789907279750246e-08,0.0009151761471448052,9.485514861496768e-05,0.0003802104992512649,0.6054003752547777,1.4413004121352565e-12,1.2160499205309872e-08,0.3932093229361855
30,6.373003037810904e-11,0.005297741688290353,7.788340124772131e-07,0.03566093703531624,0.8415145782849344,0.0037695708483802344,0.07558066506728854,1.64215574112411e-13,0.00015450501139933415,0.038021223166484285
31,0.0003099905794512861,0.0025624119430070367,0.0015663635003545996,0.7741922992793006,0.0010447891987739111,1.1801515316273041e-06,4.913052991468553e-06,1.4187636758511202e-16,0.00039988750726152974,0.2199181647873277
32,6.610601921641465e-10,0.15984579616548242,2.137980374246864e-08,0.12317775555246059,6.687958975918977e-09,9.550867011590379e-08,0.18170807864269153,1.1289491864743735e-11,0.004576905705751192,0.5306913396848317
33,1.8816234074677155e-06,0.00015439872031041768,0.0004291846416280134,4.874606896313651e-07,1.23013392475087e-09,2.34496657557738e-11,2.447364798964074e-11,9.890700251254233e-15,0.08767096008025188,0.9117430861956455
34,6.232180387298141e-09,6.833221563602856e-05,6.151650813191856e-08,0.0009377103857848775,8.594046345835994e-17,5.6195954749638744e-08,6.701880730879567e-09,4.4826911568416693e-07,0.11108283261327954,0.8879105458696598
35,0.29911548554454226,0.0031903069756014637,0.00011118717559075635,0.00244009208555699,3.364911787610206e-07,2.068235762434504e-05,9.862699249448512e-07,1.733463617044248e-09,0.0860072103261764,0.6091137110403404
36,0.022925388793759754,0.0005222952711155177,0.000851129785207472,0.0007780227704554429,3.1663263481420673e-06,0.00040469345727588987,6.059537901684231e-07,3.8135071656584237e-06,0.45403499641075645,0.5204758877241255
37,7.72266809379969e-06,1.8286625337451084e-07,0.00487577649841474,3.531943926114088e-06,2.599158817990353e-09,9.10068562684156e-10,2.8471867183617783e-11,3.50812429846659e-11,0.38064732016597114,0.6144654622845604
38,5.5679262585935506e-06,2.576504862078452e-06,0.012041363437297725,1.697393191171359e-06,2.0417659871423335e-08,1.0348200894553357e-10,1.872221858856294e-11,2.6156611053888108e-11,0.3200728336309905,0.6678759405413793
39,0.0008032566591504571,0.0063952816601154285,0.0013025318828068613,0.00031621518208260985,2.3444840950906747e-07,1.2922972392687097e-08,5.163137232844585e-09,3.125466077067112e-13,0.022721986725638445,0.9684604753553745
40,1.1912270869893035e-10,0.06267432902810036,0.0007755595260555144,0.00024150359155073855,0.05228527864030303,0.002439414631025005,0.8334588013037308,4.2883125718628837e-10,0.014712713301119897,0.033412399430160465
41,0.5005283661763933,9.367756516119308e-06,0.09866067959325064,8.01162749733474e-06,7.966055630165073e-08,2.9340001218818866e-08,2.2524313490881824e-06,0.07283335863461464,0.12095159083687441,0.20700626394294688
42,0.48564449697310785,0.0019865142889683427,0.0002769041491329627,0.018422723274059746,0.006964130056656603,8.225247659591632e-07,1.673743394144925e-06,1.061397852835685e-11,0.0019348946823222893,0.4847678402969781
43,8.599187584899439e-15,0.0001639075229558811,1.1551705018221887e-07,0.038262438365184705,1.0846046996298173e-07,2.197183867961562e-06,0.013397891680150716,1.494095835653083e-20,2.085121178104441e-06,0.9481712561491339
44,0.0004496429459550103,0.000691577439325854,0.002050095789736105,2.7919865741154386e-05,4.792150039873114e-09,2.9563306177753553e-10,9.238817692343473e-10,1.8230047566174965e-13,0.1302357659084933,0.8665449920389015
45,0.4755129005038762,2.2680396008647933e-06,1.0262539467106118e-06,0.3253008958858724,4.583001583987943e-08,8.76975881405885e-06,1.969528070892106e-06,2.6309308427665454e-07,0.06838684978527633,0.13078501132144232
46,0.0007226788369284952,6.7402409316955434e-06,1.3018885438282493e-05,8.473893004041968e-05,1.1534342903320527e-11,3.9170938394315655e-08,8.912304712116214e-10,0.00010072184423760834,0.34280028997680767,0.6562717712119126
47,0.5968880290055258,0.005891692728272782,0.0011996533264149328,0.0016146204447167953,9.363650850370362e-08,1.6155381178705221e-06,3.2509163011472895e-06,5.549205316825244e-10,0.048264704534022373,0.34613633931519905
48,3.1954267379007464e-05,7.853908217591989e-07,0.007402995234224414,7.37710474350706e-06,4.8932522713123343e-08,2.0620615324053732e-10,1.455308326489298e-10,2.8684861752774026e-11,0.2083866036006504,0.7841702350892363
49,1.3073078895625333e-14,0.00046085445478291555,3.8093537666171956e-08,5.3697912882333654e-05,4.510778293513255e-08,0.0003656857050083711,0.6913855848605235,1.9939495470096098e-13,0.0007398026527042104,0.3069942912125657
50,0.003997449089109094,0.004188512818922748,3.119612987757265e-05,0.4823959733293143,0.37024601749904806,1.4754815998067329e-05,4.979237874464871e-07,1.1107138267977681e-13,0.0004051596835907202,0.1387204387102411
51,0.023112980893346638,5.6738213848157164e-05,0.0046086824951887964,0.00042724087947383307,5.944613832702932e-09,7.65784151445954e-09,3.5935902692806545e-08,1.7109173388006987e-11,0.06083534365899841,0.9109589643036771
52,0.44995944636382795,0.00011206280535056934,0.00024721924021899207,0.004456983307367264,1.9605562779311433e-05,3.218455680266224e-07,3.081200124394243e-05,2.856404025770311e-05,0.20318309633020024,0.3419618885031861
53,0.0002332538368603766,0.006377313931727968,0.0013066027674811177,4.7842727159164485e-06,1.034230069605732e-05,3.982429011244e-08,8.732222640453462e-06,3.448260645658756e-11,0.01201303596225895,0.9800458948468465
54,0.37422541336983645,3.865628034039944e-06,0.0010305696839473662,1.13230699340607e-05,4.4047576566022033e-08,2.5523357297087936e-07,3.695420052462914e-06,1.117353987755675e-08,0.05779159816663604,0.5669332242068702
55,0.5672842839506981,2.0629057794109318e-07,4.055532719071409e-05,3.671187513261437e-05,1.5433059280347493e-09,1.0236864529819313e-08,5.19473993232554e-08,3.4636512008491735e-08,0.0953429656566258,0.33729517853569296
56,3.135745040423716e-05,7.757916497045464e-06,0.003957244867886346,1.5048555519273938e-05,2.893094919301597e-10,2.3987538801972914e-10,8.912567402375871e-11,4.591436112278341e-13,0.08789187613631949,0.9080967144546039
57,6.124726118027013e-07,6.216951355859462e-06,0.010901428198897466,7.093659526798144e-07,2.3034690559379942e-07,7.758872683537598e-10,9.471421811947106e-12,3.0278806191951577e-10,0.40448039913304074,0.584610402443089
58,0.5406543704195058,2.764324228757251e-05,1.1421445725995824e-05,6.406154178920551e-05,1.1720230529959551e-09,2.135502524991959e-07,1.5085795589223823e-07,6.17662214459092e-10,0.052965909598031886,0.40627622755476595
59,4.673292928679894e-07,0.23078585634411283,0.03229074167025606,0.0026727483865577116,0.6033808940125346,4.100961231905576e-06,6.804620203447157e-06,5.63805637860214e-10,0.004396861254492854,0.12646152485751233
60,1.7241845569524404e-18,3.8983121123609905e-06,1.259431464065876e-12,0.0009711641174620278,1.1002025626979225e-05,0.4154811496117661,0.04229452647562712,2.41837655014686e-13,1.5848529759538907e-06,0.5412366746029282
61,0.0037224279485176905,0.0032737075490433575,0.0005840451569045362,0.014478423174148682,0.047827877501407684,6.977909507543118e-06,2.2762114966665024e-06,7.965806292624276e-11,0.00155060799356156,0.9285536564757542
62,0.001382203983871078,0.017368084946757734,0.0003871137884128817,0.0014171294583711104,3.530248573909877e-06,3.418202388905469e-07,6.491767973043224e-09,1.3398785592557806e-12,0.01564441497707032,0.9637971742835962
63,6.92902211842855e-07,0.10548475713047295,1.1396473793776454e-09,0.3210911756920845,4.874842675058198e-07,5.892624933346876e-08,0.0648619558505439,2.578901541400017e-12,0.012714729395142932,0.49584614147680073
64,3.654417352421264e-08,5.301020036347574e-06,0.7868416792927752,1.4322144112632641e-05,4.82504198418995e-10,1.2329819587440756e-09,0.0010233490528125896,8.92004274384692e-11,0.0008119372618172276,0.2113033728795861
65,1.5776110899697384e-05,1.4868431921367377e-06,0.0062809650881396634,1.396643736623835e-05,5.911026180131476e-08,1.4109939998122782e-07,7.950370279724457e-12,2.3760883223247186e-08,0.6457658440841166,0.34792173745779026
66,2.5818846547717127e-12,0.8070796789753163,0.05771737206748475,0.002142631053129318,0.00039924134545491245,0.0010814698735338712,0.01361877969340387,1.2265030103138468e-08,0.07164543692119409,0.046315377802870886
67,0.00011502067272810332,0.0012397069822772462,0.01725153645906898,9.503145922640444e-05,5.613617351232162e-07,2.071350225765145e-07,4.9665011054991e-07,3.514483931846922e-08,0.3201862634035853,0.6611111407314064
68,1.8372291884145948e-11,0.05868242940439402,2.9392969042633635e-05,6.899103835781556e-05,2.139962646350512e-06,6.193972877942738e-05,0.6458108686350742,3.031519098110914e-09,0.010718366046219376,0.2846258691655949
69,0.5334432060695695,6.898027893471997e-08,3.4956948520055585e-05,0.06232551723073647,1.073646908966625e-10,1.1651783530767254e-08,1.0829952062479107e-09,0.00018404629557272628,0.04859317449334161,0.3554190171398371
70,0.10267267844561187,0.002619002048093709,0.0022513306438522525,0.011286547302054778,2.9657755040010258e-05,3.9170827539776194e-08,2.4410409769115874e-05,9.058204484700789e-06,0.5963704557256446,0.2847368202946214
71,0.6104246248917649,9.5175350768538e-06,9.872987252806344e-05,8.881250522145816e-05,9.502498317341682e-06,0.001639398147311882,1.0074958992476038e-06,0.005587814880406874,0.1946087080023703,0.1875318841711033
72,1.206827284798611e-13,0.26299014621499994,0.0976603546364812,0.0002280233675010278,0.595913805784701,0.018999291932229614,0.010834850469358549,2.1190181146422133e-08,0.00031550675348953163,0.013057999650937315
73,0.2944576534550998,0.0009515969932402503,0.049431922426735296,0.43859644368253686,1.5942563635262209e-09,6.43864802552177e-08,9.395097073270545e-08,1.7134992453464381e-09,0.0693014488266879,0.14726077297049325
74,2.1846062294856373e-06,1.1362646755681285e-05,0.007767024302840573,1.2003304733346393e-06,1.1521151281114713e-07,1.1029228574711046e-10,1.985726551799491e-09,2.4447371281802865e-11,0.1515220153756395,0.8406960954060824
75,2.2473412195291324e-19,0.00029980600990272877,4.574810838168171e-08,0.21694320696842553,2.418913623364052e-07,2.5265404383339632e-05,0.5664784505075322,2.264254921455449e-19,6.338966421864358e-07,0.21625234957364323
76,0.39323087724257055,0.022616637822967123,0.001774681182277674,0.007550275830941363,7.17406234584594e-06,1.7913335764208546e-06,9.368434143378884e-08,1.8152622647100554e-11,0.0126305255212506,0.5621879433015764
77,1.398194037179694e-15,3.948300485873368e-06,4.721845001676401e-08,4.387791207424452e-07,3.215792029535583e-20,0.0004521935842933878,3.5674918636117836e-05,6.008723606016868e-08,7.659374525135159e-05,0.999431043366525
78,0.0013568411548467488,5.68536869341112e-06,5.306672552829372e-05,0.032409236868137424,1.3441936463042034e-08,0.00022976757685207825,8.69125879902373e-12,2.799988510152765e-06,0.457549033035875,0.5083935558309292
79,0.00044103123223052554,5.0546959428230195e-05,0.8456855421929416,0.000433198412073948,3.4883368335878044e-13,4.270929192127736e-08,2.5297953804976164e-05,1.732916087739486e-06,0.007333771071830312,0.14602883655196178
80,0.0016735619902986953,0.0029345086855912124,0.0021854780506514134,0.00029593410031023096,3.9590117784581175e-08,1.0360279406835238e-08,8.845549210666219e-10,6.262266683269697e-13,0.08454605178791058,0.9083644145496595
81,0.37309243485997823,2.888090957966114e-07,0.0023309278326077206,7.980586587921408e-07,1.66054505251271e-08,2.6130371733778887e-08,3.466470322076964e-07,2.124228849799376e-06,0.0835105806191899,0.5410624562087654
82,0.22812444815088995,0.0003310135510368416,0.0031164867897532054,0.0002066264822859257,5.5547216517588387e-08,2.606734285959216e-08,5.776125405322607e-08,6.192707494638891e-09,0.018764677879339775,0.7494566015781733
83,0.5304955107192186,0.0003029973964906844,3.899349810523675e-06,1.2972915826380102e-05,6.933240295240455e-09,1.8141589505661277e-05,0.0003774087504283518,6.645130798051616e-08,0.05229052793912322,0.41649846795504836
84,2.7455433369484297e-13,0.003226830237153674,4.46085819717664e-08,0.002790761817107569,0.1975510391086056,0.236983146112403,0.5150492408880507,3.265275051575068e-15,4.015018700298695e-06,0.04439492220911948
85,2.6429226620417502e-09,0.008502019722756177,0.01410964264058068,3.5298924017046443e-09,5.872363610518199e-10,0.016572260575733355,0.9329046188676916,3.139661696893325e-05,0.0014735714958268957,0.02640648332039093
86,0.39740802439472417,0.031116483132698644,8.847426904586068e-05,0.0005554497082953185,7.949486082783572e-10,1.1560062388846943e-07,6.833578147776723e-07,9.367356691671679e-12,0.020834592702507055,0.5499961760299743
87,1.7355962595076438e-14,0.00038861109606442624,0.0011400532394401314,3.860791335910233e-08,2.393104011314365e-11,0.6761791485430824,0.07724283140246126,8.081575691423528e-07,6.48782607996729e-05,0.24498363066872111
88,0.4699468331224988,6.953406935082717e-06,1.452483416364211e-05,8.633346335432908e-05,1.668654892404327e-07,2.9437069783127834e-06,6.747576617206197e-06,1.587239035535711e-07,0.0190986082299222,0.5108367300701377
89,0.0020860550067084253,0.0004647330444328863,0.875882710709096,5.095718886562281e-06,4.877384483576326e-07,4.734194934343472e-10,0.011315277034721656,0.002921174018143496,0.0022081819427235768,0.1051162843134197
90,0.5211817791854979,1.5570975937600619e-06,0.0002458987628594466,0.003448484342162786,2.5444097758439095e-08,1.7257718501529377e-07,1.4794000790818493e-07,0.009181978872356306,0.10266852093006792,0.3632714348481712
91,0.0037563773738364917,0.00917635474601399,0.00027343925668872203,0.001701588195665476,7.484932035433219e-08,8.599407388704178e-07,9.310224931728132e-08,6.374421125508324e-11,0.14756875875848433,0.8375224537132583
92,8.558449592673338e-20,0.0001731306278967547,0.2717969485542224,2.814635274124462e-08,1.2691970802167314e-08,1.2034062998882866e-05,0.6476509502813587,3.4646272148983556e-06,7.895020760656262e-06,0.08035553598722421
93,0.08901763159560684,0.05142962227726986,0.023544367973344704,0.0026650259960419383,0.00037574740777420243,7.806319886836782e-07,1.9378499801049253e-06,2.566561916769472e-10,0.019517249583574897,0.8134476364277625
94,1.0243339811320394e-08,0.38568865655297246,0.01527514455175241,0.01707471252094088,0.0001262774571126155,0.0001010398579036022,0.0006520108008013315,2.7955507914806163e-10,0.44069254608880576,0.14038960164681594
95,0.004846308669166052,0.049195792065307276,4.65316538102043e-06,0.1623852433701289,0.0001135717016601292,2.3343421034533754e-06,0.0032616709552427,4.895256056591154e-11,0.16873874071158668,0.6114516849704713
96,3.514121248160283e-14,6.50047962321297e-05,1.0678130412459353e-10,0.11589215634323018,4.2255813386434077e-14,0.7103032095683715,0.022667517801659473,2.9192587944151384e-16,1.1183777886101962e-06,0.15107099300585933
97,1.8980521641009018e-05,0.00021014512455105977,0.0037142736610070856,2.7753214736670103e-06,3.673477802291554e-09,3.902021161525768e-11,8.381677728633959e-11,3.7249638809753446e-14,0.09552562722018564,0.9005281943547894
98,0.5435605530765614,2.297033076681014e-06,0.00017619392083499525,0.003873796834279392,7.661801809405779e-09,1.4977842458570912e-09,3.84859686652432e-08,0.0018829975127805211,0.09063826058324506,0.35986585339366733
99,0.4778128318951504,2.0175390376041613e-08,8.999941089561358e-06,1.3278302837538084e-05,4.800176703531218e-07,0.0002703269296484346,9.490724610802908e-10,0.0007635801004988612,0.4146114316030907,0.10651905008555136
100,5.739780746425922e-06,1.2311375155389809e-05,0.0003278536999194877,1.049584098792635e-06,3.112031431576297e-05,8.225287712669538e-12,2.2149744105928095e-08,5.341981007168943e-13,0.0040097658819099645,0.9956121372053506
101,5.697399757521617e-13,0.008843315232584036,0.0003423752704169179,1.1800795852740967e-05,0.6185539283161364,6.994007225518057e-06,0.0023159939914446648,4.240177743539234e-09,0.00010000793304371666,0.36982558021254835
102,0.0001937847438942306,2.9010953428059914e-07,0.0004154853296444479,0.0013487299377058274,1.1607939428800609e-11,7.186677609138532e-13,8.138491089354969e-10,1.7510523807991477e-13,0.2893830040871513,0.7086587049657191
103,0.2558033495713054,0.003873007104242443,0.0016401897567247116,0.0017014790960944047,2.0102759990436696e-07,1.2310720906352994e-06,1.0882743361616911e-07,6.025902038506304e-11,0.09322087544746122,0.6437595580367885
104,0.6167677407289778,1.5031560881742912e-05,1.8307158285988e-07,0.0014118633606645988,3.54957138171377e-08,2.5881807542238308e-05,1.8736118730063406e-06,1.950242906603276e-07,0.11588181532460001,0.2658953800138733
105,8.294555898787829e-11,0.000564482307624049,0.7978507301373411,1.0575465876102405e-05,8.173368893314522e-11,6.083990887523199e-08,0.00018921962521905312,9.44373606495113e-09,0.0012569322180418967,0.2001279897975737
106,0.035089911088424665,0.019681392885504176,0.0004905152020710722,0.007351621225409146,0.017850117990136815,7.160199659854164e-06,3.1919189448372636e-08,9.775845143969911e-10,0.010286318249083274,0.909242930262937
107,0.48775127659260736,8.038706691342834e-05,0.0020253013232081466,0.0006072421278950106,3.208068847604772e-07,3.923934554903814e-06,3.2954174979568476e-05,0.008828242722446202,0.11974661759076959,0.3809237336597409
108,8.377649670075281e-07,4.9310974063293686e-09,2.1982165329045227e-05,0.008775034144784744,1.0631628934839594e-13,2.2539449410791355e-10,3.8977596187531967e-07,2.73077224959483e-06,0.00038859840071327065,0.9908104218193963
109,3.305111431319527e-07,6.405062323741738e-06,0.00115078963771681,3.558312479829144e-08,0.38351980504397676,0.001610146409097137,0.0015689222107866543,0.44086026424312025,0.0014638885546636123,0.16981941274404713
110,4.557652113026356e-11,0.2975662674259862,0.30690061562947674,0.00018387751174632824,1.5808699762930027e-14,7.699115357700217e-07,6.607812772653761e-05,9.117681184242418e-10,0.13344779553238273,0.26183459490378524
111,1.2772690533166307e-09,7.732674129188722e-10,0.8975615760903374,7.378012759834377e-05,5.817911422831382e-05,0.00010455547933404638,9.119753296844241e-07,1.008994191410828e-12,0.0008665946056155141,0.10133440055601112
112,7.205813130377621e-09,0.007092823928102072,3.121450739299024e-05,0.35840976790734286,0.5650959156234392,3.201350380511155e-05,0.0002565120242183454,2.8161001446454106e-14,8.278293782471756e-05,0.0689989623620333
113,0.0361139103236789,7.164206156319033e-06,1.5295156425894768e-09,0.001406174708949724,2.911971825108213e-07,5.728302678002296e-09,0.00011498727417546117,0.006344368004603034,7.613150979195522e-07,0.9560123357123378
114,1.943903104384898e-05,0.01076040646691078,0.003345245688843669,0.00012435024590915444,0.0009631119468576533,1.4437427311619526e-05,1.4526582721319258e-05,0.0011407763590985268,0.37728307706934516,0.6063346291819582
115,0.07393075671867377,0.0007073987192078988,4.558605205629249e-05,0.0760681975324327,2.0139577885306767e-08,3.773156863742002e-08,0.24854107900513103,4.0688652276912805e-09,0.020273500970890646,0.5804334190615958
116,0.10637256096504594,1.5049397705623956e-06,6.094194720013622e-09,0.0008934853350794524,2.871467292826537e-06,1.178649063615626e-08,9.183358552836737e-05,0.03025904677047039,3.662677152757651e-07,0.8623783127884118
117,1.7593328788319548e-13,0.07437307104136472,2.907962480272016e-05,0.4625950064892678,9.094513100058047e-17,0.0006940913282995007,3.0002704552391665e-06,3.5959761723442337e-11,0.005831535854138401,0.4564742153555358
118,0.5015224552368199,0.0014907910526716886,0.0011901580803534298,0.004800021005199693,1.7466811418442513e-06,0.00013236568466441892,2.2742767424477293e-07,1.2653819212853025e-06,0.1798655151729473,0.31099545427660624
119,0.7210627726186853,0.0020339517477104617,8.396899897599955e-07,0.00014096835411507014,2.629365540402787e-07,9.188991151714544e-05,1.1566172897549407e-05,1.1581604340477015e-06,0.04337522562272978,0.23328136478536662
120,1.0811631836156657e-09,0.006289619800851539,0.0005371671997823617,0.037680772845744226,0.6750496452661291,3.657836922611829e-07,0.00010723106543043341,9.442181378833963e-13,0.00036944233576242664,0.2799657546205002
121,3.310392722308787e-05,0.005211400414094297,0.0008814156892247928,1.8712712541757484e-06,7.995259834136768e-09,1.3509082923128358e-10,8.066519273109737e-10,4.825522503192865e-14,0.05185233811436445,0.9420198616467883
122,1.0042132730628739e-13,0.0006205289328359381,1.3284227140063333e-10,0.015261936172526431,4.1865020631210235e-19,6.04169724467586e-07,3.7057594238967154e-11,2.460846962715913e-09,0.020987507960635705,0.9631294201334302
123,0.21671245795038857,0.033680175403433266,0.011094700062730539,0.004366928596872454,1.5848956578187434e-05,6.138747190000951e-07,3.466689079703237e-06,5.1236269248158695e-11,0.021509625686837376,0.7126161827281247
124,0.00013913596520066584,7.0095943129411505e-06,0.00012007171501882142,2.6830441402879107e-05,3.1686106536969036e-06,2.882866999645493e-07,2.022858839449428e-12,1.3873689314285948e-07,0.6605978824817421,0.3391054741660529
125,2.7443554819029094e-20,0.000412924239013906,6.852432980965427e-08,0.00021543366987788332,2.071949744971158e-26,6.388934082844065e-05,2.4127442813528712e-05,1.6451629094379787e-07,0.0015160562953248876,0.9977673359715206
126,0.4386414732640776,0.00025701182903728546,0.00013568496804563092,0.00295504473509687,1.1238439190344083e-06,0.0007211681289963029,1.5711757553974252e-05,9.351924144023857e-05,0.23554537538058568,0.3216338868512474
127,0.027498947374835204,0.00012326710541833713,4.322152211923526e-05,0.37088135783965637,4.7576108140619574e-09,7.448471944196214e-07,6.018658467827727e-09,4.497959235930575e-09,0.29770225987916166,0.3037501861573862
128,3.7434177097614297e-07,1.1173391853678674e-05,0.008775017122272341,2.924374109226886e-07,4.355396153489353e-08,5.597451732097877e-11,1.564635200465333e-11,2.8315531195077988e-12,0.3094918889814256,0.6817212100968526
129,1.333733513948177e-09,0.0008741949115674356,1.8082890158807302e-09,0.4528833068700173,2.0432258022863655e-17,1.1563356997613277e-06,4.3128253479876396e-11,4.6020106963943283e-10,0.008009255696533695,0.5382320825408299
130,0.08393175273111873,8.950061922100837e-05,0.0003020090152485416,0.0002905720164621474,2.0180378215095684e-07,5.682510854905472e-08,5.428934558495499e-05,2.530026696237721e-12,0.01867308707883416,0.8966585305621096
131,1.3224675623822536e-05,6.213909914456347e-06,1.5745619466056656e-09,0.0039629318508535745,3.840725404258931e-11,4.807993836962372e-10,4.1639148713933365e-05,0.00021373620171843882,3.820657292049669e-07,0.995761870053678
132,1.9802115576438874e-11,0.03539557711183168,0.5128572262340232,6.787483416064624e-06,1.7455105407669416e-15,2.116597847435812e-07,2.352829112507007e-05,2.612521416324027e-09,0.12360883052163911,0.3281078360658548
133,0.10277890994584785,1.7148027839033517e-06,0.00011447871261931458,7.226305092533862e-06,8.524894705235384e-06,0.005682523382877728,5.415058116506977e-06,0.12923656748307452,0.5502660091433453,0.21189863027153705
134,4.381229634686578e-06,0.0003754291287416403,1.3724010551659472e-12,2.073038758719059e-05,0.0874845203986576,0.0030004957560345303,0.2452906862382991,9.128326255376294e-13,1.7996284166611908e-05,0.6638057605745934
135,0.0008841911741336726,3.910848253099947e-06,1.877529293849793e-09,0.0031132789896650887,2.6561279608027676e-09,1.3547279880629486e-09,6.770332600596324e-05,0.0012583504953440736,5.082549519010191e-07,0.9946720510232611
136,0.014094798133528229,6.247357282640911e-08,0.402380131943112,8.674922568175148e-07,3.738155866518679e-09,3.253202299964712e-10,3.563625603609691e-06,7.569949885163052e-05,0.024960818902906967,0.558484053866692
137,0.005139918207918104,1.121880861645042e-05,1.0712940016817713e-09,0.0019452999008470967,3.963883677930197e-08,2.9584664072310348e-09,8.512955509830507e-05,0.002109050239685514,6.551562166587697e-07,0.9907086844630206
138,1.735421566316944e-05,5.543685712826513e-07,0.6050923799559463,2.313370418454075e-06,2.4807308701018833e-09,4.770233632141526e-10,3.4949990465988024e-11,9.018893848441391e-08,0.08988155144567567,0.3050057534620825
139,2.9673258410812908e-08,0.3709546545799294,0.0006450243591925355,2.1195390780228106e-05,0.006624177518654439,6.743574535409128e-08,0.0005992344847477356,1.680395121776601e-07,0.34849147917623624,0.27266396934194354
140,4.3251526948699675e-08,0.00017118687252740505,3.361877185393383e-10,0.01114716143256707,3.0138637203100934e-14,3.6781400940388554e-10,1.6939542284849012e-05,6.661010474189717e-07,1.3990526995613219e-06,0.9886626030433149
141,7.544529850312851e-21,0.00018058227084716196,7.980738852722424e-08,3.201129705136093e-05,4.193133267891813e-26,0.00043254656279633966,1.6573325948428515e-05,3.024275159497234e-07,0.000985190123219889,0.9983527141852323
142,1.438807136661444e-14,0.004129001472310229,2.959479848079628e-09,0.004446616163483789,1.435383347740592e-20,7.693179275354646e-09,2.5006465551934976e-05,5.673501977581327e-08,1.0999279239853877e-05,0.9913883092317209
143,0.0006501701101339965,0.0005101503263852578,0.00028311180593458893,0.0003632174251617304,1.6772549005895934e-08,4.133331445727511e-08,2.1013547689271055e-07,6.361845675321318e-11,0.17519249887422259,0.823000583153203
144,0.5936815296436553,0.0003536051124652001,0.0001280309513964057,0.00029648440695995664,4.5977709734084626e-09,2.7597005812768694e-07,4.050272517615245e-07,4.764090768628716e-12,0.022247488144661556,0.38329217614101674
145,0.0004674899427402499,0.2514280363132985,0.009360475095577706,0.39592349197751187,0.0003649666450659953,0.00031804762185236914,0.3141514572624431,3.8220605226931894e-12,0.00014168903041839802,0.027844346107269685
146,0.6496730850703649,0.0021380700905229287,9.579650295312705e-06,0.0001712705246529759,1.7834969463831175e-07,8.028152970705652e-06,6.667434241476923e-05,9.890387408417074e-08,0.01815769418394196,0.3297753207312678
147,9.079814682561246e-07,0.002320266460499824,0.00011939297645318225,0.28805266194525964,0.39079282036811896,4.145743087781536e-07,1.7157753689224687e-05,8.341320381570133e-13,0.00034940078979221257,0.31834697714957577
148,2.4502042297095932e-06,1.3707684250629686e-06,0.003105720723482523,1.3904096776212514e-05,2.7344042804776067e-09,9.546779460518782e-12,2.134939772879436e-11,4.877704067546641e-13,0.30624904743142617,0.6906275040098719
149,2.282572402034589e-13,0.0023010568902971386,1.3212540811575066e-09,0.0074813915225353435,1.5918670031423354e-19,3.2141222388274737e-09,2.1644488035024633e-05,3.7335624078136675e-08,7.899310118939722e-06,0.9901879659177849
150,0.5241086101962893,1.3899393000443607e-05,0.004217175443955088,2.7530212223115426e-05,1.6778042144801576e-05,3.0783417014068046e-05,6.25313164963812e-08,0.00016221346875454213,0.11903338448065626,0.352389562814646
151,0.20616859489278466,1.8557198165777326e-06,0.0069729951868950325,7.172767596073829e-06,5.0016383598965175e-09,3.616657732834583e-09,6.99851562888915e-07,2.170836591148856e-08,0.02422092177032617,0.7626277294843566
152,0.2662978269448679,1.0496130415584887e-06,0.00230216250034456,6.979478147737645e-06,7.618946367570483e-09,9.497529905351057e-09,3.128604413181136e-07,1.9470985383112213e-08,0.02461995683252165,0.7067716751831736
153,2.4309466272168155e-15,0.019886965867079366,0.525938919841195,2.097733437442029e-06,5.415577215251807e-10,3.051823384755618e-07,0.07304553764372064,1.0874228081173607e-10,1.0479976699835844e-05,0.3811156931052268
154,0.0010203073095871097,1.7543646812171777e-06,0.02538719374046893,5.556583494689806e-06,9.823228007241518e-10,4.5153110645941824e-07,6.58538402942984e-05,0.323711872785694,0.057028479871435556,0.5927785289909149
155,0.0003639964328758221,9.491835905848768e-07,0.00018311454652464003,0.00043847671580050175,6.230153869005019e-11,1.909630063916577e-09,2.2393778071239068e-10,1.9432113293231413e-11,0.2646733695047029,0.734340091401204
156,0.5526014843247881,7.957822253389602e-05,1.2879658995265448e-11,0.001293858491491929,2.88100841946418e-09,9.133087439397744e-05,0.023529655240350722,3.4281991231838446e-08,0.0005911565157742455,0.4218128991547879
157,1.6812428492968356e-09,3.292915055156415e-08,0.48793669737066603,8.089540768796644e-05,3.309074887695546e-05,5.019037702120674e-06,6.923578327270642e-08,1.733446140620986e-15,0.0033423999604507526,0.5086017936284378
158,1.3420043292628573e-09,9.32522075729657e-11,0.02579519716327143,2.9470157231411102e-05,7.824242661427042e-11,2.2990266130230192e-08,2.772189634559428e-06,1.4550173947318345e-09,7.792009986362273e-06,0.9741647425210938
159,0.348039954408788,9.411845249201767e-07,0.0006962296208555225,1.7106202490640587e-05,4.995858162238048e-07,1.1262376383843465e-05,3.263345443590077e-07,0.07895457425854407,0.2960917400805706,0.2761873659474819
160,7.097461535424843e-07,5.7280949252507565e-08,0.5709911618170795,1.246257832592916e-06,3.8135618590764004e-12,3.3368754701918556e-13,3.0991853610379547e-07,2.883453915351924e-06,0.0010874017728914405,0.42791622974849497
161,0.2977831983925204,3.438510767685062e-05,0.004308254489569963,4.895388343344328e-05,4.041469418379457e-05,3.7332306405514954e-06,0.00016469991582594842,0.395006731673096,0.1601930013354915,0.14241662727756163
162,3.002464906279911e-07,0.003923184922333295,0.0022588860325085027,0.038911433604579826,0.8023164278254437,6.254317529160746e-05,4.306893984655299e-05,1.3190729390431945e-09,0.009407713413882171,0.14307644052055069
163,0.057542614964593404,0.0222902346105786,0.0021551638473066392,0.0012419954509613217,0.0006198500477649734,9.160511324144475e-05,1.1281875444922222e-05,2.2085210736856365e-06,0.22660492767631657,0.6894401178927184
164,9.470887001844168e-21,9.517369939259498e-09,1.130484644815683e-10,0.000545717793668165,6.258112351130566e-14,0.42059026888444573,0.005492630243273411,2.2323113658265734e-11,8.599824576762185e-08,0.5733712874275628
165,2.515491491902241e-09,4.8992045638113515e-05,4.1268378854946233e-10,0.007234430441719567,3.510299003195207e-14,2.676193349029202e-10,1.1538092089766045e-05,2.846350496604347e-06,1.8291616744198308e-07,0.9927020069580588
166,9.694960549700485e-17,2.8229825286018907e-06,2.3750938951136517e-07,3.274541400457778e-05,1.5074222131068217e-05,0.05151366889212357,0.004773329311210874,5.133507380899757e-06,1.7914157852459865e-06,0.9436551967454455
167,0.02072642696937807,0.008195803895336678,0.04297456649152412,0.003240886888752501,0.0007139582986725424,1.5756680974414115e-05,6.885870455144071e-07,9.716207576560372e-10,0.022652048483163423,0.9014798627335321
168,1.1068340096459636e-06,3.331441880157334e-05,0.00015793507212998699,8.110487134189367e-09,6.879769792536024e-05,1.6477551023467572e-10,1.4154611302280107e-07,1.1937712129838582e-12,0.003983976012369795,0.9957547201421941
169,0.002190614831955881,0.008236003658095578,0.0005779602739355631,0.003026827455834425,2.832025318435048e-07,3.2547401902553395e-07,6.298733661074487e-09,9.251478637064635e-12,0.0957216829725179,0.8902462958231246
170,7.337378375450156e-05,0.00024028503922810622,0.006873632444113083,4.870920815919512e-06,2.8461018650493317e-09,3.1762900614502586e-11,3.7520735250396735e-10,7.896973136695697e-14,0.14422056359462346,0.8485872709643137
171,1.440623878285646e-06,0.002038703333678041,0.8260387375645764,2.0058350059969317e-05,1.2782279255521959e-08,6.054237899190807e-11,0.003624400666213946,1.094609784316182e-06,0.012822322237391076,0.1554532297715966
172,5.546449606593672e-07,6.262539471424317e-06,0.006244621350109475,7.305377454314926e-07,1.337592866328953e-08,1.4050254079867974e-10,3.3220310785718446e-12,1.0671209511617222e-11,0.2862121050247385,0.7075357123725502
173,0.00016800196398438172,0.00023617657639687969,2.02929391429822e-05,0.005418345024598783,1.0668073917289669e-07,0.005476056093315188,1.2357108329582924e-08,3.1567734163619936e-06,0.5902567077116512,0.39842114387964667
174,3.8267876180229186e-07,0.3748733786399323,0.00047233232026328015,0.0005056280283562129,0.03383355402921761,4.4814277316199366e-07,0.0029057660946741606,1.2375347995572365e-08,0.07369586737507478,0.5137126303155986
175,6.452624813997093e-13,0.0019273570063804547,2.709894178902494e-07,0.4415306169984124,2.9429804192448546e-06,0.09707416510795222,0.4493170097016814,2.8421831284851794e-21,1.6811516797128422e-06,0.010145956063411411
176,0.02074192231732459,0.0009907099693014412,0.0008572668439483926,0.001321933629823732,9.427111708377201e-06,4.201929466886854e-06,0.00809261334309236,0.00011193486587126037,0.4933911020042466,0.47447888798521637
177,1.0979304682073465e-12,0.0023626137529284027,0.00042202940190215634,0.004255146432396152,2.1384605291378737e-11,1.9539262846311372e-08,0.012670976570547242,3.1892256323641585e-14,0.0016110012235822217,0.9786782130568666
178,6.527186211789408e-17,0.0003073734317351528,3.996966106807788e-10,0.019203972870227133,2.8275635639865846e-20,3.175553062109621e-09,5.002770335821626e-06,2.0548609315620075e-08,3.367374975883477e-07,0.9804832900663453
179,3.4547650497007344e-06,0.0020012193216419542,0.005875375718263128,9.799124159052914e-06,5.604233672442936e-07,1.6274861159366006e-06,4.948315460610126e-05,1.6002938067615892e-08,0.05318136270045524,0.9388771013034035
180,0.00045676045862040246,3.4891940721967976e-06,2.2109903443469523e-09,0.003301801847584596,1.0884923268207858e-09,9.63811356707275e-10,6.460771691804307e-05,0.0009980528843140538,5.002680696905048e-07,0.9951747833671271
181,4.077377167484488e-05,9.617685894975324e-06,0.0033264299432817926,2.152103571802138e-05,2.501726339099832e-10,2.5196719276406564e-10,3.7885155348267354e-10,1.0936490305794996e-12,0.10195083800934014,0.8946508186720052
182,7.980993037178384e-05,5.26786879991088e-06,2.6814975470032295e-11,0.5031603614227039,4.242387078875246e-15,5.205856201342782e-07,2.8601301784955483e-11,7.751200801487138e-11,0.06997115316420303,0.42678288689536875
