,proba_0,proba_1,proba_2,proba_3,proba_4,proba_5,proba_6,proba_7,proba_8,proba_9
0,0.16732667659954317,0.011627647042906074,0.0016381016381876005,5.576927740711029e-07,5.67322557657089e-06,1.4992771934267335e-09,0.00023500209651596487,6.858380070267463e-09,0.11087780391081871,0.7082885294360206
1,0.15841468143504567,0.011608797062665837,0.009244026497970466,1.8249449460052383e-06,0.00011627973583813728,9.677213530207324e-11,0.0003441261640362592,1.0610662754711164e-09,0.1302977695764865,0.6899724934251728
2,0.019250872444033725,0.0012156063243472675,0.000344098854117728,0.009767543757018781,2.457332480099066e-13,5.3264247737305416e-08,1.1532812765923382e-05,4.120279897712444e-06,0.647490384289185,0.3219157879741404
3,0.5960793485935117,0.004346063269045528,7.103628668578293e-05,0.0001601197281084769,6.211422510506084e-08,7.485819686123752e-10,0.001670649263112243,8.794865675584192e-06,0.19809505007884834,0.19956887505220527
4,0.28427515500472533,0.0008377944272170616,4.426058190058237e-05,0.016436465560420686,5.628722941433801e-12,3.909210127400203e-09,8.262520921529362e-05,0.000500666091268888,0.4742590617093787,0.22356396750103472
5,9.225791154511968e-06,0.11570424955559759,0.024852714218400598,0.0020034258162759003,0.4443792920664104,1.3592840318899696e-07,0.00010827490422725166,3.8709114707189927e-07,0.00018976109927598312,0.41275253352910757
6,0.41960156357017175,0.011088011735760343,0.0006006386743561101,1.667631322733259e-06,1.8921689757929318e-06,5.362331098192967e-10,0.0005524565271195557,9.254467824261302e-08,0.0603303268801738,0.5078233497312085
7,0.009594473112566613,0.002463803692046854,0.00020806854819468276,0.00013592947710087039,2.5147477626460094e-07,2.416364265227802e-12,0.0010543362344908578,4.594069264835205e-09,0.008581338468130797,0.9779617943962075
8,6.243883967712726e-10,0.016387227141226812,1.1831272700142234e-06,0.00018378919881657533,1.391978076138536e-16,0.008811667563345012,1.7025738571964844e-07,1.1637885315448698e-05,1.308926792481697e-07,0.9746041933095727
9,4.6095661883440795e-05,0.03326086366991602,7.110154020652855e-05,0.2875644518782645,4.027403308483233e-07,3.469530853725127e-08,0.00043801296723166774,1.2029646407157486e-06,0.020388783339519097,0.6582290505426986
10,0.0066808079957722324,0.0036253805262398413,0.0031022244750535766,1.6452000343425386e-08,3.095799598374988e-10,8.205428342823639e-07,2.9613268771353693e-06,1.7372067392558623e-09,0.04246314669558993,0.944124639938846
11,0.20113328478573736,0.008362146621234247,0.0021956789496003345,4.215613345091334e-06,2.7408511889902122e-05,1.485433162699533e-09,0.0009255445800894061,6.891908839709865e-08,0.06545169585137887,0.7218999546822032
12,0.5370949753987977,0.0032870523643345963,9.992471630083939e-06,1.1907943510229745e-05,1.2165394530736136e-08,2.1007272432871023e-11,0.00022315296159907633,2.2207252007960415e-08,0.14527781131148004,0.3140950731549945
13,0.011217693922252083,0.017331795003980948,4.361578425484157e-06,2.590971367930401e-07,0.01998657362885295,1.2292398471476711e-06,0.00040689939159865173,2.781692850130152e-10,0.5827298725602356,0.3683213152995011
14,0.1404049824731008,0.004811693760723822,5.057972943097413e-05,1.2558066462921741e-06,9.467431118106227e-12,1.2772405403802156e-11,0.0015567720824922603,3.0612402001978476e-10,0.2616908289969019,0.5914838868223402
15,0.012092258139134213,0.01364610051487795,0.00012915779116656488,0.0004042102462112718,1.7387929803310318e-08,0.12924969628276328,0.2884774010482536,0.09922704700738556,9.75086370896638e-05,0.4566766029451882
16,0.038844325300248825,0.0005214354347307066,0.012570486364332185,0.00029314447326387336,1.7702827486944112e-10,8.587982168090907e-07,0.0006938573820094421,0.6654665807712841,0.22300168112269583,0.058607630176190056
17,3.0625324600272983e-05,0.0025125054789126204,7.394633310025571e-06,9.12432873440856e-06,0.565913314802785,2.1000470207653224e-10,7.285932129366955e-05,5.330071769813869e-11,0.008919235410008188,0.4225349404370505
18,0.489635868373327,0.03670912189462298,0.014114309516183494,4.0637321772250674e-05,0.00016337571730811284,2.034789672515399e-09,0.0012893556984464364,3.2993547045536813e-05,0.12656000927447905,0.33145432662202556
19,0.0008917934193501974,0.01650643969127835,1.963131885339952e-06,1.120663799794489e-06,0.782805404007223,1.1423670292872175e-05,0.006022375114070965,1.9990105244544476e-10,0.029733492323300102,0.1640259877788982
20,0.003590155773318334,0.005130273084653636,0.010699598892472682,0.10963782554887933,9.59175800811258e-11,8.51063101931678e-05,0.0001374640495175388,0.40189900149666424,0.17110740332338212,0.29771317142500153
21,0.03855518560239953,0.001969849632011988,0.0001885617010494966,5.35462151953476e-06,1.5643072643192686e-06,8.420986861340174e-11,0.00014985470666386484,1.1971046496455003e-09,0.01825452806289999,0.9408751000848767
22,3.462595605748599e-05,0.04146815564277292,0.000929741544477219,0.001494873408985855,1.0205947224571742e-09,5.895778256493332e-06,0.0004879590900586654,0.00023997212472663272,0.00992962759277823,0.9454091478412918
23,8.130505787268478e-06,0.004585252418458519,0.00017969279151352376,0.00011802350269001053,0.6493927398775157,3.3739225765593625e-08,5.590788348759657e-05,4.008705546118177e-10,0.0013577963360772497,0.3443024225443738
24,5.4060019998593375e-06,0.036265137601029285,0.5803573919176268,0.00014604307566562106,0.002825885498557063,3.9226120027706124e-05,0.009566099452827131,1.1461497623513817e-06,0.005381448468274014,0.36541221571423005
25,0.07012445254770307,0.00408770007545929,0.00013066758020112583,3.37102265361751e-05,2.1717777738444525e-11,1.2702716290896743e-09,8.467599938633343e-05,3.1144379729053076e-07,0.2627571039177522,0.6627813769171751
26,0.09397682071955685,7.845402316238473e-05,0.0003057507609264275,0.003751748692858546,4.140491651791995e-12,1.6610093342062494e-08,2.793787868454997e-05,0.38071580981815567,0.3649920344705694,0.15615142702185236
27,0.26691493019991225,0.0002456398818146067,0.00627371872630556,0.0017126457594342148,1.9699550281609427e-14,6.505024827363935e-09,0.00011104671984446699,0.019522093340869552,0.6778464041033587,0.027373514763416134
28,2.0402794209297646e-07,0.013547927563964512,4.575200499679829e-09,0.001954678316088678,1.7151286475643608e-13,0.0001923608597836853,0.011125511413585278,0.0008105652802883042,9.458291148497255e-06,0.9723592896718269
29,2.8963367693221868e-06,0.014377389470620046,1.916214091284728e-05,0.6218468393724715,1.983615442642337e-12,0.000518033304166551,3.2678878354220034e-05,0.0031444234329839056,0.0013774680932242373,0.35868110896851374
30,0.00334936228617018,0.07196042806119833,0.00011609666567819732,0.03173111497319073,0.44948572215412574,1.4182884116653097e-06,0.43561408419010533,2.373982515693861e-06,0.0057250394393248225,0.0020143599592792522
31,1.6516031623656797e-05,0.08737261114281097,0.010080571569025594,0.32788029145245307,0.009045187282541554,1.4196903163100528e-06,5.189408064047048e-05,7.942818316647626e-08,0.0036012003692474457,0.5619502289531577
32,0.0004813868858915797,0.0021657258064724677,5.053198224683685e-08,0.008897628151996326,4.682264779261719e-13,9.317275544224825e-05,0.11574466442388162,0.005435753498451242,0.000412817699917908,0.8667688002454962
33,0.00234560519013245,0.0006953578829695678,5.396722161268004e-06,6.728435974518067e-06,2.5042199200030497e-11,1.2849366397753816e-11,6.339786286647883e-06,5.642958233754036e-11,0.17049394043571467,0.8264466314524397
34,0.004941234951150602,0.0008894962318640119,6.68851373850267e-08,0.0013753757734342581,1.3346468242841974e-18,0.00019677091539512038,0.0002475985191253439,0.0006141085973764899,0.0004752554925513672,0.9912600926339654
35,0.050687938641394245,0.005795108691753223,0.0004079351366247469,0.0016678754819744335,5.675470602047656e-05,7.143144324332901e-11,0.0006848591542584298,3.8967521562900786e-08,0.16163941971826287,0.7790600694307585
36,0.05281747098983582,0.0013215235264589416,0.0008292269953719564,0.004624894421232971,1.1743049985390075e-07,3.2600004301710333e-11,0.0007096228651703409,4.522070246129276e-05,0.4017657495096027,0.537886173526766
37,0.00030900748633428353,0.0007231631240142346,0.001168551742950444,0.001054521177682637,1.0295253995377804e-12,7.931603885207223e-11,5.69875736942432e-06,1.2609089265764564e-06,0.27701749295832556,0.7197203037640513
38,0.00015577836735943025,0.0005539427314744279,0.00033057297320590156,0.0002808835946714789,7.419652338067312e-13,3.2433617046673594e-11,2.0187287626220508e-05,2.2741613544926957e-06,0.30840107992759924,0.6902552809235333
39,0.014841517044846323,0.00031111846539060066,0.00031924581775495437,1.2522450711789182e-07,1.3247641023323235e-07,9.807664735739404e-12,2.8255410729630547e-05,6.507467500399038e-11,0.04876499390932576,0.9357346115761529
40,0.001501599974716221,0.4349939838333776,0.004333042419580488,0.21054780680304552,0.011986192014351143,4.068878648944545e-07,0.18019550443492002,0.00010553210845698881,0.0058100283714494425,0.1505259031522376
41,0.0014102465010370669,0.0038827216149704222,0.04058217674136683,0.0002766764736551572,2.6304447546346592e-12,5.315241314611755e-05,0.0008133582955750253,0.5422528460220658,0.36668725353547393,0.04404156840007923
42,0.03192708852809512,0.08311249532922589,0.0020835863115404897,0.07363237634163981,0.03752588941187771,8.702176482051762e-11,0.00016418123949403523,3.691156442250363e-09,0.00014181474698245832,0.7714125643129662
43,8.670141665344701e-06,0.005998667970632838,5.636221971204184e-06,0.1162560444864568,6.478159998981028e-09,6.464238534579884e-05,0.0017715740057996073,0.00014955439188513476,9.168029213245435e-05,0.8756535236259507
44,0.027027074130338596,0.0006093288171546819,4.9445863963629864e-05,2.4258581129797313e-06,1.2660032229412556e-09,2.5577585970329354e-11,1.7332807136896703e-05,6.882171408054746e-10,0.10162785395861362,0.8706665365848817
45,0.019804851571726435,0.0003328110945732411,1.9670915987775792e-05,0.1463346288366186,2.317129542412023e-10,1.867174786088493e-07,6.72921919944866e-05,0.0019662122635971152,0.4129456925835994,0.41852865359271135
46,1.0752752357486518e-05,0.009743387007548739,4.995805464489955e-07,0.00414685806837631,3.2280558393603807e-16,0.022050843030793577,1.8167720054573855e-05,1.6854976058645524e-07,0.06113876382501772,0.9028905594655442
47,0.44689682024558947,0.0024056152705439625,0.00046820549264258636,2.9463379612012626e-07,3.0215706110635277e-06,1.7508571077253146e-10,0.00034597736202441335,2.285708238335435e-09,0.08875028025928179,0.4611297827047165
48,0.0005718002374284275,0.0014822357485922146,0.00023902298475263548,6.593776698459781e-05,2.9728149441122186e-12,1.710213085641453e-10,4.45981001984706e-05,1.0907137193128678e-06,0.2100648331721464,0.7875304811021838
49,0.0024127427688926885,0.0007894937250449171,2.503391231781606e-05,0.18541714727362713,3.014972295253403e-08,0.001304458261368223,0.6610609896293883,0.0012486930646655582,7.072429926952269e-05,0.1476706869157029
50,0.004700482163846198,0.06770627536027846,0.0006227895891245739,0.2898443641987599,0.416149015236963,1.6182726860403634e-10,0.0004810369309305748,2.971338189330593e-08,2.4761862710442017e-05,0.2204712447821776
51,0.4577145064081473,0.001399272464138582,6.76974266317646e-05,8.126534062002591e-07,1.4083060194948347e-08,5.163732143256988e-11,3.8487904204389056e-05,1.3390128235694277e-09,0.10929605455026842,0.431483153119493
52,0.07564759835779765,0.004674763100324505,0.00132271527974672,0.008251296550231468,1.652933141387565e-06,4.0942045968892535e-07,5.404437908814134e-05,0.00015527411108027717,0.299312819059987,0.610579426808143
53,0.052294377127986624,0.0018809261240013925,2.5362939330350955e-05,2.17490093680492e-05,8.878487462358326e-08,3.146869728996596e-10,0.0003104558833794309,1.843537063238076e-09,0.04887215725925035,0.8965948807135851
54,0.5974295561302905,0.003250676498575468,0.00020814062987312983,8.259446774124702e-07,1.4740101476109583e-07,7.551630150135952e-10,0.00032827949119274496,1.691707854344295e-07,0.10965966401126301,0.2891225399671645
55,0.679813343100657,0.004869353784407179,6.295155703418748e-05,3.716915221758606e-05,1.5548409772539337e-08,2.285668068491965e-10,0.00011340801229339446,7.466899075126608e-07,0.059446842511520305,0.2556561694149861
56,0.13099821495818081,0.0008682654016539191,0.00014498903997341934,3.4269398145904353e-06,1.6176890819799529e-10,2.1626687002064524e-11,1.4299319836663954e-05,1.7992666187059539e-09,0.20940693212560987,0.6585638702322685
57,5.945537795530603e-05,0.000250724000332654,0.0002679030412555846,0.00041178294916522956,1.2201638866228247e-13,3.526530133212128e-10,1.0040105692376607e-05,6.990683826480178e-06,0.3931516138730462,0.6058414896159512
58,0.5233201520116828,0.001200353879296702,9.706200629966045e-06,1.7685046452918695e-05,5.348775991138575e-09,4.0999304338349014e-11,9.422660574014994e-05,1.9295828788747585e-08,0.17977797680918212,0.2955798747614112
59,0.00342683209088913,0.23831124244551422,0.0020633457103382082,0.0005282525496150749,0.49092198274744336,6.221699767522263e-10,0.0009317077457531715,2.8559632343420172e-08,0.00018257181247154368,0.2636340357161729
60,4.0266908365202336e-07,0.0001418134431651674,5.605052234169418e-08,0.0009632370041159331,7.885307021302688e-10,0.010969409502239975,0.0017507953268030493,0.0033561115078107957,6.738951487872286e-13,0.9828181737070545
61,8.821654077708722e-05,0.08485657425922226,0.0010390077084196626,0.435428808264832,0.029163556286043453,9.39193049138472e-10,0.00021000974583742894,1.906124936240576e-08,0.0003061963336387041,0.4489076108607869
62,0.006994639414200229,0.0011862626259409662,0.0003626432123462013,4.699185236858224e-07,1.1729885171562765e-06,5.874535603920852e-12,3.080679386357959e-05,1.6883646779453693e-10,0.038609474223674084,0.952814530648223
63,0.00031520173467236627,0.0014609806311540695,2.0337998693011043e-08,0.012341622214514885,3.541367130332836e-13,1.2831298852607759e-05,0.06597797778872386,0.0016326656780706556,0.0014928740323666258,0.9167658262832922
64,8.041217886605506e-08,0.02305229247938758,0.7776012363666083,0.0002016717405920918,0.0005919712767777968,0.0002803673101669161,0.007699497663990326,0.00015290203366349743,0.004328337562157416,0.1860916431544773
65,0.0010753904077311163,0.00040584703722786714,0.0020620095304651922,0.0020158981763397188,2.2341995729888128e-14,5.563240728999164e-07,9.547382514173228e-06,8.444914336947564e-06,0.7599697871858812,0.23445251904140854
66,0.0001454058213095096,0.5666766280932478,0.021240082884049275,0.038245697099955914,0.07494427156568875,4.327373162605935e-05,0.28387826640136704,5.1772328791130144e-05,0.002897479992005767,0.011877122081958869
67,0.0008631912118920208,0.002305673167370641,4.417902099706142e-05,0.001794733063432688,7.166487242397945e-07,4.279816055943126e-11,0.0013767510455279662,1.7658407045268146e-07,0.010445199427805741,0.9831693797873811
68,0.003758502150583703,0.060311982753246084,3.6340520647131914e-06,0.002600181248075178,2.3866757042454634e-07,3.6331843356445987e-06,0.04306302858713022,1.626478047072178e-05,0.012295393329974773,0.8779471412465485
69,0.425623012855376,0.0005345951376242617,9.932338408404402e-06,0.004228073098043588,8.407723493786189e-15,0.0023094200918116745,4.2514688685315864e-07,0.004322880245345292,0.02021689056660703,0.5427547705198885
70,0.12105216048270771,0.023878708274339598,0.0007894220730026882,0.0025059866346365126,4.7010446135867316e-05,1.2153057664643112e-07,0.001044153818137005,7.784640991369334e-06,0.5790652411363901,0.27160941096308255
71,0.26288444499848285,0.0003270578152199239,3.8851319198736e-05,0.015393632284907468,4.2165647122705816e-11,6.603984955070195e-11,0.000186414470150583,0.016546050274793923,0.23380509953451453,0.4708184491945265
72,0.0004960424424397761,0.07103722380643235,0.001327016303994837,0.004193225130073852,0.5766609848785561,7.652377977832652e-07,0.3326241565301223,0.00036039738172931167,0.00046103467921439553,0.012839153609639489
73,0.00017942752136091057,0.06507443575473419,0.11241859666552098,0.6145983026243058,3.862134648075236e-05,4.158267477476057e-06,3.782719031682777e-05,0.0003221964525188422,0.005474783878570603,0.20185165029871363
74,0.0010265465347520195,0.0028508094778931918,4.5213511854241726e-05,0.00014093572379877988,8.060017218000068e-12,5.262115583155509e-10,0.0001595072794048941,1.4595605519800575e-06,0.2820034225523756,0.7137721048250978
75,3.581040172451466e-05,0.024714057072015776,1.7610652627955908e-05,0.00521136676851327,1.0824392949377688e-06,0.000308210024336245,0.2230613841449792,9.07056650784526e-06,0.021878972983306343,0.724762434946694
76,0.10792082969046654,0.0010511016829905435,0.002010391608428427,7.19276552598125e-08,6.112172113577454e-05,9.431087464483797e-11,4.710791947643864e-05,1.9176009991874483e-10,0.04386144538390678,0.8450479297798693
77,6.097302623124354e-12,0.0024908103510804277,2.757262483705935e-07,2.282615084539354e-05,1.0909046193142375e-19,0.010151580165990179,2.882504567585424e-07,9.541604407774657e-07,6.530583157972939e-05,0.9872679593572611
78,0.17198795932022495,0.00016652822584188275,0.0002892384064929215,0.008599682695680927,1.830289080226258e-11,1.115386085861248e-08,6.263224348682741e-06,0.06081519097048802,0.2711609274523117,0.4869741985324472
79,7.685468042953556e-06,0.015489635894284341,0.9508238040524648,0.00044433203518379135,9.533319716621365e-06,0.00018910320875199855,0.0018208022247299964,0.005576680810080298,0.010110027538405586,0.01552839544833989
80,0.01228838653460186,0.0003225558265365489,7.117842527589106e-05,4.298632947334228e-07,7.245561828279087e-08,4.206251411714394e-12,2.8891036467560378e-05,1.0736464933233475e-10,0.07800313619127955,0.9092853495553546
81,0.3012323738799356,0.0022114970187447364,1.3908119252734325e-05,3.85121976565355e-05,1.0208307578177625e-10,3.380845660893558e-11,0.0007263801721869559,8.506630516207464e-08,0.4323801635527181,0.26339707985730854
82,0.28350366301255653,0.004386004711829171,1.4058843284330755e-05,2.32062271676089e-06,2.142422924439465e-12,3.947624521103309e-11,0.003975549637679753,6.589338221020498e-10,0.41025611654016486,0.2978622859312161
83,0.4871357085334321,0.01271515654441677,8.811533468369237e-05,3.553641752039379e-05,4.179305751065507e-07,1.7741598318413985e-10,0.00041535277496182894,6.878362837795432e-07,0.1305063898552513,0.36910263459545917
84,0.0001344665917311129,0.16580313734192775,0.00039107048480301607,0.6658039224240669,0.05732275140839667,1.6752112625024863e-06,0.10142240566334046,0.0001898380198048113,0.00014074911665367648,0.008789983738013207
85,0.0006799923040595345,0.3862503498987198,0.01859291610109925,0.0008515520811252384,9.236109421688984e-06,0.000832748650885781,0.582349387467416,0.008172155043470707,7.92174056848976e-07,0.0022608701697450894
86,0.0038017468074142305,0.007361063209166611,8.222270880749974e-05,0.00019434616541876012,3.6451881955825527e-10,2.001007417370324e-11,0.001060847818297662,6.120857115909826e-10,0.05777013055676823,0.9297296417375124
87,1.5947575570507964e-06,0.04423725670636772,0.001260444860754743,0.0080407190305404,9.863656209762459e-14,0.09418040015971955,0.15451796494950232,0.00016046269646136096,3.143125980351172e-05,0.6975697255791947
88,0.41257710490470995,0.0015523995342392684,5.367629328494195e-07,1.9000331153644434e-05,4.954035958059596e-12,3.647883291429326e-10,0.0005049769960855517,8.759634887356678e-07,0.11221929886041199,0.47312580627723566
89,0.00020372609124840604,0.010620020905171954,0.881592939381247,0.0006876554099083868,0.0026870759206285982,0.00031738462574042175,0.0002626870600278095,0.00558674418819841,0.05409298187201247,0.04394878454581627
90,0.3038837252459912,0.0001054115555828266,3.712522550236154e-05,0.011962879438700582,1.3389312617574622e-13,1.5278866589692036e-05,1.0740257308678892e-06,0.09305569213997192,0.052430321108853366,0.5385084923929433
91,0.014155118732024187,0.002118842606775909,5.9670228700079385e-05,3.366772478180622e-05,2.085033910408931e-06,7.152320570742711e-11,8.621226619581744e-05,7.64532993458943e-10,0.2033862238152936,0.7801581787562619
92,2.6856479176703442e-06,0.022332611437561937,0.09295264793561404,0.0554591574684146,3.960364832516742e-05,0.0022975530824399424,0.12230768346996636,9.103819500152104e-06,0.4805146445338904,0.22408430895636974
93,0.06906121175779069,0.06869867331093274,0.005142461226878683,0.0001599477571149712,0.014206528734626035,1.2493078415514968e-11,3.6193274422139205e-05,3.1865758041098827e-09,0.00015278661516097982,0.8425421941240049
94,0.0011519261794942718,0.28315037720031455,0.1320293288897398,0.0062122514311364445,0.2578469743984725,1.8751769748032475e-06,0.1378123278982152,1.303331806319298e-06,0.01644972305623097,0.1653439124376151
95,0.014833663763536791,0.08021942782231029,0.00021823092730472774,0.003538277003063095,6.793659918431525e-05,2.5455761117220694e-08,0.023410175652800833,5.9400665531107286e-08,0.40028251339073,0.47742968998464325
96,0.0018840284953393716,0.29862305222813257,0.00013452991403085758,5.543605861001628e-08,6.100761454868677e-15,0.08479440895554342,0.6090011457770835,1.1055306068921354e-05,0.0002692349879517388,0.005282488899784799
97,0.013012595904544035,0.0003827736498527553,1.806800139951346e-05,1.5529470706498581e-06,4.985370663515551e-10,9.07736886766299e-12,8.915830769942765e-06,6.707613018565115e-11,0.10400103514677717,0.8825750579448954
98,0.5634634365111094,0.00031065633648050565,2.5484602109327604e-06,0.00012287924393539486,6.325587925748358e-15,8.227401983195108e-06,8.43665925798728e-06,0.014119382032404627,0.02528622529360902,0.3966782080610026
99,0.3201059428848615,0.00025159080049226427,8.067285972808004e-07,0.01842563682993733,1.554780101762303e-13,6.76826631540437e-11,2.9825674334268973e-05,0.0001894244091977677,0.28185246322855423,0.3791443093761873
100,0.0022340839864587814,0.0017464733840886978,1.3362599535648256e-05,0.00016344094691549685,2.3387899654110403e-11,4.455923181715407e-10,0.0006130450611829579,1.5161248400255227e-06,0.2151725374474005,0.7800555399805976
101,0.0011707882563793688,0.008773767085875723,7.317266694624194e-08,2.1015216159632077e-07,0.45865427834939443,3.130062570399497e-06,0.0012896437096118522,2.7192059639312604e-11,0.018939732371686696,0.5111683768124609
102,0.005430594794709592,0.0024070026205134576,2.775293570509864e-06,0.0026984137617965787,5.711404284181959e-11,1.1925273542792286e-06,1.963178296794259e-05,1.0916834893421244e-06,0.1740586935936786,0.8153806038848056
103,0.20098356591866756,0.0017604991185181857,0.00022949519968222835,6.684586552303101e-07,1.48711534089127e-06,7.687417068374888e-11,0.0001362508118148745,1.7915316495028494e-09,0.08060035815827431,0.716287673350641
104,0.5996975852858291,0.001541033911698072,3.216092932977759e-05,0.00038496114226378676,1.7715706152915864e-09,1.4726630487235781e-09,7.333599404032945e-05,4.630048598305131e-05,0.16862884103944917,0.22959577796717318
105,5.16082049129012e-06,0.08065262536857379,0.9024942919159163,0.000119066976390106,2.3743997503325518e-07,9.640889428917875e-05,0.0017933569414765621,0.00524754175550312,0.0008541625236786783,0.008737147363705886
106,0.0668286265972428,0.011380382423815796,0.0030220455670837334,4.797423467363419e-06,0.004823489409075161,1.699541322475521e-10,0.00021568521429259736,1.0846339171395841e-09,0.07230326274574271,0.8414217093646918
107,0.36400213620481114,0.0007771229301944785,8.38099090059205e-06,0.0006197472364385345,7.038256224570387e-11,2.5799412242398807e-06,7.957796661038773e-05,0.007864524028352865,0.07784955639425156,0.5487963742368336
108,0.013620842952174517,0.00029834358030841803,8.17760487562276e-06,0.26286685686889893,1.986409673933043e-17,0.0016426787761122386,6.2904615038733155e-06,0.017576756264338547,0.15238624090793063,0.5515938125838571
109,0.001216776247598685,0.0005389257462737715,2.2151398604106343e-07,4.074752347299591e-06,1.818554302588248e-12,0.0055947763620000585,0.012710096890802153,0.5264460219886788,0.00023221035835324522,0.45325689613814135
110,7.199859997531302e-07,0.035232842062958125,0.6247981184115596,0.00035539020580243805,9.002574233291165e-08,0.0010294150992698253,0.015572902387055805,0.005754104892897014,0.007474368766815821,0.30978204816189925
111,0.00045672647721982097,0.004082010273174973,0.010682157470113755,1.1855061039354762e-06,8.414142627974039e-10,1.33495202791524e-06,0.00019380212453608451,2.130216935691846e-08,0.014122237990218181,0.9704605230630217
112,1.179106836061771e-06,0.013961849804459808,0.00010204363668541764,5.220673467468967e-05,0.7351223775305767,1.954177453412118e-06,0.0023475754288059636,6.487735647847029e-07,0.028678387438047046,0.2197317773688962
113,1.928460301953413e-06,0.0073050972549276024,4.966639743236897e-09,0.011289940858076396,1.1241038657605606e-13,5.362622782385715e-05,0.006620187295971998,0.00045734389218989664,0.00017998804139502137,0.9740918830025611
114,0.016748523251317596,0.09645916313714195,0.028434249828940918,0.011388224762984657,5.403220502624138e-05,9.113113305876673e-05,0.001157815400184713,0.0017480768801966902,0.5639606812185796,0.2799581021825689
115,0.0006836031927825716,0.0043271441789271,0.00010076705221723074,0.03180530952803586,9.939954101350024e-07,4.4273118630566355e-07,0.001098160174685002,2.1673063199948165e-05,0.279011922551058,0.6829499835324978
116,4.864587764513015e-06,0.008015141970907606,1.2558475269710216e-08,0.011002147762521062,1.0650270469716646e-13,0.0038526973283172475,0.0053230553445692014,0.00030485068136395306,0.0007268002752638528,0.9707704294907108
117,1.0902153238504276e-06,0.3950445069900642,0.22685780183413537,0.09433438675173321,0.00024160222142013065,0.003258193162774682,0.006596622864583801,0.0016147721568060957,0.010146739675435567,0.2619042841277231
118,0.5309581859919908,0.01130358981433471,0.00022575165066935856,7.373184896583645e-05,1.1186325715714472e-06,1.34465147683262e-10,0.0022532158920551596,7.688711823001693e-08,0.23024688398675103,0.2249374451610782
119,0.6673044138488431,0.00463296353853779,8.930994893351387e-07,2.0648625605247768e-05,3.5527584815938366e-12,7.719194642250807e-10,0.0015310939430053328,9.29487729737667e-07,0.0700053259457911,0.25650373073552607
120,3.4080841679434756e-06,0.00802654736428924,2.039074908870163e-05,0.00011519340616292994,0.5791323587408251,8.896994267429561e-07,0.0003977405254520379,2.550828476713494e-08,0.021481651299073798,0.39082179462322886
121,0.00921032997013683,0.00026310910155144155,2.789767638655495e-05,2.509185954894423e-07,1.3466875002082053e-09,3.27064199130118e-12,8.263020777075105e-06,1.504213156158548e-11,0.059869866705538614,0.9306202812420138
122,0.00013130666730181662,0.0002467711377752762,1.926770101845515e-08,0.002611053286210042,2.28474572195379e-19,0.00015478537334163991,1.619790048188726e-05,4.2985827018105355e-05,5.351164341496196e-05,0.9967433688967552
123,0.15817871838157113,0.005788950978860146,0.0037277409262654023,6.208414145621708e-07,0.0002545075411647033,5.535886004624381e-11,0.0004383010862452039,8.917697152552251e-10,0.037473037352473336,0.794138121944877
124,5.4777528041860556e-05,0.0003420340323850504,0.000161940165255651,0.000251376307015017,2.486376026715824e-15,1.0459613864386995e-05,5.800548623727897e-06,6.90802214166084e-06,0.33220678767976003,0.6669599161029102
125,8.838290653512755e-10,0.017082280212291048,6.200978581827848e-07,0.0003692141698150846,5.489599697588501e-17,0.009125519897786956,1.8196233432865743e-07,8.837987048419061e-06,2.1022020408287782e-07,0.9734131345688327
126,0.47763575306643735,0.011302467250987217,0.0022901778996795978,0.0005081139641243343,1.5223809311882662e-06,1.051012016222836e-07,0.000357125149507787,8.502987069369483e-05,0.25684578905317984,0.25097391626325727
127,0.00021425155319979513,0.0012396123926256782,0.002719115778703769,0.3910774466125861,2.6388750586229778e-09,2.1176129689169084e-05,1.796931900564814e-06,0.00036651705891988033,0.014314134620388445,0.5900459462831115
128,0.00022887652653757866,0.0003631252013937724,0.00010037587297462824,0.000230943059780255,1.8264207678583628e-12,4.0715485811053195e-11,1.5935300029401557e-05,1.4318627733691837e-06,0.2508802896398317,0.7481790224941375
129,2.6030183751123566e-05,0.00020739557763447953,1.1258121570688501e-05,0.05019546790505837,1.139904611980155e-14,0.0001592287907614901,1.3975709635850154e-05,0.0005338744722373396,0.0015665661574743508,0.9472862030818648
130,0.10711107725686006,0.004854802556268415,3.999998927096057e-05,3.018055297527151e-06,9.919239648842319e-08,2.404704397776348e-09,0.0025933528962151526,1.3310093869540837e-08,0.052829572319498946,0.8325680620193942
131,2.514903000186915e-07,0.003250095063628069,1.1447453991506543e-08,0.0032577225947983206,4.4535654580786635e-14,0.001216423325435816,0.0021940289747795464,0.00021780371188184763,4.3024353382500996e-05,0.9898206390382954
132,9.673973621173905e-07,0.11809935736088627,0.7156945725018186,2.427669312825233e-05,6.094249113662613e-09,0.005539678151327671,0.059982765422898134,0.0037609926725018176,0.007714255596019375,0.08918312810980869
133,0.27195712436271285,0.00023724414946824348,2.2622348920281796e-06,0.014027507844235221,4.331225129763763e-13,3.3720419012863386e-11,0.00019392398676253204,0.005409451996845905,0.43903545115101594,0.2691370342399138
134,4.2258146335931283e-07,0.011790493674420205,2.7284575772827103e-08,0.0055789384876805724,2.5077088722113726e-11,2.2436989528882702e-05,0.012217194499074767,0.006228596374845277,3.8689576142201766e-05,0.9641232005071919
135,9.587329696612605e-07,0.005053816604454306,9.763924266678463e-09,0.0050511935686322,6.365954805855645e-14,0.0017217421360866249,0.003643863812642313,0.00034010238830064484,0.0001240451147571849,0.9840642678781691
136,7.270975125513855e-05,0.04013093219191317,0.1479780532206687,0.00046927654934896576,2.4594261519425757e-10,0.11904592164726638,0.00015401754554735574,0.011044132508269942,0.024043101935735493,0.6570618544040522
137,9.786656533551548e-07,0.006967961961214797,5.198284583092658e-09,0.00878716978396631,1.0776452819335677e-13,5.892335566439229e-05,0.005776667961758591,0.000373905538366758,9.687726404965003e-05,0.9779375102709338
138,1.7026135602174743e-06,0.001352162933212342,0.6725183356608635,1.7297000178417103e-06,7.106837921682868e-11,0.002840511623849193,5.067490182025766e-06,0.00010568370323659611,0.04376113227105415,0.2794136739329558
139,0.010391372644383024,0.048788670229727604,8.208573612961309e-06,1.3130858772308053e-05,0.01497426406612546,7.4403658036389115e-06,0.008549501497693582,3.278427183830504e-09,0.8180235528133881,0.09924385567206598
140,2.1076286561152745e-08,0.008235706182853193,1.761669099900875e-08,0.0008692395949939161,6.928182090182142e-14,0.0006342397832625978,0.001283488591855687,0.0002537182206576236,1.8264626089487867e-06,0.9887217424707213
141,3.303493338851797e-10,0.008830001083613063,2.740059245080413e-07,6.268988834395381e-05,4.475417835144169e-18,0.008834301155947948,1.172489904596434e-07,2.177689676612247e-06,2.4362576829172455e-06,0.9822680023394712
142,2.7548182809882844e-09,0.012920185892766067,2.0169862561600574e-07,4.136242948768162e-05,8.612634462895419e-15,0.010548525940885768,7.578227594015355e-05,0.00011416857143770179,2.0215349635306545e-08,0.9762997502206805
143,0.06066702157122999,0.0031381066395747793,0.0001862631358768034,2.9805240288264126e-05,3.816463281214183e-08,2.445320976102066e-09,7.710974787993856e-05,1.442828376992509e-07,0.1295107739524977,0.806390734819861
144,0.46137942886136624,0.0011291844894381845,9.542421541091502e-05,1.895208247795908e-06,3.2107275975111727e-07,1.4757445588239874e-11,9.364680148300417e-05,2.796473374403219e-10,0.04855403317966775,0.4887460658772216
145,3.338871809225206e-05,0.21506177537267465,0.11306686125440558,0.00023651599400965385,0.38726983140798693,4.345539092750575e-05,0.2834627530336986,7.191344503648474e-05,0.00017545725285656794,0.0005780481303117227
146,0.39457287617370757,0.01091215128098849,7.120314825437334e-06,8.002607559876204e-06,1.671260116341759e-10,2.684331027888263e-10,0.0023944586851168035,1.080828527210336e-07,0.17656812739290934,0.41553715502648064
147,2.0331419825780696e-06,0.034795332893801025,0.0024942784562301044,0.0005132545740991718,0.8587688920358056,1.9581948284867552e-07,0.013166099947242141,4.124677234300613e-07,0.03577685803385114,0.05448264262978195
148,0.0002797655288709794,0.0015002248908926974,1.6261614601835664e-05,0.0019043288348616096,2.8339030185019405e-12,1.4927311146931912e-09,1.0116206560475285e-05,6.842241028888695e-07,0.3050925955382021,0.6911960216663423
149,2.6866719099928827e-09,0.012083856295688419,1.402260344300102e-07,7.32119946016635e-05,1.6563097558188648e-14,0.006789938050006504,0.00013791489924704474,0.00016474292696784455,3.4585186055119896e-08,0.9807501583355794
150,0.5176652054352613,0.000827970715187729,3.120007445722389e-07,0.00017458833060166626,1.0917862307014979e-13,5.929642229899114e-12,0.0012095988775105632,2.4264324491086447e-07,0.31776125984248926,0.1623608221489213
151,0.36607993651918913,0.003245114001379572,1.2409383045990603e-05,1.7746863242699103e-06,5.749549009798736e-10,7.489112791564879e-11,0.0010653966336692502,4.472178356654668e-09,0.3774430050319512,0.2521523586224161
152,0.20280311336844592,0.0018810788475940939,3.323186770226052e-05,0.00011382585540277993,2.051050211050835e-10,1.0757088036725762e-10,0.0006704141714579207,6.2305568756153085e-09,0.40914476444592984,0.3853535649002342
153,6.654857624090847e-08,0.3716624737589217,0.5568476348568672,1.0187196206718552e-05,2.112666846089866e-07,0.005737948407181089,0.018841711197713995,0.016472352327842207,2.623799844240303e-05,0.030401176441563985
154,0.00043688135323707275,0.01897119743195198,0.008881974978344136,0.01752963904132468,8.475832072982883e-12,0.000747163511586554,0.00016848218007868974,0.0297664938565773,0.059793804104191474,0.8637043635342323
155,0.027177269195418356,0.0013066384210743678,6.686035934924236e-05,0.0020407544710292296,3.8699357308484483e-10,1.3522214845890398e-08,3.073531349331428e-05,9.059485123544708e-06,0.22481297584388515,0.7445556930014183
156,4.585215653679366e-06,0.02527280169704675,8.511458523110084e-09,0.0039535731104564965,1.7874838780514218e-12,9.136760682655498e-05,0.2751215456295117,0.004505546309234132,7.638070369754896e-05,0.690974191214327
157,0.0035748746771270407,0.0033835725356765106,0.0020561173208440264,9.052897352706422e-09,5.537924778647181e-10,8.535222373061939e-07,3.4609908728639e-06,2.024112942276999e-09,0.036935665959589956,0.9540454433628495
158,5.494600861634967e-07,0.07665924977350724,0.00531033260991952,0.0003897373786462602,7.910694830394276e-16,0.0031095982952946744,0.006097683984941865,1.0151286785398506e-05,0.023290585637405842,0.8851321115734123
159,0.06570793381447462,0.000728787022285078,0.0002634553597892483,0.0057918944693956765,2.134257590318367e-13,2.876782094768548e-05,4.146272007802732e-05,0.002150060562652332,0.8848690166927149,0.040418621537449025
160,6.351287290421793e-05,0.0055649544366037345,0.6921532505413884,6.546467072080955e-06,1.6134369243307993e-09,0.000546466734107631,1.5409237001446213e-05,0.0005289226252821245,0.02361741682288885,0.2775035186493145
161,0.5494778440229501,0.00230874730688481,0.0004037005070973474,0.0001429472993728456,5.063198262161736e-09,1.4659116374492584e-06,7.952887590938256e-05,0.005088217605224885,0.09251510948879736,0.3499824339189277
162,0.004029287148517625,0.005853475042587043,3.878885150745241e-06,4.004214554148544e-06,0.5873653086618328,3.17362986577611e-07,0.00451877883501206,1.5106461776415907e-09,0.028358412890856444,0.3698665354478564
163,0.3405017711230889,0.023165071528084558,0.016521967212788834,1.4042383550829427e-05,0.0018529933062727526,7.677265373998434e-10,0.0007158565874809436,2.799397053164081e-07,0.18492678829933726,0.43230122885196404
164,3.1186867812908027e-07,0.0005972676038725304,5.089036965755817e-08,0.0002898033975922618,2.4054474255277276e-15,0.23812687587682158,0.00045481907103626283,0.0001851857499985841,3.47694441895242e-09,0.7603456820646842
165,1.0242514286060106e-08,0.005457729851351436,2.3734598930086895e-08,0.0009899196732008173,4.5614526039860864e-14,0.000619553479368179,0.0007809786572902126,0.0001345504672486534,1.6378785567447873e-06,0.992015596015825
166,2.076060215453734e-06,0.00021233129875049953,1.241867653832512e-08,4.790660858635036e-07,8.013196527085581e-11,0.2721239392357804,0.0007440988217632092,0.009431007582126625,1.0006432426728264e-12,0.7174860554354687
167,0.14267874196329988,0.012645776707324396,0.007810887629787843,1.4045869076979021e-06,0.0011379983627795487,2.604035565604865e-10,0.0005828542431573242,3.271506877525822e-09,0.016255089290946132,0.8188872436838868
168,0.009784275751122971,0.0016312805808464217,3.6209832099475424e-06,0.00011111156381590653,2.807973408476356e-10,1.6310718089911275e-10,0.00030843159216082094,4.366465925573175e-08,0.033163960937460484,0.9549972744828196
169,0.006796934541497915,0.0018233912367781196,0.0002643239254559026,4.595444626755998e-06,1.1730795030230265e-06,7.559128483513047e-12,4.9821248680648966e-05,7.095272804468169e-10,0.08202428948289094,0.9090354703234802
170,0.021467813060887818,0.000525510704123746,2.26494363335264e-05,8.3559738352274e-07,5.710259868607657e-10,1.8032045202234783e-11,1.492661540509947e-05,1.603702320533975e-10,0.11623277558280676,0.8617354882536313
171,0.00011358574301453854,0.032947130844682496,0.714216944425427,0.005719151133688879,1.290161170878936e-05,0.000851143894738769,0.00010994520502574424,0.0010435724606240834,0.10637101621573992,0.13861460846534976
172,3.561534441506892e-05,0.0002958814133913214,0.000594818672862301,0.00023972177301571272,3.549957142845313e-13,3.0295932610765055e-12,8.581998931802761e-06,2.013000075342288e-06,0.18013526430573554,0.8186881034881884
173,0.013288819338737599,0.0002968967996690267,0.006502606088499343,0.022034324549092408,4.5551497820163275e-10,6.922414987328238e-08,5.95624895009057e-05,0.03744631065718561,0.5716223168752036,0.3487490935224467
174,0.01616094611612669,0.32287336154081864,0.001281079121011861,0.00393453195957762,0.03333600731920591,1.4710883910368341e-08,0.006253620877689679,7.897513336580632e-08,0.09956240401303589,0.5165979553665164
175,0.0020661817913285607,0.07222295103863902,0.00013739064835748512,0.006825174465010608,8.178827760252244e-06,0.00040129628453081654,0.8840125764963493,0.0009716137549304568,1.3878904253529215e-05,0.03334075778884
176,0.13456144131396477,0.031142933103265023,0.001985396054429981,0.0012146043969274616,5.223132013602157e-06,2.1318783275813738e-08,0.003621493279412285,2.30794891154677e-05,0.46372025233729713,0.363725555574791
177,1.6549864610770484e-06,0.04578357450653772,0.00035744439535097424,0.10016288999381759,9.895708461386651e-09,0.00016668802263007705,0.009373578606252706,0.0029428710176402336,0.0034725017648478546,0.8377387868107532
178,8.551310388261061e-10,0.004488261079672016,1.4381163784606585e-07,5.1950836736735294e-05,5.792281656030265e-15,0.0047766695049716815,3.0063442107788648e-05,3.587543393632814e-05,2.477535156410501e-08,0.9906170102604491
179,0.13765710195508404,0.006530804585313937,9.210564239636856e-05,0.0005415926645327235,5.633660732246767e-07,5.3010330477088e-09,0.001189035189075679,5.852028847653902e-07,0.059283610857024216,0.794704595236582
180,9.822380327485196e-07,0.003926202234345277,9.27549702986797e-09,0.005283708208499722,5.1210195241550295e-14,0.0014102778171195462,0.0032252349193623896,0.0003222226047327645,0.00012363135864637033,0.9857077313437129
181,0.14192975860457088,0.0011970570219855634,0.0001541952730509744,7.918861922666872e-06,3.4405224175012947e-10,8.071678425471688e-11,1.8317416277335693e-05,1.2829579090765809e-08,0.21291282854294966,0.6437799110248948
182,1.6460154280898487e-05,0.00033424923788055147,2.5137719045395826e-05,0.6405963823734698,2.446129667718985e-14,0.004044666521714892,1.0182626192354502e-05,0.06322586465717668,0.07919522533014987,0.2125518313800651
183,0.04116043169031049,0.008313888887581541,0.01124668759732114,0.04652515318019813,5.824454313543399e-07,0.00022289191408750533,0.00026726109791539983,0.016077507981380076,0.40471863043784695,0.4714669647679275
