,proba_0,proba_1,proba_2,proba_3,proba_4,proba_5,proba_6,proba_7,proba_8,proba_9
0,0.20464161244036044,0.013547412835913592,0.016116334861169233,0.015661196220973433,0.009033933154249591,0.0022043190777259144,0.002521060384145476,0.0008420726795401549,0.1604044054674887,0.5750276528784337
1,0.0862446140121477,0.02238585560421595,0.01615632492227384,0.024486426267761076,0.01919238936898639,0.004051179638036278,0.002563391294543374,0.0009435172218582115,0.06537662995074399,0.7585996717194337
2,0.015008494732139154,0.001780444636696098,0.013792393521514852,0.0033062674246178954,0.0018484099965373252,0.001405307257411322,0.002170178681625989,0.002904783689415587,0.21240755989013463,0.7453761601699069
3,0.7175028277257137,0.009470044085634148,0.01139958664701792,0.005509108507835049,0.006486279484658107,0.003213228893436694,0.007687739100122818,0.011019837359050606,0.07408233978811063,0.15362900840842017
4,0.08894325303786867,0.0048886183828035345,0.02184807640545249,0.006059948293062109,0.0037489393232260416,0.006941604556858067,0.005161454962146785,0.059813758813910545,0.35856521789241125,0.44402912833226044
5,0.01612112451302432,0.1909920331804454,0.08268048442168448,0.1343554473863496,0.2436252968943624,0.007396200629065526,0.0325711642450207,0.0037096042896282294,0.011796117789816122,0.27675252665060257
6,0.5312961266822112,0.014530998966957647,0.01126205449565441,0.007573081480108707,0.007404226889226262,0.002531796167907475,0.004972771531559552,0.0015042360971374044,0.06248382540457673,0.3564408822846604
7,0.39673598771391444,0.004128454911663678,0.015635482134377564,0.004034960462182315,0.0033281717805070353,0.003003801613566232,0.0023615855472352,0.002171340834134126,0.04025090063198156,0.5283493143704374
8,0.0007964835075368053,0.04087583164352702,0.011444974272037509,0.019704139136595626,0.007464900867500818,0.07003882221400315,0.004492568970633859,0.004609079588259482,0.007080729853553455,0.8334924699463523
9,0.01788861421089929,0.03635058942116952,0.007866903438526472,0.4648093523792553,0.021596817785725052,0.0037974961863206608,0.0052116917812755495,0.004576652856422502,0.0719138027921639,0.36598807914824155
10,0.004286327409147849,0.006617099281442985,0.015662606455924835,0.0034347953676573104,0.008113273932382736,0.0032317985330038474,0.005350084476786856,0.0013502089084454997,0.0276034654970152,0.9243503401381928
11,0.09138619623053532,0.008935961717933953,0.00773823637555368,0.008134749166634175,0.008451352112014508,0.005381936218431211,0.004104438319822286,0.003250564609754899,0.11924309115569917,0.743373474093621
12,0.49645336190710676,0.005366799684192899,0.02969488670398022,0.004157220774689548,0.0036344892509846917,0.0022213254087106228,0.004373906411889176,0.002908322862032873,0.08538334838847114,0.36580633860794237
13,0.014734769439172327,0.0991090204180368,0.015049071826143645,0.03046001457278876,0.07676860196633128,0.006667090781735167,0.03612695020285767,0.0034153171924059043,0.3663022671607283,0.35136689643980007
14,0.26527333325764707,0.00647837786047819,0.03247301896971811,0.005107348523239699,0.005432001801524026,0.002856309067363594,0.004063592403188328,0.0023850587016858603,0.05949491001759692,0.6164360493975586
15,0.18097930586749153,0.023992918636869975,0.018156929523861567,0.01192874965775616,0.020700971424000583,0.02295226217558429,0.036086865423028615,0.20338622525482158,0.05228014523537163,0.42953562680121443
16,0.07934112709101118,0.024326489512343036,0.06117678120368564,0.01274327726090895,0.017999430198533197,0.016827857409498503,0.027905756384007246,0.344464070128633,0.18539622790452723,0.22981898290685226
17,0.009713737796206106,0.04878613680567663,0.02817332647584938,0.05094328421228987,0.2218011371900222,0.012101080754510237,0.015808414843824767,0.002918005223315026,0.0389997007614313,0.5707551759368741
18,0.3388925573534501,0.044288908198731713,0.019297861112666643,0.014496038163080757,0.021435398698308357,0.006062498174062676,0.009646927724958114,0.004582970451744677,0.126092310156792,0.41520452996620527
19,0.01008442393796449,0.09398488243845833,0.010436978926394282,0.037932488338150105,0.35417441128670507,0.022596440760240172,0.2548413832716286,0.005905916225393839,0.012232656871853136,0.1978104179432119
20,0.06873078295270864,0.01409591355277506,0.09873030340983945,0.014623666519707394,0.010138273874993562,0.01581319314117377,0.013322564407516052,0.2567840044705733,0.18419225013392376,0.3235690475367889
21,0.007181068883131972,0.008571952226462606,0.00470677132847437,0.006155981683992748,0.030426720289237666,0.006909669109711085,0.012946189227885147,0.0012310689466282579,0.007665581410311447,0.9142049968941647
22,0.011415043088412161,0.020091575195113027,0.1622113163902007,0.07743110361683664,0.010174787732406782,0.004267196918951702,0.0036203883753941667,0.0034003553071033817,0.09192212050359701,0.6154661128719845
23,0.012275265728972754,0.05371424064140976,0.018388641053813423,0.03420793174013428,0.11766169566765301,0.008843528673503966,0.0153706855954822,0.0020813559942717743,0.048770490396317985,0.688686164508442
24,0.02451982281873962,0.10471464977817946,0.08540128111183135,0.02548160738185246,0.024866341754304192,0.009540979360539853,0.028587354998072283,0.006370064189937668,0.010539525172226326,0.6799783734343168
25,0.016049609954695832,0.001867658815265353,0.012789759259870975,0.002503625477512838,0.0015880589511081448,0.0007894816697537985,0.0018051211870790992,0.002914879619854679,0.20722861063446418,0.7524631944303954
26,0.09566271728016794,0.006124670247920215,0.04981458084077416,0.006758136738530918,0.005066412089922658,0.008747521593544345,0.0056828034000516135,0.05941169015961992,0.41737144921948505,0.34536001842998315
27,0.05293176354469734,0.0037827655041195807,0.07001844301533913,0.003934621903952802,0.004001588806123906,0.009448164604319725,0.006114786498837724,0.043722945139482806,0.42436412802278684,0.3816807929603398
28,0.004278803973224018,0.04052983949914591,0.0035563413201554236,0.013220417598012258,0.014654048779157115,0.04530382251532014,0.02893102370697104,0.014686702110253164,0.012403658721340706,0.8224353417764204
29,0.0016207576408265184,0.013775913497259224,0.0032262702789168465,0.00959305295734679,0.017299989136682705,0.009470974943685477,0.013839120528317022,0.003651179005934515,0.010280726694812184,0.9172420153162189
30,0.006151849775845311,0.12553876062896563,0.008869903605286266,0.032807586856744564,0.2296181516356494,0.019711737783550284,0.3925130027382542,0.005103049638728204,0.02361621864609646,0.15606973869087984
31,0.040266846321595384,0.12285503573776071,0.04830923825709604,0.46521692623737443,0.08425255224657657,0.011719261952381885,0.020147299242370444,0.008469001195234464,0.044254099828161926,0.1545097389814486
32,0.005348720952047583,0.10958087644412194,0.015178139546507947,0.04005507865951736,0.064572856643517,0.036738503828492274,0.6082854064398237,0.007551749667750581,0.007196178644896624,0.10549248917332528
33,0.0053461160292143034,0.0022682250048208586,0.05571997877006793,0.006268552103945852,0.0038149246407452645,0.00174896233991075,0.0021737279107884116,0.0008201909406811166,0.21033944144801672,0.7114998808118085
34,0.01696174098383232,0.004041710400634984,0.005671975679624757,0.03902555768960849,0.0028516999600260496,0.01698058250602296,0.001670487379399123,0.005487011332792913,0.31042103030292634,0.5968882037651322
35,0.2953107036114928,0.0130617451682135,0.03164517933743926,0.012470004464361884,0.009565397272050677,0.0036266981623921876,0.0026689348079645477,0.0011102934745536544,0.06042163132889105,0.5701194123726401
36,0.22311659202431877,0.01276485065050747,0.04454116338984126,0.008205940525635665,0.008674852265255767,0.005894026492442163,0.004397682870395797,0.0045638344671372465,0.2268872647424254,0.4609537925720406
37,0.009019977664684587,0.002789777015661998,0.04795761635278604,0.00572478967947179,0.003254250606070443,0.0021240431568031234,0.002917341997476399,0.0014390357962376832,0.21647417162107954,0.7082989961097282
38,0.00718840024199648,0.0033986606581528998,0.05477423191795866,0.006064337187567827,0.0038278389416789922,0.0019356722855044725,0.003591843474640861,0.001528781289672716,0.20513045409439676,0.7125597799084301
39,0.02059035288418713,0.0036493176673316557,0.02336434272436413,0.00888800015456467,0.0053661556114252325,0.0012852323055786363,0.001167330538372723,0.0003963756314390748,0.1158700974585785,0.8194227950241583
40,0.004311015829828419,0.2686240942400434,0.021029101267435513,0.05057389843995213,0.10970722034578317,0.007867056100638705,0.40094157939563674,0.005979589905312456,0.022533052974059754,0.10843339150130997
41,0.10593065113334099,0.012452172354744976,0.07607069184011922,0.012339086449221088,0.009650014548382007,0.013344989394728933,0.011793607146418302,0.17500591540643742,0.24963251167819686,0.33378036004841
42,0.11761407772541463,0.06278771742177132,0.014284653425687865,0.06835531080868214,0.04398941600030242,0.008264872547252677,0.006530154997701082,0.001521071101013476,0.031211273588597512,0.6454414523835772
43,0.00429986155546978,0.09073663143076005,0.015457282681012229,0.029904567063841134,0.023199527545288184,0.018230431625692878,0.03480598081305623,0.0025227301327047833,0.006833637749310998,0.7740093494028636
44,0.007492573382599146,0.0021012973815874307,0.03714070043281984,0.005629467811059583,0.0027208817912505946,0.0009758134145583275,0.0013620268821384913,0.0006014239819892751,0.21040084270742046,0.7315749722145771
45,0.06898001964741016,0.004748668686060516,0.0038971472910381364,0.07240300931411937,0.00256912845893089,0.002606533532643727,0.0023147070312479106,0.016157942364991382,0.3391124257574348,0.4872104179161233
46,0.014156901002706482,0.0028404217575019168,0.025770216857176727,0.014094117832852549,0.0030942881945183838,0.014660802376000197,0.0034802624881547146,0.006577491692963497,0.21077052888620806,0.7045549689119176
47,0.3159774462039736,0.01313214194643117,0.019196985860489527,0.012137903193719568,0.00738657601263453,0.0025048496510152837,0.0033745074031058028,0.0013609360679995403,0.0834803315410489,0.5414483221195823
48,0.007247868056285542,0.0028409311965080096,0.02632211728004981,0.004944540464778742,0.0029373629928223168,0.0013770903061570694,0.0027881624108525723,0.0015602047706589444,0.20269156507540065,0.7472901574464857
49,0.00731626167114855,0.07030777581277332,0.01395182310033371,0.03219125111754397,0.07222377832835379,0.13270982225074476,0.39064029608853446,0.008974124042459683,0.009776046739412226,0.26190882084869643
50,0.010639039411022051,0.06572491083603954,0.005846807548210009,0.05152281498342213,0.09403408022256596,0.007097646466610016,0.017156272904020917,0.001837566701350653,0.04972378123461878,0.6964170796921397
51,0.06202517965170803,0.0025398168105289164,0.017861336576101144,0.002879571893545829,0.0023868919720263664,0.0008359434927583447,0.0013876772648426642,0.0007185409547922962,0.15284332589951288,0.7565217154841835
52,0.11696135511623629,0.02722497294719679,0.0213479033049233,0.018475883853883518,0.00986163845220034,0.005170385872868708,0.007609627131079474,0.012356898297660355,0.22706341890871007,0.553927916115241
53,0.05266780717990507,0.009376097584343723,0.01685588333344676,0.00655426489118803,0.008753505230664467,0.0015179727760236325,0.003328597517823135,0.0006905103891359579,0.1893940880289019,0.7108612730685665
54,0.32633355391893626,0.007127101714370285,0.009713293987831976,0.006283289500486672,0.005870757890189908,0.004011204607850067,0.004563912788790448,0.004520700220938654,0.09759213925763313,0.5339840461129726
55,0.7476309178071397,0.00357456650396812,0.01988038151997457,0.0034012713355103933,0.0020556386262666516,0.0023492689265648824,0.004604913417211645,0.005832944362864784,0.05498380487773071,0.15568629262276892
56,0.011202121499289598,0.001649984212267955,0.023821809667526395,0.003260571226395874,0.0020831718355843088,0.0010683742468172632,0.001506259164709859,0.0007299436273998737,0.2097036055953893,0.7449741589246196
57,0.0064738305533616446,0.004222960101537049,0.057925370051141595,0.00783708681314784,0.005908857134983611,0.003191012551673001,0.005455222561195124,0.0019047030346416964,0.25557861789512143,0.6515023393031971
58,0.4040046738486945,0.004993295114926213,0.03590999851268098,0.004702590178483289,0.0032540209870830826,0.002149333040019662,0.003866185007060223,0.0026763963691697912,0.08753218771848768,0.4509113192233948
59,0.024613493228352448,0.212434305979784,0.05400088926787523,0.038440648062207865,0.16776135133231607,0.008315458263463553,0.05507123909848933,0.00416073748707576,0.09136258920122169,0.34383928807921454
60,0.0030891621342477443,0.014891997568703293,0.003327606491084606,0.015958238830718965,0.05094260769338234,0.09469163558546233,0.07243544502507412,0.003003694248431378,0.0032733774818135787,0.7383862349410819
61,0.032624831872500176,0.04857600716846155,0.014120327651339793,0.03352527187435613,0.05286737039166478,0.008980669634056755,0.007018940709966043,0.0012961895694151202,0.01971933680072331,0.7812710543275164
62,0.027364906832240212,0.005221518511669984,0.014267973677479439,0.01211209368710867,0.008387619417564336,0.0016767895080513626,0.0012400429706110488,0.00044134169488323026,0.08337306585077452,0.8459146478496173
63,0.00592009281036774,0.12419999037323948,0.017562686859384717,0.05708418374193062,0.07120551752729228,0.027310397895143126,0.504599725454461,0.008678613816190348,0.008996589860147373,0.1744422016618437
64,0.008357698397277267,0.030235175558527453,0.4623727595030339,0.022338180714868466,0.004731754010272782,0.004036492144758753,0.004618272142181927,0.0022289247589211453,0.004640628932758748,0.45644011383739974
65,0.010423745383593025,0.0027938505419373523,0.04653288075306577,0.0069781232481770155,0.0037124831609315016,0.0033806609578756,0.0040458762531525114,0.0019795207631400974,0.2681609083035257,0.6519919506346016
66,0.002636630892198576,0.3635124185618953,0.08623591552872777,0.08196219040240241,0.04726738409207682,0.004206194468178252,0.35459049319319985,0.008961717663645152,0.008040107960710738,0.04258694723696485
67,0.14496071732557878,0.005822795015368828,0.006609813879232782,0.013945597360341865,0.00489809548253102,0.0022549588649889737,0.0016295562776451082,0.0013811755261395394,0.11076918416247444,0.7077281061056988
68,0.030917053415842437,0.17510238934208205,0.022094465383213153,0.29934765053734486,0.08041809701983295,0.012625576800188084,0.06447026505420189,0.011458186396025532,0.0487844812885389,0.25478183476272964
69,0.508488123607093,0.004034829483665779,0.007917630756532377,0.0318022063342636,0.0030945990450249187,0.0064966182365705505,0.0032300227178665816,0.03470017260289987,0.09746903068623668,0.3027667665298468
70,0.014696726639606349,0.03794138117520629,0.010417971617300877,0.013836014458458964,0.012026079613166235,0.003499758947307469,0.013139827639705766,0.01139313440853422,0.49809329665371155,0.3849558088470021
71,0.1408047008163035,0.006719572885626411,0.0180537197678514,0.009767143056658227,0.005430551895910078,0.006158684414758203,0.005281095908926666,0.0498156455949545,0.37190192010513606,0.38606696555387493
72,0.004191996739889186,0.14908460062427234,0.013144994836340834,0.02645295331290999,0.2303625373036718,0.010511446794370567,0.5039866751938178,0.006616771143020641,0.006104082067154222,0.0495439419845524
73,0.018522363941367852,0.045755956746629675,0.04274998500465816,0.04691641999299975,0.010478087027673166,0.0031038862197751223,0.005571916747194017,0.002866682511855091,0.14453110528316335,0.6795035965246841
74,0.00911702257692535,0.003719326514830047,0.019449763834058116,0.0045438416019342445,0.0037990615283182293,0.0013963548538184585,0.003835527520652413,0.001883425619616126,0.1899286557070175,0.7623270202428292
75,0.0064875309316328785,0.2163227866390721,0.023621412044859867,0.10977097179824066,0.09690612877261523,0.03456524748339776,0.12452087100813289,0.0072867671800937745,0.008327145547385124,0.37219113859456937
76,0.08132333848776407,0.011170357703123867,0.01620584265365039,0.020593395741282904,0.009860793004687679,0.002043594621303434,0.0016402581079177426,0.0007047519756581644,0.06122019736678807,0.7952374703378239
77,0.0009898209333386839,0.023699853657943595,0.07215543575163186,0.012976896096642295,0.003888009472266053,0.06898873273582033,0.0041856806887950624,0.0025004027779709135,0.0035417083479107217,0.8070734595376807
78,0.5659600299211519,0.003417078766604444,0.019664337531510832,0.0082687327288545,0.004306352503834884,0.006732693431745708,0.0031949588197834077,0.011821645825693162,0.16370871151506558,0.21292545895575532
79,0.004305583850184075,0.011220763651138254,0.7546462047568199,0.007250945344397242,0.0022003776125740977,0.004804990032103933,0.0023062522494130665,0.007955844313928855,0.03192867158783806,0.17338036660160241
80,0.01786744528241714,0.002675560421796166,0.02372274896131718,0.006268527539403627,0.003854716227195027,0.0010601368783881868,0.0011662762261771544,0.0004026338500557108,0.13692700207198572,0.8060549525412638
81,0.6270597908740642,0.004603954899080989,0.01993792309386968,0.004312305217227536,0.0039009968476340015,0.0038276781031033355,0.0068648519635111545,0.012424245415367978,0.071149247649375,0.2459190059367664
82,0.18587350778742687,0.008204431410869607,0.05126986408951441,0.005616746058871085,0.005288122030735391,0.002536244987850384,0.005832015874289698,0.004568271005931122,0.14067398648006235,0.590136810274449
83,0.7325226701801669,0.00987168877176382,0.014304926093207035,0.004541345484724893,0.006777209280193891,0.003237682127871719,0.0055895059135558445,0.0026606053778781974,0.03520893968256489,0.18528542708807247
84,0.006702148703944629,0.06937223748422282,0.013872378632757035,0.022099280770435846,0.35338164362922103,0.060389290842666025,0.3921185739415697,0.006567847758603861,0.007190322835740932,0.06830627540083845
85,0.0032936867577111903,0.15120668958565053,0.027318711446848394,0.0064528032195002695,0.06706563653307207,0.037385787364378247,0.6738205225047279,0.009764422767942918,0.003329309694461239,0.02036243012570706
86,0.29624818356793275,0.005696035842385646,0.014899793927417717,0.018841186625255135,0.004445727849612985,0.0035661677485753856,0.0013998851944852586,0.0014083810047497733,0.02987125382938914,0.6236233844101968
87,0.006935632579830914,0.1299893448746715,0.06479700705841422,0.014495277273285945,0.045072574253734336,0.2167992854023535,0.28433822772420225,0.01327432985254272,0.007051339849294519,0.2172469811316697
88,0.4716455329728291,0.01553396194135795,0.03140182262293751,0.012614568387790749,0.010478465565232855,0.007839358757810583,0.013697906721484604,0.01674323488220159,0.14940549412090043,0.27063965402745477
89,0.011633668634447482,0.08739396888949587,0.6721091687211628,0.00968573812513386,0.00872848708852877,0.007354259382067243,0.027982467172137766,0.029905225427998273,0.031337176728108665,0.11386983983091953
90,0.39324536932394427,0.008078044222314017,0.013057068492778134,0.02246283517531523,0.0062607808113686785,0.009132685636336174,0.005906792054990304,0.10655643384416148,0.15332679695657342,0.281973193482218
91,0.06798833118769866,0.005900413252894885,0.015361394386314415,0.016725448909036843,0.0060103827410987205,0.0017530262182816646,0.00173729988706681,0.0009842841845158954,0.14364463693356344,0.7398947822995285
92,0.004044347040849078,0.2467048492045216,0.29707072850681976,0.02802235866511111,0.020203128216647066,0.030884635937857445,0.14762237042961368,0.019808896190311925,0.005713286691173152,0.19992539911709545
93,0.12935807491777418,0.07291444466177174,0.026890127731769534,0.0350024876877538,0.038215569359482615,0.0065451752773410185,0.00652329773726468,0.0016129240360186975,0.06311066537133816,0.6198272332194855
94,0.012101654711262047,0.2951629623866395,0.148775612460517,0.12327593418216257,0.05592994436153489,0.008577693223546191,0.06629210489351954,0.007880827524616517,0.016377129411125506,0.2656261368450766
95,0.04418207383308978,0.10912942197386158,0.004708004064680014,0.10639831741679155,0.05067479445838713,0.005613143033212358,0.02869339146874667,0.003241532626710388,0.24380729363979403,0.40355202748472646
96,0.0036760622060217326,0.05150115362251837,0.008566572211777227,0.006073195661592028,0.11506264908032654,0.12130723132388667,0.6700428667061894,0.005621521636955056,0.004331113830045098,0.0138176337206879
97,0.00601731511458854,0.0021792924017146123,0.04032732419279895,0.005427678159254103,0.0034905803762240468,0.0013597848446014796,0.001595744378300866,0.0006023503672047182,0.1957146590511904,0.7432852711141228
98,0.7639002272678482,0.005680870306884676,0.004182913144199591,0.018128740196097066,0.0040297889092237625,0.004596972290382104,0.0052884947288381,0.07972353845104556,0.031508858917682764,0.08295959578779798
99,0.6638884258003686,0.0037307226229865036,0.03234070726028188,0.005414165131601487,0.00330751184870325,0.005808377406914931,0.005170588833835429,0.015852174806487533,0.10385279907426122,0.16063452721455931
100,0.005241229642350309,0.005623594743815132,0.013284471848383115,0.006145359309497853,0.008480773728444654,0.0018161649710287304,0.006921116770820647,0.0017726976885437027,0.1565056905187422,0.7942089007783738
101,0.007989576064743355,0.08527842301965854,0.019044160345385697,0.05990165180314107,0.3446350963175705,0.012427262326700285,0.12004866691909052,0.004275634253152549,0.01508853062736795,0.3313109983231899
102,0.002672578934813923,0.001816037085057228,0.008600744120664588,0.023037289675552314,0.001249754976691284,0.0008023955917876865,0.0010305196173933588,0.0030277085097696788,0.22134504709866373,0.7364179243896063
103,0.19260333950943576,0.00798375224469678,0.02262022882496798,0.008538274421025093,0.006018950022666489,0.0022839892526074147,0.0025411800231029103,0.0013282313773929314,0.10307221566690404,0.6530098386572006
104,0.6156897307678976,0.009952893364208175,0.023575176727977334,0.010446422029820823,0.006232108261729951,0.005345986200337054,0.007552905719650517,0.01165744564075101,0.15269424200311701,0.15685308928451042
105,0.003588260050520341,0.025584232800849663,0.560595545465428,0.007626643706359939,0.005040656666274289,0.00917246984108297,0.004736464110796145,0.003993929805956519,0.009242583715333994,0.37041921383739773
106,0.03805159218000393,0.030695638875977264,0.014710705315363178,0.02101677004391463,0.038602237071904494,0.006397625926126382,0.003566668474566498,0.0011248391674378972,0.04401735294646009,0.8018165699982457
107,0.4493546313549895,0.0276370353108042,0.023346014190797973,0.023375352488504187,0.01718134249945442,0.012689927319175544,0.023194624831072735,0.14002163502200854,0.09683551774804582,0.1863639192351468
108,0.024815294919152464,0.009038294338422478,0.04116641443178786,0.4628485817925432,0.007171330457967847,0.01950196552655487,0.006993026743614629,0.0368400913032398,0.18295976583866452,0.2086652346480522
109,0.11691819629386235,0.034172927862206576,0.022107927980264258,0.04014084598658534,0.0431041293917792,0.03912699914677151,0.043530963198140975,0.30111415670406044,0.08561871267033577,0.2741651407659935
110,0.009289699817859312,0.07940149992958105,0.2114519032390235,0.16525725694605162,0.019445311428591416,0.011948213994327167,0.018538535253632537,0.010619546343096786,0.04016625275865352,0.43388178028918306
111,0.006488116660195789,0.006900703354228953,0.010378807479005162,0.0032849414823980616,0.012925066965443972,0.004128434501460444,0.010865659229154844,0.0020661974157140635,0.013792062568655554,0.9291700103437434
112,0.006660277348776265,0.20511037955572825,0.06556084181681024,0.12796396913704342,0.31200092144162006,0.01001686361553504,0.11928661192228454,0.0057390365825317246,0.008722553324058894,0.13893854525561158
113,0.03880351124842643,0.012062404066916648,0.0017593835129520595,0.009750738359667072,0.01584584270035867,0.015975267638086734,0.018267729407916215,0.043903973630151465,0.018910536099585467,0.8247206133359398
114,0.021935497605872534,0.07343142007333352,0.10901972497012498,0.0189183290983347,0.03179162439012004,0.00864408433623542,0.024046942198697723,0.012313330081496777,0.15061438714553457,0.5492846601002498
115,0.014476888722236804,0.03582821619037391,0.005534654065106399,0.06251745757030952,0.01004671937958579,0.002975763228770506,0.012860582561722227,0.012156074002774925,0.2884448453383181,0.5551587989408019
116,0.05582856839100404,0.01084500359731715,0.002451306410207015,0.010102715393054023,0.015018554400859531,0.0177532725346411,0.017243354310121264,0.06075760621098248,0.01975703697981149,0.790242581772002
117,0.0025075925593328993,0.1849184293750843,0.20022753489414089,0.11267947702671022,0.02856440736539155,0.012217580002669901,0.021169475947830613,0.00667272095066165,0.005404163080222255,0.4256386187979556
118,0.6844902342209009,0.010720744859134145,0.015698278616506207,0.006492370441634507,0.006881808564226085,0.003095614970136283,0.004322590445804858,0.0025604513874271,0.05995101671324965,0.2057868897809799
119,0.8031634970223528,0.009173970951337953,0.011689214579405196,0.006046435217345882,0.007000809346358272,0.00509318292218364,0.011217658836857646,0.012077344649201635,0.0198963607556604,0.11464152571929619
120,0.007105279706826186,0.20261417803403126,0.08429996179288785,0.09903404659167267,0.3112938971891132,0.008748136060413391,0.08301580235351183,0.0048360248711787936,0.010968919769696554,0.18808375363066884
121,0.006039111309005015,0.0024364946685612276,0.060638155505584705,0.005863440252957473,0.004292038456683683,0.0014082262714392433,0.0015250711465612053,0.0005018229131597776,0.14371955344950427,0.7735760860265429
122,0.004774677732935428,0.004925971598758676,0.006275415113936037,0.08594596579233743,0.002749735234117233,0.015023386413066938,0.001239762108887248,0.0032461265298600515,0.052127789857972597,0.8236911696181287
123,0.22607094861647442,0.038799944412917536,0.0284312832604071,0.03233930180692833,0.020520906951996626,0.0041331960832463105,0.004270197384834605,0.0011647247398359711,0.07236874939481679,0.5719007473485422
124,0.010692843477011705,0.003694980338184887,0.03871923604145041,0.0120583579453852,0.005262740224733601,0.005878984331738499,0.005414635175523417,0.0026988407645954188,0.34285275706095425,0.5727266246404231
125,0.0005137358887304711,0.022888895233353836,0.007903532431297414,0.020474504452755053,0.005478192607389497,0.05025953918441964,0.002913786138672045,0.0030861971454177635,0.005842823101822733,0.8806387938161409
126,0.6181849719015253,0.014050185686747024,0.01828583771505568,0.008502476891663602,0.005991332387740806,0.0033170304950127937,0.005277721153335202,0.0069350670246898045,0.08136189940556228,0.23809347733866718
127,0.025916851376656485,0.009888325235657946,0.02431901507907837,0.11315123823752501,0.005482497106208794,0.0043401117860401165,0.0022790609076657783,0.005109353530074033,0.14333987492009587,0.6661736718209976
128,0.005782627956131429,0.004038573816522678,0.062220089910402204,0.006754724715090187,0.005792371929224435,0.0024292875333631874,0.0042043746125533625,0.0014746506703904848,0.23859980239139472,0.6687034964649271
129,0.018220174008837794,0.013497244461432944,0.011074162782064302,0.37520582317966367,0.006314207908978485,0.014481014743111796,0.0021044603427893354,0.006158526469820378,0.041872924900103435,0.5110714612031979
130,0.03656436815552362,0.00727920724538111,0.0054856974034669026,0.00436312405076781,0.005809715809670647,0.0011220379898992845,0.004484406847164034,0.0010887880464206662,0.13701263257140578,0.7967900218802998
131,0.027344599742288648,0.007962579926479543,0.001210149928942407,0.00975236381720446,0.010412625977393208,0.015376936631704365,0.010713338741448334,0.02140120329632897,0.013975499042798786,0.8818507028954116
132,0.0021319215646542333,0.03789835379615586,0.5536199181565578,0.05441390367023717,0.004935415696929516,0.005568336043848864,0.004802795805698121,0.0038389464825156596,0.006835648530246004,0.32595476025315717
133,0.06064935705663877,0.004221824995302615,0.017902839610226914,0.0063309887367125695,0.003913200154192681,0.0084007930282173,0.004091003843550976,0.04653779481583935,0.43476126097329093,0.41319093678602753
134,0.006405437372304343,0.11001881231668575,0.01452566275984664,0.027606789725511127,0.06291295194922025,0.01520892997793198,0.1637107779360925,0.0030882528327065557,0.003822895042659297,0.592699490087041
135,0.0459850971254189,0.011066993243350769,0.0020234112665021993,0.011247284073618942,0.013869382055341405,0.017766735260658518,0.015489950970709512,0.03835324875448735,0.017737553868456286,0.8264603433814567
136,0.01846762315988022,0.016106480128828107,0.3629391175303931,0.007956607224156196,0.003830023194947979,0.007270638191999176,0.01002911355678689,0.03728996520996895,0.07851177900791706,0.4575986527951215
137,0.025394018172329627,0.01061736891555318,0.001258753289682669,0.008836923697928618,0.01414998223850007,0.014486715168556548,0.016051042127056932,0.03331506376971858,0.016052299789180897,0.859837832831493
138,0.00934048187053836,0.003792977461812213,0.2094083543409257,0.004425631498556076,0.0026860980001791306,0.006102149497155248,0.0030972739659206106,0.0029900903878123525,0.124736585608993,0.6334203573681078
139,0.011321918335194017,0.14162250147081445,0.017008231982476144,0.04443505947884638,0.062262965499772144,0.005540217654445123,0.05665175925928788,0.00399941024376538,0.4027358996915503,0.2544220363838481
140,0.0019787040630167337,0.014138513867378145,0.0011351792458112085,0.018402439318369008,0.011876311471440307,0.026095391552990895,0.011409496119551218,0.006984952120272033,0.006797216862622713,0.9011817953785478
141,0.000466348734132248,0.011858980734257183,0.00775323963383148,0.01921315204490075,0.003707028385272606,0.041277088014882175,0.0018035685922445973,0.002153348711987941,0.005685224172771281,0.90608202097572
142,0.0009575832179010141,0.02185461890100482,0.002147025640464383,0.023532614079644864,0.00978331402854995,0.08555221454923559,0.007635290841114335,0.005539536033468141,0.0032396826209082213,0.839758120087709
143,0.01754565408873959,0.0022890157633640683,0.009873820986354908,0.010980932362286915,0.0019272538410811735,0.0006974382562948245,0.0008452256591478592,0.0006375516350680096,0.2518009752200916,0.7034021321875714
144,0.2744252394930599,0.008139696563575514,0.03295947992065519,0.006532696088513775,0.0059483669265276914,0.002425948842896812,0.002667436935864957,0.0010307146006228237,0.0659733954852858,0.5998970251429975
145,0.0082790063510613,0.26885241921165454,0.059498067251986086,0.03560266396928536,0.1827561393759347,0.015196384047496967,0.35606778760616403,0.006674314271655443,0.007936052582024173,0.059137165332737766
146,0.47397001275761236,0.013081766619271495,0.0137383495699399,0.006513668825160049,0.010516914077852489,0.004823270467402837,0.007365714837585077,0.006238639463072987,0.05531544261812633,0.4084362207639763
147,0.00865157104188147,0.18346853214635156,0.09002763700540677,0.10120910045348165,0.2386300850203113,0.010315348416178868,0.0431218618962893,0.00307812021128506,0.010625965805079194,0.3108717780037347
148,0.0032123489810946945,0.002821776741173329,0.034129505272943644,0.01122030413661495,0.0032189592469675046,0.001597577211752716,0.00249716759088786,0.0016176371908977192,0.2296709586093804,0.7100137650182875
149,0.0010900765055467116,0.021361926025397607,0.0019757763470146287,0.022896365992144976,0.010078084251201245,0.06949080889210388,0.00871873072870778,0.005659455124211147,0.0037434872546438743,0.8549852888790282
150,0.31915675668244187,0.010432333756288065,0.05268232486122985,0.00807746418106528,0.007427620741583348,0.007682331509288308,0.009870135866753954,0.025950244443770885,0.2422044990789975,0.31651628887858113
151,0.675923261848328,0.0077908814132816185,0.024334613138284975,0.006408869722105795,0.005628379505152957,0.004412647185687283,0.010318567114754418,0.009889756183683238,0.08135899972192413,0.17393402416679776
152,0.33366080364791273,0.011173146850712039,0.044167747234807424,0.011092586494620882,0.007039984035834459,0.006212966824173811,0.010480139572605397,0.01199022291660562,0.16384935885328758,0.40033304356943994
153,0.0027090866994350215,0.1704817680412944,0.4333651883624626,0.019366916471674607,0.018585533678535153,0.01825046325118806,0.03914183928648883,0.0035734727757348343,0.0024823015132116504,0.29204342991997495
154,0.03783785126450901,0.007975700892455256,0.11574455849763252,0.012173778294199128,0.005401907202613112,0.0136688861130401,0.006856355735397668,0.056497009864684804,0.09284019300743136,0.6510037591280371
155,0.026665643984192567,0.0012870977381113004,0.009307460644609813,0.0038625765117864417,0.0010803163452715652,0.0007672115305903478,0.0009684576095785578,0.0015844719537150464,0.277173504122008,0.6773032595601365
156,0.007986951768978137,0.11048030712205922,0.011483807138635359,0.019542031233990367,0.02921822362954268,0.03948393140984091,0.1261791075646685,0.021601952131392734,0.014211301378824679,0.6198123866220677
157,0.004003189790380858,0.007677006158144356,0.016169764812338634,0.0037752370539589214,0.01156840421468097,0.0033915494598310185,0.006226509963530774,0.001460923530955282,0.02237201404580577,0.923355400970373
158,0.0015209095907297182,0.0073256338598795346,0.08428305691275145,0.00173624930441545,0.006540314740227436,0.015744598972017573,0.00325407052385346,0.0013475184781668887,0.0008984155321068783,0.8773492320858517
159,0.031420767001252486,0.0019877521589913272,0.011934647641977861,0.006558802957624387,0.002607007529012306,0.010122664282042311,0.0026839255854257667,0.06946492450110124,0.5108203550262549,0.35239915331631705
160,0.003649823196916875,0.005484721657880047,0.6413951939398288,0.004457729013925676,0.002307505775743502,0.012386679962847485,0.00345713893531835,0.02527474021526767,0.023808289952875164,0.27777817734939597
161,0.35533568158438017,0.03417165159082542,0.01313621609384636,0.02374177081581234,0.021245859676393208,0.010763316874031625,0.028478960402168678,0.15145275098337377,0.1614639375007362,0.20020985447843206
162,0.0135170373048602,0.11204126653936482,0.012094458032490948,0.044220406944581084,0.29135849341068804,0.011877464459504557,0.17266626804231852,0.005265472099581372,0.057806230393841994,0.2791529027727685
163,0.20447042457005266,0.05635700947525021,0.017474047543033208,0.02061242016926225,0.02893505031603207,0.0062268562367160584,0.007846074570509814,0.0021823484936593623,0.11183983228728751,0.5440559363381967
164,0.0009475023744207143,0.022797664051093694,0.0066604980295015435,0.010866122714831384,0.015229542629413322,0.5134119835057358,0.009229467604136819,0.005395489083686222,0.0014718514947878083,0.41398987851239283
165,0.002286512316315739,0.006954967961646675,0.0007409135710981641,0.012947145676041018,0.00900621553175584,0.019962086636739557,0.0076480792426363575,0.005840434669221944,0.006542833762752768,0.928070810631792
166,0.00843603363745292,0.00471320156179571,0.0025219863525733862,0.006471437578722995,0.015252564263457702,0.08813335475077536,0.016657161131721943,0.0061001525990171356,0.008398608487864364,0.8433154996366184
167,0.05877879154437348,0.015791052957479654,0.00542626048331451,0.007328842865686872,0.014589247262077826,0.010242146192989623,0.004536708146585349,0.002131973752654503,0.07418768269445852,0.8069872941003795
168,0.004845622012715604,0.004339368407717059,0.01994611436848042,0.004477015586783459,0.006151665846992097,0.001419758159308098,0.0031399664376259256,0.0008835429802343582,0.09043510186162018,0.8643618443385219
169,0.0382622927107838,0.00472448063028492,0.017872828879777918,0.013724902551541721,0.005837949232474011,0.0015283253846368468,0.0012630972630227808,0.0005552234898251455,0.11701723450735897,0.7992136653502938
170,0.007992516672238716,0.0025929561861495745,0.04262351668692302,0.005372531340816647,0.003342870377044767,0.0012670090228057923,0.001760913486785032,0.0007066025726324604,0.22740117840474125,0.7069399052498626
171,0.022919077311921925,0.027103291081986232,0.5491706396476833,0.022048680991478966,0.004980054824090216,0.004494027026900521,0.005772222708416128,0.010478627720642697,0.09888864246052162,0.2541447362263587
172,0.00852490146391149,0.004226470501311635,0.08748305477749946,0.007176839749027528,0.0055972503944159814,0.0031775624031248053,0.004898436487344755,0.0017395483775827273,0.2197596440492292,0.6574162917965525
173,0.206531703411291,0.003987431690843482,0.025072511946055143,0.01800127467776776,0.003436387386405603,0.005359565687430019,0.001869576951526504,0.007608383951264203,0.25591494935133796,0.47221821494607863
174,0.022709391595121985,0.17363373217803973,0.021051751547675048,0.10295087496481582,0.0850327012093983,0.005800246565911283,0.04029349107632319,0.003814302199383824,0.17780721671862057,0.36690629194471
175,0.011645744915014921,0.10490172971551787,0.02826668319186774,0.035051518199843645,0.26560254493519747,0.12263702987005957,0.3247345393526864,0.010647144775864308,0.013017989222986607,0.08349507582096169
176,0.18117092831373688,0.039667689307946126,0.006097662339708003,0.024617072923969686,0.01853952724683887,0.0057972609076063905,0.020929174223197438,0.013778345495649396,0.2788351328140335,0.4105672064273137
177,0.0035943505637098714,0.1510040240317535,0.11102876339772354,0.09699952503700138,0.020256691352394544,0.01027137277843838,0.02171815198503296,0.0041915366116286375,0.017364386394362705,0.5635711978479542
178,0.0007148742830439313,0.006262735228976917,0.0009629320708704643,0.022611784962778367,0.0062229121601184755,0.037668408420958234,0.004288098416750287,0.003017503036141005,0.002723592211009615,0.9155271592093525
179,0.12258352094475783,0.0036775898991229156,0.003640915954662289,0.003233036095027495,0.0038895159203455785,0.0012593334579599476,0.0020676697124725795,0.0012957473167364106,0.06882761484661215,0.7895250558523028
180,0.05422310752622349,0.012205939456783499,0.0024670144473946665,0.012858608130173836,0.014796922156471187,0.01940907755199298,0.016240959224683386,0.038853533167941906,0.01900032199202943,0.809944516346306
181,0.017111673265539574,0.0018106420023396674,0.020578505720188506,0.0032186071434044915,0.0019237937994322817,0.0009691019795017837,0.0015128406361842605,0.0008980796551038885,0.2347111006514479,0.7172656551468576
182,0.004274044011454481,0.0051575703002915375,0.010181780598337136,0.9023232096782026,0.0034805565579453975,0.008464752373875027,0.0015262696376569238,0.009872282033248803,0.0118231490136421,0.0428963857953463
183,0.10561820055532638,0.03698466861369772,0.12894980767294445,0.017514040640461886,0.012201055746035064,0.010271377707106628,0.015096304767441981,0.04847969852989151,0.14773460939508162,0.47715023637201315
184,0.006800056271740905,0.07256513880438001,0.25866911126138975,0.11955244403519376,0.015866362087480396,0.008756243387890043,0.01219177900690001,0.0065125799945550756,0.020055434256698042,0.4790308508937716
185,0.09342779733557069,0.011485526830151246,0.01473247565220324,0.024168854770387403,0.00900628391720965,0.010483743018925457,0.010208869577870323,0.1908300847232847,0.27013947200174365,0.36551689217265343
186,0.3217561411599872,0.011926915876769273,0.01932490711423895,0.01029633669924877,0.00632869630573105,0.002208528923130621,0.0032250759303969925,0.0013066114738680505,0.0830886707041262,0.540538115812503
187,0.11273214986449033,0.007433815950754128,0.04159682122871443,0.00769988579861992,0.0053123847040492216,0.004317765865216714,0.006386973005418364,0.010162907148498306,0.33963067696598936,0.4647266194682494
188,0.00456500774077011,0.2833553290299885,0.026736263467260768,0.043639664566655356,0.07349969243639302,0.012961673488156956,0.3859047260192847,0.008108960409306778,0.014139908251155693,0.14708877459102807
189,0.02944220968606774,0.002720576650951299,0.028729031976040455,0.00417294700437724,0.0024953097771114965,0.0008506820567069238,0.0015241314150278497,0.0008325485193885439,0.20612367577952664,0.7231088871348019
190,0.028696349082234923,0.0062848228444594275,0.024610116765085437,0.10379433807049364,0.004644677668772291,0.008035854767463189,0.005055280754200446,0.09377618129545842,0.17700401476434777,0.5480983639874839
