,proba_0,proba_1,proba_2,proba_3,proba_4,proba_5,proba_6,proba_7,proba_8,proba_9
0,0.2952793778954087,0.038535652913524315,0.003131784426250076,0.0002194617502861485,0.00016373953877300197,5.803846973094089e-19,5.966276462026001e-05,6.660424939931211e-11,0.08345730779549423,0.579153012849039
1,0.2248990283855693,0.005239881941703592,0.0034939940263278555,0.000328746832991959,0.00039242240691504253,7.91713835068524e-19,1.1540782362742331e-05,6.993805212508427e-11,0.09548758298405507,0.6701468025701365
2,0.01301279917301854,4.859421119661471e-08,0.00011720143749669044,9.386648860629622e-06,3.660303759301037e-07,4.102257343656175e-16,0.00016149117775875963,1.3005711534609503e-08,0.39509116058769755,0.5916075333448687
3,0.6709944145699284,0.0004281255681486057,2.712640530135239e-05,4.098212160169016e-05,0.00011782983537356832,7.049964207910232e-17,0.032681216857627676,0.0001691699742300384,0.13004087533372077,0.16550025933406778
4,0.06928696403776076,4.539419322959774e-10,0.0012830038481884563,6.77867748980753e-06,1.399566455489577e-08,7.058505119546487e-14,0.00012678984079966823,0.003484883121992459,0.33939395482669205,0.5864176111973998
5,1.4020577409140319e-06,0.19647663660379644,0.023669845803516807,0.016928544303790538,0.2414644577066778,1.7166583162150063e-13,9.568436203518926e-05,1.5014900342063878e-10,0.010441408902318742,0.5109220201098028
6,0.5393347324144393,0.018756791678576603,0.0009752883009414128,6.787819836336206e-06,0.0010616614107957776,1.9846354036924373e-17,0.0006654928873019074,1.1548646528909347e-08,0.03816402296428118,0.4010352109751811
7,0.39076349471257427,3.95518956533677e-05,0.0006096706987033768,2.246350501083768e-07,1.5117205477805772e-05,2.3536968890436497e-17,6.519020453425291e-05,7.639395881908695e-11,0.10861729792740615,0.4998894526442066
8,1.0895874301951883e-07,0.030114642127142193,0.00042008318373044944,0.002828927244123734,1.3667453817098913e-14,0.00016386673002210354,0.001195570246952484,4.026627263905618e-11,0.00102555716026802,0.964251244308738
9,0.015040901579294956,0.0005729725306905568,0.0002796742503401447,0.460191913903738,1.4330602158916058e-06,3.3108172527249016e-15,0.0002870482574628477,2.211731740607644e-08,0.11414696004076598,0.409479074260171
10,2.731636310356976e-07,4.0537665235123754e-13,0.002917165136648599,6.481806476309755e-10,5.626441889388166e-05,0.08210360875997678,0.021345962469835354,1.1879143101654248e-06,0.0016646077322477173,0.8919109297558705
11,0.21054878462691823,0.00025797241410102954,0.0004134265387277947,0.0008666933587219328,0.0005887475775406054,3.112421160261749e-17,0.00012797447905921484,7.368633538229715e-09,0.031110275210616354,0.7560861184256813
12,0.4135055451341578,0.0005211563477999332,2.1586252875208172e-05,5.187197076462274e-05,0.00019966100454239598,2.787503209743644e-18,0.0007194083209264902,5.112075470025933e-09,0.04834227342058811,0.5366384924362699
13,0.0013809388318643287,0.1816513324273104,0.005144437853446268,0.00029523340531384265,0.42015985718859755,1.1011932320848648e-11,0.0008956854833360601,4.700913509071474e-08,0.1895967417411663,0.2008757260488181
14,0.20084818704684182,3.822265964407524e-06,0.000710070399247679,6.128684495843352e-06,0.00017685939270610567,1.5022312876210516e-17,4.696106093321404e-05,3.484635660000573e-10,0.09447048910499353,0.7037374816963536
15,1.571130368369335e-05,1.269716069865388e-07,3.0084978615754315e-05,1.9763603420574288e-05,2.981018700224901e-06,0.0186682062604113,0.04448919287297771,0.8085775253324815,0.007107843522865402,0.12108856413523679
16,0.007269643058465129,3.588253609441231e-07,0.00014464998012452072,8.771210628306979e-05,7.924867837232043e-07,4.719063631683256e-13,0.029446547993831142,0.7481810238374861,0.16394773915037553,0.050921532560817905
17,5.582544972871957e-05,0.0032791303006693916,0.00026780248233474065,0.0011753720878396137,0.5473057572934316,1.381057702329896e-14,3.766344709283417e-05,1.2079372545935035e-10,0.001862849399419916,0.4460155994186756
18,0.4036476593997006,0.032400144313888,0.0012557987791189929,9.263275201930062e-05,0.0018888412337310463,2.8896597789873416e-16,0.0006779549583343417,1.6698083583734339e-06,0.1270007166301198,0.43303458212472934
19,0.0008490346187199896,0.004482759621062594,0.00026182617139652327,7.64716237738467e-05,0.7809562455598388,1.3181377391132687e-07,0.02046590059443245,1.1364154855641226e-07,0.01846635308153146,0.17444116327392195
20,0.0007447785772892461,3.6788363519959394e-09,0.004468980780050651,3.0167661856369918e-06,2.8006645139972547e-11,4.889337946850369e-09,0.0003495784730600633,0.6031881453320221,0.06097607760026503,0.33026941387494635
21,0.0006989138630614769,5.563533621913658e-14,3.7499427913419655e-08,5.26442311666138e-10,0.055234515085296185,0.06600470410827484,0.11312964081372608,1.6402772723410245e-05,0.00019791419743502164,0.7647178711335572
22,2.3335564178766292e-05,0.22672166595227106,0.26050689852174874,0.17029738098985175,2.1432994574955303e-07,9.308376620230763e-15,0.0006410592998481544,5.114011959357509e-11,0.04787132596571592,0.29393811932529024
23,5.8113204730445385e-06,0.005262209541922404,0.00044207946598905193,0.001937443815988172,0.6180633424959016,1.8249090315943085e-12,0.0002641435332328735,9.178531286745881e-11,0.0014052497466964975,0.37261971998618604
24,1.2498688787201403e-06,6.437839734438523e-05,0.46266847371695385,2.4595005875019242e-06,0.0009775003454832757,5.345858888156962e-09,0.006124219644708866,4.917528299120968e-08,0.0034972192201861104,0.5266644447847154
25,0.013110890577521277,7.89181041183071e-06,0.0012823403835148346,1.4281022578364265e-05,5.481315214894376e-06,1.688329406892327e-17,0.00011274122950273825,4.667164987648585e-10,0.32874830214388556,0.6567180710506539
26,0.16367729607191914,4.479470832735528e-07,8.604905578913307e-05,0.0002954689487883173,1.823487508762119e-10,1.6280510797950555e-16,0.0022218275106139843,0.028703040124092968,0.49276183188141637,0.3122540382779478
27,0.2626675165996795,1.994705387308165e-10,0.0018412273070593575,3.1796962840498126e-06,4.4522149263940415e-10,6.243951125440073e-16,0.0001515428446225667,0.01945761519069912,0.5187361703837586,0.19714274733320403
28,4.779302131787649e-06,1.449436792531267e-07,3.6237638561323074e-07,0.0008403944048463386,1.0004612514592254e-06,1.804768776377416e-05,8.302257411182041e-05,9.671605460464432e-05,0.05853299101929531,0.94042254117593
29,1.450759482029089e-08,1.8180179768084084e-05,4.151362284057621e-06,0.014477872328453559,0.00013372149836730871,4.882319149481996e-07,0.0006055059302978769,3.766101518997345e-08,7.974457335324193e-05,0.9846802837269509
30,0.0005006023649944503,0.013407731903823434,7.306535463001366e-05,0.20823838889774443,0.2138601271612304,2.5164774473789236e-06,0.31233587770944304,1.1450060469526647e-08,0.09123750678950895,0.16034417189111747
31,4.8131217355346146e-08,0.05191483827722627,0.02159066116162212,0.5611559355485513,0.0038402913123202673,3.9601823202242836e-12,0.00019728285616225084,2.1743297560106012e-12,0.014749037919763387,0.34655190478700265
32,6.102523433002652e-05,0.03080297492776509,4.3324411486164215e-08,0.7374957027795871,2.48214776698414e-05,1.5040589656287008e-10,0.09329357457886468,2.5232412341017953e-10,0.0014363724759770143,0.13688548479866477
33,9.286918579816332e-05,7.437887458233963e-06,0.007724716434187898,0.00010659620339164328,2.442696563386472e-06,4.521868370307209e-19,1.3865000596503597e-07,4.683278609696738e-13,0.12456130305519085,0.8675044958869355
34,0.007045334202291133,2.715846215758431e-08,1.1856984731977412e-09,0.004458300187760583,5.1415443276734043e-14,1.4254274648035039e-05,4.566214440057129e-05,2.867704733206795e-06,0.01566142876691265,0.9727721243750418
35,0.0628674932967952,0.0012715958363371234,8.079806021214917e-05,0.022651916051798518,0.004007043053150624,3.942293190840803e-18,0.00030454428402175226,1.5467591606020319e-09,0.05078970282926322,0.8580269050416621
36,0.530062445323657,8.311880009056955e-06,8.876495198575876e-05,0.000455335115827174,3.1187614990831307e-06,4.581074920699428e-18,0.00035514802144714664,1.037397719633946e-05,0.154668022423559,0.3143484795448194
37,0.0005951842162387034,4.131917127806962e-07,0.0018833552058528122,3.2515968093922324e-05,8.359266903136881e-07,3.0999256481738745e-18,3.4668703022087304e-06,3.3956085040445584e-11,0.34113818451598027,0.6563460440711729
38,0.00028623893923687026,5.708806784574233e-07,0.007105963517959419,1.97732444741536e-05,2.136680224434079e-06,5.040733653604822e-18,2.869242698476881e-06,3.089596754989012e-11,0.2971507485441127,0.6954316989197195
39,0.026711021635860883,0.00018141370644206525,0.0025208385175582563,0.0019499264432875562,2.602020492498316e-05,7.793551688783373e-20,1.0127002956723813e-06,1.5449032354688322e-13,0.025728855613720576,0.9428809111777555
40,0.006369204329238955,0.06271497981571246,0.016407881931568502,0.2534969021163511,0.01468948063948433,1.2638321168963867e-06,0.16036085824689109,2.3557641187383646e-06,0.28670002886503354,0.1992570444594843
41,0.0034418900968777254,1.2338941862138386e-09,0.024647024760648437,1.7522985280273722e-06,1.5033361316568153e-11,2.2443443337980442e-09,0.000290871572166493,0.5955576695846807,0.16079937535730016,0.21526141283652647
42,0.05993790618592464,0.016936149766282226,0.002874026777901803,0.0031754385569634893,0.026493305188756977,2.296716478711462e-16,0.00044183560117764425,4.494002182274362e-11,0.096230833152019,0.793910504726034
43,6.257624772884849e-08,1.2376386077224122e-06,4.2235966397475323e-08,0.00035997680755066325,1.3137375876213775e-06,1.954558416261469e-06,0.678619837467661,3.359234306959184e-09,0.00041168688147879813,0.32060388473724943
44,0.0011160301521737496,0.0002132523415208986,0.00780971726171501,0.0005560692559454423,1.1775823117614958e-05,4.1718047002857774e-19,2.326626582610588e-06,5.954050812156594e-13,0.08437266850737915,0.9059181600309701
45,0.21787673309384128,3.691588798214082e-06,8.319552656313079e-07,0.14191956284509025,2.9705775844571306e-10,4.9282021737140037e-14,0.00015803604720364205,0.00015835571340883762,0.21835512641098687,0.42152766204829817
46,2.779403694067981e-07,5.567032279325692e-09,0.23574686672578746,7.69418548650267e-05,4.2602525872007e-12,4.592785408262584e-09,0.005445465753779126,0.00022227958165460112,0.29824766840936,0.46026048957010635
47,0.43238152660398416,0.0053041297194307176,0.0028829138614391145,0.000204804851473978,0.0007009767683050993,2.1065406269928983e-18,0.0002719697252664266,2.6002200875907534e-10,0.07930927343991906,0.47894440477015954
48,0.0004282085032901894,9.123757822534258e-07,0.005394509109550149,1.8399552529111437e-05,4.411914346142482e-06,1.4577799315992853e-17,7.681608894287045e-06,4.05217671318996e-11,0.29358206320733105,0.700563813687755
49,0.0051868447666148475,0.0006122621799246403,1.7801740405805398e-08,0.2133551206996812,2.3441992510483053e-06,8.354603963852201e-05,0.7024485221319257,4.634877660693321e-09,0.0002908434380931064,0.07802049410825297
50,0.0015507625227059176,0.025316480696578846,0.0038651914879026575,0.020106849084112324,0.24748210071273324,2.656069672259973e-13,0.0004937734421780771,9.81037006423124e-11,0.0778680356011004,0.6233168063543191
51,0.22244702553921736,0.00023069716639640583,0.000749660595690567,4.187509050990855e-05,5.7045572056645753e-05,4.0229222504887066e-19,6.42691794862686e-05,1.461261626672551e-10,0.10534112617487312,0.6710683005356437
52,0.1038259395933673,0.0026166043516489767,0.0014612262755844116,0.0031308331564682363,1.2000528922284145e-05,1.351361996037682e-14,0.0006984213275169534,5.208830952173068e-05,0.33736037168958005,0.5508425147673766
53,0.061174160107922405,0.008307379006259384,0.06502862552978293,0.0015050686369472263,0.0003949197784904306,1.0053719805077945e-17,0.0002201676975110441,9.77949193024311e-13,0.057982520968528586,0.8053871582735801
54,0.46597759827539137,0.0036941097339035604,0.0002714291599567113,1.1648807394613785e-05,0.0005157891655759044,1.226370320066941e-17,0.00060839399138296,1.3385253914356883e-08,0.0299890633231338,0.49893195415800706
55,0.44856619362990496,9.427627023691933e-05,0.00018004456087723444,4.35989965105535e-06,4.27448198328003e-06,2.1253371207857263e-18,0.0019109233569454243,1.6380869920344178e-07,0.21634604093104984,0.33289372306065207
56,0.004545125888241056,1.7966330320354196e-05,0.002340546250671497,0.00013453638147650337,6.96367405871752e-06,4.030491472515579e-19,1.2145789331653043e-05,1.0378707384232026e-11,0.27842543624842825,0.7145172794270932
57,0.00015246246764276554,9.023042087529113e-08,0.0040648405147485625,2.7170100138350783e-05,1.353515308722914e-06,9.541861865576452e-18,2.5468665139197144e-06,7.126258002332732e-11,0.3084166598475579,0.6873348763864063
58,0.4454105841657126,0.0002835341043909384,4.0311545650295374e-05,6.583718845956366e-06,0.00010393345629954273,9.456744212519259e-19,0.0004819851125630529,3.3173352806772807e-09,0.049257212562735124,0.5044158520164673
59,0.00046278889968402953,0.10378361887345523,0.025282028878468747,0.001770560619479939,0.5201604917500436,8.942064620152794e-14,0.00021027376842586357,1.1505592059018936e-08,0.0611132874771192,0.2872169382276418
60,1.4040723950901969e-05,5.546893300664792e-06,1.5556448063688984e-10,0.026155339365572707,0.0003630999381697168,0.00012142382098137063,0.010740117449586853,5.77612275683562e-09,0.00015137613794594595,0.9624490497388046
61,0.0011759440421500596,0.0011147777852498952,0.00020053564106677484,0.0052643050790215085,0.03880812473245602,7.387663724409685e-16,4.640015291026543e-05,3.813920577023355e-10,0.009970493439535905,0.9434194187462168
62,0.02996187366915606,0.0006606729953045165,0.0012155201147543077,0.002125405643838556,4.191307968447249e-05,6.031641193694621e-20,1.2116870287318129e-06,2.718505776869808e-13,0.02085041101420174,0.9451429917957597
63,0.00011684559486148415,0.03475655006978385,1.7779329133963903e-06,0.6110654461662087,3.431171629435462e-05,6.427152152448586e-12,0.08505729307814874,4.850568156074389e-10,0.007555004624728289,0.26141277032557714
64,3.3719670049064854e-08,7.1724851238164e-05,0.776757154980312,4.830661907234175e-06,7.324733062684585e-07,5.999606528106887e-10,0.00011003749291908518,4.3532603980543045e-10,0.002974979240354148,0.22008050554500652
65,0.000655272607561099,9.295676232284332e-09,0.007767445942874306,2.0996724844362785e-05,3.9956616879589785e-08,3.864442649849615e-16,2.2286981978672008e-05,5.3603014696579595e-09,0.4121719807711651,0.5793619623589815
66,1.712021914775087e-05,0.6199675184485628,0.0821811552513756,0.002146857340126167,0.004578976289161693,3.882063434126865e-09,0.16978512054628708,7.356546028199918e-07,0.019200087089383484,0.10212242527928903
67,0.17255305581934008,6.0486005396598746e-05,0.00018785610150381593,5.2286288541809065e-05,9.872145308557146e-06,1.7122997407852897e-16,4.333504668331016e-06,3.666629778994617e-10,0.11033814727398195,0.7167939624945958
68,0.01716568551640263,0.3140009500443419,0.0013668417293327428,0.00012714091647296084,0.006295920663407875,3.6931137656363538e-09,0.3301467430011777,1.0328080766538042e-08,0.02619897731588507,0.3046977267917846
69,0.0906193285585194,1.9970691849888608e-08,3.87483655266219e-08,1.447621721114944e-05,4.580598680782001e-11,1.3241777796070742e-07,0.004006999474613254,0.0065878781573214095,0.11660759731417585,0.7821635290955176
70,0.02186990142805403,0.00479341477325003,0.003202754223129538,0.0046276371735272485,4.9533243726921364e-05,6.700008476473214e-13,0.0007756618647266901,7.808598424077937e-05,0.6818418668759606,0.2827611444327142
71,0.3669522552909651,7.068729245048918e-07,1.933729109031811e-05,0.01655883869697564,1.0995349824945749e-07,6.191614715694755e-17,0.01286276068974302,0.09625559013455548,0.3574935846646549,0.14985681640559279
72,0.00015841047248443978,0.10679080203708873,0.007466587892534421,0.003991860125483668,0.5405338501753923,1.746699503055486e-07,0.24520744463640318,1.553279454891536e-06,0.0068949579976741015,0.08895435871353406
73,4.573004204688042e-05,0.004236040415367317,0.021744812823179204,0.47805000618259713,1.048138329203512e-07,7.69976646442444e-15,2.516590183665502e-05,6.99040069105762e-08,0.2374346367565319,0.2584634331605934
74,0.00030475729004556434,7.55278771749407e-06,0.006635472417627696,2.275649788396775e-05,2.3063620341264362e-05,2.5232684905189813e-16,1.44334490290394e-05,3.125401721077142e-11,0.1774861890366272,0.8155057748694735
75,7.931333353802031e-08,0.0002987377373776185,2.0160691952140374e-07,0.0056479487331451035,0.0007773296619478765,0.0009752539986820087,0.6959031875319474,3.158144401161015e-08,0.0002820760448435109,0.29611515379035935
76,0.17416818272566648,0.00321132555183085,0.008575303403257172,0.0002772829941155997,0.0013204534106119263,1.0317506146647741e-18,1.6462966128192607e-05,2.53079470956062e-11,0.0385056329255109,0.773925355997571
77,4.616231698161176e-07,0.011312224126047129,3.596614813622442e-05,7.005185867932328e-05,7.118429841687518e-13,0.003982847578280808,0.022225885190346756,2.7673733745456366e-11,0.000757804996614425,0.96161475845034
78,0.11611594029481503,2.5524073489279513e-05,5.567695739336763e-06,0.02294916616126789,1.524715092972379e-10,4.879041228064061e-18,0.02293336002615271,8.08820239831145e-05,0.5101488738893619,0.3277406856827192
79,7.095461285384774e-08,2.6970936795588482e-06,0.7653423758521894,6.117970604398846e-05,3.8217848704060565e-11,8.056543793404242e-11,2.2861511551965603e-05,7.240530708172677e-06,0.06692336883855,0.16764020539388066
80,0.01960701696821873,0.00012129990160490337,0.002502863973194356,0.00391952945162091,2.707944600047468e-05,1.1170654493678078e-19,4.47738578840225e-06,5.368076482288251e-13,0.05074411878911986,0.9230736140839155
81,0.3700278525262832,4.5253278848971955e-06,0.000183856640371111,3.581752026012618e-07,1.027761364561711e-05,1.87930911652901e-17,7.75948702692568e-05,6.144605615679011e-08,0.22836563298681983,0.4013298404134673
82,0.24882612854286637,2.7822920476033256e-06,0.0006519024703801772,7.693962512637481e-06,0.0001502010748710634,3.6844504715827805e-17,0.00013952123600921644,6.058088560307145e-09,0.2285043889921764,0.5217173753710479
83,0.4317856536710652,0.009537030823027018,6.0786682450118136e-05,1.2588406396118759e-05,0.0015230915214418173,1.3890766040968183e-17,0.0009404405981876964,4.562024880395221e-08,0.022406984560285944,0.5337333781168973
84,2.3741677534852887e-05,0.00013056914167758842,2.2531671773579253e-08,0.7092185614471083,0.0007178221780375558,2.8972206517768493e-05,0.14193312160770624,1.36239877995596e-09,0.12052816279039497,0.02741902505695213
85,0.0004165218032410722,0.006911733157017779,7.261965997877205e-08,0.0005445012350903448,1.2457503736916836e-08,0.00020433725639882263,0.9777750900095181,6.045238578920909e-09,0.004172667066118333,0.009975058350213204
86,0.10114058020300236,2.1718104022233337e-06,0.005000538464877195,6.516214534757383e-05,7.229558884520392e-05,3.2837153902409603e-18,1.1729889888490173e-05,2.2973152309595692e-11,0.18845793836734367,0.70524958350732
87,1.8014417452959312e-06,0.00029725761956363785,7.952235072431377e-06,0.0206120219986214,1.01232930480364e-11,0.00461913881654275,0.9348368558214117,1.485204089941829e-10,0.007152453272791556,0.032472518635607385
88,0.47672806533290907,7.125740551093275e-05,7.98981201133949e-05,1.1630024379528866e-06,9.070324274423325e-05,2.5623204663635938e-17,0.0033014046615866604,7.544659162351685e-07,0.16332766778434818,0.3563990859844334
89,5.876064330699635e-07,0.000172740586138657,0.8944513785248565,1.0653370681259875e-05,2.4125991863269973e-06,1.9302646095437003e-09,0.011147282993694777,0.0025035217873790637,0.01886034172343073,0.07285107887793506
90,0.024369298220029072,1.3320036388477988e-07,1.458748754561779e-06,8.837036151535436e-05,1.8130477572049255e-09,2.2719639152835516e-08,0.005240740248720294,0.12353264817198512,0.06400999114943598,0.7827573353665088
91,0.06561698740878132,0.0032827719327048173,0.00021066991134322007,0.006164487619340407,0.00017553780296310028,3.0868957580159856e-19,2.8410993580372464e-05,2.457624580419327e-11,0.05068531685274468,0.8738358174539659
92,9.262047537213452e-10,0.0022897558832032333,0.8267398777050641,0.00015826395207734162,8.919992101454064e-07,1.9428618250538625e-05,0.015714795619077022,6.423636285260132e-05,0.00965287962922917,0.14535986930483122
93,0.13945462979254428,0.016638972587238048,0.01569388998976906,0.0002190046923058756,0.008699854462596723,7.678787593778135e-17,3.518612361480289e-05,7.727048074594976e-11,0.12640738157536457,0.6928510806992961
94,0.00048034805806945367,0.4846630974209584,0.09417966715725373,0.000108078666114648,0.05657974719976404,4.859126561854321e-10,0.092690278864523,8.510134989657268e-09,0.0024829221903608307,0.2688158514469081
95,0.036025669068476186,0.03024371956078269,0.01042620475720544,0.04335023331520902,0.005639589357465768,7.795760917391749e-12,0.0031843256018399295,7.951254008946719e-09,0.38590069260217025,0.4852295577778009
96,3.867799776323043e-08,0.05789663183075781,4.507057542744884e-13,0.00013585336641303654,1.0445163709747094e-06,0.020524147530584774,0.8870289561156623,5.830129744878149e-11,0.0021667281496794474,0.03224659975378183
97,0.0003314986320792344,4.474299946845742e-05,0.010616055618270661,0.00039068234362851876,5.233168818080328e-06,3.012302485241693e-19,4.443013135715575e-07,2.188402600052729e-13,0.08074382810360517,0.9078675148325974
98,0.49736094658155067,4.873007957612524e-07,5.793333168684898e-07,7.60340029714849e-05,1.935569044092605e-11,2.1111305784611705e-12,0.0014282272368991902,0.002705679738254816,0.3311326257206931,0.16729542006405138
99,0.3959392079230665,1.777708166104882e-07,1.3702333588071446e-06,4.278894945852515e-06,9.98555713241446e-08,5.365417916611672e-18,0.0012173546720553282,1.991179775125902e-05,0.30113467601475,0.3016829228376843
100,0.0005336373564633997,0.0002684616115877471,0.043971043841473184,1.8938703698299136e-05,0.00017463764456197712,1.026685433777443e-15,1.783542375799377e-05,4.183104795681418e-12,0.06829439315341586,0.8867210522608573
101,7.357392151098778e-05,0.0005338007299477312,0.00020285466253750314,5.904741307585361e-05,0.6975436116466072,4.745553130417172e-10,0.00018539858420670393,4.360646373791127e-08,0.006321907706045723,0.29507976125504937
102,0.0009040963934499337,0.0009246910304114285,0.000713620514545844,0.0002601814053551582,6.547418432108822e-08,1.7296904124332826e-16,2.1915109474208022e-05,6.828555269077422e-11,0.2066268084305143,0.790548621573779
103,0.3618326701193777,0.0020465016018948947,0.0021763741523268924,0.0003900721136712233,0.0002481753982184571,5.851110246578085e-19,0.00014393990956927585,4.891996252251442e-11,0.05414012638082669,0.5790221402751948
104,0.38279269975018343,0.0011530434111799853,5.3568451515092986e-05,0.00017040737967770193,6.862134423054149e-06,5.19927839530909e-18,0.005974617632729751,5.405792521573916e-06,0.17957422067419052,0.430269174773579
105,5.72248598781182e-08,1.3263686265755111e-05,0.9035915963505091,4.6392819717339524e-05,8.325615245616979e-10,3.257001217209606e-11,9.54886052479774e-05,2.256185967037166e-06,0.018664104220297368,0.07758684004200408
106,0.013140983353476472,0.010465178355242015,0.002149140373616912,0.001850431422806862,0.018725972439680154,7.431833980503959e-18,1.7734530680059836e-05,3.5517344922542393e-10,0.031156026563348826,0.9224945326059751
107,0.274844051439641,0.0001142952100239508,4.162061457719607e-05,0.00019815759408882275,8.435347948887999e-07,5.155212163577587e-14,0.006716526118759794,0.004073074606847041,0.4789787507839429,0.23503268009727288
108,1.2769620629894281e-06,1.1583501866956098e-08,8.650249700987645e-06,0.21272744150396344,6.967609162322068e-14,1.6557827709190638e-10,2.5516128796855657e-06,5.9585406228587904e-05,0.005674516637532626,0.7815259658784818
109,0.000592222289004023,2.249941033990531e-12,1.427309399184445e-09,1.4223320857827672e-06,7.112504032763158e-05,0.0054208358933452916,0.00019343221301456478,0.5926492230992295,0.0008384060509875771,0.40023333165244646
110,4.2524176058299456e-07,0.034189128274821526,0.7716056587494997,0.029976778212097686,1.3547741291166762e-09,6.824920269410634e-12,0.000583822929150952,1.4961003420412513e-09,0.08293576652303702,0.08070841721193309
111,2.1843395778036824e-07,3.825557837300437e-14,0.0012358391432063102,2.762369505672002e-10,7.068892565666319e-05,0.2997789775762225,0.002282828704951618,7.161852360345788e-06,0.0012406922714072392,0.6953835928159623
112,5.978137775582161e-07,0.1249178104048958,0.0006404652698994429,0.0020008726673782337,0.5481190718085754,9.318078712535866e-11,0.000786912818239992,4.516765144166921e-09,0.005041585719893985,0.31849267888739363
113,5.760611655924831e-06,3.7081248345664477e-09,4.1419709880559424e-08,9.740893319406361e-05,8.799172299368507e-06,6.940829885379395e-07,6.692918048663648e-05,0.004541554154656374,0.0010229816977260651,0.9942558270391584
114,0.012737039916460576,0.09778216125291049,0.002732316754697176,0.0012504675632318352,5.18758269633016e-05,4.27644613962372e-14,0.006052497117359182,0.0004096475839700836,0.13453273041514338,0.7444512635692213
115,0.004198401479317199,0.0025194584034229947,0.0004119736238244264,0.01224882647131868,5.3542541106837936e-05,1.4501714597196069e-11,0.00021781965483130142,1.4023404432278942e-06,0.21089431768121966,0.7694542577900139
116,1.2887631223191744e-06,9.657504172535233e-10,1.0903483953314343e-07,7.39208877078121e-05,3.300262466240199e-06,7.864911071818125e-07,5.035313098014586e-05,0.005324097389444012,0.0005578867596753789,0.993988256314907
117,6.9329588090643585e-09,0.010143738693973583,0.0011502554974449678,0.8421009081310907,6.4133573665799865e-09,3.3006107727933966e-06,0.04372188952463868,1.4346265447359e-11,0.0027982550709633206,0.10008163911045351
118,0.564104608033256,0.0010850101609811125,0.0001942581323155096,0.001229114590224376,0.0003544929394681601,5.935631729113788e-18,0.0019451975168942003,1.4035031868141545e-07,0.09716451150184881,0.33392266677469307
119,0.5725345433774548,2.1753409339987233e-05,2.8716781285144038e-06,3.405768798770287e-07,0.000288287693815748,4.4193403770858343e-16,0.005295110761380072,1.410654731362962e-06,0.0885184383181423,0.333337243530127
120,6.978986027956111e-07,0.10453695115700917,0.0034494976464589508,0.006887500181712274,0.556270929755208,4.254586428054225e-12,0.00015469470661032465,9.60456157275774e-10,0.006399889486988642,0.3222998382026991
121,0.00019624871322415288,3.7841948839453716e-05,0.016513951490841804,0.0009213347871033594,5.162586334693e-06,1.1701659027595823e-19,9.903758975796785e-08,5.979779390866119e-14,0.044001356632443055,0.9383240048035639
122,0.00039795884685250415,1.1466839261026255e-08,3.9898043232992285e-12,0.22108709121468723,3.5427578899304935e-14,4.49041819547156e-05,1.1011915726892187e-06,1.6651274445498619e-09,2.2805982834752703e-05,0.7784461254461063
123,0.25429913649545455,0.01131226706049774,0.015412014176134942,0.0010021420111966865,0.00216652714090324,1.0129244873008123e-17,0.00012338377518158303,4.471307807447376e-11,0.1379462417756881,0.57773828752023
124,2.5990973856054284e-05,6.934090232689578e-09,0.1800392733160706,5.136474720291618e-05,3.0896313081163456e-09,1.9536259483213005e-15,3.087965492363961e-05,5.233516639205745e-08,0.3136954151485397,0.506157013800517
125,8.73898545098631e-08,0.005451401691145584,7.00768355788558e-05,0.004212299978675966,2.5787812589272087e-14,0.0003931793336804221,0.000437105854912897,5.7548739936829077e-11,0.00019202159759858174,0.9892438272609787
126,0.5606328554420372,0.005973467298490405,0.00013420511058237055,0.00036726268691341946,2.2879859224262587e-05,1.9222734694088284e-17,0.004419924226017897,3.599973318648711e-05,0.13295080951997035,0.2954625961235775
127,0.0004006815457075352,0.0005964783564042411,0.00027377451831800924,0.6003175025882084,4.5916781294156344e-08,8.853046627578848e-14,0.0001596149681596109,8.822486326169773e-09,0.10233169268709434,0.2959202005967517
128,6.1025236443568886e-05,3.5979387256039155e-06,0.004843704793558939,4.8250496672135915e-05,4.405616594757902e-06,4.625756261024276e-18,3.7417910777289853e-07,4.141741088069085e-12,0.22684280299070472,0.7681958387440507
129,1.4286355640205841e-05,3.0057434289437825e-07,1.2876421795880633e-08,0.5411494745580538,3.454872930101482e-14,2.8620001478449946e-08,7.430066067548376e-07,4.072737061872671e-09,0.0004327566208241672,0.45840239331533733
130,0.07624974402674464,0.0004991059616884847,0.010674933001157719,0.00030114939656877506,0.0011258403082019097,2.504733793509988e-15,0.00043834719212455716,3.359838173566852e-11,0.08075710597314896,0.8299537741067641
131,5.023108837218668e-07,1.9504783943798197e-09,1.8479820907884192e-09,0.00039255416461791797,5.495442931471551e-07,1.203347549762234e-05,1.2174028193870679e-05,0.0005168709504668578,0.0002300780650344345,0.998835233662552
132,1.0450615134347034e-08,0.017009572761353293,0.8977231220638582,0.0044376162712105515,8.609421665147453e-09,1.7549829713203044e-10,0.0014941478541708002,2.35322734409975e-10,0.016445991358635875,0.06288953021991363
133,0.20943366072255973,2.059672470465548e-08,2.7446299211517153e-05,0.003331305329732297,8.663688330493636e-08,2.4159054326721116e-16,0.003978978913373651,0.08909888873657427,0.40885601742354,0.2852735953414002
134,5.553366214338913e-07,4.6571718527404213e-05,9.157352313291153e-07,0.008077902554828504,0.0008119772659314494,5.389967191692925e-10,0.007218260315481805,3.064522143584042e-10,0.025985133176716427,0.9578586830512127
135,1.2143238433255772e-06,1.1093232286602995e-09,3.824592571469434e-09,0.00024023699623738215,1.7644178546538965e-06,4.985284361636048e-06,2.6677283915694715e-05,0.0017111636830395946,0.0003081802646491282,0.9977057728121828
136,8.547685959642499e-09,1.5326601622197244e-08,0.7255638956534775,0.0002461719314506162,3.2165436133464315e-07,2.601266566929974e-09,0.00414494374721419,5.826150224427526e-05,0.03258476307781296,0.23740161595788506
137,3.239659824571684e-06,5.2045423492904244e-09,2.751895955839033e-08,0.00013066095579735654,7.097681599678773e-06,1.202397005924856e-06,5.6601287335946996e-05,0.002207054215194128,0.0008552858571330976,0.9967388252226075
138,2.992673689600722e-08,6.714573193487683e-10,0.789274364664042,3.3055030906856306e-05,9.387273599442294e-10,8.11143434188104e-12,2.3995004062117582e-05,2.713257067005511e-08,0.05614152853654196,0.15452699808684334
139,0.0012193810914419942,0.1552448895279116,0.03480364125615183,0.006972579992924949,0.1228357050366351,3.998563103088679e-10,0.007288383734113319,1.4040723286797225e-07,0.5713860780927404,0.10024920046099152
140,4.615397545694003e-07,1.315246801039384e-07,6.500148138079112e-08,0.00016750317612002728,2.9942284678764897e-07,1.7175174881211133e-05,1.1780253618143799e-05,2.2366454283925712e-05,0.00150672312391307,0.9982734943284207
141,8.579457457878219e-08,0.0023363678468238916,1.5645458426906733e-05,0.001377828580284852,1.3368137869267648e-14,0.0010837110765549848,0.0006676793410072703,6.714655601065376e-11,0.00018594410270859576,0.994332737732459
142,7.84671512208187e-08,5.354945168613205e-05,1.7125590368874586e-08,0.00019876209287763555,5.948713245973159e-10,0.0009104688382149307,3.4140694686257005e-06,4.664304632124744e-08,0.000832968653030501,0.998000694064063
143,0.024338886558875842,0.011913065137704341,0.00030618847802792566,0.008850401790465298,8.166689537141276e-06,1.5693964816830042e-18,9.68148425996187e-05,7.717302363019579e-11,0.11741152566204745,0.8370749507635693
144,0.573103182480635,0.0017436969423309336,0.00046942199337318897,9.79401223831926e-06,0.00019103571369866293,1.4332413200451943e-18,0.00036258751628894176,4.152851456362385e-11,0.014393563908970092,0.4097267173909364
145,5.869376937038869e-06,0.5251984897759262,0.004034769507366757,0.00816787246154832,0.045086705721095,4.796205912881483e-09,0.38085819900245654,1.2229881803655382e-09,0.02118239537987243,0.015465692755603624
146,0.3587769088389998,7.470491882609802e-05,0.00012928708734205257,2.696667779441348e-06,0.002360869375323541,1.2841634920558378e-16,0.00043173420243024116,1.1706662029432548e-07,0.060594012429731614,0.5776296694129468
147,1.795639795796686e-05,0.10744363284224161,8.558411407205204e-05,0.0008017129176506649,0.00347273850560854,1.8542938021208304e-12,0.003598732383470651,1.957151346333287e-09,0.002356118999321197,0.8822235218806717
148,7.91799724421571e-05,9.56544537527884e-06,0.0015153091117669935,8.118636026511343e-05,3.541566720435353e-06,1.8091252480290398e-17,1.565099492321956e-06,1.5567315161110732e-11,0.1609509161092136,0.8373587363191568
149,1.6318924966376604e-07,2.3658091837931363e-05,1.4610833167461923e-08,0.00014909290362772595,2.549521445104775e-09,0.000551940632490762,4.082007836991854e-06,2.1575058349993717e-07,0.0010188635736961252,0.9982519666903227
150,0.31358997023713275,1.2468874765376377e-07,5.643374007121182e-05,3.16326253859836e-06,9.787902137278556e-06,7.039953957957487e-17,0.0007719362921404701,1.04377233257903e-05,0.44102479355932955,0.24453335259457668
151,0.3387137154171665,0.00011641893824376978,0.0009931981350270876,5.257335420051593e-07,8.212278941449399e-05,9.83590236449704e-18,0.00011443145364231523,6.793301605786791e-09,0.1473322600088762,0.512647320730786
152,0.3786630737588318,3.5495498884815897e-06,0.006385725512952711,5.303079604752513e-07,1.1693589915140926e-05,9.362710698259582e-18,0.0002061381995236407,1.4252699010889696e-08,0.327646214667447,0.28708306016078167
153,6.377885741005747e-09,0.3592860425051014,0.5982299381132187,0.012017267183690714,1.3241825700293243e-08,2.7856592130593747e-10,0.02598812354477642,6.593517998610129e-16,0.0005525309637391802,0.003926077791195582
154,1.0043466519003288e-07,2.9890981079347204e-08,0.6352904932660579,0.00019482397170564547,6.113212619191966e-12,6.832499805671693e-10,0.0023849384856411055,0.018724696237264995,0.14612031352924848,0.1972846034950724
155,0.0017984378927586285,0.00010311893611886845,0.00020731689453937403,0.014050830791301362,3.47362133925455e-06,5.6751390169540216e-18,0.00028791900624316964,5.922962865770019e-10,0.47075719497297347,0.5127917072924296
156,0.0007584575747168737,3.6762182487716692e-06,4.987725925589814e-08,0.026666044512148854,0.00017837553037944158,5.900675373526018e-06,0.1671148499412858,6.5414583129744855e-06,0.07811134933830562,0.7271547548739687
157,1.1220428991591371e-07,3.772636499689698e-13,0.0036661066886247494,5.94908315840741e-10,0.00018910289797038156,0.12493875953597952,0.012949985664513683,6.436043423063196e-07,0.0012286460429931593,0.8570266427660007
158,7.735103506538624e-07,8.170600929694698e-07,0.3777328603838601,5.410293858316722e-08,1.4217639214000058e-08,0.00023217065039645004,0.03605935166380415,6.483336679843074e-11,2.171246232295035e-06,0.5859717870998523
159,0.011996858419865824,1.4117832630453394e-10,0.002580927185841983,0.00011224545135217855,2.2538574299916598e-11,8.326251188407714e-14,0.001575427302195423,0.244383331464726,0.28464876680464957,0.454702443207569
160,1.699347181131886e-09,1.7905794329555819e-09,0.8981456718242665,8.270644237544178e-06,1.738442451153377e-12,3.982566715625963e-09,0.000735707107024053,0.00045348971080260596,0.014282458250856996,0.0863743949885806
161,0.4921892274078841,1.865279299772133e-05,3.089384161749303e-05,4.36705201964219e-05,1.0443183727948858e-07,5.001632430159992e-12,0.0035998615242081398,0.0877685241078259,0.28884059199453566,0.12750847337389568
162,0.004326704140054775,0.013280325888135774,0.0058350276331832025,0.0001743887066316049,0.7367943696223754,5.2910625350801236e-09,0.015356310260757424,1.0083813017597074e-07,0.08196806436339896,0.14226470325627003
163,0.3396219721290989,0.06757131876110327,0.0028642235082033366,0.000308847395536281,0.0025405004019181795,2.5572144109418628e-17,0.00018117313814201348,2.6800760200050358e-08,0.11115007908770126,0.47576185877753663
164,5.738009780654842e-06,6.601676246035142e-08,6.706308019873556e-15,0.00019304544326395137,4.2632563527062014e-12,0.520613027229625,4.9558794443671915e-05,9.864212979343513e-12,6.070886381799492e-06,0.47913249360560833
165,1.0488914859602261e-07,3.356333552379052e-08,1.5601074142247483e-08,0.0002235416218225512,1.3771081668305317e-07,2.501562545837555e-05,6.412223070569348e-06,2.7434216331717736e-05,0.00017605319401889076,0.999541251354923
166,2.429061953871089e-06,7.073391180650314e-11,7.982277410290525e-12,0.00010732628655165784,0.00010509854338744724,0.16315748515112907,0.00013356418818488282,6.843719655457457e-05,3.025420908068479e-07,0.8364253569514315
167,0.0009228446476844867,1.1486724171269946e-07,1.4042031053963925e-05,1.21910612882781e-07,0.5377207643650401,3.761216615895885e-06,7.92544702081488e-05,1.5849782822234542e-08,7.464995874153531e-05,0.46118443068301834
168,0.00013866368028250635,0.0003915186033767751,0.016180065607198937,0.00026496633792990405,0.0003654111066200438,2.8395993542719756e-16,1.5014180257369124e-05,1.5942893661405316e-12,0.05689060546615362,0.9257537550165863
169,0.07595603148557041,0.0005928544881255009,0.0002582934339903528,0.005724631082109514,3.353845254391794e-05,8.951138338030503e-20,6.7303839334103096e-06,3.0432869636958886e-12,0.03534376136268127,0.8820841593080023
170,0.000599983243075095,0.00012428501127969787,0.015581740575571656,0.0003661773153211442,7.810678700421854e-06,7.328140408892636e-19,1.298574905453111e-06,3.906816896097743e-13,0.07834342544054078,0.904975279160215
171,1.2739888511106459e-05,0.001330478369137672,0.7041338863923883,3.670216081789339e-05,6.504696638595238e-08,1.495622483275427e-10,0.0015020168333000955,1.6504729253439543e-06,0.02123796821390125,0.27174449247248994
172,0.00014969961217065178,1.1493377143470028e-07,0.007260234583655989,2.139293586642886e-05,7.722252521257022e-07,9.575968734606287e-19,4.670213994065525e-07,2.0881336700793185e-11,0.37777956564983545,0.6147877530171671
173,0.04403481676668001,7.66513093136273e-05,7.110291604350007e-05,0.1149843667428258,1.1159251941897017e-10,2.0681979357170484e-18,0.0017876520880337288,3.920676746677049e-05,0.398044960188977,0.44096124310906704
174,0.006220398139434408,0.32848702875486696,0.075663883993581,0.011147619014840335,0.03850793655385981,8.147701119359908e-13,0.0034433107988941884,5.28765467077639e-09,0.3091076996870092,0.22742211776904464
175,8.816389718434204e-07,3.450538873454372e-07,2.837861821267198e-10,3.0035413962103487e-05,9.693920247419262e-05,0.431595595645655,0.5443308697449367,9.670545499997742e-08,0.0008071028444992353,0.023138133466372408
176,0.48855201891058947,0.006027374981447144,0.0008072096482685022,0.00017016276816023796,5.5033886364229084e-05,2.7878939689324323e-13,0.0034529910645730638,2.7948938164569774e-05,0.23801055400137766,0.2628967058007763
177,5.110968741852421e-08,0.021065453387468625,0.11219963528293522,0.14771681927979274,2.303981977515439e-07,2.2841086105706613e-09,0.015992864463167646,9.005753857541594e-09,0.014172610270005572,0.6888523245188827
178,1.3349678040041207e-08,3.3221235858741827e-06,3.0124684257898412e-09,0.00037047873169825227,6.719780953514883e-10,0.0007429307187648736,7.558979628427993e-07,1.3589229310889687e-07,2.001651074483228e-05,0.9988623430908257
179,0.019990766582828876,0.0011926201845039613,0.00012184168360096029,0.0008437157743486211,0.0012480516668995347,1.8187336658246267e-15,7.251291210895869e-05,1.3962712283195028e-09,0.020967865267182202,0.9555626245322538
180,1.1717448333490248e-06,1.0173120998787603e-09,1.8539382280257702e-09,0.00033405773323635116,1.1743440809618448e-06,5.819933763110916e-06,2.1412263217629737e-05,0.0015587820388590454,0.0003224794072128358,0.9977550996635464
181,0.00466033251751773,4.1109447486881956e-05,0.0019440273709487625,0.00035050295667333505,1.4296593005136003e-05,9.46423525868469e-19,3.454606320525319e-05,1.9608767045347595e-11,0.32700059333048787,0.6659545917010663
182,2.1539264889812286e-06,3.6799829780669385e-05,1.3900570202919026e-06,0.6855769794151871,2.7087786816895657e-12,8.883281361943498e-12,3.819545484285148e-05,4.598171751430148e-09,0.0038127219601573345,0.31053175474675887
