,proba_0,proba_1,proba_2,proba_3,proba_4,proba_5,proba_6,proba_7,proba_8,proba_9
0,0.27391633433340995,0.010832858261168633,0.011379568958257874,1.2775834442032177e-06,8.183944727906176e-05,1.7510142520488188e-06,0.0003168591913340732,2.2968260071493923e-08,0.10375306460635819,0.5997164236362359
1,0.13023809706655787,0.007934747108779226,0.006494906580207602,2.7325215669648444e-06,0.001759664505748436,5.958876912085744e-07,4.9583770878062226e-05,4.332260431128726e-09,0.13235162079846602,0.7211680474278442
2,0.027736095288342002,0.0005924034338546325,0.00029375569952199164,0.0038691079656092147,1.3874756927439369e-11,1.3173900785733486e-06,1.9388390225177395e-05,1.3255343229409728e-06,0.686443573197752,0.28104303308641876
3,0.5470761494538476,0.006459709648091055,4.6721768781846663e-05,1.1183115170689222e-05,5.506595340183379e-08,8.379020362058284e-08,0.0037099642314404346,4.2388704945112395e-06,0.19200766071246997,0.25068423334354684
4,0.23020201006846958,0.0003491220205740179,0.00017194157376832796,0.007627054858012704,5.066212173074926e-11,2.9851241926477533e-07,3.864530652449984e-05,3.0488579868535493e-05,0.24786815972926282,0.5137122793004383
5,7.786845739169974e-05,0.1513682084273936,0.03348860954660037,0.0018360928117824662,0.5334730172604383,0.0003304306141441626,0.00014847328704292693,1.722086291604095e-07,0.000378065996819564,0.27889906138975784
6,0.46574712841883686,0.0048842542597776085,0.0018066862896172237,4.825162317316405e-07,4.237383797294668e-06,5.733831362244564e-07,0.0015352616971044937,4.64415931922094e-08,0.08311614526007739,0.4429051843498279
7,0.03609251513969334,0.0010984453104589966,9.867826810212552e-05,4.720615301781191e-05,6.96591664620176e-07,1.7836748948966032e-07,0.0002774407236336573,1.7080410226027641e-09,0.0005995428194659517,0.961785294918433
8,1.647060301736933e-08,0.03980779171535472,1.669173157443742e-08,4.237042705122681e-05,4.3474847008636615e-14,0.004563172623908536,1.8715480620553058e-07,4.4411971972900256e-05,9.767150394482517e-09,0.9555420231773779
9,0.00012186811250487093,0.03752104584277059,1.909052260319457e-05,0.26098059499164705,2.1778288161581293e-06,1.798875099067344e-06,0.0005025640671770306,2.5699738670751925e-06,0.008413114357732503,0.6924351754277824
10,0.01960072711423245,0.0031220643875951746,0.062184236393464626,7.082661397451619e-08,1.871639460900307e-08,0.0006909754663671324,2.64484967121325e-05,1.6635123673944593e-08,0.11090542475244075,0.8034700172110556
11,0.24380163481650072,0.00806456300262095,0.0047831982985755556,1.9372342332986687e-06,0.00011321656017694039,1.6483938522937708e-06,0.0007534076706416008,6.870942559275333e-08,0.09713271936254188,0.6453476059514311
12,0.486232262003685,0.0026108815895403543,5.7506108815567886e-05,4.5355609028463435e-06,1.1694878909154822e-07,1.1552097842374514e-07,0.0007203543484322842,3.908640492285755e-08,0.1219487298973591,0.38842545893509245
13,0.002659584459041439,0.007052129388752171,2.397596279257018e-05,2.351705294509004e-06,0.012807462253521884,1.2840833717662214e-06,4.227035051743927e-05,5.113656536748359e-08,0.12462571668781977,0.8527851739723231
14,0.11508078853324209,0.001515891417102878,2.5104803184783706e-05,2.507176186158047e-07,8.212339461886856e-10,5.004904888946312e-07,0.00020259384961244316,1.0238192344421188e-10,0.41474427683161824,0.4684305924335161
15,0.04474622575081809,0.004676985898004362,0.0020873049588926947,0.0015046947162250608,3.1452062426111964e-07,0.036893737839041346,0.2644476854661521,0.09440845697874153,0.00017782568953030186,0.5510567681819702
16,0.07674462185040164,0.0003301868094553299,0.012865703511129905,0.00013663530088017605,7.009948866363057e-10,9.843127709993816e-07,0.0011207512711054865,0.6793775782881738,0.19439275945264825,0.03503077850243964
17,2.6275151376351695e-05,0.012761227426918688,1.3142286117179723e-05,0.00014757702000593956,0.5222922516304422,1.9095969547168199e-07,2.9834200791744433e-05,5.824046824993448e-10,0.0066186544362781515,0.4581108463059695
18,0.4192590950404445,0.01759640186822151,0.0033989382046644197,3.1064901590743496e-05,0.00021073840517752041,2.2474840091053664e-07,0.0008686455610952486,9.724406105322243e-06,0.1034298218881712,0.4551953449761286
19,0.0015876679323272398,0.024801698740417585,1.233999191699289e-05,1.9573174947472196e-05,0.8367672631591139,1.9292119584231234e-05,0.00456032883649803,1.670857172203425e-07,0.00406467833915863,0.12816699062031864
20,0.0015726198769814583,0.0007160165260266518,0.03136957171708421,0.1353648321582143,1.825590290775277e-09,7.411292050566858e-06,6.063483382481466e-06,0.36277611794685116,0.009108548291668418,0.4590788168821505
21,0.06649823427024477,0.004176155257422374,0.0014825737235719368,5.147735747830141e-06,2.5799707269192148e-05,1.1767780669160034e-06,0.00036215983094534213,2.4391459430967242e-09,0.04599586671292126,0.8814528835446646
22,0.00010929308776803232,0.05320140548686527,0.007074278480893762,0.014342522765341656,5.868860029173696e-08,0.0006980176271252708,0.00040237657558007945,0.00038321854374843745,0.013637449680036808,0.9101513790640403
23,1.1919842028865098e-05,0.021114435576379004,0.001225917583797523,0.0034922983939727256,0.7054609159083658,2.4865355248813954e-05,2.8029247005532404e-05,1.3917637015151897e-08,0.0011712306277812815,0.26747037354778347
24,1.718045476634241e-05,0.06607523717572066,0.7271465402444293,0.000589971888099084,0.0007105306828279177,0.0025364070777259477,0.0037201351158112944,6.550985161834725e-07,0.002195297785810181,0.19700804447629297
25,0.11644631956855545,0.011269233970536455,0.0001856890609642389,4.85414801898071e-05,3.6381357496542795e-10,6.284343273934331e-07,0.00015328901888202496,4.6563238359224563e-07,0.19123044909236386,0.6806653833779837
26,0.10414754843420851,5.803853041541588e-05,0.00022764899249046836,0.004802348553830168,4.1145766166936906e-11,3.865537861626488e-08,2.604562828709633e-05,0.40252515335019007,0.35859441370770057,0.12961876410635337
27,0.20295020105742193,1.4363051598504247e-05,0.005238689625531776,7.988179675420646e-05,5.991448724658565e-13,8.231907125856923e-08,2.5391232560550137e-05,0.002142509239330211,0.7253841112894885,0.06416477038764397
28,1.0023886327691864e-06,0.021760843746618005,3.9456273157136165e-09,0.001261667343897825,7.975896372083908e-13,0.00046689597646479026,0.0015808839766468493,0.0032721354588086606,3.7745952498358547e-07,0.9716561897029812
29,2.8759212183233544e-06,0.010012191643930603,4.2647515633884e-05,0.597187695445808,5.704295062811951e-11,0.0003986254839903853,5.576964928104399e-05,0.001057657877676494,0.001312265443330972,0.38993027096208727
30,0.0008723570510402759,0.05740683364189158,5.857792724373778e-05,0.2106949642211605,0.5956691789195229,9.997506133276605e-05,0.1309876166846654,4.770426118815351e-05,0.0007035256414178661,0.0034592665905369075
31,5.804561218801112e-05,0.15593635638107212,0.010603623196866094,0.3531671857583596,0.004578869737109592,0.0008539338506447621,3.2430472376771846e-05,2.014023650760267e-08,0.005098374239429078,0.46967116061171754
32,0.00033744786857812695,0.0029546468958875885,2.4633529392441084e-08,0.009620983315554974,3.8761241971272796e-11,0.0003331331044695393,0.5974530275039084,0.01289526537233888,0.002453290183868561,0.37395218108310335
33,0.0033617218754463307,0.003249551779882199,5.689794190254055e-06,1.1104286467225804e-05,1.7122711603300427e-09,6.645066424472478e-08,1.2148054159810696e-06,2.156992779216548e-10,0.1430144201982302,0.850356228881733
34,0.006385686416267798,0.0002967396437009089,5.0868259493895954e-08,0.002956947027002302,2.126609315518221e-15,8.86170556296984e-05,4.152075761529484e-06,6.757592589169331e-05,0.002468112908329807,0.9877321180791546
35,0.03698287780292868,0.002704946943150632,0.0006120977706272111,0.00027673152260202926,0.0001853028188451264,4.0322336466456745e-07,0.0008560003242366305,7.95200288281704e-09,0.17676567276303828,0.7816159588792039
36,0.13912874021868693,0.003023427364965444,0.0006369747774078192,0.0007334777980365368,2.2538049722894824e-07,1.7985776629552375e-07,0.0009491095671682258,9.561126531448678e-06,0.521118804772176,0.33439949913676403
37,0.0007645803329872739,0.0006824381244519686,0.0007866171780531885,0.00022548251204355246,7.39594164493879e-11,3.39952385092905e-07,4.144511785153571e-06,2.8039602881227007e-07,0.38769851908776953,0.6098375978305359
38,0.00019315435380349284,0.001218416721762167,0.00019169900977823994,6.223896546313336e-05,4.622016658842283e-11,1.6431049775018441e-07,6.483034434624615e-06,6.125495875564665e-07,0.3268780689123398,0.671449162096113
39,0.021578983949021822,0.0005873204049260098,0.0005457778280839561,1.3848137436866205e-07,5.6098997325647784e-06,9.160587710175156e-08,9.606467057590033e-06,2.757246944437593e-10,0.08630086622437286,0.890971604863829
40,0.0011509835839685345,0.39359344925252665,0.006123927776850787,0.14317886940981364,0.04607574696381808,0.00012360112427549217,0.24104830155691132,0.00012294950377625817,0.005773805325670717,0.16280836550238864
41,0.00019767531949059912,0.0003402546564132665,0.03525101746712165,4.863721229733604e-06,4.4035330454202577e-11,4.0479791288577796e-05,9.000289925623405e-05,0.5641187945752385,0.28971758873144837,0.11023932279447778
42,0.021895561281807283,0.04032248282149291,0.002801750912586086,0.06731192874790888,0.14117305611871164,4.06614070537722e-06,7.22967319255366e-05,4.2932060278417375e-09,0.00014070094820000197,0.7262781520034562
43,7.670114437518958e-06,0.022951063930149777,2.3945710705585222e-05,0.17520584846840614,6.666630104509072e-08,0.0003593869821560031,0.00033654412925924245,0.0001400155915233372,2.9621139306197484e-05,0.8009458372677553
44,0.021586552797864755,0.000864211198463874,7.385153009465649e-05,9.128072918264034e-07,4.077342782827584e-08,6.268376653486167e-08,1.0566452900773717e-05,1.0202351214356825e-09,0.06241073017015591,0.9150530705657987
45,0.027412672306729325,0.0011399269619516345,5.43435577825354e-05,0.20900441838449907,3.5495412220239163e-09,1.345764977071298e-06,0.0001713030658003616,0.004843933003428172,0.3601191159082146,0.39725293749707596
46,2.3540855894033136e-05,0.001332367359529572,1.4761089643433184e-06,0.0023087774770912373,4.06683968970059e-14,0.00016597605458633344,1.2876545481989484e-07,1.856758825972166e-07,0.02411058160891808,0.9720569660936383
47,0.3777263422297148,0.0031635179467139093,0.0029311682658107667,1.5839193975032497e-07,2.2957906825470764e-05,6.857201126789967e-07,0.000875759000165112,5.643330954883466e-09,0.12382919022310658,0.49145021467228006
48,0.0018084771726089425,0.0028003261682097193,0.00034542610501061877,2.728019148496664e-05,1.1765596789700493e-10,5.033589885004503e-07,4.471334461271589e-05,3.4144170107816155e-07,0.2614920514017048,0.7334808806980228
49,0.004813505641606116,0.0008959247799724851,4.4656731454362514e-05,0.08289305302457943,1.772111917067046e-06,0.003216333967150512,0.8436705764558389,0.004067084396555147,3.3650187646645236e-05,0.06036344270327934
50,0.006624398489133226,0.14976872935880992,0.0003495729300793761,0.09277591158734558,0.4556310042227862,3.7443663690044554e-06,8.702111642611294e-05,5.835545430892289e-09,7.66512818655006e-05,0.2946829608116396
51,0.4518995575346356,0.0013080756710505451,0.0004691956609424173,4.661652295423531e-07,1.6341597309323722e-07,2.0976168593614591e-07,0.0002477208794741967,3.77315339160282e-09,0.16976542307217815,0.37630918406567704
52,0.14246573796586096,0.0016498437246518299,0.001723428977722437,0.0056269394675691345,4.273468136848645e-06,1.3557483179407923e-06,4.86738867491124e-05,6.55020392541687e-05,0.32821909915968317,0.5201951455620544
53,0.04336747235719147,0.005280693070467386,3.417764336246827e-05,2.4044579808095384e-05,1.7545939501111468e-06,2.9592078225576234e-07,0.00010754470739417752,7.986128480752322e-09,0.046274128855450986,0.9049098802854646
54,0.5275205197646692,0.0027453882174221624,0.0010732523999258435,6.557237543352969e-07,1.115564333043462e-06,4.7243434905302305e-07,0.000860119872180954,3.115960744171694e-07,0.10828617892527254,0.3595119855020185
55,0.6222589724362791,0.002282414172606759,0.0003372202832560704,2.528078314563501e-05,1.0231559961726262e-07,1.602680797219781e-07,0.0002616118726024794,2.331947127448716e-07,0.07287139261797136,0.3019626120557464
56,0.10563153000274392,0.0015447534730158349,0.00022193601722824948,1.1444745383960777e-05,7.797989725627926e-09,5.321092864462544e-08,1.2942220155741235e-05,5.534568935942607e-09,0.19955194626559458,0.6930253807323904
57,0.00011994163672541645,0.00016156867930825595,0.00020996228126526697,3.681163179958005e-05,9.339449599958078e-12,5.273864290064212e-08,1.8716587179489908e-06,8.208520836171667e-07,0.4661671880845104,0.5333017824276072
58,0.476913089204689,0.001058003984548143,6.814363894221544e-05,8.03880270484683e-06,3.756901625164885e-08,1.314917586900676e-07,0.0004493142942359753,1.9794034328978282e-08,0.16571037764989405,0.3557928435701765
59,0.005510792854351668,0.30098345684398714,0.0007063102315684376,0.0002441054984242628,0.35399559920223844,6.245122543149524e-06,0.0005833427121480853,8.579728268466076e-09,0.0007286855228703459,0.3372414534321402
60,1.399640010383162e-05,0.0001172997375191037,2.377207432133776e-08,0.002160937133353565,2.4329513928632072e-08,0.007423282961638181,0.0014499708181736732,0.0062299180629910265,8.39633267147013e-12,0.9826045467762361
61,6.187606183190678e-05,0.0425785636969184,0.0011527575215231254,0.40833086589298706,0.11932487259224339,1.1001831125221714e-05,6.355203988425519e-05,2.95244737961564e-08,8.223396016780633e-05,0.4283942468788451
62,0.01869730921984872,0.0013401809916396476,0.0006260189389748637,8.177273349042303e-07,2.6836716619510527e-05,9.04004734014908e-08,1.262104893948874e-05,2.4209039986980116e-10,0.0692647857262303,0.9100313389878487
63,0.00020435984657311292,0.00336778602466935,1.0242160139032653e-08,0.01416441820054243,2.387957001195344e-11,8.292290220635828e-05,0.28828500686741415,0.0044824484797852775,0.010098999246024214,0.6793140481667455
64,2.9372546364495964e-08,0.022377945523325324,0.8525996801217633,0.00022694147888441474,0.0015146779173337349,0.0018232222196123925,0.0030316310125323804,2.7167774650509475e-05,0.0016351407738125518,0.11676356380553907
65,0.001565083749131609,0.00014272060201663022,0.00019910450010643532,0.0003168866888069977,2.034550683748646e-12,1.2618315702184064e-07,1.8531327333469766e-06,1.1667513541041915e-06,0.6769084367535981,0.3208646216370612
66,3.6122309545423586e-05,0.43249803318287094,0.04316338298230017,0.21060396216980434,0.10216522122943124,0.0011964245835345635,0.18534832917501523,0.0003472863511201747,0.002233165007971195,0.022408073008406797
67,0.007572718489190776,0.002338313883520105,2.3224678584290596e-05,0.0009557428975194175,1.4099703416399683e-06,4.0936064256659194e-07,7.449058261902876e-05,1.9015947717611504e-08,0.001325923767540964,0.9877077473540935
68,0.007515682095364548,0.19551571877749863,6.730172088559479e-05,0.010832667420691435,8.583777846677775e-07,0.0003572524428211667,0.1717819874614062,0.0001248100058346648,0.008151730360089282,0.6056519913376239
69,0.4132346116802521,0.00019394024286163283,8.023026809438172e-05,0.009283659895582984,7.501726400086654e-13,1.2521374676039798e-05,1.4481857688846953e-07,0.0016384315378836951,0.03619922909753862,0.5393572310837835
70,0.04203222618971909,0.005890073400608144,0.0002401176543870657,0.0021755628594698558,0.00273623491031489,2.797654391483281e-07,0.0002535944908314601,5.450026712803406e-05,0.5631162910233936,0.3835011194387088
71,0.3931428836778358,0.0014644213338827175,5.0752567902324706e-05,0.0027341010938392663,1.2547679374284112e-10,1.4628837347646717e-07,0.000386953819013503,0.0114707106883352,0.42687169359425786,0.16387833681108327
72,0.0009870693304500462,0.20502419252705345,0.0007829509345045494,0.0024974605564306103,0.3747210260536281,5.2771856656761004e-05,0.38618856140752433,4.65724225021811e-05,0.0006883776419811029,0.029011017269268826
73,0.0001563089110166472,0.0763442341314188,0.1480112040233788,0.5725443161164911,0.00019450624497669908,1.5880744177228795e-05,0.00019955372005999215,9.633200472378558e-05,0.023816664432426953,0.1786209996713299
74,0.0025121996856136697,0.01066338647627574,0.00011017702933814975,4.8185229195224696e-05,1.8124368898331203e-10,1.2124774659146807e-06,0.00018792293245927742,7.197479586312393e-07,0.3434801476572038,0.6429960485832459
75,2.554381622621817e-05,0.04022404164595567,2.7250489732838983e-05,0.0007651756410064445,2.170949265667655e-05,0.01234467651822328,0.09740804204662658,7.656585618491743e-05,0.13247549624147273,0.7166314982519145
76,0.07203163505029268,0.0019040882885276494,0.008430198616353978,4.63517582555022e-08,0.00011501687470877072,3.478003565815531e-07,8.807183893390668e-05,1.4713949249769507e-10,0.0990167427912803,0.8184138522406484
77,5.3427986861384044e-11,0.0001368472883615531,4.0180533449952864e-09,7.961609921538157e-07,1.3770441990345053e-14,0.008360518486100529,3.592944347310736e-08,3.2589158561985002e-06,9.734442678196203e-08,0.9914984418033242
78,0.20637244974068464,0.0005639879844463445,0.0002477054012550657,0.005629653041305688,3.050972197030596e-10,1.5117424999873506e-08,6.831693503704168e-06,0.04685558690026883,0.3638777745316669,0.3764459952843467
79,1.406643876242608e-06,0.020825344864507246,0.9480334309641988,0.00038759009402758075,3.4531531194118536e-05,0.00025601973565419686,0.0014617678812274173,0.0035298714856647024,0.005855130927110038,0.019614905872539726
80,0.02446885865650052,0.0006955140199079139,0.0003022866482772523,3.645396439066845e-07,1.2798365794633794e-06,7.422616829056545e-08,1.557839284306019e-05,1.9396208932575606e-10,0.12448400506045608,0.8500320384256614
81,0.23594120141500405,0.0015667367483986443,3.527996147420059e-05,1.9664785769691454e-05,1.7248320842250184e-09,2.3649931008285977e-07,0.000243962820378188,5.568219967718091e-08,0.33822184803656924,0.4239710123260642
82,0.1792125549358916,0.0010922719259965437,4.367596410030893e-06,1.3516321398810717e-07,1.1874894493115028e-10,4.852331134678248e-07,0.0005028210450576486,3.1782174602117304e-10,0.4384768918255779,0.380710471838168
83,0.5191464538704416,0.010112037688487964,0.0002985974803238534,2.405358642513942e-05,1.6380433053602394e-06,2.029654287447498e-07,0.00144211545260287,4.1174367254806455e-07,0.14704133091095922,0.3219331582583526
84,9.13621717643532e-05,0.3130146677291785,3.766794860832117e-05,0.5713289764822467,0.06723938411736614,0.00010988386627681485,0.03965825704670213,0.00037270322851897756,1.5985057443149924e-05,0.008131112351894893
85,0.0010596077646920924,0.36421269016331237,0.02090618261829397,0.00025634506198100003,4.7946664561955614e-05,0.005895468158496031,0.5994080961926973,0.0032410151759205198,2.2308638716699193e-07,0.004972425113657586
86,0.0013734976201403538,0.004054660030228181,4.505429179339978e-05,3.7384088654143576e-05,1.8636046530254514e-08,4.500714298795084e-07,4.8102898818662755e-05,4.039661622831659e-10,0.020543717017881127,0.9738971149410416
87,6.697374807199206e-06,0.07096847486884449,0.0006619617140457567,0.0009235291467228542,6.974814161080835e-10,0.1001917056673097,0.017014559111655798,0.00036819381063374216,1.8855671421078482e-07,0.8098646890517848
88,0.4487095438241007,0.000990530829539711,1.3970952466278084e-06,1.5409276509400125e-05,1.03649652299539e-10,6.757256415127585e-07,0.0003021924024847163,8.933487521389427e-07,0.13512495125678428,0.4148544061372912
89,9.519200630513001e-05,0.026198533979319802,0.9133661809498999,0.0001690997982245202,0.0044810500610182715,0.0001118816632799859,0.0006611729296072,0.005949042009737522,0.013712755236254823,0.03525509136635273
90,0.5042322551828435,0.00013947407933097747,0.0008696145350106054,0.009062848876514524,6.190750678536037e-12,7.171937859945703e-06,1.2606301638346723e-06,0.04080054852271637,0.09745613021280425,0.3474306960165652
91,0.0269131874990213,0.0027030180044337925,0.00032678187632880016,4.709305222970107e-05,1.362610104380021e-05,2.4931224426221767e-07,0.0001185669978381139,9.305574551859869e-10,0.2103763082463443,0.7595011679799585
92,9.296327155107814e-06,0.010799235707145381,0.06461671324511427,0.006282216449231857,5.1932944136147054e-05,0.008679463470483097,0.2284210505085272,1.0180736669711622e-05,0.6348736249897525,0.04625628562178461
93,0.08380214890685578,0.08639362458908684,0.012822969274431134,4.984254558497333e-05,0.02020548668821556,9.991664491396832e-07,3.0590615182837414e-05,5.226978462413145e-10,0.00043955977761714213,0.7962547779138788
94,0.0014514741142956564,0.6162051451406922,0.13272455078590473,0.03455307029934113,0.060039874300885435,0.0005827794215495491,0.07322290753890828,1.745934169904811e-06,0.00768433116930619,0.07353412129494685
95,0.007030052611697669,0.09790754589414044,6.688011578054288e-05,0.0027889198164573214,0.0006461153709684205,2.998062485180608e-06,0.004731548052487847,1.239863693401053e-06,0.2733242727272551,0.6135004274850341
96,0.0005815326052853508,0.03253584761632155,0.0001705976690717289,1.9398597240671563e-10,9.404449096149592e-13,0.06996393787188816,0.7199323929118735,7.426021538788554e-07,0.0004591820850971271,0.17635576644338224
97,0.011021230415212732,0.0008670404006431324,1.775376370385448e-05,7.054130140476323e-07,1.4160155611845634e-08,4.764827996180889e-08,2.4003256655913856e-06,9.37697166868488e-11,0.08689992954860602,0.9011908782309495
98,0.562093975395073,0.00033145279476143736,2.3983183484479696e-05,7.80442444602637e-05,1.74230791956706e-13,1.3202951835478807e-06,1.003436107923558e-05,0.005974319742854033,0.03456729436567845,0.39691957561725116
99,0.3977782309003997,0.00012032352182538067,3.0506413244552684e-06,0.009908011125373253,4.352134446327593e-12,8.780831512783297e-09,1.9268748845313205e-05,4.634951485860681e-05,0.2759991664313322,0.31612559033085735
100,0.003937652508964312,0.016022016222830827,1.299516981000843e-05,6.945405675123319e-05,4.61318507497006e-10,3.538751454032621e-07,0.00038271237462828,2.7368840662982988e-06,0.1454385536013606,0.8341335248451245
101,0.0023761875306857745,0.013667921048875223,1.1018395014388717e-06,7.1606222521038695e-06,0.5568429202197311,1.3333780073865841e-05,0.0016648051796534795,2.2938277568384915e-08,0.022053245460077232,0.40337330138087213
102,0.0024021372198369416,0.004854842689160771,3.1999848996449555e-05,0.0026169839187055507,1.1193830687612864e-09,1.4552363033397427e-05,5.875145196133251e-05,5.503278791670192e-07,0.12676373183017509,0.8632564492308683
103,0.28752087741127025,0.003087593230991863,0.0025453283715457633,4.2239079731237457e-07,1.2003699715513461e-05,5.073033367194773e-07,0.0004321341186635221,1.7628983003489334e-09,0.10075677441811999,0.605644357292661
104,0.6335852412505749,0.0021011960999779357,7.090897948631736e-05,0.0012769392586264687,2.240524232078462e-08,1.5337358791340467e-07,9.112033475387093e-05,8.916236559262995e-05,0.1725828145226096,0.19020244140954806
105,1.3954079651989325e-06,0.028364789027367644,0.9536549345895214,2.8976670997551604e-05,1.0577749438870162e-05,0.000241799841166165,0.002409037176772682,0.004592130701772751,0.0055852226876817275,0.0051111361473160696
106,0.0635773379727899,0.006446448529096473,0.004969230391497222,1.1897648911109322e-05,0.031180219315244083,7.394633597115069e-07,1.8402082536867065e-05,3.9327653294325635e-09,0.02977941956303177,0.8640163011007675
107,0.45002582696881516,0.00031919820797391313,2.5276164018873004e-05,0.0005377505865899317,7.821187435258648e-10,4.891099922632637e-06,3.2747691133090106e-05,0.010964548714977556,0.15544045183678606,0.382649307947664
108,0.002141441584371046,2.3942467293357084e-05,1.1534221261952999e-05,0.13854505092911004,6.864510437104374e-14,6.332918885590596e-05,1.9451705160059053e-06,0.004482905494654615,0.09356005605462396,0.7611697948892444
109,0.02468228203048769,0.0003212140121718195,1.0416363654019954e-05,1.6031512480156455e-06,1.8907970131311197e-11,0.007503138221778038,0.023022787544801974,0.3944080198978228,0.0008947994272592966,0.5491557393318685
110,1.2534789582578866e-06,0.018916187261469358,0.6515749629853772,9.889098137509711e-05,4.325874921687672e-07,0.002265192298175756,0.010340503587448362,0.004484226924966771,0.051584995946964404,0.26073335394777253
111,0.00030566300654269034,0.001142122648433881,0.026475780100543272,3.369598680150926e-07,1.9705756783493154e-08,0.002114364573799226,3.3487623661580224e-05,2.315330365800069e-08,0.0113659643704298,0.958562237857661
112,1.5673840306442858e-06,0.01770654020677444,0.0002809405537564565,0.00032512984108835327,0.7168742613595691,9.61054004181531e-05,0.0003906730393108313,1.7412209468355985e-06,0.047577405402013544,0.2167456355920917
113,1.2953247166414774e-05,0.00250318256782058,2.082472244681604e-08,0.005332867948062493,4.717978363356919e-13,0.0001534734273949087,0.0037080340255110943,0.0010139527149899985,2.2964374137475875e-05,0.9872525508697227
114,0.005002050273846691,0.013819393789976315,0.01446270560348513,0.022238722736981433,0.0030623430189588466,1.4093493435596177e-05,0.00013786311518518518,0.009057473992403671,0.5365675942705853,0.3956377597051418
115,0.000534566674050514,0.004794995862806221,5.85252096115421e-05,0.006462755127147706,9.866264691669692e-07,1.0470721683855105e-05,0.0006775017751739047,1.310510230178506e-05,0.3813971015429035,0.6060499913578518
116,2.769937040983999e-05,0.001679533485659099,6.188647452263755e-08,0.009443317837970045,5.507997240981621e-13,0.00018574760159260957,0.004264430204115783,0.0007327969653603284,6.029937157242102e-05,0.9836061132762945
117,6.164060982826884e-07,0.24327295359729526,0.04370667512618583,0.06417705025579397,0.00038906789552837617,0.004242291510898416,0.0060071063513340685,0.00038940731682737226,0.036084568705681705,0.6017302628343567
118,0.5156620081677966,0.008118506222227777,0.00013129274094331184,2.896727691461216e-05,6.615338035972832e-06,1.530335334709752e-07,0.0010588962216312463,1.0334197686681984e-07,0.16930715115155381,0.3056863065053864
119,0.6855909693696299,0.010034866177599903,1.5062653870246906e-06,8.122863323394e-06,3.2017944050623375e-11,8.315499065149996e-07,0.00423038659735181,1.5715363045292667e-06,0.09403421524751597,0.20609753036096293
120,2.4334801420269465e-06,0.025460276502880193,8.495130602603076e-05,0.0013475200352290758,0.5500916628601895,3.453429411726271e-05,9.006996474774684e-05,2.504643127076495e-07,0.021067054615468987,0.4018212464768865
121,0.014379697901034424,0.000490280900471149,1.7757539939759955e-05,5.5320652782063076e-08,4.0185750082032547e-08,3.3900112075812256e-08,1.1335191645065027e-06,2.1174444879990982e-11,0.0646451681528797,0.9204658325588211
122,0.0005863640493275869,9.226230886439491e-05,5.762874460349066e-09,0.01044920890371888,7.651998756119865e-16,6.0692910903573396e-05,1.548088226276217e-07,9.425507405967119e-06,0.00025368604228331783,0.9885481997057984
123,0.1192088288400803,0.010024961881533071,0.006708273315787026,4.504209651673663e-07,0.001563518404000487,1.097589334775188e-06,0.0003001335698450604,1.7485469945148957e-09,0.033741527492750334,0.8284512067371568
124,8.488457314570475e-05,6.220634060067377e-05,8.09450582049487e-06,2.5052718908683516e-05,2.393948999585253e-13,7.457109543432624e-07,1.6765064130155915e-07,7.447407750677884e-07,0.3324803926550962,0.6673377111038182
125,2.3285851600464518e-08,0.014028838656646642,1.3824046464199016e-08,5.9292320390443364e-05,2.5780527350463878e-14,0.005082045339999782,2.430463820433374e-07,2.8358253725565242e-05,2.1047576663070783e-08,0.980801164225355
126,0.3976640673203013,0.006731854122224244,0.0029724218336148614,0.00015740734308079463,1.894023385168595e-06,7.941443479968534e-07,0.0006541774760059584,2.1145200611896376e-05,0.23648373808000359,0.35531250045642415
127,0.00013383659655815086,0.001854211900907921,0.0031381183919756994,0.23500846019492566,6.189221810416311e-08,2.212418809346659e-05,1.1346361372404115e-06,0.0004814533611486471,0.04731278446860783,0.7120478143694272
128,0.0004434941575393727,0.0016440640927275077,8.668605464819025e-05,4.9905339233672366e-05,1.1664796033993726e-10,1.3729403135802486e-07,3.0611905679535187e-06,6.562297987959201e-07,0.32519566466930994,0.6725763308554954
129,4.1650944048821636e-05,0.00021002997172374152,2.3584506522022875e-07,0.13156506021187275,3.6693491423150335e-12,1.970791375372758e-06,1.5465611413175965e-07,0.0013625004395516084,0.00556022766513356,0.8612581694714455
130,0.11338623864360194,0.008393763954221268,0.00020698408539996898,2.5159470454384105e-06,4.211721807291309e-07,2.5224573307059422e-06,0.007487313709304886,6.353215845782245e-08,0.013781639460039572,0.856738537038717
131,2.63110155558155e-06,0.0007319725870329534,2.9496566474808114e-08,0.002731870370983495,3.9152733012407483e-13,0.00026077295602431255,0.0005168115348557584,0.0006479874392852796,2.541029497646598e-06,0.995105383483807
132,5.051234807771237e-07,0.020104129961371543,0.8027402463953486,2.6298697621753128e-06,3.0472342404766495e-07,0.006359703057496493,0.009093170597534044,0.0036451697060618134,0.009604210995826166,0.14844992956969438
133,0.30601298776919034,0.00010117515169063933,6.265860786370303e-06,0.003156705379013521,2.844980749013504e-12,1.5423742768407947e-07,0.0001186760082522154,0.0037950900381628675,0.38997278076681346,0.29683616478581787
134,1.4537309855236063e-06,0.03441618787460345,3.4987329024441666e-09,0.005689317414876898,1.9251194287747882e-10,1.6553183488231e-05,0.004381198221815503,0.012614160768208305,5.398422196691662e-05,0.9428271408928104
135,8.25109458049051e-06,0.0009164741817756651,3.712328871543245e-08,0.004124672471795806,4.336149314520986e-13,0.00020347764117885567,0.0013101466311625574,0.0008159914535197671,9.218622603729854e-06,0.9926117307796608
136,3.226827896076551e-05,0.008505903917090515,0.22488077489064776,0.002984759070658253,2.871484682582988e-09,0.013434736368838223,1.4941326323982362e-05,0.041136755881342676,0.00104856478758116,0.7079612926070721
137,7.090590901600953e-06,0.0026209567718784212,1.797398721373585e-08,0.004281292581140679,4.866212606081981e-13,0.00019762928998017697,0.0026170590848116427,0.0009240584285997517,1.1491710214843125e-05,0.989340403567999
138,1.6294569011809327e-06,0.00029895193353140636,0.6270747285413228,2.6664495745122424e-07,1.81720457065519e-09,0.005233203431418746,1.5290678345260926e-07,1.4924334914273425e-05,0.12029810529701941,0.24707803563594657
139,0.0015940271717518957,0.03954992485301842,0.00010941139129401493,0.00014600828079125772,0.006217485283617155,1.7264654820658752e-05,0.004206611107789775,2.972038142599604e-07,0.3626321312094878,0.5855268388436148
140,2.1069377864422037e-07,0.011965584775818218,9.549628418206118e-09,0.0006707694953884411,4.407436230632844e-13,0.0009072642434694656,0.0001450599133096281,0.001769163027354569,6.092155239028939e-08,0.9845418773792595
141,5.269655276907289e-09,0.003008773233442201,5.721814134298984e-09,2.632677468515015e-06,9.417206995145347e-15,0.007293076960571873,6.27791980347504e-08,7.061852374210835e-06,1.8405978203646874e-07,0.9896881974456843
142,7.4198778686348e-08,0.047945227200269,5.261403724781177e-09,3.29105361925544e-05,2.074218510377242e-13,0.0053593863683630795,4.02271176676654e-06,0.0028050539225118257,3.8415191956043843e-10,0.943853319416355
143,0.06313090334162079,0.0037571824418662324,0.0007140322210354048,0.0001226903640993576,1.0155629074165427e-06,4.6836774991638794e-07,8.416148796352921e-05,4.444809246624753e-07,0.1235487748086316,0.8086403269232011
144,0.44580646134718444,0.0007566804420016804,0.000492160303046321,9.100783566816171e-07,2.3840805650063242e-06,2.242185550414343e-07,0.0005279559635346505,3.3039305682246143e-10,0.06026647902285563,0.49214674421350746
145,1.415146768436992e-05,0.30349052839484614,0.13422906153431852,0.0005450543524341257,0.3133052699651274,0.00106876900860112,0.2443936573323085,6.837695458518464e-05,0.00035252978672948887,0.0025326012033650993
146,0.5631544697557522,0.010071491758320736,7.714154550545153e-06,2.723469676382641e-05,1.0050105369294768e-09,1.8937809194181538e-06,0.0019189865761126909,4.1778356842014586e-07,0.1246939943672015,0.3001237961218001
147,7.801234348942626e-07,0.08033364824024657,0.002241258820600247,0.005183246155936989,0.7855890467989178,0.00023489815131026687,0.00120430900530954,3.3931855429729425e-06,0.021518450270184793,0.10369096924851602
148,0.00031776447366843147,0.006135611474026434,4.5785782149111804e-05,0.0009947882384335992,1.7874779571140444e-10,9.500170382539365e-07,1.2647844036503249e-05,2.7862968642008734e-07,0.294658482185758,0.6978336911764553
149,6.776554170295511e-08,0.04746569747892407,5.918064090042933e-09,5.2307777342290925e-05,2.7623778400291895e-13,0.0037844352194450316,5.4616437385458725e-06,0.0029814838630029985,5.765179928545624e-10,0.945710539757147
150,0.5176888673435651,0.0004459462621034008,7.152172284644489e-07,1.675396505912112e-05,2.020152729169998e-12,3.6640680929807124e-07,0.0004144366522763184,3.419238107124818e-08,0.2950470318245734,0.18638584813398365
151,0.40005888564965786,0.0034827387572902158,6.680280107520735e-05,3.271570139276021e-06,1.6139046397054722e-08,4.291730511954367e-07,0.0005303998932546612,6.376074405207033e-09,0.3985031933363669,0.19735425630404377
152,0.11494592627963703,0.0010394964314101032,6.359256620376233e-05,2.601694847572142e-05,3.338789467591823e-09,9.813307021221494e-07,0.00016285554234866356,4.19229475359097e-09,0.3186862282591765,0.565074895110962
153,8.985318226448042e-08,0.287225982566307,0.621698154361618,8.861763469030354e-07,8.107399708562278e-07,0.0032377310594443546,0.013645327354582166,0.008983924982401296,7.218377999614092e-06,0.06519987452814763
154,0.0002066187052741235,0.005059755091632919,0.005626884893959593,0.011529405299326199,8.115239838011055e-11,3.556060513560139e-05,3.83488500340683e-06,0.05518165472036686,0.0007398844058005234,0.9216164013123483
155,0.028794604581549258,0.0013134456065684577,0.000425481739622722,0.002897292800673524,8.613419107269323e-09,7.094477971514185e-07,2.303242759796221e-05,9.581038020543072e-06,0.1799467053524145,0.7865891383923368
156,7.842203333765578e-06,0.034412320799988495,8.446161201106725e-09,0.0026858790390894196,6.0647708350418885e-12,0.00026796854963065397,0.2712137319136812,0.011934788769079873,9.88234292286625e-07,0.6794764720386784
157,0.009055469121506104,0.0025480568611111025,0.03802376432045499,4.425547619326882e-08,2.71142860313106e-08,0.0006915616606660616,2.3582389064913674e-05,1.4185808357693483e-08,0.083380160162489,0.8662773199291371
158,2.876631044288627e-07,0.016628290068325783,0.0002465257645668042,5.375501957049911e-05,7.890579433748332e-13,0.0029425366746131144,0.006897253262235892,1.423640860926585e-05,0.0030331514250560372,0.9701839637131291
159,0.0721810690475636,0.0002665479847239456,0.0029382046171597905,0.0014968958105446085,6.710085864371126e-12,2.1137694380222668e-05,1.0565950794351726e-05,0.0003362785969995915,0.836370010375129,0.08637928991599478
160,3.1685410448154426e-05,0.00038277832388160644,0.6668144330697684,5.630456061274695e-06,8.324215202097778e-08,2.346599027628821e-05,2.0736196925026177e-08,0.001210501399797088,0.0034093150233977243,0.32812208634802054
161,0.5603324842196645,0.002067085348894619,0.0004560017913275563,0.00014740824191587668,8.520217493656068e-08,2.3159313380636055e-07,8.271678746219e-05,0.024673266128640573,0.14337026350369395,0.268870457183092
162,0.0018544943429732192,0.008715708326234677,5.646441438448438e-06,1.1536160819577862e-05,0.5884224538123515,1.2506910740838679e-06,0.0003982502035393313,7.968141307092257e-08,0.008759748081384553,0.3918308322587717
163,0.3110726300709224,0.015711088103800584,0.007460070343894552,3.0878978337074984e-06,0.0006728065299035112,3.9281123318837934e-07,0.0007644706030300653,3.446986467338195e-08,0.154774992469449,0.5095404267000682
164,6.529097249930429e-06,0.0012743374731827954,1.2510595266086692e-08,0.0002274736190604581,7.352886340677107e-12,0.5817043126032091,0.0004591829395928706,0.0005770162774663199,7.675116980425673e-11,0.41575113539553915
165,1.7651777363293985e-07,0.0026721599080528056,2.226618095576228e-08,0.0006745886546931822,4.2357969280774745e-13,0.0007790375378178627,9.126447607052773e-05,0.0008331553323028465,8.303546872739397e-08,0.9949495122712159
166,0.00010784653630558831,9.571572009339431e-05,1.444662757026275e-07,1.1445501984551479e-06,3.6271118720436342e-09,0.09923203897374963,0.0007099716439986589,0.011631439961886422,1.2400481810885236e-11,0.8882216945079798
167,0.1189096573613544,0.00856440635483701,0.007588224886799668,8.173866185630449e-07,0.0046711865733504295,1.8306126599861022e-06,0.00019743749965764063,8.1278191826987e-09,0.025144052020388732,0.8349223791765145
168,0.009475069816062257,0.010656472277119317,1.885595533135697e-06,4.4687069474449605e-05,7.2350489419906374e-09,2.4593008487379873e-07,0.00010297869324500528,1.371409731898883e-07,0.01706184613338104,0.9626566701090777
169,0.023260630125453194,0.002469694770524935,0.000728198264107459,5.124959610049336e-06,1.6994363154503275e-05,1.194892665224153e-07,2.519373883752811e-05,5.299663501828067e-10,0.11604466976997335,0.8574493739891061
170,0.018832716638461207,0.0011340607216632948,2.5398381124309917e-05,3.5973775738785324e-07,1.2572685784453645e-08,6.64274999374327e-08,5.243750917314149e-06,2.47363040174763e-10,0.09314774574786015,0.8868543957746675
171,1.4261577357000583e-05,0.006090734636959205,0.7958802276555637,0.0012621394010002875,0.0003803656142624257,0.0003043891697092088,0.00010785002537412166,0.0009586200924605804,0.11039154174798452,0.08460987007932917
172,7.540587683143751e-05,0.00047696586207226105,0.00011125574554810159,2.5962930798307245e-05,2.024990891786711e-11,3.8475093033128496e-08,1.0026095486096787e-06,2.687250234410594e-07,0.3364617407121134,0.6628473590427215
173,0.011615928574234017,0.0005911429349645137,0.0031250792500815095,0.024896201624202998,5.396394106961842e-09,4.0041642591298975e-07,4.1393725362489374e-05,0.061727916047489444,0.6560129063817324,0.2419890256491126
174,0.016644078423148932,0.20575140341662618,0.000623123084538425,8.779865872399546e-05,0.0071361975897688045,9.445945499358742e-06,0.008353745251879669,2.1106306606941497e-08,0.25398388458747007,0.5074103019360381
175,0.0003546522889180613,0.11732189389047479,0.00033162997427404036,0.0007667262328249155,0.001231892262801369,0.07046079388809644,0.7717030737144155,0.001160692653878557,0.0010676951727235403,0.035600949921592864
176,0.07673351295588571,0.015775009476435793,0.0005384624779623425,0.003071275309723031,3.21381057297126e-05,5.520388607558653e-07,0.0016996712270483632,0.00013741380670162346,0.259573145837251,0.6424388187644017
177,2.5256999050634663e-06,0.16647700703905108,0.0029225417437334054,0.037832816357022535,7.041832867629351e-08,0.0052867917924468025,0.0061910388667382014,0.00028629613929934806,0.036769821124689704,0.744231090818785
178,3.9696076477178054e-08,0.004142035017741163,7.677947079404069e-09,6.145521423622831e-05,1.917942534392194e-13,0.0024943268650035174,1.1611764557483164e-06,0.0006951420001125131,7.089991810745813e-10,0.9926058316432362
179,0.14593611934060657,0.018146864600066773,0.00023217573265081417,0.0005246839941450114,4.516226726412433e-06,1.1520823957055394e-06,0.002498863494353371,2.6345491755297964e-06,0.05232611926807387,0.780326870711806
180,8.978909204108385e-06,0.000780790263573099,3.5708797656723845e-08,0.004037628126778747,3.868692391563193e-13,0.00019522761896251248,0.0011091250164623977,0.0007625710171703158,8.751807765198677e-06,0.9930968915308991
181,0.10142265818916586,0.0020417592136068997,0.00029674636984681904,2.0305468600660878e-05,1.1130650851790473e-08,8.941229054812959e-08,2.5349880281587983e-05,3.515149022658807e-08,0.17514047045258777,0.7210525747314789
182,9.528884659337743e-06,0.00020534756361700226,1.647197225909048e-05,0.6198498301768529,6.911706556456078e-12,0.00011106643036581929,2.5981662875870766e-06,0.041251590989546186,0.04704539308193699,0.29150817272756324
183,0.02040521315066347,0.004761410139607864,0.0036019310090732296,0.08327622884046922,3.1460727997341226e-06,8.928026466365076e-06,0.00013345104602906596,0.03923566970352439,0.40470630103700955,0.4438677209743571
