,proba_0,proba_1,proba_2,proba_3,proba_4,proba_5,proba_6,proba_7,proba_8,proba_9
0,0.09625671766454749,0.003047864095856117,4.4488334962306856e-07,5.1726143899052903e-05,9.967712040132603e-13,5.964769350148545e-22,3.939219780446821e-07,3.5482494578576754e-12,0.3224951484288872,0.5781477048569374
1,0.04636036199316019,0.004066119280640482,5.399230923909324e-05,0.0027532345297432655,4.3020982232442164e-07,6.808057710852108e-22,1.3943527700840495e-07,2.228108869474822e-12,0.07374849332783466,0.8730172289120549
2,0.017114953264905673,1.1413903734037492e-07,6.134294016011161e-06,3.145573435277539e-06,1.1660644544503908e-18,2.2411883472040488e-24,1.4129848728102343e-10,7.811226313343351e-11,0.5114077984320753,0.4714678540771198
3,0.7150667542627186,0.00017018813978544794,2.5338037718343086e-08,5.026098466776909e-06,2.333740746015099e-15,9.637612660465443e-20,2.5588022450123394e-05,0.0021520118296965833,0.20191800833785728,0.08066239797098522
4,0.12085819889386533,1.051604990369316e-08,5.563897530977354e-06,5.308213955481108e-08,1.230975980478335e-15,1.622473858174287e-21,6.145122331405156e-12,0.0013035591806646529,0.19608106254271243,0.6817515518808909
5,3.487746962128161e-05,0.020478506629941818,0.0008305381386656732,0.0012369071811618752,0.5803888182092835,1.3866340733575323e-15,3.1393535716496285e-07,1.0105674790332769e-13,0.005986103175803026,0.3910439352600633
6,0.6396999909039454,0.01177739349229522,4.212504399652617e-08,6.358021078206926e-07,3.230700589370657e-13,2.1667812846636993e-19,1.9566144732842417e-06,1.2100707751273023e-07,0.02539560468446381,0.3231242553702699
7,0.023655511401763293,0.001408121593219363,0.015296727040929927,1.2375616008671542e-08,6.051998954623132e-13,7.617821716594752e-23,7.179779208030261e-11,5.614549474428703e-11,0.04666563308696729,0.9129739943729557
8,9.411236034820275e-08,0.031818339781978136,1.337005263991149e-08,0.0005574449629571497,5.11265710873973e-15,0.0001411323903226862,4.722826480245751e-08,2.811887320440257e-12,0.008337369375255659,0.9591455587759915
9,0.0031561353376967547,3.1948830648482574e-06,0.0001619500088229172,0.4249678859878971,7.350465141387494e-08,2.9765650705392995e-15,2.0919146317227614e-06,4.0131184758648633e-10,0.4288724961813297,0.14283617178059066
10,0.00486439855555697,1.1782089342187134e-09,2.129681849973329e-06,3.3081115464373026e-12,2.401605559864797e-14,0.003337514400677102,2.3080024990110285e-05,0.0005138793772848623,1.76973719815739e-05,0.9912412994061183
11,0.07342130137780294,0.00035928592519539934,1.4351666780368124e-05,1.0305327124086086e-05,1.0400200944532232e-10,1.5617421734007727e-20,2.0796196997823842e-07,6.767199613000449e-10,0.04358039365377285,0.8826141533066323
12,0.46037705023075065,0.0005436634125041218,7.316687184425647e-09,4.5409377025668577e-08,5.211223146304093e-18,7.593122941941551e-24,1.022642969671993e-08,2.3693443621972965e-09,0.10608967685784687,0.43298954417706
13,9.674740749554488e-05,0.007727228894942122,0.01927447384051874,0.002029538651888541,0.023409319360699517,6.235503937510429e-16,0.0007442252701904717,1.5068586434162105e-09,0.18913430667935696,0.7575841583880489
14,0.043193759472204316,4.1878706268613615e-05,9.776861367165612e-07,7.485935629833704e-08,1.3172648180966078e-15,1.1036870808730164e-25,3.375632896767265e-10,5.386321648838619e-10,0.06653923122562083,0.8902240771742165
15,0.009433529632878154,1.5329546063523316e-11,3.4402375244968284e-08,3.74055287206303e-08,4.48618390318696e-12,0.22475634716858628,0.12037197779178099,0.6106731561144253,3.6646010465469497e-07,0.03476455100450501
16,0.04392096996715391,3.868408900653985e-08,0.00010408792123031807,0.0005309877441714725,1.3661482757913772e-08,3.6837916499357757e-19,3.7060395866087105e-07,0.8141947929714084,0.033494766212098806,0.10775397223440682
17,1.2636915335984067e-05,0.0003289858732196006,0.024722209455101476,0.00041029119395729637,0.32989923790068326,7.235458619570588e-18,4.745238879150074e-08,3.3619635578635363e-12,0.0008579300915142899,0.6437686611144373
18,0.34898968073098846,0.07439621724477867,0.0009882054697995695,1.3873086108288066e-05,2.5918241797361106e-07,1.5100418497871878e-16,2.2918177631935223e-05,1.634916254635811e-05,0.1350822256347811,0.44049027131094737
19,4.7231450095781225e-05,1.3061009352120365e-05,0.0003262262414541891,0.0013384373053525426,0.695028241017771,5.373656795929907e-10,0.09454953755308258,5.226731415277095e-09,4.778467454988791e-05,0.20864947498424474
20,0.001385491430688038,1.6441996543397715e-09,0.003514807275034439,9.579288409468724e-06,2.0306401516706141e-13,1.4478663889791736e-10,2.674310715773061e-05,0.7610034883247837,0.140541163866243,0.09351872491849433
21,0.0313795299019981,2.179906495703627e-11,1.3843460106403343e-09,2.0557064742536493e-11,4.700836830238469e-13,0.0008665796665362476,0.0009006749922672474,0.010043904313482576,3.70156474764815e-05,0.9567722940510671
22,0.01880988122480926,0.010043733650729466,0.008759276924477494,0.025164028917276208,1.4111027596021082e-06,4.524496437896451e-13,3.8472191982797525e-05,4.690827045083161e-08,0.392989369128476,0.5441937799507663
23,1.656043249007907e-05,1.6446576613416517e-05,0.004903140137565573,0.006996604789627175,0.6099891955129297,4.039409489659106e-18,1.4976383504659907e-07,1.0755948941299145e-11,0.0004338270065066571,0.3776440757696764
24,4.337748584557294e-05,0.001548938238823069,0.22889204980234712,0.00011363921655407448,7.4856162843585975e-06,6.313895773988499e-10,7.363191169062996e-05,7.640500092388357e-05,0.000657553928590536,0.7685869181675512
25,0.05073458535352164,6.663614643319511e-06,2.00079305926225e-06,2.2468361142848845e-07,2.901974829154795e-20,4.033540856285739e-25,8.665162243123389e-10,8.525020891666479e-12,0.24798109152396958,0.7012754331561536
26,0.07872435416932885,1.0318417040230358e-08,5.5055730162705276e-05,0.0013335329039266559,7.686043673111129e-11,1.9264968886288822e-22,2.6590927880607673e-09,0.09104850759026548,0.5068929345684402,0.3219456019835058
27,0.21684265094870533,2.8934447024338455e-09,3.626675061450477e-05,0.0004279986219409801,2.4783624783465257e-15,3.6239569313720636e-26,4.084984592267929e-12,0.0004441096804883803,0.3921282392896787,0.3901207318110398
28,0.004934551709106861,4.4544929317170457e-10,5.190671815188609e-16,0.00019357444126567527,7.430418206020981e-06,9.228797802356847e-08,3.6706886639882297e-10,0.0001451887811520205,1.1618954139383256e-07,0.9947190453602313
29,0.002333715391210698,7.683161914332008e-10,9.773220808742568e-10,0.003805510098213628,1.518984105706885e-09,2.338154510761639e-09,3.253280267717987e-05,0.0006668403207532073,0.00019204530535412782,0.9929693504790142
30,0.0010065223909604306,0.03327340294844209,1.6231998315153978e-05,0.17399701901972198,0.7131598021256402,4.056537096922095e-09,0.030354772931083747,1.8497748872293958e-08,0.00040098366351555353,0.04779124236803477
31,0.007634006040852618,0.0070812243969748554,1.522381799363537e-06,0.5943140261865645,0.001868545302402287,1.7146039772740646e-17,1.154648021018471e-07,2.7316022955536305e-15,0.06630789969248231,0.32279266053411915
32,7.971752700022804e-06,0.00037461829402219777,1.4703525552862594e-11,2.643656262975005e-06,1.867906826180509e-10,6.844791635099831e-05,0.7888441413710257,1.7101652508862247e-10,3.8140143660133404e-06,0.2106983626227613
33,0.00019098637843376507,8.3579600780517e-06,0.009175923960240301,3.757971930765494e-07,2.2799489272501977e-18,1.7113722041603408e-31,4.506229555997255e-15,7.079782661228152e-19,0.1361540124080366,0.8544703434960136
34,0.00034076511031693216,1.1498646766282076e-11,5.64011950530669e-12,0.24195927039347082,2.5795980824889553e-12,2.063767635819596e-08,2.217007953710044e-07,2.784473276912814e-06,0.0005121603547770347,0.7571847773099681
35,0.49054975340209833,0.0006007913574842047,6.415212572718271e-07,1.4444233854762284e-05,1.1900943790197438e-10,2.3214673381378493e-21,6.13067667464146e-08,1.8582545433950278e-09,0.014881609086810766,0.49395269711446393
36,0.027546203487161195,5.4219978164893096e-05,0.0007265612018699839,3.1311940344019515e-05,5.259856472069736e-08,2.164095077112154e-23,3.473937266324818e-09,1.3601426082306667e-05,0.5139677151424134,0.45766033075146223
37,0.0007915308354995428,4.8459798945730915e-06,0.000734631759513236,6.250930066412633e-07,5.605743902005028e-19,3.6266859691076932e-28,1.7154359929634713e-13,7.221217839762737e-15,0.37120176700319263,0.6272665993287146
38,0.0009697960801412687,4.351137800068168e-06,0.0020427955919334138,1.3479381593911923e-06,1.581061355034473e-18,1.1963395615462273e-28,7.280443380343322e-14,1.2712432839891798e-15,0.4639558139875985,0.5330258952642932
39,0.0018999330114064295,7.921186304290435e-06,9.65045561776804e-06,1.8803303257482484e-06,2.5296472457576696e-14,5.125347147261265e-27,3.452953410614209e-12,1.8715344438690232e-16,0.07332964558869791,0.9247509694241695
40,0.0004020947884675423,0.12799302489534622,0.004308382922656248,0.45578953943690764,0.0011187576796311337,1.5190902989956327e-07,0.10705947765529855,1.3948746251656213e-07,0.06268256070495129,0.240645870520249
41,0.17358429267462627,2.12325224330113e-11,0.0004607848555091477,0.001227466398792554,5.625172441014514e-13,6.537127582433144e-14,1.6674498112068269e-06,0.7105855994376173,0.0019465933387878005,0.11219359582299526
42,0.4609489340924921,0.007609488082359081,9.260476458561391e-05,0.2614312774925275,0.0040967694455250146,4.623295748762069e-17,0.00010949511315458207,2.2338127516319826e-11,0.009877510811708914,0.2558339201753089
43,0.002647251619258561,1.773602980639386e-05,5.001799038075447e-08,7.636933170805188e-06,3.53456590244619e-13,6.206149096151762e-07,0.0002916181669547022,1.1872732859103617e-08,9.135965704084886e-05,0.9969437150877823
44,0.0011943709327966495,2.4328405239232133e-05,8.889460348446175e-05,3.076822448325787e-07,9.604448159233365e-19,1.357509254615224e-28,2.4090279725362736e-12,7.52730870727811e-17,0.1718750760131298,0.826817022360696
45,0.08940820897947484,9.069347200651615e-08,4.5773473433197347e-10,0.014432036195730764,1.6568707700552864e-14,3.7180714499398216e-15,3.661602316214472e-05,6.120374885384532e-06,0.3016953384097558,0.5944215888657639
46,0.00955853024850754,4.752820262884785e-10,1.748244816614165e-05,9.286201408468036e-08,6.609506569932946e-14,7.265177104973232e-16,8.494069310916362e-13,6.5194453015112595e-06,0.023926761745929875,0.9664906127738826
47,0.4602819608744009,0.00831060831496192,4.465848772797347e-07,2.264470665910763e-06,4.0968850358931615e-13,1.25157598141093e-21,1.2705924157477176e-07,8.504538912666911e-11,0.07478520652370237,0.456619386086695
48,0.004744780390167403,1.1726264172550886e-05,0.00016654227644185966,1.4644152153764989e-06,3.699699858467903e-19,1.3951328672557231e-27,1.0103315551899322e-12,7.17809219316411e-15,0.3759005604063174,0.6191749262466678
49,5.754606283724052e-05,1.6363925856473331e-07,1.121664773348226e-10,0.016755724221644692,6.643232704638637e-10,0.001794174729072687,0.8490675558627606,2.4356838798377352e-08,4.599656026915465e-07,0.13232435038549478
50,0.00042441528481432575,0.0012850975710842715,3.426554769629088e-05,0.24153527090236454,0.4968433710091231,4.428599388219445e-16,1.8357609216342213e-05,5.919190884704355e-12,0.00012700773461541502,0.25973221433516613
51,0.03436942072645704,0.00010191144811749668,2.863691733773826e-07,2.8254069970089234e-08,4.104988717247733e-17,3.2175707744789813e-24,3.676359976910532e-10,4.489322538259324e-12,0.0804060660462524,0.8851222867838044
52,0.021236983009105797,0.0052902479727169925,0.0007533875975012373,0.0013162863383556916,3.932991145708429e-09,5.759997203232223e-14,6.630858512153456e-05,7.531273102427627e-06,0.2347504869114902,0.7365787643795574
53,0.014260202680968982,0.00043285233000962624,6.279369423203659e-07,9.44139529932765e-05,9.2579876199397e-15,1.7341821378359574e-24,4.4077047943116146e-08,6.205755542126255e-15,0.124230068564765,0.8609817904572573
54,0.2645290193731451,0.0062080452382783395,5.553400638404342e-07,3.914832947971079e-08,4.68329859818473e-15,4.6521663457974245e-20,8.820578979339372e-07,1.2971943772713035e-07,0.0653478550749148,0.6639134740479281
55,0.2939505761711155,2.4556696723073433e-05,4.2617317841337505e-07,6.22748553530203e-10,2.096274252897794e-18,1.4717767118784087e-20,2.5387315659597006e-09,4.2183117614800036e-07,0.06547291777440531,0.6405510981919216
56,0.002084582946207825,1.638527267516664e-06,3.455978728175892e-05,1.912157401912214e-08,1.487117437371398e-19,1.488126320873551e-27,3.0954428289413734e-12,5.4166352190145365e-14,0.22078170855996054,0.7770974910545587
57,0.0011175137119242384,4.5700793600659893e-07,0.0012038852155494704,4.589028822742312e-06,4.379027683213259e-18,1.0338744669080149e-28,8.932030992289432e-15,2.4326927233860675e-15,0.45844375784595254,0.5392297971898037
58,0.34012083471836463,0.00025741845866479796,2.6222979751798755e-09,5.830712550552734e-09,8.690563061299516e-19,4.937525054407337e-24,3.3501857914798018e-09,3.104313095985715e-09,0.15458428165312202,0.5050374502623391
59,1.780435366200018e-05,0.29062358987215564,0.016131745938049037,0.000936726782651843,0.46194253124717377,1.4076955107604907e-16,1.0691126145758698e-05,3.234231019388811e-11,0.009347627612025866,0.22098928303579357
60,1.890596671433287e-05,1.2606029214181077e-10,1.510820278462043e-17,0.006477619734570286,3.949656227083123e-07,9.189065688724234e-05,0.021183678694758578,2.8290483857643137e-09,6.616487132034316e-13,0.9722275070256765
61,0.00011480750272181497,5.7401944992951895e-06,0.0048328523592991,0.0007622635814643877,0.18045645208270245,2.5178311581960813e-15,4.262502551948907e-06,1.286550536957631e-11,0.026459685552970555,0.7873639362109223
62,0.004981295591132629,6.7931245390296466e-06,5.33747621437388e-07,2.5162809767235024e-05,1.4607211847900276e-12,1.06508701032605e-26,2.747335448094056e-11,7.433318585487059e-16,0.04683896427774037,0.9481472504202646
63,8.330463019999023e-05,0.00044949412702668246,7.505564429509896e-11,3.1021914605514355e-06,9.848224471784902e-11,5.8800721811489736e-08,0.6835873276009709,7.344304275121456e-11,3.355335295131119e-05,0.31584315904968796
64,8.19877252294672e-06,7.270399311954874e-06,0.7150765777785021,0.0006005845932355247,1.5392651436664862e-07,2.8257595756233435e-08,7.647566564830115e-07,1.8921147158659213e-06,0.000388899941371133,0.28391562945957394
65,0.0038506552647202346,1.7601289274072548e-08,0.00030357942871683314,2.5723130344819173e-06,1.3814320721139987e-18,1.752660257747732e-26,3.9094801603086946e-14,3.4963720340442433e-12,0.5461543660560491,0.4496888093326546
66,0.00010547762735359024,0.5832753182678182,0.2007840409096427,0.005004584680349201,0.004306018154919677,1.4948055709968133e-05,0.047239965729353725,9.219726922722137e-05,0.014725607373581048,0.14445184193204463
67,0.00249277032394718,6.348202966169579e-05,0.060370954811072346,1.4395065722683618e-05,4.985921510353818e-09,3.5867780274743745e-23,2.7359673067464213e-10,8.597963017445328e-12,0.29450914343486406,0.6425492490666158
68,0.013746103113700761,0.003941125303359311,1.8729216285033445e-05,0.19534766727158992,2.6929636603700032e-06,1.730003776582837e-11,0.2933391466369266,1.5436386266671882e-07,0.038557170447092504,0.4550472106662227
69,0.2258346900519195,1.892000724739916e-11,1.7296610906033111e-09,0.10417693068777585,9.968713431388957e-15,1.472869393529082e-11,1.8522964119321543e-07,0.0014638130387009613,0.029405374747130952,0.6391190044815119
70,0.0007260572485285176,0.00726066007167203,0.0033695268609895772,0.005028316500355871,1.8882947218708877e-07,1.9669078182770885e-12,0.0001466145462385403,1.7127591919306588e-06,0.5004042703225334,0.4830626528590509
71,0.4245590038575174,3.919520415616286e-08,4.182226945460472e-08,0.00048424122199611843,5.402065855910774e-13,2.762614106820673e-23,7.524367381704218e-08,0.004252302464679874,0.44186522734898476,0.12883906884513427
72,8.489784598547605e-05,0.0008569704538478076,0.00018144972961908277,0.00014113002984756414,0.698319961809623,5.995292305431459e-07,0.15164937083759153,5.506490754617335e-07,8.985597074503683e-05,0.14867521314443452
73,0.0008938413702858609,0.09548558948545488,0.12122447422489675,0.5046768297906815,4.238659810465648e-07,3.734617479460459e-12,0.0009031504442183084,9.645067134688631e-09,0.055617630586238996,0.22119805058344089
74,0.005272830757513192,2.7919135116298803e-06,0.00034244560754912215,3.4072714364795245e-06,7.610146633512859e-19,1.3018280976389648e-26,2.838131921288459e-11,4.6526080372552634e-15,0.5022915338558052,0.49208699056579835
75,0.2642671611628421,1.2372113546745905e-06,2.876158550655051e-17,0.06693753502290102,0.0001930092649100849,1.1430216835173151e-10,7.631312180202838e-08,6.466090675063791e-11,0.0008125349090833994,0.6677884459368237
76,0.1263356209450039,0.0008345876356889234,1.6172335456550938e-05,0.00010168234548861906,1.060991941454586e-09,1.4939929555021274e-21,2.1156957830128087e-08,1.6809809022823122e-12,0.02844947850778434,0.844262436010947
77,5.236749287494695e-07,0.0018136344328240608,0.0001122096762874471,9.40232908996932e-07,7.599275650530764e-16,0.010729110447435231,6.976851450293586e-05,1.0180617184325606e-10,0.003783118634791331,0.9834906942845143
78,0.6033296516749024,8.196891610894927e-09,1.0116147270537347e-07,0.03826097398292988,9.635250039997306e-18,2.7547893705998466e-24,5.69929173290562e-09,4.952748087503991e-05,0.14775656363908707,0.2106031681645496
79,3.419655953767583e-07,2.2196879112702e-05,0.8474241579584064,0.0021888286981926585,4.177195522291058e-09,4.344185328303572e-05,0.0011633142719322993,2.9404901668303055e-06,0.05497635410909236,0.09417841959702289
80,0.005330207669349715,3.4655606873296095e-05,2.234369889160676e-05,2.356565229874163e-07,6.738998517331239e-16,4.358828503085143e-27,2.2698135968645465e-12,4.511090567108234e-16,0.06091978634981607,0.9336927710162755
81,0.20600454852516722,1.1292872716779924e-05,7.827648172398051e-06,9.20824439196991e-10,3.2600251776004307e-18,4.77341550923494e-22,1.2141732010415973e-10,2.8682395565160855e-07,0.22506897949864796,0.5689070635890983
82,0.07657840770439663,2.5386925433492056e-05,1.0931196732803313e-06,1.012212400305557e-07,2.2594863197062957e-16,1.4708419399137303e-25,8.074762514176912e-10,1.3133166571823352e-08,0.21276856954163018,0.7106264275469834
83,0.5583023307067896,0.0013315419537856881,5.179049086604237e-09,5.341031282236938e-07,1.1742532051361978e-13,2.6897338801378613e-21,4.889600682549214e-07,4.780599337555542e-07,0.07860978484413958,0.36175483619298837
84,2.147694346070415e-05,0.0016987242502015973,1.9193908629555828e-07,0.3233307491386293,0.25590759490139137,2.1125927800334938e-06,0.25213381189282275,5.515054314190523e-14,9.357646850622035e-06,0.16689598069472217
85,0.0007619846351042775,1.656815234068659e-05,1.781067888493035e-09,2.1746878978259936e-05,3.0105442433632766e-08,2.299399353624443e-05,0.9890138265167056,2.8229960705122244e-08,1.8769694621054573e-05,0.010144050012242884
86,0.008996994456843987,0.0001706500669139361,0.004475222895621831,9.122276153272318e-06,3.671332095179573e-11,1.074921539661775e-24,2.095872465912709e-10,1.0215702495935702e-11,0.18672546755246242,0.7996225424954884
87,0.0008519304726893107,0.018428962217856396,0.013508109646680455,2.131488022292647e-08,1.202751267559967e-09,0.26379929019356907,0.3021672272766142,1.8394989719007666e-08,0.0001882932181834372,0.4010561460617858
88,0.38323637028429364,0.00012739955044121316,7.902177843835337e-09,2.0624715874358778e-07,8.95647117179762e-16,3.760592286338652e-22,2.611608408374391e-07,3.419087899897865e-05,0.1468174309039995,0.46978413307208833
89,2.8509288548114066e-07,0.001942760625262652,0.8904934360270924,1.4537932161613955e-05,0.00043818773405191873,0.0020943634051441063,0.005324031743646303,0.01659228329237414,0.058359497608898823,0.024740616538482658
90,0.3469428053287911,3.3577225158734414e-12,4.671412755075893e-08,0.0363650711252085,4.838623185041752e-13,1.853675684760537e-13,5.3316745199034645e-06,0.31546215534832167,0.027546221936268607,0.2736783678687356
91,0.05947023494005383,7.96493300628093e-05,4.95797342568461e-07,2.891838228753928e-06,1.8600152525196383e-13,5.246354831015733e-24,1.1830197370256364e-09,7.675101380732998e-13,0.2041771479058651,0.7362695790044737
92,6.143011301207247e-06,0.00012910540160983907,0.13843988009715713,1.1650503660798276e-05,1.5946446483428035e-06,0.0820305093716707,1.428875995161984e-05,0.004005930625288128,0.0747221136955157,0.7006387838891965
93,0.13194878277140648,0.11189132756819768,0.012449089529457974,0.011982890829092024,0.0033329223226675033,9.488042431829886e-18,6.875095021788166e-07,1.0588154556134034e-11,0.019699228326360767,0.7086950711327273
94,0.10047301093941079,0.05491362127589709,0.007435840933139133,0.0918827548016965,8.310810437002359e-05,8.613086780156944e-10,0.12610366879352602,6.564637762059197e-05,0.004243493062608532,0.6147988548504225
95,0.11748869303702499,0.02699116022850482,4.9457756081804225e-05,0.06716385889871486,9.344058057641223e-07,4.190745277621079e-14,0.0017181383658493707,1.0940409116343317e-09,0.451041721452914,0.3355460347610215
96,4.3208291599329804e-08,9.266428874625257e-05,9.084955286727946e-06,0.0016524088726542856,3.4717971672633074e-07,0.24925426054326616,0.43780389618873444,3.952545261062056e-18,0.00040497375294750896,0.3107823210103563
97,0.00026688252493433165,1.4854060011442019e-05,0.004264294222188919,2.865774203232313e-07,1.080004532041177e-17,5.450063539981754e-30,7.493860230135496e-14,2.6524528397295586e-18,0.0937282859948068,0.9017253966205632
98,0.1520157630392316,2.4414553169248947e-09,1.2190452468122622e-08,0.015531289432611834,8.239264321266351e-16,1.3050814974261075e-13,0.0001002042751722638,0.0010353341461312472,0.1177353082682298,0.7135820862065841
99,0.2962605425583351,3.564348753337932e-08,1.0585017829385724e-09,3.667897207789088e-07,1.5294082006120853e-19,5.1589188664509255e-24,8.099347353557614e-10,0.0002522399660054518,0.38484074764076553,0.31864606553324903
100,0.0007432718521366941,2.5790232267828044e-05,9.193618098861439e-05,2.18984005213976e-06,8.93399621484698e-17,2.126250204064598e-25,4.442771662304622e-09,9.215461909647643e-16,0.07954590757621668,0.9195908998755653
101,4.4194666204822156e-07,5.389634324562837e-07,0.0023138467444993264,0.00010495958030767361,0.6573512656997903,2.5927158793166426e-13,1.863101371661675e-05,8.433740412423076e-11,0.0005460838178240212,0.3396642321491709
102,0.0022937907733662512,1.9604079858114798e-05,4.699183198782847e-06,0.0005966086231053779,1.083411583435827e-18,5.531217490147647e-21,1.3790764185422708e-06,1.504650871703236e-13,0.11976967440308355,0.877314243860819
103,0.29153615480523826,0.0018887043386783384,1.1628621256588899e-07,1.3989323037902348e-06,3.3602047561419038e-15,1.681547920802188e-23,7.057609961330426e-09,1.3000072622267671e-12,0.07063138916659106,0.6359422294120626
104,0.6657577904898407,0.0003525812328718022,5.609387247826694e-12,4.26748604940681e-05,6.083447750504535e-16,1.182212248958513e-21,3.360867240764225e-06,6.151295751993831e-05,0.03417089342756964,0.2996111861588531
105,7.85304123782353e-07,0.00039816277875009504,0.9240821846738444,0.0004386950613358512,1.6059261883106806e-10,1.1296340293571146e-06,5.2468851137310886e-05,5.0263883881420683e-08,0.0038450742164251013,0.07118144905587745
106,0.002910365888919022,0.0018294774208168357,0.0004699261778935946,0.001642918379640327,0.0025707390412824647,2.70467269031633e-20,5.350916401283921e-08,1.4519663486951891e-11,0.015107855701645117,0.975468663866119
107,0.05176745971199459,3.7275387183135804e-05,0.0011376560975824962,0.00011186163915314712,3.640151258260722e-11,2.6791104048040045e-15,4.13043735874934e-05,0.0021748252695166174,0.3285736279361479,0.6161559895484304
108,0.00019241387388198048,8.485181127279e-12,1.5722564919938322e-09,0.054837044219163494,2.2766645958602656e-15,2.1746976528335527e-09,1.237353052747936e-06,1.8785654725462675e-05,0.0007107473401364956,0.9442397678035981
109,0.024278075187998953,7.966628604709752e-14,1.9736018944935786e-11,6.063237157803334e-10,4.994418069986798e-10,4.5167636903231453e-08,1.1126434800528713e-05,0.547026809468419,2.1131195473327502e-08,0.42868392148436785
110,0.00028666362162971606,0.0014250400784127822,0.19182683019301497,0.2782506628465355,5.200977136006207e-14,1.514369138324277e-08,7.404572475758743e-05,6.370940208462157e-09,0.03461039120637875,0.4935263448145871
111,0.05985042190748316,1.0624230409972012e-10,7.94089659104563e-07,4.212378557052798e-14,6.873126534955681e-13,0.00024292487471458423,6.093294156652742e-07,0.23185476733390648,1.5012514363937534e-05,0.7080354698434853
112,5.0103107781018395e-05,6.255577891668174e-05,0.00014153024033083583,0.19378268219169023,0.6239193294406312,7.730490588842295e-13,5.168929661527087e-05,1.313125943270019e-13,0.0015732955584104777,0.18041881438471993
113,0.01588482427906882,7.604241417916795e-15,1.9398906810276284e-17,0.0007295882401759482,0.0001985422470476398,1.6036569101149082e-10,5.349682249302652e-13,0.0027818091700646578,3.0578563376359857e-06,0.980402178046397
114,3.6405407036023215e-05,0.0009541828433382505,0.34743761051515,0.03598917352731728,0.00011122947732090806,5.695204564352973e-14,6.249458687298067e-05,4.076350300543634e-06,0.1215172150848918,0.4938876122077152
115,0.01118592284008713,0.0039028122273853556,6.810607185086871e-05,0.003248229628000084,2.2577357912880474e-09,7.131579957082855e-12,4.999977830689176e-05,8.861055729362536e-07,0.30116557518879444,0.680378465895135
116,0.015174548754141077,3.416802949583528e-16,5.4783234863274606e-17,0.0011799360574296376,9.730679196441082e-05,7.507997065695655e-11,4.745112482090487e-13,0.0018553224794924572,4.908007468806573e-06,0.9816879778339488
117,0.00027469400190917857,0.6504358520937189,3.1815495923992083e-07,0.0003483627582411291,4.4635518653598166e-08,4.013274419513146e-05,5.655914867932638e-06,2.4344612020790826e-11,0.0014730959515923561,0.34742184372065277
118,0.6870947036334557,0.0010126534143423292,2.5657513570452364e-07,2.6857131964320877e-05,1.002663898941216e-13,1.4764510799010021e-21,7.269764187378009e-07,1.3720437989223564e-07,0.16447106517042764,0.14739359989377535
119,0.6222664170749789,0.0027007044597469475,1.5499575596821624e-07,2.7937566466658544e-07,3.4353118617908904e-14,9.544902186419564e-21,3.2737291464877967e-06,8.803265627671583e-05,0.051748459512194665,0.3231926781962014
120,0.00010528122411468414,0.003813257565089056,0.00033408080035394414,0.008176968776430692,0.6896879942154218,3.635259812883441e-14,7.3359584492907585e-06,1.6650184230632578e-12,0.002433291802504398,0.2954417896559347
121,0.00017400014037712778,5.9527604371156915e-06,0.0005248134610238939,1.207793889735162e-07,3.963766798156175e-17,4.5759484386895186e-30,4.778370763018975e-14,1.1957124639623704e-18,0.05284071968304959,0.9464543931756755
122,0.0001510751370820715,4.035710126074563e-09,2.80052946135388e-11,0.23871398530775553,3.0336170100495964e-11,3.5366499014859764e-09,5.5032734043531985e-09,3.432017719511529e-09,2.5395459293672657e-05,0.7611095275298762
123,0.44672454943586426,0.06946026168837781,5.507766651358645e-06,0.00025046543964872797,9.220258680202508e-09,1.982086477115204e-20,4.4198738775893384e-07,7.394755528244567e-12,0.016054520340819802,0.46750424411359676
124,0.01689204004111334,1.462768947679323e-10,0.00017893890572322763,2.6878600570600584e-06,2.696189978454017e-19,1.8976639022973882e-25,1.6964601537541076e-14,4.775004594570486e-11,0.6361665466213641,0.34675978637769844
125,1.9947197915910457e-08,0.010044694147407716,3.042800999810338e-08,0.0002427418201773919,2.599488539470352e-14,0.000360561033284008,2.1224321959141204e-08,4.476811692778187e-12,0.0034531568208542823,0.9858987745742439
126,0.5791466645759689,0.00021000661822657138,4.609570985119833e-06,4.1237581195714173e-05,2.0217753854358036e-12,1.9109689778956177e-17,1.2040147701939468e-05,0.00019361570537752162,0.24215671985426607,0.17823510594425632
127,0.0016786675455880552,0.000925246156739628,0.11517505800451246,0.576484546666889,9.736004035263935e-11,1.147400299306599e-19,5.106655413531726e-07,1.0347393047723874e-09,0.02132798591844481,0.28440798391018524
128,0.00014284608193557084,1.3959616995107518e-05,0.007050849105036782,5.010892876382141e-07,2.98719061285202e-18,2.525184196147e-29,4.203374273533711e-14,3.909046072345717e-17,0.3781670157755204,0.6146248283311825
129,0.00028570933031925804,2.0266985918146542e-08,6.178118387523528e-10,0.4183209975518442,3.0521425454290955e-13,7.569385601062601e-10,3.910236656657331e-09,1.102757576055552e-10,0.00010970374440941045,0.5812835637108732
130,0.03448630966760667,0.00035518753339306477,3.296001406615425e-07,1.25378955546363e-07,2.910579196685748e-14,1.1791511560630451e-20,7.321502005859678e-08,4.329530232945823e-12,0.0021591251190490415,0.9629988494814763
131,0.0017126710163667131,6.509209910180835e-14,2.754175873955026e-17,0.0010069660068392967,0.00020848388368896885,4.63761288401165e-08,2.907678379329179e-13,0.00010920800020463457,7.532429532157624e-07,0.9969618714734625
132,2.3374088268951193e-05,2.317222026090031e-05,0.8812284414208008,0.0020603724966876164,3.4808428329726975e-15,2.8573750344946814e-08,5.863288081980229e-06,3.7290161359428915e-08,0.00398573127701272,0.11267297934497182
133,0.1161573637556389,1.7573235919862782e-08,7.762737536271264e-08,2.6459314366239568e-05,3.4624383315474157e-13,2.0270847065091822e-23,1.999511211168041e-09,0.14505307647994997,0.5287400729395103,0.2100229303100659
134,1.2667850631153408e-05,4.296168962093423e-10,1.1813936650949987e-09,0.1907071154138683,1.0195487466715182e-07,2.0023878977453744e-09,0.001928518435585179,1.288713128057647e-13,1.7791512227710535e-07,0.8073514148163912
135,0.008483701680475983,2.075504500983407e-14,3.3069768388761014e-18,0.0025880358946534852,0.0002849528085759661,6.41604144209358e-09,4.053891734077438e-13,0.0006722796922232986,5.586494836052439e-07,0.9879704648581201
136,6.7221314327912085e-06,1.7794690379964384e-06,0.6765911413428962,4.204726292587945e-05,7.131233842450052e-05,7.110220940217263e-16,5.533214827181962e-14,2.6499720098474395e-05,0.028916207941123345,0.2943442897940047
137,0.013179265384643684,2.571775381310023e-14,9.140961137633342e-18,0.001053852801822867,0.0003061476180747772,5.668129033092136e-10,2.976469998138796e-13,0.0015621969226627874,1.654414339121826e-06,0.9838968822913204
138,0.00016445294682992042,3.020496103914134e-08,0.5809585189621309,0.0024283258526272217,1.670635256617435e-12,1.3280888039839218e-24,1.3955690276670937e-16,2.457125617313425e-11,0.018006075495842606,0.39844259651136626
139,0.00022753471537867366,0.10299566655892868,0.08846887866576444,0.025356868808204088,0.00105328251169318,6.101585120168323e-13,0.0562861769520665,5.86327853320815e-09,0.4486641664324605,0.27694741949161517
140,0.0002166103298430164,3.4344632649862525e-11,1.5689000344403416e-15,0.000133729858281195,5.8721906485672165e-05,5.529265528575417e-07,9.60636560521754e-13,5.943828676483574e-06,1.5626193990460536e-06,0.9995828784954549
141,2.5424973888526946e-08,0.00910344766390858,1.3047526150330346e-07,3.679350537637837e-05,1.0966284771655833e-14,0.001281790965949337,2.5856524862389343e-07,1.0298199825348663e-11,0.002375017105602095,0.9872025362833704
142,7.421538420602112e-08,2.2519969569613698e-07,7.469250503119897e-12,1.7966317825313126e-06,1.9602917441622058e-06,0.004122321323662332,1.271033110543058e-10,1.0103036257332156e-09,6.949043671337644e-07,0.9958729262884878
143,0.022587985655760385,7.711536856027665e-05,1.4873431859984078e-07,1.243482177218209e-05,4.135522343740397e-17,2.1557365338936225e-22,1.571564545629257e-07,6.900671407482531e-12,0.39549187280569637,0.581830285450537
144,0.5734225419262099,0.000507207996688633,6.580242518890293e-10,8.277425353007021e-07,9.661380680274331e-16,6.752123094009055e-24,1.8987032156487087e-08,3.0442899548425735e-11,0.008114542767294572,0.41795485989177134
145,0.0009996071242076119,0.4481362137888466,1.629941404036803e-05,0.04799769912305617,0.01508706676556129,2.0873181652294282e-09,0.44253363150433556,5.225845730304111e-13,0.005164506629333342,0.04006497356277811
146,0.029005121196598097,0.0015023917557225926,2.7422233202560903e-06,1.0397692310345035e-07,1.7238551954288695e-11,7.642340596683148e-22,7.719057274035447e-08,1.6503268230704781e-06,0.1380676292607703,0.8314202840520313
147,6.9679548636876555e-06,0.0007294037066948012,0.00516878655759107,0.10270730590775952,0.5698850095542994,6.139333248017641e-14,1.5525230390943202e-05,1.354302176840777e-14,0.023849860621943345,0.29763714046638234
148,0.00011710279921555871,6.820481456060481e-06,0.0010786872928011911,2.84938382645792e-06,1.3866408420021951e-18,1.1745653500694878e-26,1.037727362950208e-12,1.6435155443687185e-16,0.42462431021157154,0.5741702298300914
149,2.6675266881222563e-07,2.986857079275799e-08,1.949719016405681e-12,3.0234891671872452e-06,5.43397269978848e-06,0.001513218506350353,7.285783470067462e-11,7.078196362998245e-09,7.015520190216377e-07,0.9984773187055201
150,0.08958768535313083,7.527685351623655e-07,2.1893438683202938e-05,2.567841280872147e-08,1.7291674781364006e-15,2.4152431796100996e-24,2.828730912800234e-11,3.5154447478992116e-05,0.3934701893639696,0.5168842989215003
151,0.324329371825324,0.00010396187522281874,4.2538935637248636e-07,1.8154978145916475e-09,9.323568660766142e-19,2.450694617987608e-22,9.989617767828006e-10,8.30430621953096e-09,0.12824128992270634,0.5473249398686246
152,0.11707310431880931,2.8046529977415295e-05,5.176472086080102e-06,2.2621550040152546e-08,5.580205482744926e-17,8.040425209858666e-23,4.805428728579669e-09,6.219312942066707e-08,0.08868112814946416,0.7942124549095548
153,0.0009469251865625531,0.29875339369542436,0.5719386237531312,3.24856405980732e-06,5.205169560044213e-11,5.03026603810478e-10,0.005719495340026925,3.434708568643701e-13,0.01961579376467604,0.10302251914069732
154,0.0027889633412340503,1.6309343793573478e-07,0.33195686253300927,5.6300426435852606e-05,5.127540487996241e-10,1.6169380922917063e-09,1.7708289618140296e-06,0.27141109323127033,0.08565813548135123,0.30812670893460753
155,0.031371226946136095,1.0620358714427245e-05,6.671241295893852e-07,1.6446650383611563e-06,5.585890398526785e-21,1.3844625511616784e-23,8.607361136381585e-09,2.69773175158689e-10,0.2419260119034453,0.7266898201254021
156,0.0030740305976859894,8.667979031550746e-06,1.0507944805177478e-15,0.0001342711113005846,9.319279829964463e-08,6.27205471873598e-08,0.0017566447543595877,5.701667998525946e-06,6.778886110270995e-07,0.9950198500876662
157,0.011034125949550553,1.483570345438824e-09,1.2867363728668143e-06,4.143303255474833e-12,1.2580490069281095e-13,0.0005181159878409444,6.4947842673852304e-06,0.00020694886076943016,4.552252932118826e-06,0.9882284739404272
158,0.16478217594833383,3.249255812218348e-08,0.3086731399848326,8.696096004466235e-08,1.1318220257867172e-14,0.0005921517155407309,8.822855020713996e-06,1.1597962840322243e-06,1.291849154487944e-06,0.525941138397304
159,0.13661645330969324,1.4755356339478278e-11,1.161146301426261e-07,0.00017067162259096758,1.239824821967624e-14,4.30525195596587e-22,1.0449414519319955e-11,0.0640749954235745,0.3793547955861565,0.4197829679181375
160,1.1858263600100746e-05,2.39612248602097e-05,0.8848574064321928,9.186003473149757e-07,1.0798489567976289e-10,4.1823256188374344e-07,1.5028004851445346e-08,2.0506005921833722e-05,0.025517727257612543,0.08956718884691355
161,0.2545823373110994,3.0589538395036115e-05,2.0461058537237286e-05,0.0002074189418836033,1.1231663329263098e-10,4.0525997304592865e-14,0.0022545400592997073,0.03762119705380508,0.2793377800738579,0.4259456758507649
162,0.0002896519282762881,0.009364018565376098,0.00027975461412654774,0.014394983131679565,0.7671727547955653,4.846953622666398e-12,0.007294036723737796,6.400173452133796e-09,0.0004304811473145246,0.2007743126889033
163,0.42692436299723424,0.06134549123508316,6.541717415157314e-05,9.738302312533333e-05,2.797993233961289e-07,3.0559966312329954e-18,7.393718937465936e-06,1.680145432402406e-08,0.1043616097019578,0.40719804554873273
164,4.0665168228555876e-09,1.5400896223292918e-09,1.1374702768719163e-13,2.6032649487908558e-05,0.00016664009801253794,0.5988798095018382,4.856914032888168e-07,1.924621804951167e-10,2.5091075696221765e-09,0.4009270237509681
165,0.00011256301752437743,5.068329313214545e-12,1.2510773717276483e-15,9.479921303097262e-05,9.215387065564876e-05,1.3300377468450518e-06,3.4967119163577255e-13,6.089460775365067e-06,1.0858912769180518e-06,0.9996919785035706
166,2.7878667024878106e-07,3.940853617398565e-15,2.3237944028771856e-11,6.1946097001629396e-09,0.000354999423898503,0.35724526247559646,0.0004078594540868124,0.0006737804059861985,1.0225389308411357e-10,0.6413178131336562
167,0.03501163549421655,4.31256899057387e-05,8.94585787178169e-05,7.364463313534908e-05,0.0012256025958028512,6.043056136847764e-17,6.603499510054182e-10,7.234423088568722e-10,0.0017374957858208352,0.9618190358386085
168,0.0001681154868876293,4.635599665462355e-06,3.882861080528289e-06,8.892853688795321e-06,2.578566548848594e-15,1.1070053273554448e-26,1.4929117205196407e-08,4.015309282274927e-16,0.00410759010087496,0.9957068681686824
169,0.03328642239617745,2.936179781658698e-05,5.550253086084068e-07,2.082185874634309e-05,2.5011659300286734e-13,6.565378098155699e-26,4.8475379347816515e-11,1.3868173387522498e-14,0.09073275854001425,0.8759300803331974
170,0.00046250502527336217,2.646471893788506e-05,0.0015209861006756482,5.773586181468596e-07,6.425703159790975e-18,3.6179271206513784e-29,6.774345356599095e-13,8.347635227471957e-18,0.15876451726483135,0.839224949530986
171,1.8514810883035325e-05,0.00020058530088601815,0.7536517140539833,0.0007553649777059391,1.4400242180934714e-08,2.1300530898099272e-08,0.0022226783898358594,0.00037140253707070443,0.07328807909276332,0.16949162513609872
172,0.0011450795853665467,8.463967933735601e-07,0.00352645803170498,1.5864970562619857e-06,3.8969506131605804e-18,7.63699595305026e-30,7.193378065932652e-15,9.037065381250662e-16,0.3339255002634489,0.6614005292256218
173,0.011977927823167764,2.7318042648103035e-08,0.000423044941093767,0.026488856450033883,1.0272081886177145e-10,1.1641099531890949e-22,7.715966291703761e-09,0.0001737148303061054,0.6583144787277823,0.30262194209088644
174,0.019383789567804444,0.2811676024043536,0.004693976137253176,0.09835355973549058,0.0003080701137298843,4.054192311250964e-15,0.0008493053526213005,9.217197708382677e-10,0.26308730254314594,0.33215639322387713
175,0.8519836680872874,0.0008657390812429992,8.73447640332479e-19,0.009700344547558097,4.738240892430148e-06,1.5738236473009067e-07,6.869177014180567e-07,6.464958400806134e-13,6.0899594638397605e-06,0.1374385757828424
176,0.1829765101782582,0.0006331028555373927,2.4093656512433735e-06,0.00024816381935475676,3.194866303571415e-08,3.743882876901896e-15,0.0006092196628786722,2.9612717267950567e-05,0.399724521256668,0.4157764281957169
177,0.005036878471810982,0.7696303398488987,4.3533036758783535e-05,0.07695829989735227,2.8598172329607923e-07,1.0122207580547559e-09,2.9815116517506734e-06,1.0022592620558271e-10,0.004220150777821571,0.14410752936153604
178,2.1517003324982935e-07,2.7984302109104915e-09,1.4827049241820647e-12,4.080121052010139e-06,5.435153283021319e-06,0.002628167172284858,3.4109617851630434e-11,5.5244347164124205e-09,1.0728714188499237e-06,0.9973610211534707
179,0.03730146501458086,2.7504887958088974e-05,4.499770747241054e-09,9.035462721650546e-07,6.943235606617327e-14,6.328193794631439e-20,1.858197859892405e-07,5.401730693680527e-10,0.0007893556660929999,0.9618805800252967
180,0.005554333109437874,1.9200855954360374e-14,8.026382787447983e-18,0.0021016655750714735,0.00018293363224909596,8.673766109862635e-09,4.767354205729953e-13,0.0003781916903937759,8.774553502555923e-07,0.9917819898632354
181,0.0034605742911760127,4.15735807140902e-06,1.955894144485853e-05,2.4559148256846574e-08,4.034573220040399e-20,1.1683955876295855e-26,2.8291333985995113e-11,2.3765598150468456e-13,0.32480070600314676,0.6717149788184837
