,proba_0,proba_1,proba_2,proba_3,proba_4,proba_5,proba_6,proba_7,proba_8,proba_9
0,0.26850958836054833,0.014126993237750319,0.0028881757255945248,0.009604182590827456,0.0065041342710549675,0.0016888673001617073,0.005108452321037114,0.002523755359646546,0.21658449315092484,0.4724613576824543
1,0.2812928723662666,0.01294882129657696,0.0030499206061581964,0.00854294810253439,0.011508420753503291,0.0015874879931008995,0.00545762835186844,0.0022544401544287193,0.21474603768204667,0.4586114226935157
2,0.0838316879982161,0.012669665845777101,0.023683331878443434,0.010900334398712354,0.0013218701746198543,0.0034965176143997604,0.004739568305580614,0.010110955856576802,0.4249506189883481,0.42429544893932564
3,0.5060881524866928,0.007946899603669942,0.001238930861315614,0.005692066427709117,0.0013022265794536171,0.0009436860527228123,0.0020592228961491535,0.012375484158851348,0.16986281797210562,0.2924905129613304
4,0.3968674736517282,0.016046506892977732,0.010390662007038691,0.006294899429133441,0.0033529098030846563,0.006255142673198013,0.005468376115546174,0.05492152853958218,0.19586159722400398,0.3045409036637068
5,0.008955922742696616,0.14141181284919319,0.1333756911475766,0.15515516136297758,0.29752666777254816,0.012734573229560451,0.008252151036605756,0.0069766300999730465,0.00860830264440684,0.22700308711446174
6,0.46760198392002633,0.012248777108351296,0.00163404474970557,0.004656737621433523,0.002473216783490747,0.0009701912119234784,0.0033887222357319086,0.002014184988619147,0.09263761999522828,0.41237452138548975
7,0.040760805061565764,0.023086025872023568,0.00533961975853765,0.055212582268809304,0.007639509940480206,0.0025767270872516894,0.006312599657283537,0.006331346155364279,0.06717948373891441,0.7855613004597695
8,0.003777974900111782,0.00511837430326218,0.0011684933358747354,0.016750045280926044,0.0012821631214901166,0.04768183309993095,0.007176411121760606,0.002618230961396077,0.003980936099457906,0.9104455377757898
9,0.06809854911774763,0.05261641118481834,0.00437144445582211,0.23269893944608974,0.010555984557289214,0.0028389027462519104,0.006413097603922492,0.006045898118911031,0.016861924760727,0.5994988480084207
10,0.005204954307770059,0.012729933020460223,0.03540134867870274,0.006045210783959527,0.0029576372776046566,0.008996702763456871,0.01555607785196411,0.0024895909532230433,0.04748294193404741,0.8631356024288117
11,0.026132826525904575,0.0265597039490187,0.009863946632934216,0.09920227868639814,0.014063801896456745,0.00597906433692633,0.014432176571571942,0.0095509887638604,0.1559071297008428,0.6383080829360863
12,0.2729381779423429,0.00898919865193677,0.0005894292772552557,0.0030995281143128676,0.0010117724590564129,0.0005399786890546523,0.0011211399171985102,0.0015211752406452976,0.14415710201959844,0.566032497688599
13,0.020217925298785577,0.045734185667776525,0.007899394275466588,0.01882903273441758,0.2120564378165113,0.01761688041947886,0.02923818000509055,0.00689065212025697,0.3030986412183781,0.33841867044383805
14,0.5637759559385223,0.0042511403478975186,0.0005052338151145493,0.004515881859457984,0.000978693129260502,0.0012691941410374642,0.0008893642704708113,0.0010180441215106564,0.06424838404776537,0.35854810832896333
15,0.03987378639020021,0.0398208970126188,0.017704304618830536,0.05869682751750943,0.013245369580163655,0.09224764496469973,0.16714090053780872,0.0702343753987865,0.14467951111829655,0.35635638286108595
16,0.07984848643475992,0.008491996631777647,0.004794322670423527,0.01640266095370292,0.0035729708628134548,0.003785110147475397,0.007453589664469577,0.21171470399531708,0.4396739656633669,0.22426219297589325
17,0.005927319752176047,0.03186164187057046,0.00274535538307329,0.010909747642917954,0.3956106691753545,0.005288753209733871,0.002816547022606481,0.002447012745126909,0.01859364246319184,0.5237993107352488
18,0.23311966406778517,0.021752971725650258,0.0039036513753068188,0.007798646255060545,0.008085868371527994,0.001582548880749133,0.006031345947025903,0.01423162472156138,0.21370766361090876,0.48978601504442393
19,0.01970398824380023,0.04615023892062014,0.010488899282820083,0.019179685029566507,0.44814016337250473,0.026311699696497923,0.035039973237064856,0.010181117743319422,0.12045378878134509,0.2643504456924609
20,0.03628791324051736,0.02740330413092252,0.033222856539656,0.0405229453290621,0.012293528528964301,0.023377490896323353,0.030717955853452814,0.2324020664252827,0.28092445069215827,0.2828474883636603
21,0.003924049645427189,0.001970144591648121,0.016165539933044017,0.0005937618371687661,0.0015547743917402588,0.0008248044827812917,0.0015511906550916504,0.0001421933485211082,0.003765001282221246,0.9695085398323566
22,0.008644980217144074,0.017876255988471788,0.02550386847144873,0.16568865130046748,0.006850160581450477,0.005778296774581723,0.00687475942065616,0.0037008230676381783,0.029660102138002343,0.729422102040139
23,0.008267142235388382,0.06018978748350181,0.01180363219844979,0.016937837393692177,0.4696550873629761,0.009478855774626758,0.005086971798213384,0.0050732684476553725,0.020032266058468962,0.39347515124702703
24,0.0042744677780065295,0.08241099468692584,0.4620339106324651,0.010361441388837765,0.027296443036080715,0.006576372105603508,0.01729954083074239,0.0037905789039207392,0.0070883358936375965,0.37886791474378
25,0.06953037040307436,0.008113881937132443,0.0033627709457119278,0.007364507453352933,0.0014141721690723687,0.0013966591661401901,0.0027056379408946403,0.005229587346251984,0.28124672899042696,0.6196356836479419
26,0.083154620436618,0.0027866477691336935,0.000947383797116929,0.012078683983299995,0.001240636711446203,0.0012981572739057651,0.0015674086115635665,0.08489479232280736,0.34488565033193297,0.4671460187621759
27,0.23017221552509795,0.007952299021190162,0.0037480333350567844,0.0070867909610752315,0.003198677010548249,0.007731718387481591,0.004256140584077471,0.04832852017578621,0.3285937353273053,0.35893186967238105
28,0.02200388692817559,0.009584128614624364,0.0017897886830073062,0.013812022605381861,0.0017470123600644254,0.01693010294913239,0.012218453391350916,0.022876390917717305,0.01880660470051727,0.8802316088500287
29,0.0032473105543889516,0.017785868012523093,0.01257578122394556,0.07815376314137944,0.0024211016562457784,0.00842630873533393,0.007442256473800197,0.003256312127269559,0.018379056129379758,0.8483122419457341
30,0.009596163125697652,0.09985625814340413,0.014476661202567862,0.03947392501578762,0.3922877721150878,0.013133746289884812,0.0403225758788716,0.006767201856136824,0.04373956297497513,0.34034613339758646
31,0.014401398528815244,0.12087193656296774,0.36119839395432185,0.18275485572129552,0.07292476638201552,0.014885226734320162,0.024793134205565507,0.01175823481076176,0.014902335660577337,0.1815097174393597
32,0.038707023364794625,0.015727623076754477,0.0032019780123765957,0.3417130132394821,0.0078001244205001775,0.027686817921968455,0.022751466583170565,0.012591638941133299,0.018634464437971666,0.5111858500018481
33,0.012043632324778843,0.003460663708499337,0.0002486956177451663,0.0013024032062318466,0.00039129474543238583,0.0001360833590149264,0.00021220494419013045,0.000413448225638036,0.1589408294249675,0.8228507444435016
34,0.059925200858684656,0.022332737756980362,0.010859424239439277,0.1521654659957085,0.018887257513764102,0.10690602958718919,0.03263265657763387,0.026803782258305046,0.10049851973683667,0.46898892547545873
35,0.24723356938640767,0.009671841153629745,0.0014092213264700441,0.006354299152092966,0.003575323187344486,0.0009843532606267698,0.002556610128450196,0.0022932769879886296,0.16658156396793186,0.5593399414490575
36,0.08914254147390756,0.006009213712487772,0.0014833519689121761,0.012659662328537925,0.002083423493905132,0.001059447911476135,0.0023726703971086015,0.018706561581897,0.23264447191864224,0.6338386552131253
37,0.01752831005075867,0.004031712450005803,0.0033110405087536663,0.0018014172453005596,0.00044914040110480947,0.000720909187633549,0.000780323866519683,0.0038272038370350727,0.3598027126233718,0.6077472298295162
38,0.006195869380843488,0.003253057235880209,0.0010091943923356255,0.0007783834984480162,0.000271748567369304,0.0005110502450472108,0.0003559498885375884,0.0033792301029583684,0.3092061779346235,0.6750393387539563
39,0.15251560971422373,0.0075280244514923204,0.0007628053883724143,0.007761504498049451,0.002688530841719326,0.0006261182510915992,0.0014090562390122584,0.000749683565645732,0.1546732168137446,0.6712854502366484
40,0.01404921622689831,0.3473026270494576,0.08141288321040206,0.14823303793134307,0.10246268707059679,0.013434708237438182,0.13820830518148833,0.015706445620941294,0.050021777835213777,0.08916831163622044
41,0.06249955425911387,0.019798246783240034,0.009317760514660814,0.03758456312727287,0.004551767881962216,0.023420205790361092,0.014285834682680578,0.1313609543773088,0.4181939339359151,0.2789871786474851
42,0.04245851304401866,0.13692635428277278,0.028394241452911854,0.10428681506044628,0.09269628687543395,0.0038944926189419258,0.0077574613641087755,0.005392853029634021,0.012465873614403829,0.5657271086573287
43,0.0009855580309763572,0.023360584493144813,0.010413717196435237,0.042715136334280826,0.001952607103623383,0.0031927432030644954,0.008354863815656222,0.0005852699841359018,0.0023244255175907244,0.9061150943210922
44,0.059072647083455804,0.008272357387183862,0.0005305390050330525,0.006180781969107814,0.0011633738285480272,0.000378725144422195,0.000991674694896351,0.0005879794873988575,0.11728718908596342,0.8055347323139909
45,0.12391533919439132,0.018602058692333143,0.007015099044808204,0.0935097107909572,0.006656609277852781,0.005750400537905386,0.013074968155724911,0.042847694084533115,0.28433781486634185,0.4042903053551518
46,0.029706155531162435,0.014293525718117926,0.017768119392467984,0.03279681840455979,0.0035695537357257282,0.027655968788367492,0.010857012301124755,0.015502121121362828,0.10286428212872141,0.7449864428783897
47,0.49730487553346425,0.009386628125082229,0.001651885984459841,0.00582144584452599,0.0027556814650718823,0.0010745719795999212,0.003341962285623792,0.0010334788083578793,0.08352448555358058,0.39410498442023384
48,0.020983467817615096,0.005080324192659747,0.0031969658102736927,0.0023762104788445392,0.0005284025103744156,0.0008131678963220623,0.0011083283374122264,0.0030827336905799303,0.30380525213984927,0.6590251471260691
49,0.035134150755725416,0.08906080572838229,0.01623453432081889,0.047872099311262864,0.013305829903917692,0.01930234632602848,0.44161714446749556,0.01972409434420199,0.08089048973073222,0.23685850511143441
50,0.018141638772138396,0.12461983079478033,0.03366669347186038,0.1173539902460444,0.43554506934645476,0.007605099396333841,0.007766954016120854,0.00708963253668757,0.012931448870306126,0.23527964254927375
51,0.09471947561257132,0.009538940335000802,0.00040875514800334126,0.0040166595215435025,0.001161494538241229,0.00029227048159394324,0.0008309164416980769,0.0007868509711905964,0.14385467410388245,0.7443899628462746
52,0.06809566414636892,0.01304486672966896,0.0029266904349660866,0.01091201145520563,0.0034824376058775566,0.0012566920700898135,0.00377445451646006,0.013612445824145832,0.1601078050253809,0.7227869321918365
53,0.09346992229851263,0.022086798277613333,0.0014816004769841787,0.02110292570612025,0.003880545812720071,0.0010919821605293568,0.003593640581071752,0.001493625631115075,0.1787012545713271,0.6730977044840066
54,0.03230150320695489,0.00716582136575242,0.00254716043704308,0.016356917930332386,0.003419142949035841,0.0004996421986773766,0.0022547787910696514,0.0018668170435420714,0.12463998189201816,0.8089482341855743
55,0.18462965514954638,0.024504505383985697,0.0018825036955461086,0.009895551103896281,0.001809965930274969,0.0007362527217071784,0.0022961070386244516,0.006827323663984009,0.13120380763403347,0.6362143276784008
56,0.041283361963006256,0.00484519625818802,0.0005726715372989594,0.003593982774062635,0.0007603241626825193,0.00024662575091939095,0.0006111102579533172,0.0008131200861305359,0.1554407546973793,0.7918328525123791
57,0.010190590798127307,0.0037194503620615834,0.00518688433239732,0.001683078833042399,0.0003250626778146021,0.0015007829431942397,0.000954962815156608,0.004581941906937204,0.4098377642412213,0.5620194810900475
58,0.403880091084747,0.009196146758509646,0.00044723581948431806,0.0020993222650878547,0.0010121361724520237,0.0005664555550123258,0.0008293213312398647,0.001554386355841848,0.1520162649816731,0.4283986396759524
59,0.009840912469039382,0.1711637745612825,0.04427216891256994,0.06192893820513675,0.40142307431088814,0.006977003267380677,0.00616173582360105,0.0051419477502696,0.011380681908466334,0.2817097627913654
60,0.010910536420208885,0.02214658987046111,0.0010551677738918912,0.08612232240607523,0.0033798857888217974,0.014423703271143435,0.00783974567972133,0.0023025114966745545,0.0033421011611447582,0.8484774361318573
61,0.03276917604964602,0.13005622291649468,0.04538514210638377,0.13733607423552732,0.08856849958978133,0.004117915577173687,0.008768342891087513,0.005437085315842933,0.014382663911333913,0.5331788774067288
62,0.15195573613666838,0.008068785909696063,0.0009382607768175892,0.007600325279141845,0.0027740816388939753,0.0007116355923346161,0.0017963351961304348,0.0008020048861399486,0.08395650216279288,0.7413963324213847
63,0.05781413882425969,0.014595963246998663,0.002492990034290638,0.4025720881732221,0.008929744195320768,0.019499908466270546,0.01256695245195995,0.009373017054641589,0.018241487628032453,0.4539137099250035
64,0.0021660900451161043,0.029192901115239846,0.7915618513788907,0.005649941025987079,0.009099619037118584,0.007743286421549786,0.04667256240234983,0.002332552851339073,0.007626765866971504,0.09795442985543744
65,0.03163636004286243,0.011024500000515624,0.026394237452399244,0.008565253790950024,0.0008651470855394612,0.005048520917173052,0.003463953144319246,0.010753768228253864,0.5506337461966182,0.35161451314136905
66,0.0074415373562394405,0.2677569455844408,0.37445446407718047,0.0739496451272225,0.06960797226400074,0.009180766875641039,0.1142149724913802,0.010217863356437326,0.021742535739201735,0.05143329712825586
67,0.07651099530243315,0.032899336612129224,0.005894865677356215,0.06421179946899759,0.012682715759397821,0.004182636651329994,0.009964610118880618,0.009507513821705022,0.14564822191686225,0.6384973046709079
68,0.04195970339955014,0.17056229466363057,0.007002035946582356,0.14015322222348237,0.007857666914139711,0.005257351004514751,0.025992140065596407,0.007042791503417555,0.02250896241885941,0.571663831860227
69,0.051223926890564146,0.011843986374323925,0.011669703544133667,0.046749025994133254,0.0026750300327437406,0.014177585468596566,0.011861572003769373,0.021714411450476513,0.13475925952280918,0.6933254987184494
70,0.02622701160221633,0.056053736499432925,0.019279090357777817,0.028322389691071436,0.02086186889035519,0.004748728801888927,0.026521842026180922,0.022033396267819146,0.2786122586791698,0.5173396771840876
71,0.2641875377512494,0.006309742123612274,0.0021677264089915447,0.017342524334313474,0.0025696027136471347,0.002401775549298684,0.0037582756913367306,0.06942289688055336,0.23302004396602116,0.39881987458097634
72,0.016823428683493177,0.2273131245797697,0.09961370581610157,0.09675762103544654,0.23803114745008566,0.022297330323090572,0.13458978809997318,0.019106930956729606,0.04816957903762389,0.09729734401768605
73,0.02454721225742853,0.09843098733337798,0.13896190555330531,0.28213363996558666,0.023240507138009753,0.004318664613600806,0.01152339202702253,0.017217933628120102,0.04079890527532922,0.35882685220821947
74,0.014944890555269617,0.00620069405687008,0.00243491866987759,0.0019950064690094542,0.0004953926030905803,0.0007763284361056603,0.0011179631873711132,0.002577976879906216,0.2615703890162453,0.7078864401262541
75,0.01740051209004634,0.10178125453137388,0.0675978545385941,0.07368161609183221,0.01660328416843873,0.04538662521385643,0.17659325376913496,0.01592688798905055,0.03258516656614541,0.45244354504152723
76,0.24577649546256833,0.009567557909181946,0.0016151176847421932,0.005709401281113902,0.005440296311886488,0.0007718700723314066,0.0029274867699692004,0.0009467907072201453,0.14979252682661148,0.5774524569743755
77,0.0076102847896838645,0.0055773298247401605,0.0016275360712458,0.004336668283267895,0.000790610349799837,0.0535013791421731,0.005252951518893217,0.0027284950031248203,0.0196176194848514,0.8989571255322203
78,0.0967507415875894,0.008853511087452004,0.004463011023087019,0.0555054476960669,0.004284663946907416,0.0034739624868350936,0.0057411742246011995,0.03584888018019596,0.1419660447799472,0.6431125629873177
79,0.003753838679598018,0.05340579713770228,0.8454832421638618,0.012290999004783512,0.0067399818397801455,0.006591198083390535,0.014659601911248333,0.01363539349107904,0.007049503289936537,0.03639044439862013
80,0.14643870885531404,0.008289288987359787,0.00048458591511781995,0.007586350630548692,0.0019773081253889936,0.0004209901551771123,0.000968713631044484,0.0005859023282441463,0.16776196648672118,0.6654861848850837
81,0.31143228880064167,0.01027799066812614,0.0019311092433149273,0.002456605612544437,0.0015749909897341376,0.0013176129133640158,0.002040814780083925,0.009804999141682674,0.19075767046444736,0.4684059173860604
82,0.43759606180505284,0.005060243529292694,0.0004746717269819448,0.002369143758694345,0.0007083701206996082,0.001179327172483595,0.000808038844318431,0.0016183464841678901,0.10157694652379483,0.44860885003451356
83,0.42780611442606276,0.00837250374485993,0.0007063713397753915,0.0035063231163729052,0.0011902022787072454,0.0005870686142123667,0.0015101715423100335,0.0016500971853466843,0.05414701010786506,0.5005241376444877
84,0.016631949232293216,0.23034397853252553,0.06823866383782867,0.18028836647028204,0.20322047936143364,0.02415155667101484,0.12609204160030024,0.018869886128323587,0.036024120371306645,0.09613895779469218
85,0.009598738100906251,0.061384563006930286,0.04510695396864612,0.014098268999450169,0.009602002452931267,0.008188005078710509,0.7741579016910277,0.01880892013790851,0.029167192908595437,0.02988745365489427
86,0.17665248423266794,0.04699970405819493,0.0010391627006747207,0.00456219709233628,0.0027354990967441233,0.0015128604929699812,0.0020670452832500983,0.001646699306867338,0.002723456396764269,0.7600608913395305
87,0.01765246139591328,0.0929976651168223,0.02906165224962504,0.027729451688561158,0.008890808922139191,0.15471434891235034,0.19438481429684779,0.024933719783819152,0.03537495245320372,0.41426012518071836
88,0.6094535457719976,0.0026829146955360123,0.0006315382104761463,0.0017487071910763183,0.0008052892519795019,0.0014548118217349638,0.0009958006227603286,0.0045809295113533035,0.09277189888820737,0.2848745640348783
89,0.005954953259236846,0.11850904805199788,0.7238433684716025,0.01020600496699157,0.031303783370700125,0.006313567195711609,0.024593629916780144,0.013199127888706592,0.018152572847019502,0.04792394403125341
90,0.0900756098965567,0.011852756054635132,0.006443503308628299,0.0640016727730156,0.003284752542972614,0.01454735372147963,0.01138223308797379,0.046050172807405025,0.2005327965738393,0.5518291492334937
91,0.22075954863633301,0.007617178965217189,0.0006331606986446757,0.0056190766217768685,0.0020514338477795407,0.00040202990165590243,0.0013207613159027531,0.0006104720237019827,0.1020110110035695,0.6589753269854183
92,0.008841529974578667,0.10178099655431315,0.0885526963445274,0.017772472487702938,0.015722910901999468,0.012344696720106435,0.5939391438980298,0.015435179660947452,0.09458205790154635,0.051028315556248954
93,0.03357741080814918,0.08903559076798975,0.0281888116226667,0.0434093325807894,0.06915218542703315,0.0025585996374821855,0.004388417662872021,0.0036843008283131548,0.008426467061458966,0.7175788836032451
94,0.01073180508366453,0.21837432932229803,0.21810307826170883,0.08269963788909764,0.15021280668939932,0.012253792605064158,0.01351861373214418,0.009425599498829887,0.013421463736641328,0.2712588731811519
95,0.08253583970847257,0.13367955488689226,0.008039603187023988,0.028906194167666925,0.018043182886120095,0.004546618008478523,0.026234755679932577,0.008107682483660004,0.12356827787519883,0.5663382911165544
96,0.030294732230762993,0.039989390976445716,0.02804720668315109,0.02166744355956724,0.008052198238748516,0.11508777583100328,0.6024636670551005,0.017602087058731983,0.09184085485553442,0.044954643510954045
97,0.026145047637113915,0.005103450438206091,0.00038393213947911817,0.0029794630746735325,0.0008907268686242926,0.00018157945328717566,0.0004951310736202949,0.0003586531162383068,0.163133051709002,0.8003289644897552
98,0.328844314982999,0.009921267766771904,0.003672665522950989,0.05251726946544193,0.004688366161556965,0.010900299487210295,0.0065140214969365735,0.04162667519693556,0.21786861536002558,0.32344650455917084
99,0.23411835567511446,0.005502734103146611,0.0032175736077589925,0.005579168282090655,0.001088883718157512,0.0023017341303344717,0.002151426970187367,0.025919940394143835,0.27869842423929614,0.4414217588797706
100,0.010471908226717659,0.00690949299020106,0.0011805073123566164,0.0024533609614967216,0.0004899621809023331,0.0006541570642647994,0.0009267307366169557,0.001991305972845876,0.23850833014451256,0.7364142444100852
101,0.02966568980635263,0.05053257577339862,0.014197484259032434,0.030690900082794795,0.3166667544307598,0.04110796214943837,0.05207739650434744,0.014125865923078651,0.1828450785788323,0.268090292491965
102,0.01538338956011652,0.008821898018702895,0.004205355248145615,0.007975450128523331,0.0007756593040481816,0.0006578192625411909,0.0015075219390998065,0.0022152786273079567,0.1886389944024622,0.7698186335090521
103,0.2993031528876795,0.01122368993710478,0.0008608927631621706,0.0058942258392929905,0.002596584929611719,0.0006298083537390378,0.001773736506862874,0.0009493773243976808,0.15708452089430502,0.5196840105638443
104,0.3544481607319001,0.0052581950104529426,0.0006023732190318664,0.0032713586106839915,0.0006838625654286468,0.00046316299781616914,0.0008318874867864058,0.005012283685760728,0.037349104074681304,0.5920796116174577
105,0.0067257240627931324,0.054478950008390904,0.5862286427549556,0.026820716530301124,0.014174681859376785,0.011804909366633915,0.019195549505195225,0.017232789989211832,0.01787509809118415,0.24546293783195838
106,0.07057037639311975,0.01725501970636317,0.0033261200992089476,0.007082501244766893,0.018437771181003773,0.001068888111251301,0.004549621158290447,0.0021642363803737372,0.11734416572931412,0.7582012999963075
107,0.2427843211669847,0.0073957150454900715,0.0024750546404745293,0.016305497880818524,0.0027321977181894823,0.0026339371730147994,0.004119191576085041,0.06161070285246455,0.20339870558539536,0.4565446763610831
108,0.022534340074671318,0.008403933108052522,0.0064744097880078235,0.3089416963246778,0.005478435754268089,0.02808504609190336,0.015738841068767846,0.02185196084076915,0.13685298230166554,0.4456383546472168
109,0.17599295410530327,0.017106601759617066,0.008789615643451869,0.0639937130555833,0.010476666161871272,0.07791469048042682,0.02893876800070733,0.0484173100598473,0.17615583063091356,0.3922138501022784
110,0.010559151812747303,0.07821604627270418,0.053753177306492796,0.03991324480651523,0.006932530654906904,0.007291484616727798,0.07082790622998587,0.011234015873917182,0.04369292987870434,0.6775795125472984
111,0.016080443097412484,0.03322880244598365,0.08593248360000387,0.01701623963812052,0.0076239786783373,0.035354421030849986,0.056551898934603086,0.00925465021816691,0.04587591617412408,0.693081166182398
112,0.005829453130885667,0.048101713201143495,0.01106413573669458,0.030255193534960412,0.3099366555651724,0.011152630363679507,0.013075866355267243,0.004141394394153164,0.03775528714357631,0.5286876705744676
113,0.05347841293768508,0.011176458957041035,0.002422830761932869,0.02210189127792498,0.0022838175021989266,0.020521235336084326,0.010636796253478945,0.02524873220762916,0.044964598270686086,0.8071652264953385
114,0.044533779747395384,0.06236090988728108,0.05885390005012495,0.04107473064581635,0.02874068124803497,0.01204600811906628,0.03488969451350344,0.05203099789461306,0.19419030686698335,0.47127899102718074
115,0.062264445850109255,0.05270055255900279,0.003469270005730287,0.020933324592890757,0.0040119996319458425,0.0026652277751788626,0.01322437739307539,0.009379422888924118,0.12273835114277297,0.7086130281603694
116,0.06778821947496701,0.013324577597723522,0.003867128564252577,0.024114044471722603,0.0023236751326679316,0.024886336635999703,0.011475454546311761,0.019590582681139185,0.050462067552305964,0.7821679133429099
117,0.009756275053988002,0.24322267659347985,0.39290527941353764,0.047982854869561914,0.03136433821223979,0.020180398790711766,0.0945637541920054,0.01364703187264614,0.03391367420938243,0.11246371679244725
118,0.49511829263622464,0.008405739317372474,0.0010459059425452434,0.008380288956141332,0.0020928827301774076,0.000816225881023092,0.0021115978751426196,0.00265812104149419,0.11506756448400679,0.3643033811358723
119,0.6007534700658074,0.004617801599919824,0.0004239231462708379,0.0073694527141346805,0.0009071067192790524,0.001753781975167076,0.0010520794776481394,0.0030267261667303465,0.01904576399892673,0.3610498941361159
120,0.005594682069441148,0.03438926111026221,0.006965585122565451,0.027664336657232766,0.38472957064570745,0.010393591787828484,0.007335789387724544,0.0037390877607217884,0.022644547160419255,0.496543548298097
121,0.04817187223853832,0.0065891789593673835,0.0004550152770160045,0.009411095109289664,0.0013328563395532452,0.0003920282123934674,0.000849714717226988,0.0005215925479893301,0.12688772878412066,0.805388917814505
122,0.0351811619619475,0.013557618360736165,0.006569483230918406,0.10022949240296619,0.014557137685419852,0.0677423483095848,0.016206768173039152,0.013710547586316821,0.0809766074332104,0.6512688348558603
123,0.2794103003214749,0.017418547335745205,0.002758374804421281,0.01047691233653781,0.009454588512909885,0.0012120061223603784,0.005936316229638586,0.001453468789135436,0.15894765989236895,0.512931825655408
124,0.04519525677105236,0.011454888340951383,0.018910568680451822,0.019726165101972934,0.0011887924791154085,0.010036477192417546,0.0036364092295639683,0.01566058770677289,0.4802755105654574,0.39391534393224437
125,0.004479517502523288,0.00477893954822813,0.0010643611142542246,0.018756056984893004,0.0013992510466409732,0.045813060581242175,0.00723877049767211,0.0021485015498860214,0.005483060183645309,0.9088384809910146
126,0.27259198359991016,0.010320182218835548,0.002945987646964087,0.010102112064414661,0.003063793259106726,0.001255675669280569,0.004150097886775378,0.02096075557867016,0.2595037905163329,0.4151056215597096
127,0.027474638458162143,0.025604983657971186,0.009436940471263991,0.2560321263221935,0.010226726541069259,0.003267358201965625,0.004583811438728762,0.019313483504602512,0.028361983555485984,0.6156979478485575
128,0.0039837465634254545,0.0027303920553076568,0.0012632544049396887,0.0007111187417759661,0.00028810311990189516,0.0004902682740139091,0.0003738545174615991,0.0024782635670598787,0.3244118036779463,0.6632691950781674
129,0.02462208473632938,0.01881086858762564,0.004560726244229975,0.5257307388229485,0.011029927991810212,0.02375808539173487,0.02986098005148195,0.011919614640522961,0.03710741928333321,0.3125995542499832
130,0.04667193791154629,0.024178886490539606,0.001417197708465277,0.013700065871549797,0.0022570015659859445,0.0009874335065910118,0.003442496688328471,0.0016755708308716685,0.11616939221134207,0.7895000172147799
131,0.025572804347455538,0.005722030148792476,0.0012741683058828447,0.0135257672560221,0.0011699195809152447,0.01560076551334178,0.0062150448599862925,0.009577051711750882,0.01925263749927156,0.902089810776581
132,0.005117106456624102,0.031051257824662695,0.057097439265836304,0.02227391214388013,0.0056215494929014054,0.008917586331641811,0.031144086392997705,0.008555315032372718,0.024877021985670687,0.8053447250734124
133,0.2148370677688551,0.005626729479725616,0.003100650292882811,0.009702881857821496,0.0033942179945119656,0.0047159801793850865,0.00486204141125411,0.08087953923685876,0.37059588494614004,0.30228500683256493
134,0.020434834058874703,0.037381160504262066,0.0010729457988277512,0.19015058619044956,0.005439261521573025,0.0078093760962527885,0.0034966714078977033,0.0032464909579516003,0.005262960558997006,0.7257057129049138
135,0.03683086713850613,0.007729646013985765,0.0018711959528229436,0.0164462217966722,0.0015056686855348376,0.01834451397428862,0.007582518044432165,0.012701668839993406,0.02765649593586756,0.8693312036178965
136,0.007317606235077512,0.029363829251761182,0.605851507565466,0.019888365769143955,0.0016701242560010347,0.006136810081052103,0.018290337433575943,0.011232006717315609,0.027143706323355228,0.27310570636725134
137,0.044141179301010636,0.00992665131552586,0.0020895793896160034,0.019670063337559218,0.002025743149419553,0.018734807095111477,0.009839482125155757,0.02251243650976628,0.03612702014403553,0.8349330376327988
138,0.010095978726538817,0.013160048252966558,0.7025279428094395,0.008497918636061105,0.0019416102908792693,0.005262469877222598,0.006410230722990867,0.007332831114695569,0.0635328381993256,0.18123813136988012
139,0.019211274542963196,0.07495583011351462,0.013062148426787303,0.02880453343748877,0.19551746983553847,0.025576029032553366,0.04029806104416284,0.009541859589034024,0.19851312361589443,0.39451967036206276
140,0.012286314373782446,0.006957997321072921,0.000961935515778107,0.011833024676955762,0.0012910526938732113,0.012511603180354961,0.010495372787305066,0.015227906788522858,0.01115448613241707,0.9172803065299371
141,0.007075456771484805,0.004346434868532571,0.0010279651629276458,0.006540511673730586,0.000921987265522572,0.04803872518752306,0.005285759716573457,0.0017841408771316633,0.013854072726461655,0.911124945750112
142,0.004140231906633793,0.0062801999672107665,0.000713310717194982,0.0065696067707926974,0.0009171571699147912,0.017810396162287186,0.018333323772358905,0.004793740673354051,0.004536901038410376,0.9359051318218428
143,0.17077025283615174,0.009112446094179114,0.0009710901246281049,0.0077469554838695154,0.0017631151333538583,0.000484828838111462,0.0016680774268188702,0.001249028051786729,0.1679318938704683,0.6383023121406323
144,0.3564490381376915,0.011544114606177401,0.0007589054926365262,0.006331075481237899,0.002300061482952982,0.0007042245920786166,0.0015828445030785598,0.00085284853620882,0.11207265726176871,0.5074042299061685
145,0.007962599548913818,0.3435478073121547,0.24282561237516445,0.0356444867235977,0.15896104227186905,0.013363583278412102,0.048374750571469435,0.007970863490340136,0.014034732775448911,0.12731452165262988
146,0.45311032377007787,0.005585621456872665,0.00045031267114156254,0.005908099507211344,0.0010661387723063206,0.0012726159469905382,0.0010117816195485748,0.002078509998242459,0.043158640137853026,0.48635795611975613
147,0.012557797130366496,0.09354887825792266,0.04400904898389492,0.11623304223005371,0.4307843234714177,0.016562334923786434,0.012138152525606394,0.008582218941401126,0.021757417374309897,0.24382678616124057
148,0.006581994552735021,0.0036219244795084654,0.0019447805826611792,0.0012269348318703188,0.00034325030516982574,0.000512323760459323,0.0004989644262579298,0.0023643589167273043,0.2828003330781282,0.7001051350664825
149,0.004547861336503174,0.006463696329948425,0.0006441930387791344,0.006957424903744355,0.0008930324005909273,0.014482064058778221,0.016593269088509013,0.0060666245121666065,0.004753639831879029,0.938598194499101
150,0.5349593918148872,0.004323837191925472,0.0008789283520666882,0.001996745492749281,0.0011370626279289997,0.003281953936922954,0.0012388759168176866,0.017552485291294134,0.27897242012920764,0.1556582992462003
151,0.4200877017467415,0.012193598198088167,0.0012198832481743551,0.0031033377412707126,0.001145509675796103,0.0008988979747068355,0.0018131546696973403,0.0031783493974391315,0.134256200241402,0.42210336710668384
152,0.32455719473794953,0.012819797144962517,0.0017488055818939683,0.0030247697043619647,0.0015981639021983723,0.0015414436609014702,0.002161281828155071,0.007463029826308232,0.13925256589409718,0.5058329477191716
153,0.0037503057161643975,0.07699772475786991,0.24580367254778615,0.020400011938882908,0.012844739704249326,0.012874827753150797,0.027015589173479022,0.005439631587649482,0.010189828536826331,0.5846836682839415
154,0.010699675801860788,0.018261806955688336,0.027483275685757032,0.03407231852297668,0.0034002556763028918,0.012495998517409295,0.010019634749254476,0.05079647365877006,0.0800059974450092,0.7527645629869715
155,0.05744669588166441,0.006022753732155635,0.0007740907980757066,0.008757488264402102,0.0007441030970584552,0.00026701069025969243,0.0007608414465123768,0.0020463065268961985,0.1585676831383371,0.764613026424638
156,0.03998998487048429,0.01566244933503285,0.0010772342347321064,0.08816380002706481,0.003330232306904216,0.010330282079163276,0.011835910371845063,0.013006435279150276,0.011807664869664542,0.8047960066259591
157,0.003815836534047295,0.009225933860972712,0.03346483571789637,0.004124805785558149,0.0022441017848091613,0.008641933156310974,0.011522849104521634,0.0017186450609389115,0.03712400427807935,0.8881170547168656
158,0.013512262762123275,0.0404905412420668,0.03640531429553153,0.025114052370687503,0.005591354220525597,0.058519790620766066,0.06894573492725269,0.013592758213547027,0.07940216982337497,0.6584260215241244
159,0.202371882266357,0.01153218295168585,0.009906275489913347,0.016900198448773066,0.004115403695258914,0.01329055672234588,0.008752390400465654,0.04259610471792664,0.3039047353298588,0.3866302699774147
160,0.005334886535608068,0.022628272899226354,0.8376383320482658,0.006131504875696936,0.0018698915081855802,0.004306988606685132,0.006422022614594776,0.013218643497083026,0.017210920284003593,0.08523853713065037
161,0.11471178654149941,0.015319049240214173,0.008383652459936814,0.021896869220759008,0.006673960850054869,0.004157709869374509,0.013319930173503367,0.15319422688031212,0.39431853817408946,0.268024276590256
162,0.02003539091392819,0.055275341027386876,0.01184559989504228,0.029038254961591892,0.28074620877053275,0.025153395010424014,0.04364665464241475,0.010935027567680654,0.2039432878188418,0.3193808393921573
163,0.17655151742510705,0.024477447666613163,0.004641376858786886,0.012000032380991009,0.013454161155303719,0.001832297390073877,0.0075484727410796105,0.006112179241459407,0.22798282738654704,0.5253996877540383
164,0.013082124644370448,0.01014595644753201,0.0023577766780053036,0.01798713624654483,0.004115206800666751,0.2049132357352016,0.026443522651724248,0.00541292465078832,0.01174187043758978,0.7038002457075764
165,0.011091379194678624,0.004492427149089076,0.0007452219392646429,0.008405326022693508,0.0007920529998923505,0.012771264705945177,0.007137919584025389,0.008050475466036607,0.009423409429113131,0.9370905235092617
166,0.04118005005018066,0.008972008533400262,0.002462953157002412,0.021990431686687347,0.006203278460789886,0.05871169469330454,0.037310366003925094,0.005535984618498784,0.026070332428947133,0.7915629003672636
167,0.008858522113914205,0.006888550435823786,0.01578507259376101,0.0033055175275139323,0.01194220183968529,0.003355892740895042,0.003713652990907228,0.001184585168387535,0.012166037076356896,0.932799967512755
168,0.009644261614603177,0.006363099784222189,0.000724478891079236,0.0024344432897770306,0.0005572493727376118,0.0002857200217727364,0.0007161150364461522,0.0006945590938804938,0.1395927179111205,0.8389873549843608
169,0.15443928908326512,0.007431148999483409,0.000539678888687638,0.006544071589800319,0.0018377904440995464,0.0003816573037410017,0.0011405037251984752,0.0005213181309345731,0.08642237447554293,0.740742167359247
170,0.03005088725365289,0.0063743537870567645,0.00046663418274378495,0.0035592926693460746,0.0009738285339946142,0.00023016772729776255,0.0006646473484028537,0.0004426675900682188,0.16667093165126612,0.7905665892561708
171,0.010478885918763267,0.14526180401004432,0.5207231972491937,0.03596010278571614,0.013317584882441849,0.008399681588127544,0.05802037472859847,0.02999758540195649,0.047295573709068,0.13054520972609024
172,0.003956476094133264,0.002162557467290097,0.00032670203598484434,0.0004628288746640164,0.00017045983564745233,0.0003337327256435599,0.00016031280089039013,0.0025181431687966017,0.2518961792132816,0.7380126077836682
173,0.14843873946973687,0.004585809965650062,0.002321432298309524,0.022170945542682258,0.0016504174093755078,0.0011677995561471847,0.002377810503203484,0.02685913482818838,0.16813753169101478,0.6222903787356917
174,0.017555406105110992,0.22310294003063277,0.016096648620988353,0.04880129088668863,0.08098504016261661,0.00418220162242097,0.010905647788840673,0.0039256501727369395,0.04497834186149297,0.5494668327484709
175,0.056667071139021676,0.12901273131479732,0.07234542718363107,0.12221034549214038,0.028290527059770573,0.08132786924963308,0.26291081401650546,0.030675179436357777,0.049193967299976694,0.1673660678081663
176,0.12308434063692512,0.024980434954390413,0.0047636949833650445,0.010190924961698449,0.005764107412879994,0.0016377372225862556,0.008106526311751912,0.022978654530682947,0.21378690546723697,0.5847066735184828
177,0.005243846338065297,0.06130748205493455,0.04295702867308826,0.21416659895032067,0.007865973072829633,0.01819714152538178,0.024535447193515414,0.005186266063653077,0.015124966522109746,0.6054152496061016
178,0.0032473977925496058,0.002677540263848776,0.0003452847032610843,0.007092397653578964,0.0005945347160631106,0.012759226867376083,0.0076541588660896,0.002762075876698618,0.003468947614727214,0.959398435645807
179,0.2017355381777949,0.019121842908817393,0.0025574432408338966,0.023093010809795304,0.003691907595867216,0.0017240524624125985,0.005691580803529318,0.0034084875240723953,0.17565589212970514,0.5633202443471718
180,0.03688593002469075,0.007398052125440465,0.0017705289443392099,0.01701049486464727,0.0015183166263421917,0.018208599117664117,0.007323243408463036,0.012116133377848334,0.02743490639544157,0.870333795115123
181,0.03960257380259807,0.005846451495085614,0.0005838791568245123,0.0039884421904819185,0.0007959441320593859,0.00023054208305868051,0.0006256595455898501,0.0008950918627062892,0.15729620293368968,0.7901352127979061
182,0.01193672244412809,0.02005944707913157,0.004006410778968993,0.7320600531044574,0.007250899405172118,0.01042229119763561,0.013200623508993623,0.01309000876947961,0.035518844457840516,0.15245469925419242
183,0.04503017826067109,0.012329599382866034,0.012760483472012472,0.01712938126036759,0.005048860818829101,0.002474379171383533,0.00807790527861387,0.08193717551738042,0.24062062774943282,0.5745914090884429
184,0.006985604418335324,0.07468910345158664,0.10720539902645933,0.035860095693121624,0.009390789537371536,0.006907315389482943,0.03357171437404828,0.008530529694575954,0.016572634610424773,0.7002868138045942
185,0.16641700796937883,0.0032797547072260596,0.0009988358899130044,0.017488516740521588,0.00201610506212813,0.0036761848728584286,0.00226388709440908,0.0687047998491974,0.2675479195009598,0.4676069883134082
186,0.5163761690589407,0.009272708639213935,0.0016775154435032075,0.00575690420844665,0.002414865405311481,0.0010370668767942582,0.0033767247316391106,0.0009491396169286797,0.07358989230993722,0.38554901370928474
187,0.2604685685626427,0.0069589079206928495,0.002770600721861365,0.005355169898407424,0.002755701896434682,0.003566114853720321,0.004062632915223625,0.02094071124461414,0.4628400776356462,0.23028151435075703
188,0.020456681518584475,0.19309218656726385,0.019858859789820212,0.050286196376344516,0.018287692953502882,0.014748965687833477,0.46058874513643766,0.015430171825785835,0.08711690903394252,0.12013359111048501
189,0.0662469245631862,0.010653303178036295,0.0005574414864196577,0.0040924254494383566,0.0013144401767624125,0.0004179854904896097,0.001047345885864552,0.0009010017597892966,0.14048444092821077,0.7742846910818023
