,proba_0,proba_1,proba_2,proba_3,proba_4,proba_5,proba_6,proba_7,proba_8,proba_9
0,0.06642878892559147,0.026429786702542788,0.013693950739183038,0.010096327412487584,0.006553685896194211,0.0010537575814701487,0.002750963124358141,0.0013333474560791717,0.14970666021438828,0.7219527319477055
1,0.047324559674677365,0.03289600083397195,0.013189855289280693,0.017357113465745484,0.01582865168364201,0.0014937012879514865,0.0033108355135893323,0.0013629182174912941,0.12224843476143164,0.7449879292722185
2,0.021198554320972996,0.0021569119426714366,0.012417871240225378,0.002455635391118751,0.0007677226789800263,0.001245221523585474,0.0005648389339558877,0.004383308605211065,0.307431964279498,0.647377971083781
3,0.6860226415747838,0.005346151072833215,0.0026749143592614405,0.009265974313845621,0.002109660302588948,0.001506321240027251,0.0030680146753791692,0.008234984887022154,0.09356535538634894,0.18820598218790946
4,0.31166311066632246,0.0062889348288757705,0.024801003035507436,0.00944267261226706,0.004536044888861986,0.005226971025566071,0.004490808620778409,0.04452317371053759,0.3218342082817263,0.2671930723295569
5,0.013975409801464155,0.14757021059990738,0.09437533724420188,0.06851012304335263,0.2766193014489529,0.007631866086823445,0.020748381957850028,0.0032576920870734725,0.02470296514224,0.34260871258813447
6,0.4588291777138744,0.011973643618132334,0.007026984322310477,0.0077751055784626745,0.0036511301004322496,0.0017350538035248873,0.003209191058744372,0.001141418566183864,0.08943235454744235,0.4152259406908924
7,0.12541075966384405,0.04616478734038661,0.3159506184344032,0.03800462547312422,0.020248624731541334,0.009518581704351946,0.015353345985802703,0.018018321368256072,0.08907008613973609,0.32226024915855384
8,0.0018191886637064383,0.040502406165318645,0.006031804735407336,0.004747153760085339,0.004519661900836549,0.016372966882821312,0.019057695481503528,0.0015058386372714943,0.007669381595159146,0.89777390217789
9,0.046892457883302506,0.030714701450202855,0.009376495720970006,0.19935319099992,0.011732914594889527,0.002245890313531196,0.006851799063914717,0.008245567384783277,0.15802357215069307,0.5265634104377923
10,0.01510557428247459,0.014962449170857973,0.03194614482614215,0.017497758170720232,0.011121068680777633,0.14624760403453066,0.027825980870774855,0.034551132696996126,0.032500428275384796,0.6682418589913408
11,0.025622030087365105,0.02072326490482619,0.014444415609937625,0.012072174397859275,0.012929968084469166,0.001084187294910679,0.0030969637002602416,0.002092414353199896,0.13463254435611788,0.7733020372110542
12,0.4970519642568572,0.00292743625707886,0.0028990723378403914,0.002496476684737216,0.0012545280097900828,0.0015980450278211642,0.0014272866602413085,0.0008523955016139056,0.15534734396614425,0.3341454512978754
13,0.011355821344678892,0.0619589376506831,0.007605312184000015,0.016269246987684814,0.06431387675517329,0.004757075744525769,0.038487107449643364,0.004201996696395029,0.3144997245648285,0.47655090062238703
14,0.18914247790142352,0.0007651714607418505,0.0009774210107795502,0.0009247080578447507,0.0009389150950806573,0.0015153063644498665,0.0006425637092568375,0.0006066270602630454,0.07292307178041929,0.7315637375597405
15,0.033594054496359174,0.016497022831120454,0.02710875211550846,0.017720117062728833,0.015549178272905617,0.04764285899699274,0.1765462735088637,0.06278087299460881,0.03666359158188144,0.5658972781390301
16,0.0691335132951912,0.021149487091918544,0.0334582177261921,0.02614736103508392,0.016590903112449786,0.01089195938783157,0.015898084744404878,0.4548191016510366,0.17548431895837374,0.1764270529975176
17,0.011288483127586313,0.05266773732272024,0.025968633249776534,0.019590252865971554,0.3938814681813218,0.009025334744715141,0.02568671989883565,0.004102496207840521,0.0457451733348678,0.4120437010663645
18,0.23407777887892445,0.03312959539999018,0.01162559456811883,0.011023815592218628,0.009508597819996233,0.00205488462999157,0.0062981189843954975,0.005125384949159859,0.13922449609780932,0.5479317330793955
19,0.00724464431692091,0.021382932857340615,0.006893147159001297,0.02214279130064272,0.2314857719565746,0.015283580397187276,0.1274625904509856,0.004137367792502534,0.026986961754217054,0.5369802120146272
20,0.03602841580249827,0.019146941718829233,0.04497378367914468,0.02662187834398507,0.013314146699129305,0.013189998654504294,0.02640986825517994,0.23326584567134756,0.2548563441477884,0.3321927770275933
21,0.002994122182675399,0.0032122880315247847,0.005027840490318065,0.004076434574101479,0.001991462340488748,0.029789149651949735,0.0035965885524252474,0.008410404833782687,0.013297456607789412,0.9276042527349447
22,0.019781257021894812,0.03300722147983086,0.071016092964501,0.3127947562185475,0.03121536285682828,0.011261304505390124,0.01832224892443646,0.006974777561650256,0.04655523918620343,0.4490717392807174
23,0.017103514334735215,0.04093255577403851,0.03777761411294107,0.02925551554479893,0.39843870337510656,0.00936782319514792,0.02831012520733018,0.0053841303445636484,0.03916937784286811,0.39426064026847
24,0.027661901802283315,0.10271465917640864,0.175448648701643,0.028952042451929335,0.0296014148453578,0.016362420335669245,0.043539160723030094,0.024687912994173725,0.06402706198353311,0.48700477698597167
25,0.013444080364871859,0.0018651267746101529,0.006621195810416981,0.0013216465473775444,0.00035088103900208226,0.0007081961363884468,0.00032833605403346437,0.002378346403139031,0.165775544483157,0.8072066463870035
26,0.07082047595012253,0.002988520541385361,0.007776478768485765,0.007048496931956996,0.002346923306312469,0.002455953264001837,0.002158994869384917,0.06387959175515309,0.3405836359647188,0.499940928648478
27,0.05656235102002869,0.003177764754651584,0.022244104297595334,0.005169087062592063,0.0028133858318892258,0.0041589469919365955,0.0026931420423888957,0.034680395444650396,0.5848524115211476,0.28364841103311955
28,0.0035800794073661472,0.004193099952957136,0.0008112366970531948,0.005357715174126594,0.004695945814104173,0.0038091234345998485,0.011497912417299149,0.01071552529319815,0.011334391460641038,0.9440049703486542
29,0.001276641019394939,0.009574113373850088,0.011612124771172712,0.0076348643876336325,0.003074635613098239,0.0022015786100828914,0.004688471548065995,0.004274006247992359,0.009632346675795595,0.9460312177529138
30,0.00878263753614008,0.10974143303988017,0.017154463143157366,0.07583351660714105,0.2646152393553704,0.012452792832587165,0.2607762668880716,0.0055772436612312,0.05304118395783505,0.19202522297858576
31,0.0202482990852301,0.11208601673801813,0.07961985046152903,0.45889400036907013,0.08226906031728097,0.0098363415505065,0.013667813850550282,0.009801324433403504,0.045656906304483304,0.1679203868899285
32,0.013146672601346325,0.355077438127647,0.024462522574752843,0.045651973925924176,0.034660991279920936,0.03278972430179894,0.20383701200296203,0.010968750977734025,0.045209501118564976,0.23419541308934913
33,0.014019203120100052,0.0016604721237131795,0.0022131729104522837,0.002737961406708024,0.001571229843068102,0.0011041989119789889,0.0003321545136625562,0.0003701928733270467,0.18174509342768605,0.7942463208693035
34,0.02117963336323185,0.0028370145316257106,0.0024702513062981064,0.007618398335205235,0.0016487884275835762,0.0078959496318461,0.0042986314418590795,0.0014384384023517474,0.045981296607459546,0.9046315979525392
35,0.1845047104803459,0.024681478030635768,0.016121588380051937,0.010967769612509365,0.00785693551544534,0.0014741412407344757,0.0032250413544391513,0.0012969537422335448,0.1053284771398263,0.6445429045037784
36,0.11368193572870285,0.006805635197917385,0.010389630642283269,0.008352155477895992,0.0037196624784872185,0.0010086817128956158,0.0036825961737516205,0.00976684176411964,0.21884610035965985,0.6237467604642866
37,0.005045104086180364,0.0025459905580888045,0.01644278989217883,0.003315176857355992,0.0015913497266468403,0.0013371268471021394,0.0005427047932546738,0.0014677841691559002,0.30398700988544447,0.6637249631845916
38,0.006774297297384514,0.004509798871211441,0.02887979985900704,0.003057601230509331,0.0019017730846152625,0.0014418371735985588,0.0007584325730052698,0.002045017351579047,0.2929083820785387,0.6577230604805507
39,0.07055040445904062,0.003613003846731903,0.0026292977568330954,0.006206631715222153,0.005805958883592191,0.0013260288597260715,0.0008986030505718498,0.00046767711405270576,0.12435466519213685,0.7841477291220924
40,0.012215541984107823,0.16921616030904915,0.030022862498509013,0.04632631022661491,0.09894631801060495,0.008375772463680868,0.416188927679369,0.007658491454611039,0.07096761531337156,0.14008200006008079
41,0.02204727227059726,0.01749745302006855,0.0656274524987756,0.04518330828621037,0.01646025979259351,0.013721856760892482,0.021022917205940628,0.27310312707437634,0.19848958687436966,0.3268467662161757
42,0.10925043928086292,0.05263502233899496,0.044448817043597585,0.0696183007012029,0.06203044048298935,0.0062729388473868495,0.010879657440509432,0.004473034990629559,0.049019855547406836,0.5913714933264199
43,0.002461532827743504,0.008360146123679928,0.012928911851593238,0.037955521171283126,0.0183313145417862,0.015324553944420827,0.006978617952257285,0.003069712627781682,0.014510920251112874,0.8800787687083413
44,0.09749348675204048,0.0016316491952551423,0.001457214994117693,0.001823511830494821,0.0012531772399412629,0.001290340920719278,0.0005553077979153956,0.0003864196691049444,0.17639679927348043,0.7177120923269308
45,0.10457706500790981,0.004712418912593803,0.004620009412995226,0.06972732851191216,0.002695738968980376,0.0027613125893315334,0.0041125779495808056,0.04120912856617367,0.19455441908909088,0.5710300009914312
46,0.03808043421215789,0.036187372494292144,0.06816366161914716,0.09201983594415952,0.029929806752927387,0.03546773872022733,0.03477413362571519,0.0408669475734806,0.3196456121221235,0.30486445693576913
47,0.15704715654891233,0.02215081992022361,0.013400278561992617,0.008132601490385674,0.004591187602530383,0.001226587865538002,0.0030780430160222915,0.0012546924300956312,0.11317913283895423,0.6759394997253454
48,0.00605411461106258,0.0036668826319440065,0.015806053469052308,0.0024705536395843507,0.0011599819712499806,0.0011924102920365918,0.0005858031922238471,0.002267527211372627,0.2812408904943426,0.6855557824871314
49,0.014183671733711217,0.09501631751763909,0.0287746937245394,0.04552094340035139,0.04123065804368736,0.031201018744114004,0.5106949782300876,0.011092038566600584,0.024258880099507267,0.19802679993976186
50,0.028894621131970027,0.08349202077598311,0.0675971083717189,0.10364138279772384,0.23695581087116638,0.011830043570195962,0.0353815587274565,0.007603273359119839,0.06054692275701384,0.36405725763765195
51,0.21981140503076688,0.0019812017377274244,0.0022413575769691502,0.0015093680238917042,0.0011333483008184521,0.0012142603518198241,0.0007905251803669223,0.00038601630478506187,0.13386707465285663,0.6370654428399983
52,0.10672722830341248,0.007121874470347499,0.005543400812693817,0.017852168759913228,0.003371818884537453,0.0011007141041344526,0.0027054131983652134,0.015263527690791614,0.26697235893353155,0.5733414948422725
53,0.045373372018959864,0.005933100752700171,0.0031403391062103637,0.006609701200490892,0.004781485834047002,0.0014336482478969237,0.0017097829571066407,0.0006504339243360612,0.17345496783829484,0.7569131681199572
54,0.22237478748161968,0.008044338104675277,0.009322972930933688,0.005945317011098213,0.0018302721162040448,0.0010320496309573172,0.0014295694590977985,0.0011604070108840836,0.16458764412503935,0.584272642129491
55,0.7114431664815064,0.0029774000472934927,0.006091742748604025,0.004486034197478362,0.0010672222034481733,0.0013881274254644806,0.0015767131679949552,0.004205847497173556,0.08546217318444095,0.18130157304659605
56,0.020156350070147183,0.0013358969825936714,0.0023654192760968334,0.0009708570760466114,0.0006858368330331913,0.0008118292607621089,0.00033058369863412176,0.00039554559792248076,0.18321286487279265,0.7897348163319713
57,0.006029719944450452,0.005865301659257007,0.04670044069675573,0.004424296725157952,0.0037945115819225175,0.002116189318393966,0.0012231300748807312,0.002077921466976432,0.27931197386219275,0.6484565146700121
58,0.6741223899335137,0.0025637898918107168,0.0035272912160829286,0.0022441720940968093,0.0015506340843996996,0.0023556532959917633,0.001806402854971237,0.0014624968698044966,0.09304045739077879,0.2173267123685495
59,0.01554335928275231,0.16771786504522115,0.03753693578673909,0.029129367187685405,0.27567624028754106,0.0073693849342749956,0.045240934469011444,0.0043837013889306345,0.06011302656824252,0.35728918504960117
60,0.0034839791213589996,0.00895842817186801,0.004298107709091804,0.009920369463002046,0.019080538493753095,0.043162728237421184,0.06133614574306953,0.0022186141805782527,0.00475278174527133,0.8427883071345852
61,0.11729285917421872,0.050833625446812775,0.04864960176087969,0.0572437859899612,0.06677958892451866,0.006391342195591609,0.010216755086928401,0.0039356338608513165,0.029151059590125206,0.6095057479701124
62,0.054499277064639515,0.0066146953405099,0.004346821786152894,0.011141566115271725,0.008840365843865685,0.0013975857041973283,0.001233536724563258,0.0007192071756655266,0.0849758827972116,0.8262310614479222
63,0.015597947507792576,0.29428992224426753,0.0162094243555695,0.03561068329676116,0.03344598477123595,0.02084423156725101,0.16033272983169045,0.009455981643176408,0.05625713110836639,0.35795596367388915
64,0.02894205555510507,0.13053759416993657,0.2359777066777354,0.03831342872629697,0.03211009918013829,0.01952467282244728,0.049717367663317344,0.020666373881931425,0.03890373186617439,0.4053069694569172
65,0.00790981785576131,0.005747569760779005,0.043790089748739915,0.00816257868671552,0.003691009255039375,0.0024334522401908464,0.0014433730277899764,0.0031281922821397574,0.3499805437175248,0.5737133734253194
66,0.01329236941452655,0.29567911781680434,0.1260554092101011,0.054706781860646356,0.09791120715596031,0.00872347499227591,0.22603759542808272,0.009600572419090606,0.05008629338737404,0.1179071783151382
67,0.06549536639946485,0.025347171936729272,0.04707023737474087,0.06675676949658177,0.025064639640314034,0.00458627091277307,0.015017581171642985,0.012440867505568026,0.1766647766300239,0.5615563189321607
68,0.02943004926947416,0.11006815133393305,0.015586554762836822,0.06240697992445569,0.029366395644455045,0.0038009197995984827,0.054741191634126614,0.00411131805952218,0.056364696190069015,0.6341237433815292
69,0.334376027535772,0.0056164530087602325,0.014650551121200839,0.04341878832248924,0.003685635655218423,0.012733584725255905,0.007848159470627296,0.04676768916165282,0.11139487043900216,0.41950824056002123
70,0.07441115909553941,0.031825845815509145,0.01649353295249718,0.022892889414576015,0.014198285087729565,0.0028381624436613264,0.015610850355244742,0.010295468983393759,0.4258826420046386,0.3855511638472098
71,0.3691917157884328,0.009952076756197442,0.011529029351097916,0.014394450603805373,0.006527587648366092,0.005822400929878695,0.0071970651240954985,0.0768312969085694,0.2940802215551633,0.20447415533439275
72,0.009380319939208369,0.10321303644679773,0.026706618720220673,0.028726408968422712,0.33776471873556657,0.014336103162171692,0.3392961859302179,0.007236416080932321,0.018247211019646152,0.11509298099681606
73,0.023540616356483458,0.07067100192917494,0.1346881186651927,0.1149428545969934,0.019124888884757444,0.0036754036955929247,0.012898332949875168,0.008611397574945952,0.27406135792469355,0.33778602742229064
74,0.0060576272487999705,0.006699153371256523,0.01251357865937936,0.003334753190960253,0.001591015104370504,0.0011723668633687192,0.0009642151509319136,0.0036128251208214198,0.25449472302321263,0.709559742266899
75,0.015048930240683319,0.22289210193889147,0.07032995935540633,0.2027687410067578,0.09460367981308526,0.06283866630516481,0.12295336302687962,0.017124999184238758,0.020810088786759134,0.1706294703421338
76,0.0825625510219778,0.0198525115141068,0.010881931549113101,0.010683518784651017,0.00870147568165967,0.0012432072975076508,0.0022233609590353396,0.0009412277813995412,0.07338417571044079,0.7895260397001088
77,0.024215630399399724,0.021866962062229177,0.011767464984073273,0.007151313543520591,0.008306505868888628,0.0760298963122282,0.02934320976204264,0.003906600320681601,0.005338339925355132,0.8120740768215813
78,0.15505168915663137,0.003945227542380768,0.005866889481410975,0.009864925468834709,0.002481384802611375,0.0031635592868100824,0.0026018750345752927,0.01197569306982819,0.350985742731082,0.45406301342583527
79,0.004169186960064052,0.025020492054959268,0.8698756370278092,0.005314665663764857,0.00497521229100088,0.006409474174830172,0.01890561826342192,0.007882521731284262,0.024719220617382638,0.03272797121548221
80,0.08653975038828002,0.002993372780208925,0.0021957360615040607,0.003990916858747924,0.004064119904920275,0.0012540373682179207,0.0008518658631214463,0.00041154573789241306,0.1690513787568622,0.7286472762802445
81,0.27806819341295175,0.004007997575122172,0.01657685244371462,0.003172700079654857,0.0017114091206139011,0.0015654618851995339,0.002127423006058668,0.012838106539033365,0.13766428477395326,0.5422675711636975
82,0.20825456824680624,0.0009743829972304273,0.0011788343933264419,0.0007710204753106348,0.0009069192203142324,0.0015415555463146084,0.0008414861419454951,0.0015755055529149433,0.09261070906730286,0.6913450183585346
83,0.6286311684678684,0.005323165242630198,0.004134879202650858,0.0045361818543297764,0.00254674827127755,0.0020943258102912427,0.002377679909794083,0.00115080986095023,0.08834765195702955,0.26085738942317854
84,0.006677248808587392,0.10993573530926146,0.036171388308860304,0.12073893096207562,0.14719524973272713,0.028854418912259646,0.4820967300077801,0.00639738793876263,0.014289529947948515,0.047643380071737636
85,0.003490236226850988,0.15472523425442375,0.06777147705439548,0.01018566139479203,0.016841966512807602,0.009850952039872032,0.7265062513784094,0.0030090203983220327,0.0031547722406503353,0.004464428499476446
86,0.08752804796276623,0.0025122649195188245,0.002633962469247322,0.0045580321994919265,0.00202850659746863,0.0011810426383279894,0.0012319243784204464,0.0012189664084563618,0.11503536203050446,0.7820718903957984
87,0.006868105388291344,0.03292291007812854,0.09089817792907555,0.013581642100817887,0.012582580240536392,0.15725638273738737,0.17092875575808403,0.009842180612511872,0.013974633255890097,0.49114463189927704
88,0.5339958954389569,0.0033817086740542054,0.004243862469715118,0.003429284309534165,0.002889868404202831,0.0032097935218165733,0.0026550543689160223,0.008908111857871845,0.12688177590687208,0.3104046450480604
89,0.01480633373369195,0.06743586158605187,0.7165763439655084,0.013640610013911633,0.02334901676852169,0.009142070766161553,0.05565187147974184,0.02767222127563035,0.03685376713463595,0.034871903276144915
90,0.25976150523375524,0.007181393411276062,0.016151156449527724,0.054177704402455354,0.005354796969015559,0.010102660933328265,0.01006666516831884,0.10644655808965572,0.14522894189451746,0.38552861744814987
91,0.08248441705086047,0.008465134786595479,0.004852519184430756,0.006301621588254017,0.003913622866768268,0.0008578736082405375,0.0011980796262335593,0.0006362052973686308,0.1376024488787586,0.7536880771124898
92,0.018979159005010994,0.20380666645042989,0.3048694831514378,0.022543958670869637,0.031065928140047272,0.024719976316474036,0.1733716873696658,0.02984144347647201,0.10269098756632211,0.08811070985327044
93,0.0885641980660022,0.07338379390642719,0.042466085783604245,0.043296190726805656,0.04657191035529635,0.004269253243364761,0.0076249404916846715,0.0031430423380385975,0.07832595705480026,0.6123546280339761
94,0.02810142371883288,0.2944528637904651,0.28140555926376754,0.0359612887504864,0.06686309643828958,0.008076855553803986,0.12848516939304772,0.007646664190634843,0.06283662995753367,0.08617044894313863
95,0.05783198153646683,0.06386708752708739,0.011487941004652707,0.036818853592477385,0.02198671481882493,0.0038173417002435196,0.018867607691593728,0.0056976825963525254,0.30680575566096113,0.4728190338713399
96,0.01516541330524658,0.17266460713040038,0.11945612096144247,0.03903756271941433,0.06059930920994552,0.1512924060033909,0.3672892212217885,0.015714981708519104,0.022997787543681793,0.035782590196170305
97,0.02818116848968684,0.001744934155781549,0.001726569914952797,0.0027550186405373013,0.0017232813507338173,0.0010952243610680597,0.00036125466833826253,0.00030264518333558704,0.16451695903807545,0.7975929441974897
98,0.4727169287666702,0.006437922636273375,0.006900800210518367,0.02491453179552388,0.004993497072514134,0.00851578320127435,0.006427859594783321,0.16679126888097556,0.14632183367810553,0.15597957416336156
99,0.17620517607981342,0.0022435828795586616,0.006706773074196994,0.0031536735126002726,0.0009602219551548552,0.0018467146706853594,0.0011450382175797564,0.016880071685537068,0.29403373202897237,0.4968250158959012
100,0.005247743303987418,0.009916074565652171,0.013624738660433278,0.005102163822682694,0.0037634715746033085,0.0014983182700517702,0.00163806625712347,0.0027966057187838343,0.2205437290846471,0.7358690887420352
101,0.004698686090968017,0.02222471160839419,0.004844347829449963,0.012734925411161153,0.20746154903757097,0.009992371067517086,0.05409477197393729,0.0021651728531548596,0.02304400725367707,0.6587394568741695
102,0.00933560435948909,0.0016005372762171988,0.003050252132595652,0.004970927454447222,0.0004636117232814324,0.0006688026350090685,0.00029505195812951985,0.002379091930382452,0.17746981786579497,0.799766302664654
103,0.11781325017026117,0.015556533413930611,0.011219898032154623,0.006458775508942648,0.00505472122483501,0.001185514863400172,0.0022285645904538028,0.0011456647615538352,0.14104320214334343,0.6982938752911244
104,0.4260810938747495,0.004582624992334642,0.005563693767289593,0.0070651178474539795,0.0024364289213570185,0.0024519254407251493,0.0025766490887230214,0.0070711058463331705,0.16234777980983683,0.37982358041119707
105,0.004679224238623036,0.058041671055210464,0.7926890072617923,0.008185765635830839,0.0181736043113528,0.009404970466725246,0.02352790163006697,0.005010257555068755,0.012793369676395435,0.06749422816893347
106,0.09572658127704228,0.02795839330811403,0.014292391463113032,0.014016350246310604,0.025291758273816974,0.002298680740453413,0.0036405112572456834,0.001296950386317564,0.06267047879335869,0.7528079042542277
107,0.2063252528963412,0.01298237869297541,0.011860675895043601,0.021215346702845063,0.009448990115231483,0.00758673714813098,0.011646222032983754,0.19256926326789922,0.2556352001072391,0.2707299331413106
108,0.036354614484287465,0.002681286784046569,0.012723657706915768,0.11649506910336926,0.0014031240479408878,0.006243305585316184,0.005171844048160666,0.0065446981643945,0.07505840270450562,0.7373239973710632
109,0.09979254122964354,0.028502794232801026,0.041166792364419905,0.05654529847840623,0.04769146386213385,0.0802712518565987,0.08736162511742954,0.33963587274284457,0.08363461163300148,0.13539774848272162
110,0.008859735467110384,0.1600551272969514,0.18215138979903103,0.13189223617900953,0.024422521037490135,0.009408334596923171,0.04417389632958643,0.006163239330405687,0.041535850205613234,0.391337669757879
111,0.04187353451488304,0.03195106535047687,0.08126944393914552,0.03990968393153941,0.02560480899946713,0.2404246169204854,0.06458707124914985,0.11499615447461105,0.07164027856277141,0.2877433420574704
112,0.004895453184486194,0.19978564004375915,0.04809476345817275,0.056467154900312407,0.4922499345898515,0.010665135388742003,0.05159573895763612,0.0036464054228517715,0.009979197439174385,0.12262057661501373
113,0.015341954681802819,0.007619975763032764,0.0021883621173544344,0.00703464665069912,0.005029543663998322,0.005783391790525696,0.006814792015302393,0.03784406583778356,0.019910721412851932,0.8924325460666491
114,0.022206493128971647,0.01492286500641753,0.01624624261385663,0.01287861389248555,0.017890027435281217,0.0017747767396860572,0.006020715937335571,0.008889425550311473,0.2118256962136155,0.6873451434820385
115,0.0509014886989615,0.026586572719213573,0.009652327014541365,0.12683478195856285,0.011052952224862486,0.0027316385347935053,0.01147810030334434,0.019815581970168014,0.25905265575828545,0.48189390081726696
116,0.00894240343198287,0.0033885215299902572,0.0009828523521583576,0.004103253691152404,0.0023428499530583845,0.003003902077734657,0.0031518345289068676,0.019371606093772833,0.013141086926269079,0.9415716894149747
117,0.009301713851222079,0.09107403489631959,0.5344783625608719,0.07902331593465164,0.020773666857142218,0.016786302513282614,0.0812674582151914,0.01577188686156889,0.05908105802229549,0.09244220028745427
118,0.2830924911059597,0.011539328712220806,0.0051689628016617865,0.009616496574091792,0.002662660766982161,0.001085707275263937,0.0023924899226042597,0.0016202997889925798,0.18643079159331963,0.49639077145890376
119,0.7797287664119997,0.0024054865817695237,0.0016719359260638,0.001661894720168994,0.0022786715014125173,0.0026197081030359,0.0020892920758668653,0.006117308728743031,0.06852533487704576,0.1329016010738937
120,0.0048192968352037254,0.16417068207777347,0.03818948824693382,0.042399431695136804,0.4413205967020073,0.007856271008591226,0.0340910041717267,0.0027938600182893583,0.022047539520829565,0.24231182972350804
121,0.08125174092450711,0.001959290294267295,0.0018149301285106292,0.004071032992557494,0.0031054423674992003,0.0018839399221712533,0.0006518812317732311,0.00044949178328199617,0.1301360260369792,0.7746762243184525
122,0.00885699224418206,0.0028491068802860655,0.002794147466486297,0.00961780497773651,0.002226432020658747,0.00966994256834124,0.004725039558275942,0.001705677544640239,0.04167453930970176,0.9158803174296906
123,0.1152607129837644,0.047345536536889936,0.017494226011463575,0.012493038750979953,0.014849936556710514,0.001812955288744898,0.004721615871036057,0.0012922623012151736,0.10430580781237946,0.6804239078868157
124,0.008164389256776738,0.008274684678417576,0.047980559798405674,0.013311923975794662,0.007782360597357206,0.004619232482452976,0.0031568173611730317,0.005229000026117762,0.43565542344164576,0.4658256083818587
125,0.0017981574835704138,0.0385330627748519,0.005322192681967597,0.004023819416016754,0.0038997350684794904,0.01616373143236167,0.018892014287304727,0.0013924845329752117,0.007348086835718996,0.9026267154867531
126,0.4263173893061242,0.011521464803902488,0.008965171636689417,0.029231158117930287,0.0032077523627800472,0.0017101720275640058,0.003825829663574678,0.00886869181776829,0.14464845717301594,0.3617039130906504
127,0.03390898346049904,0.009615534088037383,0.017190748961661822,0.20743671910293518,0.006403680654349381,0.002863361868503463,0.004163736415495067,0.012044406010876973,0.25457901445177666,0.4517938149858645
128,0.004181805786460857,0.0051691898208604484,0.026491820174539223,0.004558872320526421,0.003361904129154073,0.0016462364541312412,0.0008522894844100242,0.001473497593184215,0.26736589124389937,0.6848984929928347
129,0.015590462686459416,0.010818502517564674,0.01942134154564584,0.3020116742095741,0.006867210019450015,0.01791766399994291,0.02064893772114021,0.008929489531432706,0.05694069937162585,0.5408540183971645
130,0.06499180782927773,0.006606655053758315,0.003043633585158403,0.0058002023667308115,0.0037645205898196167,0.0019571186902687734,0.003318787758510772,0.002203158727792806,0.12801132920071767,0.7803027861979656
131,0.004247709622934201,0.0025080961298636108,0.0005083483118655119,0.0031375247676612753,0.0014715647576694214,0.0024238313464340403,0.0023440043296731623,0.009349668832472223,0.0113182521635574,0.9626909997378693
132,0.006456375374315552,0.10583305287264873,0.45001072576644535,0.030490937753437277,0.013059866566292981,0.008349452797002894,0.02826445553279898,0.004662230857790886,0.016974139997392772,0.3358987624818746
133,0.27208520384266993,0.008753418425043695,0.013813361915119672,0.012363257871513659,0.005932518788417125,0.006336001283275801,0.006454890468163635,0.08585594344103306,0.35631881802395904,0.23208658594080456
134,0.016554563427034416,0.03038797889235562,0.01124769510058336,0.036636484673956436,0.05606542513861293,0.041752402603037544,0.16724049025530544,0.007578939984850627,0.026719075385899904,0.6058169445383638
135,0.00617960246226505,0.0032181476428503196,0.0007416651758929551,0.0036985702429140426,0.0020153080171070466,0.002933118523231846,0.0029005259291282094,0.015576196079945521,0.012135914668669359,0.9506009512579957
136,0.008449921724241713,0.010163496983330212,0.6933556970423951,0.015389403646310217,0.004857923761445772,0.0068611407758951345,0.0034096288559907232,0.029659659101929192,0.07266533924702398,0.1551877888614378
137,0.012474362787141655,0.006999029015164484,0.0018289960915096124,0.006213448374334108,0.004434611270115476,0.005225289747010419,0.006168994107493466,0.032576795865340825,0.018780410875288183,0.9052980618666018
138,0.006723489536164296,0.006208353075998785,0.8330835403921223,0.010015114600324745,0.005046987088480562,0.0062449710827647675,0.001661107490406052,0.005295815133274018,0.08901323610583443,0.036707385494629485
139,0.015219378222582004,0.10138877076424437,0.015613297111684578,0.016402646843052718,0.05581585899726688,0.005581576164522354,0.07118606390745502,0.005611234255380969,0.40670378689650094,0.3064773868373104
140,0.003655056683163697,0.004096718128670393,0.0006508341877527015,0.0037352259184362494,0.002214433166925391,0.0033141519354869396,0.005749253556669713,0.007395967879779493,0.015477250850064855,0.9537111076930509
141,0.0034137280817308916,0.03954724273230189,0.005468643259602016,0.0030280420981604853,0.003640972454908509,0.02195589023253752,0.020404725112811526,0.001405924120245752,0.005298576042518982,0.8958362558651828
142,0.0011701300594150683,0.006613534611243197,0.001338841298788748,0.0045117585913079655,0.0024325152835622484,0.006541684904419298,0.02211838040579436,0.001329059562820146,0.007251043546281148,0.9466930517363673
143,0.09787402957335728,0.0026981346811532653,0.002735778722017799,0.0038845571257480195,0.0009934484276476491,0.0007071287780941015,0.0006266223499843815,0.0006005657262544194,0.2195649841209019,0.6703147504948411
144,0.5355587097240858,0.0060809500850809535,0.009688521957785315,0.004804894202289649,0.004756993181635412,0.003139536788764199,0.00276249755032549,0.0007871121757028405,0.0548845173495244,0.37753626698480636
145,0.01456797671077176,0.21854390528376488,0.09483332114089654,0.12906808688376936,0.1581687963122453,0.01966052312900679,0.21530718985813613,0.010084044952021596,0.039036556985860546,0.10072959874352627
146,0.29470271224523753,0.0018329837725980652,0.0013025086698412083,0.0018394841358298755,0.0018807073227117474,0.0017473842333991841,0.0013592375903888412,0.0028670668684620394,0.10535833724020564,0.5871095779213257
147,0.009717085169761283,0.24784106949042362,0.0651882816661945,0.183695219436217,0.3480856396230025,0.01570850231721366,0.037018544898285675,0.006574656951720025,0.012174656865169232,0.07399634358201275
148,0.00513544406432681,0.0036205717123579295,0.01431242175225099,0.004101349547637697,0.0015676843676901708,0.0011816753102408205,0.000613190297412381,0.0016432116788301847,0.22441751505780244,0.7434069362114505
149,0.0013349385970654046,0.00525975575724539,0.0010103462659543428,0.004380743330442216,0.002344516318165808,0.005387006517124178,0.017876758222915796,0.0017335555133290972,0.00849905169631691,0.9521733277814406
150,0.11619131326538985,0.0037040699982271,0.015237990774226894,0.0029598437138903307,0.0017819593002180096,0.0018349531864749206,0.001709614958500748,0.01333840196398369,0.28585171156033046,0.5573901412787577
151,0.4213769625542779,0.003370896442711262,0.011853570313044072,0.0032318263036609798,0.0018168586357032001,0.0015354905565291078,0.0023466413982172044,0.00519993204609616,0.11524876121194214,0.43401906053781814
152,0.38625008974287084,0.0026432215095014895,0.01216669807483537,0.0020389487353095377,0.0015300876184377102,0.0016447092874953932,0.0016131376714886236,0.006273507422725186,0.09717335555915078,0.4886662443781852
153,0.001778977106395191,0.05353802156069124,0.6650409423953252,0.005027596419048234,0.009697281781514206,0.008023295132566874,0.05177745574438869,0.0022569932817080654,0.006333234585912818,0.1965262019924496
154,0.011730192064759178,0.009819125394218304,0.035761072998306206,0.03281489706752267,0.009266019467345952,0.008423005824671764,0.01456617546645737,0.0790115032618503,0.22925035773649557,0.5693576507183721
155,0.058846081869818836,0.0006892974290587714,0.000807359002123836,0.001608600036017955,0.00017312139608766946,0.0005694115218304451,0.0002061794053079425,0.0007243330896557688,0.21961814155047638,0.7167574746996223
156,0.006691903208397302,0.005028763759580867,0.000633185250869315,0.0033901167464488145,0.0025564696676878616,0.004910802480278557,0.025228492519393974,0.006266557956879936,0.010638555266693469,0.9346551531437707
157,0.015979939498225022,0.014991413140283119,0.034177039411210766,0.019662822498772752,0.011610672513247626,0.1601234722725064,0.026963633520098663,0.037413878648779146,0.03455585656465615,0.6445212719322203
158,0.005662060641419005,0.00828805169469921,0.01377733526698579,0.007184325175989896,0.0056970936024111195,0.08422873823374334,0.015506126514429827,0.005348723701674151,0.009849858850880926,0.8444576863177664
159,0.14197211346731464,0.005672162430698736,0.019459406592909737,0.018058384459223177,0.005024789750010396,0.006874034336933533,0.004462799758243693,0.03899717142455088,0.6176087742627905,0.1418703635173244
160,0.0014865618591321367,0.004104501393288672,0.9281049474186713,0.0037048557369823583,0.0028516700349260327,0.00783545598727204,0.004205737037345716,0.019535742066674355,0.018373124369880815,0.0097974040958267
161,0.3297439653931229,0.02173738486973035,0.01342256190804317,0.032865534670072846,0.013477217584459907,0.008477722814852642,0.017277955277001752,0.28170672411007414,0.11141289664456212,0.16987803672808022
162,0.008501903058440348,0.03415230969934238,0.007423376445757062,0.018582841075216034,0.2803692261497313,0.010365755551262627,0.12460887165824974,0.004612802362440147,0.05523259816756597,0.4561503158319941
163,0.11733030550240783,0.07747265158221586,0.032733481123374056,0.022605332184565455,0.015637581579738748,0.002443988818793246,0.008931502237541116,0.003541876388807191,0.14388133224085206,0.5754219483417046
164,0.002960654785271599,0.014220786421032236,0.007016306922847365,0.03309289028861468,0.009007102987711858,0.23365491718441694,0.0473490345589462,0.003923712048317449,0.00374882409571077,0.645025770707131
165,0.002920041825361963,0.002961023188676855,0.0005073153942381112,0.003126950705433131,0.0016579365788484772,0.00278338957892702,0.0037231704363031525,0.004693844783983126,0.012713375635121116,0.9649129518731069
166,0.0028147955228357653,0.0016522161806946354,0.0015508680436115859,0.0070704442320887635,0.005639821096009646,0.047245888846925516,0.022512151239796933,0.004992888949717077,0.0021747229222336254,0.904346202966086
167,0.04922538394462487,0.07136837521003156,0.08055989361484622,0.0827249376761491,0.12665172858267956,0.016801410576813613,0.027328834287835262,0.020399503802335055,0.06791650940030762,0.45702342290437714
168,0.007471107502134603,0.005650239933887673,0.008646610456087077,0.00552905044183658,0.003979260451532106,0.0015221103533729521,0.0011097656494561442,0.001008781612573494,0.17844438523408912,0.7866386883650305
169,0.06663964648083097,0.00666462045535753,0.0041397780817636065,0.00973510920553366,0.006787215841815606,0.001121690184134454,0.0011971670148584993,0.0007036757570093601,0.15088644463931652,0.7521246523393796
170,0.03064715600735896,0.001999734663252124,0.001511576850340786,0.002302358370638827,0.001326222435433174,0.001027034994212633,0.0003780842568547066,0.0003307565107191232,0.1828936708531832,0.7775834050580067
171,0.03024560847696037,0.08353442933362891,0.6440377114357411,0.03359843331208567,0.013636226107036943,0.00782164226338897,0.03384805011059886,0.020227955031797765,0.05847862301459118,0.0745713209141705
172,0.005281829235824447,0.0033127171066464397,0.017002550950948117,0.00289166965359207,0.0025684224743757617,0.0016444481502742843,0.0007373380010122201,0.0012246187645937139,0.2716264115866627,0.6937099940760703
173,0.06596891948680088,0.0016578621700868586,0.0036677523088821952,0.006321378723913903,0.0012605535743645934,0.0011806028916924952,0.0010428405687027114,0.017051643816150056,0.23983282013220167,0.6620156263272041
174,0.029182211009549434,0.18639397737031072,0.037065345503869584,0.047495604349586634,0.0755320037575321,0.005299998701975487,0.037381674598197266,0.004513925299081881,0.19144623399213861,0.38568902541775785
175,0.015402363015404052,0.11047418842140629,0.04832673594264869,0.07971253126202137,0.10147846729606934,0.13162206147936,0.28241129678424176,0.01792899955408613,0.020049946291902647,0.19259340995285876
176,0.17465650671574814,0.02198388459879574,0.008729032149315896,0.03396274860040011,0.007881387380745473,0.0019032193042707605,0.01268875228213275,0.02915152736298974,0.1491384297652394,0.5599045118403618
177,0.003971521719162404,0.05471572666813986,0.06137476366287502,0.23739951496884562,0.028768178361805757,0.01760179441574758,0.01648246100713963,0.005256809023113044,0.015098344435113235,0.5593308857380583
178,0.001310631571799322,0.0032890506762581406,0.0009675368208690401,0.00783044688359876,0.002217933806013063,0.0044112051003097705,0.0060884277870052106,0.0013322130566697094,0.011701019262190974,0.9608515350352855
179,0.052345760951621946,0.003655704344615561,0.001343399521778771,0.004133411711605385,0.0014854852545685261,0.0008629100059071728,0.0012569558915329763,0.0013168869131488497,0.1305051892633178,0.8030942961419031
180,0.006090255280799373,0.0029234022451978072,0.0006647066912293217,0.003569887171804746,0.0018057915309543082,0.002754766529069686,0.0026416150971773733,0.013802264044708643,0.011985063549140593,0.9537622478599184
181,0.025686659745939495,0.0014620548132821582,0.0020806145129218696,0.0010358539036489527,0.0005470533777538832,0.0007747138180478978,0.00036145948604553684,0.0005064913977213415,0.2058715097209207,0.7616735892237183
182,0.006066896271709779,0.003173256931809046,0.008850723014850834,0.7992742843217802,0.002273732266610581,0.008707017332739472,0.003650463937812621,0.01305100770639664,0.01619504181348139,0.1387575764028098
183,0.04952166475701026,0.005461708708073002,0.007807317542445206,0.021436598727008593,0.004746345265217716,0.0014432128477721777,0.003594877696188947,0.0630424309175868,0.15148395128041134,0.6914618922582862
184,0.005674164202564604,0.13212268905635233,0.32196414149751273,0.12210737402230908,0.032910942863495274,0.007900497936326994,0.06970921323634822,0.004144927125150563,0.01622051133034418,0.28724553872959596
185,0.2683002460810206,0.00865848891583639,0.010662319732063734,0.01976265821252064,0.006916483369898688,0.008084400305856006,0.0077777297366842515,0.2095518633461128,0.29485825427395057,0.1654275560260567
186,0.19102506908907899,0.015355442369032296,0.009971313134502308,0.00682802237701632,0.0033004530861688096,0.001128034316742565,0.0024343410003731625,0.0009602951424033962,0.12036192660522485,0.6486351028794571
187,0.06740624224720466,0.002799096096893883,0.007835533855634307,0.0025658225358243547,0.001472518011793271,0.001565912706287804,0.0016918389144410092,0.010065031475892472,0.30420058620358015,0.6003974179524485
188,0.01347019380476573,0.14637529866594065,0.018016270506341674,0.03468860613781336,0.07023266414346803,0.008018306796903412,0.5083169019356888,0.005146700714647877,0.05324133967876147,0.1424937176156688
189,0.11025317133053733,0.0018866043845342183,0.0013561068884213271,0.0012860188251895106,0.0008864072759449959,0.0009937716779968378,0.0005957802282387631,0.00040818922727610277,0.2093595018702248,0.6729744482916364
