,proba_0,proba_1,proba_2,proba_3,proba_4,proba_5,proba_6,proba_7,proba_8,proba_9
0,0.17715157526250047,0.013996664096821446,0.00030602263088716405,3.6226738634841295e-06,4.301721387603565e-05,1.4593626993265746e-07,0.000136259313640938,3.724689015006786e-07,0.14660257181323796,0.6617597485900011
1,0.1092100819986939,0.006949930075235219,0.0008207940456439354,1.0721877500933488e-05,0.0009019860064799231,2.170224159813111e-08,0.0002786751889249451,1.267209435046629e-07,0.17284509460305034,0.7089825677812857
2,0.005767091401252072,0.00012303404704426033,0.00032456382323360703,0.0004192029235505905,1.0709229026564574e-11,5.7087050701377337e-08,3.16464706609213e-06,4.279813518258226e-06,0.6536766129827604,0.3396819932638149
3,0.6139970404739261,0.00541983155158657,0.0001945969375366539,0.0004983711788195485,1.4431248761174294e-07,3.6878473411300025e-08,0.00047028047226637727,4.780566373128122e-05,0.19507598236579576,0.18429591016537678
4,0.24445523176396725,6.723937944624187e-05,0.00018934638907620703,0.004573436636941551,1.0126855186048514e-11,2.1497509048151484e-09,7.089630744756953e-07,0.0011687637048944668,0.38927929049873117,0.3602659805039909
5,5.9378001125834445e-06,0.5149654241331761,0.007376977384633618,0.0011936633071462936,0.2361286063582384,1.9040008333484697e-05,0.0008964144027650638,3.333393116474556e-07,9.429221329921524e-05,0.23931931105298376
6,0.3595722130207888,0.007727567875023998,0.0002421639960500235,2.6786645566197677e-06,8.372496543993716e-06,6.524930607830928e-08,0.00033627834010956944,5.456969698214075e-06,0.07068936833230428,0.5614158350556184
7,0.017660582769933278,0.015765313091360044,7.331361746465462e-05,0.00031010788303219376,6.576929549723999e-07,2.153306065407191e-09,0.00045202182818489446,8.278641861025743e-07,0.0017292741585222338,0.9640078989410555
8,7.775395279535405e-10,0.014286435852572997,7.973986244641937e-08,0.0004053276130703466,1.7146126777901982e-15,0.0031078226078305204,3.5617181779974926e-07,1.7448393269478251e-06,5.086654099498703e-08,0.9821981815314367
9,1.4857864129479125e-05,0.032366252619545705,2.785270349963674e-05,0.36391799676900427,1.0018101606806156e-06,9.622255994752258e-07,0.0007159177010074442,3.7876992523003443e-06,0.004707560626771937,0.5982438099810291
10,0.0033653865039006085,0.05573747345441023,0.005315122401698147,1.4989255211622328e-09,1.606281066138792e-08,1.5036784595169206e-05,1.4029572970560992e-05,4.1733924771020784e-08,0.1948881528136177,0.7406647391731466
11,0.0993461769138317,0.006326083410587642,0.0009618276366164011,1.3560505238838953e-05,0.00010379299394966503,1.0330595955682213e-07,0.0005329670698592796,1.1994971585740573e-06,0.042564327004732186,0.8501499616620661
12,0.4591848036173712,0.0030554023286798247,8.525671094334113e-06,5.311284719384128e-07,1.8918272018420383e-07,8.69984545886352e-09,0.00030620693853580685,2.04130119218161e-06,0.18872318024550577,0.3487191108865833
13,0.006667952162547939,0.0021996271713702817,4.7424954878557626e-07,5.966006657351151e-07,0.01632351492930621,4.813377992511882e-05,5.8538131079267226e-05,1.4768017404857033e-07,0.3927378953646278,0.5819631199307548
14,0.16678278182173273,0.001536554857497997,1.8469100513552134e-06,5.932498290801007e-07,9.31962337346201e-10,5.807134092482605e-09,0.0011276205899468372,1.3496175896839057e-08,0.34719584731276704,0.48335473502290255
15,0.06813379853803754,8.856688035302344e-05,0.0050075465448375985,0.0019269427466025587,8.577529196808936e-07,0.03077246713033067,0.47331854427573083,0.11426781025435542,2.882669433026977e-05,0.30645463918250254
16,0.0494380382901044,9.386099111116749e-05,0.028187815555716735,0.0023414326602787952,1.4855399449785327e-09,1.7469711735454228e-07,1.3163358821328365e-06,0.6625212253937143,0.23213102431167693,0.02528511027885831
17,0.0001606059887732475,0.009602608836293618,1.644838591024933e-06,4.450533221701645e-06,0.6712053185196266,3.099204878973058e-07,0.0005693538827749519,9.908837868772548e-10,0.02054994031159692,0.29790576617775016
18,0.49232667863515167,0.007631061323334609,0.006756882360120849,0.00020009715703104303,0.0005306038052778132,8.710320164174895e-08,5.444781024977539e-05,0.0004201049133364641,0.16378490942724439,0.32829512746505185
19,0.0037256280207557564,0.00731694023296231,1.3541646329875184e-07,1.2918233513381683e-06,0.9232688370347708,0.0006618895448250448,0.00694504808952309,5.758746085085775e-08,0.0018215323769579677,0.056258639872929575
20,0.0014652165852600111,2.2160204666528213e-07,0.029897336439450646,0.0035445652905656466,1.1471822133808072e-09,1.0174133053134567e-05,3.581141750539663e-08,0.529276486721067,0.00296459621573108,0.43284136605422613
21,0.0956345603913678,0.0034367290029419474,4.8673895176863564e-05,2.8808244685760195e-06,3.6003006602335704e-05,5.86359639792085e-08,0.000427752626580741,7.235924268702695e-08,0.051268544880725714,0.8491447243769293
22,8.138532627323747e-05,0.18215838841686982,0.0006745370381438966,0.014910604326445361,5.601355859426031e-08,2.8129118947714008e-05,0.0002977346339146597,2.0652573132275856e-05,0.01225106790526869,0.7895774446474457
23,2.9841327307716206e-05,0.007195718857259532,2.231286246963386e-05,9.278798713101821e-05,0.8085029906273546,1.3731315736934115e-05,0.00016970803744826416,1.7176515555768853e-08,0.00209846611114534,0.18187442569763143
24,3.2429217809491607e-06,0.011684812302495002,0.6228946443739354,0.0015062387900258165,0.002629478992875078,0.00011489064558173959,0.0071612883581716425,6.66341975603865e-05,0.0006083817756717681,0.3533303876419021
25,0.033844845034314154,0.0012233992512273109,6.087157388175713e-06,2.4948801333285296e-06,5.601727319585453e-10,7.997155966318165e-08,0.00016536830146163104,1.3194974445634032e-05,0.1610456163713848,0.8036989134979126
26,0.1531412079270614,1.6007741864309283e-05,0.0007330540980773128,0.007457734465257818,3.701577073452471e-11,6.912988866427499e-09,2.542795797059254e-08,0.25847170833654387,0.4433899775295969,0.13679027752363565
27,0.11023345369825001,7.868910832094086e-06,0.010220187961291906,0.001029992074667131,1.5991003172654104e-13,7.668273905853372e-10,1.0146872987791397e-07,0.023910671591188273,0.7831375867437272,0.07146013678432618
28,6.457956638425989e-08,0.020743649374549027,3.5444684371224527e-08,0.004587468668096339,1.6356319581012622e-12,0.0005001587266731726,0.0007947378156355234,0.0015471435163422922,2.760511727176415e-06,0.97182398136109
29,1.9799242451486908e-06,0.0018554551445508591,3.31814581774028e-05,0.3303709413274366,1.438338934753831e-11,8.175557273636739e-05,1.2411725746448117e-05,0.0017552841454758251,0.0004660416724346156,0.6654229490148134
30,0.0016087932361636631,0.043873801111693755,3.9262310202092696e-05,0.014360418003303982,0.6857373180793807,5.4049139385296115e-05,0.24043905711061528,3.2837832564327687e-06,0.0016048937337349162,0.012279123492263842
31,1.2560909646176616e-05,0.18274199773539346,0.003706036828421344,0.48969122785386476,0.0012757548638136626,2.194371955552115e-05,9.185909716276803e-05,9.7523707957068e-08,0.0029182302699871567,0.3195402911984472
32,0.006022819694841808,0.006506130985897916,2.244466954135902e-08,0.0010556116722918825,2.7227354247581964e-10,0.00010522466204477011,0.7290158500459438,0.00022752476458654357,0.004648071149295161,0.2524187443081549
33,0.0026410287561434835,0.0003589038580437036,2.3339628758664514e-07,2.3224374695886105e-07,2.103303864345836e-09,1.1837771087054272e-08,1.1853997967668593e-05,4.405176762103292e-09,0.12216119704683683,0.8748265323547221
34,0.0023073664117166633,4.201012723880434e-07,4.356982711461348e-08,0.009050166305423116,1.0609396578625276e-17,9.643218955852034e-06,1.317942667696252e-07,3.1294437206440263e-05,0.001673501317798624,0.986927432843533
35,0.0559411886487272,0.0031260880970678494,0.00010734799643551216,0.0005649043154721045,0.00021621107263909814,1.2057453361538683e-08,0.0005216547801426376,3.244488712637136e-07,0.08655962913019317,0.8529626394529978
36,0.12314621300182335,0.001604414870875815,0.0023258523773638864,0.012725493193733216,3.225030870827744e-07,2.399891227977498e-09,3.055104093879856e-05,0.00013149136635339908,0.4174296438250859,0.44260601542084743
37,0.0001426674318250784,8.954079824124215e-05,0.00014153321044567432,7.600526694107679e-06,6.252105215351722e-11,1.861520282346807e-08,2.928485898611526e-06,1.7115235877283445e-06,0.4365453073988938,0.56306869194669
38,0.0002875415061384023,0.00031317205585408136,2.916058894387937e-05,6.2355346765054574e-06,5.5123864284277724e-11,1.436288530599046e-08,1.0466493656680476e-05,3.7650646943618125e-06,0.3506582536836639,0.6486913906543631
39,0.03149059461866215,0.0013438516433678365,1.502738530823511e-05,1.1419108430221149e-07,4.604973934706908e-06,6.95505317477341e-09,6.878399134398678e-05,2.4905939587373142e-09,0.08161730219783321,0.8854597115528183
40,0.0003067670184658857,0.408643859082091,0.006089501480474083,0.11792583874357195,0.01858954372689411,2.7679393741590107e-05,0.3182868510677911,5.9713140128436404e-05,0.004843891272774154,0.1252263550740675
41,0.0005635130235457328,2.7921523078453787e-06,0.0910904468487847,0.0001326676550575108,4.841768830383957e-11,3.0394648220219466e-06,1.484874963041973e-07,0.7935243757228228,0.024069396797587437,0.09061361979915793
42,0.06825937812905104,0.022166422682460704,0.00038380849380795635,0.10070397227508733,0.09007137972712224,6.021542495684153e-08,0.0001073332166286801,3.482816049079648e-08,0.00010422896860493394,0.7182033814636517
43,6.364865074474399e-05,0.1581106109287006,1.6748451304324152e-05,0.1790808366472746,1.6468380780302626e-07,0.0006846694859370536,0.0035450870224007567,1.1156356505363624e-05,2.7147744401839357e-05,0.6584599300289229
44,0.029841415182205566,0.0013213170865059361,2.744946652449207e-06,1.3425288616640496e-07,6.241813975476845e-08,1.1557098179746586e-08,9.287404824556777e-05,1.7568963807175794e-08,0.06815661933416396,0.9005848036051385
45,0.07687212881437956,0.00075025941580815,6.30566679871315e-05,0.48092038693163136,1.6202236327399742e-09,4.072498283481924e-07,4.29481128919221e-06,0.0030455927320469384,0.15448977960108548,0.2838540921557202
46,1.5301321450375705e-05,3.5152821755165424e-08,5.999139421758103e-05,0.006843312122067404,2.171774258940502e-14,0.002910976148789364,1.9911687165465337e-09,6.929580246389618e-07,0.057575659928502027,0.9325940289829364
47,0.2991363431171622,0.006616707887546129,0.00020941300339481225,6.870376204944712e-07,2.221205024258753e-05,2.9090991655874346e-08,0.00047430198482749776,1.7990986904643284e-07,0.09257778930659755,0.600962336611748
48,0.0011009398959650701,0.0008774378592878064,5.651175997292599e-05,1.40601700509013e-06,1.2990092556703916e-10,4.19640317056611e-08,7.004903849352057e-05,2.968650430333596e-06,0.34313216067003705,0.6547584840148757
49,0.006434199583213212,0.011772599113394249,6.539638067026939e-05,0.010339394936556981,5.7074685216573455e-06,0.006021587950820924,0.813810600863423,0.0004541855012741498,5.816817463591598e-06,0.1510905113846618
50,0.011182042705734883,0.03179688235414925,0.00047082201048869246,0.2837552501497986,0.4324118612856005,1.3495635495354773e-07,0.0013999407186872975,3.549352313180012e-07,6.269359266518148e-05,0.23892001729128934
51,0.36900299077105886,0.004695946820573558,2.390441327316617e-05,1.7616518506722605e-08,2.1070066459223067e-07,1.3912737207783024e-08,0.00042146393489310614,2.427211540564004e-07,0.1568051499142187,0.4690500591949082
52,0.09928355235054565,0.002404984135431957,0.00200740548920363,0.022895505300637997,6.522229192852248e-06,1.2351619500802037e-06,3.5284215613444865e-07,0.00031601742461878824,0.38471769298988945,0.48836673207637343
53,0.15409310251557148,0.004294599698983762,3.456202014148824e-06,8.453972693447179e-06,2.066464715758422e-06,8.973643930347917e-08,0.0005769539998937704,4.905768596075483e-08,0.03345995140190034,0.807561276950102
54,0.5212335661164686,0.002550565489507274,0.00014176009632423613,1.6415509233882413e-07,1.3498873883697995e-06,5.314307695998212e-08,0.0002520477485158231,1.1344356267761259e-05,0.08466386536091436,0.39114528364644435
55,0.6300629556055289,0.0018714138475989382,0.0001166106544810909,1.0182694026288291e-05,6.951807713663552e-08,1.0711084760676947e-08,3.25274854050242e-05,1.4977649663025042e-05,0.10571717485873973,0.2621740769753949
56,0.07238117493006031,0.0004861593922301388,5.5417939482999535e-06,5.469056526727551e-08,1.0459752244801964e-08,6.846365736743767e-09,4.931251186014827e-05,1.5575897532845418e-07,0.13420256752151455,0.792875016094728
57,0.00015990307013621067,3.998966288122196e-05,0.00045448069027996437,7.4399838504494446e-06,9.828728107411323e-12,5.09604829895211e-09,2.1469197259358312e-06,2.6807212160699657e-06,0.45277974276005684,0.5465536110859763
58,0.5062630715734358,0.0010039377256167831,6.7514319523156105e-06,3.044270711746585e-07,6.250471034893654e-08,8.815356389329857e-09,0.00023084400905495247,1.8961783580466268e-06,0.1723626979159968,0.3201304254184473
59,0.004583139307898195,0.33561303529663744,0.0016049148335642181,0.0012764948334813087,0.25563433297221305,2.4110283785073975e-07,0.011832806627785193,5.332216970102341e-07,0.0006169926515917478,0.388837509152294
60,2.5807882563260963e-05,0.00028141925874160267,5.985377686047152e-08,0.00017765556407861585,1.402532107901227e-07,0.02770473058433399,0.005283894164251175,0.0027557478517823935,1.1670117511251814e-13,0.9637705445871446
61,0.0001269589327372494,0.033336655957536564,0.0003316536831008713,0.4407977411363306,0.07240269876990275,3.393098514417775e-07,0.00020845721807691013,5.8736085848030555e-08,0.00012528652735225272,0.4526701497290254
62,0.03780157281781879,0.0012683881219003716,1.7905364113722103e-05,1.2744072642141127e-06,3.48725580824622e-05,6.307129465131931e-09,4.26174911548226e-05,3.909853031926297e-09,0.0601225179326748,0.9007108410900083
63,0.004479324719575193,0.0052278224542719786,1.140041602734532e-08,0.0019203502543027984,2.1627285558156204e-10,3.7194436176877314e-05,0.5730094698924982,0.00015813953658238918,0.030535455580237077,0.38463223150966663
64,6.430769939839017e-07,0.011567789268637815,0.8519280371756954,0.0015199199045593291,0.004216006782679504,0.00030403933456568644,0.005288516926883619,0.0002268398001269278,0.0019795570251887286,0.122968650704669
65,0.00027706843562339684,2.8277256462739938e-05,0.0031050517653526642,0.00017459714547183377,2.3409540459662993e-12,5.012281119223032e-08,6.913043168124349e-07,2.3104603536365302e-06,0.69995589139813,0.29645606210913683
66,4.851785900033094e-06,0.4751717369275149,0.024844181039776942,0.20020025183253318,0.04964195538389179,0.0003497304948294427,0.19974176719267503,0.00011203622490402253,0.0010015947042807103,0.04893189441369389
67,0.004602030049107429,0.006127684829643212,2.7995133283249067e-05,0.13548149739605428,6.082120053308918e-07,9.414987311587974e-09,0.00045294668314692696,5.02033729974355e-07,0.0041198405123242625,0.849186885735718
68,0.0015345746434400306,0.25175151961092684,1.0001448502184987e-05,0.0005656721678353175,2.2289257226494387e-06,0.00015296835632223958,0.133833969634487,2.3462564365774833e-05,0.0037227964955928294,0.6084028061528052
69,0.4549664727458278,7.472637546903763e-07,0.0006643784454081427,0.0237994470564114,4.594708649941987e-14,8.512125118543231e-06,2.369553363763461e-10,0.007625528939741413,0.024053901477763324,0.48888101170897336
70,0.0863830671682151,0.001774169489587627,0.0008551348991377647,0.011420494715117769,0.0004920475822434636,7.306469573145318e-07,8.316812802002113e-05,7.899234431612579e-05,0.5104337547665132,0.3884784402598916
71,0.3681970908434749,0.00035789711403597145,4.930682099524747e-05,0.015879231258131454,1.6185100301578721e-10,3.6893720113396774e-09,9.678824352949295e-07,0.022412317690752734,0.41520741630958463,0.17789576822936684
72,0.0002414069965436165,0.20141658529630932,0.0018129577107040438,0.014463740523021145,0.43900424564805113,2.5856246396394473e-05,0.33612082219370126,0.0002625559412672181,0.00038042393877875516,0.006271405505227087
73,0.0002997476093636743,0.05752111052911294,0.13633843058883682,0.5647341518425186,0.00013292320126958174,8.21055456675588e-06,0.00010812565443391514,0.00013898497073613946,0.02297761908992638,0.2177406959592352
74,0.0015699949070981092,0.0018049014397788674,1.1749872163404611e-05,3.2698757154850622e-06,2.644755650629812e-10,1.1180765394648427e-07,0.00023880634676440047,2.94484468768073e-06,0.3722970445783322,0.6240711760633304
75,0.00013832559225637655,0.0588716861244366,1.2654113343611187e-05,0.05021430439007932,3.9118914916755374e-05,0.002381051324120534,0.24261246530160746,6.8575778690478e-05,0.018766843993188894,0.6268949744673599
76,0.2459150813484579,0.004326427884965536,0.0002281096238811166,1.582973015046657e-07,0.0001298573129848926,2.314916696093683e-08,0.00016985026309071887,1.9110651770683193e-08,0.12796572847541793,0.6212647445340816
77,8.681972863898307e-12,0.0003269777014114653,7.319052534028572e-09,1.052098009205713e-06,5.388324407287803e-15,0.011391807500304245,4.683895388574215e-07,1.0169629501825226e-07,8.129317944519661e-05,0.9881982921072561
78,0.35756922438327593,0.0005272101331152289,0.0007909622414955941,0.005296986769541616,2.479556513918266e-10,1.756610662633168e-08,1.4689197101920937e-08,0.020182925365398577,0.3205741523195722,0.2950585062843415
79,2.380662864074154e-05,0.006925015324178448,0.9321210884989647,0.0016716504705528157,0.00012314089659352,1.0152159015857723e-05,0.004552008310228444,0.0055742740847075575,0.016271623757005357,0.032727239870112286
80,0.04790303248841513,0.0013461053882520449,1.4095549436184864e-05,1.1998769448896205e-07,1.7627235394029923e-06,5.485320819179447e-09,6.405836876925335e-05,8.880489964731765e-09,0.1490283359319174,0.8016424751961654
81,0.294492484038353,0.0006797432035711916,2.619266832189496e-06,2.615575976609024e-05,1.3031018817623727e-09,5.482183642012786e-09,7.33078251037635e-05,1.0565066728422688e-05,0.3891149273689157,0.3156001906854442
82,0.2830042506788475,0.0009924243593652155,6.494945156264727e-07,4.375813545479952e-06,6.169169286879947e-11,5.9483484036973e-09,0.002151295388742502,2.990575466300648e-08,0.3710876203470626,0.3427593480021264
83,0.4267525758752361,0.004393321663033773,6.626050677457759e-05,2.844318244169461e-06,2.5920465262744293e-06,2.5037839282350926e-08,0.0002825726026230641,3.590660158844734e-05,0.14732916940683366,0.42113473194130074
84,8.308826297542075e-05,0.07254474000543093,0.00023319952334625,0.7903344899757563,0.03663269246053603,2.6233717435859227e-05,0.06550346789290834,6.280402009599571e-06,3.244469584181834e-05,0.03460336306375951
85,0.0002197936845427534,0.3971077804850298,0.011364642702305918,0.002081055889991838,0.00013723181576592362,0.002535936115695569,0.5831017314161324,0.001399285960419759,2.55603901273487e-07,0.0020522863262145527
86,0.01869295840221438,0.0021981270644009215,5.792567445790126e-06,0.00013063486974441968,1.1948269388278727e-08,9.906079229917314e-09,0.00047951891150435074,1.3182520989415902e-08,0.018178895612754237,0.9603140375350663
87,8.021420578680382e-06,0.09039490540189471,0.0002940970119923518,0.03495788045112057,2.1316702407579466e-09,0.46585381157068023,0.03408157785279905,3.1691390870556974e-06,2.7263078384921383e-05,0.37437927194179227
88,0.5204584718171215,0.0005611669185267398,3.904670203959479e-07,2.9076326915587128e-05,2.56502941354979e-10,3.353220213637468e-08,6.869830929379142e-05,3.917783651432638e-06,0.23607832422016237,0.24279992036860332
89,5.623607867289041e-05,0.07617070569133474,0.8471177618841242,0.0008805345527868727,0.008490335360687934,4.074105570478478e-05,0.00026375749702514293,0.02030207211452596,0.009072785855589781,0.03760506990954779
90,0.43872752775800083,9.026657683818035e-07,0.0008246884496718842,0.02179929611396994,8.863603438678258e-13,1.884150451936569e-06,6.924609192297259e-10,0.04728725221474798,0.1068900550041779,0.3844683929498639
91,0.03293076377391574,0.0020920735584428218,1.8924944191070524e-05,3.689671298486471e-05,1.3335429636966293e-05,2.450085069239936e-08,0.00011101087668329968,6.524542602210557e-08,0.22601524236922194,0.7387816625886466
92,2.1509765736209394e-06,0.04950951442403245,0.04875747185222166,0.008684416031857656,0.0013885111375452764,0.0024325469123841832,0.3473231229546227,8.364141837460588e-05,0.3562180548852278,0.18560056940716022
93,0.12137904281646081,0.03130776501013454,0.0023267064629279854,0.00032680461589152375,0.023424672040083742,1.4120420698410872e-08,0.00011154500227180991,2.678911703526721e-08,0.0003539382304672611,0.8207694849122246
94,0.00015501340499521143,0.4692572492709476,0.10330254251163562,0.007396276774417744,0.06135993116788103,4.9786827541962853e-05,0.13033224333220034,3.488360926913296e-05,0.020492987340894726,0.20761908576021657
95,0.004745093573002559,0.06865423815910383,0.00013209859373627942,0.0059197094107495424,8.885024628637894e-05,1.1511390525805385e-06,0.023593419966581847,9.537642485198228e-06,0.31307582967213193,0.5837800715968698
96,0.00023187499093671037,0.12164268891459185,2.3342197978561616e-05,1.5678866988903607e-07,1.4585289910116132e-12,0.04411068436117214,0.4365076762384972,5.667152595817615e-06,0.0036317605274837354,0.39384614882661556
97,0.016733618663301843,0.0008845847202920462,7.843002614212073e-07,4.734711373475729e-08,2.3534607972227463e-08,8.755122196859755e-09,6.389912373261773e-05,1.2840362440025531e-09,0.08180372877841305,0.900513303493119
98,0.5797254819536974,4.872211520900776e-06,1.5462212760420927e-05,0.0006798015320676811,4.572771920656416e-14,1.0268615708422053e-06,6.397410576623427e-08,0.01823196387027438,0.03496104890735201,0.36638027847660476
99,0.41707418696367116,1.71362073546337e-05,1.2917996711412964e-05,0.0007287131753027463,3.4807888770358045e-12,5.678395204023334e-10,1.0165610338723121e-06,0.0006495358038779539,0.30215803914619827,0.27935845357452976
100,0.0019373130706560099,0.002600075250309201,1.1248747118853147e-06,4.370030606585727e-06,1.0573216773670585e-09,1.2933951166795922e-07,0.0005373692632641956,6.531147484182931e-06,0.12042953693828046,0.8744835490278542
101,0.018553668442163152,0.003688235849221208,7.944352413357623e-09,3.7447580762007686e-07,0.597949725760982,0.0005674864742460368,0.003448378842011355,7.035316123606745e-09,0.004202650345388528,0.37158946483051153
102,0.013789453888473455,0.022256695346183877,2.351244732444366e-06,0.0006873984509260317,7.351806003106846e-10,4.737950428582807e-06,2.890396432203436e-05,4.61621485682021e-07,0.2120125664328514,0.751217430365416
103,0.24168509889987966,0.005188704906799077,7.989609811829796e-05,6.084467372268661e-07,1.823917559067024e-05,2.8907030128066152e-08,0.0003256325930580642,7.199985812404419e-08,0.13858331230072582,0.614118406672203
104,0.4690806405005625,0.00020683652648855578,3.1525149466192895e-05,0.00011191007126234504,8.21733383217455e-09,1.900258446555623e-08,9.424546166927531e-07,0.0005620676745798184,0.20342234091210562,0.3265837094910001
105,1.1876092503727622e-05,0.02101283641300543,0.9312086360813777,4.5685967947516885e-05,5.457807666379254e-05,7.79637547224766e-06,0.0050656255500913655,0.001776941976306153,0.012279668422365667,0.028536355044266496
106,0.05974085512420241,0.004867580200687047,0.0006143351780561803,1.806580543252248e-05,0.010445057853473903,4.0147733082228365e-08,8.201312805104851e-05,1.2414905602083635e-07,0.04260245392512652,0.8816294744881813
107,0.333474536579155,7.447414560309166e-05,4.427128322929348e-05,0.0009480239361112561,2.675583776044206e-10,2.9063466896718376e-06,1.3147893101779796e-07,0.005347721220079071,0.14893317202942505,0.5111747627132182
108,0.05676212416754432,5.824753517568346e-08,8.384109248728377e-06,0.20601064448642634,3.557143389148329e-15,8.877096831706192e-06,2.702946446727623e-08,0.00360170078879167,0.11051424919821548,0.6230939348759386
109,0.001494177695197568,4.767883974818955e-05,8.153608344910643e-06,6.602367580377182e-05,9.413485279556015e-12,0.001114017363860912,0.00017997119627409413,0.5952990360310805,0.00021058485900354694,0.4015803567212729
110,1.1658339533020098e-06,0.055983883998420664,0.5071300161800296,0.0018309717609279249,1.3316922542510438e-06,0.0008215317152310403,0.006114271614783537,0.0008993369640295359,0.008184953046057432,0.41903253719431277
111,0.0017488195213516344,0.0015383978315782931,0.011365331124381414,3.53623825662528e-06,2.6110754372070434e-08,0.00019949119668781867,1.1356620216202973e-05,5.638361711551152e-07,0.0504091610011274,0.934723316519475
112,1.38726360793718e-06,0.029076899057415413,1.708342892983352e-05,1.693079238196847e-05,0.7921775629465165,0.00018735934854126026,0.0017443979278987153,2.1756008630743703e-07,0.038586204820903025,0.13819195685371893
113,3.0382914764742328e-06,0.005315965155132413,1.4785749296096773e-07,0.016434628399248283,3.8870887468580554e-13,8.183216727107343e-05,0.0021213976191298573,0.0028479516724729623,6.840744896186635e-05,0.9731266313884254
114,0.002588934860448953,0.000986006629182053,0.05617516044455022,0.022228081309915285,0.0004072026655268827,4.397806787620511e-05,6.599356038917329e-07,0.005767907862872636,0.44894859335533444,0.46285347486868944
115,0.0009799703808662217,0.02637012346109265,0.00015838876169559717,0.04565989521001273,1.861345629072463e-06,2.1004165641176984e-06,0.0003202683797710418,8.89390452412343e-05,0.27191322200936535,0.654505230989762
116,7.994738301321985e-06,0.00335214107167985,1.0054562492008037e-06,0.022477974180013478,3.7850099013589934e-13,0.00021856261996813081,0.0022634856733903383,0.002516901926377248,0.0001452205516443498,0.9690167137819976
117,5.640901191045913e-08,0.4409609220152625,0.0109392765205216,0.14310453445999996,6.025932877161143e-05,0.0015886777316451858,0.003495046006498692,1.3171061353993012e-05,0.0917117993245992,0.30812625714233527
118,0.4974526324522548,0.012153294062911853,0.0003285492325898155,0.00020770452199538427,4.9478754906017215e-06,1.691474390418348e-08,0.0010977847485898766,1.6519683098567789e-06,0.11064991042821645,0.3781035077948974
119,0.7270574508925377,0.0036241990635708333,2.5923220469013293e-07,2.6946152990165545e-05,6.387859794288312e-11,6.037324176559454e-08,0.0010156644430444248,1.2127580249757388e-05,0.07991602173415092,0.1883472704641311
120,5.6276580656933305e-06,0.03278305424325396,4.8321890844993275e-06,5.514952412357156e-05,0.695957117082693,0.00010986310042415445,0.00027678180300099917,2.916959391552117e-08,0.020156695266723423,0.25065084996303666
121,0.018751348332925997,0.0006849648864559467,1.1736357892475521e-06,1.9605837075484484e-08,6.83290899303429e-08,4.925568117739484e-09,5.502806168805675e-05,1.981140391759649e-10,0.04998723433793549,0.930520157686596
122,3.9639276915961506e-05,7.000456025159761e-07,1.9753161278632726e-09,0.034120051355814855,1.3027693955222404e-18,1.2382521567517148e-05,7.4347418944545875e-09,3.992477421122522e-07,0.0004875327581628222,0.9653392853841362
123,0.19741161886585606,0.016005546354393586,0.0001861020515991157,7.691425219184794e-06,0.001065533848404997,2.672312775715712e-08,0.000309752733887023,4.062420282122788e-08,0.06820200374409202,0.7168116836292174
124,0.00012126664742231673,1.6306950534573724e-06,0.001707415738855994,0.00023357993640102576,4.3067481017436315e-13,1.2294560286701303e-06,1.419858734679213e-07,2.6838313651260925e-06,0.39418618700004465,0.6037458647085245
125,1.3575184016645037e-09,0.008112959492274877,4.333443290387331e-08,0.0007655916834083042,6.633707311070164e-16,0.003306855288258277,4.378292292951068e-07,9.517573932754687e-07,1.1302153192789146e-07,0.987813046235952
126,0.3755369515226471,0.0007471229363512313,0.006517879584856075,0.000666461875938682,2.7401551074876592e-06,3.758414604432381e-07,1.7564741970225646e-05,0.000733492185727936,0.16393947242767873,0.4518379387282621
127,9.932684328953697e-05,0.0002754689453673241,0.0011905909381858461,0.5859931858530578,1.5041006515730665e-08,1.1791675078455216e-05,4.599974749208845e-09,1.2807043384135817e-05,0.04895124833244619,0.36346556072820935
128,0.0002744506105244394,0.00022815905487312172,1.017536160806673e-05,4.230018563767362e-06,1.5683757265792438e-10,2.41660156715679e-08,4.60318416724215e-06,1.3590557032062987e-06,0.29753686490977654,0.7019401334819304
129,1.1710019771077628e-05,1.6907676487611662e-05,3.3555796960475064e-06,0.20416551170761538,1.5317878268022543e-13,1.0431367184092644e-05,4.365162815998883e-08,1.8552901446552134e-05,0.0010213512125487494,0.7947521358834692
130,0.13940047665464259,0.020084434076839724,1.4639267611790861e-05,5.548610962652521e-07,1.3339109435586441e-06,5.224611446580987e-07,0.01574652436777499,1.1909354066114907e-06,0.03066466132762934,0.7940856621369106
131,4.5371909235040144e-07,0.001648760317870306,1.2859733577156776e-07,0.00884545810008134,1.5139842805702204e-13,0.00018711303699158052,0.0004560874149412244,0.0015983364395867512,5.781715213178562e-06,0.9872578806587361
132,4.1754906984253244e-07,0.06788434715827328,0.6030589631208808,7.579509332166659e-05,6.468738261557854e-07,0.005364079911053609,0.013910707012145548,0.0010168286156805018,0.0016674483075871183,0.30702076635816156
133,0.3009979475959031,3.277299490345816e-05,3.235232113801748e-06,0.019405449553403342,2.5612754022726145e-12,1.2050968994164172e-09,2.343123973023085e-07,0.013654690753858997,0.4480788116822151,0.21782685666754673
134,6.91441766905906e-07,0.011970120804210746,1.49035149856256e-08,0.0005035973338163879,2.118009701347681e-09,0.00024235846768579794,0.017420839406924196,7.574966072589017e-05,0.00011608192714409795,0.9696705439362013
135,1.2082461993477275e-06,0.002044771481964978,2.3006353929513421e-07,0.013179229439936522,2.1318938968392385e-13,0.0001238625217334116,0.0009358069345535764,0.002279170374597776,2.1445987778773515e-05,0.9814142749494831
136,2.7231852293785065e-05,1.0951323416676367e-05,0.12068335350359058,0.001181884199435297,1.7103994773238308e-09,0.0044273820609856815,5.1382318707810164e-08,0.048205065985786645,0.00333786677347682,0.8221262112082963
137,1.5035652487833497e-06,0.005398962635569416,1.0939092155659466e-07,0.01377926115280476,3.769444536111238e-13,0.00011264705592352848,0.0016932849189106656,0.002378235682479922,3.33958410745307e-05,0.9766025997566898
138,3.5272839986933954e-06,8.693066004756454e-07,0.5595239757876882,1.0216940221342789e-05,4.2131704214686006e-10,0.0005604708163754246,1.367815905450219e-09,0.0001763606644968006,0.309130758821368,0.13059381859011823
139,0.005757612982875854,0.014797730941288004,1.4901055598920833e-06,1.2950690252355419e-05,0.010363996357719093,0.00019572193202905617,0.005769662116679697,2.0666470427438573e-07,0.8633709876233098,0.09972964058558192
140,2.7955958122176772e-08,0.01554440326979129,2.3789875763086734e-08,0.0036665501897810765,3.3122403403438393e-13,0.0006550929215130618,0.00011369703584492556,0.0016916903735079143,4.887569746948538e-07,0.978328025706422
141,6.860689520989795e-10,0.0014356582300506541,9.440324053963335e-09,7.006439898278051e-05,2.4789087628790103e-16,0.00436833064514204,1.6552484301002168e-07,2.2191991901441742e-07,1.1441517147239484e-06,0.9941244050029545
142,2.737001601752943e-09,0.02960668958804856,5.690970243923852e-08,0.0004138938038137975,5.589089320568041e-14,0.003202611437421407,3.7120551293948166e-06,0.0005936137159595416,5.852738017140252e-09,0.9661794139001294
143,0.07815669766362518,0.002074104900737585,3.255431362040053e-05,4.109442297851566e-05,9.76903576262821e-07,1.0708314369924388e-07,1.775536712652303e-05,4.054015381086854e-06,0.1621382036424737,0.7575344516873371
144,0.48819977063566866,0.0034556394672017867,1.4034566076443395e-05,4.570187399809965e-08,5.100215482451138e-06,1.3463167720373252e-08,0.0014494582341927425,5.06203749278003e-08,0.05193594642621712,0.4549399406697443
145,4.677965531176662e-06,0.31683522273722675,0.08159316782615166,0.0003198561587283083,0.2977499494980424,0.00028073990974929007,0.29822374148577374,8.047125169656392e-05,0.0001255582365193448,0.004786614930580715
146,0.3664311237569535,0.0013899592233248914,1.950628503172373e-06,3.2999256766155064e-05,4.2384010681021315e-09,3.5885237331738164e-08,0.0006923397544399369,2.7715238366170175e-06,0.15015890902214826,0.48128990671038924
147,6.014098301537971e-07,0.057962507110684576,0.0003971286074687799,0.0026901397807631944,0.7780731099294914,2.4687249011275324e-05,0.040928549526610056,2.0989680674421157e-07,0.003115193075918147,0.11680787341341563
148,0.00048433279292921043,0.0024825496306561095,1.5991586054462006e-06,3.752205499090357e-05,1.7292316939823266e-10,1.8954001838719348e-07,1.9390850194812446e-05,6.255318949411162e-07,0.29953071680105536,0.6974430734667316
149,3.0884390662972326e-09,0.025318618896205444,5.4339112307783275e-08,0.0006457715872487271,9.78772360925715e-14,0.0025588660444461338,5.604618277217482e-06,0.0008932210988153032,8.765433884303085e-09,0.970577851561924
150,0.5551611280037801,0.0005315953493748862,6.148794226801588e-07,4.862143908927515e-05,1.8852803895783176e-12,1.3904725254930915e-09,0.00014954383591548535,2.6249098449190208e-06,0.2909346316261199,0.15317123856409498
151,0.3811190002919599,0.0016574508917927518,5.16521507513573e-06,3.140566579879393e-06,5.7255534993467145e-09,9.933175345813732e-09,0.00028984639521088346,1.1026707584103183e-06,0.36141483153799864,0.2555094467718958
152,0.28488482610718613,0.0016429986405468466,6.945681642945586e-06,0.00017633910726242672,4.836777403970999e-09,1.5631117325547733e-08,0.00011584064180438202,6.456791977406308e-07,0.40833912766062186,0.304833256013843
153,3.1061603708475496e-08,0.2259840733593704,0.6851536630971986,0.0001959500775749568,3.1107240933638106e-06,0.006744767515752261,0.010226943987168913,0.0006242057769513766,1.1937307079436086e-05,0.07105531709320696
154,7.636683948719145e-05,2.1715696199831805e-06,0.006239890764192291,0.005499651708379235,4.1495927170708636e-11,7.902446391541214e-05,4.808059767847431e-09,0.036646525955263,0.0012055423127100948,0.9502508215368771
155,0.030095771236436565,9.715173593374697e-05,1.7385530970057063e-05,0.0001889677894629899,6.36932792637623e-09,2.1624032222530802e-07,6.461799419004215e-07,8.458062370512735e-05,0.2172570542914854,0.752258220002414
156,2.9783531491649914e-06,0.045514599319185514,1.6744591144725165e-08,0.004520157522329755,2.9211819677604766e-11,0.000473991451034746,0.29886726288028603,0.0038173214074240245,1.0882262510676893e-05,0.646792790030277
157,0.002079679608202605,0.08094899616410425,0.003407542954852895,1.3007347886136721e-09,2.6074348837230457e-08,1.5619582915274722e-05,2.349200982384385e-05,4.0701775280326157e-08,0.15815782488095753,0.7553667767222848
158,1.6952046646976394e-07,0.001493125751209523,0.0003702551215826564,0.00012520102474167734,9.234736286765575e-13,0.02929817182129185,0.1482823847075143,1.1313672765219173e-06,0.017271573925688108,0.8031579867593054
159,0.10291763852094196,2.740769991942841e-06,0.003546761459654331,0.0011335495681056105,6.125929889088958e-13,5.16174930130454e-07,6.642508450152905e-09,0.029165460575850306,0.7028605994261158,0.16037272686128884
160,2.834060475769908e-05,0.0001316790124828792,0.7204661812846759,3.593120295989031e-05,1.3494633412238265e-07,7.477851287915665e-05,2.993536368328203e-09,0.00031543219035435146,0.004935892434772193,0.27401162681724744
161,0.5366285073487034,9.678691561027913e-05,0.002338366474401834,0.0009644815675188368,4.904077826689609e-08,1.1318395639116962e-06,6.859738782917301e-07,0.03169325194071682,0.20851722087830665,0.21975951802052177
162,0.018681777331436528,0.004658471110264145,8.63979228640443e-07,2.944145363609115e-06,0.7953221137446057,3.3525701151444245e-05,0.0043119229076662895,7.939005479373782e-08,0.017675807412365373,0.1593124942778635
163,0.336095314446515,0.02205935971190458,0.005533649025945628,4.641735407758617e-05,0.0011949041739603464,6.044058012553951e-08,0.001158601800422373,1.0193366102823271e-05,0.24783075683550684,0.38607074284498466
164,4.357554377549235e-08,0.001047412498952237,4.3456660970917835e-09,0.0007459438750956014,7.156741177061483e-13,0.408353387108849,5.738592884599353e-05,1.160732360730505e-08,3.209478146014718e-09,0.5897958078495297
165,2.6117953632562284e-08,0.004832355493040991,6.752772322050375e-08,0.0029040543235418427,2.0673126131650295e-13,0.0005810981691958321,9.807145981315109e-05,0.0012452958539846603,3.9440629497258033e-07,0.9903386366482451
166,5.092907060389979e-06,5.530737415295472e-06,9.096088979688363e-08,1.3020185437407492e-05,8.072919722189255e-10,0.08644086841460943,0.0005678735737423304,0.03205412871255214,2.783766379376006e-13,0.8809133937007227
167,0.12805735851015063,0.014878982448863157,0.0006561998922415362,4.933564096878876e-06,0.00349220898867322,6.140559863692425e-08,0.0007867388747897152,1.7814374580497364e-07,0.02436718434684509,0.8277561538249953
168,0.015541568610254092,0.0018008646596250298,9.115748762092894e-08,4.6500340858867506e-06,1.910755933317946e-08,1.266219194874934e-07,0.00025096805189092804,8.422057476322919e-07,0.024285999121169542,0.9581148704302604
169,0.03883549926594588,0.0015921894769963401,3.901453535725108e-05,4.896272279306941e-06,1.9513997149982035e-05,7.247550442244129e-09,5.399875767502084e-05,1.289877260997078e-08,0.11261629447707143,0.8468385730712017
170,0.022323189306864173,0.0015811428492488978,1.4358456575657405e-06,4.0681283424129494e-08,2.1827079429548684e-08,1.2836853216990418e-08,0.00012329136145206076,3.41585757679922e-09,0.09506288462068144,0.8809079772550221
171,5.5240187841044144e-05,0.0015502792070420277,0.824166685526396,0.001290644935689776,0.0011446179153052707,0.00015447844618113313,1.8119959459216555e-05,0.003366963971798889,0.08271205490076448,0.0855409149495221
172,7.400977440369974e-05,8.720176516200465e-05,1.3871478831609201e-05,3.5125002460091015e-06,2.4697328011706714e-11,3.358129583145068e-09,1.4986480517492534e-06,2.3219526326194493e-06,0.33700307772971444,0.662814502768131
173,0.016933416595399327,3.997390183120214e-05,0.005774367924575664,0.047947967911676395,3.0272378400011236e-09,7.018195151524037e-08,5.135572022339028e-08,0.09717839946853138,0.5425484489466523,0.28957730068642407
174,0.005552188272574529,0.43348441287431716,0.0008667243915890349,0.0033379322739936507,0.015342748195809691,1.8873082138058857e-06,0.025092727215296144,2.6665804621373503e-06,0.08674152199955236,0.4295771908881914
175,0.0011462901682591652,0.004291320888013953,2.370544814568165e-06,1.4496682691294971e-05,0.0002928039252370544,0.0026682498753587696,0.9490886797511462,0.00010873747129241084,0.00040648783802700746,0.04198056285515947
176,0.08003514040244919,0.0040837316258258635,0.00240131349706875,0.009468670601709792,1.80785306804743e-05,2.2440316787026944e-07,0.0001454094995181595,0.0008556590182500388,0.40075618635992966,0.5022355860614003
177,4.236171486262558e-06,0.3542461012608007,0.0004410354121911298,0.15072054859751882,2.6523890689526748e-08,0.00020839874654804622,0.014870684434064538,4.665265936292321e-05,0.0044923997277483835,0.4749699164663885
178,2.081796481400267e-09,0.004219780455571678,3.308949127760894e-08,0.0004859646395208095,3.464481987335482e-14,0.0016286828449280563,9.940603065213294e-07,0.0003012015679249792,5.848743305742517e-09,0.9933633354116822
179,0.10476021187959991,0.008908138794424867,1.5104355985430839e-05,0.00042018590644357304,5.128359866814553e-06,2.594093036702124e-07,0.0006039227016432081,3.7710810900281815e-05,0.025118685840412894,0.8601306519414194
180,1.5173621773103844e-06,0.0017151876029186807,1.9835388783130886e-07,0.012913313647055898,1.6399191560372813e-13,0.00012018406052438952,0.0007364592644711677,0.002206070273239357,1.805845729963147e-05,0.9822890109782618
181,0.10484731089201874,0.0007687308238322529,1.006937635281835e-05,1.1360758407231036e-07,1.5522815182084476e-08,1.4536166260649172e-08,4.3598074385808275e-05,7.915615232263368e-07,0.13650222611900723,0.7578271294863144
182,1.655734033431232e-05,0.00026663099987201544,6.981357166406406e-06,0.6807011232756487,8.359274916289874e-13,4.606568146119578e-05,1.0880695233544433e-07,6.598566596064962e-05,0.01637405498483349,0.3025224918869348
