,proba_0,proba_1,proba_2,proba_3,proba_4,proba_5
0,0.04349987327118802,0.0616314907482343,0.15823329312519735,0.059320580809633004,0.08519301467809053,0.5921217473676567
1,0.058843501658928286,0.10537703107819493,0.21746060611696721,0.05050867272934868,0.07256345647100797,0.4952467319455531
2,0.08096121561106924,0.18352208279074084,0.45227226824415173,0.042795827647028974,0.05919901554760969,0.18124959015939934
3,0.032682570698731775,0.04378468856792995,0.05895544366622487,0.3309846042040251,0.4262977761067753,0.10729491675631274
4,0.08434399571575245,0.17545710497484818,0.48862977524408735,0.04255454228255401,0.05831368481703123,0.1507008969657267
5,0.08080038133281091,0.1748130279750199,0.20554269558205976,0.04480060206170689,0.0641350960450903,0.4299081970033123
6,0.033696032037209445,0.04601883087251601,0.06199577426621354,0.44988184724703034,0.2960097133509403,0.11239780222609039
7,0.061802210662788966,0.11466566738009425,0.4954336957556084,0.04958503591502452,0.06941367210302055,0.20909971818346346
8,0.08058531519050795,0.173798034862967,0.24582065788249638,0.04291577690469738,0.0611281976811836,0.395752017478148
9,0.031502122747712635,0.04046280539725336,0.055098617219879666,0.1531263804205928,0.62477420392651,0.0950358702880514
10,0.7371180125120056,0.11455513057855232,0.059885593135383025,0.021676051397998317,0.02836514131443551,0.03840007106162517
11,0.08598895567547163,0.18488928823940923,0.4648785606798422,0.041520320457937444,0.05721930211517389,0.16550357283216557
12,0.10186665960447777,0.5578880702114772,0.13390433862385517,0.03643348164900775,0.049380470840125736,0.12052697907105644
13,0.08001895766787762,0.17798335736109952,0.45463450300511543,0.04330031938791625,0.05945543886304681,0.18460742371494449
14,0.12458906174939172,0.5998694785062375,0.11140521343965751,0.032793784619993424,0.044350736270758126,0.0869917254139615
15,0.03643410234165417,0.05021988786141219,0.07184336554621769,0.4837588745841824,0.21849446619019397,0.1392493034763394
16,0.07742700485200239,0.1631497860243676,0.5029188539053485,0.04538676590564612,0.06279875621819031,0.14831883309444474
17,0.034243844974982576,0.04513174199528681,0.06306997976934933,0.6465257766856859,0.10192434088723121,0.10910431568746416
18,0.2793734433635623,0.5169711166454771,0.08161723643005445,0.026525311353574024,0.03564029382410272,0.059872598383228996
19,0.7169794104795804,0.12594055792688158,0.06395116153315651,0.022164060876724845,0.029134630591805766,0.041830178591850904
20,0.7622362472009514,0.09854967399177596,0.05423859688253029,0.021150350278571508,0.027699511604998728,0.03612562004117207
21,0.055572262881323074,0.08290710452921683,0.14823960241260226,0.0517705354882053,0.07612882440416391,0.5853816702844881
22,0.2576068612301956,0.5119668842895111,0.09720000149481384,0.026790663377018856,0.035826899244649824,0.07060869036381098
23,0.039728772090696356,0.05777568425655316,0.08746613589280394,0.4302367132642599,0.2019642601267398,0.18282843436894713
24,0.8057729987990158,0.06979068501096224,0.04575128681313484,0.019701048165076784,0.02565913524427822,0.033324845967532206
25,0.031541437737616744,0.04102191675962175,0.054750416065782515,0.21712040648568093,0.5612896519708813,0.09427617098041668
26,0.7375664977480265,0.1151677076961023,0.05748251914901427,0.021801481268345618,0.028521334080099884,0.03946046005841152
27,0.03322779703713735,0.0436751110185302,0.06080223886557696,0.5555216503200372,0.19893820145865085,0.10783500130006762
28,0.050542369555411366,0.07575552400255157,0.17474056640177227,0.05437190291584817,0.07903397889795098,0.5655556582264659
29,0.03556512413171024,0.05058040475643024,0.06528022461623535,0.36622466178232294,0.36125355541271625,0.12109602930058512
30,0.05855640587733418,0.08708910724201432,0.24983921972351886,0.04551683594592394,0.06584617287500967,0.49315225833619925
31,0.06691578241873669,0.11100691023360508,0.16190715247122184,0.04722109767890726,0.06883568117494253,0.5441133760225866
32,0.03727258813110882,0.05202753156819927,0.07146218071687478,0.5478745232184925,0.15777874525399918,0.13358443111132537
33,0.033351665988925173,0.04407157610333969,0.06287626441138743,0.15565800475652938,0.5879323064177078,0.11611018232211044
34,0.2028536557518907,0.5500581627592336,0.10079630183762947,0.028628206491712237,0.03907605272608217,0.07858762043345195
35,0.05288971465600914,0.09043619642662527,0.4341470078232449,0.05344332312936381,0.07492866079850231,0.29415509716625415
36,0.07686673780270083,0.16590185327394155,0.23165492127885273,0.04416584267970656,0.06229993624928189,0.4191107087155167
37,0.09971253926274289,0.5466671189960526,0.14441708019230898,0.03702978917409524,0.05048657295506956,0.1216868994197307
38,0.036717465606326924,0.0511753533369075,0.07413511505761934,0.44454360956820643,0.24569520612258441,0.14773325030835557
39,0.07895233705852368,0.1586857671136521,0.19653339024929453,0.044231482178251964,0.06372140609609686,0.4578756173041806
40,0.17258936338826056,0.5604773002018905,0.11197526446971974,0.029572309286369437,0.03981275788482173,0.08557300476893819
41,0.048294536636195005,0.0743080057124066,0.16145930283775775,0.05960924971796832,0.08870531384745163,0.5676235912482209
42,0.037162589582321756,0.05069737533301105,0.07270296137324407,0.5549930540983614,0.14765773847568825,0.13678628113737293
43,0.08036977865213198,0.15753078756674546,0.468298329363297,0.0431449326317033,0.05921886166635166,0.19143731011977053
44,0.06238064104876717,0.10499144962226438,0.16299560827657975,0.04923304764407022,0.07134691769481045,0.5490523357135081
45,0.7763771598872092,0.08678475993803379,0.05267485451373234,0.020678145427502053,0.02695836139870121,0.03652671883482137
46,0.03188366367632733,0.04303063268708752,0.05896225111388647,0.37922201572506975,0.3803615477134742,0.1065398890841547
47,0.03269225545423224,0.04403884030478299,0.06145897904262032,0.4652337670928421,0.2840651816229242,0.1125109764825983
48,0.6576134196200167,0.17210175140394296,0.06598297563702364,0.023430223119940738,0.03079967245900434,0.05007195776007158
49,0.036175468488284276,0.04936469463777144,0.06860193037844763,0.5479701827815332,0.17077844937293674,0.12710927434102676
50,0.09920186872207505,0.5503364599595038,0.14559339034839097,0.03696238685434133,0.050053646537388294,0.11785224757830066
51,0.5514613317752951,0.26512366361651035,0.07251448797990788,0.024322473127184333,0.03256570844658361,0.054012335054518724
52,0.08536035763127953,0.18490278909960875,0.46423836891067766,0.042540644197176423,0.05871024723772504,0.16424759292353255
53,0.05567613678039482,0.09069899616548538,0.475982085082328,0.04950620237005581,0.06980514799142995,0.25833143161030564
54,0.062422080270747075,0.1039402689110477,0.18571607397205317,0.04824190737615359,0.07020351777927317,0.529476151690725
55,0.0639932348182722,0.11427845450936903,0.22351941606749517,0.04702525015711287,0.06676492752666581,0.48441871692108507
56,0.035416278227837515,0.047800532428261024,0.062653447164267,0.13913777364237456,0.6035276017754141,0.11146436676184544
57,0.050367648569865114,0.08245188369717588,0.43226543080732516,0.05226646801813448,0.07354970692835233,0.3090988619791468
58,0.06415690434400875,0.1191049002482505,0.4793805738565086,0.047555073554095405,0.06609188247231243,0.22371066552482413
59,0.066129227372432,0.13649116986361345,0.48001888025488165,0.04876810827506302,0.06823455512780287,0.2003580591062072
60,0.03452984482774626,0.048044007344159256,0.06411728832969368,0.29687766918232317,0.4374154244664783,0.11901576584959948
61,0.03427071626933879,0.046999151954298685,0.06549640682924726,0.48866728002574134,0.24240557774295754,0.12216086717841611
62,0.23883050752771395,0.5407901721416917,0.09408766688426227,0.027275861866351538,0.036531608668875275,0.062484182911104795
63,0.22266154182053038,0.5439257727931687,0.10191433263829525,0.027574247050219537,0.03680802078566163,0.06711608491212434
64,0.037588826423614635,0.05244018582263098,0.07382943882563106,0.5459252673370818,0.1500600784196239,0.1401562031714174
65,0.036138905133560925,0.05029926650856987,0.07408886567028854,0.3998137058940677,0.2891013032892468,0.15055795350426643
66,0.10390968663248822,0.5816329278621599,0.11936991795546706,0.03558445250405589,0.04813867571680635,0.11136433932902313
67,0.033708147830825846,0.04560296961141329,0.062347572020377065,0.22754772125622252,0.5185975719886885,0.1121960172924727
68,0.03768474560018358,0.05115885149077641,0.06753100698671885,0.10247851718508308,0.6177304257570467,0.12341645298019088
69,0.12723843394602719,0.5576179969042558,0.1349140087436132,0.03307872603479225,0.04480568481310726,0.10234514955820427
70,0.04445898548796074,0.06143946345769804,0.13908275564689482,0.060372321658146495,0.08696971008129979,0.6076767636679999
71,0.03571864936247972,0.0480813125823102,0.06928500835146804,0.5065134240456044,0.20859760514155387,0.13180400051658397
72,0.07961737617525783,0.1713868709362274,0.4683179309714519,0.042578178106319135,0.058724370496864124,0.17937527331387965
73,0.11162850758162195,0.5336593072201765,0.15213169931413184,0.03498473090579587,0.047864670079930616,0.11973108489834272
74,0.13646069452913556,0.6003167999230257,0.10730329210259155,0.032027324202230444,0.0434557618745518,0.08043612736846495
75,0.030850503518761136,0.04086497556990275,0.05603377789977942,0.2700864715025272,0.5027653565876696,0.0993989149213595
76,0.7741185298513538,0.08972215771590933,0.052071802065012086,0.020791452377639144,0.027099170559755196,0.03619688743033032
77,0.03271751048062626,0.043724037844601105,0.05805380787830617,0.19066040799914954,0.5729796883819642,0.10186454741535252
78,0.7188552368535862,0.1299696074127379,0.056543021062332444,0.02229409510440905,0.029162030067446665,0.04317600949948769
79,0.0891125789832638,0.49189282779946997,0.17334417469942903,0.040584722409338546,0.055337589724724696,0.1497281063837741
80,0.7023590652781748,0.1413797877388033,0.060550830620490714,0.02262413652279034,0.029652300593574325,0.0434338792461666
81,0.7574106245435549,0.10006093908569487,0.056644547754228516,0.021238135104105285,0.027753309576704816,0.036892443935711554
82,0.6463354618545162,0.17810631162364024,0.07049702139322174,0.023372857230263586,0.0309799955954757,0.05070835230288214
83,0.7673316584506813,0.08956425410989455,0.055674119851386684,0.02092751691760276,0.027395525576927482,0.03910692509350699
84,0.06859400343356657,0.12736073219227365,0.18818798559417396,0.04787304432217384,0.06967219332870445,0.4983120411291075
85,0.6821506912095179,0.1587174573142151,0.06520968166829312,0.022909523147605772,0.029989794264894544,0.04102285239547349
86,0.03190448485577907,0.04246157912365388,0.05931727436485735,0.3044200122606086,0.45448654703346697,0.10741010236163395
87,0.056782337070905665,0.08717634553420846,0.20668428094828606,0.0484340785073779,0.07042793135996199,0.5304950265792598
88,0.1697108558026654,0.5705543070130378,0.0984219360065213,0.0297570891542632,0.04040414526189364,0.09115166676161857
89,0.03529583320472474,0.04835651558478029,0.06637106873460383,0.5023145577135624,0.22479152364935506,0.12287050111297312
90,0.42425025559014723,0.37851875239370547,0.08140524439079881,0.02505198091894893,0.03325649217386794,0.057517274532531776
91,0.034528589777491965,0.048096659931834734,0.07191667155183484,0.39900296227982623,0.30142831619525806,0.14502680026375397
92,0.03715099585697006,0.05143528253135412,0.07409099190452367,0.5551157508893649,0.14240980951441773,0.13979716930336936
93,0.037470858226760564,0.05422401537583723,0.07364649549690379,0.4453707777109502,0.24428844408860376,0.14499940910094444
94,0.7822648162875432,0.08304266684711406,0.05258559342163058,0.020473396261829858,0.026623815806025238,0.03500971137585694
95,0.0807702129937251,0.22114557486993702,0.4282390382789444,0.04475732618806431,0.06181624811824778,0.16327159955108128
96,0.14491218371787545,0.6018069364740549,0.10486379022664233,0.031242050997502407,0.042138248191982204,0.07503679039194228
97,0.1686572244495077,0.571031871115437,0.11033934123463118,0.029652637034126496,0.03975369787904902,0.08056522828724832
98,0.0962152324887762,0.21076973863074597,0.4392134790307289,0.03910929686919001,0.05360628711081576,0.16108596586974339
99,0.03444912347494139,0.04833699640790541,0.068152781054353,0.3574227883694522,0.3591086268664312,0.13252968382691704
100,0.03739843491764845,0.05185665204178403,0.07506633528209919,0.5050406138866349,0.18562395199449486,0.1450140118773384
101,0.04224472098066141,0.06402926522361843,0.31442483789631587,0.060048126785381774,0.08579825687527169,0.4334547922387509
102,0.2400307286768045,0.5372193583897397,0.0950098710292761,0.027455096786180553,0.0366441459021074,0.06364079921589175
103,0.05243779374420487,0.07873709345576747,0.21388249798255504,0.049028068535231825,0.06931188775148235,0.5366026585307584
104,0.06352740521071507,0.12520117444441145,0.5023901312056483,0.04975432002416096,0.06971037264321064,0.18941659647185363
105,0.08169938410589567,0.17297726505883992,0.49477887138790616,0.044181588886367376,0.06090078313548675,0.14546210742550417
106,0.06423010306454716,0.12830260047959777,0.5147548914507735,0.05124543146883574,0.07165505624934532,0.16981191728690045
107,0.060116056082492236,0.10305365273377441,0.4625415659824332,0.04709338120947617,0.06608852063466149,0.2611068233571624
108,0.6184068501880791,0.2053626101474142,0.07205840430898766,0.023724704343169575,0.03149508985536376,0.048952341156985685
109,0.03514925769170471,0.049452520341651277,0.06761384207047608,0.39104601884167123,0.32701156878348536,0.12972679227101175
110,0.07750680377363361,0.16179894720466473,0.20250224367238864,0.04496679010737538,0.06339811558009364,0.4498270996618438
111,0.06438557750966327,0.13715725075053603,0.4023751324619526,0.049262488452592144,0.07011662546822099,0.27670292535703495
112,0.05199025853303065,0.09201790141245128,0.21186968493502548,0.055938851834100196,0.08110394949398787,0.5070793537914043
113,0.037629271481587706,0.05302235741769041,0.07629531360360559,0.48313345189992185,0.197878171472884,0.1520414341243099
114,0.08997532587505558,0.5429697320657748,0.1369214304152009,0.04012102936957657,0.055581896009251126,0.13443058626514093
115,0.18053181227853712,0.5766368545474594,0.09451105342810909,0.02918973596761208,0.03940134768289038,0.07972919609539175
116,0.0297598191051377,0.03889428340127777,0.05512495754136712,0.4629078828671435,0.3156443635701989,0.0976686935148751
117,0.07857704419136231,0.15262423544128612,0.49040781646297166,0.04324683194825623,0.05998409482050215,0.1751599771356214
118,0.327470015166799,0.4732761809273016,0.07885697560891765,0.025757603414143477,0.03426214843822846,0.06037707644461004
119,0.0378458109705189,0.051980367078932464,0.07319266495671875,0.12639984982910402,0.5682251008134521,0.14235620635127386
120,0.05243886157082173,0.09397992836597571,0.4385557617075377,0.05761470179407475,0.0822375406285381,0.27517320593305183
121,0.033717201358670214,0.04517543379427104,0.061929264352773315,0.19913768194352885,0.5482299983101153,0.1118104202406411
122,0.036607328749781176,0.051885283186455085,0.0745114847011286,0.27765876328830813,0.4041562058947807,0.15518093417954598
123,0.06913973306262437,0.12868801233886482,0.5101175177009553,0.04702284394160233,0.0652891639902269,0.17974272896572607
124,0.696093235197123,0.1458091644321456,0.0648493928032162,0.022508661243892742,0.029491019901420692,0.0412485264222016
125,0.7905850193131508,0.07957017884210425,0.04772011210393857,0.02026587024251174,0.026430553361238205,0.03542826613705615
126,0.13646069452913556,0.6003167999230257,0.10730329210259155,0.032027324202230444,0.0434557618745518,0.08043612736846495
127,0.1292375759205209,0.55466450250284,0.13502637172450394,0.03301805848112635,0.04541035956806991,0.10264313180293892
128,0.12204053104874359,0.5942036928051633,0.11181915648782043,0.03343571972887939,0.045869468426203715,0.09263143150318968
129,0.11292130219001036,0.582437888634766,0.1260513188903741,0.03409854375652452,0.04603047269616685,0.0984604738321582
130,0.03192519287928822,0.04348379936539284,0.06024466180245399,0.36606194345845533,0.3884003053435818,0.10988409715082811
131,0.10556307461649134,0.6056165353757409,0.11515174890107839,0.035248589361103574,0.047694071870582715,0.09072597987500308
132,0.043264438061705025,0.06484465407414905,0.08417634634546217,0.17189055820159158,0.4588855663892679,0.17693843692782427
133,0.15884765285587824,0.5877205390468884,0.09403777231318132,0.03036507852823361,0.04155808142083178,0.08747087583498647
134,0.4931215772731626,0.31874824587559336,0.07789355795168922,0.024685393406430996,0.032906767963716464,0.052644457529407655
135,0.7408709839039544,0.10699780268351165,0.06124152551369845,0.02165400543026334,0.028326050837333087,0.040909631631239174
136,0.46756251687118283,0.333073164987722,0.07890077455670459,0.024793400451683763,0.03332719127528506,0.062342951857421815
137,0.06349899309977937,0.12247801215060015,0.20997534268816667,0.05002007235513521,0.07148116385789909,0.48254641584841945
138,0.17676277361863788,0.5810625402498979,0.09198498345592244,0.02958531399678978,0.04004600386774384,0.0805583848110081
139,0.03489520922296434,0.048756810747568026,0.06455544082183207,0.28159281376013046,0.4523521810825306,0.11784754436497437
140,0.0601123106312689,0.10555696450931587,0.22221556196930534,0.04952096317952657,0.07175994602763235,0.4908342536829506
141,0.7657949555392494,0.09475501735356272,0.05342941882328241,0.020964690042947997,0.027442277889271192,0.03761364035168596
142,0.7154450410656313,0.1333307297513554,0.058156988911575946,0.022375533835682655,0.029324435969056033,0.041367270466698705
143,0.6677413393200378,0.17071445555476283,0.06637440568515526,0.023076024494621962,0.030265744541787574,0.04182803040363451
144,0.7737837126226947,0.08762367065421132,0.05213272884869077,0.02088979580666843,0.027455589648006314,0.03811450241972832
145,0.03547340068440071,0.04899172980569543,0.06428824063567898,0.1894082560038299,0.5453728423848203,0.11646553048557502
146,0.057125717135993424,0.10016358396554027,0.43356569384067545,0.049620556260203896,0.06972608775871315,0.2897983610388738
147,0.033999592978662355,0.04572947957667418,0.060775817042616025,0.5256637803921076,0.22659272975472,0.10723860025521996
148,0.05492489970967019,0.08162876040152699,0.240748434311795,0.04738882482967903,0.06841263856919595,0.5068964421781332
149,0.06665393209659107,0.11355249111464076,0.22823356393321326,0.04451559740324971,0.06360438421751959,0.48344003123478574
150,0.03743597420206297,0.05117678357096728,0.06881594500449736,0.11142677496561139,0.6017164535239669,0.1294280687328942
151,0.7211352247969154,0.12304955956873966,0.06191422417539912,0.022126965333685574,0.029076136182740468,0.04269788994251993
152,0.035330079089527316,0.04989838701348266,0.06604070566321325,0.22304933833051915,0.5013065475816951,0.12437494232156264
153,0.7274021797113283,0.12117776834705214,0.05908996408430397,0.021981704768762326,0.028849298422061565,0.04149908466649165
154,0.7067619816538234,0.13615809104957222,0.06306861298103501,0.022404053121985353,0.029414226309101385,0.04219303488448282
155,0.7087488565159951,0.13087737943201194,0.06619566735636878,0.022323256715934856,0.029342171773181342,0.04251266820650756
156,0.05469509702984564,0.09419889464351112,0.4436547828833033,0.051287291814850255,0.0728158394824487,0.28334809414604134
157,0.053195768037157046,0.07969125478165699,0.19555001948802136,0.050256356480369156,0.07256097811209014,0.5487456231007054
158,0.0871134721466134,0.22948470831990753,0.43054506094946143,0.04201611530246349,0.05763515592698782,0.1532054873545659
159,0.1418125543489463,0.5952024182185729,0.10731379077219433,0.031411701994586406,0.04209516924203123,0.08216436542366846
160,0.05990971620180618,0.09549847292702923,0.22148048347539911,0.04611930191439652,0.06569003926315105,0.5113019862182175
161,0.039629415003761694,0.054998460708177974,0.07660251870215445,0.1143706881289784,0.5642835198205084,0.15011539763641882
162,0.03824072206846364,0.05384812538853347,0.07946425236611822,0.4462671305960891,0.21881502741225575,0.16336474216853983
163,0.03168989697455522,0.04267321783365742,0.0569004486950986,0.3352410550121323,0.43209522715639,0.10140015432816675
164,0.0626056449323914,0.12049283949826894,0.17235796404362105,0.053589512870792264,0.07835766000361852,0.512596378651308
165,0.7186426945679834,0.12927951262605783,0.06104314370644153,0.022174796770513653,0.029125470920471776,0.03973438140853197
166,0.24278977637513308,0.5303658486257572,0.08171108169601822,0.027602966640139906,0.03808963302693534,0.07944069363601627
167,0.07279939930405908,0.15568912764430615,0.48691014840957847,0.04718111992818612,0.06531410672375144,0.1721060979901184
168,0.07929662074321973,0.19776768750671753,0.42998633246484563,0.04409329369966166,0.06114379232945232,0.18771227325610318
169,0.058546461765131445,0.09803018469339748,0.40437830681612685,0.045410346725052224,0.06355663584441198,0.3300780641558798
170,0.7121132953536955,0.13070357824072384,0.06287520602439732,0.02237086654427318,0.029373151937938737,0.0425639018989716
171,0.033472371622470486,0.04390756869676064,0.059634364387353776,0.11997079242777076,0.6374677890680257,0.10554711379761875
172,0.0438105042392169,0.06049399843531635,0.1200570787775841,0.06629466398386986,0.10000075278568958,0.6093430017783229
173,0.6925107262871022,0.14383273569472324,0.06660195428050969,0.022661574081727014,0.029865874283695634,0.044527135372242135
174,0.08277105807962933,0.20134664158114537,0.4031985781011038,0.041678458460365046,0.05750889873186302,0.21349636504589334
175,0.07485816140785409,0.15725424985678013,0.47710679146753504,0.044242290288921425,0.06096252123365841,0.18557598574525072
176,0.07314433783745769,0.1639415612816512,0.21750107746450814,0.04719747412789038,0.06752247426902677,0.4306930750194657
177,0.06852316150220387,0.1270472943840743,0.20288143643139409,0.04869791855804298,0.07106394714483166,0.4817862419794532
178,0.07612473267525116,0.17630993733914538,0.21597925453921438,0.04662321111930905,0.06668884905468345,0.41827401527239655
179,0.06237098011501492,0.10963465409494243,0.5080199748392399,0.048516031917613965,0.06788897618804694,0.203569382845142
180,0.06939798410532791,0.12344942208443908,0.21374193985899473,0.04478597471040876,0.06302878452738629,0.485595894713443
181,0.0637579464180882,0.11181104775352912,0.1678174373397334,0.04895904477529146,0.07020691123494657,0.5374476124784116
182,0.03639312493445479,0.04959239662864443,0.06689131910130082,0.1559212785320043,0.5682842739698667,0.12291760683372874
183,0.035029038430691294,0.0480873325230505,0.06854824846003152,0.18960592111516558,0.5270096649599882,0.13171979451107257
184,0.08863815016726198,0.1973633803165833,0.4332611576303299,0.04016980527892562,0.05521624918232676,0.18535125742457248
185,0.08288850168292002,0.18055444722498235,0.22432343450153894,0.042648816210141154,0.06087864599375821,0.40870615438665914
186,0.03367930339405988,0.04483863671727513,0.0658606188509568,0.5431322812732412,0.19029882775320447,0.12219033201126257
187,0.09102446366666363,0.5107893467153585,0.1610220801999662,0.03972078928691077,0.054363795121809555,0.143079525009291
188,0.07027547267654617,0.12238060759361821,0.200084963365241,0.044997439176577655,0.0639944531989062,0.49826706398911075
189,0.03441894322960096,0.045948294311093055,0.06325163356653724,0.5824992914120254,0.16051644795903394,0.11336538952170931
190,0.05288971465600914,0.09043619642662527,0.4341470078232449,0.05344332312936381,0.07492866079850231,0.29415509716625415
191,0.03188366367632733,0.04303063268708752,0.05896225111388647,0.37922201572506975,0.3803615477134742,0.1065398890841547
192,0.03055794480607364,0.040312546802132004,0.05559769846286058,0.2272497873707377,0.5483333977731569,0.09794862478503882
193,0.7974057642719871,0.07776080425096439,0.04775544861411645,0.02008855201044184,0.026112496222182972,0.030876934630306982
194,0.08766757091570566,0.17292971099471505,0.4871141408929551,0.040987935755481444,0.05640855836659573,0.15489208307454697
195,0.03982051394447584,0.05588920509652934,0.07509719602531567,0.12329242295962943,0.5591416973422234,0.14675896463182636
196,0.742806750074024,0.10635619333028908,0.05868022529983919,0.021549787117747073,0.028430559052688573,0.042176485125412076
197,0.6945738505538412,0.142396161661203,0.06686826894815263,0.022573927224556145,0.02962369967928758,0.043964091932959755
198,0.05288971465600914,0.09043619642662527,0.4341470078232449,0.05344332312936381,0.07492866079850231,0.29415509716625415
199,0.5724939454565406,0.23253197744779566,0.08131701657129874,0.024144887505412875,0.032316584004939815,0.057195589014013004
200,0.1229163979944643,0.6010153391588293,0.0938338448912241,0.03320813602032747,0.045089907769635146,0.10393637416551971
201,0.7822479193984342,0.08307330630811116,0.04990775928456282,0.020585562608226922,0.02695149459784956,0.03723395780281532
202,0.06081554457368121,0.10475181499262352,0.19298703428995798,0.04942518593460189,0.07119900870208198,0.5208214115070534
203,0.7289671698936273,0.11817705434002923,0.06286252969708411,0.021899480539348783,0.028676218476288342,0.03941754705362192
204,0.7414414221259754,0.10867538776952157,0.05991191006477976,0.021579860177618263,0.02826221529686702,0.04012920456523789
205,0.06556738487488316,0.11135658599990589,0.20973875609496728,0.0456285620620171,0.06503151330954268,0.5026771976586837
206,0.045467898544459505,0.06573394507564832,0.40259995872563753,0.05289853535805735,0.0750775851089999,0.3582220771871971
207,0.06621977093935844,0.14150617676067928,0.2018507084633639,0.05097883267298283,0.07337123643179529,0.46607327473182025
208,0.06011073461048874,0.1109991852680812,0.4927998063540198,0.05032851163449451,0.07102058295424316,0.21474117917867253
209,0.14903358597347133,0.5874520410522925,0.10718818530360529,0.03072534480309865,0.04165090294090258,0.08394993992662904
210,0.06999341368594651,0.13507721218851093,0.4714463624796533,0.04519115591600496,0.0627328079056202,0.2155590478242639
211,0.3187842336800611,0.45035398971978624,0.09660760914764632,0.02566771468730413,0.03461923928579552,0.07396721347940684
212,0.0637946028036114,0.11957631115761222,0.207548245182421,0.04941074198093849,0.07073424231014509,0.4889358565652715
213,0.6804509615685447,0.15754286016788124,0.06565107559482568,0.02289667440512671,0.030143539599297046,0.04331488866432477
214,0.037982126503104674,0.054936630452966415,0.07490512570451309,0.23528034991553318,0.44578680232941403,0.15110896509446847
215,0.22238275276874395,0.5420136936088185,0.10058357098891113,0.02757150434547962,0.03684924013031041,0.07059923815773632
216,0.06749188412187711,0.11844423873853563,0.19129316994919604,0.04704749093242448,0.06819964528564365,0.5075235709723227
217,0.12066355097259213,0.6093080160920233,0.10669070727629192,0.03346672452819033,0.045343700784191955,0.08452730034671052
218,0.07361651790899579,0.13768976372776173,0.1935515204831924,0.04520297587971502,0.0653496372484382,0.48458958475189695
219,0.056939724431699645,0.08803277959314093,0.17968121782664787,0.051114583784708185,0.07462394361751842,0.5496077507462852
220,0.7532554500973915,0.10293193073866634,0.056960070640065266,0.021337564721694194,0.027885517061147436,0.0376294667410356
221,0.036786940303387826,0.05231965713607916,0.07749281272480615,0.4393681737769089,0.2375449080983297,0.15648750796048813
222,0.035171058095442166,0.04822613928000819,0.06637766596321504,0.5468335195437465,0.1814059026910036,0.12198571442658458
223,0.0895305441904307,0.2039891489974941,0.46810325819171456,0.04185604754992366,0.05755605341047591,0.13896494765996126
224,0.425427886456048,0.3841885698384121,0.0739803712581545,0.0249846167835649,0.033236867925721086,0.058181687738099376
225,0.03326367998412283,0.0450596301681806,0.06369447451363962,0.49688899403239556,0.24270518912963268,0.11838803217202902
226,0.06139275182951594,0.09976084821904176,0.23409627279116305,0.04577066375287025,0.06585115541951025,0.49312830798789875
227,0.03222904549874442,0.043109566316791546,0.061169398709961825,0.20664493446952578,0.5439159680209171,0.11293108698405924
228,0.09704585388110985,0.5692446258321524,0.12729480036671545,0.03708528577298184,0.050717964018215184,0.11861147012882572
229,0.04863880411700473,0.07086075916312315,0.14668225247600622,0.056461150306444434,0.0831340980443914,0.5942229358930301
230,0.0574083996249242,0.09677525982235932,0.49521944853077665,0.0499748908390174,0.07038032915610551,0.23024167202681717
231,0.063207472634087,0.10696819992316543,0.20899565189824645,0.04800041094708919,0.07016140776970338,0.5026668568277083
232,0.6538575258354232,0.1817557206098899,0.06672405122296622,0.023295137021592544,0.030545412450856617,0.04382215285927208
233,0.03872908607831796,0.05471155560862493,0.07588739374790968,0.536850237579364,0.14883347909569908,0.14498824789008427
234,0.054440471372365594,0.09379498561636102,0.44800292686327603,0.05175890711943995,0.07340156940979062,0.27860113961876687
235,0.1646646292934833,0.5811401778163253,0.10931312553180923,0.02987499973363139,0.040137314532800665,0.0748697530919498
236,0.03660262920448055,0.05048428019464237,0.07025770183235762,0.5757665700072528,0.13664536601061314,0.1302434527506537
237,0.7958294375977284,0.074798550889085,0.048678732344167086,0.02003715151210557,0.026142453612382297,0.03451367404453173
238,0.05390422292188096,0.07975186262653701,0.24049743892296577,0.04748159107034105,0.06783480702676607,0.5105300774315095
239,0.06600439397449648,0.13796365332918634,0.1836426544795303,0.05137479094759152,0.07432408919885357,0.4866904180703421
240,0.7360725902823964,0.11204513407645154,0.05843044504113384,0.021825186646073136,0.028782421131764473,0.04284422282218079
241,0.8038062218712947,0.07190145710862074,0.04650807144045043,0.01980460770769928,0.025720534600036385,0.03225910727189905
242,0.10951556627472535,0.5822764854078234,0.11472749692422167,0.03531897238306073,0.04857632080064025,0.10958515820952855
243,0.0888313513995757,0.29355635070636504,0.3797442702326802,0.043887469225063556,0.06041739451516263,0.1335631639211529
244,0.03188366367632733,0.04303063268708752,0.05896225111388647,0.37922201572506975,0.3803615477134742,0.1065398890841547
245,0.03192519287928822,0.04348379936539284,0.06024466180245399,0.36606194345845533,0.3884003053435818,0.10988409715082811
246,0.03163945759311598,0.041616276551352936,0.058881605819064695,0.49680033709922955,0.26496983804668744,0.10609248489054948
247,0.7390733913725531,0.11102149226531727,0.059267191116493055,0.021678423156122846,0.028441056964509655,0.04051844512500415
248,0.23381504108868117,0.5650981088732568,0.07249011936553083,0.0275620894077068,0.037150564491073686,0.06388407677375066
249,0.036430260499763535,0.04885094180405305,0.0707173759649418,0.1255533476533157,0.5813818254973528,0.13706624858057345
250,0.03257848539826471,0.04292236337668624,0.05721147820194516,0.152724659806923,0.615153028069491,0.09940998514669014
251,0.07306435619876996,0.13791597162831346,0.49279454388529015,0.04466851059214915,0.06206838396463798,0.18948823373083948
252,0.03481426421372596,0.04698304914073278,0.06696774789711932,0.533211801194222,0.1949178006288881,0.123105336925312
253,0.03421410263139727,0.0477871007245477,0.06630293918959958,0.31534767006158404,0.4081780311750241,0.12817015621784755
254,0.038352986029122856,0.055876056435980016,0.07551061536746136,0.21970605016776418,0.459204257308971,0.15135003469070055
255,0.05720787894252023,0.10210492500093106,0.41786366547067816,0.04929923847780053,0.0697298119840821,0.3037944801239877
256,0.07080416375552588,0.13289664909982551,0.49935468098615193,0.04557122262830408,0.06381712982453797,0.18755615370565457
257,0.648293118659628,0.18159033609738803,0.07202165788814065,0.02340195950173088,0.030835391361673646,0.04385753649143889
258,0.21752879092636895,0.568564255236741,0.07689172997408451,0.027850093441962254,0.03741533324754102,0.07174979717330213
259,0.6938212105919289,0.1422007786023609,0.06565830208290613,0.02276049627373548,0.03002312330027447,0.04553608914879406
260,0.03336660846954021,0.04541858171468113,0.0641381457854192,0.44838898559433815,0.2884342620647909,0.1202534163712306
261,0.08327322127148036,0.4644377858551158,0.18072950419383518,0.044564600017810686,0.06181785555004833,0.16517703311170961
262,0.06650792716832958,0.11017758067502059,0.17827346791558826,0.04755231892898373,0.06957274097406466,0.5279159643380137
263,0.701863442557036,0.1377533994588191,0.06357354498049,0.022470565599956308,0.029658425874695908,0.04468062152900231
264,0.06790040468265235,0.12948550477821766,0.17961349752545114,0.04884108413938161,0.07048590733083905,0.5036736015434586
265,0.03231046598293035,0.042294271622387455,0.05905468397832595,0.6304001182598414,0.13275280970059533,0.10318765045591989
266,0.08447513070433679,0.23481097879975188,0.43933228423822807,0.04426071333021744,0.061000303724704094,0.13612058920276163
267,0.08728470754373155,0.1930765087125255,0.2564624341990686,0.04107363449010333,0.05865654292551612,0.36344617212905495
268,0.13960193065228424,0.5832472049875356,0.11002308853225631,0.03214526123808543,0.04417523796161524,0.09080727662822331
269,0.035510334699532256,0.050665983111004516,0.06360462447093279,0.26475661780640863,0.4691688424479602,0.11629359746416135
270,0.049339283113072493,0.06902430871626357,0.19871664468588343,0.05043416155565511,0.07258988892444387,0.5598957130046817
271,0.037842470645407536,0.05246830082019557,0.0751695752617906,0.5492505720033842,0.14402557219896528,0.1412435090702569
272,0.056725618699950416,0.09318236331784155,0.4810261177588836,0.04924566522959944,0.06951721694237552,0.2503030180513496
273,0.03266823332164876,0.04238213686620037,0.05640330311799066,0.13373483707456538,0.6380344097045884,0.09677707991500673
274,0.03556512413171024,0.05058040475643024,0.06528022461623535,0.36622466178232294,0.36125355541271625,0.12109602930058512
275,0.03172562272576841,0.04140359110010661,0.055124241054320046,0.23202547962978423,0.5447480076269808,0.09497305786304008
276,0.042790048160138004,0.06336361715729545,0.09754156173648017,0.35784539269772947,0.2040866341614565,0.23437274608690103
277,0.7765368103870804,0.08949780807772707,0.05144538950613513,0.02070157064572435,0.027014406922938782,0.03480401446039368
278,0.03550282520581492,0.04773658925586211,0.06354493114932101,0.10516224233152915,0.6333371775441187,0.11471623451335348
279,0.036229878943538595,0.04982570368003857,0.07184767607325336,0.5037759672061949,0.19851506908913177,0.139805705007843
280,0.035438767934683736,0.049447751696721,0.07043680519821197,0.38956164367376517,0.3148840411953429,0.140230990301275
281,0.03311335759795101,0.044195699145668725,0.06495343085002397,0.4865406307035365,0.24866305729992283,0.12253382440289724
282,0.03525139586849578,0.048035954235835975,0.06744772069899463,0.5226848777458559,0.20038164755294752,0.12619840389787032
283,0.07773523134081664,0.16409617725251133,0.4822397825373784,0.044406220086905944,0.06148513119960445,0.17003745758278316
284,0.2814809448401908,0.5128103490534137,0.07597580761048359,0.02643075040344318,0.03552404315617492,0.06777810493629395
285,0.1271913205155892,0.6031128934368555,0.10560527739648408,0.03275547477415216,0.044292308374685334,0.08704272550223327
286,0.03519495197291759,0.047699526984901826,0.06778999026199219,0.5838411240360053,0.14184172070204268,0.12363268604214009
287,0.0634281904510419,0.10836526462498754,0.4867138998930403,0.04575912053435061,0.06387800361898457,0.23185552087759517
288,0.03712675721530706,0.052467811012149784,0.0746862567404955,0.5046611107224518,0.18766454353362821,0.1433935207759677
289,0.2730341081114634,0.5161740231349109,0.08660641004224227,0.02641391191987083,0.03528091698603734,0.06249062980547504
290,0.08965070415459593,0.21062432969493497,0.4713625294125153,0.042755479634957155,0.05891354953600332,0.12669340756699352
291,0.11529228845025734,0.5736600586572137,0.13369767097068852,0.03391168186274932,0.04597076028111992,0.0974675397779713
292,0.1558134278653922,0.5828276524838449,0.10771633794177021,0.03024581758680053,0.040583539945540294,0.08281322417665178
293,0.07264666862388616,0.13718466461951875,0.49826721351657177,0.043719844766362564,0.06009548308525627,0.1880861253884046
294,0.0339764856168092,0.045534684465116965,0.059784929681755535,0.19685034481848424,0.5574491624851626,0.10640439293267132
295,0.7237277637263178,0.12099726748439239,0.06286452167443504,0.021989575929758108,0.02882331179534337,0.041597559389753055
296,0.05205334656923848,0.08828128249499145,0.39637948101596837,0.05087893038093804,0.07144812148299137,0.34095883805587257
297,0.0718393327112752,0.17445584728591557,0.4247248946386773,0.046137280422949456,0.06434981838811489,0.21849282655306757
298,0.03682585654476206,0.051145016972911905,0.07162496909048416,0.5256492233993205,0.1798809328406823,0.13487400115183917
299,0.031024253754348446,0.04105760260489875,0.057920937898512985,0.4824118128807155,0.2831693908959858,0.10441600196553819
300,0.09320438517305504,0.5521049331018013,0.14104017333802352,0.03806788266834283,0.0516238635147191,0.12395876220405855
301,0.12952079716393752,0.5818356202811028,0.12322188870004767,0.03229087207596916,0.043510834089422495,0.08961998768952018
302,0.06077672696176715,0.09818759465878477,0.16579914617574884,0.04881091826346086,0.07013343699925426,0.5562921769409843
303,0.05022269927874755,0.0737381228789048,0.18834377433699023,0.05115289120087021,0.07270709040406759,0.5638354219004196
304,0.13202205665279657,0.5663735952618578,0.12439048841550561,0.03284005000323878,0.04537627060455589,0.09899753906204527
305,0.0656051754806803,0.11780554712482945,0.19925434527691382,0.04841284440002151,0.07041521948558038,0.4985068682319748
306,0.7149439410848792,0.13830211643214296,0.055448065210755286,0.022222869964241214,0.02912837251796476,0.03995463479001643
307,0.26921058415099114,0.5299612601730653,0.07916104981550454,0.02674881569938001,0.03580549416134908,0.05911279599970997
308,0.2942090074439961,0.5055679247285273,0.07763983032417121,0.02645984275827192,0.03568338398101088,0.060440010764022695
309,0.32968156913606417,0.46537331154924544,0.09216906306908891,0.025828100270581966,0.03451002559480763,0.05243793038021171
310,0.19233633222230867,0.5684316652416412,0.0984380228933379,0.02857575823308701,0.038377331569222184,0.07384088984040324
311,0.03548031861417116,0.04824430755232741,0.069949740334425,0.5923107453648556,0.12401140530857906,0.1300034828256419
312,0.7687176706799429,0.08930511508611531,0.05328337004755071,0.020909416647153893,0.027535231768874624,0.04024919577036236
313,0.06476556641709645,0.20841966783289587,0.2901961437025731,0.05799527205003869,0.08829420775016661,0.29032914224722944
314,0.07409057361345645,0.15100445350948635,0.5034288148613005,0.046848848506268324,0.06496330235130603,0.15966400715818221
315,0.03136753973463297,0.04053341715587976,0.05337779515404039,0.18161173761372224,0.603051138159974,0.0900583721817503
316,0.05921030312031625,0.09553791404264565,0.2046949936439329,0.04777740594856604,0.06904256396744468,0.5237368192770943
317,0.8116835370333383,0.06586158697873247,0.0453408836917628,0.01951517630664954,0.02538779252907717,0.03221102346043968
318,0.05187735445561271,0.08235945825250841,0.21886996576662154,0.054463348367873726,0.08037033950349076,0.5120595336538931
319,0.06587159302888765,0.11185307975072638,0.21320118558109788,0.04555778559361072,0.06513411307917001,0.49838224296650785
320,0.07738312475355016,0.16731890061798152,0.23370114264788436,0.04480483979037206,0.06420700296934345,0.41258498922086845
321,0.7334981588592979,0.11751147182148257,0.057787739344795905,0.021842990738197225,0.028734740609449777,0.04062489862677649
322,0.7812706892397346,0.08647826092810477,0.05092105299220154,0.020572042777147054,0.026819307228578147,0.033938646834233824
323,0.1213596585926842,0.5955767576763956,0.11169579806331924,0.03315450217325428,0.044837437574970086,0.09337584591937652
324,0.06756204118911895,0.15047269586198128,0.1855814185209071,0.05255811890186919,0.07537093593673516,0.46845478958938813
