,proba_0,proba_1,proba_2,proba_3,proba_4,proba_5
0,0.01667428266408933,0.022864304826844113,0.0380585776144457,0.019334436700263035,0.010484502073205889,0.892583896121152
1,0.0014891385054840642,0.02409313115986514,0.01839960562417466,0.004412411625438776,0.021909234055988297,0.9296964790290491
2,0.0009218444401299392,0.0034297331101629754,0.9552763547943967,0.015214764355812135,0.010433977833538178,0.014723325465959938
3,8.543456628898771e-10,0.0034791202414963633,0.006415769561901413,0.4182958219006984,0.5666781349089888,0.005131152532569318
4,0.000628295948808206,0.02328423817190393,0.9449506453860559,0.011491793758509073,0.014497076144223757,0.005147950590499071
5,4.8295447565603215e-05,0.014531422932562594,0.010248527011603196,0.0022626552367603276,0.044965243610641754,0.9279438557608665
6,1.5646540225795925e-08,0.04304864655543343,0.012486276977575188,0.36692078101322373,0.5691816147138501,0.008362665093377296
7,0.00015741475366196802,0.005694389944043669,0.9437391619311837,0.029586256210690172,0.01646529056051062,0.0043574865999100225
8,5.2737639560523424e-05,0.014992595298820601,0.010663316417971089,0.0018211350649853537,0.05338499041756938,0.9190852251610929
9,2.8605739727749663e-09,0.042917155450878486,0.006270524302330297,0.1615736717085241,0.7724726294891228,0.016766016188570404
10,0.8859994008940665,0.08533457193308266,0.01080305810175608,0.013403487328362522,0.000244949660152803,0.004214532082579486
11,0.0007730561112313155,0.008285888281044896,0.9637429672157131,0.008505581651939376,0.012033973710262528,0.006658533029808763
12,0.04697438625073829,0.9175475212392661,0.013150517253929328,0.0063312137744468665,0.004873016108585845,0.011123345373033637
13,0.00029056214709835743,0.005130137055631642,0.949070822964591,0.030779125713379433,0.00982536663804731,0.0049039854812522096
14,0.31404262282072176,0.645353390029722,0.014323101658267515,0.011825418789853099,0.00308385707204773,0.011371609629387734
15,1.2273797545027151e-08,0.0017452584663300813,0.012481338700618612,0.7949835871823258,0.18661665438013292,0.004173148996795028
16,0.0004093300121289365,0.010866522396361935,0.9598889954454525,0.014541190811224753,0.01035551478782206,0.00393844654700962
17,1.4404407234281296e-09,0.037595462834236607,0.01672124759510324,0.4540488665400506,0.4844621510338993,0.007172270556269487
18,0.3080277407820356,0.666089232834603,0.008910052317872034,0.008559015928667158,0.0014559932814862961,0.006957964855335883
19,0.8841889682587316,0.09090866437911484,0.010941729705766484,0.007493469039370446,0.00025875572031848926,0.006208412896698144
20,0.8600602263769251,0.11512227314677409,0.006537721488393784,0.01117728485985499,0.0002938479472358279,0.0068086461808161474
21,0.0016348192338766557,0.021474577244164194,0.004367430565783277,0.006150177509553981,0.013662112962497691,0.9527108824841243
22,0.35451739312990377,0.6220148358816351,0.011895716377654736,0.0035805431104179238,0.001107957910385321,0.006883553590003272
23,2.7724401819798324e-09,0.0005345971065400824,0.2301572073336467,0.2584359261125404,0.49894598050382594,0.01192628617100654
24,0.8706139239944477,0.10443701297662426,0.007209664132852919,0.011537300262177608,0.00015784822365259645,0.006044250410245067
25,2.984934259755921e-09,0.020695606725512752,0.0030142944153224924,0.23327471850599696,0.7360763877991001,0.006938989569133538
26,0.8403626509268309,0.1331936128799969,0.00947399191941436,0.008474112118761437,0.0002755149380044704,0.008220117216991826
27,2.143425843023203e-09,0.004831761861594668,0.003977665766915853,0.7225223451388221,0.2652432248693348,0.00342500021990662
28,0.005815728190109139,0.01924274775646903,0.010181820522209856,0.008127943923814095,0.007002407635906475,0.9496293519714915
29,1.8749967689075096e-09,0.03121613796057399,0.0043306598185210805,0.23388586170561296,0.7250478350167623,0.005519503623532978
30,0.0007539495891317094,0.013955547834670423,0.008236042653598681,0.00478582411443183,0.025955331585875967,0.9463133042222913
31,0.0008383491885286304,0.020272954132319602,0.006291596939215931,0.004271242379071882,0.023368196190677752,0.9449576611701862
32,6.608603886844112e-09,0.0046645806897574705,0.012964292247728429,0.8263120422244011,0.15405992786839018,0.001999150361118957
33,3.55648264108569e-10,0.010606422693375242,0.018237905503095495,0.14707383511207373,0.8048519165180533,0.019229919817754078
34,0.5293440165602059,0.4039797395860259,0.014135489474094305,0.04149389342619807,0.001392590587860134,0.009654270365615886
35,7.056618018805362e-05,0.01770434189637338,0.9268105944065413,0.037138741908166475,0.014423284739200843,0.0038524708695300072
36,0.00042845981238498194,0.015971204547827692,0.023236639849473124,0.003663148732781802,0.02806853319534192,0.9286320138621905
37,0.046493950113609114,0.9207221194563239,0.010543513964291084,0.007691492990279571,0.004270321988635964,0.010278601486860427
38,1.7511976685276227e-08,0.0017456850679207067,0.01606013462841695,0.5752466397929338,0.40122604890603303,0.005721474092718758
39,0.0002323376390091743,0.023131384283945546,0.014637566930299547,0.003081774604951619,0.04025870042058934,0.9186582361212047
40,0.20159261347886964,0.7654819003840906,0.01908462844012266,0.0033497869173008442,0.002089459920114324,0.008401610859501862
41,0.0032127894930995995,0.02042925129871041,0.0050525616340751965,0.009923875677816782,0.013423918101928894,0.9479576037943691
42,1.8236778423916198e-09,0.00179950642129737,0.014698345456694576,0.805901543950784,0.17413318394392813,0.0034674184036182676
43,7.760631541278198e-05,0.009024781351736726,0.9376073868259478,0.03160562461214479,0.01726340998769439,0.004421190907063617
44,0.00011242331966566765,0.024490845570167532,0.010590706517138075,0.0014703167628764748,0.036530013565124746,0.9268056942650275
45,0.9017749084371331,0.0642707523270725,0.008252630270881073,0.019912749364456205,0.00015036800288288746,0.00563859159757443
46,1.9895647538014716e-09,0.020249710572327204,0.009340225083139609,0.12557853905933133,0.8381047244574186,0.006726798838218456
47,1.7028587030002846e-09,0.004354588360124184,0.005872186905688363,0.6065100393992191,0.3761093436312512,0.007153840000858452
48,0.8442361601512278,0.11717352910506836,0.0114840013437636,0.016945244507830134,0.0004007648816235634,0.009760300010486651
49,3.973707274995093e-09,0.005158862629539091,0.004688022676862491,0.7546725709683216,0.23177789136584095,0.0037026483857285457
50,0.048940911288854715,0.9078340737372607,0.015429173993123588,0.004192412097072297,0.007844663676203404,0.015758765207485332
51,0.7984058861332688,0.17287116710102157,0.007945971225811255,0.011379792836943403,0.0004847798178190242,0.008912402885136063
52,0.0012447635131858142,0.008127076436707395,0.9662932994812907,0.005676374624808712,0.012225679164433359,0.006432806779573914
53,0.00015151417874139823,0.011049233166279026,0.9424221470729583,0.033066586819715256,0.009697748025332206,0.003612770736973692
54,0.0025181162346895655,0.028057562168167644,0.008890112788979115,0.0059666699912380725,0.01807612886732782,0.9364914099495978
55,0.002776479789925107,0.016998470452451113,0.015288856033042851,0.00815193359911957,0.017196277465022794,0.9395879826604385
56,8.751971627186968e-10,0.010839617483171396,0.003953643913557925,0.17695493697769057,0.7970740680279441,0.011177732722438794
57,0.001845420330761162,0.02438106071524167,0.9473018389612073,0.007020407859171548,0.008084755194790325,0.011366516938827955
58,0.0005442778244997694,0.004995304996846449,0.9455740871734383,0.036646652689444836,0.006282224250108568,0.005957453065662108
59,0.00018685334184378752,0.0026358957641010924,0.92971899293707,0.04009486347221692,0.022070961301614372,0.005292433183153644
60,5.538229697737525e-10,0.014685521397285494,0.011133961150724753,0.19147991967008493,0.7779954877172083,0.0047051095108735005
61,3.903838095171231e-09,0.010442139519788729,0.005133131366776956,0.615990033190959,0.364514277301324,0.003920414717313198
62,0.2766923757424352,0.6953513598101544,0.015223587407415537,0.0046004723481328615,0.0017505997181728817,0.006381604973688985
63,0.5874589898535651,0.38300045707408154,0.010212914423585847,0.009506918530917369,0.0011220361144724772,0.008698684003377546
64,1.3532247851927202e-08,0.008218198313054344,0.006715629631835466,0.8007193896763025,0.17968555848404535,0.0046612103625145035
65,1.1543005258905536e-08,0.0019895526188467693,0.007932175063528354,0.7761768122716731,0.2087381833787321,0.005163265124214415
66,0.05743297702084604,0.9107209477691464,0.009260727517845544,0.00648992621722818,0.004119844329267963,0.01197557714566597
67,7.770951959532729e-10,0.01585421873917635,0.004833930889641221,0.24792120361564857,0.7274323695503766,0.003958276428062075
68,3.454240484429281e-09,0.008770062352675755,0.005298488531070923,0.3087490280861389,0.6655648683549478,0.011617549220926103
69,0.4005870898515856,0.5612345342890768,0.008225991141436571,0.01773587684059226,0.001875284813562613,0.010341223063746161
70,0.03341008706163674,0.032552371484840116,0.00848954125124032,0.014017558859294827,0.004171758382933822,0.9073586829600541
71,1.2177298533190782e-08,0.002131550068394599,0.01045008055525505,0.7686922562617411,0.21154844997650835,0.007177650960802387
72,0.0011462138010676502,0.0050061477234229655,0.9621319991276547,0.01219032206114079,0.009329633347490573,0.010195683939223354
73,0.14664678969530281,0.8002023635203233,0.03474780710786937,0.0039408463969522745,0.003037395651726046,0.011424797627826158
74,0.22915662144518192,0.7221791090731081,0.01926149336678118,0.014369016537713367,0.003312181202948653,0.011721578374266683
75,3.8773629622359584e-10,0.014899503293925073,0.010022522651128409,0.21058816475944425,0.7546232614721621,0.009866547435603938
76,0.8591739618331261,0.1158265302735341,0.006655032769502867,0.00993468312522559,0.0002066665935942499,0.008203125405017084
77,6.854382123194757e-10,0.021081183782085473,0.005503944844741869,0.15506153943062342,0.8100242011753761,0.008329130081734932
78,0.8440229818760648,0.12178367828422586,0.009621641096184411,0.015516379714133718,0.000385900966754775,0.008669418062636394
79,0.16411625278493625,0.7794590543742291,0.018374503985710552,0.023109923907224942,0.0033684460250964516,0.01157181892280271
80,0.7942480931320975,0.1763584379217303,0.008260101429989668,0.010434897145095027,0.0005170965566062192,0.010181373814481195
81,0.8939487164335048,0.07690736113875482,0.011858683869437848,0.010527771425452843,0.00024194470024106122,0.006515522432608869
82,0.831561545184231,0.14103507894709047,0.009904461423329368,0.010967415611833429,0.0002918044034130979,0.006239694430102691
83,0.8800417743137403,0.08827018697137377,0.006368979547100419,0.020251379450116652,0.0001723438154765674,0.004895335902192338
84,0.0005033567662325811,0.02332662339770531,0.008403424712735155,0.0027707520847227315,0.029661069043032947,0.9353347739955712
85,0.8835003921414646,0.08402467857266359,0.009279715224796833,0.017235823718741168,0.00029537355468843606,0.005664016787645557
86,2.7021378558274954e-09,0.0330700907464336,0.006819502256114031,0.18389515469076476,0.7698759678727595,0.006339281731790358
87,0.002289464190376163,0.0187384601746685,0.007175190631937198,0.007847495065762884,0.018103809692860556,0.9458455802443947
88,0.16448410259272278,0.8061691141056979,0.009785113329312973,0.005520321664332697,0.002684001562310743,0.011357346745622771
89,2.5376242097112446e-09,0.042182591886060376,0.004618717630735686,0.6335117200293643,0.3158532612298752,0.0038337066863402447
90,0.7091244250644679,0.2666629587267732,0.007341138338461244,0.00858723983363226,0.0005543084007921222,0.007729929635873167
91,6.778266310025097e-08,0.02023804492100594,0.01782316878468144,0.17647312512743626,0.7689096756037914,0.016555917780421887
92,1.4339416989577499e-08,0.005268959382727572,0.007883258057203546,0.801230919016446,0.18016011539124863,0.0054567338129571895
93,1.3913555791195254e-09,0.010770029638291495,0.01877283897010573,0.3411744727172966,0.6245141860182197,0.004768471264730922
94,0.8791108213323704,0.09206899266359235,0.007972565514848172,0.015277772581951161,0.0001636062739404904,0.0054062416332974214
95,0.0008514767626100437,0.004552335970638117,0.9631288240063851,0.01202682473969737,0.009827757030241706,0.009612781490427623
96,0.43207938584555283,0.5148624987120113,0.019401847577182742,0.021047250557898654,0.0027022161475112124,0.009906801159843359
97,0.14654519166445099,0.8258358242678889,0.014511445909743504,0.002333444296958245,0.002192189668883781,0.0085819041920747
98,0.0014308522775772841,0.012374588170301135,0.9527882630707086,0.007413120331421799,0.01518875294590768,0.010804423204083431
99,1.015756047721957e-09,0.01141275259547133,0.021627378018206966,0.10628875297864565,0.8495583572630403,0.011112758128879718
100,1.2086345806948306e-08,0.0033029581659433094,0.006387374036297194,0.8010887312536658,0.1859922942563315,0.0032286302014164804
101,0.0005740087573247865,0.06360135174701273,0.9028492829540001,0.009666736937530668,0.01333928719553808,0.00996933240859368
102,0.15458823477269878,0.8102017372179832,0.008415941197821405,0.00820652826537796,0.0031278222665467132,0.015459736279572072
103,0.01929876563287813,0.023062069928756194,0.06058762207181928,0.024500549340903566,0.009800163264645213,0.8627508297609976
104,0.0004891043382408352,0.0122109726450076,0.9506684558083154,0.025425526511038472,0.006913230609728061,0.004292710087669622
105,0.0002686214876252085,0.006953755972498677,0.9543743282836832,0.021390537145617262,0.01324157358089697,0.003771183529678744
106,0.00015160508641420383,0.013958007765415517,0.946961874360351,0.024051700154421343,0.012351613633666412,0.0025251989997315595
107,0.0005188586995705568,0.011158119525912395,0.9484012815043869,0.013538435060411708,0.015155818057547923,0.01122748715217072
108,0.7630108473785846,0.21298835428665183,0.01127055718245403,0.005595976760338575,0.0005296747904977253,0.006604589601473247
109,3.467387864840044e-08,0.02504801193219994,0.0035863721504986092,0.512646901509535,0.43490916678446706,0.023809512949420724
110,4.804400665115213e-05,0.0114005582717057,0.005030959590297013,0.0018788262877683576,0.03651696248086435,0.9451246493627135
111,9.311119754573511e-05,0.0009067560922169774,0.9118396473184008,0.031387476279934004,0.043560614992309316,0.012212394119593049
112,0.002636257667735882,0.024250234872536833,0.02224892036635552,0.010178025803218412,0.021263317769886977,0.9194232435202663
113,1.1490517607528968e-08,0.006058834703376567,0.0038910903812834586,0.7573653010991641,0.22947514697143137,0.0032096153542269493
114,0.25344731035640866,0.6050743222905616,0.033703647781476734,0.07714720368638806,0.008054742659137814,0.022572773226027142
115,0.2642768884142156,0.7022490788519098,0.011786097025699013,0.008244896664528661,0.002239424828428093,0.011203614215218918
116,2.6322006383201827e-09,0.018026806644998995,0.005381270977916444,0.42729593411534156,0.5191395754467456,0.030156410182796908
117,0.00024851355454636815,0.01134984461992724,0.9487951391034871,0.02850945382957429,0.008048561074784065,0.003048487817680956
118,0.4192728179283331,0.5483910568280363,0.01268708937218836,0.006767737960300551,0.0013213513878727538,0.011559946523268843
119,1.8657750067492644e-10,0.021242577873461708,0.011929222054588528,0.15990951231717182,0.7879586553111309,0.018960032257069496
120,1.337170992403465e-05,0.001841509737292931,0.7945298834816718,0.18020338447787027,0.020272693797643668,0.0031391567955974396
121,1.1870059822768094e-09,0.030770307473183735,0.005636118299962012,0.1561377423850958,0.8014201344494142,0.006035696205338364
122,1.317418465021147e-09,0.004857616923244892,0.16225147442748963,0.27281830064755963,0.5542698768344059,0.005802729849881531
123,0.0003263141591793396,0.011922568686593703,0.9600869405994188,0.012959155063613937,0.01057264879511747,0.004132372696076754
124,0.8522647321542725,0.1165642094589764,0.010869779867028124,0.015826440225316856,0.00028983660142223457,0.00418500169298371
125,0.8937278595921806,0.07438972044021079,0.008966337519032629,0.01656290644410991,0.00014516928662583229,0.006208006717840135
126,0.22915662144518192,0.7221791090731081,0.01926149336678118,0.014369016537713367,0.003312181202948653,0.011721578374266683
127,0.5408731567444414,0.3683960789518316,0.031062350182966908,0.04548261959642316,0.0024150068665229774,0.011770787657813976
128,0.3056728943216447,0.6262595008728902,0.02146827089354287,0.03325517861304935,0.0030903267002808667,0.010253828598591875
129,0.10451085986953187,0.8670492851476211,0.009523804687182847,0.005402611873936186,0.0028112338443611377,0.010702204577366719
130,5.825783615410166e-10,0.0025502036509779534,0.01887105421625881,0.44118354083337635,0.5344805779412068,0.0029146227756016497
131,0.07753494234618934,0.8892900657636227,0.01060005305096947,0.004889762114773751,0.00521656925853485,0.012468607465909953
132,1.3794552333096112e-08,0.018839801059910687,0.017722938563237076,0.5323424354831011,0.4260777858019546,0.005017025297244188
133,0.0980480530032617,0.8735092188424329,0.008284892939570476,0.007756364239333999,0.0027765376476116955,0.009624933327789168
134,0.7754400834190743,0.18582297474157572,0.01957989740614104,0.0047597387925657824,0.0010808094299516113,0.013316496210691461
135,0.9106860679333624,0.05880188024512568,0.010708071939541734,0.013452710489903784,0.00017270795995030116,0.00617856143211611
136,0.7203724219599514,0.24210885970746795,0.010021520574088606,0.0162705051351973,0.0006270820353768547,0.01059961058791789
137,0.00017521946485870687,0.023459102665055548,0.005784979941039285,0.002163906487242463,0.028605046662095016,0.9398117447797089
138,0.772642076852319,0.16914352705480618,0.02295313508062519,0.025764618322079495,0.0019734460414925995,0.007523196648677521
139,5.3602291129971746e-09,0.027326655042977453,0.009484767342422738,0.3100278447933945,0.6472774994632412,0.005883227997734951
140,0.0015929775743979907,0.02473805930540386,0.00806991247505969,0.0054663830381269565,0.02471300769004475,0.9354196599169667
141,0.8728660678144422,0.10196062768609179,0.007729137277452549,0.011674518678926176,0.00021021167723042508,0.005559436865856809
142,0.8191117436274419,0.13967959595307547,0.014417725315155849,0.012817974588458432,0.00037236117198910924,0.013600599343879265
143,0.7982954095603061,0.1780817990793947,0.006793854456522684,0.010251160928549196,0.0003582682408611133,0.006219507734366188
144,0.8925890114441385,0.07813945068037549,0.006483583427707915,0.013260277883194895,0.00025539264957282783,0.009272283915010325
145,5.721095457813836e-10,0.011563432413736838,0.004461523809717013,0.1878400421715835,0.7903765417806052,0.005758459252247876
146,0.00013060353188092553,0.00458092975614537,0.9344084940633505,0.04384440418920207,0.011085497114105171,0.005950071345316119
147,3.4777030097411145e-09,0.006463997917119841,0.0035630784826145728,0.699377654801838,0.28599470909647023,0.004600556224254356
148,0.001116183082219635,0.012380653348706224,0.013047782734668426,0.007397196720912449,0.020895888537365154,0.9451622955761281
149,0.0011882322921571336,0.02118911692593743,0.016308801678931804,0.006044631791639906,0.02541776652084948,0.9298514507904841
150,2.718735977373742e-10,0.0071104913828019395,0.008364178992583881,0.20824989088684684,0.7643594125934655,0.011916025872428283
151,0.8952756543443984,0.07710132463130984,0.0072557619501061234,0.012024779247338793,0.0002021268813228383,0.008140352945523966
152,1.861960504452122e-10,0.015013752121571529,0.00938024169687342,0.1996065894378208,0.7701278077737684,0.005871608783769764
153,0.8551391829935829,0.11860463364337777,0.008652335542272559,0.007259734505532044,0.00030345234650657523,0.010040660968728009
154,0.8819986762547974,0.08740772781748089,0.012150563819616237,0.011421569364978908,0.00026751555555066045,0.006753947187575869
155,0.8798290242204149,0.0948607075346594,0.01154579865392237,0.007624497682268726,0.0002526115545086653,0.0058873603542260585
156,0.0005019661840546318,0.0047669498018374935,0.9383439001940355,0.033627402166539165,0.010560681459144553,0.012199100194388647
157,0.004228884312569643,0.021649412581057712,0.01051360374211634,0.008618797193624912,0.014840505776217424,0.940148796394414
158,0.0008251046884686942,0.003958583853089548,0.9635968919341857,0.01755250412901076,0.00803754431685216,0.006029371078393187
159,0.07684091869301321,0.8925503840985479,0.010526939558186484,0.0030099399650041,0.004598477578391034,0.01247334010685711
160,0.004479340370971476,0.01988968873303149,0.022132286416000468,0.013888484818120883,0.017365569340648937,0.9222446303212267
161,3.2313293733280734e-11,0.008723850251837586,0.012351799268371712,0.16154848571637676,0.803657823062852,0.013718041668248545
162,7.086084436925561e-09,0.0014511550065010649,0.030758429316462704,0.6041348117839214,0.3571465919239594,0.006509004883071054
163,2.6509743650742853e-09,0.021286307326507842,0.006414235219302922,0.19129221442199865,0.773339554007496,0.007667686373720324
164,0.000638232984950562,0.027308435791106568,0.006782595304527688,0.0027971713290729297,0.021987571539907748,0.9404859930504346
165,0.8723175150466457,0.10091515077703041,0.010024288154753112,0.011801376422976302,0.00032500658288976014,0.004616663015704723
166,0.15063463964083165,0.8004737281135825,0.007666394214850291,0.01904846501607232,0.003756034434310225,0.018420738580352886
167,0.00014973397973560746,0.005055965828551399,0.9290061540578426,0.0563221830957368,0.007083231029102724,0.002382732009030965
168,0.0005093325001119402,0.0038938565480588425,0.9625641490477117,0.015513027229945728,0.010075601779467355,0.007444032894704397
169,0.00033598172118753955,0.004361285910607073,0.9503833030328298,0.013418817464214035,0.02195058150064904,0.009550030370512504
170,0.8958592372117251,0.0681013541240423,0.006699835127135164,0.023691547065384386,0.0001949696227170805,0.005453056848995901
171,3.712975042839375e-10,0.012107342359733098,0.008263313201962686,0.17225717557589035,0.7919863274020651,0.015385841089051253
172,0.004119290582206852,0.026895705251859102,0.004804385551231314,0.010206184155438489,0.011727689799851494,0.9422467446594127
173,0.8763236674953128,0.097477360252392,0.006230198169515603,0.014940021975714838,0.00024116046983603317,0.00478759163722865
174,0.0026299980071951127,0.0040496592193684285,0.9609296891629856,0.0081895247567786,0.012434450763472571,0.011766678090199576
175,0.0006115923121418534,0.027036604743107207,0.9428371976452593,0.01025506183566254,0.013765478982402053,0.005494064481427171
176,0.00012852100311194536,0.01724533539819886,0.010709928670049518,0.0026660639596868107,0.03995942423837805,0.9292907267305749
177,0.0002151713951082316,0.009395740958640668,0.004519967589932425,0.003453669844002276,0.017449046429419593,0.9649664037828968
178,0.0002217773499358462,0.015577721341812593,0.014522540714051846,0.0034008809158711396,0.03177733436397333,0.9344997453143553
179,0.00019729916031710273,0.010754100795651837,0.953865256887945,0.019347584280677923,0.012570272779456432,0.003265486095951652
180,0.0012932380502575173,0.016869742419138106,0.017008470427897996,0.00600785700567203,0.02307048600470744,0.935750206092327
181,0.002913851099543441,0.019549604983411597,0.015816350902853493,0.008588553508486361,0.01584392071125326,0.9372877187944518
182,2.0161865874248686e-09,0.030639879434724245,0.008647955198355706,0.15432309903071095,0.802030476797676,0.004358587522346498
183,4.713987081037055e-11,0.007402620838394449,0.022126584355461408,0.27294211768123566,0.6831844962122517,0.014344180865517118
184,0.0031315983353022462,0.009861005032782472,0.9519903346934048,0.005539733107797333,0.01516884603083228,0.014308482799881011
185,0.00013330012185862696,0.018749948255156197,0.02065652302216177,0.0024771813170734293,0.04604873728359227,0.9119343100001577
186,1.1466429961968133e-08,0.0020872637196342587,0.015949874849903678,0.8044905145073089,0.17110007337713312,0.0063722620795901705
187,0.040667067418074763,0.9131399520083874,0.01889804448986478,0.0056947719580718375,0.007540831185899621,0.014059332939701664
188,0.0010012816989772959,0.017431362030078404,0.011890324369471557,0.004340090290641256,0.020580008640329737,0.9447569329705017
189,6.668771734125466e-10,0.015856567749396176,0.005806814517454254,0.5575128248217863,0.4178656247154035,0.0029581675290826395
190,7.056618018805362e-05,0.01770434189637338,0.9268105944065413,0.037138741908166475,0.014423284739200843,0.0038524708695300072
191,1.9895647538014716e-09,0.020249710572327204,0.009340225083139609,0.12557853905933133,0.8381047244574186,0.006726798838218456
192,4.372177542878952e-10,0.04813872171941182,0.012396844080671343,0.18738504071764045,0.7346311289768405,0.01744826406821829
193,0.8431021222764752,0.12948057606836127,0.012310999047820079,0.0076868946837336345,0.00041093459572799255,0.007008473327881872
194,0.0014547849224302175,0.01824234943293589,0.956201046737933,0.006941371907909782,0.012022484194370272,0.005137962804420768
195,1.780945432280258e-10,0.01816349807160658,0.013648232428014842,0.18831083923087993,0.7674185769728455,0.012458853118558664
196,0.8511704283212327,0.12347199667144701,0.007151203709301766,0.011117757662874192,0.00032393613868864725,0.006764677496455886
197,0.8696199100257406,0.1094115731151137,0.007188183968482029,0.007130273450423226,0.0002379911423972732,0.006412068297843249
198,7.056618018805362e-05,0.01770434189637338,0.9268105944065413,0.037138741908166475,0.014423284739200843,0.0038524708695300072
199,0.8351469138264253,0.13770580848026504,0.007526837496233512,0.009258003293418466,0.0003723651793813835,0.009990071724276493
200,0.3517294933906212,0.5605582505995906,0.038801358488312336,0.02047309885900485,0.007218901975984934,0.02121889668648593
201,0.8644041351781413,0.10663408269738431,0.006488116302630218,0.014824396360889185,0.00019515081411773294,0.0074541186468371065
202,0.004682417183460155,0.02757729704146974,0.011920369025051034,0.0074231972467574256,0.014093947567318407,0.9343027719359434
203,0.8693201786684113,0.09888150909718331,0.017536303204529865,0.008404045849565325,0.0003213156632154792,0.0055366475170948466
204,0.8816832968924847,0.09421548735688774,0.007317020219885898,0.011645438338374912,0.00022604054701169635,0.004912716645355075
205,0.0024487937696646713,0.020109419397591966,0.014092183915175834,0.007001472203452495,0.01923564564102612,0.9371124850730889
206,0.00014227322704916606,0.012972370361244386,0.9433215735621461,0.023045984534432972,0.014301135681736087,0.006216662633391255
207,0.0010952960591186977,0.023719214584215803,0.013070229080252477,0.0058524502224123675,0.0281160472726581,0.9281467627813426
208,9.567053171109335e-05,0.0038261224485015865,0.93015734950372,0.04173017947652684,0.02026790657565848,0.003922771463882022
209,0.20496439314967524,0.7680184777269315,0.00820586255529253,0.006455418446916726,0.002296994140094206,0.010058853981089794
210,0.0010854991384529483,0.031088890420756233,0.9418872769622456,0.012611387668467679,0.008186206780517171,0.0051407390295602545
211,0.6327648779801183,0.3108693801988048,0.01847549838897353,0.026918807673248512,0.0014597197718059878,0.009511715987048626
212,6.614292295000801e-05,0.01184156392761042,0.007609178518406097,0.002565767143741189,0.034577151769549466,0.9433401957177429
213,0.8604103806048767,0.1122164986250062,0.012338062801065792,0.007167632293089998,0.0005025206757434261,0.0073649050002178446
214,5.894368022206841e-10,0.01616512908273302,0.009544665572700606,0.16229811876147981,0.8051625731040095,0.006829512889640224
215,0.23929238190493493,0.7298362869013335,0.01045389717263072,0.00316795518902287,0.00257022590742376,0.014679252924654173
216,0.00019692762786375177,0.019320343161136462,0.005420726103831917,0.0026449988423286374,0.035325159448591645,0.9370918448162476
217,0.07122755217953969,0.8914768359122563,0.019971733313675907,0.006898350183361331,0.0038642856549576145,0.006561242756209064
218,0.0007323625101918316,0.022766537182393003,0.015497839679931768,0.00568008399330946,0.02943796794363627,0.9258852086905377
219,0.0002205780842051177,0.01949949479898116,0.0019422175736882126,0.0035707888872809693,0.03070314108712891,0.9440637795687157
220,0.8822877660902607,0.08888453666514227,0.008298062006808047,0.016096599253600862,0.0001975069894668552,0.004235528994721131
221,1.5391203923213873e-08,0.0013384669417141196,0.20350704514680387,0.32210058016223925,0.4607987844174056,0.012255107940633182
222,2.4780644189918954e-09,0.0037870241872338195,0.006720574313246701,0.7662015396276161,0.22038102831857673,0.0029098310752622343
223,0.0006061144839152405,0.007585581305933661,0.9636643043930883,0.014868116825247829,0.008840458930110703,0.00443542406170434
224,0.6783878815091731,0.28985100183113593,0.009109288057941062,0.013184458290896458,0.0006167745429060599,0.00885059576794751
225,3.114621671511786e-08,0.03908643772324365,0.018133018966932046,0.35792276779550175,0.5465723211397345,0.038285423228371175
226,0.0012622171752572648,0.019117408990370677,0.015466868383527248,0.006726957170700061,0.029660628015190954,0.9277659202649539
227,3.5147299289227243e-10,0.004335317424972892,0.009308879085736804,0.2300397061612264,0.7457340945747682,0.010582002401822574
228,0.08225980276079609,0.8815923002823142,0.012301724521737516,0.007969030558225749,0.004888642991544667,0.010988498885381691
229,0.010681682994445926,0.03337960883446613,0.0053860361991741835,0.0147342446372521,0.009385879459666338,0.9264325478749954
230,8.078055578987695e-05,0.0072171324587685355,0.9289509404024452,0.0427606308205457,0.0174444516795367,0.0035460640829140535
231,0.00043501713539433284,0.012431467126224402,0.0082406020962881,0.004308202017282824,0.022006357727498226,0.9525783538973122
232,0.7059940841373981,0.27364034059730646,0.010166308297338196,0.003972874157322455,0.0004726295041859879,0.0057537633064489
233,1.4679746095066506e-08,0.022515833056402815,0.006028687352576644,0.8189790179976159,0.14667971413600212,0.005796732777656486
234,3.252735763507566e-05,0.0007046998551352517,0.8426050450569922,0.1217401453077782,0.027640279947755177,0.007277302474704103
235,0.20898636944777776,0.7646594551307169,0.012257956281144447,0.003024368957126676,0.0021375555317834556,0.008934294651450894
236,4.311308342822625e-09,0.005416176247813838,0.011127422429974639,0.7957255601340507,0.1856198209025368,0.0021110159743156346
237,0.8810308832619334,0.09357423186253422,0.008563014585109002,0.010688620191887169,0.0001682431311868209,0.005975006967349373
238,0.0016460501058668381,0.014686266696826758,0.018663630700348054,0.008679916908841625,0.023843038293174485,0.9324810972949422
239,0.0009110450903512993,0.024257347838047602,0.01731077042520548,0.004776865594186602,0.026112431978283914,0.9266315390739251
240,0.8702168809474584,0.09932866090265036,0.0075382870266999325,0.012693026224560698,0.000295925212820232,0.009927219685810444
241,0.8986029123905299,0.0740054992123041,0.009449768430524707,0.011029436035316482,0.00020127139633246296,0.006711112534992482
242,0.35950442516389786,0.4834949731121681,0.03731551036729929,0.09652906262370424,0.004511936611901916,0.018644092121028605
243,0.0012129155294783543,0.006279016231902724,0.9683641418733618,0.011330343031105807,0.008796272252435122,0.004017311081716036
244,1.9895647538014716e-09,0.020249710572327204,0.009340225083139609,0.12557853905933133,0.8381047244574186,0.006726798838218456
245,5.825783615410166e-10,0.0025502036509779534,0.01887105421625881,0.44118354083337635,0.5344805779412068,0.0029146227756016497
246,5.717258219105749e-10,0.004764248455716992,0.009865856186875422,0.636017927629331,0.34447812074230116,0.004873846414049582
247,0.8523823385730575,0.12428845521459393,0.009831782492066227,0.007185914958493569,0.00026829954091787077,0.0060432092208710505
248,0.24532852429355095,0.715647217697518,0.015481151937886998,0.011494059600564285,0.0018703282566126446,0.010178718213867222
249,8.851906657339223e-08,0.011604423538082926,0.012154053394136022,0.5687090895187206,0.40208215835620403,0.005450186673789863
250,1.43760904842817e-09,0.029199751416164883,0.00724654729846799,0.16653903505904474,0.7913886427919834,0.0056260219967299374
251,0.0003646208291293543,0.009451403394100442,0.9626738695422221,0.012636732903090527,0.010894771337535945,0.003978601993921721
252,1.3566562561651261e-08,0.17104150352217332,0.00463964862231484,0.5119243119378033,0.3072944326899237,0.005100089661222244
253,3.409357435150358e-09,0.027164728489583127,0.01624511238872101,0.26822436931433535,0.6823190526287999,0.00604673376920309
254,3.715058598228352e-10,0.0138099891265079,0.01339580255333293,0.16556481140923085,0.7993116392757972,0.007917757263625242
255,0.00042978884371746765,0.010068659129064591,0.9512310162990021,0.016833521925368234,0.01072401463510984,0.01071299916773784
256,5.7947602244071086e-05,0.003254831265889159,0.910102073766252,0.0677997431406738,0.015062166364187104,0.0037232378607536883
257,0.8534711888397729,0.11828829516093019,0.013917187453695934,0.009181530153385927,0.0004265278904926495,0.004715270501722385
258,0.1418581358098948,0.8230110560312209,0.009367835213793719,0.009474059752648922,0.002582857052289033,0.013706056140152618
259,0.8323065844610004,0.1430399309671664,0.00588810529499737,0.009997810046575855,0.0003691874172912109,0.008398381812968692
260,1.4909740105763033e-09,0.00488350587241103,0.004308711024644352,0.5727223191258268,0.41334720292173743,0.004738259564406344
261,0.13353510923615666,0.6131289695858643,0.04294806517916307,0.18985572071014822,0.0035702121275747478,0.016961923161092865
262,0.00034452938603197743,0.01642796840177492,0.006935357776061508,0.003511643542007821,0.029502767023554345,0.9432777338705693
263,0.8681327256256002,0.1072035970956121,0.00696483650924551,0.008656064693227553,0.00031443609918786194,0.008728339977126793
264,0.0011126007975520724,0.02402498977640519,0.01297687958668188,0.005876185576457613,0.02038984025171425,0.935619504011189
265,6.783914745725453e-09,0.02615425247430714,0.009675594793782204,0.6599277581963241,0.29102905696895526,0.013213330782716429
266,0.00039870004314218296,0.006775050168805782,0.9596995637313317,0.02156051175834397,0.008770510799182446,0.0027956634991939473
267,3.8330478109464034e-05,0.017625889575821847,0.015172116702748926,0.003317648909412978,0.061559903995693055,0.9022861103382137
268,0.08214867838934728,0.8620394410799097,0.010777284264014851,0.02920144557131677,0.0030045621802214364,0.01282858851518998
269,3.217863083629401e-09,0.02677733661573578,0.004049619350207568,0.14735705191683984,0.8113321020620738,0.010483886837279851
270,0.004458514360903787,0.016261987629035832,0.01246616402375763,0.01552638302653623,0.014596944167582357,0.9366900067921842
271,1.1206928231406222e-08,0.007322542112011838,0.01826699674245217,0.7646428194585511,0.20784544028697405,0.0019221901930827204
272,0.00034622907968506636,0.010640625621735794,0.9558371846107951,0.01490639701135227,0.013974000933788687,0.004295562742643177
273,2.312242597789344e-09,0.017138482338101228,0.006866908470843862,0.19116181772549315,0.7753897654369873,0.00944302371633175
274,1.8749967689075096e-09,0.03121613796057399,0.0043306598185210805,0.23388586170561296,0.7250478350167623,0.005519503623532978
275,8.389296984711688e-10,0.0159289253431009,0.0029778363049931065,0.16782577436155266,0.806290156492981,0.006977306658442683
276,2.2239045384307476e-07,0.014287031923547909,0.20566123230067787,0.03726008542217478,0.4789636726166538,0.2638277553464918
277,0.8276499906668702,0.1480074783077356,0.008392888724343914,0.007500949063291316,0.0003698616462331885,0.008078831591525969
278,8.421851840851772e-11,0.008590045167233305,0.011058000477148704,0.22595135389300333,0.7445328742266527,0.009867726151743226
279,2.0705793367712263e-09,0.0014992809431175517,0.010550145562588159,0.5343880723270584,0.4510669129414751,0.0024955861551815574
280,4.439319701772043e-10,0.004364949322632951,0.019559126829779904,0.37394768323138117,0.6002712626024731,0.0018569775698008874
281,4.2260693785667134e-10,0.001514979026423019,0.012417789656868539,0.5930694924984408,0.3887465309544893,0.004251207441171527
282,1.3760813889067512e-09,0.006878906029610746,0.006666696338030719,0.5816075995391918,0.401224816545453,0.0036219801716322925
283,0.00020221243843139404,0.003113534968206935,0.9409340189443612,0.03808001483297215,0.012776052284214494,0.004894166531813819
284,0.29364870232684487,0.6632907852195805,0.007831400806819043,0.018510551326284392,0.0017953892837458377,0.014923171036725578
285,0.28256596386794797,0.6633820241659781,0.023741574586897372,0.016529041795085134,0.0028184920832281233,0.010962903500863212
286,2.68884492373811e-09,0.0147086849482626,0.005307453049846467,0.5505128903213261,0.4246489366729807,0.004822032318739107
287,0.00044418418996463823,0.012475399332079464,0.9596974807205143,0.012141758387273252,0.011079021610817712,0.004162155759350569
288,2.709749840362383e-08,0.031505966217031806,0.007198575609250089,0.840070951721682,0.11794572717871474,0.003278752175823014
289,0.5473900070801799,0.426429663951773,0.008266191323493495,0.006818208756181513,0.0011815671249978644,0.009914361763374027
290,0.0003822068346991173,0.009096676294452512,0.9618311224540179,0.015801275350579642,0.0102294408723936,0.0026592781938572516
291,0.3740570213575156,0.5843874407071811,0.014066347118514703,0.010355316819574027,0.0028372872547940808,0.014296586742420606
292,0.17039881414559854,0.8050295799116226,0.009619548998647769,0.004092119596915711,0.0018541163764819028,0.009005820970733372
293,0.001341936744090194,0.026452789599724035,0.9484565591329367,0.00776045820177646,0.009612424638524717,0.006375831682947952
294,3.4533427395264557e-10,0.0175865347344211,0.013580179246172507,0.22085812524461587,0.7415489558337726,0.006426204595683619
295,0.8989220275029118,0.07432847436065658,0.008146303980025481,0.012252025150836883,0.00018577405725792026,0.00616539494831132
296,0.0009871108970293562,0.015902649699207846,0.9310499850047657,0.01755610300116265,0.017993120334858257,0.016511031062976172
297,0.0007096718112113049,0.003917304189609362,0.9619766359642687,0.011099157062818015,0.013290752473328634,0.009006478498763942
298,1.0670060029456626e-08,0.0027067809409432536,0.008230352684644443,0.8460312837564171,0.1399659356405108,0.003065636307424331
299,2.8833784206884887e-10,0.0075616939208684435,0.008919000368875114,0.3347542591198209,0.645793550518055,0.002971495784042624
300,0.038258360691016666,0.9272872591569846,0.014104430345327832,0.003132095998059448,0.0058923809713917795,0.01132547283721978
301,0.14837080432086128,0.8238088625837391,0.012838255032045534,0.0033444225090434715,0.0023656840525855104,0.009271971501725271
302,0.005764969044048308,0.024894011879841832,0.018099414498653044,0.011228119807163282,0.014225557178767988,0.9257879275915256
303,0.011555433006621919,0.024057281840611244,0.03897235898127134,0.019699430998738315,0.014656787673149891,0.8910587074996072
304,0.39358175702731113,0.4789947926899159,0.03392552286015712,0.07792846653098241,0.003442153207659911,0.012127307683973425
305,0.00033573252716996837,0.020273827488786096,0.008897712728948296,0.0030617595713003875,0.031148198700591524,0.9362827689832037
306,0.8378331012694505,0.1293957322438266,0.012169898700719632,0.008463458509817171,0.00047866060600496024,0.011659148670180947
307,0.5920501684196477,0.36822108277756055,0.013839674258152072,0.013790874988878227,0.0013782417475411899,0.010719957808220298
308,0.6224658321751018,0.30260412249355045,0.024007975889333448,0.0187870985005824,0.0033155351920885015,0.028819435749343467
309,0.47543162663946414,0.493185200985978,0.015780756619827814,0.009295936666481963,0.0012606987311761554,0.00504578035707187
310,0.24668123231550282,0.7276796586237905,0.010501618395304866,0.0036362521789964236,0.001971058481289479,0.009530180005115768
311,5.926103453617479e-09,0.001195231227127851,0.021490141363899817,0.8403987593795761,0.13154123716104707,0.005374624942245708
312,0.8886073073944956,0.0806002164274028,0.005997036708141563,0.017866234261075396,0.00024384491815548795,0.006685360290729051
