,proba_0,proba_1,proba_2,proba_3,proba_4,proba_5
0,0.1760433507577076,0.2794363723906944,0.16896091921844836,0.053666720046119755,0.039548490330191484,0.2823441472568388
1,0.10642564916573113,0.22210825239471035,0.16554499962885882,0.061096442431683426,0.04412452817790257,0.4007001282011135
2,0.1450718175832088,0.14839084300173364,0.4776408842004985,0.06281202360503732,0.04365404801352187,0.12243038359600004
3,0.032445097143889226,0.05255231508802804,0.09449089798886967,0.398644675720158,0.32154956354008496,0.10031745051897055
4,0.13607380455589357,0.16244305257482383,0.4922485760256503,0.062200621743018186,0.04267360595059087,0.10436033915002364
5,0.06621549119154767,0.12984481589312433,0.14225204632665342,0.08472981627881673,0.05967098659213032,0.5172868437177282
6,0.045737428823526334,0.0777076443733396,0.11690971661528198,0.38397452209353605,0.23870602348904416,0.13696466460527215
7,0.09668383754371225,0.1393849850367822,0.5094782120451393,0.07675306324847891,0.05176600928029526,0.12593389284559153
8,0.0676161967914937,0.12929717570649316,0.15296840086066488,0.0812439642617855,0.057132244226222505,0.5117420181533404
9,0.0407689535442953,0.06803638552058987,0.1009581293629148,0.2036899997253526,0.4561851826080573,0.13036134923879045
10,0.7423768777488646,0.08086684742917717,0.059215974582153275,0.03399170252288742,0.025523020147463937,0.05802557756945364
11,0.1536331828783795,0.13868711619658325,0.49028898598125764,0.06302674444551658,0.04366935463921503,0.11069461585904819
12,0.09352859366901062,0.6421221703405408,0.08680210086836816,0.051814884907022164,0.037485942604189144,0.08824630761086942
13,0.10459204271676661,0.14772275541577654,0.5064722898465435,0.07546263947021715,0.050479342472731684,0.11527093007796475
14,0.20634182869012985,0.5651791647062784,0.06939645229499321,0.04688606492589969,0.034490330546559256,0.07770615883613953
15,0.038747360107265615,0.061999822777948146,0.1141136292111909,0.5178587150247045,0.14979412698170544,0.11748634589718547
16,0.12593388696422964,0.14581744542366282,0.49985866045978755,0.0677786412628054,0.04628140301870462,0.11432996287080988
17,0.033476530804058574,0.05622990179109151,0.09552662135672063,0.32281518679335935,0.3849507061714579,0.10700105308331181
18,0.3249810988756523,0.4775190424010084,0.06441807962684104,0.037716007621980324,0.028193989824858934,0.06717178164965874
19,0.7552315938805414,0.07631777754506416,0.05654472001014247,0.03192282178811011,0.02396231766727817,0.056020769108863756
20,0.7481110422880146,0.08417718974157096,0.0529305423278588,0.03249244783337725,0.02450443738057265,0.05778434042860561
21,0.10093684829169836,0.21213789545262954,0.12753780811567922,0.06522051442317149,0.04749151790843901,0.44667541580838244
22,0.33130162232578336,0.4695405582841895,0.06875281710345461,0.037116922737731046,0.027460060087234298,0.06582801946160714
23,0.03672160714817369,0.061267398092237434,0.10477389374214896,0.39582944479517945,0.27541074338817884,0.1259969128340816
24,0.7527731549335316,0.088668639452258,0.049896732232138544,0.031232465747789557,0.0235081614508329,0.05392084618344932
25,0.0371995913227217,0.0625525378934054,0.09968219107333443,0.3122160302038465,0.3750634956012775,0.11328615390541459
26,0.7330879197229281,0.09990354560142398,0.05488829946930633,0.031485690424322116,0.023579143376224753,0.057055401405794764
27,0.03514344594127891,0.05718294388738652,0.10408075273861143,0.4543105976547832,0.24272785768590555,0.10655440209203473
28,0.11689760025893241,0.25263033635678567,0.14126639900642204,0.06039240970290802,0.043992413000219395,0.3848208416747325
29,0.03637774687827479,0.06188268167248096,0.09518068406334224,0.23599883048967712,0.45920540818138617,0.11135464871483848
30,0.09362327767196665,0.19881464219219458,0.14928303930526465,0.07126438426240155,0.05074581777775385,0.43626883879041845
31,0.0957332097294012,0.19785938291262806,0.13933972755218887,0.067047010691335,0.048730878137865995,0.4512897909765808
32,0.038564668458310525,0.0632532303467229,0.11384839186930436,0.4150183634396551,0.25351776199066034,0.11579758389534682
33,0.03728674421059335,0.05783072158799154,0.10154436653928813,0.13356546792261134,0.5456153531403919,0.1241573465991236
34,0.34714343543348253,0.4361018677210911,0.06696140943930043,0.04368914529364762,0.031799078706615976,0.07430506340586289
35,0.07923160982797164,0.1498095354707607,0.4859295049736668,0.08698502980840662,0.05713644171495166,0.14090787820424253
36,0.09221478659336413,0.18268556465882252,0.16928787573421542,0.06536800331468827,0.04713236344081725,0.4433114062580927
37,0.09147131985823148,0.6320127708182784,0.08498906895333379,0.055489006615021104,0.040207007315529036,0.09583082643960633
38,0.03909895440893418,0.0632652353716991,0.11719988613294932,0.5022081376230247,0.15894094463177968,0.11928684183161277
39,0.0868010435173739,0.1737360068874196,0.1686747488057855,0.0699925918043009,0.050051872845998394,0.45074373613912194
40,0.23615140200592696,0.5426715276684985,0.07868976828297516,0.040008305856882344,0.02940051865921271,0.07307847752650401
41,0.10916037370762187,0.23202744332118552,0.1319160043203011,0.06408660529506938,0.04655705071259863,0.41625252264322354
42,0.03527004430985416,0.05553823922324464,0.10829575988399609,0.445626181725862,0.24131029717757577,0.1139594776794675
43,0.08193266956947211,0.14082009910800547,0.5002096305395608,0.08739852522862376,0.057772618129202084,0.1318664574251363
44,0.07705262679199858,0.14860703101864178,0.1458264697362726,0.06994790970100824,0.050501151324084656,0.5080648114279938
45,0.7393331433453092,0.09236652377448153,0.052431600339782045,0.033802213056887735,0.025359759295112888,0.0567067601884264
46,0.036303672113021455,0.06162221579757546,0.09402502003847628,0.30413932646385705,0.39564917429087815,0.10826059129619127
47,0.03540505322324486,0.0558232341723049,0.10020756052811892,0.3485570162363171,0.34630896319382615,0.11369817264618805
48,0.5218903063426524,0.277607502444804,0.06126523623064839,0.039709958549465574,0.029207179091590305,0.07031981734083922
49,0.037919997264638294,0.06263010125130264,0.11162676046078898,0.4554984407691477,0.21906049519020254,0.11326420506391979
50,0.11363990618049832,0.6148552756917145,0.09399773814861846,0.051006989866423366,0.03683943948396802,0.08966065062877712
51,0.5764299353374648,0.2375879261560184,0.057671395206323375,0.036167276591820445,0.02684882684955322,0.06529463985881974
52,0.17242356267756515,0.14140219451252659,0.4590113173509729,0.06154687075988445,0.04323318380421936,0.12238287089483181
53,0.08904732170570172,0.15229353504101648,0.4808897134691208,0.08078105401745121,0.054111681775329296,0.14287669399138045
54,0.11701617515329682,0.24271960681570268,0.1447122439098948,0.06179724888373635,0.04534334670793243,0.3884113785294372
55,0.12178855904665664,0.24580285920603878,0.15570518024275212,0.06175713063552538,0.0451157389033699,0.3698305319656572
56,0.03660029442910658,0.06091033028381803,0.09606746346866438,0.27639085100980293,0.4183141924936602,0.11171686831494804
57,0.176092628381922,0.17136182670494882,0.4275915173682771,0.05399577434916812,0.03841150583750983,0.13254674735817384
58,0.10510511493733726,0.16055143361914936,0.4853202470401222,0.07330743819451609,0.049375653613438215,0.12634011259543695
59,0.09475884013333556,0.1374091403597026,0.5037821139192289,0.08174200898820164,0.05471646529751662,0.12759143130201453
60,0.03414153063892895,0.05523442936211407,0.09103961017076533,0.3211904579003103,0.3950729632890297,0.10332100863885106
61,0.038967326131537285,0.06428638982336995,0.11798102021693123,0.5278844942344192,0.13215246553468707,0.11872830405905523
62,0.3632639143760614,0.4287226960664877,0.07349661795655438,0.03738373194956547,0.027880373009496563,0.06925266664183469
63,0.41000882560619334,0.3977811377684154,0.059308718912450493,0.03818162418793883,0.02835766877785946,0.0663620247471426
64,0.04239330198300748,0.07166975906429994,0.12287451542365327,0.4418230878685485,0.19545127061146617,0.12578806504902487
65,0.037002613130222246,0.059329942443063895,0.10692451126103553,0.49640290556300126,0.18539584660857805,0.1149441809940993
66,0.08558770170952783,0.6579025410656184,0.0783197333928445,0.052020994789443595,0.03788939265990821,0.08827963638265768
67,0.03948321392066206,0.06368840413497218,0.11127080134606884,0.24989416701952125,0.4140438656588692,0.12161954791990635
68,0.04102393934865429,0.06505564092319302,0.12338790184735268,0.1844739498785061,0.44473723721411146,0.14132133078818238
69,0.2461853479956105,0.530103388634444,0.0699588287677664,0.044982997754308314,0.03312651265851081,0.07564292418935961
70,0.16346109091890978,0.3171878037454852,0.12413937164262615,0.053898695406072256,0.03945903458236487,0.3018540037045418
71,0.03778484023249397,0.061469865911023595,0.10992905929613998,0.5392441896330792,0.12864154718851256,0.12293049773875031
72,0.1554113269471798,0.14204693735961832,0.4842732444858988,0.05992079145774758,0.04185658788609953,0.11649111186345597
73,0.19723317607886162,0.5652960908347697,0.08641619033072959,0.04170763576026211,0.030346822105467783,0.079000084889909
74,0.18336999798132161,0.5762769647699549,0.08126361576479424,0.0467275457514212,0.03379135297760773,0.07857052275490042
75,0.034050935946734744,0.05561423887694997,0.08273295201371676,0.2735324740269503,0.4520651493235072,0.10200424981214103
76,0.7441998950296524,0.09214206605797104,0.04999413195308922,0.03197404998634782,0.024084531611626853,0.057605325361312416
77,0.03558338575770713,0.058721656498816645,0.09227861831015481,0.20793553997841424,0.4987436721952173,0.10673712725968924
78,0.6201274022628604,0.18682876718859331,0.061051537420037244,0.037571330756887136,0.027795020165903808,0.06662594220571785
79,0.12985516612424447,0.5727752709573821,0.09728329530193806,0.05882839178274046,0.04197302257437608,0.09928485325931877
80,0.6181928613620045,0.19422373056319242,0.05804392442411814,0.03608275674749161,0.026820181871130583,0.0666365450320632
81,0.7680331979641131,0.06569538752209313,0.05516137268619571,0.03145270557036532,0.023685679666781947,0.0559716565904502
82,0.6378866949884606,0.1780393254305817,0.061100967656050345,0.0352345601987088,0.026138894955474175,0.061599556770724616
83,0.6919570207004859,0.12912821667949942,0.055961671349226506,0.03577960407799092,0.02678706388782958,0.06038642330496789
84,0.09136952148586255,0.18246761629931607,0.1413589433465544,0.06813226174261383,0.049446923053572484,0.46722473407208065
85,0.7411109278706399,0.08555275687632054,0.05709293444446768,0.03357732546899584,0.025268964642913155,0.05739709069666271
86,0.04149769569844987,0.06862075832393215,0.11293843169354108,0.2570909966088931,0.38712037825522677,0.1327317394199569
87,0.11025116826964426,0.23231077035987832,0.13913083349014424,0.06423519752824854,0.04692591178408213,0.4071461185680027
88,0.13468348473039668,0.6354109838529401,0.07152095452576365,0.04584635647704331,0.03364369513826628,0.07889452527558934
89,0.038232316375777,0.06463440070943358,0.11413082289335394,0.4947865006664159,0.17256478600040168,0.11565117335461812
90,0.5508600675047373,0.2765177050752721,0.053674924034736164,0.03404946895575115,0.02541616205178745,0.05948167237771576
91,0.052799488189951595,0.09035166698190646,0.1531665945395224,0.3762203340228032,0.1529201436048895,0.17454177266092719
92,0.04296327064112607,0.07224628822049213,0.12664510635052972,0.325984775040619,0.2995292611452951,0.13263129860193767
93,0.03567717485675478,0.05965721225549827,0.09898382208116005,0.32711152104763525,0.36810251703095426,0.11046775272799686
94,0.7545592490376155,0.07998507371594667,0.05272029460330444,0.03234043857462461,0.024415964121834884,0.05597897994667385
95,0.1385265009621112,0.1526115083729,0.4678841921957028,0.06652307050263657,0.04588298844936224,0.12857173951728765
96,0.24914536707722695,0.5241066670005347,0.07325834960348866,0.04550709244557155,0.033073990109350936,0.07490853376382689
97,0.18830870765664673,0.5966408098669285,0.07370850369866803,0.0398855052993461,0.029526019369972904,0.07193045410843754
98,0.17839803590983155,0.1624310522926837,0.4356757655311406,0.059828515128859214,0.04209186430062174,0.12157476683686322
99,0.03894942248082942,0.06122668523472339,0.10567050415273786,0.19363356011347488,0.47589595400468504,0.12462387401354903
100,0.04258780378945429,0.06971362979562018,0.13108183934369763,0.3547448419320433,0.2667649361219291,0.13510694901725534
101,0.13619932848209446,0.20368054415423373,0.4169400572709611,0.06167730529888661,0.04287005044929105,0.13863271434453306
102,0.210889425926757,0.5501847389061058,0.07422458469753117,0.045196710818474976,0.033293097055610725,0.08621144259552035
103,0.1867677279015609,0.28533286581175515,0.1774888307602575,0.05614288993666919,0.041163585396557706,0.25310410019319945
104,0.12058527771790552,0.16179083540712927,0.48093450398084575,0.06708364686187061,0.04590465486919304,0.12370108116305557
105,0.10767658730504091,0.14210375922133112,0.5066820353125567,0.07313522733884087,0.04969386008094068,0.1207085307412892
106,0.09545033162158341,0.15232345079708431,0.489715912584049,0.08121232979941888,0.054117485493220346,0.1271804897046442
107,0.13104526973569547,0.15742159968564548,0.47626028454704794,0.06583330512859165,0.04527099675620254,0.12416854414681647
108,0.6763487063117415,0.14102014440836794,0.06375468582983562,0.033251468145926825,0.02482656506809302,0.060798430236035185
109,0.04103777241230999,0.0708749898493218,0.10545978137745816,0.3666686708608228,0.2772319418156086,0.1387268436844783
110,0.06424385694642921,0.12514617394012278,0.12143889145663188,0.0865715523198013,0.06204802042218529,0.5405515049148293
111,0.08527373853367474,0.1273705594092248,0.48206915572940057,0.0975715923884702,0.06298778816605873,0.14472716577317116
112,0.12043632857773533,0.2417213684172884,0.1705269609677146,0.060395763201065406,0.044074712621374204,0.36284486621482176
113,0.04219209799751902,0.06999372009476747,0.11997737446494518,0.499843030560366,0.14205415998199442,0.125939616900408
114,0.1354448556476525,0.5722827978332862,0.08822375688742273,0.06142519319212123,0.043627365168800884,0.09899603127071588
115,0.19391270030806723,0.5896007514318281,0.06719465731702433,0.0432990437777664,0.03185409861595444,0.07413874854935949
116,0.04047975035669343,0.0663611925597901,0.1002350345128392,0.23927765595118536,0.41385940389523024,0.13978696272426205
117,0.10233104306411477,0.1550727718119241,0.4836000871687222,0.07603282632712122,0.051390850061178016,0.13157242156693977
118,0.3234847708840172,0.48294030544448985,0.05994422124193594,0.03759323747344506,0.02793644968827176,0.06810101526784013
119,0.03501008941640979,0.05510849254888915,0.08350652841011759,0.12977262827353436,0.5799843241470043,0.11661793720404473
120,0.06725485596092624,0.12779304904862904,0.38486063712992846,0.14805635326003616,0.090833853847796,0.18120125075268376
121,0.03999051044801565,0.06684263922501041,0.11560180796687779,0.224950884088748,0.42708707182239936,0.1255270864489489
122,0.034169537604658226,0.054110374061922525,0.10195575428254242,0.3943947636357833,0.30528991193989147,0.11007965847520232
123,0.12483502862237796,0.1383305389516252,0.5066788159793574,0.06613064689704111,0.04556113573894685,0.11846383381065134
124,0.7189545990541311,0.10006063177989108,0.058932679095062265,0.035141796751553,0.026400278988814124,0.06051001433054831
125,0.6942323863146596,0.1325907007540945,0.05266037954069988,0.034764679757587465,0.026032552361123333,0.05971930127183539
126,0.18336999798132161,0.5762769647699549,0.08126361576479424,0.0467275457514212,0.03379135297760773,0.07857052275490042
127,0.2840501020481459,0.4782156049969125,0.07469618902921789,0.047683069518372534,0.03444395433225224,0.0809110800750988
128,0.1976966425228488,0.5618650837927739,0.07799961026998174,0.04870297506146635,0.034995720777772035,0.07873996757515717
129,0.11363939559450811,0.6543354593075555,0.0687180181811796,0.04676565534079862,0.03455136468704809,0.08199010688891033
130,0.03451426334007067,0.0554674087279737,0.1066909109537064,0.3166988732134864,0.3801123759640684,0.10651616780069396
131,0.12184090953496418,0.6370829880795148,0.07463237899214668,0.047323511435966144,0.034909628122293056,0.08421058383511502
132,0.04558326414077801,0.07015781530434825,0.15511658369863335,0.20166885802993398,0.37153858350225377,0.15593489532405255
133,0.11065741566488618,0.6543682767779047,0.07178231889305088,0.047193655930076,0.03481233798480067,0.08118599474928206
134,0.6648499873607325,0.14137877051795872,0.0662180736895457,0.03477066057451303,0.025948321675501786,0.06683418618174813
135,0.7502020401119063,0.08159606854171243,0.05364040552638695,0.03331709400730781,0.024966706802388144,0.056277685010297805
136,0.44593494225471947,0.35947881728279485,0.06000668288465535,0.03788965490727788,0.02795514302973235,0.06873475964082018
137,0.07683547492537757,0.1520849387314151,0.13031123883791718,0.06996026704796672,0.0505811157780889,0.5202269646792343
138,0.45492818796486717,0.314431496421837,0.07955316828103477,0.04447645980962897,0.03249218089315188,0.07411850662948036
139,0.042093127653691643,0.0663709656100748,0.1205990663087164,0.2062989964550959,0.42793910223637166,0.13669874173604912
140,0.10846499251794811,0.2243765815920584,0.14626881305573466,0.06342783065784949,0.046069950073304264,0.4113918321031055
141,0.7351518722236616,0.09778518376217735,0.05274141247764256,0.03290694948242523,0.02469760314891668,0.056716978905176324
142,0.654723979057304,0.15676698713487724,0.061517037286584794,0.03427941241632787,0.025607416520586394,0.06710516758431974
143,0.7049277463776145,0.11912846226395792,0.055991401018193214,0.03354018855952777,0.025364997264866414,0.061047204515840024
144,0.6800401784827302,0.13423324295513492,0.05676144940919701,0.036054916853656034,0.026891547791094567,0.06601866450818761
145,0.03677067861828641,0.058767726055944214,0.09074287319493891,0.2072153636476212,0.49638092840571385,0.1101224300774952
146,0.08656857066436503,0.138925598485063,0.5046613643055321,0.08310222139299261,0.055001868821983164,0.13174037633006389
147,0.0355263634786292,0.0587270300817864,0.09882691825089014,0.46286275508103014,0.23528746157878583,0.10876947152887839
148,0.09822775060604134,0.2049969275253071,0.15578553912449575,0.07021424810387568,0.050373133058441606,0.4204024015818381
149,0.10532332770607707,0.22613800548196894,0.1644455270978013,0.06538536989052929,0.04729872037850442,0.3914090494451188
150,0.03495923701631644,0.05269463468330381,0.09707388760993332,0.12154752980179709,0.5744962271861908,0.11922848370245864
151,0.743543100561808,0.09026870477119522,0.05143864856293462,0.03264933446191407,0.024426461567448966,0.05767375007469925
152,0.03475737998271732,0.056647857613250543,0.1013179348727095,0.16080056702199624,0.5358211373578478,0.11065512315147888
153,0.7278806753995923,0.10156288948384443,0.05412023883151072,0.032451007513594844,0.02428873937742074,0.0596964493940367
154,0.7347270691861774,0.09175311434280829,0.05728094693695171,0.032727148757779996,0.02447720168478272,0.05903451909150009
155,0.7406514621092621,0.08749113765553483,0.057760157725599434,0.03263899127121716,0.024463615591796422,0.05699463564659001
156,0.11529461784960138,0.16215366623955652,0.47667528992408287,0.07036268348236482,0.04777237396083797,0.1277413685435565
157,0.12776288918089845,0.2512809556429235,0.14582493311539904,0.05925700150243299,0.0434836600204964,0.3723905605378495
158,0.1337454458417319,0.14678829367298454,0.49019093702194694,0.06740980593542102,0.04615500659687569,0.11571051093104004
159,0.13324800264052605,0.6254478200788856,0.07803177052624945,0.045997906295220124,0.033780822030934396,0.08349367842818413
160,0.13587110729537408,0.26623897042313327,0.1677377879847506,0.06292452423180189,0.046070608617825644,0.32115700144711495
161,0.030868908195009186,0.04882206867426374,0.0755583946061934,0.11116766211081403,0.6370288515666747,0.0965541148470452
162,0.03671855140053906,0.05859125236944331,0.1036167684791005,0.46830036458316926,0.216601287210385,0.11617177595736311
163,0.039203890867478365,0.06345018788824769,0.09757372080233419,0.2820817153027378,0.3982843943646041,0.1194060907745979
164,0.08923094059199807,0.1796890020592183,0.1345596852360644,0.06366955110949984,0.04613782908140799,0.4867129919218108
165,0.7395150927724932,0.08532158232856232,0.057959738984345456,0.03398709087974289,0.025463198659978266,0.05775329637487779
166,0.12049430575681082,0.6021628242296732,0.07905620574602154,0.05563252668218695,0.04040839284116207,0.10224574474414554
167,0.07855125141366628,0.14926753093985334,0.4659418906216253,0.09600054703448535,0.06253680864908437,0.14770197134128532
168,0.12443267779314669,0.13833161499359198,0.5016128100141923,0.06839285907583302,0.046895869296929765,0.12033416882630615
169,0.12968913947953437,0.13963376913179748,0.49372963966131783,0.0692619985052795,0.04742027664633728,0.12026517657573361
170,0.7271398920568236,0.09707294913303219,0.05408144758998127,0.035184874585663176,0.02641031816931211,0.06011051846518735
171,0.03635669075723959,0.05760808998326399,0.08741855332624343,0.16356449145990679,0.5407382722266341,0.11431390224671222
172,0.10914613821028467,0.24277281454389435,0.12885599611888138,0.06271816757192683,0.045603973563253665,0.41090290999175955
173,0.7036094533591792,0.1148925185035351,0.05873983364424846,0.0356782087858439,0.02670034089902485,0.060379644808168514
174,0.18649685565312696,0.15491169578162037,0.43065494954651173,0.05975372614054826,0.04219740488041938,0.12598536799777363
175,0.12739229433340815,0.16644665510318976,0.47668914329815587,0.06465779598126643,0.044749363716940965,0.12006474756703883
176,0.0760933206592594,0.14774367520466947,0.1488021289975348,0.07252865632337933,0.051775793309918015,0.5030564255052389
177,0.07551767851121886,0.1525503875951793,0.13653375439950888,0.07851049409381249,0.05589731388101943,0.5009903715192612
178,0.08308866260934043,0.16411625524857798,0.16266256192770354,0.06955738251491704,0.04962333513144572,0.4709518025680151
179,0.10915325556994082,0.1391717647933703,0.5110900374400409,0.07017603874645825,0.04789154124677519,0.12251736220341455
180,0.10964333429618418,0.2250107016054219,0.16129378991575222,0.06186595504296743,0.04502706815930139,0.3971591509803729
181,0.1242155032144423,0.25196827855342663,0.15394266417602095,0.06047351843969998,0.04444784738174767,0.3649521882346621
182,0.03869061376761443,0.06504129021945262,0.11639840512395008,0.30854823181209523,0.3517403035898146,0.11958115548707313
183,0.029548838175489082,0.047342827079118265,0.06815159977150549,0.1189682937840129,0.6454889638924801,0.0904994772973942
184,0.20446337170041698,0.16370556710587242,0.40583941631357173,0.056822359772877355,0.04053460689144867,0.12863467821581243
185,0.08129309633695732,0.15757514794823313,0.17596011225157634,0.07254379115880072,0.05157106800083067,0.46105678430360153
186,0.03720674896340786,0.057775155966126666,0.10808268797878988,0.5209815378242519,0.15207828076514773,0.12387558850227612
187,0.10341405150149993,0.6172136209204192,0.09564912785706085,0.05284051827097793,0.037908877922727124,0.09297380352731505
188,0.10125766602315472,0.2067746426080881,0.15288581686859196,0.063099276473504,0.045895873906332284,0.4300867241203288
189,0.03579312246574107,0.058321280060351505,0.09808696120016883,0.3224696435522973,0.3733710098814475,0.11195798283999353
190,0.07923160982797164,0.1498095354707607,0.4859295049736668,0.08698502980840662,0.05713644171495166,0.14090787820424253
191,0.036303672113021455,0.06162221579757546,0.09402502003847628,0.30413932646385705,0.39564917429087815,0.10826059129619127
192,0.03599415358898954,0.0594191914965667,0.08462711291411192,0.19210890399472558,0.5129432940576681,0.11490734394793785
193,0.7420908149299247,0.08229655269255048,0.06254291402689957,0.03163794258150184,0.023816245283767936,0.057615530485355344
194,0.16960808992547982,0.16126933660041012,0.46008104236381203,0.05852753049806725,0.04090197394228094,0.10961202666994982
195,0.03337337692728393,0.053294589876706676,0.08286108977151836,0.161947980172008,0.5616042247326172,0.10691873851986568
196,0.6710597742127818,0.14368028081410297,0.05847832276190166,0.03597986238683837,0.026804563975299844,0.06399719584907523
197,0.7415114560634322,0.09263052281440586,0.053844727813345115,0.03209155872375129,0.02405861957641821,0.055863115008647254
198,0.07923160982797164,0.1498095354707607,0.4859295049736668,0.08698502980840662,0.05713644171495166,0.14090787820424253
199,0.6599464004855069,0.15828132298898528,0.056594065543881175,0.03467921049859574,0.02574783949759256,0.06475116098543808
200,0.22897261137708086,0.4978825119222553,0.08530214451320813,0.0542985164452592,0.03949433514011525,0.09404988060208154
201,0.6786301126215064,0.1491089563095732,0.05177676195004855,0.034184968060088,0.02559444031208796,0.06070476074669588
202,0.13376108220933103,0.2657612926014658,0.14557718028731526,0.05888490429911512,0.04323782338923269,0.35277771721354
203,0.7348635406244678,0.08121226502509644,0.0666521594443676,0.03261288780301029,0.02447388373501234,0.06018526336804549
204,0.7243307691940631,0.09942840959100695,0.05728465872743554,0.03440910234060809,0.02582290342817624,0.0587241567187102
205,0.12216724053578577,0.2411768062374805,0.15491708876913257,0.06104062895518946,0.04482055850852331,0.3758776769938887
206,0.09803895771703729,0.14750426880968856,0.4941027580700921,0.07035562399890419,0.0481489874748034,0.14184940392947443
207,0.10444087050641754,0.22912000700544743,0.15556117359402957,0.06493441927323139,0.04708892061006885,0.3988546090108052
208,0.0839963879547289,0.13562634802774304,0.4958264750949932,0.08883057752602716,0.058769970412153476,0.1369502409843541
209,0.1586766413778344,0.6224857212247231,0.06499999522600629,0.04449880314502703,0.032987577676968395,0.07635126134944092
210,0.15655392736131868,0.17826576484783208,0.46110989773946787,0.05366621045829199,0.037546316685469434,0.11285788290761967
211,0.4329768507598101,0.34626478850401105,0.07074931816514443,0.04293944604287469,0.031530513431930134,0.07553908309622981
212,0.06879248377050669,0.13301383874971667,0.1435741805701554,0.08013507299595216,0.05663940176393355,0.5178450221497355
213,0.7221824211966132,0.09740597442363137,0.05935042613604195,0.033995648962415956,0.02548711091485614,0.061578418366441325
214,0.03624818496247197,0.05617639844879836,0.09463858723549627,0.19018695062294477,0.5074476880607798,0.11530219066950913
215,0.25117515090547937,0.5403841343836521,0.06823485806706428,0.03905336655031211,0.028789407422914456,0.07236308267057745
216,0.07888356204790259,0.1600451896849591,0.13706293836611336,0.07472000595415527,0.053193910098055644,0.49609439384881393
217,0.1460245421221817,0.6060661591793196,0.08635710855862676,0.04580461390929086,0.033908130240045374,0.0818394459905355
218,0.10397577445901897,0.2081219535432455,0.16051665577198207,0.0660652728984644,0.04831003540293137,0.41301030792435756
219,0.07400376889120056,0.14989357181269825,0.11635392321772234,0.08081167272562298,0.05752513037438709,0.521411932978369
220,0.7454668084560632,0.08302814565771477,0.05591974514303881,0.03371227807868662,0.02536347224376284,0.05650955042073345
221,0.040187194392879634,0.06650068634035299,0.11706919894837721,0.4014025991701017,0.2406078913386449,0.13423242980964353
222,0.035135692374137155,0.05658225973251299,0.10508205499645368,0.349328116277823,0.3477357676803347,0.10613610893873855
223,0.13304790012868845,0.14289323582457514,0.49977370119252434,0.06546351093833842,0.04498463049481719,0.11383702142105671
224,0.4149530135016343,0.4006807737311958,0.054478978741849184,0.037602553335546025,0.02794313086388572,0.06434154982588905
225,0.04373358363525806,0.07297210655775817,0.1181368232409538,0.37804662188162713,0.23433213947762394,0.1527787252067792
226,0.1087930638881359,0.22128054859921972,0.16311357440436108,0.06628206976295305,0.048164156899779265,0.3923665864455508
227,0.0368774243394229,0.05657399622960141,0.11056820805824331,0.15331188183665306,0.5153992779175254,0.127269211618554
228,0.10292510541590774,0.6395323204644904,0.07755215637725972,0.05304509657026271,0.03883984744697695,0.08810547372510247
229,0.12660412089423165,0.3101319958437269,0.12320156081817227,0.05962872637378943,0.043594319238225786,0.33683927683185383
230,0.08296279257561226,0.14105459782257634,0.4964435283074707,0.08476154674413108,0.05647170781879489,0.13830582673141475
231,0.08520632071292981,0.1724610093589452,0.14504766833758725,0.07141829462847084,0.051127984568585194,0.47473872239348125
232,0.694678674566973,0.13012621063376792,0.062085171210208505,0.03141214304103101,0.02366372510933577,0.058034075438684
233,0.04316792565236082,0.07435669647242268,0.1265473194062402,0.4787725345787718,0.14665239886853113,0.1305031250216737
234,0.0710824746633506,0.11704293742341769,0.4698495970852124,0.1124786546010955,0.07078633957040381,0.15875999665651988
235,0.22424366187134565,0.5738654595616897,0.06435259505694636,0.03866349079963025,0.028824763758088442,0.07005002895229975
236,0.037372658977246086,0.061246099735439506,0.10880215673327846,0.40509555126891666,0.2746048568921149,0.11287867639300429
237,0.7609868860382479,0.07928986857858053,0.05096896678858578,0.03113776934407822,0.02343434972812663,0.054182159522380945
238,0.1121480865872935,0.2265485083310399,0.16432811107010734,0.06586754782827824,0.04758440855024575,0.38352333763303537
239,0.10557523414793413,0.21959188532508905,0.15799718794946283,0.06570474069713161,0.04780270338674128,0.40332824849364124
240,0.6261942905415693,0.1887910566718271,0.05561994727699104,0.0365933349264153,0.027144115586788465,0.06565725499640884
241,0.7614139306161719,0.07254284730324444,0.053615884185502276,0.0320341375672851,0.024171536985515808,0.056221663342280244
242,0.19238338551352696,0.5209895108060597,0.08995377942065913,0.05865163595878996,0.041685192839904246,0.09633649546106011
243,0.14371190185383556,0.15328278208170382,0.47216198310868873,0.066594580821209,0.045832607054701865,0.11841614507986109
244,0.036303672113021455,0.06162221579757546,0.09402502003847628,0.30413932646385705,0.39564917429087815,0.10826059129619127
245,0.03451426334007067,0.0554674087279737,0.1066909109537064,0.3166988732134864,0.3801123759640684,0.10651616780069396
246,0.03459240170444343,0.05551428966168891,0.10082045411996429,0.2326526298022381,0.466030079807454,0.11039014490421162
247,0.7486988786684444,0.08304094838708397,0.05621383871122994,0.03158819055382073,0.023710145838459235,0.056747997840961795
248,0.1726068849246182,0.6003460637136724,0.06864559227386645,0.04606170215557262,0.034032116901888974,0.07830764003038167
249,0.04647507380951041,0.07735615630504626,0.14908051231710331,0.29180437400491915,0.2801577907635518,0.1551260927998695
250,0.03932656315381569,0.06385272300421051,0.10863117679745471,0.20494448120799993,0.46147648135041425,0.12176857448610504
251,0.12818817296402682,0.13850891393258027,0.49755640969592263,0.06619741833059137,0.04578264193973492,0.123766443137144
252,0.048060432312622706,0.08747568741549874,0.144324936885596,0.41567201445786006,0.14969369271923888,0.15477323620918373
253,0.03917881424987446,0.06429555631842446,0.1173737770308955,0.27847930211445465,0.374021268364605,0.12665128192174574
254,0.03518284011967074,0.05473313621193187,0.09118883357892331,0.19647129262334792,0.5105871551076715,0.11183674235845494
255,0.1317811186623775,0.15208976043752073,0.4833114109691479,0.0650912407129335,0.04488491141828017,0.12284155779973997
256,0.07477175813560318,0.134353522749099,0.4601820314883142,0.10346918135504497,0.06757331485288401,0.1596501914190548
257,0.722444196559621,0.08971913828554016,0.06678502099694363,0.03428202710866794,0.025647066292990888,0.06112255075623629
258,0.11728600105906432,0.642535347902536,0.069555097356178,0.04916072274406424,0.03619458816703178,0.08526824277112525
259,0.6514417445593925,0.16756270883014435,0.05553453532782063,0.03514381009726752,0.026177805090953278,0.06413939609442176
260,0.03396533865341857,0.05556538142797844,0.09585356154075834,0.3472688135432407,0.36235864918367466,0.10498825565092916
261,0.12514986076772,0.5245998275066042,0.11301709459381849,0.07029583010589421,0.049528033109634814,0.11740935391632878
262,0.08451175948442818,0.1691078858977678,0.14587839208631947,0.0700735463726524,0.050179747761256006,0.4802486683975758
263,0.7095036536128716,0.11543833310230384,0.054360580191628996,0.03404732369092946,0.025432288078528195,0.06121782132373798
264,0.10345434010805972,0.21844066863142003,0.1489600421459776,0.06241439473291085,0.0456082340720166,0.42112232030961455
265,0.04142978956163365,0.0689958332767536,0.11101685062029745,0.31968322912382424,0.32146118654219774,0.13741311087529345
266,0.10724482540161615,0.1480283242227776,0.49643444931887776,0.07443687144377796,0.0504330831501748,0.12342244646277603
267,0.07057380282569378,0.1403451850589969,0.17872169426190718,0.0903936075325011,0.06199226410698203,0.4579734462139191
268,0.11755566324007281,0.6050569583449499,0.08171375568107789,0.055865782701995124,0.04079205126227209,0.09901578876963213
269,0.04080714259541647,0.06605475565566,0.101406311856216,0.1985504586564148,0.46470261860889767,0.12847871262739485
270,0.12196759500663056,0.2598004739231865,0.15682106812373642,0.06536229490696631,0.04719149658568469,0.3488570714537955
271,0.041322509811202286,0.0683068603695668,0.12577672617678654,0.41148057761212314,0.23264608911295162,0.12046723691736962
272,0.13353615498674035,0.14376178767566336,0.48942460436157215,0.06461579019656727,0.044729697786359,0.12393196499309787
273,0.03855907170585116,0.06298087726968014,0.1130708016826271,0.20825497633529272,0.4551028298357213,0.12203144317082751
274,0.03637774687827479,0.06188268167248096,0.09518068406334224,0.23599883048967712,0.45920540818138617,0.11135464871483848
275,0.035184813652102284,0.0579946393070862,0.09925515483291325,0.2474647071071897,0.45287149170889235,0.10722919339181629
276,0.055775064199287364,0.09584667588748949,0.13228335854009463,0.2332280535844869,0.24798109577690977,0.23488575201173176
277,0.7467015455797292,0.08271344320720903,0.0562549520057176,0.03177419558567648,0.023982655110633248,0.058573208511034404
278,0.03224190970813306,0.05147659538835746,0.08941008729002141,0.1776371826971023,0.5492887148507615,0.09994551006562423
279,0.03437326225923402,0.05449500687888069,0.10960542282046305,0.22170988890674626,0.4724694929009249,0.10734692623375094
280,0.03317308445143934,0.05287554776059407,0.10225586338922005,0.18535018963334843,0.5237310542923989,0.1026142604729992
281,0.030220004160052424,0.04653230782652902,0.09121959496988874,0.38321356836865134,0.3498007695165596,0.09901375515831914
282,0.03600768727025608,0.059287918432164445,0.10460012637192403,0.27542674908575865,0.41523157071954125,0.10944594812035566
283,0.09601740704129227,0.14485768060258106,0.479308303673848,0.08892804377840224,0.05839978344259491,0.1324887814612815
284,0.16166418963410556,0.5975805752402347,0.06791905541687454,0.0494472383255764,0.036473512818425584,0.08691542856478363
285,0.1747492207028692,0.5880383692866455,0.07761572515762266,0.046855888990922,0.034196511348498444,0.07854428451344168
286,0.038303912098893195,0.06345080638051867,0.11095428447802219,0.3689606986496194,0.30061731442562917,0.11771298396731722
287,0.13852035250366518,0.14356161172817125,0.49508107031994936,0.06335582365521819,0.04382797439511899,0.11565316739787736
288,0.04677432239467508,0.08341807531198048,0.14231432779060252,0.4214221624404811,0.1676783870286209,0.13839272503363995
289,0.3960374696728864,0.4202344103609309,0.05621851932625336,0.03663918529909373,0.027283241518926065,0.06358717382190934
290,0.11017122640020233,0.1503180520512459,0.49341321701176805,0.07531392408616815,0.05084783172610787,0.1199357487245078
291,0.24718488676351924,0.5291569189913989,0.06858727100233639,0.044441137520973874,0.03263648473865056,0.07799330098312082
292,0.15281770587524762,0.6344620803098201,0.06583353092908409,0.04217570775963717,0.0312911394310418,0.07341983569516909
293,0.15931523782130538,0.16607705619856766,0.465344550686857,0.056483437698368714,0.039537254150899946,0.11324246344400143
294,0.03488889873676758,0.05772347462141383,0.09563799019129667,0.22849792560109702,0.47620477678265377,0.10704693406677059
295,0.7625245054489861,0.07461451043063429,0.0526102117188135,0.031927329204588496,0.023935497739401845,0.05438794545757549
296,0.14456213615709826,0.1832232112502249,0.4430953267783019,0.05997483092789515,0.04168700630403545,0.12745748858244438
297,0.14264615438185999,0.13597404982098213,0.48806190008121403,0.06867106941634438,0.04685427462981892,0.11779255166978093
298,0.03924469507015822,0.06404295759630534,0.12465475934921791,0.3360520322983857,0.31932802464473287,0.11667753104119973
299,0.03239492658162658,0.05210496954594919,0.10011827267838459,0.24627203655417712,0.46857176483638063,0.10053802980348182
300,0.08866405633356346,0.6511274204313863,0.08496700410724779,0.05036550971876541,0.03664401578695308,0.08823199362208409
301,0.15717399444340546,0.6261907302821623,0.06838982328203805,0.0420631597545651,0.03126641063116875,0.07491588160666045
302,0.14530217725021619,0.2702403523704601,0.158333003895402,0.05749968708082873,0.042333470462675674,0.32629130894041714
303,0.1736990941259532,0.28155903554516176,0.1727681284945844,0.05548123506534122,0.04090850557911825,0.2755840011898412
304,0.2645525912772757,0.4810651683053478,0.08177179992592577,0.05099132356711873,0.0364598288454265,0.08515928807890562
305,0.08531543337169395,0.16962668097907183,0.1456426576088247,0.06713016413281354,0.048479082974887,0.4838059809327089
306,0.6818305271930413,0.13687158057224688,0.05871459378464524,0.03412243214914941,0.025496506290276274,0.06296436001064089
307,0.36432613790394325,0.43701884838644955,0.06245051712772966,0.03933310571869983,0.02901071446394934,0.0678606763992281
308,0.39217756083538075,0.37053085085077037,0.07710290446735306,0.043439345303439,0.03181674622328049,0.08493259231977625
309,0.5160203844068824,0.28035934730032464,0.07492399151127488,0.03595968609832887,0.02690611562591689,0.0658304750572719
310,0.23309356123865171,0.5670136342338541,0.06388084239365767,0.038597449632679276,0.028649251561104008,0.06876526094005317
311,0.03743668280037417,0.057298539984284635,0.11827314618702571,0.3685974056300831,0.2950329509676638,0.12336127443056849
312,0.6500542877244058,0.16368915109195115,0.055675543897219494,0.03772936964654425,0.028104167318348812,0.06474748032153065
313,0.11873906832704834,0.4355283015362481,0.16231023352356277,0.07936080241261846,0.055002074466366874,0.1490595197341549
314,0.08174790934038093,0.15491081863838155,0.45848283365109316,0.09842182205439157,0.06366312362234569,0.14277349269340728
315,0.03761482325967169,0.06280449398381915,0.1021277951198005,0.2504436365259699,0.4347783359915181,0.11223091511922059
316,0.10964839199998083,0.23484442678094006,0.1574903161068441,0.06384192952508949,0.04622973735694729,0.38794519823019796
317,0.7458240244166372,0.09041452348065951,0.05068589228200266,0.032875487685350174,0.024735495186551625,0.055464576948799416
318,0.08824406445533743,0.1853270725535476,0.14511764233349983,0.06968106253057886,0.04971161962305203,0.46191853850398423
319,0.11606809453040187,0.24753895976617293,0.14559378656143576,0.06401577682196122,0.04693132153779218,0.379852060782236
320,0.0701142289099845,0.13566624980104597,0.15354461744441428,0.08016632100921699,0.056339399063351975,0.504169183771986
321,0.7104751264864665,0.11566921138506976,0.05512374947060587,0.03298885020882261,0.024756599695085507,0.06098646275394971
322,0.7644936493645437,0.07030944383285616,0.05279792521152143,0.031324989120501995,0.02370704439358953,0.057366948076986786
323,0.13451351168011513,0.62946639792603,0.07510663294055042,0.04675357237062703,0.034259005995734726,0.07990087908694313
324,0.06981705481047014,0.13889577229934352,0.11963634037280728,0.07893570763704455,0.056550896915068816,0.536164227965266
