,proba_0,proba_1,proba_2,proba_3,proba_4,proba_5
0,0.12485514682220476,0.36225815672457523,0.16553834842384518,0.04895652252661602,0.053461044719388014,0.24493078078337058
1,0.09518187344278375,0.19635093829515538,0.1952670074829281,0.055242791746701485,0.060028230552127367,0.3979291584803042
2,0.07945844977487915,0.14881892091930948,0.4759214749812783,0.07767559794838502,0.08210367358613652,0.13602188279001148
3,0.0323067953311716,0.04315719101314612,0.09818909346373951,0.3851062942088734,0.34792252080448993,0.09331810517857925
4,0.08314700932310816,0.1594093300319093,0.45617258727837456,0.07372047413841895,0.07814893867086233,0.1494016605573266
5,0.053827252117701126,0.08893146685195294,0.19693462055718897,0.08545405503942125,0.0914512544305729,0.4834013510031625
6,0.03863732458244192,0.05339587933805438,0.12520838455411243,0.3487277960714364,0.3209136327288261,0.11311698272512857
7,0.06155937822377043,0.10390152172357354,0.506049913470356,0.08539370072706708,0.09019376831260345,0.15290171754262954
8,0.05653621670462292,0.09314611697054731,0.19837480093095888,0.07815740598703814,0.08398075887122669,0.4898047005356059
9,0.03226850044435062,0.04334431654605572,0.10092026873084092,0.386681855388424,0.33932448828621,0.09746057060411817
10,0.7164831369681809,0.10918211513794289,0.05518335498133157,0.029358302405321945,0.032794372901437684,0.056998717605785267
11,0.08023683177711038,0.15084261990969863,0.4782970605622831,0.07260667412980523,0.07701777274382558,0.14099904087727738
12,0.08598768860277407,0.6162680762395372,0.1005939342340502,0.04731626269631703,0.05189307583641,0.09794096239091125
13,0.06929799177798555,0.123445692178225,0.4796039524470223,0.0910816476700422,0.09579585134470407,0.1407748645820208
14,0.16807065063826648,0.5808853847756842,0.07874066985265146,0.04186781983160344,0.046015571909676825,0.08441990299211764
15,0.03498980111292625,0.046730034113276885,0.10780787253662506,0.3563718691243306,0.3673473203320203,0.08675310278082148
16,0.07120853130014804,0.12830007300100726,0.49523404672999105,0.08078759653883935,0.0853217413485468,0.13914801108146782
17,0.0342034956761191,0.04662407927151181,0.10919756059634482,0.3682304140045602,0.3312643628145536,0.11048008763691043
18,0.32732604231292134,0.4885884548364122,0.05655937511322433,0.03198754180406569,0.035559286937781126,0.05997929899559537
19,0.737893378230043,0.09181016826793177,0.05484056884257612,0.028203636001734093,0.031585434552966904,0.055666814104747865
20,0.7390083709159425,0.09725396436915856,0.05048852106512167,0.027964677064843367,0.03132727713136262,0.053957189453571135
21,0.09814476038136728,0.20702755766153638,0.1437591678931801,0.05630816873533224,0.061455823486652246,0.4333045218419314
22,0.341968187295084,0.4711678275430501,0.05983501746718347,0.030441042294946378,0.03394824218593013,0.06263968321380628
23,0.03271117237630427,0.044042790195308205,0.10867531709625906,0.35446193485331084,0.31953832664902193,0.1405704588297952
24,0.7810763505863931,0.06589712410196512,0.04601732929985058,0.026078056399884978,0.029332819605658617,0.051598320006247284
25,0.03553496474414331,0.0485144464362864,0.11065250976941453,0.370405431640536,0.3319483751920482,0.10294427221757153
26,0.7448507646037883,0.08960389814484458,0.05308687742768885,0.02734002583813547,0.030656274147461995,0.05446215983808108
27,0.035694092788741964,0.048407348241772605,0.10867025953814205,0.3619463322235249,0.356748185865619,0.08853378134219937
28,0.10783589455457367,0.25411252084906416,0.16107430127886274,0.053191435667480656,0.05805409352215905,0.36573175412785963
29,0.03501036231075768,0.048146108855126935,0.10325455668500691,0.37693183818416,0.33428545892934264,0.10237167503560589
30,0.08452395802335788,0.15855166448164867,0.17641876048968,0.06161250889450177,0.066822430690279,0.45207067742053303
31,0.08952132325376551,0.17429537054797836,0.15448198540933625,0.05786467223297521,0.06302820141706492,0.4608084471388798
32,0.03850516623853943,0.05276625252398207,0.12520539007537448,0.3427393899222718,0.3441925956151792,0.09659120562465284
33,0.028687452275745682,0.03751687127937079,0.0926080333936714,0.4042301996133578,0.34345381262477565,0.0935036308130786
34,0.26683953994447057,0.4808547079555442,0.0822725942932512,0.040375665159744056,0.044156408104412445,0.08550108454257668
35,0.05921427829585211,0.09908090472642263,0.46301863333957227,0.09777999023106625,0.10282962087292981,0.17807657253415685
36,0.08000581126556405,0.14916042797696796,0.21348097066225932,0.05929438120922325,0.064241844056994,0.4338165648289916
37,0.08638053661030055,0.6343964843412131,0.08664697531058645,0.046211792781857906,0.05069473345444478,0.09566947750159681
38,0.036386301510003376,0.04887518359956247,0.11717523552857603,0.3498154333403703,0.34921208091187367,0.09853576510961437
39,0.0763556256155065,0.13558032963184685,0.1879415814036937,0.06130986447506292,0.06644867359226167,0.47236392528162835
40,0.19883575862627503,0.573758409256626,0.07654647320815855,0.03566958628032982,0.039499041019665795,0.07569073160894461
41,0.1006627318883999,0.22269954008529552,0.15774970457733284,0.05768362214523577,0.06273758317689374,0.39846681812684204
42,0.031863835191048906,0.04174929829452567,0.09858615718793454,0.3556700697427685,0.3749734313464897,0.09715720823723234
43,0.06227940693228915,0.10622787458267373,0.4704753858589146,0.09398404181854193,0.09894985476681897,0.1680834360407614
44,0.06556426330384346,0.11243710202357825,0.18214766147933653,0.06777958616444843,0.07329336166811701,0.49877802536067645
45,0.75888234482057,0.07551411468966832,0.04982966299979637,0.028033458815460516,0.0314170791679676,0.05632333950653743
46,0.03568459643393119,0.04877250448210807,0.11103344548964464,0.3679894899312618,0.3267242318585028,0.10979573180455116
47,0.03448032722758795,0.045481995233883264,0.10655518486217498,0.3476179599046988,0.36988942150284304,0.0959751112688118
48,0.5574603327809913,0.24930617332610597,0.059834499265688255,0.031596235651401954,0.035143994904369445,0.06665876407144311
49,0.03762865524502149,0.05165778031399246,0.11875569532070518,0.351394868314164,0.3467499924808856,0.09381300832523126
50,0.08901884833168645,0.6138908864701579,0.10419943558869213,0.04657728967072789,0.05102628768970442,0.09528725224903178
51,0.5486068177082454,0.2627555930104359,0.05671073271445899,0.03061737554386684,0.03405764192050185,0.0672518391024912
52,0.08587664837723422,0.16523588404348424,0.4502156966141519,0.06739362693624495,0.0718339348474551,0.15944420918142943
53,0.06056700506756775,0.10278332439219191,0.4774421457991862,0.09339011663137475,0.09839012231488667,0.16742728579479269
54,0.10433063158363301,0.23795756293661327,0.1622831867912059,0.05626630091057454,0.06130911610995393,0.3778532016680195
55,0.10343387619946354,0.23315278510704432,0.18310194821133619,0.05635237947973062,0.06124492696046913,0.36271408404195604
56,0.03187071492215367,0.04260159745611848,0.10094964387449158,0.3936643687835579,0.33684456254888756,0.09406911241479085
57,0.08760833563137617,0.172548714871892,0.4237034901630906,0.06477355761763189,0.06916992589469183,0.18219597582131758
58,0.06887143345240503,0.12152450331803698,0.4768008970426559,0.0879149344704595,0.09266152298937301,0.15222670872706992
59,0.06295237501457812,0.10483246654563654,0.49732911163445526,0.08581505965184287,0.09068820631724016,0.15838278083624713
60,0.031108162324207784,0.04138401465798889,0.09312957951854763,0.399436628616711,0.34540161378414264,0.08954000109840217
61,0.03842316867624255,0.05284679159013272,0.11686057574243967,0.3465263490208486,0.3429376466109426,0.10240546835939379
62,0.2572796989877297,0.5443584771685166,0.06413662228088728,0.03317464928222145,0.03683749241733091,0.06421305986331416
63,0.33484893477730415,0.4532028004004931,0.06685157372472757,0.03441937867851079,0.038051402344267855,0.07262591007469704
64,0.041047019770664224,0.05685734593174282,0.13444406742558068,0.33041622245784136,0.33823608109737296,0.09899926331679754
65,0.033319179676636376,0.04417237358692427,0.10051848700405995,0.36482691698187364,0.37361667153475847,0.08354637121574746
66,0.08930231249751523,0.6252120556752724,0.09054535557659618,0.045814710117839816,0.05028361887877978,0.0988419472539966
67,0.034394285612269246,0.046615374459377086,0.10920721224587111,0.3776106099693366,0.3395201526284549,0.09265236508469087
68,0.03311781810527756,0.04433133271924852,0.11234355574626402,0.37478750476188,0.33326594550002986,0.10215384316729993
69,0.170005312592228,0.5749212223790133,0.0791637237466943,0.04157777258081656,0.04566847466095446,0.08866349404029353
70,0.12639108768761456,0.36230437251511777,0.14260105784552987,0.050230452008352196,0.05493572309198367,0.263537306851402
71,0.0340945926635728,0.045603103899780256,0.10574160377520372,0.35695740041909674,0.36362668242163515,0.09397661682071162
72,0.0798647801285708,0.14946017635318454,0.48002687029590574,0.07237946679533634,0.07675591577085789,0.14151279065614497
73,0.12723221419703679,0.5913845434806976,0.10240459980880137,0.042074479303405965,0.04623536443039925,0.09066879877965907
74,0.12664648137825943,0.581482506900714,0.10167686271208311,0.0456449064804864,0.04985924109528797,0.09469000143316916
75,0.029779665872468254,0.03947729778984136,0.0889653320531567,0.4057163858487301,0.34948798935161784,0.08657332908418545
76,0.7643754305082197,0.07916100979526315,0.04720459683315866,0.026786800574059574,0.03010808514082024,0.052364077148478835
77,0.032302859650160755,0.043738121749516475,0.09760961049090904,0.39565676912197656,0.33676035490462264,0.09393228408281469
78,0.6228466580962584,0.1945905826597559,0.05709268211874598,0.030196525095697993,0.03367126495670609,0.061602287072835465
79,0.10383108609810168,0.588052230640159,0.10169757074682477,0.05066163040923508,0.05515031474385164,0.10060716736182816
80,0.6383199123528465,0.1895841779568256,0.05292555222013517,0.02936433816406054,0.03279472424930997,0.05701129505682228
81,0.7477677278306396,0.08371916014301468,0.05473608139542039,0.02824804797772593,0.03160794409427925,0.05392103855892007
82,0.6654411648888086,0.1555016352598304,0.054713494593936346,0.029272104032273465,0.03276546504318148,0.0623061361819698
83,0.7213764372332615,0.10720084881717612,0.05009945349907547,0.028806167895711353,0.03225066402536193,0.06026642852941366
84,0.08213905777347189,0.15387768906087473,0.1813472950025284,0.06242250424259329,0.06769519423786619,0.45251825968266557
85,0.696550408917547,0.12612225025241966,0.05712226390450756,0.030105038348888287,0.033564312722637685,0.05653572585399995
86,0.0362179834601722,0.04998965786554274,0.11603145520225204,0.37081221504924294,0.3285782850935294,0.0983704033292611
87,0.09982885984401703,0.21522545179938715,0.16134777668431546,0.05725911204989542,0.062333055498524796,0.4040057441238602
88,0.1570621512807908,0.6131867623730156,0.07115065280540184,0.03777548619855706,0.04180241585442853,0.07902253148780591
89,0.037584407036808966,0.05178675837244927,0.11708933789118905,0.35415062610536036,0.33583537876963565,0.10355349182455643
90,0.5548915543006534,0.26579414496636583,0.05621241367828718,0.02974735310462788,0.03315157758449782,0.06020295636556795
91,0.04641725681425889,0.06554094756194029,0.1658964483356268,0.2891880815003026,0.29865538187416546,0.13430188391370537
92,0.039167998286473965,0.05362303331754083,0.1300395990003692,0.336332808479719,0.34298814365357017,0.09784841726232692
93,0.03581213895088817,0.048405515219121384,0.11760519615241544,0.35678702168274895,0.32977573189531956,0.11161439609950621
94,0.7503802269369825,0.08611533645810746,0.0498676683323723,0.027797049711339485,0.0311525820706756,0.05468713649052269
95,0.07444732026218533,0.13485896933340086,0.4857572840859623,0.07748190073559538,0.08201050011600845,0.14544402546684762
96,0.17433826327748375,0.5512158850284321,0.09238640339693997,0.04370879578028875,0.04777585111247689,0.0905748014043788
97,0.1674955838144035,0.619507349299946,0.06912877438006342,0.03448004462625506,0.0383545394223848,0.07103370845694676
98,0.09140694809587267,0.18467764082587487,0.42438072289880885,0.06933677443896717,0.07376836922774506,0.15642954451273133
99,0.033371587912660886,0.04414149037910609,0.09767405032200922,0.3684448342151758,0.3352273603982023,0.12114067677284575
100,0.04058592960688859,0.05551797274379554,0.13504142446279135,0.3272709129468805,0.34282018693627475,0.09876357330336971
101,0.08681137676505472,0.16983829245113222,0.39951978336771027,0.06918149465299367,0.07377397283306183,0.20087507993004744
102,0.1816765127851461,0.5962406179640505,0.06947815304496788,0.037872059821056125,0.041833171835948646,0.07289948454883052
103,0.12984705495243462,0.37783762591493836,0.16377941272640245,0.04971617597136129,0.05424598834384091,0.22457374209102235
104,0.07010862650298787,0.12461151042621171,0.48192704604026293,0.08260069805215761,0.08721899400003129,0.1535331249783485
105,0.06535471599337332,0.11345623894718009,0.5029717422830313,0.08178257327121567,0.08646055220792556,0.14997417729727383
106,0.06565268961107212,0.11442228399476487,0.478175193473826,0.09521765834672206,0.10000494451398484,0.14652723005963028
107,0.0752117834461607,0.13563927816642415,0.47559296689623054,0.07749300619585586,0.08206929585517939,0.1539936694401493
108,0.6216249072957548,0.19632426729122793,0.05881324699349543,0.029120622126998952,0.03250441700096659,0.06161253929155585
109,0.04333235465489607,0.06203469712115989,0.12163413945449737,0.31705999618605,0.3136097707943953,0.14232904178900094
110,0.05418651310205694,0.08979962876403681,0.16215538400296547,0.08741621503914904,0.09381284722296351,0.512629411868828
111,0.05815056761229789,0.09369869323900007,0.45416800212729,0.09305109445081489,0.0983602478133662,0.2025713947572313
112,0.10472457718437167,0.24470736480977065,0.19349713647654607,0.05539066600061871,0.060140763239642014,0.341539492289051
113,0.03852821458346234,0.052269566907551454,0.12161680453202395,0.33620820022260667,0.35705006300133507,0.09432715075302052
114,0.11544709276232387,0.5427715976694266,0.11456108528271454,0.05452379344362266,0.05912254525921771,0.11357388558269506
115,0.18225543920618517,0.577421222638302,0.07741347787170347,0.038872396830401106,0.042838738880751,0.08119872457265738
116,0.03539222715178891,0.04766730630775244,0.10841351551347901,0.3426093143180534,0.35922820324154403,0.10668943346738208
117,0.06672470437342795,0.11710133175733654,0.4765280486227751,0.08702535578749235,0.0918559188324991,0.16076464062646936
118,0.34808439661876606,0.4521353688103732,0.06414761602317082,0.03266729111823354,0.036247866501357716,0.06671746092809874
119,0.02740633141659603,0.03615688881647269,0.07756910537955294,0.41330785161794903,0.3550086815360098,0.09055114123341974
120,0.057601083708847214,0.0889177095138492,0.3632654019692488,0.129260496211013,0.13700884915066044,0.22394645944638114
121,0.03665541546517071,0.0501847272762384,0.11859620545889082,0.3650774851274279,0.32620846627899747,0.1032777003932749
122,0.039412858023998104,0.05398263484431417,0.12803919945129313,0.3364945694722044,0.3167846824423817,0.12528605576580829
123,0.06899463313062952,0.1215318931263322,0.50447781920224,0.07440963185454053,0.07898571528960222,0.15160030739665564
124,0.67247119624157,0.1503910067602229,0.05487858189574628,0.03000975026927327,0.03350235055421974,0.05874711427896771
125,0.7352485166193193,0.09412095652722013,0.050909732882321986,0.028742720247290878,0.03220277700817592,0.0587752967156715
126,0.12664648137825943,0.581482506900714,0.10167686271208311,0.0456449064804864,0.04985924109528797,0.09469000143316916
127,0.20521464768057224,0.5231331913132908,0.09074638384049936,0.043294962917808696,0.047302420973746935,0.09030839327408173
128,0.1485681049841922,0.555417570032027,0.09998895739740649,0.04676803560064291,0.05094798458112413,0.09830934740460684
129,0.11179426892692376,0.657860068869201,0.06866228164649918,0.03924906403228052,0.043446752960371676,0.07898756356472396
130,0.040237030709862676,0.05558973664442797,0.12014149396366443,0.3407846721849684,0.33288375755885713,0.11036330893821969
131,0.10751121503128475,0.6352443664757984,0.08283149062396587,0.043309573036457126,0.04763611176627088,0.08346724306622312
132,0.04168202227897065,0.0576557297314987,0.15097367040208007,0.3159945204149206,0.31542500340877877,0.11826905376375131
133,0.12985654752049416,0.642646084471121,0.06754574580270621,0.03873531204434788,0.042867314051812884,0.07834899610951805
134,0.5708472370896248,0.23832764980125642,0.06501060589801728,0.03048488855237804,0.03393128693513948,0.06139833172358382
135,0.7541458244203649,0.075278724798592,0.053049948128531345,0.02834054160954943,0.03174638831901843,0.057438572723943815
136,0.46031101768236665,0.3421809886862435,0.06002613320885553,0.031894469194833915,0.035390869596478906,0.07019652163122136
137,0.06803003494381646,0.1203324355346554,0.17106387555680838,0.06851053777195777,0.07401965663476738,0.49804345955799423
138,0.2844513881956622,0.46577436139156003,0.08555644484761447,0.04081351584890116,0.04459690636702877,0.07880738334923308
139,0.041423495518947126,0.056294518185862744,0.1300983238967449,0.30482412933317193,0.3257670393630548,0.1415924937022184
140,0.09608544867815257,0.1995285652959601,0.1707753035979032,0.05778274682931378,0.06280145403681565,0.41302648156185456
141,0.7607484974221392,0.07843764201533975,0.04846280972573436,0.027249041950971404,0.030596551974190055,0.054505456911625325
142,0.6584207042613368,0.14957229125253607,0.06447124303840011,0.030631548528746447,0.034138459130804835,0.06276575378817555
143,0.6629036509497028,0.16499570152612666,0.05309302000833356,0.028959305488924482,0.03241657806155566,0.0576317439653566
144,0.7305720051394344,0.0979756422172706,0.05168400336442369,0.02859063053078478,0.03203840953706736,0.05913930921101911
145,0.03026796048242206,0.040429040364752936,0.0887212597534018,0.40164562397752696,0.34858007831522747,0.09035603710666885
146,0.06135552509311703,0.10332092686955502,0.48144201049627167,0.09654055959230734,0.10154392867997414,0.15579704926877477
147,0.037128101846332376,0.050669279295925004,0.11432721121545318,0.3477370358570872,0.3476975840708277,0.1024407877143749
148,0.09316670058906931,0.18716239515884647,0.17890909182970177,0.05800802375243292,0.06304949157689631,0.4197042970930529
149,0.09734232244988301,0.20172542832688742,0.18678512630066202,0.05677400172659236,0.06169330100188758,0.39567982019408765
150,0.03162218175839839,0.04200049012100472,0.0955600643334245,0.36849161065482355,0.3522515985504884,0.11007405458186109
151,0.7667338307859204,0.06977110026271985,0.050308277762102296,0.027338112830484245,0.030678359155509923,0.0551703192032635
152,0.038553940696747564,0.054007652713641024,0.11098128935573255,0.3563012190139797,0.3316969515879238,0.1084589466319753
153,0.7516157285388122,0.08493909706445955,0.051607354269875,0.02729297734386261,0.03063632513300498,0.053908517649985645
154,0.7361403060885163,0.09263339211726454,0.05408471771661657,0.02829451347067479,0.03167493744712086,0.05717213315980665
155,0.7249402586937537,0.10036113897706145,0.056387715853697735,0.028735292612400383,0.03215557698234174,0.057420016880744995
156,0.07329735961775805,0.13192796075297886,0.4734286604336589,0.08670916396058477,0.09141742853701536,0.14321942669800408
157,0.10783082912522429,0.2533214224734278,0.1654453775833244,0.05422082167921977,0.0591085914271364,0.3600729577116673
158,0.07321741838801872,0.13280980968097358,0.48529404291802053,0.0840870380244637,0.08856018307059502,0.13603150791792804
159,0.11823519083261477,0.6475312800607871,0.07556624342511709,0.039236739165074995,0.0433656252449553,0.07606492127145126
160,0.1135629089201906,0.29708767727866264,0.17105507749056167,0.055007770477730665,0.05990647725351372,0.30338008857933985
161,0.026566420197246934,0.03482222845257464,0.07439867689507683,0.4218128018017836,0.35356547044027925,0.08883440221303855
162,0.03331635720732052,0.04424734061069825,0.10432689681453675,0.365646466781174,0.3598932121717549,0.09256972641451597
163,0.031815503399928204,0.04262450195688958,0.09586784166241123,0.39631162134801373,0.33813775997703416,0.09524277165572341
164,0.08127288073759556,0.15499871738296478,0.17088677039553485,0.06162091302068214,0.06679432336910844,0.4644263950941142
165,0.6798806125154172,0.13680480935453848,0.058609808166820744,0.030336494422654212,0.0338226459866678,0.06054562955390131
166,0.1354169103153762,0.6012431574061992,0.07822218215206521,0.04368719546428754,0.048028621409773604,0.09340193325229816
167,0.058862427087939546,0.09834806827111811,0.4535302845563798,0.1096411674146613,0.11457936580856334,0.1650386868613375
168,0.06999844567984594,0.12385138076371194,0.5002939283516491,0.08104502390773712,0.08560747132979453,0.13920374996726123
169,0.0747063254702406,0.13415781435372057,0.47866136557687083,0.07946039009332177,0.08411170130378029,0.14890240320206574
170,0.7386466658890193,0.09072010659817029,0.05109178345249704,0.029013723144984835,0.03245446521388168,0.05807325570144718
171,0.027733573399534694,0.03657235400323477,0.081838246051023,0.420390681334368,0.34604124401857533,0.08742390119326433
172,0.10418880426613225,0.2416805367406472,0.15439246841910131,0.05692668358083183,0.0619803890895037,0.38083111790378354
173,0.7211680510995715,0.11016081482229668,0.05007606372867599,0.028539035582361975,0.03196021957944939,0.05809581518764455
174,0.09012421152180633,0.18184162809399507,0.4252605625864728,0.0706899093557433,0.07515633828256459,0.15692735015941758
175,0.07964157438185986,0.14854421177716187,0.4484731635089079,0.07336865512811686,0.07788720486662785,0.17208519033732592
176,0.06690815520020996,0.11632642266869442,0.19560034275777827,0.06884473556891353,0.07429056002762169,0.4780297837767825
177,0.06439130699119143,0.111571997873351,0.1545380677825743,0.0707067652635235,0.0764301934005169,0.5223616686888433
178,0.0700352377606062,0.1234035505362666,0.20017781193949633,0.06408646806736211,0.06927457824113996,0.47302235345512883
179,0.06323681357207624,0.10801777401858476,0.5121479365313971,0.08048231240415704,0.08518808945551667,0.15092707401826821
180,0.0935757742681466,0.19053325037842017,0.19946473810448515,0.0569747034897293,0.06183160414536181,0.39761992961385695
181,0.10675420260469104,0.2539335743113798,0.1736453149956681,0.05460405187351426,0.059468716739296344,0.3515941394754503
182,0.0386775121359256,0.05306327728183919,0.13198024105466324,0.34478795901715337,0.32072309466367815,0.11076791584674056
183,0.023609265404625487,0.030732326314468515,0.0658128663120513,0.4520528916841883,0.3516197179286447,0.07617293235602131
184,0.09898525956858158,0.21636800757794242,0.3838416297790378,0.06644024040233637,0.07090517145749893,0.1634596912146031
185,0.06977466516735571,0.12025538697215234,0.2131144160904589,0.06483693633012823,0.07006959062947889,0.46194900481042617
186,0.03456240233278306,0.04554865544211747,0.09954119892272792,0.33615879003456917,0.36703854665111263,0.11715040661668964
187,0.08761301300021658,0.592679802880866,0.1131724743564734,0.049091952286770144,0.05373768415349828,0.10370507332217567
188,0.0876251820517194,0.17048040489734861,0.18222454375402808,0.05790125529711416,0.06288470596150579,0.4388839080382839
189,0.034848018455327374,0.046810136601081416,0.10876405360941462,0.3626836443330378,0.3585795467124931,0.08831460028864588
190,0.05921427829585211,0.09908090472642263,0.46301863333957227,0.09777999023106625,0.10282962087292981,0.17807657253415685
191,0.03568459643393119,0.04877250448210807,0.11103344548964464,0.3679894899312618,0.3267242318585028,0.10979573180455116
192,0.028281438102889692,0.03760682326803798,0.08696335844814448,0.41251661560711994,0.34808123043525707,0.08655053413855111
193,0.6732265433824572,0.14652135043709277,0.06135063146287537,0.02955424801074329,0.03297685108374616,0.05637037562308508
194,0.08843415669454747,0.17512182273853721,0.4376962721043823,0.06665892109789927,0.07104850163708126,0.16104032572755242
195,0.02758383044426006,0.03638428297837814,0.0840129260146595,0.418581216779011,0.3433295203659964,0.09010822341769516
196,0.6794181446730663,0.13940049760326323,0.053601043275341105,0.02968518804751809,0.03320595448068243,0.06468917192012921
197,0.7406659054516155,0.09176325705873631,0.052601189832010474,0.027802584355033313,0.031174053281043095,0.05599301002156154
198,0.05921427829585211,0.09908090472642263,0.46301863333957227,0.09777999023106625,0.10282962087292981,0.17807657253415685
199,0.6985664781736737,0.12650785546687007,0.05295824053365517,0.028635358844608244,0.032097353212702434,0.06123471376849062
200,0.1390704079389087,0.5613642583641129,0.09543646680241144,0.04872829668337434,0.0531926469102264,0.10220792330096613
201,0.7388171587099429,0.09687316446651095,0.04837659236438081,0.02784242567998375,0.031235725053032924,0.05685493372614876
202,0.1094057610390692,0.27792169647940335,0.16399807277861003,0.05504355178749736,0.059989219658235095,0.33364169825718504
203,0.7060107560511861,0.11390915062381457,0.061131368892358366,0.02933407967629494,0.032742968832544295,0.05687167592380232
204,0.7285817327103766,0.10082578992512865,0.051435047346232964,0.028491325417759266,0.031901228848534656,0.0587648757519679
205,0.10434880581424791,0.23541411223373507,0.17472801848036307,0.05517859582357067,0.06007882420558589,0.3702516434424973
206,0.05917714970953811,0.09902573850134595,0.49137075509445916,0.07986122786774841,0.08474427536414718,0.18582085346276098
207,0.09300559623918245,0.19356754981859914,0.19696793736059642,0.060898483430791184,0.06592406367541843,0.3896363694754125
208,0.0600181093847398,0.09905880079779636,0.48812362972214335,0.09218988331802369,0.09731002130460455,0.16329955547269234
209,0.1690333125261504,0.6159626605076302,0.06304021080806999,0.03665267269278229,0.040650449164465384,0.07466069430090214
210,0.08330813676867674,0.16071079082043827,0.45485347933784076,0.06511412916607492,0.06947410843824779,0.16653935546872167
211,0.29829732752398763,0.4552657820323341,0.07777004579346596,0.03913962095851048,0.04293311974251567,0.08659410394918642
212,0.057005171870495655,0.09537815510143288,0.17291241383851025,0.07686132787289388,0.08264433272668638,0.5151985985899811
213,0.6782965236829185,0.14470646022034925,0.0569092559899971,0.029609156908532934,0.03310506409136149,0.05737353910684054
214,0.031157847736063393,0.041094928839620494,0.09143079689346849,0.3850977328529423,0.34561634327583834,0.10560235040206672
215,0.2548226696061607,0.5404061510375338,0.0667838733087995,0.03301866682193721,0.03670687321369187,0.06826176601187696
216,0.07016194305487765,0.12238488040533663,0.15604109842702862,0.06642388202059825,0.07199960005906957,0.512988596033089
217,0.11276433146000128,0.6470958108722513,0.07801894228313566,0.04129496318643564,0.0454702334797621,0.07535571871841415
218,0.09682134216945779,0.20158010959623307,0.18024558663739237,0.05675715511673382,0.0617316745389341,0.40286413194124865
219,0.0726127032793939,0.1294170399750243,0.1376387917314415,0.07245836399948426,0.07845405672596363,0.5094190442886926
220,0.7319057133120093,0.09883584688542293,0.05207535545214304,0.028721787707982248,0.03212217169054141,0.05633912495190119
221,0.03672340200405845,0.05031566001697901,0.12671836486749047,0.3242932644144421,0.30712647442132834,0.15482283427570165
222,0.03679954103163853,0.049842984552924886,0.11184180959857926,0.35239646624029114,0.35756964978872885,0.09154954878783696
223,0.07256817879720283,0.1314885238600344,0.4958343733698634,0.07844325958522334,0.08291811332701313,0.13874755106066278
224,0.4653057273661301,0.3433771359179496,0.058601599041773256,0.0318280898587138,0.03532935383906695,0.0655580939763663
225,0.038189656197573356,0.05227791691608723,0.13917085478587998,0.3329611321244964,0.3141453028516023,0.12325513712436077
226,0.09990148813529685,0.2131943801055269,0.1821028618651855,0.057098307708253276,0.062066952450765434,0.3856360097349721
227,0.031876266962124096,0.04239759039910303,0.10293638203332371,0.3704244602363471,0.34773010820962735,0.10463519215947485
228,0.09456050083460465,0.6255594715381714,0.08717095773185161,0.04644305716224515,0.05095672761455908,0.09530928511856789
229,0.11250389748414404,0.30895348285812846,0.1455058885638144,0.05422161929125814,0.05923275080148411,0.319582361001171
230,0.05841296085247195,0.09686592689646487,0.48948698905422644,0.09318005902151315,0.09820802063212924,0.16384604354319413
231,0.07909982878678665,0.1456029951318544,0.1632625564253167,0.06085001175033535,0.06609511806498515,0.4850894898407217
232,0.6593949137462266,0.1739589457758138,0.05466894205372362,0.02745302606055993,0.03084835006214418,0.05367582230153212
233,0.04249622521608614,0.059503545763506534,0.1419749875982366,0.3230672013523571,0.32653151501893624,0.10642652505087723
234,0.053922833843703756,0.08240452313924183,0.44625182660510954,0.10548107626738554,0.11159842317193965,0.20034131697261934
235,0.21767336515518398,0.5809250520231851,0.06354808310616228,0.03362694492835275,0.037412138968928324,0.06681441581818734
236,0.03742858550927384,0.05086168053397926,0.12008511857148843,0.3469750922475086,0.3479263644251874,0.09672315871256236
237,0.779058137828774,0.06545001502530817,0.04746539038110699,0.026384863530902275,0.029658461773563176,0.051983131460345174
238,0.0999131294782324,0.21312036479958377,0.19123862872455188,0.05689102044412491,0.06179156816312532,0.377045288390382
239,0.09523139100154863,0.20311308860306776,0.19852301071592843,0.06006883530691311,0.06510380771536274,0.377959866657179
240,0.7000524061373357,0.12387929116016609,0.05276983043716628,0.02920529952369424,0.032716130219242495,0.06137704252239548
241,0.7495269874360018,0.08452526070913381,0.05221046740875105,0.028077485911380796,0.03145649423046056,0.054203304304272004
242,0.1501085676575501,0.538863403969793,0.10490204965742266,0.04999124846069284,0.05430257250900306,0.1018321577455382
243,0.077421882647538,0.14340994988998046,0.4715001702436118,0.07996954743902226,0.0844133576147423,0.14328509216510507
244,0.03568459643393119,0.04877250448210807,0.11103344548964464,0.3679894899312618,0.3267242318585028,0.10979573180455116
245,0.040237030709862676,0.05558973664442797,0.12014149396366443,0.3407846721849684,0.33288375755885713,0.11036330893821969
246,0.03188423596986929,0.042635417799607875,0.09190773546151286,0.37588803354159367,0.3713343881468987,0.08635018908051745
247,0.7416707441187899,0.09208026987017029,0.0527166572467066,0.027484548867633525,0.030829478500215852,0.055218301396483954
248,0.1751616885914925,0.5886790217310409,0.07324467673433989,0.040039896157836895,0.04410344593208886,0.07877127085320106
249,0.043928122180345926,0.06177937831216526,0.15002641329451752,0.3116903032753042,0.30798328110523976,0.12459250183242748
250,0.03453193264745861,0.04672324485449058,0.10819616179338991,0.3771999816427586,0.33732565086244964,0.09602302819945283
251,0.06929863841879683,0.12175144833772923,0.49967788660115336,0.07233051588121539,0.07691567455772623,0.16002583620337907
252,0.04469743693060447,0.0652994043392829,0.14386279835982177,0.3088379086246978,0.30490550257055204,0.13239694917504127
253,0.03731218113176936,0.05093140242884464,0.1272037251977176,0.35316671606344036,0.32574733968075975,0.10563863549746798
254,0.030261980347350052,0.03987495747314909,0.0880427829239388,0.39188877726011917,0.3447876916914327,0.10514381030401067
255,0.07637532638712737,0.13996781026935387,0.47727266999863316,0.07664945456882072,0.0811501767469168,0.14858456202914788
256,0.05852645808222919,0.09532594472303466,0.443086630723915,0.1014617998984644,0.1070785867638528,0.19452057980850346
257,0.6423318301897534,0.16285950872033034,0.06500078103274294,0.0308967781734667,0.034392122282940446,0.06451897960076637
258,0.145726751260709,0.6115822836793039,0.07299045159551158,0.04065465382639635,0.044828136815394236,0.0842177228226846
259,0.7065647364596788,0.1276611674286329,0.04908487654772497,0.028097572751798715,0.03153044524686416,0.057061201565300416
260,0.03587243035315153,0.04873917237687379,0.10970780418609316,0.3568002841881202,0.353100073798799,0.09578023509696212
261,0.10551863688282241,0.5058994546407187,0.13560081449555145,0.06441912807859525,0.06943255254394311,0.1191294133583686
262,0.0732233343214705,0.13061887642131112,0.16138709852819588,0.06302904972969652,0.06832912499347421,0.5034125160058519
263,0.7242210226594928,0.10700104405090334,0.05106933207142987,0.02811375722912932,0.03153111937367897,0.05806372461536568
264,0.0952877679339935,0.20117744933717613,0.17580354023694622,0.05690439305156116,0.061885548099501336,0.4089413013408218
265,0.037269444364742284,0.05101351353608463,0.12460219688090932,0.34471739130709067,0.3395784245652907,0.10281902934588229
266,0.06664577386492106,0.11597835506590314,0.4877660989592387,0.08929311073933204,0.09394159941235938,0.1463750619582456
267,0.061385916871032314,0.10075955581678196,0.20857386769204014,0.07888047320569107,0.08472326051323116,0.46567692590122306
268,0.11830718869171425,0.6078742926907915,0.08411728325864438,0.04517573815735083,0.0495754092197636,0.09495008798173535
269,0.03418457924375403,0.04633153706775768,0.10477711391296168,0.37465527998310144,0.3353017345915297,0.10474975520089515
270,0.11188388089552559,0.2655318765644335,0.16790080620169892,0.05505238735001562,0.05995670673835383,0.33967434224997267
271,0.04314873258005286,0.06027149458870152,0.1420795649572203,0.3217898689746096,0.33214416379875444,0.10056617510066104
272,0.07000903515539475,0.12282054893907865,0.4984151586605457,0.07308063808102888,0.07765949841172957,0.15801512075222232
273,0.037547155870621025,0.05182644130533727,0.11850512292129108,0.3604797369424931,0.3249105887986175,0.10673095416163998
274,0.03501036231075768,0.048146108855126935,0.10325455668500691,0.37693183818416,0.33428545892934264,0.10237167503560589
275,0.03313362672735933,0.04468005614352108,0.10293218080021098,0.38498263025085416,0.3413105473687458,0.092960958709309
276,0.04732390148895062,0.06906318371987458,0.1589174118714124,0.23103318947001963,0.2391992505549847,0.2544630628947582
277,0.7353696444120446,0.10143660763270139,0.05193501075177181,0.027575099566059882,0.03091792957454112,0.052765708062881375
278,0.030151937108794626,0.04023106109412944,0.0919582028195997,0.4078028000009005,0.34392765778553486,0.08592834119104076
279,0.038034181661822965,0.051871645534009164,0.1146347396985663,0.345655442804433,0.3449214702357281,0.10488252006544033
280,0.03721841461614828,0.05119080032430633,0.1111797764023381,0.3588561483407845,0.3375782328537634,0.10397662746265954
281,0.029750164116427946,0.03886928293782103,0.09067252516884795,0.37928477671604904,0.37154772085643095,0.08987553020442277
282,0.036639662938061826,0.05031534047519501,0.11456928143713796,0.3584092128519351,0.34245677445563577,0.09760972784203435
283,0.06586460031112273,0.11045343003606246,0.4571132079735707,0.09184212419297162,0.0969887429346387,0.17773789455163344
284,0.19602731316503813,0.571903464587021,0.06746332248159333,0.03970288920402747,0.04377422880574759,0.08112878175657243
285,0.14206033124205153,0.5855737026233782,0.0931455735574286,0.04422666602917746,0.04840778895773638,0.08658593759022724
286,0.039139865848715004,0.05360256915408224,0.12081293916989154,0.3353993113871291,0.34330080737940033,0.10774450706078129
287,0.07411454758251969,0.13336906266324658,0.4884252722016137,0.07266295965668564,0.0771737738593643,0.15425438403657002
288,0.045702279122124774,0.06580147279810716,0.14853497629563966,0.30319283354469106,0.3130948393978808,0.1236735988415569
289,0.3768572339262117,0.4316257469625304,0.059425464084221544,0.031952254859931244,0.03550820508078922,0.064631095086316
290,0.06939763499641079,0.12382402075766459,0.4843680034648906,0.08714722979899772,0.09176254355566195,0.1435005674263745
291,0.17919005005747837,0.5695093940335821,0.0811542644888479,0.04066977464228998,0.04474187254913145,0.08473464422866997
292,0.16505422067192813,0.6252607880873413,0.06406016765643717,0.03538556290325556,0.039326255563510965,0.07091300511752677
293,0.08570792805067838,0.16681124022392832,0.447330280743069,0.06701597603124694,0.07136984417384462,0.16176473077723277
294,0.03288252256242481,0.044380762496277405,0.10068188354006992,0.3881064262065952,0.3340844244343806,0.09986398076025207
295,0.7668375555108797,0.07057905813530281,0.0504196097944539,0.027360612616092943,0.0306853904414741,0.05411777350179627
296,0.08710365139338154,0.17186980192898146,0.4283788510966748,0.0754772388668275,0.07994677547052309,0.1572236812436117
297,0.0750146499193506,0.13723876611796096,0.4882426276899627,0.08126888117676072,0.08576750390874151,0.1324675711872234
298,0.04053074150347899,0.05602075127583745,0.1300620077092018,0.33439534574989843,0.34051878862209733,0.09847236513948561
299,0.03566437739548483,0.0489217379597095,0.10651988651957084,0.372686796876631,0.3397055326924264,0.09650166855617753
300,0.08080611848122934,0.6507190578331996,0.08877680566505722,0.04377940307789819,0.0481777907203841,0.08774082422223164
301,0.14903397937409626,0.6294241026373332,0.06942132592677037,0.03654275676526166,0.0405543059518755,0.07502352934466303
302,0.11556662292020069,0.2957275163097993,0.1708335149543008,0.052930323836409866,0.05768011909277843,0.3072619028865108
303,0.12247456711485818,0.35489886724002656,0.168780595576652,0.05068346558700239,0.055268259792705575,0.24789424468875512
304,0.16058479186459026,0.543618570949561,0.09945258438550213,0.04773341888865406,0.0519394364812802,0.09667119743041236
305,0.07495888620892921,0.13579968254115707,0.17042407816840172,0.06154960635803261,0.06675150927414228,0.49051623744933714
306,0.6814272861276436,0.14117475829622358,0.05763980264524112,0.029321799171408647,0.03278624110206657,0.057650112657416736
307,0.32011068960561045,0.4608213588766152,0.072366259485852,0.03588125139939511,0.039525753651814086,0.07129468698071297
308,0.29381555776669377,0.4554923638907716,0.08681424069388091,0.039003046269071424,0.04274612931068518,0.08212866206889724
309,0.3822711864648825,0.4275376951465713,0.06326919657770516,0.032299518719583184,0.03575376916307957,0.0588686339281784
310,0.20144007798711414,0.5807037030248781,0.0698535416850922,0.035239764204166,0.03907573366318591,0.07368717943556309
311,0.03510080311453093,0.04549009762479336,0.11665440104949384,0.33482075322049265,0.36260579093220563,0.10532815405848345
312,0.698454711313374,0.1227878586807977,0.051558948689100194,0.03000591029887717,0.03356248550954909,0.06363008550830204
313,0.09981196252646703,0.4306279070981722,0.17316511452478234,0.07497649414937618,0.0803871587305411,0.1410313629706612
314,0.06605257349628292,0.11317579174184152,0.4346468325576081,0.10423190486904592,0.1095776075646378,0.17231528977058372
315,0.035934957027590406,0.04923050389182233,0.10978762173925256,0.37045627611981014,0.3310544546293564,0.1035361865921681
316,0.10060547135388617,0.215030648823323,0.17868132604535159,0.055855187462006836,0.060759594301413714,0.3890677720140183
317,0.7632312038624937,0.07404613980715798,0.04897746283255124,0.02766539969258623,0.03103838749198169,0.055041406313229305
318,0.08245529047994128,0.15662219519701745,0.16666104228588588,0.06017483137031871,0.06532260378439687,0.46876403688243967
319,0.10247271647067635,0.22974902786066517,0.16992837265676128,0.0573748520252421,0.062416254439361094,0.3780587765472942
320,0.05677876774344148,0.09315847511853603,0.17907706649964553,0.07488430675802957,0.08067731571387478,0.5154240681664725
321,0.7191538184880452,0.11547811726088827,0.05064303947418541,0.02751378647476264,0.030889073180831218,0.05632216512128735
322,0.7457456318131268,0.09065349118418385,0.05182569570796097,0.027870880381194667,0.031226330370164673,0.05267797054336864
323,0.11295641602357819,0.6185360960320024,0.08822330348711636,0.0431582963389958,0.04742865649080032,0.08969723162750656
324,0.05948518164418032,0.10145689245333005,0.16374186356551204,0.08033189845324788,0.08632356943419836,0.508660594449531
325,0.06617160404408266,0.11418786456804869,0.4826982106544967,0.09182715081796998,0.09667358735365582,0.148441582561746
