,proba_0,proba_1,proba_2,proba_3,proba_4,proba_5
0,0.33087708598639803,0.19943614342554727,0.06142845285860313,0.04415681514643923,0.05894783303050395,0.3051536695525084
1,0.179049070435407,0.2172653149855941,0.06249895853881915,0.045642432200159094,0.06505203257978644,0.43049219126023436
2,0.261507759548933,0.1104101520315725,0.3368402959531626,0.0998641023651201,0.11363776749574428,0.07773992260546694
3,0.04686209247960973,0.0794703397240913,0.11382756965444323,0.3241026117816892,0.384570753440004,0.05116663292016246
4,0.21328199265467035,0.12165090745736784,0.4063776824817016,0.08870628060572956,0.10882648667353918,0.06115665012699096
5,0.1036780933188899,0.2012378294718537,0.08474814029504248,0.055781559688416436,0.08483921528682896,0.46971516193896856
6,0.05459905560763572,0.09401080697554313,0.12836913401499175,0.237504621390187,0.4272492886435199,0.05826709336812282
7,0.07150551316675956,0.163355014646154,0.5342028865633087,0.07082671291236435,0.10596859592538148,0.054141276786031936
8,0.11423327486873132,0.20597756252180946,0.07897543013700935,0.05594039292028574,0.0829869581137715,0.4618863814383929
9,0.04771018063601122,0.07993317436394703,0.11513316386869026,0.23030206242912865,0.4632353553086498,0.06368606339357337
10,0.7353237996950908,0.08098109022498932,0.060034445501100535,0.037452803088211244,0.0403827220399383,0.04582513945067005
11,0.17024961602931216,0.20233622088392314,0.3771577434183223,0.08429042921390463,0.10275860632865125,0.06320738412588628
12,0.09179242459156185,0.6290226582932673,0.09567654478686968,0.05672514346379652,0.06526953723967806,0.06151369162482646
13,0.13221846995166298,0.1538386498747152,0.43862122984014007,0.08104298742825423,0.12636165142757513,0.06791701147765217
14,0.10936390949275397,0.6466445157643023,0.0757347394031754,0.05120952467192869,0.05712152784553228,0.05992578282230721
15,0.04372565855032318,0.0721148926135902,0.09580750504592928,0.44710340635513035,0.28810093948273313,0.053147597952293804
16,0.09592741082659151,0.18093760157693345,0.47267388485808687,0.0751846488477861,0.11100445230679958,0.06427200158380222
17,0.05216266444276152,0.08444207776571885,0.13303900795774498,0.25097199363053535,0.4198212885991385,0.05956296760410099
18,0.3399285922642584,0.451028355186564,0.06902959739399502,0.04051956693834609,0.04595226311339101,0.05354162510344537
19,0.7299723769487485,0.0860326858919916,0.05706299119273089,0.03884388744657463,0.04163284696807868,0.046455211551875916
20,0.7268540062016077,0.08159624581447972,0.05717317996748292,0.03778843774549492,0.04243853743043614,0.05414959284049867
21,0.13127632320076352,0.23499213778222827,0.056496748430157055,0.04386826812259987,0.05977607080984361,0.47359045165440744
22,0.3286603047023867,0.45607193413289965,0.07292981322071028,0.0454010626495938,0.047978798213702115,0.048958087080706966
23,0.05050448849083649,0.08799149699066286,0.1614868569591338,0.24299955174101523,0.39443584766735296,0.06258175815099871
24,0.7400576009979831,0.08644003341887688,0.053892081272421524,0.03441401268181584,0.03799384937930422,0.04720242224959865
25,0.05144251058307311,0.0916582115033545,0.10918141719844864,0.20548792032530147,0.4840567703358256,0.058173170053996956
26,0.7320224283927299,0.07930461875303657,0.058012358642908865,0.037596400185987096,0.041170574474871595,0.051893619550466126
27,0.04293049000007933,0.07373427982507243,0.08890647232288458,0.44893446932663716,0.29888340524388624,0.046610883281440155
28,0.21097210984512083,0.21900405966302222,0.05429985300409521,0.04298642363023985,0.05800329980953267,0.4147342540479888
29,0.051426080837533146,0.08878293160218255,0.12372321860420289,0.17741064103510149,0.49086071642734913,0.06779641149363053
30,0.12315040347535182,0.2168097030053146,0.06414696577702107,0.0500617385672859,0.06853006895000222,0.47730112022502474
31,0.12876703795264677,0.22332035751463236,0.05827307754205719,0.04396697447943108,0.06022498529378688,0.48544756721744575
32,0.03968139145271245,0.06189069838053173,0.09018199386299482,0.4838185168663951,0.2833648570288688,0.04106254240849729
33,0.048688657966828974,0.07811227647292351,0.13750437042469177,0.26340185110274605,0.41119944489816357,0.06109339913464582
34,0.434259111981943,0.35306584381666706,0.06796960772351653,0.04726099542375275,0.05068322021599176,0.046761220838128725
35,0.06760552771818573,0.13541759737323186,0.531625002354201,0.07780099018429382,0.13200613346851883,0.05554474890156842
36,0.17829571065882843,0.20001658228615005,0.06408821754947623,0.04926641778992823,0.07156601620516985,0.43676705551044714
37,0.09660047803611038,0.6233998270108609,0.09273469493906511,0.05681090935675676,0.06468778165028709,0.06576630900691974
38,0.044704429372575794,0.07430552176296885,0.10486380693639542,0.39397969867437793,0.33033629716899215,0.051810246084689364
39,0.13351696145737998,0.2224489251802151,0.06883057468963232,0.04895150374594879,0.07041344760959402,0.45583858731722976
40,0.207263128379014,0.5493033012185125,0.08320492424103985,0.05399047214571207,0.05594194148031009,0.05029623253541164
41,0.14335717060261396,0.2261056533073871,0.05691622280024733,0.04544419391337727,0.06350713345575414,0.4646696259206201
42,0.053143324903816555,0.089093938401687,0.1376745513888286,0.46718033394515396,0.19914069412182522,0.05376715723868891
43,0.06941689747483194,0.145320409537865,0.5221789206581666,0.07867689596153578,0.12989895744729604,0.05450791892030508
44,0.15755387344831054,0.21000590328561916,0.0663820978151621,0.048480894152644616,0.06865138406758292,0.448925847230681
45,0.7317886038978724,0.090053881863101,0.05506934171443168,0.03466926648284145,0.03800471537600887,0.0504141906657448
46,0.05093478226612072,0.08782896473189228,0.11462462209680145,0.2410522604953611,0.45113532238762066,0.05442404802220348
47,0.053006406489617984,0.08921439557072988,0.11519371282659192,0.5018718782641023,0.183632082374299,0.057081524474658904
48,0.5077538027999325,0.2800429346007635,0.0664421781652715,0.041056887990343835,0.0463930391624977,0.05831115728119082
49,0.04136527329970045,0.07134542056350573,0.08796680955361363,0.4252216040935066,0.3277731796083325,0.04632771288134046
50,0.09877911777128956,0.6247906806401794,0.09120841281347024,0.05452291708945734,0.06347278876839738,0.06722608291720611
51,0.46019171451222796,0.34799272471918047,0.060668180836194,0.03944937530752458,0.04335125674887875,0.048346747875994425
52,0.18029050848707628,0.22633032667764155,0.3586667820450882,0.08432851149990611,0.09188928071602613,0.05849459057426206
53,0.0760211083056522,0.15061623980210012,0.5290241646531738,0.07337795163832679,0.1105411560480866,0.06041937955266023
54,0.14888179316672795,0.27074404464890484,0.06089358892834116,0.04640136120601638,0.06443562008673344,0.4086435919632761
55,0.17429914521785228,0.25854589681255646,0.0633146749651687,0.04735363283750694,0.0652912274584993,0.3911954227084164
56,0.04893028495196784,0.08219085595084251,0.12603977064683244,0.21367021484842472,0.4735452935456159,0.055623580056316936
57,0.2626177954989694,0.10909722221645421,0.3915083818158928,0.0866775009013035,0.0903891061611563,0.05970999340622349
58,0.16858507022316718,0.14072150292543836,0.429591044989179,0.08182126819884974,0.11574458891500418,0.06353652474836156
59,0.0741840180167001,0.17404662701499313,0.5167364817750838,0.0746442362905249,0.11039061731760665,0.04999801958509118
60,0.04073339779908653,0.06392839191675255,0.0977430365656383,0.3406498112710533,0.4085056719393635,0.04843969050810612
61,0.052813705746396905,0.09345560672237974,0.12691294136090156,0.26041660069176803,0.40616095607760727,0.06024018940094628
62,0.3528639776028308,0.42599897359701194,0.08027866576851123,0.04392861894824305,0.048597761570996274,0.04833200251240734
63,0.3185686329012144,0.4785865590512685,0.06392037520451838,0.04173268823283544,0.04570739293345527,0.05148435167670841
64,0.04509874830126471,0.07931664371078821,0.09742682609874816,0.38815924965310045,0.3396725191922444,0.050326013043854236
65,0.04340987299876276,0.07313772869087629,0.10067642646950922,0.43667762841099783,0.28711783523391704,0.058980508195936796
66,0.07100045937819584,0.662491045211327,0.08733942317612393,0.05295129110272589,0.06176546609538174,0.06445231503624617
67,0.046894405032649175,0.07330288472843606,0.1267841811578755,0.22937883276226342,0.47609446176330844,0.04754523455546696
68,0.048708638918565056,0.07725276870759344,0.13049777833679266,0.16886350735133906,0.5117528121266894,0.06292449455902059
69,0.09595332130040184,0.665672346512873,0.07787225719577623,0.04645091745225075,0.053235387287552276,0.06081577025114613
70,0.27441902185952366,0.24811175483486708,0.05424102344963393,0.042101150406823704,0.05646009195862139,0.3246669574905301
71,0.04489304112911892,0.07662184043559059,0.09642577377790562,0.39488665859268024,0.3284261196756531,0.05874656638905221
72,0.24443302044747467,0.1340121133503145,0.3656650242544225,0.08661467090369165,0.10174452163114317,0.06753064941295357
73,0.3279772818647358,0.4340588793779326,0.07601661839952019,0.05636200658381933,0.05635080225361617,0.049234411520375915
74,0.2572063283582348,0.5018721290200949,0.08243054081797176,0.048243739602921505,0.0561332755121468,0.05411398668863005
75,0.042649459720062254,0.06879027807536503,0.10760477240471972,0.28441153326950347,0.44428789955712344,0.052256056973226064
76,0.7159967287567943,0.1011961633731558,0.05487605879179005,0.03580863643284677,0.03994447077936932,0.05217794186604358
77,0.042929470058797964,0.07023965104677599,0.10397819924861905,0.21014316877177783,0.5187931127400109,0.053916398134017995
78,0.5832937224413066,0.21012457411646404,0.06655437367993752,0.03947475604458057,0.04417171088435307,0.05638086283335809
79,0.14081950439779123,0.5628269472404172,0.10187326087419002,0.06560637720703824,0.07184770883336061,0.05702620144720299
80,0.5968703539579668,0.19918761875410884,0.06025717756011051,0.039990655275828055,0.04495110705691802,0.0587430873950677
81,0.7466046049563209,0.06775960624749452,0.057574781547670366,0.03792951971836515,0.04136829998378854,0.04876318754636071
82,0.6169407826457004,0.19532510680040382,0.06084005674640028,0.03930040651085047,0.04166222615947589,0.04593142113716911
83,0.6885463381798105,0.13153231026374115,0.05753342807509003,0.03497530722135731,0.038257528376987565,0.04915508788301351
84,0.11297505466512095,0.24381356782587346,0.06670535161522362,0.05118948006419162,0.0729281204350661,0.4523884253945245
85,0.738467065370088,0.06737412897134952,0.060174866620162026,0.037902941238706196,0.04208462988475289,0.053996367914941286
86,0.05053789513243785,0.08209647922363018,0.12595617251576996,0.21521843590801495,0.4685464525338531,0.05764456468629399
87,0.13782420976267282,0.24326317226735614,0.05961265783677635,0.0463059639967793,0.0635312257299731,0.44946277040644267
88,0.11669736026688349,0.6349673030386834,0.07813126130970581,0.054526905120617156,0.05802182303264722,0.05765534723146281
89,0.05149379314278156,0.08903491575027057,0.13040557200911815,0.21099781840189571,0.46092577734672074,0.05714212334921306
90,0.4305477169169665,0.3824008087035682,0.05732627432375169,0.03821869936905301,0.04222747975345147,0.04927902093320901
91,0.06314566343690832,0.111795657067642,0.16332157894652505,0.32796949162610206,0.2710254879306259,0.06274212099219677
92,0.03965369968448638,0.06325351415103511,0.09113900889861709,0.49154943569335313,0.2695639763748048,0.04484036519770328
93,0.04455223822931424,0.07453897965691515,0.11455055712624586,0.2975599995761583,0.4199576342138452,0.04884059119752094
94,0.7396069954808336,0.07934627453939638,0.0582054069945639,0.03471433776238557,0.038529073230445486,0.04959791199237481
95,0.17930669650324854,0.18875014411878627,0.3828472743685638,0.08204810056809261,0.1015139572833366,0.0655338271579721
96,0.29779362838092854,0.4775221639254141,0.07429621119642382,0.047746040364166846,0.05325825507440422,0.04938370105866257
97,0.19487262687657772,0.564830060099645,0.08453231743578425,0.04857615588964831,0.05311028784668827,0.054078551851656054
98,0.30626122563529196,0.12898116779016475,0.30583518370239327,0.096454906212757,0.09546024283822017,0.06700727382117243
99,0.06825503769166219,0.12488321792961848,0.18471988640312342,0.23685867784859732,0.3218369784352217,0.06344620169177673
100,0.039541722724603594,0.06411804973499358,0.08810681093300674,0.47506946547737083,0.28801527903447743,0.0451486720955478
101,0.2023226160996855,0.1385700248056391,0.43236371753383457,0.08429237478156804,0.09210207962607803,0.05034918715319426
102,0.27152529136100123,0.4911779271452633,0.0728475256601774,0.044404695267780556,0.05150113820158052,0.06854342236419682
103,0.28847064226618585,0.29203009326281576,0.06194140447754093,0.04554148134661928,0.059958182471122716,0.2520581961757154
104,0.1085472065351017,0.16376398635250242,0.5008216411399559,0.06788346107064934,0.09833614200392728,0.06064756289786348
105,0.07314993772610756,0.15910134389729227,0.533492891179402,0.07044830681915058,0.10843730775676526,0.055370212621282305
106,0.07368270259743691,0.15728529229179658,0.518003128197168,0.07062119121260257,0.11896055158265999,0.06144713411833548
107,0.2314620405395759,0.11413274700346306,0.37296211432233045,0.10116952364315629,0.11330169253921818,0.06697188195225605
108,0.5802004339042726,0.22553586989518243,0.06590911469914798,0.04155005482845895,0.04393267448090083,0.04287185219203721
109,0.0640990600079994,0.12403325503730013,0.13015400592210724,0.22052296233878446,0.3784931519888077,0.08269756470500082
110,0.11325346294371207,0.2164810399569111,0.07584659260008207,0.05923587690411336,0.0848707504163859,0.45031227717879596
111,0.08261324480410184,0.1948636440571706,0.433105100135932,0.10532938515456068,0.13937861601193868,0.04471000983629614
112,0.2036824010794966,0.24399820788661286,0.06248859082983654,0.04664034238274024,0.0665481082624067,0.37664234955890713
113,0.047495829695071004,0.08834650100597456,0.10254408243171136,0.31768197292372474,0.38520380650825914,0.05872780743525897
114,0.11519425371263455,0.615120858425544,0.08240145628789443,0.06006514403999189,0.06691337602264821,0.0603049115112866
115,0.16157072236659428,0.6052225962426755,0.07151996785106027,0.05099739589691646,0.05538879139875451,0.05530052624399929
116,0.055206652489342985,0.09584846337865915,0.12409267802975245,0.47444794807264673,0.1902022123553105,0.06020204567428811
117,0.08378508683771707,0.15379489409165778,0.5132066547879415,0.07367405144588901,0.11453369856137113,0.06100561427542385
118,0.2786277217785922,0.5121892703051579,0.06144085309696262,0.0450853710134445,0.048434619025844554,0.05422216477999769
119,0.0537591397945116,0.09205166421157125,0.15327719824440594,0.20580142924519126,0.41669580646509496,0.07841476203922504
120,0.06692179239403037,0.15067994766408588,0.49556463508331505,0.09550056275499211,0.1414589063130597,0.049874155790517176
121,0.05096272830662162,0.0841991814588356,0.1251845811907592,0.19451567726563787,0.48748327751291126,0.057654554265233936
122,0.05473338884597846,0.09016429287430036,0.14326876775269667,0.25553635588521717,0.40430381156611134,0.05199338307569607
123,0.09730331519548031,0.17482183466439377,0.4791741342013545,0.0804805560812706,0.10804236409596692,0.06017779576153424
124,0.7227914309427924,0.08876615300211024,0.06197608479585225,0.039098030431753285,0.042147856964680146,0.045220443862811245
125,0.6871266880325044,0.13547608714639084,0.05564338666122215,0.034537097871859844,0.037848493209259565,0.04936824707876311
126,0.2572063283582348,0.5018721290200949,0.08243054081797176,0.048243739602921505,0.0561332755121468,0.05411398668863005
127,0.3484744245772707,0.42892653282061105,0.06977148110390895,0.051890692754451496,0.05368305586962117,0.04725381287413689
128,0.29483211351018734,0.4650603312065628,0.08175280958536715,0.05249382839999112,0.05807140069981209,0.04778951659807982
129,0.08909350502123972,0.6624904262979185,0.07766990078727358,0.05072929208332225,0.05709008304740164,0.0629267927628443
130,0.04661254568560095,0.07507283062170504,0.11111663841935462,0.3129385924739252,0.4118763533855846,0.04238303941382962
131,0.08273053809361436,0.661218421055277,0.07781590417298831,0.05265721739104437,0.0597598446981916,0.06581807458888457
132,0.06206972281538124,0.10707919300402816,0.21320856804724905,0.14190109095784237,0.41088357195740427,0.06485785321809497
133,0.09196835398939475,0.6604320990915387,0.08151807055834108,0.048903187180620325,0.05549995386271074,0.06167833531739506
134,0.6187830039658919,0.17387954919248635,0.06183871029974779,0.04294602111406673,0.04741691533316896,0.05513580009463853
135,0.7271137643355328,0.09124955152653569,0.055282759411688205,0.036448258622054974,0.0396145334786457,0.050291132625542564
136,0.42459678809577023,0.3771595890891783,0.061502890319364,0.04153068040835281,0.0445896217505089,0.05062043033682548
137,0.14235244964974514,0.2055525580886837,0.06358453860789864,0.05097265389008844,0.07407190872150776,0.46346589104207564
138,0.3888539216094574,0.3897644805793312,0.07447293759937834,0.04774163743764348,0.05129950997167656,0.047867512802513106
139,0.0724658906389234,0.1318517007100262,0.19075185104074613,0.24706277673570207,0.29538209785410374,0.062485683020498665
140,0.1305148967388693,0.23819014065635064,0.06276171792278383,0.046550966683032664,0.06569570107470252,0.4562865769242607
141,0.71451777940403,0.10776460074326694,0.055407201225645075,0.03698587141183561,0.039998418439263016,0.04532612877595932
142,0.6787500206418453,0.1173101240657427,0.060757848798529565,0.03981008901150792,0.04405411328473759,0.05931780419763691
143,0.7027032504962274,0.09914987434956767,0.06194737712981588,0.0387255585087426,0.04375044281940768,0.053723496696238764
144,0.6719546936303955,0.1366974026366,0.05538453091825854,0.03675607520542824,0.04079661674356441,0.058410680865753
145,0.0452328544690786,0.07274038997228072,0.11982575085722319,0.2520140926009496,0.45983940216677693,0.05034750993369022
146,0.12050133654338091,0.1517266587870166,0.4344867712713059,0.09202686387580655,0.1354103994136946,0.06584797010879535
147,0.04955974951938689,0.08523166840881803,0.09915591516975848,0.37997482347267353,0.3350503045017981,0.05102753892756493
148,0.13486877736342912,0.2392010349004758,0.06191464433361015,0.04875377676005032,0.06623425221972719,0.44902751442270716
149,0.17106269955264553,0.24163231685333206,0.06450756717610605,0.045873776374772454,0.06418958143547988,0.4127340586076643
150,0.06222898733877498,0.10740561736556377,0.18204283323520343,0.29791967119266854,0.2779637650625654,0.07243912580522392
151,0.7325310448401001,0.08532044208039768,0.053511460971463684,0.03608867653960174,0.039690820307548905,0.05285755526088794
152,0.05018091796351373,0.07937132947842031,0.1415883400858172,0.2072098771761323,0.4682690144040809,0.05338052089203562
153,0.7114916532598901,0.09856970750951753,0.05592050762637826,0.038361336707401,0.04212820458659064,0.05352859031022243
154,0.7356413148595055,0.07883930634675759,0.05937496387402255,0.038992730942890894,0.041205019979184215,0.045946663997639636
155,0.7270742049367902,0.08540782877361852,0.05838476806060452,0.039199802917169915,0.04194445316099167,0.04798894215082513
156,0.2323708344944954,0.10394527605738779,0.3688515090194673,0.10155831497310258,0.11929302197039197,0.07398104348515523
157,0.1804632870061256,0.24548917095993383,0.05828279568115488,0.043751303363077955,0.060096611832037926,0.41191683115766986
158,0.13907480785247386,0.18750900727230327,0.41737758318592394,0.07568937499955651,0.11144005606324087,0.06890917062650122
159,0.16795487864858205,0.5790470539098723,0.079711895756428,0.051669372195742067,0.057456535586080944,0.06416026390329475
160,0.1712603060309375,0.318117625691661,0.06595526627548451,0.047784492819036774,0.06554395438844192,0.33133835479443813
161,0.05501769592903135,0.09472275914760893,0.16207576630514642,0.2808349242082471,0.3430904146800613,0.06425843972990486
162,0.04241551698722205,0.06957487115046004,0.10377743249287166,0.37481907591188846,0.35761607134131823,0.05179703211623973
163,0.049839585443709006,0.08356045222443535,0.12785110549310927,0.20570307676139005,0.4764978689231183,0.05654791115423782
164,0.17731446459215838,0.19357593248857663,0.05712359218222606,0.047129543616009184,0.06849127117514983,0.4563651959458801
165,0.7342589963771066,0.07725951888090565,0.05943150864274517,0.03939111340436238,0.042641308347470326,0.04701755434740954
166,0.08030726002542071,0.6592020161583976,0.07198700569315455,0.052605397872454045,0.05981096620610681,0.07608735404446608
167,0.0719307548878117,0.13871136434801515,0.5335247373756484,0.06990703737283938,0.1223167068544629,0.06360939916122217
168,0.14683589132594618,0.17781223228234153,0.41244458471883033,0.08280865961744018,0.11310498387908206,0.06699364817635997
169,0.22718763183075077,0.14710711580164249,0.33859370677390693,0.10466893827520947,0.11545652749367318,0.06698607982481755
170,0.7275705141810704,0.08752186790596321,0.05499862603881613,0.03598119483356042,0.03960092760407869,0.05432686943651094
171,0.04771068829099825,0.0771345686391342,0.12556143471437012,0.26012676483668384,0.43254583692928944,0.056920706589524216
172,0.18302442252589807,0.20621987604740263,0.054308843031240395,0.04561659690432996,0.06328481722831578,0.44754544426281256
173,0.6914460030466125,0.12505486467118732,0.057866125236872006,0.036554042387730266,0.03967815925819047,0.04940080539940755
174,0.3065650380410693,0.14130242884815689,0.2936631553273784,0.09118725984636092,0.09927466500911977,0.06800745292791456
175,0.1671282068589042,0.14831006110906178,0.4431237398948551,0.08056563453104451,0.1057727847507318,0.055099572855402734
176,0.12584726378850908,0.22009230948623232,0.06898370096202548,0.052798082597963286,0.07706957694208026,0.4552090662231892
177,0.12630991028981264,0.18891926791237917,0.059680133814333146,0.05024113857396366,0.07045001012718402,0.5043995392823273
178,0.14053959244140354,0.20121201916637885,0.06600338477587717,0.04992503867788291,0.07325426834566758,0.46906569659279
179,0.07978134632009537,0.1674379271795767,0.5094052853017866,0.07621190173044032,0.10775742428059382,0.05940611518750729
180,0.21592968437907892,0.19259133326386718,0.06299618188569431,0.046068662233437245,0.06384843944252597,0.4185656987953965
181,0.2258633423629345,0.2284745751415496,0.05892050032640419,0.044492690916364604,0.06088202665928089,0.3813668645934664
182,0.053468509040523485,0.08845166959363003,0.13430788195370902,0.2165370084716813,0.4495237943692269,0.057711136571229185
183,0.04356873425742505,0.07014833140903325,0.1270568475417835,0.29226544065419185,0.41116942307885157,0.05579122305871442
184,0.32676285215428785,0.1572665507401643,0.2662651665598344,0.09120189826877637,0.0939954567769487,0.06450807549998863
185,0.13048288808805128,0.22513772067184776,0.07424967679581271,0.05235554161707829,0.07663441422667838,0.44113975860053134
186,0.06208434455743629,0.11207777485910322,0.14313432776468507,0.4366299223335484,0.17931063657243565,0.06676299391279145
187,0.11273992388231119,0.6024891942696015,0.09529205239280103,0.062197212451221874,0.06764159056321026,0.059640026440854116
188,0.1821383450453238,0.1938977306960453,0.05901804462800531,0.04533377291500324,0.06308889083919149,0.4565232158764306
189,0.03831081939859687,0.062384965498280195,0.08958670030274343,0.4388852314396401,0.3278146116205348,0.043017671740204315
190,0.06760552771818573,0.13541759737323186,0.531625002354201,0.07780099018429382,0.13200613346851883,0.05554474890156842
191,0.05093478226612072,0.08782896473189228,0.11462462209680145,0.2410522604953611,0.45113532238762066,0.05442404802220348
192,0.04333738684600473,0.07191032374907787,0.11560875920578781,0.20626995413180377,0.5008435179177952,0.062030058149530075
193,0.7298923124489806,0.06758218242652785,0.06835936283601785,0.038770815087025574,0.043522625233557204,0.05187270196789119
194,0.14137557428683475,0.21406923536609831,0.4260717192615134,0.07571715640648108,0.08959188015669964,0.05317443452237285
195,0.043930285058453436,0.07143199184317711,0.1348557158886319,0.15485973314681295,0.5310400862888284,0.06388218777409645
196,0.6340932077490251,0.17647105614396064,0.06117792417653349,0.04038904726079982,0.042520440750825346,0.04534832391885545
197,0.7256130801906029,0.08950183879739591,0.05656953893747162,0.037988906633503565,0.04110967861091742,0.049216956830108904
198,0.06760552771818573,0.13541759737323186,0.531625002354201,0.07780099018429382,0.13200613346851883,0.05554474890156842
199,0.6627911135528457,0.15430851034928586,0.05348113975133973,0.03725604689749912,0.04067107308758901,0.051492116361440826
200,0.1157737444305779,0.59937836443555,0.0861173421278609,0.06454258722616248,0.07176804715551248,0.06241991462433612
201,0.659546240475511,0.1593474740007865,0.05378587897839246,0.03479099981374237,0.039113243440823425,0.05341616329074399
202,0.19749276283355185,0.27280557085107937,0.05758860205137947,0.045954955919598736,0.0634843917563258,0.36267371658806485
203,0.7344041300277255,0.07059717109052777,0.0661148574848678,0.04018802737755327,0.042532485913512656,0.04616332810581273
204,0.7030605133395973,0.11423084938778552,0.05749656353284173,0.03700034074533689,0.04008490410744594,0.0481268288869927
205,0.1822514117597901,0.2492595549223474,0.060689472669837576,0.04505081247926592,0.06212159098640525,0.40062715718235364
206,0.07198162365023084,0.1554688452553545,0.5419335101964705,0.07536318251957881,0.10138367152978513,0.053869166848580285
207,0.18650039968172086,0.23092440712062748,0.06308954356510268,0.0499819305936998,0.0728826030069656,0.39662111603188355
208,0.07048233090194486,0.1649304660566468,0.5299455160979873,0.07202329278573731,0.10837796301191815,0.05424043114576535
209,0.09340570668891572,0.6693085464045642,0.0720594827514686,0.049431830415290694,0.054763920286399675,0.061030513453361405
210,0.12526064353005023,0.19598049473883347,0.4701338879477485,0.07145071163399969,0.08570229692985087,0.05147196521951665
211,0.26590326911300416,0.5004178219270284,0.07978760492392534,0.05398973615294173,0.053822632719490476,0.046078935163610044
212,0.14596418239650594,0.18587573652575537,0.06835478320959316,0.05222974082328913,0.07627495226158126,0.47130060478327496
213,0.6748674567345722,0.1265257476267908,0.06022942915282228,0.043071048412095275,0.04662482202110669,0.04868149605261302
214,0.057073700945253485,0.09703974911078442,0.15626468507009134,0.2456650220046005,0.3811265692847009,0.06283027358456955
215,0.2695628042738392,0.5058008740169557,0.07079203570833247,0.0466772902587996,0.050328050884907174,0.05683894485716617
216,0.1162811435568736,0.19219554813336764,0.060527836216822596,0.048110527469416325,0.06702217525180605,0.5158627693717135
217,0.13484367600933894,0.6046139089922146,0.09689454575770336,0.049544300996088385,0.05750334549594016,0.05660022274871464
218,0.14554914389702042,0.25906089540727983,0.0634149793494744,0.04683527308096871,0.06566948388538645,0.4194702243798702
219,0.1115572177704556,0.2175969814804053,0.06459806654929674,0.05195309795789405,0.07158487509932368,0.4827097611426247
220,0.7384892608483286,0.08051652308350721,0.05881300232905679,0.03578972680363386,0.03904603881526083,0.04734544812021292
221,0.05433408618349837,0.09163242584748761,0.16425873709152453,0.24900067690507338,0.38090383768482966,0.05987023628758627
222,0.0404757874328974,0.06279269058783188,0.0874429356194781,0.5690796366833708,0.19920845557404343,0.041000494102378444
223,0.11073557507301317,0.18741828890170686,0.4534564744668389,0.0759907779759632,0.1077900162927942,0.06460886728968411
224,0.32908345319293875,0.47676394308875164,0.05791182888520467,0.04120582191650051,0.04441225671849956,0.05062269619810477
225,0.05014464266418172,0.08560860960714789,0.11667524564971994,0.30681426026697034,0.37399106818259703,0.06676617362938332
226,0.14102312930699515,0.262139031632954,0.06604798440130391,0.048018302930484424,0.06750239220835551,0.41526915951990684
227,0.06135088954947136,0.1019627647443454,0.20043067626464742,0.26057451865548437,0.30877415764047134,0.06690699314558043
228,0.06511925781552909,0.6697562798809963,0.0827591492533154,0.05695775010247749,0.06483123286721833,0.06057633008046357
229,0.2543672912778272,0.22218270301895574,0.05500104389761753,0.04385004028434089,0.058930333824267184,0.3656685876969913
230,0.06798061104957102,0.15574740683438873,0.5453709366650653,0.06915838734323407,0.10676258597091272,0.05498007213682781
231,0.1260778591977568,0.21277250158351987,0.05916517616186723,0.047814322583120766,0.0654714093884676,0.48869873108526757
232,0.6635101513859889,0.14423763967070277,0.06422305558995761,0.038228992697116604,0.042200649533517064,0.04759951112271716
233,0.05623374485067274,0.10061080715704376,0.1340047538049678,0.19703879581678757,0.4452884563336837,0.06682344203684472
234,0.07261009995268264,0.1710838297925339,0.4870771111788447,0.09243502454303926,0.12910194338503547,0.0476919911478641
235,0.18277665447667665,0.5901702223561976,0.07122700877301179,0.048611551671348535,0.05239776262653445,0.054816800096230835
236,0.03819830789113175,0.05890593113866954,0.08894429152518986,0.5097040093256616,0.2639598103385201,0.040287649780827564
237,0.744696866303216,0.08088003557331731,0.05466350942236931,0.035512712150567026,0.038718315626309896,0.04552856092422053
238,0.1597034491301202,0.2527565880933507,0.06510331492108898,0.04839551458615858,0.0664902307145804,0.407550902554701
239,0.17637647219878813,0.2579104873376448,0.06235532085006547,0.05122315145811896,0.0737535064354672,0.3783810617199153
240,0.6182733005184542,0.19122827883574078,0.05505034524316595,0.038324754707559895,0.04217651350985482,0.05494680718522418
241,0.73050448913365,0.08401429734478463,0.05813620681485741,0.03597714293785901,0.039704230452276376,0.05166363331657286
242,0.19261005648429697,0.5433758222687539,0.07827519258054545,0.05793860127096594,0.06444441863008678,0.06335590876535091
243,0.11322855537059356,0.20313554491600586,0.43592378373493346,0.07469663965432198,0.10859288924256284,0.06442258708158233
244,0.05093478226612072,0.08782896473189228,0.11462462209680145,0.2410522604953611,0.45113532238762066,0.05442404802220348
245,0.04661254568560095,0.07507283062170504,0.11111663841935462,0.3129385924739252,0.4118763533855846,0.04238303941382962
246,0.0457350989039473,0.07378644028820194,0.10991412625388666,0.5088472152269611,0.21262252787974137,0.04909459144726142
247,0.7247683838365461,0.09140806361207483,0.05909561713813327,0.038430520968753434,0.041208995567358055,0.04508841887713445
248,0.1111673920444375,0.6459637181225596,0.07977429821718632,0.051020433076334165,0.05702021635487105,0.05505394218461094
249,0.07023373106686229,0.1185211515223791,0.19764292246378568,0.15396077535839897,0.38293302320870853,0.07670839637986512
250,0.051593000330789986,0.08569638639821675,0.12620393664656232,0.18412814994067336,0.49291619265242576,0.05946233403133203
251,0.09209074781324418,0.18623927075417357,0.48124441682116154,0.08053756465951183,0.101389143766751,0.05849885618515786
252,0.049639311731249185,0.08722161548349336,0.1310599319183167,0.3020173913696904,0.38187085113882285,0.048190898358427804
253,0.05979055448816062,0.09941132075714777,0.16409109663783272,0.15144066184669214,0.4563014351653423,0.06896493110482443
254,0.055015641249104894,0.09340566915896979,0.1478530114892375,0.302543716446158,0.3416258401847365,0.05955612147179288
255,0.22541139368100271,0.1245594631116028,0.37740290959236655,0.0947956623165028,0.11092676726779359,0.06690380403073158
256,0.06613145932528447,0.15033945926582162,0.5386458469853852,0.07553725689102432,0.1162322688439889,0.05311370868849545
257,0.7199253882075373,0.08286002447613919,0.06608379544652579,0.04141306688623971,0.043898218719648635,0.04581950626390918
258,0.07861047830243426,0.6764560304910775,0.07329511012881787,0.050554131282707616,0.05646075157156175,0.06462349822340105
259,0.6195325739245843,0.18834723761154665,0.05571043956218998,0.03740239844956271,0.0415936621153259,0.05741368833679015
260,0.04453483274672747,0.07717741611309277,0.09341912235243408,0.4678766631945465,0.2683686779384012,0.048623287654798286
261,0.2925551028770229,0.401604901188649,0.09851918640154805,0.0713604132249167,0.0792108824386272,0.056749513869236066
262,0.14058090227613332,0.1766658934185586,0.05714292238797395,0.04615939617726762,0.06467501071857537,0.5147758750214906
263,0.6900669811542074,0.12350873133643701,0.055199763961051175,0.038107619562922676,0.04180395639566054,0.05131294758972121
264,0.19175575000561662,0.22231973280676548,0.05629806170391027,0.04608637488314168,0.06443479504573801,0.4191052855548276
265,0.04472204172477274,0.07234601547885598,0.10241913035098521,0.42726541669134255,0.30083501715144434,0.05241237860259931
266,0.08381794843982308,0.16871865036566966,0.49888163748499187,0.07211899348218033,0.11380081377359938,0.06266195645373573
267,0.1145219855550306,0.23015326124571736,0.08984913538878095,0.05940507689545592,0.08754865212797243,0.4185218887870428
268,0.1317378564054118,0.6043819388608112,0.0847909916966273,0.05060688946289736,0.05876135866399085,0.0697209649102613
269,0.05558176997799778,0.09538381989690982,0.1443290688818251,0.18162670374538709,0.45674161153269077,0.0663370259651894
270,0.1661943184533615,0.27780370490747347,0.06486027217533646,0.04572568590862555,0.0614608072064473,0.383955211348756
271,0.04998165065882866,0.08132932114959057,0.1075271351130227,0.4822983913148989,0.23403545211981314,0.044828049643846055
272,0.08914658569319549,0.19608040788465128,0.48577466520339624,0.07738093417018926,0.09473401911828744,0.056883387930280235
273,0.05451795809099498,0.092398755380773,0.14288547691508463,0.1738037482798402,0.47565331032515973,0.060740751008147555
274,0.051426080837533146,0.08878293160218255,0.12372321860420289,0.17741064103510149,0.49086071642734913,0.06779641149363053
275,0.043223113421309155,0.07012042074717223,0.10204215804362006,0.2617993523452884,0.469309902480552,0.05350505296205794
276,0.0642848566303783,0.11453005363691209,0.22847843254409858,0.3069138033846374,0.2325683272218347,0.05322452658213881
277,0.7150528083816983,0.092661971123666,0.05888943742075165,0.03709648080472686,0.041788724624083354,0.05451057764507359
278,0.04066731462204436,0.06392925629510043,0.11580136949652457,0.22085734496867113,0.5099201176848687,0.04882459693279119
279,0.045291671259067315,0.07199486938407292,0.10925829426222965,0.4702622448793179,0.2647428950265452,0.038450025188767396
280,0.03981068590206364,0.0633148816173254,0.09607978567192053,0.3825346575197717,0.38133669172047296,0.03692329756844559
281,0.052731795322622434,0.0906542852726404,0.1313224729781003,0.47882388743737825,0.1878810256365117,0.05858653335274692
282,0.038414679680225036,0.06213118063029325,0.08763275458931293,0.4776874620733915,0.2923759210870134,0.04175800193976374
283,0.07333741131743222,0.1633162099084442,0.5126089409802174,0.07585759984567601,0.12027933886138818,0.054600499086841656
284,0.0775516811050077,0.6818020185514942,0.07123936490410934,0.0464778790684717,0.05366583535162253,0.06926322101929411
285,0.2103656941811188,0.5480122835528216,0.0784971076215724,0.05217912818138823,0.05760849187947943,0.053337294583619445
286,0.04828482002170381,0.08072800689403395,0.10058734781025788,0.514005466638467,0.20603806557369386,0.050356293061843305
287,0.1055143228489309,0.19814117846141463,0.4589927977353318,0.08024732210277082,0.09854472630154813,0.05855965255000412
288,0.051265616760764965,0.08814435487257045,0.12010376215831076,0.37564462945371563,0.314119557150572,0.05072207960406614
289,0.23061545197466904,0.5590758103095022,0.06253142740349008,0.04315066505198483,0.04827998599758991,0.05634665926276384
290,0.08107675526063982,0.1731465908870223,0.49230055765575825,0.07390582366827395,0.11799797510748819,0.061572297420817615
291,0.1905535349200156,0.5801767512231282,0.07145063054125986,0.0483142685338047,0.05286138452028527,0.056643430261505964
292,0.13373509073332232,0.6309279848513553,0.07752958388173405,0.04690733664159926,0.052568280846606044,0.05833172304538293
293,0.23072072537132376,0.12227220762354996,0.4113890087254973,0.08258428010532076,0.09501008999325496,0.05802368818105365
294,0.04774240880705411,0.08120286237058866,0.116988790986572,0.20322626645837902,0.4952937678877474,0.055545903489658766
295,0.7489029672899269,0.07494809878930447,0.053856724157100806,0.03566406531168289,0.03886051929157418,0.04776762516041054
296,0.2833447267338962,0.09824428318358965,0.3353230034933854,0.1047759572906495,0.1064331444113726,0.07187888488710664
297,0.14964214200527723,0.21030720942984604,0.3642749446253803,0.08726694489898841,0.11636336056573857,0.07214539847476938
298,0.041926450316149194,0.06706965288158417,0.08916380596436235,0.5197889997927174,0.2383204127296194,0.043730678315567394
299,0.042891367687866506,0.07322215986235917,0.0964667328801687,0.3572226338751107,0.3886956304388645,0.04150147525563007
300,0.09900130537751682,0.6222269446255815,0.09238102322740185,0.05815480220497808,0.06519666189144047,0.06303926267308159
301,0.12336417674576922,0.6347607115532731,0.07809230400038498,0.05107912783723915,0.05567106050764858,0.05703261935568534
302,0.23693401992086016,0.2577099942650198,0.06180011476690251,0.04299317721618501,0.058599509038600194,0.3419631847924321
303,0.3030936627314605,0.2410967832526142,0.06286154477237135,0.04383486419694862,0.05918401803236658,0.28992912701423873
304,0.33589091344964084,0.42130806526084297,0.07909541269436601,0.056579602407571976,0.06049355005772809,0.046632456129849696
305,0.14299179073094898,0.1944934792826006,0.05926803460977888,0.04718351824617014,0.0676283531980397,0.4884348239324615
306,0.6460742166281026,0.16173194570011437,0.056983818879563504,0.03826134114958016,0.042711404232237175,0.05423727341040238
307,0.32054911345052584,0.471984645969826,0.06468396280882092,0.04297653713793901,0.04814535252391536,0.051660388108973
308,0.32026945848016336,0.45247466161883076,0.06597684859469664,0.047293259930023736,0.05291112154727996,0.06107464982900578
309,0.5458162114362335,0.23388197207859013,0.08478888619858208,0.04106396156975472,0.04722768894432098,0.047221279772518554
310,0.18954179238763622,0.5835089944334902,0.07155788359460526,0.04805945267291104,0.05239243036150254,0.05493944654985451
311,0.05692536192581808,0.09949190788039686,0.13199668793670483,0.48488702704137393,0.16866675018918517,0.05803226502652117
312,0.653355511036483,0.16227491204489902,0.05489245982867337,0.037441873064427734,0.04077128769861941,0.05126395632689753
313,0.19723926559268617,0.4381366311807523,0.15504216144805041,0.06337788850522513,0.07773339700475944,0.06847065626852618
314,0.07300860110265112,0.15427270308661908,0.5066907969613101,0.07558332953120667,0.1308721510161387,0.05957241830207377
315,0.05105031104065385,0.08783841197920901,0.11562443706524629,0.17352164286199098,0.513157405742569,0.05880779131033052
316,0.15770606793141678,0.2435578588810088,0.06363080090004046,0.04555044745747765,0.06367370427469951,0.42588112055535693
317,0.72739630818787,0.09308344626121494,0.05489648228748607,0.035019001514767986,0.03850293306282208,0.05110182868583884
318,0.15880886300024533,0.1881148276507897,0.05536328739144611,0.04660407441608518,0.06412387832145829,0.48698506921997525
319,0.1595206754320799,0.26077039289265574,0.06245569079450417,0.04797251088486238,0.06547733725184872,0.4038033927440487
320,0.14410481231254307,0.192472186712381,0.07045119242328071,0.05199101260559673,0.0729722947046007,0.46800850124159804
321,0.673302539321868,0.1385234519646975,0.05571529962787137,0.03665425124911766,0.04112962540091124,0.05467483243553477
322,0.7381773334296851,0.07437795459173946,0.05807209205372284,0.03669530705931091,0.040882762234077094,0.05179455063146449
323,0.11901965385171841,0.6291608549134375,0.08123136687592787,0.053181063981031895,0.05952962861941365,0.0578774317584706
324,0.12529012981043502,0.20768892247584425,0.06900040273724249,0.05530797067150438,0.08231924165471714,0.4603933326502566
325,0.08840880073900104,0.16809942522867616,0.44272898438306285,0.09260535463170624,0.1414524692689956,0.0667049657485584
