,proba_0,proba_1,proba_2,proba_3,proba_4,proba_5
0,0.0006200903760910353,0.008670172297302915,0.028468826866344096,0.005383026085174478,0.0042269397637457965,0.9526309446113417
1,0.001824250239161476,0.01620372339521721,0.02381034602284676,0.0016001012103375103,0.005580843601555294,0.9509807355308818
2,0.009680953388339493,0.004087091404336131,0.7588190240105974,0.0021683774827625686,0.008060084650321677,0.21718446906364264
3,9.613731939555448e-08,0.00016986324743743588,0.004197729198656949,0.450799681714141,0.5326275914778028,0.01220503822464247
4,0.00722818372188061,0.00021934713403595985,0.9795926623366903,0.0016182342597750063,0.001953199882396067,0.009388372665222005
5,0.022055410790109618,0.10111142633448657,0.00048551317028609184,0.0003925299755967393,0.007925962969455688,0.8680291567600653
6,1.254699676888826e-07,0.001090604166168543,0.0026596313255245647,0.8627940589390933,0.1315371616172123,0.0019184184820336175
7,0.001104482028116529,0.00015517021897887672,0.9008739934768767,0.0029074532636055744,0.002945554454305718,0.0920133465581166
8,0.012903163911781635,0.02500958808809183,0.003172509536993176,0.0004115184540016769,0.00894599506434723,0.9495572249447845
9,8.19462053259994e-08,3.7606388103298e-06,0.0043146629615431874,0.09456451587763498,0.8949869853028483,0.006129993272957844
10,0.9557948444297205,0.023177194522135406,0.019825002306619766,1.861963082466702e-05,0.0005942680523572047,0.0005900710583423328
11,0.007871562177773524,0.0003223786949674749,0.9449492227838174,0.0015319778853905462,0.00499637810342314,0.0403284803546279
12,0.05899650548060721,0.9087950104198786,0.0009217696627250111,0.00016717809053608306,0.0012566861156305936,0.0298628502306227
13,0.006257930808426712,0.0008787355938475814,0.9402972691585106,0.0025529783119858296,0.002217000555118906,0.04779608557211041
14,0.1332249440584155,0.8517256961304476,0.005416271251409667,0.00014186639156487366,0.00323548183721276,0.0062557403309497755
15,1.2311712800295029e-07,0.010290724819223065,0.0071656275640630636,0.8505640261810796,0.09519723589395489,0.036782262424551376
16,0.0023644401884572543,0.00011305112826128342,0.9742870607233044,0.001534083414472162,0.002914432846154692,0.01878693169935018
17,3.680478129542974e-08,0.0016379341037684565,0.01823095534322064,0.9734712274311023,0.004904377784012858,0.0017554685331146148
18,0.33572466320296107,0.653713703980583,0.0035811082392033324,6.951821391756642e-05,0.001130406268633714,0.005780600094701257
19,0.9571334822236391,0.02024971173334371,0.020684039548721868,1.8975576909443595e-05,0.0008042729754772769,0.0011095179419086227
20,0.9565140699622244,0.031092638330698214,0.011049264748829182,1.7095491784462747e-05,0.0004951457809096858,0.0008317856855539786
21,0.0017402413094061782,0.0015327162371659836,0.006208538746309528,0.0012237921502652397,0.015027080342876734,0.9742676312139763
22,0.30924147911414773,0.6721382533664663,0.005834289413892979,8.3632650830736e-05,0.0011790232617470502,0.011523322192915127
23,1.5665335367162958e-07,0.22524693716891045,0.012758592418482593,0.683401869417599,0.010903026673475907,0.0676894176681785
24,0.8748415053204831,0.1182512501154178,0.00569760120287363,1.1925813145066318e-05,0.0003343804542277885,0.0008633370938526186
25,8.143930909254126e-08,2.172216023870523e-05,0.002083205781388433,0.2858740649959109,0.7080471121413784,0.0039738134817745435
26,0.8887755402528819,0.09237940002776945,0.0176001396236692,1.8962537189341867e-05,0.0004719489797318575,0.0007540085787582484
27,5.390798499754615e-08,0.001402733489791482,0.004120449720323227,0.8699037577180211,0.11318347241573948,0.011389532748139803
28,0.0007438204851307064,0.004267062250709039,0.014582034490820123,0.0029867406066369263,0.004954097969779775,0.9724662441969235
29,1.8737861560834288e-07,0.009533548080652486,0.0006203169609929895,0.9135031978702958,0.07173163927951282,0.004611110429930269
30,0.0016233938589526476,0.0007109965506291169,0.2711883292042424,0.001215498443246651,0.007225859045122738,0.7180359228978064
31,0.009935066206582242,0.005826414227536395,0.002218365716555179,0.0006082912568916463,0.016479399988103983,0.9649324626043305
32,1.0077656938903015e-07,0.053826090497272716,0.002257215711080246,0.9362887973750638,0.0033341660234493383,0.004293629616564429
33,8.81573664152834e-08,5.514031340487984e-06,0.009348277559714596,0.004164070336045811,0.9694890921186882,0.016992957796844576
34,0.6114201500513842,0.3642213076170132,0.013662102271916415,0.00011927346260018862,0.003669883816099363,0.006907282780986796
35,0.0009507273597454098,0.00014386195185231462,0.8421810851995262,0.012200833661172921,0.001602398219023988,0.14292109360867922
36,0.008581245577951776,0.08486938443660033,0.002087813080238399,0.0005624017559151663,0.005323200068479178,0.8985759550808151
37,0.050197299478712244,0.9085953915803154,0.002462049117656564,0.00021936885987620188,0.0016670413302714202,0.03685884963316824
38,1.8436473852082187e-07,0.0158097044195802,0.011185886891310434,0.6402534486177672,0.23183309269089386,0.10091768301570984
39,0.012995435800625845,0.03475243685849195,0.0017175761685873654,0.0004454021488716784,0.010971333676383008,0.9391178153470401
40,0.20789716809135925,0.7706404172580108,0.007240748498946632,0.0001287077389548912,0.0015389967867234977,0.012553961626004877
41,0.0006707359733851267,0.0019938733392648087,0.06613458246755777,0.003081015789594973,0.010721198578625517,0.917398593851572
42,7.171291144673374e-08,0.020513457306467923,0.008598723901365162,0.9454031337933898,0.0026463159456782434,0.022838297340187528
43,0.00933767579734207,0.00020640951864964323,0.8766510087487676,0.006854931456375679,0.0009564723865611045,0.10599350209230393
44,0.003671853009974079,0.02577578774956465,0.001210342581796015,0.001015790766206245,0.009884558043131734,0.9584416678493273
45,0.943756361849854,0.044359838501562915,0.01028325748283382,1.6668117124957672e-05,0.0003817801049934736,0.0012020939436309544
46,5.333905918634205e-08,0.0021242112043644407,0.0037132219513531578,0.45713669256156725,0.5124178023836793,0.024608018559976647
47,5.049139389548851e-08,0.0012795246730037792,0.006690071298609083,0.43390500872302923,0.5396826020937279,0.01844274272023628
48,0.5985943363050931,0.39149504373038313,0.00012821609427277964,1.553210965734699e-05,0.00025206295381978303,0.00951480880677388
49,8.928445783126539e-08,0.012981577236385228,0.0030155182995850634,0.9200418559224091,0.046284318029448566,0.01767664122771431
50,0.047095496830539436,0.9308548248328844,0.005167530481514713,0.00023035545864872147,0.0015182898621983153,0.015133502534214437
51,0.8684961210250811,0.11252054479796737,0.016198131160832022,2.717350820847585e-05,0.0013247702464099273,0.001433259261501075
52,0.009187857308292283,0.0001580466103146837,0.956530683395035,0.0021722855931607618,0.005501227185598587,0.02644989990759886
53,0.0008255445759449591,0.00010800037921378915,0.9050547303478608,0.0033798886743461945,0.003364568936300803,0.08726726708633362
54,0.005347876769252427,0.0049082674889305246,0.006911549905770707,0.0008095984344706874,0.01279972773930355,0.9692229796622721
55,0.005202090137974112,0.010943575152878296,0.015761568982570598,0.001380351573586129,0.004974676114834324,0.9617377380381565
56,1.0158504217238731e-07,2.9059007800245053e-05,0.0032466991027343146,0.0523498285797119,0.9399030708317649,0.0044712408929463605
57,0.0005941422182339489,0.0002051857251291247,0.7606513545922045,0.0037798934987895785,0.0034217282048311054,0.23134769576081182
58,0.0020916499624838085,0.00020611281590970047,0.9627966944326621,0.0035035279829364217,0.0023805876938215007,0.02902142711218644
59,0.0016994981980434569,0.0006474167096793259,0.9363833777404243,0.002747114239990086,0.0030519508784804137,0.05547064223338243
60,1.2752695938737242e-07,0.0024446504033243184,0.0024163025711850593,0.6522808175236503,0.33514433523874243,0.007713766736138554
61,9.200538833205272e-08,0.010566870076704829,0.002000026620272932,0.6369229914661771,0.32563624585473505,0.02487377397672175
62,0.29654356376285906,0.6807537631639766,0.015413379038338188,0.00010402926914540291,0.0015657001190514878,0.005619564646629173
63,0.4859042359161973,0.46065381348896667,0.04543755509746621,0.0001660833024672199,0.0027651961853961352,0.005073116009506621
64,9.299144295338456e-08,0.04225030614538839,0.003839997724646867,0.9062520867773435,0.034838289115242824,0.012819227245935438
65,1.476208435990114e-07,0.007247007791266314,0.007671324507063228,0.2179557585720639,0.6047157621301277,0.16240999937863532
66,0.07212868768933088,0.905394485527812,0.0014279742785258348,0.00015007244268041702,0.0013045264391039638,0.01959425362254696
67,7.512689926310941e-08,3.4022961393233686e-05,0.004321286097300043,0.3827170249344828,0.6122154602280158,0.0007121306519088554
68,2.1833404537778229e-07,9.964471889961119e-06,0.0028005244760503155,0.008987956679305825,0.9851639879312944,0.0030373481074141727
69,0.2131082789701545,0.7492313157572819,0.016243539625128086,0.00023227273475992172,0.00473217340362299,0.01645241950905268
70,0.0005304662013643831,0.0036976335910850967,0.012574961364796352,0.006638966631193897,0.0033820759374191853,0.973175896274141
71,1.0174392230490772e-07,0.00842112807500767,0.010492591428419717,0.7583003544945804,0.15772638715333706,0.06505943710473275
72,0.004261219344657366,0.0012180203600775964,0.8499764969300287,0.0012703271339163864,0.00393182418093978,0.13934211205038016
73,0.10357174618655356,0.8460294647782419,0.02177684418610085,0.0002440625671753173,0.0044708790113802575,0.023907003270548188
74,0.15530009019885013,0.8343105303459344,0.0044999710483538125,8.193131999958552e-05,0.001820080943954313,0.003987396142907832
75,5.692372815408936e-08,7.157650355398771e-05,0.009251827665825553,0.20803664908168512,0.7768769892798437,0.005762900545363449
76,0.9269932376157919,0.0646967069819968,0.006629771129528833,1.8459084439390278e-05,0.0003488243328730732,0.001313000855370251
77,6.20407860546145e-08,0.00015502486472194062,0.0035694210522852795,0.12601956065804903,0.8611408879139008,0.00911504347025691
78,0.5479434126737435,0.4470263814458061,8.017566352943428e-05,1.0700731637956998e-05,0.0001820754864321397,0.004757253998850968
79,0.021673871587300095,0.9054127601927393,0.0031807661239778105,0.0002900436208030626,0.002318327129491015,0.06712423134568886
80,0.8083909237391453,0.1867381563566538,0.0006602127890505732,1.8822631448921275e-05,0.00033461689001215944,0.0038572675936891683
81,0.9608389691939343,0.02477984848268528,0.013142993556633925,1.82058298714451e-05,0.0004737577968716216,0.0007462251400034499
82,0.7979496368984004,0.1908240126337129,0.007733739809001465,1.7068521920779134e-05,0.0008587268127043567,0.0026168153242597395
83,0.9510022308085747,0.0288325811345539,0.018211777996014377,1.6658224221363172e-05,0.0004830357634420588,0.0014537160731935546
84,0.012085866501638285,0.008816118485549277,0.001013797965597707,0.0004996533437639774,0.011945789227666074,0.9656387744757847
85,0.9369497167309713,0.0499299619416182,0.01193190712835893,3.511701513228312e-05,0.00048389602536986755,0.0006694011585495083
86,7.624674961565331e-08,0.00026820099578703384,0.00769224116346965,0.4248127912651891,0.5604551616207548,0.006771528708049687
87,0.0024232266533319034,0.0009362171813733992,0.11157517701682278,0.0015070451091871882,0.010740007878238644,0.8728183261610462
88,0.19411147254752392,0.7856342638528567,0.0009720386524918903,8.397687764903839e-05,0.001449342371724974,0.017748905697753364
89,1.0766091501852825e-07,0.007035742654360872,0.002324200289858954,0.7734557575306193,0.20657691508501586,0.010607276779229867
90,0.6408865311988178,0.3487657570424758,0.005474364744116953,4.516405138840689e-05,0.0010968297206745386,0.003731353242526563
91,7.340212043820484e-08,0.006107591788503942,0.012694205807293147,0.18109888511775332,0.6775526875696022,0.12254655631472698
92,6.53706726061497e-08,0.018761770229824493,0.005968375246524645,0.9346582863830308,0.03307580766934178,0.007535695100605677
93,1.5809971873111522e-07,0.1519589658643475,0.0025490436033478742,0.7817713226818648,0.03190740983245949,0.03181309991826163
94,0.9391380334347291,0.04255127814463437,0.017219362566281555,1.8083574924505636e-05,0.00036695305076753877,0.000706289228662699
95,0.007167746133014372,0.02366369224463429,0.8590291660622155,0.002270028862358846,0.009300948426347495,0.09856841827142945
96,0.17183031097638493,0.8189828018316216,0.003838842611195709,9.331731546002136e-05,0.002169127240893876,0.003085600024443793
97,0.17051299291526695,0.8087927735063379,0.010039097513446373,0.00012034219711432411,0.001497473475732957,0.009037320392101459
98,0.01914791838867954,0.00043527231104836946,0.9422981993984637,0.0011563016804161436,0.005920895682739401,0.031041412538653022
99,1.2601370620389494e-07,0.0016767058458646983,0.012741015586679274,0.28165935977802614,0.6961136157810889,0.007809176994634803
100,1.1652574181515282e-07,0.004703935315769718,0.0073105893132465495,0.9601319283123589,0.021813664382677206,0.00603976615020585
101,0.00044147813217165223,0.00016876317058423171,0.5940916425092697,0.01397091741543775,0.003597207623322783,0.38772999114921386
102,0.3771114040347501,0.600337351590878,0.011271928325493117,0.00021806471114720413,0.0012167074700724875,0.009844543867659098
103,0.0017535608799752675,0.004427628091317426,0.03170789367520603,0.003316899132809359,0.0029630314335841105,0.9558309867871079
104,0.0011817943847263652,0.00028424650433988825,0.9650903598237512,0.002328657252442075,0.0033330190960327447,0.02778192293870766
105,0.003358599854470423,0.00012674223899920983,0.979099428549563,0.001744400340283645,0.0021592317716075875,0.01351159724507609
106,0.0009767384535830648,0.00013578579157708497,0.9788557425091131,0.0033130273491477906,0.00262639839415139,0.014092307502427539
107,0.0018719341210619211,9.475118279648749e-05,0.912865533308714,0.0025515093523417105,0.004483139743483246,0.07813313229160254
108,0.9031043848167075,0.06826310461884474,0.025854838720507832,2.5228728847433683e-05,0.0011962227696139254,0.0015562203454787531
109,2.1999228837023084e-07,0.011819588004635688,0.0017859246892533616,0.7207044801189122,0.25497985214809027,0.010709935046820145
110,0.006178586447557633,0.14799592823495628,0.0007619371482287422,0.0007281948819196151,0.003307744336191807,0.8410276089511459
111,0.0014119953960733604,0.001257146133003377,0.8842598546926091,0.002555690298365574,0.003840699847864549,0.10667461363208401
112,0.0007322690857182537,0.010234784248302844,0.04968915699536194,0.0022198374366185244,0.0077667541094122985,0.9293571981245862
113,1.3279940385388817e-07,0.05494086024498684,0.007353134107655336,0.748999965606195,0.12660679445225734,0.06209911278950183
114,0.03560889910547401,0.944084366624421,0.0027033491071366553,0.0001479155224547799,0.004692313421089872,0.012763156219423744
115,0.21478120035641163,0.7721561985447419,0.0021205545772866913,8.120193212497097e-05,0.0012415512614968307,0.009619293327937917
116,2.468935167408624e-08,6.219457951789113e-05,0.01078703618456219,0.39891549879284044,0.5831212410718024,0.007114004681925434
117,0.004111622451171855,7.434506360280554e-05,0.9741773238825244,0.002289540603544254,0.002631515297666439,0.016715652701490155
118,0.4112447882639994,0.5811605294977955,0.001969942802789663,5.911602962321029e-05,0.0007438681675185874,0.004821755238273437
119,1.4055724719091718e-07,9.8523414623798e-06,0.006083995593218227,0.0012699656654555113,0.988096593495363,0.004539452347253715
120,0.0005665921527833692,0.000130611922884412,0.9503788324252915,0.013852812722049197,0.0021815660320329074,0.032889584744958615
121,8.216403235509136e-08,0.00014875284245453272,0.003274036306516809,0.14678830545306204,0.8404356805841646,0.009353142649769655
122,3.211820299058754e-07,0.004018855413077093,0.001655543471289001,0.07051742216067292,0.8600417921342837,0.06376606563864738
123,0.0017984249723287324,3.83261466451228e-05,0.9626396115577508,0.0030427491239712052,0.0020552274594180815,0.030425660739886135
124,0.9504766084272683,0.018016177507579997,0.0302461708781942,2.6869642067668784e-05,0.0006166019524954608,0.0006175715923943842
125,0.8315718372569703,0.1647233059239559,0.0018675032272401947,1.234585496590779e-05,0.00032375686476515745,0.0015012508721027006
126,0.15530009019885013,0.8343105303459344,0.0044999710483538125,8.193131999958552e-05,0.001820080943954313,0.003987396142907832
127,0.4143966332237163,0.5154598644265882,0.0406051019225916,0.00030020253149992394,0.014408038757565966,0.014830159138037962
128,0.15146166677711181,0.8304852307374084,0.009921914059556995,0.00010067881702332996,0.0029018310789952757,0.0051286785299043906
129,0.08131974950707475,0.890124498540536,0.011094567141418382,0.0001997984529214585,0.0019239277748239812,0.015337458583225487
130,6.365672378430662e-08,0.0004767511855681586,0.0058216596502301855,0.24104317761204463,0.7491692789768765,0.003489068918556824
131,0.06459359551125163,0.9205366485993021,0.005181510125779671,0.00015680436496426492,0.002319143151631549,0.007212298247070854
132,2.1353803264809943e-06,0.0013887250391778632,0.0006472190287193508,0.11869878615127903,0.8750490344576753,0.004214099942822005
133,0.15736841652091946,0.8265384825758082,0.001279333171650924,7.094730513752078e-05,0.001756217872229175,0.012986602554255025
134,0.9317648684009135,0.05169105812458308,0.013663150988200647,5.218757024679104e-05,0.001679762676432085,0.001148972239623802
135,0.9664128562874763,0.025197596956817912,0.0061908396286438055,1.9202683369183286e-05,0.0005217910336380753,0.0016577134100547006
136,0.7826292169853566,0.20556577563525563,0.005733799248109054,3.4498425742389796e-05,0.001580968325924105,0.004455741379612131
137,0.002269290683104257,0.04076697827486286,0.006767962052877124,0.001344230081153257,0.005802771537965567,0.9430487673700368
138,0.2437101270556611,0.7440012295826234,0.00018168185582004645,4.316713598635313e-05,0.0014649599234115096,0.010598834446497743
139,7.988164681354457e-08,0.00017651646691997349,0.008226184845725069,0.6812309682609793,0.3097301375634153,0.0006361129813134481
140,0.0028565538931000856,0.0028479187613925146,0.05205983592918037,0.0013163112632841477,0.010891798288148341,0.9300275818648945
141,0.9392341657107836,0.052100348686276284,0.006751698684217267,1.7089485542693415e-05,0.00044611147577894116,0.0014505859574012552
142,0.7926566784279907,0.2002871984948739,0.004467809438409649,2.3084627328986834e-05,0.0002680894895351494,0.0022971395218614535
143,0.9171505866132207,0.01965345009229039,0.06214222810806167,3.696220861754093e-05,0.000612154337285971,0.0004046186405237677
144,0.9480740557123901,0.04763265971135225,0.0025009335235433882,1.4063313711844172e-05,0.0005096036253105323,0.001268684113691796
145,9.599070244608142e-08,6.378548305403323e-05,0.002582765559059035,0.1905800753551851,0.8060563575389689,0.0007169200730305206
146,0.001418060651818277,0.00035905041572885734,0.8269979172519157,0.0038606171244557974,0.0025012083614791595,0.16486314619460213
147,9.156395236126517e-08,0.0024781915118937603,0.002712377420210222,0.9462417240661686,0.04447578663704081,0.004091828800734184
148,0.0010453474362773938,0.000555735787069887,0.1475502445211881,0.0017001240611810655,0.006336831683140437,0.8428117165111432
149,0.007497313672572344,0.01700389337998006,0.020371247378225165,0.0008863017484287943,0.0074458242519119065,0.9467954195688818
150,1.1456300976725967e-07,6.757766121482263e-06,0.0017295326052995847,0.0011193335224963011,0.9881564094244067,0.00898785211866616
151,0.9400046276047637,0.04339860599139421,0.014439979092371904,1.8152623690545964e-05,0.0007289251723142324,0.0014097095154653474
152,1.276006031714958e-07,0.001316489573578878,0.0014120706748707512,0.055331435677047146,0.9324232517448316,0.009516624729068317
153,0.93437141554496,0.053113367320610935,0.010487671402935831,1.866836772264849e-05,0.0006182973227809324,0.0013905800409898521
154,0.9231783088247018,0.04113343615392667,0.03417263412394364,1.8240779846834304e-05,0.0007534927065751329,0.0007438874110061649
155,0.9383648619930189,0.017329444007252174,0.04246361432712954,2.1992360862945973e-05,0.0007944656718822003,0.0010256216398542488
156,0.0009756464205623517,5.2007172579389566e-05,0.9522442940078717,0.0031400475663619174,0.0058885206928750555,0.03769948413974955
157,0.001988850447148667,0.001350957588991112,0.06596246282449159,0.0020971818094116714,0.007058491022209744,0.9215420563077473
158,0.009525538005996691,0.023734518919329272,0.7840190589276973,0.0013886414837288043,0.006314760066387661,0.17501748259686029
159,0.11414581611404498,0.867570998604423,0.0022625663581058693,0.0001487390694892608,0.0010054105745642967,0.014866469279372614
160,0.004461295772026013,0.004635673222175418,0.028006397434595057,0.0015407809640951122,0.006699179486719005,0.9546566731203894
161,2.186175000574423e-07,2.9540191728355244e-06,0.005036829406743391,0.0007570981427237649,0.9934053753076272,0.00079752450623268
162,2.143512006885564e-07,0.02320339650952146,0.015629630946814924,0.7719558086771044,0.07323607479276224,0.1159748747225963
163,7.41796501048019e-08,0.00022392976591516003,0.002213170326520366,0.5986075407847535,0.39679133414919904,0.0021639507939618203
164,0.003095319224387235,0.04148672623492977,0.0016748655659503218,0.0009904471423754216,0.0076024981625608294,0.9451501436697964
165,0.9361217472906026,0.05484862297513917,0.007688155885223304,1.8070893206706503e-05,0.0005997357341476587,0.0007236672216806309
166,0.3888192793612328,0.5945538002953045,0.0006676099787415761,5.031148716915143e-05,0.0023840816995234176,0.013524917178028582
167,0.0021017810998904076,0.0002618128244496866,0.9677552411907477,0.0032809733587474254,0.0019496072607283297,0.02465058426543641
168,0.014971579898228757,0.03071722404454719,0.6591147216364719,0.0038398532037913474,0.013675454834820628,0.2776811663821402
169,0.0015936967601470338,0.0036614375307965296,0.3568289424835791,0.0022498742930350158,0.004383873594202567,0.6312821753382398
170,0.9571601619591104,0.03329528811480801,0.007191831355397759,2.4944677144132274e-05,0.0004936652422658982,0.0018341086512738386
171,7.188157906929815e-08,1.8714849063104739e-06,0.008811694967941012,0.008181194108195376,0.9789781359560182,0.004027031601359826
172,0.0004708882684922678,0.0011368314601333032,0.06699461022885671,0.005696366446444698,0.010463451139696624,0.9152378524563765
173,0.9499533505524889,0.02845533676286021,0.018713656107335178,2.373008050618862e-05,0.0007599302110727435,0.002093996285736794
174,0.025179440183138762,0.02937366944034819,0.24501115449787234,0.002348849180293651,0.012068415106675095,0.686018471591672
175,0.004603736525480166,0.0011094421177853698,0.9017150584620158,0.0017613866879845565,0.0028293224147778124,0.08798105379195634
176,0.005718285073777828,0.07347896018874737,0.0023594556610695245,0.000536482402314842,0.007467573827477286,0.9104392428466132
177,0.0032147619631295622,0.009983970021685678,0.0020899059632721174,0.0007865733797422684,0.009365009420470449,0.9745597792517
178,0.006477339782084821,0.10835280063169415,0.0017198417341913216,0.0005570114204007515,0.0065707771171534726,0.8763222293144755
179,0.0012184788942999822,4.999875947886914e-05,0.9467586701289008,0.0026102941122077314,0.0033425176339842346,0.04602004047112841
180,0.009644859751611981,0.029360319230534008,0.004529403098195722,0.0012629439862794343,0.004068719013703487,0.9511337549196753
181,0.004646176591108276,0.044646873742092495,0.0015039256312712498,0.0011046196997234615,0.00662874094943521,0.9414696633863693
182,1.469379360639193e-07,9.167606230634424e-05,0.00407460098311041,0.1051646453873596,0.8880284241513291,0.0026405064779585147
183,1.124412489084128e-07,3.3438585965148996e-05,0.006109972291500877,0.005976673483082285,0.9820287416171894,0.00585106158101334
184,0.017860387883549107,0.0015358136651115533,0.7684174001681019,0.0017225160062446674,0.007029070190699929,0.20343481208629277
185,0.015241113532821312,0.042405288793051985,0.0017636734613095165,0.0004069917603552586,0.008366284098792474,0.9318166483536694
186,3.3788757844489656e-08,0.0028575660213834295,0.017736129801737974,0.6795004189470665,0.24885195458445244,0.051053896856601846
187,0.027117952009658927,0.9351655323375311,0.003930961107456424,0.00025938730288951824,0.001988293275029934,0.03153787396743421
188,0.007145406607981487,0.021345973844467736,0.0028199071464900713,0.0010174939152712327,0.0047501907147573215,0.9629210277710322
189,6.035581658455543e-08,0.005784601703383654,0.004159581881602927,0.967003202546584,0.013061263391231223,0.009991290121381736
190,0.0009507273597454098,0.00014386195185231462,0.8421810851995262,0.012200833661172921,0.001602398219023988,0.14292109360867922
191,5.333905918634205e-08,0.0021242112043644407,0.0037132219513531578,0.45713669256156725,0.5124178023836793,0.024608018559976647
192,6.492885497954208e-08,4.925973297472697e-05,0.005826122106078378,0.0402545792583811,0.9449774497067556,0.00889252426695541
193,0.9348029469161818,0.033350452227949544,0.03126476056672505,1.3733497974188978e-05,0.00042394066579762985,0.00014416612537171511
194,0.008606679324380872,0.00010456344955596326,0.9787138902296011,0.0009522257698706696,0.0031695346780169628,0.008453106548574323
195,3.309353931814565e-07,4.380263402548591e-05,0.0010146195298642627,0.003409704119796266,0.9902288935559702,0.005302649224950699
196,0.9532684991586405,0.02723880010107033,0.01721324789844046,1.6474632166351054e-05,0.00072913144540303,0.0015338467642792856
197,0.9303897508230764,0.040454930565574844,0.026929962701465433,2.4420524154797795e-05,0.0007405621421259219,0.0014603732436027023
198,0.0009507273597454098,0.00014386195185231462,0.8421810851995262,0.012200833661172921,0.001602398219023988,0.14292109360867922
199,0.9370532132321572,0.0234935152542441,0.03403170843262888,2.5949798172388228e-05,0.0022671253413584017,0.0031284879414390423
200,0.16739112016232108,0.8096380175040341,9.326370525591808e-05,8.750341527507501e-05,0.0011081470859084987,0.021681948127205284
201,0.880625254627927,0.11370699405699883,0.00372495112707216,1.3066886017088997e-05,0.00039078287544115734,0.0015389504265438303
202,0.004339153032792636,0.008359449668729063,0.004330350354030848,0.001038731890338717,0.008082054888324695,0.973850260165784
203,0.8920061446522147,0.021794090333255144,0.08504627032551342,1.9209740405369402e-05,0.0006217224800634483,0.0005125624685480101
204,0.9507983807054453,0.020949983913059644,0.026643651792473317,2.3493596323577584e-05,0.0005385908397303196,0.001045899152967655
205,0.0067198173099499575,0.009528592594647271,0.008373592425483542,0.00107192113507529,0.006018169848142662,0.9682879066867013
206,0.00039239811103323005,0.00013029286155854776,0.651167479923807,0.00448692985700902,0.002843815960628167,0.3409790832859642
207,0.005950697796828965,0.09437372036511209,0.001490812243857167,0.0007025185490092679,0.00782407193096791,0.8896581791142245
208,0.000990081455769935,0.00027357865138018955,0.9283827019156826,0.002670338019380458,0.0037379279646671615,0.06394537199311981
209,0.18812884595724316,0.7811136707828666,0.015306689880628756,0.00014404151378749275,0.0030361045901368513,0.012270647275337028
210,0.004142532558273015,0.0006370747206079851,0.9497892623128159,0.002383372136312374,0.0029674162197597395,0.040080342052231
211,0.7253049441547349,0.24570906106385992,0.010610083609589519,8.358521996347648e-05,0.0026657979801487847,0.01562652797170351
212,0.002579171861965647,0.055297806184309774,0.007872796092651296,0.0014264907772146165,0.005894586787674701,0.926929148296184
213,0.9576968902539043,0.03331911985195238,0.006440395967279398,2.2790174494019688e-05,0.000718528418169121,0.0018022753342008405
214,2.1496053374527784e-07,0.008474407374298346,0.004117262898461866,0.11038924714113124,0.8604574096762159,0.016561457949358885
215,0.36858306253006345,0.6001752548977816,0.01603048885693663,0.0001844790014004992,0.0017527199884564634,0.013273994725361473
216,0.010955636981077717,0.0061771137573290585,0.010309336517128074,0.000775023636820315,0.015331196308866424,0.9564516927987784
217,0.0849674811087235,0.9022287485934828,0.001874756927584068,0.00010239858613491936,0.0018994360455263544,0.008927178738548513
218,0.010220336678726377,0.013365297534049365,0.0018622151114882982,0.00045578707389255964,0.012040990934277533,0.9620553726675659
219,0.002170568305808325,0.0006936422196685525,0.06121315965047028,0.002061148773486945,0.007936945341413907,0.9259245357091519
220,0.9407988778851918,0.02804853882374713,0.029932951108514728,1.878191039140879e-05,0.000474797012515354,0.0007260532596394769
221,1.2048179836333917e-07,0.0904010425479311,0.04118585282225838,0.6319538331121436,0.1554556296940508,0.08100352134181779
222,6.040355392427828e-08,0.018024697277269637,0.0036451602551196005,0.9449081752946648,0.02423369154480938,0.009188215224582678
223,0.0057888928840354684,0.000442750964734565,0.9594347491010716,0.0011086527495645351,0.0037465277207546868,0.029478426579839047
224,0.5284463730665676,0.46504990078950664,0.0015251817383926819,3.212524018517283e-05,0.000766539611627924,0.004179879553720026
225,1.216839613094393e-07,0.0024421173808633835,0.005402430630686846,0.74855795278298,0.23599904264541652,0.007598334876091913
226,0.004302469110821654,0.002674876197031307,0.0690020162267909,0.0011035264535193367,0.011178943036336155,0.9117381689755006
227,6.027952421649532e-08,4.829097750548009e-05,0.004565637922855331,0.004849740925628707,0.9716895408377882,0.018846729056698104
228,0.05511476846201865,0.922810881138452,0.003259511043075869,0.0001584627514598096,0.0025204095089939368,0.01613596709599976
229,0.0008877070613703593,0.005522689482228613,0.06742365686705808,0.002472390313907906,0.010144289323499535,0.9135492669519355
230,0.0009344091792879566,0.00012354106706877042,0.884629970748485,0.0032139091403263725,0.003429694558511455,0.10766847530632027
231,0.0020125230219662305,0.002204264651151573,0.019987570607335105,0.0008439641494512623,0.0115987421748767,0.9633529353952192
232,0.8166377805158374,0.16829826394795133,0.013116082882412288,3.015146971765073e-05,0.0005349506373557581,0.0013827705467256328
233,1.203781468231558e-07,0.09487804824734508,0.001933481561537619,0.8877970005676145,0.007408175392090465,0.007983173853265616
234,0.0007085516342547168,0.0008629709520266744,0.6720307679821781,0.004465548989601416,0.0027238241011990965,0.31920833634074014
235,0.2573580351445567,0.6891651382928315,0.03936151486520063,0.0002371141189550017,0.002955890038383251,0.010922307540072907
236,6.015065392581633e-08,0.0653206824258719,0.0037061884848770834,0.9179171592300759,0.004137608808326287,0.00891830090019481
237,0.9195840276473665,0.07127247024108274,0.007898784545933237,1.2259760263556529e-05,0.00038711018082882704,0.0008453476245253781
238,0.0017453168547881164,0.0005907314444287334,0.24659860081943166,0.0018409882425785874,0.005223673388257993,0.7440006892505149
239,0.0053708057211247695,0.08682595025058673,0.0003601097949498589,0.0006044119357379063,0.0077487089861005345,0.8990900133115002
240,0.9374227541190316,0.055590305457528064,0.0037078214445302746,1.3279412425153534e-05,0.0006997476639113394,0.0025660919025735037
241,0.9129152492779025,0.08223681102199365,0.003819686537178281,1.4068308172698203e-05,0.000296818855495691,0.0007173659992572055
242,0.09770570375403992,0.8765811145750657,0.0003438447291015177,0.00011880038780511879,0.0015436000589620393,0.02370693649502558
243,0.02760428653718672,0.07387591144161497,0.8311261336085226,0.0023077787507647727,0.01444236095995184,0.0506435287019591
244,5.333905918634205e-08,0.0021242112043644407,0.0037132219513531578,0.45713669256156725,0.5124178023836793,0.024608018559976647
245,6.365672378430662e-08,0.0004767511855681586,0.0058216596502301855,0.24104317761204463,0.7491692789768765,0.003489068918556824
246,3.849741050217726e-08,0.0005041490856514294,0.006310148238224407,0.5960012203868904,0.37247565798216625,0.02470878580965699
247,0.9218392814353897,0.05618640279768593,0.02025874182203888,1.8819477656427012e-05,0.0005392459192177698,0.0011575085480113017
248,0.3373898449378022,0.6570183744037842,0.00040764755640529117,4.485360446065856e-05,0.0008033346036426934,0.0043359448939050225
249,1.3225465939333452e-07,2.639192574805856e-06,0.01031936925943703,0.0011696847800771466,0.9651146983072197,0.023393476206031834
250,6.793372997810779e-08,2.9595908528072216e-05,0.002079976929743361,0.11247880990720907,0.8798413255686575,0.0055702237521320815
251,0.0025804978938919927,6.644412172700577e-05,0.9418032404541141,0.0019137692929942283,0.002792346828499957,0.05084370140877272
252,7.06664822896664e-08,0.0038342990107366735,0.005594559242912404,0.7658891947443862,0.21936721231337317,0.005314664022109232
253,1.5073732815924813e-07,0.0022706027379662294,0.0014175004254245486,0.12792624818893392,0.8527749595598995,0.015610538350447708
254,2.4144954115512525e-07,0.0028412999423186353,0.002422543076161803,0.0839092345879207,0.9056974683805893,0.005129212563468506
255,0.0013715343759413683,0.00034866151681509213,0.7162740388606311,0.002527233799432863,0.0041167633058523416,0.2753617681413272
256,0.0021914189639424303,0.0002314154766248774,0.9277204761402714,0.0025974676934114324,0.0025571155606851736,0.06470210616506457
257,0.8824603648105479,0.013779247916863609,0.10254789008702467,3.0141999802514228e-05,0.0008585979754147854,0.00032375721034650664
258,0.24481576201489472,0.7418947396530385,0.00031642117236826175,5.577712109892967e-05,0.0007431079919501024,0.012174192046649537
259,0.9394381254970219,0.04972092341337494,0.007594499173423869,2.3949389134154757e-05,0.0006856764754107206,0.002536826051634355
260,7.665501861804882e-08,0.001770571903265306,0.005179692673945817,0.24076939044521736,0.7258086314986193,0.02647163682393367
261,0.017674388411826173,0.9522705867598092,0.009333602721435373,0.0004330849677791594,0.0022106558498196207,0.01807768128933046
262,0.0033822370495319937,0.0038379608030164516,0.010236722870503185,0.0009924744777980732,0.009612355479148965,0.9719382493200014
263,0.9497884370382628,0.03013673735774261,0.0176268972808577,1.8682904202709934e-05,0.0008930610741403667,0.0015361843447939067
264,0.007181855568048634,0.05320042628033445,0.001482561514407705,0.0006628324322512027,0.007659485722946291,0.9298128384820118
265,3.550438608510567e-08,0.004241467428104738,0.006298441736665331,0.9547559670492083,0.022847110041594343,0.011856978240041186
266,0.005088962171397571,0.012946991733096746,0.9476914218160635,0.000993874215139698,0.005341238506085692,0.027937511558216943
267,0.03794838783456403,0.04547917033342785,0.007486035500747659,0.00039825037281840105,0.016218904898163054,0.8924692510602791
268,0.1794870231886846,0.7937707840863465,0.0036146071936489113,0.0001699709104028098,0.0021297832002433086,0.0208278314206739
269,1.8819370956888093e-07,0.003032058623653763,0.0009991380721427134,0.5469864424525551,0.44201858663118465,0.006963586026754197
270,0.00105365708901207,0.0011427941597221803,0.12981103712049252,0.0031543753601628237,0.005165909783505576,0.8596722264871048
271,7.336433606230013e-08,0.019550886566173188,0.006834226563610334,0.9615879969651135,0.007356007090351076,0.004670809450415744
272,0.000991406949154984,3.6363385257235934e-05,0.9038504907526204,0.002480533013815818,0.004724542900051178,0.08791666299910049
273,9.82094864172618e-08,2.8040466898765754e-06,0.0018400377225738544,0.0901846079237861,0.9056035152435786,0.0023689368538850875
274,1.8737861560834288e-07,0.009533548080652486,0.0006203169609929895,0.9135031978702958,0.07173163927951282,0.004611110429930269
275,7.24452757465947e-08,3.4346162588440215e-05,0.0029610892385243384,0.430485742439678,0.5615275877103015,0.004991162003631964
276,2.924012475701335e-07,0.0997480249790503,0.08525799471324592,0.6118687490496135,0.0009218935800549361,0.20220304527678776
277,0.9379629655806812,0.04370116520509989,0.017231257285748838,1.6993228561790887e-05,0.00043691239140299977,0.0006507063085053717
278,9.255527369462501e-08,2.3384720023275206e-05,0.0030202200422338706,0.0017788853699106343,0.9832817310325722,0.011895686279986457
279,7.872965251277928e-08,0.005577483544612059,0.010104474796708186,0.7007112023766765,0.23659279448247705,0.04701396606987373
280,1.1674454475054433e-07,0.0051408655068327725,0.005748995181750462,0.12618672160238364,0.7966052963021413,0.06631800466234702
281,5.0886413702605974e-08,0.0007362469477189923,0.009499070704540986,0.45344566479367787,0.47053362323253745,0.06578534343511087
282,7.858492870174986e-08,0.022189743138283338,0.0032324887585063497,0.8203441101857136,0.1241245804787224,0.030108998853845617
283,0.0035075315030219166,0.0004367306129672229,0.9373579427733476,0.0018665713235421623,0.0024705154557082437,0.05436070833141288
284,0.32952122307060105,0.6611370506544478,0.0006578482558556603,4.4494818095706614e-05,0.0007941724773986335,0.007845210723601117
285,0.129239656962181,0.8599112818279946,0.0016821682014559554,7.819611692703265e-05,0.0016109863913378805,0.0074777105001035855
286,4.4383996316006196e-08,0.013274567128373025,0.006648739057807979,0.9023506629515876,0.06701162822355831,0.010714358254676667
287,0.002087592203837347,0.00010969612359047703,0.917753293718815,0.0020350738544796534,0.003922396925412343,0.07409194717386512
288,1.3639764580935635e-07,0.014573134084509387,0.006307690117118923,0.7858134813321613,0.1900093385331771,0.0032962195353874995
289,0.4068717021867234,0.5715841462773523,0.014818007233070784,7.98246466131738e-05,0.0017512594057308333,0.004895060250509697
290,0.004600697037534437,0.00028198351838927554,0.9813802470307486,0.000986840310243586,0.0036104008457581117,0.009139831257325946
291,0.13552595281305957,0.8179399989203588,0.028942148088569427,0.0002504890462692943,0.005746309490436114,0.011595101641306782
292,0.13969891871079326,0.8389815950986016,0.0074520897918818815,0.00012024364957719071,0.0013806753782657963,0.012366477370880124
293,0.003964062503804375,0.0004217385583368867,0.9543568950211958,0.0018816923924435628,0.00245564570240131,0.036919965821817995
294,1.6182458061584456e-07,0.0002046641340370959,0.0007327837022534015,0.23772610057931604,0.7511391514677784,0.010197138292034514
295,0.9365607206801356,0.033852145163018564,0.02790141044491062,1.8638505246021236e-05,0.000712127243446677,0.0009549579632424111
296,0.0011253580527234009,0.0011354609737129872,0.7114054501848868,0.0030314254851712577,0.003251523651472532,0.280050781652033
297,0.004373024403259155,0.013550921999239324,0.5216412073119544,0.002738401854662164,0.009534494495409435,0.44816194993547553
298,9.814391530834223e-08,0.016864198246483813,0.00474793131229888,0.9402461687015693,0.03049306429915649,0.007648539296576261
299,4.02299921754748e-08,0.0009155142531575986,0.003299706810800385,0.23236232966507286,0.7435373076591262,0.019885101381850883
300,0.03456534220526205,0.9278779518347766,0.0017327722270461636,0.00018216561310449873,0.0016478046750463596,0.03399396344476428
301,0.12716705193240846,0.8296718219583263,0.02548660673102277,0.00021513740481141202,0.0023581513873260993,0.015101230586105066
302,0.00415707731104723,0.016803955528649193,0.0019446636057803863,0.0013904941203433802,0.0062844691347792424,0.9694193402994006
303,0.0020162413973067693,0.007708194469907615,0.020613167542051992,0.0030163581490001362,0.004056068388569916,0.9625899700531636
304,0.45105476929734517,0.4933910722989178,0.03449736651685452,0.00030062633570327395,0.00914861358792465,0.011607551963254352
305,0.003283747562891427,0.006980835696891296,0.011564166084619734,0.0008234186001907195,0.010803966343369963,0.9665438657120369
306,0.8040790599976515,0.19243519747367063,0.0022498175987375473,1.7142783652684475e-05,0.00044609653890151076,0.0007726856073863846
307,0.3461352649949932,0.6481146198408876,0.0024100858124085985,4.7641458108495894e-05,0.001173991397246518,0.002118396496355639
308,0.5851497901799995,0.40775795617294247,0.001735295194743012,9.017968363400432e-05,0.0024674324722946247,0.0027993462963866573
309,0.69542503577136,0.18934054271763928,0.10867211846580063,0.00015820054433956753,0.0031632291443833053,0.0032408733564771182
