,proba_0,proba_1,proba_2,proba_3,proba_4,proba_5
0,0.0005890044885292523,0.008189976183392613,0.027127112506365774,0.005659416116196426,0.019743926174370343,0.9386905645311456
1,0.0015955547815121344,0.005382485231804417,0.02720074589708027,0.0017505747951744245,0.008215073793485477,0.9558555655009433
2,0.00688376848097984,0.024459155346049685,0.38042246879695185,0.0014110979839179574,0.003946527269981039,0.5828769821221197
3,4.046639987516063e-06,8.677267467069871e-07,0.0033861034685362143,0.4001743376592572,0.5953129170359228,0.0011217274695494975
4,0.005981929020373214,0.002141895622869107,0.914104924573388,0.0018193499394686952,0.001998865970814725,0.07395303487308624
5,0.014696938092214808,0.005236165024012916,0.001865023989032359,0.00042090805006903865,0.003232381037449455,0.9745485838072214
6,3.2027844393958575e-06,0.00012669860841754615,0.004088914873434786,0.8860055107376904,0.10575614496665585,0.004019528029361812
7,0.001232824409359626,0.004084715014861978,0.9359327976248312,0.0029472065931469464,0.0032553226450285897,0.05254713371277177
8,0.008092451441025402,0.008730201574006375,0.005550288732965271,0.0004025456253168351,0.004952770085225132,0.972271742541461
9,3.7131347679666413e-06,1.7929474586863042e-08,0.0028505458379339856,0.09846841999806578,0.8981734689589698,0.0005038341407880045
10,0.9106888903030687,0.06998597115746,0.017555003460016264,2.2149092703825787e-05,0.0004577244051098063,0.0012902615816415793
11,0.007934683379408253,0.006509511110048758,0.7692131957306857,0.0016261206320873358,0.004089911751115997,0.21062657739665394
12,0.06634250697998442,0.9206324118649771,0.0012714381542299066,0.00021078635159901037,0.0021614457011763693,0.009381410948033141
13,0.006405860290417462,0.016565356497998156,0.6821642578849918,0.003140706304755956,0.0020284434445977245,0.28969537557723873
14,0.09791469187427479,0.893528303916072,0.002553506357973526,0.00011881110022930792,0.002880383849401918,0.0030043029020485035
15,1.3987427013874524e-06,0.0017801838984955578,0.008424237611460982,0.8460519513757516,0.10034323849346015,0.043398989878130255
16,0.0030723675575058504,0.004142946773946187,0.8618962437850639,0.0017116568596549423,0.002735118150610373,0.12644166687321878
17,6.085781325427164e-07,0.0018007667771744716,0.026920036454487276,0.9584130233077693,0.002952584353188954,0.009912980529247576
18,0.3318654621793776,0.6568585697759775,0.0027329737230323407,7.68727198206896e-05,0.000911931770334899,0.0075541898314570605
19,0.9473269767606509,0.033890742949589256,0.016786986385983013,2.2665643034635963e-05,0.0007731207885980536,0.0011995074721440604
20,0.915641730484134,0.07435728883126415,0.008469293907716544,2.0681322409248483e-05,0.0005498835422872268,0.0009611219121889228
21,0.0011392537162639542,0.003280429070607225,0.014170162989574627,0.0012684087412076148,0.007236421556328949,0.9729053239260176
22,0.3250926332815597,0.6582273514586535,0.005861067544187946,0.00011308094144225936,0.0014327362710634197,0.009273130503093013
23,2.2805495182059568e-06,0.06285359949832692,0.017382429980746645,0.6407115151940532,0.005856951273079653,0.2731932235042753
24,0.9067578727440361,0.0835954171715982,0.00820239149569727,1.5812043670940183e-05,0.00027769222109125155,0.0011508143239064264
25,2.1143548545513024e-06,2.4833536437427334e-07,0.0015871665052254072,0.327886349552777,0.6692054372242825,0.001318684027496151
26,0.9178029823091411,0.06238941696415303,0.018732022584238874,2.4841937953923604e-05,0.0004776834320372823,0.0005730527724757877
27,8.663275411600792e-07,0.00024219235486980185,0.005536610526313756,0.8901587818324259,0.087913860798314,0.01614768816053548
28,0.0006899512728483812,0.008766357532500536,0.018491057383695983,0.0029386231996060695,0.007776588714736708,0.9613374218966123
29,3.659890824659904e-06,0.0005228392463648718,0.0010792392512820937,0.9223434833326141,0.07170407357354525,0.004346704705368956
30,0.0017951692792064404,0.0015047859855897162,0.14618336640358814,0.0015399574247942493,0.013467993620290667,0.8355087272865308
31,0.005062324551320721,0.002150195437037695,0.0062020281634813015,0.000648659937769486,0.0066854296451693655,0.9792513622652215
32,9.485965840073408e-07,0.08909069853881774,0.005247166536581294,0.8421677439053511,0.0013836804032085937,0.06210976201945742
33,7.121082305289885e-06,7.3707250158236395e-09,0.0046977202524870745,0.00526693595558479,0.988738270871986,0.0012899444669119697
34,0.6044027026969551,0.3742283510512952,0.014827116662155727,0.00012032651080509284,0.002965944684309805,0.003455558394479152
35,0.000926348164568966,0.007393688412015571,0.8881339176661835,0.012349221397004617,0.002098908571030976,0.08909791578919629
36,0.005569902959644811,0.02949814274273469,0.004003660819348443,0.0005802149641055534,0.004288344678674586,0.9560597338354919
37,0.05286765407325267,0.9234397143887447,0.0015608226035523374,0.000247969351122471,0.0025596855474269713,0.0193241540359008
38,4.175628938526172e-06,0.0005330012541715225,0.012389995766615789,0.6540056586001503,0.21972180450780238,0.11334536424232156
39,0.007264231437331107,0.0025726211662399382,0.004558633699897675,0.00045491519411209035,0.005822028178357964,0.9793275703240613
40,0.19220025763888116,0.7900041885843262,0.007063795050596191,0.00015277962641597705,0.0016176218287194206,0.008961357271061059
41,0.0006655496299641057,0.006327675997649375,0.06284243903169157,0.0030784095702717494,0.011751764263423252,0.9153341615070001
42,3.0584829891116394e-06,0.0009233487627107644,0.026271021958314458,0.9375117786373653,0.003488422299110664,0.03180236985950947
43,0.006053847099412491,0.001097577655755231,0.9062969803937891,0.0067270999928835925,0.0009886162608692092,0.07883587859729027
44,0.002999633375593489,0.0031318950669677647,0.0039545677446554675,0.0010644353484505703,0.006936078166219745,0.9819133902981129
45,0.9437982009663076,0.04361679782170418,0.01037506825129051,2.0739582210147124e-05,0.000320977270516461,0.0018682161079709811
46,2.968711145833295e-06,6.517483962851084e-06,0.0028225388566000312,0.40101119652787454,0.592063548348263,0.004093230072153788
47,1.393195087614237e-06,4.516786820134996e-05,0.007068308465774163,0.4142460255011686,0.5733001489308994,0.005338956038868746
48,0.9330686729376633,0.05500305768631181,0.00045910966669448746,3.119241864291322e-05,0.00043923961199718135,0.01099872767869054
49,1.0255687604728489e-06,0.006214913548710372,0.00552798009187679,0.9066064923021193,0.025878902930894277,0.055770685557638665
50,0.05507694163736964,0.9314305026703968,0.004674109169918384,0.00031023307832105015,0.0026411030877893826,0.005867110356204782
51,0.7573142430526429,0.22609464681973823,0.01431319696676214,3.1381701529256185e-05,0.0019496842053528887,0.0002968472539745711
52,0.007853128843650782,0.019265456455956637,0.7866590012747117,0.002015080284398018,0.0038748225050094687,0.18033251063627342
53,0.0010323147676149043,0.00262833554075978,0.9083197965450349,0.003691554534737532,0.003693480689925272,0.08063451792192752
54,0.003988156649303672,0.003743111042293917,0.011598090193641369,0.0008377145226810163,0.012001594464475763,0.9678313331276043
55,0.003970377263204355,0.03135636442236958,0.014511481843477437,0.0015801974676283592,0.0103398687893782,0.9382417102139421
56,9.792097369033911e-06,2.7876351320783434e-08,0.0031769140285479373,0.04675738757130325,0.9498201751121146,0.00023570331431377228
57,0.0006737432732272358,0.0024903541926960954,0.8759957565418522,0.004127069324390347,0.005069066429549269,0.11164401023828477
58,0.00207211565820203,0.013133012846806404,0.8787939163754439,0.0037575777518100767,0.0023346821208417947,0.09990869524689579
59,0.0017720026311741608,0.007374735708104221,0.9482307130812638,0.002572734733977234,0.0030333683286896933,0.03701644551679103
60,7.64393084059674e-06,1.1694199175157909e-05,0.0031836740209150996,0.634691056978522,0.3565766160220291,0.005529314848517962
61,1.2297392680706392e-06,0.004958039027631195,0.004649538437558784,0.7142226437905803,0.2413163948883586,0.03485215411660321
62,0.2307494263296331,0.7535894230035142,0.008471907365303191,9.779755576548893e-05,0.001160692465282684,0.00593075328050137
63,0.2533857322406255,0.7288821748348745,0.014044410768916998,0.00011432080593001724,0.0019892437406739114,0.0015841176089791
64,9.519842291457321e-07,0.04080904494408578,0.008284180563301867,0.8512878967013023,0.014075069430952644,0.08554285637612825
65,4.308599731835177e-06,8.413185188322483e-05,0.008513474817350231,0.21881913917451176,0.7191123921600084,0.053466553396514474
66,0.07284514124307306,0.9174695683246411,0.0014941750515928428,0.0001864317866111576,0.001996283283743911,0.006008400310337896
67,4.539913281763996e-06,2.3104950822278497e-07,0.003073498050378349,0.38218380603470253,0.6140560406059967,0.0006818843461324552
68,6.074570399017219e-06,4.970812449539684e-08,0.0016152707417442982,0.01229306331269453,0.9855465309414996,0.0005390107255380088
69,0.12356385742230219,0.8594911100738906,0.009649789684546778,0.0001869989286004631,0.005284939803678144,0.0018233040869820492
70,0.0005670110603661868,0.011135812739046166,0.014480613362547018,0.006968376938768792,0.01704917900689252,0.9497990068923793
71,1.2984173060331825e-06,0.0006735060229742911,0.009999533493567409,0.7751520198145921,0.16671646861925354,0.047457173632306615
72,0.004615072272063125,0.009207795958366436,0.500657920299204,0.0012958714145594715,0.003368825435714468,0.48085451462009243
73,0.08702082458114177,0.8783523699319081,0.015276056990254342,0.0002399982657119268,0.0033254803629720543,0.015785269868011834
74,0.16269154227115237,0.8267788265890672,0.004685492879952343,9.586325317363826e-05,0.0020173098011612533,0.0037309652054931183
75,5.807515239796202e-06,9.394669471620302e-08,0.006697083525559661,0.20409984913102247,0.7856836386884858,0.003513527192997645
76,0.8964183466261801,0.0938220339744095,0.007528772412494262,2.279887325259641e-05,0.0002867241227201011,0.0019213239909435396
77,4.9249808519345395e-06,2.0504455795278774e-07,0.0023670452840812406,0.11667384229918315,0.879476897908886,0.00147708448243963
78,0.8888146843579444,0.10148486450884645,0.0003540555860664542,2.2605676798967023e-05,0.00028975484879862007,0.009034035021545135
79,0.019057463510418003,0.8566887755944504,0.0024301523431056057,0.0002648679835209055,0.001227963677425707,0.12033077689107934
80,0.844893537696598,0.14971801189654896,0.0010640916292195405,2.51354597012404e-05,0.0004073465778205637,0.003891876740111484
81,0.9561475046091348,0.0287833547575024,0.012814931113431295,2.2383316055160236e-05,0.00038036210490999505,0.0018514640989663704
82,0.9189276629934298,0.06926403225545892,0.008951345050291198,2.462203265709928e-05,0.0010399681910183989,0.0017923694771445383
83,0.9422454648319145,0.0405471774207568,0.015594569110973,2.1010210333121526e-05,0.000551617047519458,0.0010401613785030682
84,0.010057158099290446,0.003963356483806251,0.003547980242627558,0.0005008187593966869,0.006393493744639931,0.9755371926702392
85,0.847809361549974,0.139969642161036,0.009684602753774528,3.966334221781154e-05,0.0003504885768378886,0.002146241616159487
86,6.3378541622987505e-06,1.1196556211506639e-07,0.0053601336607366715,0.4294053702017698,0.5615706124294133,0.0036574338883557517
87,0.002019233809482232,0.004705252613562271,0.06869419837564134,0.0016195724097004714,0.013764108826673664,0.9091976339649401
88,0.22115664860373266,0.7684325393155703,0.0012604863060704274,0.00011801060171391578,0.0024209373392316646,0.006611377833680896
89,1.5254758772363295e-06,0.0025813193318365867,0.004716333964287039,0.8587373819040784,0.09410486020825676,0.03985857911566404
90,0.6402438759229653,0.350566796288043,0.006477189322000352,5.4803639842979466e-05,0.0013136098448624414,0.0013437249822858604
91,6.104991215557357e-06,1.3498229252464514e-05,0.011043725190622881,0.15537935449167134,0.784220360490833,0.049336956606404865
92,6.452531097819434e-07,0.07090571703697653,0.01213517044913072,0.845004961479924,0.017499137053332368,0.05445436872752672
93,4.999209800448593e-06,0.004001055000608058,0.005869358730401465,0.8680483341973798,0.019063921332571822,0.10301233152923842
94,0.9169552666623598,0.0636355583507034,0.01736133500273043,2.211306342082591e-05,0.00026233598942291647,0.0017633909313625833
95,0.007101972568292365,0.10692869529239384,0.37345997741286474,0.001608835564031623,0.004008445192819344,0.5068920739695981
96,0.14928646653970615,0.8408478440227937,0.0024433018151691454,8.805780486500754e-05,0.0017862053307571644,0.005548124486708921
97,0.1496547273270461,0.8344879513769778,0.007684020073767933,0.0001343970368687214,0.0014819367661102016,0.006556967419229243
98,0.0141310434682454,0.020393492310733452,0.7875591224232708,0.0010920592952799928,0.0038729075136009483,0.17295137498886953
99,4.796431804166942e-06,9.983355791708882e-05,0.02253598169017948,0.32857372380461586,0.6385230203117646,0.01026264420371885
100,1.3515359293731757e-06,0.009192169146450956,0.016756683295036864,0.9294234219673763,0.016215087220741296,0.02841128683446519
101,0.00045559118104281744,0.002959443852886783,0.7792372251252124,0.01430655384899464,0.0057530888936571985,0.19728809709820602
102,0.2499521362006959,0.7404526532610062,0.0038606316267365795,0.0001697229883691479,0.0011931417458587406,0.004371714177333303
103,0.001844852597412797,0.015173257524470345,0.024424070784015102,0.004688252697141977,0.02825906012471776,0.925610506272242
104,0.0015021589306128118,0.00482494073156802,0.958549394682177,0.002321647503153329,0.003238514919245056,0.029563343233243666
105,0.003616190405092837,0.004692258564152971,0.9700624774783143,0.001812616422502646,0.0019170350836409525,0.01789942204629623
106,0.0012867009633936556,0.0031338475675813104,0.900667460190498,0.0035394367888909343,0.002878971419690899,0.08849358306994526
107,0.002028427670817142,0.006489995363903261,0.8054872445262828,0.002559427690449268,0.004287030284798899,0.17914787446374858
108,0.8922433065692706,0.08206928538699274,0.02347202213608704,2.9978750574637704e-05,0.0013773064937750246,0.0008081006632999405
109,3.7723210456558698e-06,0.002618393947388617,0.006379376686484257,0.8450548264331871,0.09483912355360397,0.05110450705829053
110,0.004344162912059948,0.08316290446915348,0.0019933312827015363,0.0007982227975412471,0.002513372688117905,0.9071880058504258
111,0.0017216217007924378,0.014799741234907657,0.8716592393882076,0.0026351686615881417,0.003788018027431403,0.10539621098707277
112,0.0007761199438197202,0.020692626715519885,0.037744852691932056,0.00242310971221644,0.014338805081721088,0.9240244858547908
113,2.2625238299794935e-06,0.0039856092185609005,0.011923862881806996,0.7543950226560971,0.08705352731013816,0.14263971540956683
114,0.05539028382357816,0.9195867774215604,0.0029156541286501293,0.0001709612701129501,0.0029291258042045197,0.019007197551893906
115,0.21709294454444755,0.7756202010414706,0.002590010112493725,9.857533725929717e-05,0.0016537633318497124,0.0029445056324791433
116,6.997632796161754e-07,3.4245883295464596e-06,0.006784531191286311,0.36909485349893095,0.6236757596251207,0.00044073133305294084
117,0.004554718444015788,0.008846547845612441,0.9238815795366142,0.002400815291586659,0.002114551447220217,0.05820178743495064
118,0.3973955815259617,0.5971913747651463,0.0023305757842735078,6.681455163105076e-05,0.0006542536382193333,0.0023613997347684715
119,2.968629557347419e-06,7.38668526187972e-07,0.007644479363352795,0.0014575767459751232,0.9905017298184049,0.0003925067741835754
120,0.0007963105428573051,0.006986159502440122,0.9399248722716458,0.013646944254587531,0.0020727908023796863,0.03657292262608952
121,3.2373267105650464e-06,5.367225583050274e-07,0.0020682372155951968,0.1347046060024217,0.8617360447085448,0.0014873380241694834
122,1.005266527301316e-05,7.609089690335477e-05,0.005744993851567946,0.07427354896416787,0.8781299625005935,0.04176535112149422
123,0.0019774898068326057,0.006983774383542195,0.8343905078300698,0.0032717422079311517,0.002184104772608933,0.15119238099901533
124,0.8434491746745231,0.13140556036647016,0.02252423948645618,2.943759509624839e-05,0.00039174477627236526,0.0021998431011821242
125,0.9251769612802181,0.06794721822434621,0.004320401670604771,1.7312594487136716e-05,0.00023300230359731146,0.0023051039267467065
126,0.16269154227115237,0.8267788265890672,0.004685492879952343,9.586325317363826e-05,0.0020173098011612533,0.0037309652054931183
127,0.2511730136770557,0.7069394253699647,0.014990694973924556,0.00017891772073564844,0.0045733154183229974,0.02214463283999632
128,0.226174509662744,0.7562236471897462,0.00932923887108402,0.00012142665105805645,0.003518160414439947,0.004633017210927817
129,0.06590011711394389,0.9190596824325818,0.00544933305559324,0.00020038392258340542,0.0018614264123806112,0.0075290570629170704
130,2.8942820384847182e-06,1.4030377282124846e-05,0.010082439315204068,0.20641638389568506,0.782569828804892,0.0009144233248981725
131,0.07067222922916874,0.9183964072400463,0.0037993219315573985,0.00017049855730975143,0.0018028499838199286,0.005158693058097866
132,3.790215276777042e-05,0.00047289989208378096,0.0031185509982013682,0.29993744990067317,0.6589068892406829,0.037526307815590965
133,0.19472168168860576,0.7935626672411397,0.0013860051771663016,9.714835665624181e-05,0.002347315415683837,0.007885182120748159
134,0.7167312140169361,0.2725290941537761,0.007888180070507745,4.944379137111436e-05,0.0012695228083741614,0.0015325451590347372
135,0.9694464835471058,0.020029680410231045,0.007067457592944829,2.3995788151483744e-05,0.0004090927370298395,0.003023289924536897
136,0.7811568829131829,0.20859374606356754,0.00691269294270578,4.439177683102645e-05,0.0021051852476021422,0.00118710105611077
137,0.0016564944232271782,0.029375975594580505,0.009105004113671957,0.001364595739211034,0.005099714093669155,0.9533982160356402
138,0.2761691998346878,0.7035467511990456,0.00028761208990036517,5.21119560202384e-05,0.0013900975438864678,0.01855422737645956
139,4.761246900864635e-06,7.947588234388228e-07,0.0034438117228244736,0.5734195100379569,0.4229802491203444,0.00015087311314986796
140,0.00242264559324834,0.006445664984824088,0.0393924713699979,0.0013866589218923383,0.01047806318392303,0.9398744959461143
141,0.917239064888376,0.07303216262553268,0.007506440749218715,2.10008402645375e-05,0.00038974397730190153,0.0018115869193061635
142,0.9551429233771493,0.03366795014968446,0.00916750631575177,3.3625534788354447e-05,0.0003119631415022699,0.001676031481123658
143,0.7572166555136174,0.20975645024858122,0.031934684267363685,3.88605674431872e-05,0.0006509758900051033,0.0004023735129894563
144,0.9374087021658237,0.058046917926775604,0.0028824750117737697,1.798631645673432e-05,0.0005951294924963054,0.001048789086673892
145,7.280317407801746e-06,2.555800866464511e-07,0.0025566059882237424,0.17431217590216,0.8228997662367855,0.00022391597533623307
146,0.0011737734753724462,0.007279099834992442,0.5578945672347605,0.0036747193686072085,0.0025629736852615026,0.4274148664010059
147,1.5179088478967723e-06,0.0002965772953133308,0.004508418594253158,0.9533238537543846,0.03631571666888103,0.0055539157783199905
148,0.0010764320690250667,0.004122201745899193,0.082437455159914,0.0018652638620843343,0.011789582407478745,0.8987090647555986
149,0.00483040665249024,0.0018341740392359314,0.02178425666033538,0.0009671433805310048,0.010324371047101042,0.9602596482203064
150,9.249365217305675e-06,8.366250005569019e-09,0.0010624207733007348,0.0014454379210483265,0.9970952408663128,0.0003876427078708768
151,0.9378014343847568,0.046745118137428945,0.013720704597957658,2.2618652028278862e-05,0.0006717217495030629,0.001038402478325198
152,7.845323332420195e-06,2.6069986390239774e-06,0.0010349872924484825,0.05000431591348775,0.9472126083008728,0.0017376361712195686
153,0.915717702079503,0.07350481254125073,0.00909942197128431,2.3067540578476606e-05,0.0006259378964498918,0.0010290579709336797
154,0.8972239864838851,0.07202492828426223,0.02932457501211493,2.2047067180848098e-05,0.0005744568979391126,0.0008300062546177292
155,0.9301014189164073,0.03862493836269561,0.029668411684580273,2.6756083642395438e-05,0.0007757771620234934,0.0008026977906508685
156,0.0010931176430576406,0.008185623772555328,0.818235738524503,0.0031558792119841437,0.00500727750300857,0.16432236334489123
157,0.0015548576616543817,0.004635939287939095,0.05117602488204737,0.002229097288354682,0.011543410393263877,0.9288606704867407
158,0.008895940253863938,0.019048880808421997,0.37695683940078767,0.0011576017824624803,0.004526206262305203,0.5894145314921586
159,0.11141527373300542,0.8765011909454933,0.0015224807059680977,0.0001669865360806731,0.0011847603192182438,0.009209307760234183
160,0.0033538302996438418,0.007938745252941862,0.024187174175574422,0.0017817645794576333,0.017373922444235242,0.945364563248147
161,1.132696186944561e-05,5.828159138837662e-08,0.012108466162709414,0.0006898273283944635,0.9870831939277226,0.00010712733771267269
162,5.3385849720187916e-06,0.00048300398600940365,0.01643437855170807,0.7375612098963048,0.056705335199422995,0.18881073378158283
163,4.589426055750015e-06,1.0846656225168832e-06,0.002255136756916052,0.6292902139919713,0.3661215311174337,0.0023274440420008053
164,0.0025637593897403083,0.017311798222462718,0.004299782675311721,0.0009639880203368989,0.005435778177323387,0.969424893514825
165,0.9310420356733173,0.0600791408550572,0.006904068683414437,2.2302933263997845e-05,0.0006319775286943658,0.0013204743262526988
166,0.4900417496485402,0.5006867823961705,0.0007218977082930793,6.943094602720634e-05,0.005097599354290396,0.0033825399466788047
167,0.0024801277938351976,0.029747157428282565,0.848032412440836,0.0036365917756650016,0.0017359901146103824,0.11436772044677085
168,0.0083411888942622,0.051000513138911865,0.2769314528177473,0.0017875120016929416,0.004177555323959219,0.6577617778234264
169,0.0013534282180207458,0.0003844729987267947,0.25776184307217376,0.0021501661860503906,0.004945941894285039,0.7334041476307432
170,0.9276253083379711,0.0629846158230155,0.006420563965362714,3.0184572784317177e-05,0.0005199913395525257,0.002419335961313775
171,1.2616767488886488e-05,2.7837401340397035e-10,0.003162914260037367,0.008862871943598293,0.9877709807624502,0.0001906159880512666
172,0.0004843475445917026,0.0019729164050196948,0.07157144450346764,0.005536215420436892,0.017432825071922103,0.9030022510545619
173,0.9249289831793287,0.0589588758355829,0.013599680680414783,2.8886480999781408e-05,0.0008665416941116427,0.001617032129562312
174,0.01162723866063867,0.03441965525377353,0.11014897425936744,0.0010403507352378847,0.0046611782348849875,0.8381026028560975
175,0.0039629342543403175,0.0022157192940238635,0.9349962484586701,0.0017917440105001846,0.0030923020323936072,0.05394105195007177
176,0.003960358126715104,0.03754959585436832,0.004256587447950595,0.0005555331401162579,0.004990524162522634,0.9486874012683271
177,0.0023403992647899074,0.0169791698896299,0.00461397303258358,0.0007551589173599251,0.005016182187692496,0.9702951167079442
178,0.0047838934836237565,0.03806163471696642,0.00330259471178877,0.0005625915887203552,0.004338800587514393,0.9489504849113862
179,0.0013136430101107124,0.003001988714497347,0.7788413533533496,0.0026523366053790554,0.0031793965172387754,0.21101128179942452
180,0.0071949586967167585,0.01646011592137291,0.006768139946780359,0.0014414918446898587,0.006818390606286687,0.9613169029841534
181,0.0029913253777342505,0.02591780786537123,0.003431273983964375,0.0012009505368030004,0.0074987203403574934,0.9589599218957696
182,6.716213188749265e-06,1.269974363525077e-07,0.002951350456073103,0.09787588821798678,0.8981996976469135,0.0009662204684013372
183,3.367561757217547e-06,3.2872716948600932e-06,0.012335920604671766,0.006092217833465058,0.9808567928095824,0.0007084139188286232
184,0.009826322864351145,0.013382119876334118,0.44933470162758526,0.0012491363097536605,0.004393123693298606,0.5218145956286773
185,0.009728340462079313,0.004551445851178377,0.0038556191582222645,0.0004236614452202625,0.005583559898544225,0.9758573731847556
186,2.2277893926224016e-06,5.465852320442875e-06,0.014343060973519112,0.651984358702154,0.3126531266515074,0.021011760031106465
187,0.031800971807925064,0.9465263250345577,0.003859186803035746,0.00031394036323523266,0.0026481739617564013,0.014851402029489914
188,0.0048831948983801814,0.016747850542982404,0.0052125901961758685,0.0010868484391369274,0.004976974224528383,0.9670925416987962
189,7.586489902110323e-07,0.0033166662979362527,0.007627867945891535,0.9466702455877853,0.009413654242942784,0.03297080727645374
190,0.000926348164568966,0.007393688412015571,0.8881339176661835,0.012349221397004617,0.002098908571030976,0.08909791578919629
191,2.968711145833295e-06,6.517483962851084e-06,0.0028225388566000312,0.40101119652787454,0.592063548348263,0.004093230072153788
192,1.4879492429828387e-06,4.257853986545946e-06,0.006758504871567293,0.037590616535503045,0.9540577361471556,0.00158739664254442
193,0.8632345307388337,0.10331591492605582,0.03279757131264955,1.5482370659634352e-05,0.0002979542343605292,0.00033854641744083283
194,0.006016918633766088,0.0006302334901955458,0.9855039781785316,0.0009566726496290604,0.0029560766698855257,0.003936120377992069
195,4.190789861355264e-06,7.662358247682886e-06,0.002763882412610933,0.003492384441273352,0.9924417370348447,0.0012901429631619037
196,0.9454030199347218,0.04040602903531555,0.012465459452577175,2.0667768041667273e-05,0.001062654420407975,0.0006421693889358208
197,0.9065313628612842,0.07468519011768142,0.01710687469864661,2.993391853936127e-05,0.0009463312343992551,0.0007003071694491076
198,0.000926348164568966,0.007393688412015571,0.8881339176661835,0.012349221397004617,0.002098908571030976,0.08909791578919629
199,0.9166416369958145,0.056676753504169765,0.02261986803162369,3.1895643103358393e-05,0.002387659994579627,0.001642185830709062
200,0.16224792873367463,0.8185903644280008,0.000127106091110621,0.0001075690910420869,0.0014646370832293095,0.01746239457294262
201,0.9206710776494906,0.0718886850627127,0.006101370566300287,1.7496053117634355e-05,0.00044711574787864377,0.0008742549205000907
202,0.003463327404940849,0.011886507821035359,0.0075554803348055945,0.0010813559894298395,0.010597812361116543,0.9654155160886718
203,0.9169335174535973,0.019719623275518003,0.06196135838135926,2.368652421193033e-05,0.0005082324330042591,0.0008535819323093669
204,0.901688162737474,0.07913885425596497,0.017681582551232186,2.9491130768101723e-05,0.0005989585655651184,0.0008629507589956386
205,0.004099432441373251,0.0069250910640959625,0.011380722504614253,0.001155452556617213,0.007805066879681138,0.9686342345536182
206,0.0005048031766269778,0.0006886825401597332,0.7726875189526206,0.00532723622705693,0.00471747549787686,0.21607428360565906
207,0.00608244925593383,0.033893794288811424,0.0032334973418104026,0.0007995166141742487,0.009850606813910198,0.9461401356853599
208,0.0012439459349615385,0.0037926642863552536,0.9414440900317723,0.0026894018078621597,0.0037517371862703292,0.047078160752778354
209,0.1282780960498814,0.8602855673535957,0.0057485453576623675,0.00012001081952719396,0.0032984974001040025,0.002269283019229302
210,0.002874511353762825,0.0028286670621787083,0.9641316473026029,0.0023315609846020057,0.0024385921961907957,0.02539502110066278
211,0.6884267145549872,0.2906866232367562,0.013400229826144501,9.760770870268798e-05,0.0038398965290932603,0.0035489281443162025
212,0.0020095664445976143,0.029183679106246318,0.010832122221440484,0.001468666844054836,0.005653676107806724,0.950852289275854
213,0.9072138179538288,0.08383414350115989,0.005870081698985964,2.6331602251210178e-05,0.0006516692497988392,0.0024039559939752217
214,9.422044122870107e-06,4.526794751698924e-05,0.0050591905356023315,0.10644921411299217,0.8782100004383815,0.010226904921384072
215,0.22101509813237097,0.7687732076699443,0.005910460421149376,0.0001416585374522829,0.001909279578548202,0.0022502956605350115
216,0.005521997113547654,0.003002786097715004,0.019450080409635168,0.0008099724816368329,0.00537101255492777,0.9658441513425375
217,0.0959690061545014,0.8753706288322336,0.0020306171192444305,0.00011554048905561016,0.0009933738797231893,0.02552083352524183
218,0.005622479788504723,0.003241495538126243,0.004783455634139951,0.0004528423976729698,0.00648040334725027,0.9794193232943058
219,0.001495853685826129,0.004465065671515715,0.06918298541745693,0.002296440367656988,0.005590445581426652,0.9169692092761175
220,0.911303562640787,0.06518010290941463,0.02189519109453295,2.2430487694304707e-05,0.00041229819883443233,0.001186414668736717
221,3.3034830491093304e-06,0.009760238609126103,0.03338373337003531,0.6612386801316724,0.1447119726394845,0.1509020717666326
222,7.913756030166722e-07,0.01308193014627882,0.005960457897804039,0.9328731020969926,0.01781061151750524,0.030273106965816483
223,0.007280168224818132,0.006391697846024048,0.7554606412283601,0.0012847755765527193,0.0031005894442384867,0.2264821276800064
224,0.6042569554196185,0.39005493365749144,0.0026986872304760852,4.316120052516866e-05,0.0008677067878786143,0.0020785557040101277
225,2.9700016940773357e-06,0.00017498591588005212,0.014172743360340703,0.7181286798831318,0.2655429320558797,0.0019776887830737196
226,0.0032891382780108444,0.0019009477400616156,0.05283181100900371,0.0011712083565088482,0.013233998719837088,0.927572895896578
227,4.741774843243944e-06,6.464906757704747e-08,0.0031496696049670807,0.005882639963085945,0.9895445223165585,0.0014183616914775449
228,0.05176925520852983,0.9378911368601238,0.0026377089837633376,0.00017368025336437942,0.0032136115315252135,0.004314607162693468
229,0.0007932618077560646,0.008936182115561101,0.044622219198948855,0.002722052069726594,0.023751740774496172,0.9191745440335112
230,0.0010871744566655504,0.0019320519197666068,0.9187766556371566,0.0033012261649101944,0.00349556472604007,0.071407327095461
231,0.0016016310329287592,0.008567434145636847,0.022362399050893027,0.0008664821984393023,0.008014527460151135,0.9585875261119509
232,0.8294936753880896,0.15375572596595216,0.013950865163481386,3.819725026619582e-05,0.00038438577103092904,0.002377150461179857
233,1.0184436894615235e-06,0.11381923357250896,0.005653838274826365,0.793815881721186,0.0024595513421060444,0.08425047664568316
234,0.0007878651322596852,0.002809909952467468,0.7227475309867871,0.004329281070017501,0.0029911233966824617,0.2663342894617857
235,0.14080598653056195,0.837819529514217,0.014553486598694376,0.00015874631890623334,0.0014975025351857013,0.005164748502434659
236,6.717327707581468e-07,0.07934503259279065,0.010326825793090463,0.8636552382137958,0.0022686040622681967,0.04440362760528402
237,0.9350838546712763,0.05209456867646216,0.011150757782892215,1.6238939664480665e-05,0.0002934406208949622,0.0013611393088096488
238,0.0017533408787929927,0.006136934310819764,0.1356514010379893,0.0024149250281927308,0.016104854345893496,0.8379385443983117
239,0.005392634532613647,0.021543824667809942,0.0016157307243509853,0.0006674350725181436,0.007489244027749141,0.9632911309749581
240,0.9418629439667797,0.051650132514554,0.004442425899303263,1.6815524240241472e-05,0.0007914543291357143,0.0012362277659870398
241,0.8857260575556469,0.10685406554021991,0.005265689892143059,1.746856166603417e-05,0.0001886532034266295,0.0019480652468975704
242,0.1356152515161992,0.8029331495923421,0.0004496029026701819,0.00013666456179279413,0.001324954727374325,0.059540376699621395
243,0.022877837689193985,0.19697078010361233,0.4749293134041926,0.0014235297349564832,0.007304479448228069,0.2964940596198165
244,2.968711145833295e-06,6.517483962851084e-06,0.0028225388566000312,0.40101119652787454,0.592063548348263,0.004093230072153788
245,2.8942820384847182e-06,1.4030377282124846e-05,0.010082439315204068,0.20641638389568506,0.782569828804892,0.0009144233248981725
246,8.596227620274008e-07,4.0669916024749265e-05,0.004184813078770106,0.5390104161087302,0.4514574211565733,0.00530582011713965
247,0.9344107300636043,0.0459116917107852,0.01812886766118948,2.375087405942088e-05,0.0005897645488689274,0.0009351951414925047
248,0.3741208091658684,0.6185439227304136,0.0007786522627271692,5.358158674704208e-05,0.0005524602618459576,0.005950573992397773
249,8.269044305705438e-06,1.3636079266159772e-08,0.006745476792832206,0.0010873942746924255,0.9891479904694025,0.003010855782687997
250,7.393639003194943e-06,8.905297940190497e-09,0.001077426010552978,0.10887761623208514,0.8893032474168716,0.0007343077961890162
251,0.002552894370786532,0.008298500940864288,0.9052498473413861,0.0019789495555764007,0.0024990696565784574,0.07942073813480816
252,1.1233892478806421e-06,0.004299490589185804,0.016354367528371404,0.8552390706961341,0.09325523867834114,0.0308507091187196
253,4.266973268093271e-06,0.0001672394746303183,0.003461342564128842,0.17130765414501078,0.7915284052889532,0.03353109155400891
254,9.781908925928471e-06,0.00010108164882526479,0.006605595497364231,0.07667999697552015,0.9147630453200263,0.0018404986493381862
255,0.001428166370030352,0.012949489600199936,0.8038750998780487,0.002547664246600036,0.004865405373588315,0.17433417453153258
256,0.0028934515729394862,0.002884583018653035,0.8931831158525815,0.0028121392351720727,0.0019691662140271893,0.09625754410662676
257,0.8737470101674076,0.07324604042605558,0.05152958380442256,3.7341164653062215e-05,0.0009493946416766963,0.0004906297957845481
258,0.2737109453523962,0.7193575110428216,0.0005018383061714702,7.410110497856276e-05,0.0008774933472459442,0.0054781108463862
259,0.9200190090604441,0.07165092359165315,0.006103239787547241,2.9945117626860135e-05,0.0009476353623790811,0.0012492470803495562
260,1.3535873416628892e-06,0.0002588223826357493,0.006987518046684034,0.24503639710755298,0.7379858315072394,0.009730077368546164
261,0.01765352075185623,0.9076180353951881,0.005028368506930014,0.0003967937099424017,0.0012844027678521296,0.06801887886823123
262,0.002202210923166322,0.0052682356117221794,0.015611187614018139,0.0009702016360167726,0.006965054710724013,0.9689831095043525
263,0.8862874409987328,0.10051556931231637,0.011329130026854437,2.208355303912061e-05,0.0011878963300325357,0.0006578797790246966
264,0.0046843644181627335,0.028405497755952924,0.003524363050396324,0.0006710404451266086,0.006437231909066811,0.9562775024212946
265,5.617995996899589e-07,0.0015425409830278204,0.00730536766379131,0.9460355857780618,0.02174313672820296,0.023372807047316452
266,0.007016903460693401,0.027036318279623335,0.6891349179735689,0.0010878125980294435,0.0045732189534052285,0.27115082873467977
267,0.01550268236773827,0.001656157906416118,0.010864267650660541,0.0003353359099746448,0.005818597021088749,0.9658229591441216
268,0.22308520300769794,0.7568781886546578,0.002081966318670779,0.0001947099520022626,0.0028301916013749777,0.014929740465596114
269,1.7355788075699478e-05,3.339292854015057e-07,0.0003952783495272166,0.37082553250973266,0.6286941688874998,6.733053587913391e-05
270,0.0011292061524092022,0.003425755474217384,0.08628406249299102,0.003798618978034474,0.017608464471637466,0.8877538924307105
271,7.552583436875249e-07,0.07896752174741767,0.019656990769000557,0.8579311754298905,0.003547292925525171,0.039896263869822465
272,0.0010661431796595627,0.0018071509036402507,0.9499468864556502,0.002525797726781237,0.0048895313463234585,0.03976449038794533
273,6.484364499248854e-06,4.635196037276711e-09,0.00056954392392217,0.08988355697275865,0.9094476303827038,9.27797209199473e-05
274,3.659890824659904e-06,0.0005228392463648718,0.0010792392512820937,0.9223434833326141,0.07170407357354525,0.004346704705368956
275,4.771027510141276e-06,3.3530059493275796e-08,0.001522161002478724,0.402869467252771,0.5949944011389774,0.000609166048203171
276,1.6716537703286014e-05,0.0010927379628229246,0.029404911363262308,0.9061060656502893,0.06058748616606077,0.0027920823198612408
277,0.8859031677123635,0.09845713674386247,0.014303087058507356,2.0171425342464392e-05,0.00037472130134466196,0.0009417157585795141
278,5.416704059367084e-06,4.2302064424057395e-08,0.001875807616873033,0.0015020846447868627,0.9957210693850498,0.0008955793471665394
279,1.8344999148159588e-06,0.00037962713076213685,0.010075568464875374,0.6855555849344861,0.28725822402267964,0.01672916094728194
280,4.6896661562344365e-06,6.622290934077238e-05,0.005439543315745116,0.12173596109648474,0.8513522530049501,0.021401330007323013
281,2.740453833479998e-06,4.3972566353905954e-06,0.012059970492578703,0.4100698356887636,0.5695062273236543,0.008356828784534512
282,9.674368602448744e-07,0.007728117887591238,0.007016666269101076,0.8406610448884647,0.08075298189260154,0.06384022162538115
283,0.0032261162162156667,0.0004285508665155011,0.9539392636576403,0.0019191629199483578,0.0024788095480096748,0.03800809679167059
284,0.3606778799390377,0.6347627343816306,0.000859623421361807,5.8362339628627794e-05,0.0012374975270052213,0.002403902391336286
285,0.1710962631937249,0.8187482288836611,0.0031460239816307693,9.413372728802892e-05,0.0014327646436271548,0.005482585570068076
286,6.779241707417204e-07,0.0034152908963809843,0.011501430005685525,0.9004157607685793,0.07169618533396174,0.01297065507122166
287,0.0018459423933489686,0.0010124809627054473,0.9325248450048957,0.002079767276069702,0.004136941959393753,0.058400022403586285
288,1.6661067947741427e-06,0.059523313844103906,0.02402729103614983,0.8082250929333822,0.08739245884034108,0.020830177239228132
289,0.29660049416358997,0.6927868302689685,0.0076531157315049905,7.164598117055326e-05,0.0019236850787541918,0.0009642287760117741
290,0.006455343044009672,0.0034322553993188436,0.8860746067020532,0.0011975349418540352,0.003118119607649851,0.09972214030511448
291,0.06722838229950433,0.916604160378671,0.00809613388451626,0.00014893516664501926,0.0032858901565244432,0.004636498114138946
292,0.12987581541331422,0.8529325952698552,0.005819291201839267,0.00013483257516695794,0.001237895799610221,0.009999569740214199
293,0.0033363026177618384,0.002083964539655286,0.9619361758194559,0.001965805404310863,0.002719713096580239,0.027958038522235783
294,8.702028828023694e-06,3.01036596022498e-07,0.0010259040657195218,0.2372978053567347,0.7595423406631122,0.002124946849009419
295,0.9316027572068913,0.04525602206726634,0.02147373991886483,2.2895541021087868e-05,0.0006738592087326511,0.000970726057223684
296,0.0010112981734616982,0.007977447495126792,0.67915083041278,0.0032287200167475582,0.0045762936977029565,0.30405541020418086
297,0.0035610130607459777,0.030692984960210192,0.22421006273735028,0.0017369939887709233,0.005131910158549381,0.7346670350943731
298,1.07105895371289e-06,0.02017280697609368,0.008448920910178109,0.9112769668844897,0.01727018210818507,0.04283005206209959
299,9.377943328938881e-07,7.121222551773384e-05,0.00433173236251528,0.23892232447179493,0.7471024053212626,0.009571387824576536
300,0.03734194552996718,0.9352444348089279,0.0014806041482135427,0.00020879880487666892,0.0018328981661228296,0.02389131854189181
301,0.085556015126077,0.8930831055113484,0.011896802407321121,0.0001812359600739326,0.0016493836031837195,0.007633457391995834
302,0.0028168692946822353,0.0073710246293586384,0.0042639864697169485,0.0016212691341649622,0.011006318190303933,0.9729205322817733
303,0.0015616032213924883,0.008621908152650093,0.02011286956592742,0.003438779861457278,0.019164522479920898,0.9471003167186518
304,0.31562597718423613,0.6454303803713335,0.012868058696991288,0.00021099296683059227,0.004127964530935261,0.021736626249673274
305,0.0022035965539828734,0.006441610387109878,0.015560027434802023,0.0007835118484844966,0.007760579054113336,0.9672506747215074
306,0.7810135903809508,0.21468215668109128,0.003167562317390462,2.097716473544308e-05,0.00044477023432185867,0.0006709432215101666
307,0.3709656687799214,0.6229994142876537,0.0025298388940352165,5.53911051791818e-05,0.001053856970045308,0.0023958299631650585
308,0.470247426205364,0.5231960678093752,0.0012825741977158336,7.09514030070701e-05,0.0012156053537848263,0.003987375030753078
309,0.48881981306868494,0.4593588164533382,0.0441197660328352,0.0001270056157690187,0.0015548456813094297,0.0060197531480633264
