,proba_0,proba_1,proba_2,proba_3,proba_4,proba_5
0,0.298,0.074,0.182,0.004,0.008,0.434
1,0.036,0.076,0.192,0.002,0.006,0.688
2,0.048,0.202,0.55,0.0,0.0,0.2
3,0.0,0.038,0.0,0.43,0.526,0.006
4,0.174,0.072,0.672,0.004,0.004,0.074
5,0.012,0.064,0.24,0.004,0.016,0.664
6,0.0,0.004,0.01,0.662,0.31,0.014
7,0.016,0.026,0.756,0.0,0.004,0.198
8,0.03,0.178,0.276,0.002,0.004,0.51
9,0.04,0.038,0.006,0.296,0.61,0.01
10,0.898,0.074,0.016,0.0,0.0,0.012
11,0.126,0.074,0.69,0.0,0.002,0.108
12,0.01,0.85,0.08,0.002,0.016,0.042
13,0.044,0.07,0.76,0.006,0.008,0.112
14,0.032,0.876,0.034,0.0,0.01,0.048
15,0.0,0.0,0.01,0.67,0.284,0.036
16,0.162,0.056,0.682,0.0,0.004,0.096
17,0.0,0.008,0.036,0.796,0.116,0.044
18,0.218,0.656,0.046,0.0,0.004,0.076
19,0.858,0.104,0.022,0.0,0.002,0.014
20,0.978,0.014,0.002,0.0,0.0,0.006
21,0.276,0.056,0.128,0.004,0.01,0.526
22,0.058,0.78,0.056,0.0,0.004,0.102
23,0.0,0.02,0.026,0.43,0.428,0.096
24,0.99,0.008,0.0,0.0,0.0,0.002
25,0.0,0.028,0.0,0.452,0.52,0.0
26,0.884,0.086,0.018,0.0,0.0,0.012
27,0.0,0.0,0.002,0.758,0.228,0.012
28,0.054,0.014,0.15,0.006,0.014,0.762
29,0.0,0.006,0.008,0.602,0.366,0.018
30,0.156,0.048,0.262,0.0,0.0,0.534
31,0.284,0.062,0.146,0.004,0.01,0.494
32,0.0,0.002,0.014,0.772,0.176,0.036
33,0.128,0.056,0.014,0.272,0.464,0.066
34,0.062,0.678,0.162,0.002,0.006,0.09
35,0.01,0.082,0.542,0.01,0.01,0.346
36,0.034,0.174,0.226,0.002,0.002,0.562
37,0.056,0.766,0.066,0.002,0.008,0.102
38,0.0,0.006,0.006,0.66,0.31,0.018
39,0.272,0.142,0.248,0.0,0.004,0.334
40,0.022,0.876,0.03,0.0,0.004,0.068
41,0.028,0.102,0.122,0.006,0.01,0.732
42,0.0,0.002,0.006,0.764,0.206,0.022
43,0.012,0.054,0.766,0.014,0.012,0.142
44,0.252,0.124,0.156,0.008,0.006,0.454
45,0.994,0.006,0.0,0.0,0.0,0.0
46,0.0,0.038,0.0,0.42,0.536,0.006
47,0.0,0.042,0.002,0.59,0.342,0.024
48,0.572,0.322,0.038,0.0,0.004,0.064
49,0.0,0.0,0.004,0.85,0.114,0.032
50,0.01,0.794,0.078,0.006,0.016,0.096
51,0.864,0.074,0.026,0.0,0.0,0.036
52,0.17,0.054,0.666,0.0,0.002,0.108
53,0.008,0.044,0.702,0.0,0.002,0.244
54,0.282,0.172,0.102,0.0,0.008,0.436
55,0.08,0.17,0.172,0.002,0.004,0.572
56,0.124,0.038,0.004,0.146,0.674,0.014
57,0.022,0.12,0.54,0.0,0.006,0.312
58,0.132,0.07,0.606,0.006,0.004,0.182
59,0.008,0.064,0.806,0.0,0.006,0.116
60,0.0,0.03,0.01,0.268,0.664,0.028
61,0.0,0.0,0.006,0.78,0.184,0.03
62,0.146,0.708,0.072,0.0,0.006,0.068
63,0.114,0.784,0.068,0.0,0.002,0.032
64,0.0,0.002,0.016,0.884,0.058,0.04
65,0.0,0.014,0.008,0.56,0.39,0.028
66,0.008,0.884,0.052,0.002,0.006,0.048
67,0.002,0.062,0.018,0.378,0.488,0.052
68,0.0,0.042,0.014,0.196,0.73,0.018
69,0.028,0.87,0.042,0.0,0.006,0.054
70,0.248,0.048,0.15,0.008,0.016,0.53
71,0.0,0.0,0.006,0.718,0.26,0.016
72,0.044,0.164,0.648,0.0,0.0,0.144
73,0.01,0.748,0.106,0.004,0.006,0.126
74,0.02,0.864,0.082,0.002,0.01,0.022
75,0.0,0.042,0.004,0.454,0.482,0.018
76,0.986,0.014,0.0,0.0,0.0,0.0
77,0.0,0.04,0.004,0.392,0.556,0.008
78,0.74,0.21,0.02,0.0,0.0,0.03
79,0.044,0.73,0.08,0.002,0.016,0.128
80,0.672,0.252,0.03,0.0,0.0,0.046
81,0.9,0.078,0.012,0.0,0.0,0.01
82,0.822,0.098,0.048,0.0,0.0,0.032
83,0.992,0.006,0.002,0.0,0.0,0.0
84,0.046,0.22,0.15,0.002,0.012,0.57
85,0.858,0.096,0.014,0.0,0.0,0.032
86,0.0,0.046,0.008,0.444,0.478,0.024
87,0.28,0.082,0.152,0.0,0.002,0.484
88,0.016,0.934,0.02,0.0,0.002,0.028
89,0.0,0.008,0.006,0.684,0.266,0.036
90,0.398,0.51,0.048,0.0,0.0,0.044
91,0.0,0.034,0.03,0.49,0.374,0.072
92,0.0,0.006,0.014,0.826,0.11,0.044
93,0.0,0.002,0.012,0.426,0.528,0.032
94,0.986,0.014,0.0,0.0,0.0,0.0
95,0.022,0.286,0.492,0.0,0.002,0.198
96,0.082,0.78,0.092,0.002,0.008,0.036
97,0.024,0.888,0.026,0.0,0.004,0.058
98,0.19,0.162,0.438,0.0,0.0,0.21
99,0.0,0.014,0.042,0.416,0.418,0.11
100,0.0,0.006,0.012,0.694,0.238,0.05
101,0.064,0.08,0.49,0.004,0.018,0.344
102,0.124,0.736,0.052,0.0,0.002,0.086
103,0.272,0.18,0.278,0.002,0.008,0.26
104,0.158,0.09,0.598,0.004,0.004,0.146
105,0.146,0.05,0.716,0.0,0.004,0.084
106,0.168,0.046,0.646,0.004,0.01,0.126
107,0.014,0.05,0.594,0.0,0.002,0.34
108,0.84,0.088,0.03,0.0,0.002,0.04
109,0.0,0.0,0.01,0.656,0.298,0.036
110,0.034,0.058,0.138,0.01,0.014,0.746
111,0.022,0.106,0.53,0.002,0.004,0.336
112,0.026,0.238,0.172,0.002,0.004,0.558
113,0.0,0.0,0.018,0.566,0.37,0.046
114,0.03,0.654,0.14,0.016,0.016,0.144
115,0.008,0.958,0.024,0.0,0.0,0.01
116,0.0,0.046,0.012,0.53,0.39,0.022
117,0.132,0.068,0.576,0.004,0.002,0.218
118,0.056,0.838,0.072,0.0,0.0,0.034
119,0.002,0.022,0.032,0.17,0.674,0.1
120,0.016,0.062,0.578,0.036,0.06,0.248
121,0.042,0.038,0.004,0.32,0.588,0.008
122,0.0,0.01,0.03,0.376,0.524,0.06
123,0.126,0.032,0.742,0.0,0.004,0.096
124,0.876,0.102,0.012,0.0,0.0,0.01
125,0.982,0.016,0.0,0.0,0.0,0.002
126,0.02,0.864,0.082,0.002,0.01,0.022
127,0.038,0.688,0.182,0.006,0.002,0.084
128,0.044,0.75,0.124,0.004,0.016,0.062
129,0.018,0.886,0.028,0.0,0.004,0.064
130,0.0,0.008,0.01,0.548,0.392,0.042
131,0.012,0.894,0.022,0.004,0.004,0.064
132,0.002,0.016,0.04,0.33,0.494,0.118
133,0.192,0.708,0.04,0.0,0.004,0.056
134,0.674,0.226,0.044,0.0,0.002,0.054
135,0.9,0.076,0.014,0.0,0.0,0.01
136,0.564,0.3,0.072,0.0,0.002,0.062
137,0.032,0.084,0.208,0.006,0.004,0.666
138,0.072,0.806,0.084,0.002,0.004,0.032
139,0.132,0.064,0.02,0.344,0.392,0.048
140,0.034,0.12,0.126,0.002,0.006,0.712
141,0.99,0.01,0.0,0.0,0.0,0.0
142,0.918,0.05,0.016,0.0,0.002,0.014
143,0.98,0.016,0.0,0.0,0.0,0.004
144,0.968,0.008,0.014,0.0,0.0,0.01
145,0.044,0.05,0.016,0.386,0.456,0.048
146,0.01,0.046,0.634,0.008,0.018,0.284
147,0.0,0.0,0.0,0.71,0.282,0.008
148,0.136,0.04,0.256,0.0,0.002,0.566
149,0.278,0.146,0.202,0.0,0.002,0.372
150,0.13,0.062,0.024,0.192,0.512,0.08
151,0.9,0.072,0.018,0.0,0.0,0.01
152,0.002,0.058,0.016,0.39,0.492,0.042
153,0.986,0.004,0.008,0.0,0.0,0.002
154,0.896,0.074,0.018,0.0,0.0,0.012
155,0.846,0.098,0.032,0.0,0.0,0.024
156,0.164,0.06,0.506,0.0,0.004,0.266
157,0.282,0.082,0.134,0.0,0.002,0.5
158,0.05,0.262,0.574,0.006,0.004,0.104
159,0.012,0.908,0.028,0.002,0.004,0.046
160,0.288,0.164,0.234,0.0,0.004,0.31
161,0.004,0.088,0.04,0.144,0.608,0.116
162,0.0,0.002,0.014,0.566,0.384,0.034
163,0.0,0.046,0.008,0.592,0.344,0.01
164,0.03,0.092,0.15,0.004,0.014,0.71
165,0.868,0.09,0.022,0.0,0.0,0.02
166,0.202,0.596,0.072,0.002,0.008,0.12
167,0.116,0.088,0.592,0.006,0.004,0.194
168,0.012,0.136,0.592,0.002,0.004,0.254
169,0.04,0.056,0.536,0.0,0.01,0.358
170,0.976,0.012,0.006,0.0,0.0,0.006
171,0.126,0.048,0.02,0.284,0.47,0.052
172,0.22,0.054,0.082,0.004,0.018,0.622
173,0.998,0.0,0.002,0.0,0.0,0.0
174,0.054,0.212,0.508,0.002,0.0,0.224
175,0.022,0.114,0.686,0.006,0.014,0.158
176,0.034,0.228,0.19,0.002,0.004,0.542
177,0.014,0.014,0.144,0.012,0.018,0.798
178,0.028,0.192,0.178,0.002,0.004,0.596
179,0.088,0.014,0.764,0.0,0.004,0.13
180,0.252,0.06,0.172,0.002,0.002,0.512
181,0.284,0.13,0.132,0.004,0.008,0.442
182,0.0,0.044,0.012,0.332,0.574,0.038
183,0.0,0.06,0.036,0.376,0.486,0.042
184,0.026,0.18,0.676,0.0,0.0,0.118
185,0.146,0.172,0.326,0.0,0.004,0.352
186,0.0,0.054,0.024,0.466,0.41,0.046
187,0.008,0.768,0.11,0.004,0.014,0.096
188,0.242,0.05,0.128,0.004,0.01,0.566
189,0.0,0.002,0.006,0.75,0.204,0.038
190,0.01,0.082,0.542,0.01,0.01,0.346
191,0.0,0.038,0.0,0.42,0.536,0.006
192,0.0,0.004,0.01,0.53,0.426,0.03
193,0.988,0.006,0.002,0.0,0.0,0.004
194,0.184,0.07,0.618,0.0,0.002,0.126
195,0.0,0.006,0.016,0.238,0.692,0.048
196,0.982,0.004,0.01,0.0,0.0,0.004
197,0.892,0.086,0.012,0.0,0.0,0.01
198,0.01,0.082,0.542,0.01,0.01,0.346
199,0.83,0.088,0.04,0.0,0.0,0.042
200,0.01,0.848,0.098,0.002,0.012,0.03
201,0.988,0.01,0.0,0.0,0.0,0.002
202,0.064,0.222,0.126,0.002,0.01,0.576
203,0.866,0.098,0.026,0.0,0.0,0.01
204,0.99,0.006,0.002,0.0,0.0,0.002
205,0.282,0.132,0.204,0.002,0.002,0.378
206,0.004,0.022,0.578,0.002,0.014,0.38
207,0.034,0.258,0.15,0.004,0.014,0.54
208,0.012,0.064,0.8,0.0,0.004,0.12
209,0.048,0.846,0.04,0.002,0.008,0.056
210,0.082,0.044,0.682,0.004,0.01,0.178
211,0.208,0.64,0.062,0.002,0.004,0.084
212,0.02,0.064,0.16,0.002,0.006,0.748
213,0.778,0.154,0.03,0.0,0.002,0.036
214,0.002,0.014,0.026,0.242,0.614,0.102
215,0.014,0.914,0.038,0.0,0.0,0.034
216,0.232,0.05,0.13,0.0,0.002,0.586
217,0.024,0.89,0.02,0.002,0.004,0.06
218,0.278,0.158,0.236,0.002,0.008,0.318
219,0.234,0.018,0.11,0.0,0.002,0.636
220,0.992,0.006,0.002,0.0,0.0,0.0
221,0.0,0.012,0.018,0.418,0.5,0.052
222,0.0,0.0,0.004,0.87,0.096,0.03
223,0.13,0.116,0.666,0.0,0.004,0.084
224,0.386,0.53,0.042,0.0,0.0,0.042
225,0.0,0.004,0.01,0.672,0.282,0.032
226,0.282,0.166,0.238,0.0,0.004,0.31
227,0.01,0.06,0.018,0.324,0.532,0.056
228,0.01,0.832,0.07,0.002,0.012,0.074
229,0.216,0.102,0.088,0.0,0.002,0.592
230,0.002,0.048,0.792,0.002,0.01,0.146
231,0.02,0.03,0.256,0.006,0.01,0.678
232,0.86,0.098,0.008,0.0,0.0,0.034
233,0.0,0.012,0.02,0.694,0.22,0.054
234,0.004,0.04,0.638,0.006,0.022,0.29
235,0.012,0.894,0.066,0.0,0.0,0.028
236,0.0,0.002,0.012,0.85,0.104,0.032
237,0.988,0.01,0.002,0.0,0.0,0.0
238,0.288,0.138,0.194,0.0,0.002,0.378
239,0.03,0.242,0.152,0.004,0.01,0.562
240,0.98,0.008,0.008,0.0,0.0,0.004
241,0.962,0.036,0.002,0.0,0.0,0.0
242,0.162,0.624,0.096,0.004,0.012,0.102
243,0.19,0.226,0.424,0.006,0.004,0.15
244,0.0,0.038,0.0,0.42,0.536,0.006
245,0.0,0.008,0.01,0.548,0.392,0.042
246,0.0,0.004,0.004,0.614,0.372,0.006
247,0.894,0.074,0.018,0.0,0.0,0.014
248,0.07,0.874,0.032,0.002,0.004,0.018
249,0.0,0.046,0.014,0.192,0.694,0.054
250,0.128,0.05,0.008,0.44,0.338,0.036
251,0.088,0.032,0.76,0.0,0.004,0.116
252,0.0,0.008,0.01,0.794,0.15,0.038
253,0.0,0.006,0.022,0.538,0.404,0.03
254,0.002,0.02,0.036,0.272,0.552,0.118
255,0.008,0.036,0.624,0.0,0.002,0.33
256,0.002,0.062,0.742,0.006,0.018,0.17
257,0.834,0.098,0.036,0.0,0.0,0.032
258,0.054,0.914,0.018,0.0,0.002,0.012
259,0.968,0.018,0.008,0.0,0.0,0.006
260,0.0,0.0,0.002,0.75,0.234,0.014
261,0.014,0.712,0.106,0.008,0.022,0.138
262,0.234,0.042,0.116,0.0,0.002,0.606
263,0.986,0.004,0.004,0.0,0.0,0.006
264,0.098,0.186,0.12,0.004,0.01,0.582
265,0.0,0.006,0.016,0.76,0.188,0.03
266,0.146,0.22,0.564,0.006,0.002,0.062
267,0.154,0.1,0.468,0.002,0.014,0.262
268,0.188,0.68,0.05,0.002,0.006,0.074
269,0.126,0.056,0.016,0.39,0.384,0.028
270,0.268,0.048,0.232,0.0,0.004,0.448
271,0.0,0.032,0.038,0.646,0.232,0.052
272,0.04,0.026,0.758,0.0,0.004,0.172
273,0.128,0.04,0.004,0.362,0.448,0.018
274,0.0,0.006,0.008,0.602,0.366,0.018
275,0.122,0.036,0.0,0.334,0.504,0.004
276,0.16,0.09,0.078,0.194,0.358,0.12
277,0.986,0.01,0.002,0.0,0.0,0.002
278,0.04,0.058,0.034,0.15,0.712,0.006
279,0.0,0.01,0.016,0.67,0.272,0.032
280,0.0,0.01,0.008,0.508,0.442,0.032
281,0.0,0.004,0.0,0.5,0.484,0.012
282,0.0,0.0,0.004,0.788,0.188,0.02
283,0.04,0.062,0.776,0.006,0.01,0.106
284,0.228,0.696,0.018,0.0,0.004,0.054
285,0.032,0.842,0.062,0.002,0.012,0.05
286,0.0,0.002,0.016,0.866,0.088,0.028
287,0.046,0.03,0.742,0.0,0.004,0.178
288,0.0,0.036,0.034,0.718,0.16,0.052
289,0.096,0.786,0.06,0.0,0.002,0.056
290,0.168,0.122,0.62,0.0,0.006,0.084
291,0.032,0.836,0.062,0.006,0.004,0.06
292,0.038,0.888,0.02,0.002,0.006,0.046
293,0.116,0.08,0.674,0.0,0.004,0.126
294,0.0,0.038,0.002,0.288,0.664,0.008
295,0.886,0.088,0.018,0.0,0.0,0.008
296,0.032,0.08,0.588,0.004,0.016,0.28
297,0.046,0.122,0.548,0.002,0.002,0.28
298,0.0,0.0,0.012,0.744,0.204,0.04
299,0.0,0.004,0.002,0.718,0.262,0.014
300,0.012,0.79,0.074,0.002,0.016,0.106
301,0.012,0.928,0.026,0.002,0.002,0.03
302,0.28,0.062,0.234,0.004,0.008,0.412
303,0.296,0.13,0.28,0.004,0.006,0.284
304,0.058,0.652,0.186,0.004,0.02,0.08
305,0.046,0.16,0.124,0.002,0.002,0.666
306,0.952,0.032,0.004,0.0,0.002,0.01
307,0.056,0.852,0.064,0.0,0.004,0.024
308,0.144,0.686,0.09,0.0,0.004,0.076
309,0.406,0.424,0.076,0.0,0.004,0.09
310,0.01,0.922,0.05,0.0,0.0,0.018
311,0.0,0.008,0.02,0.678,0.246,0.048
312,0.99,0.002,0.004,0.0,0.0,0.004
313,0.004,0.382,0.174,0.014,0.048,0.378
314,0.168,0.074,0.65,0.006,0.002,0.1
315,0.124,0.036,0.0,0.386,0.454,0.0
316,0.282,0.146,0.164,0.0,0.002,0.406
317,0.968,0.024,0.004,0.0,0.0,0.004
318,0.012,0.012,0.144,0.004,0.004,0.824
319,0.288,0.134,0.126,0.0,0.002,0.45
320,0.008,0.026,0.296,0.002,0.01,0.658
321,0.99,0.002,0.002,0.0,0.0,0.006
322,0.992,0.008,0.0,0.0,0.0,0.0
323,0.028,0.894,0.04,0.004,0.004,0.03
324,0.022,0.11,0.19,0.012,0.028,0.638
325,0.042,0.058,0.612,0.0,0.008,0.28
326,0.064,0.776,0.056,0.002,0.008,0.094
327,0.128,0.062,0.014,0.176,0.548,0.072
328,0.024,0.174,0.214,0.002,0.004,0.582
329,0.0,0.04,0.006,0.294,0.646,0.014
330,0.808,0.152,0.024,0.0,0.0,0.016
331,0.312,0.138,0.124,0.002,0.018,0.406
332,0.034,0.174,0.226,0.002,0.002,0.562
333,0.038,0.86,0.028,0.002,0.004,0.068
334,0.994,0.004,0.0,0.0,0.0,0.002
335,0.996,0.002,0.002,0.0,0.0,0.0
336,0.266,0.07,0.29,0.0,0.004,0.37
337,0.0,0.008,0.016,0.704,0.21,0.062
338,0.0,0.0,0.006,0.788,0.17,0.036
339,0.0,0.012,0.028,0.632,0.246,0.082
340,0.0,0.0,0.006,0.586,0.39,0.018
341,0.0,0.074,0.022,0.494,0.356,0.054
342,0.94,0.042,0.006,0.0,0.002,0.01
343,0.05,0.728,0.104,0.004,0.022,0.092
344,0.002,0.04,0.046,0.652,0.172,0.088
345,0.0,0.0,0.006,0.678,0.302,0.014
346,0.0,0.008,0.014,0.754,0.176,0.048
347,0.0,0.004,0.008,0.772,0.21,0.006
348,0.128,0.076,0.624,0.004,0.01,0.158
349,0.0,0.038,0.004,0.358,0.592,0.008
350,0.0,0.04,0.01,0.24,0.696,0.014
351,0.0,0.002,0.004,0.772,0.208,0.014
352,0.022,0.008,0.088,0.012,0.014,0.856
353,0.13,0.046,0.008,0.228,0.542,0.046
354,0.278,0.136,0.278,0.0,0.004,0.304
355,0.046,0.086,0.534,0.0,0.002,0.332
356,0.146,0.068,0.506,0.004,0.008,0.268
357,0.028,0.856,0.076,0.0,0.002,0.038
358,0.258,0.048,0.112,0.0,0.002,0.58
359,0.176,0.066,0.602,0.0,0.002,0.154
360,0.0,0.004,0.006,0.388,0.588,0.014
361,0.994,0.006,0.0,0.0,0.0,0.0
362,0.056,0.22,0.646,0.0,0.0,0.078
363,0.458,0.376,0.072,0.002,0.004,0.088
364,0.0,0.008,0.032,0.67,0.216,0.074
365,0.88,0.092,0.018,0.0,0.0,0.01
366,0.282,0.122,0.21,0.0,0.002,0.384
367,0.0,0.04,0.024,0.254,0.602,0.08
368,0.032,0.206,0.188,0.002,0.004,0.568
369,0.994,0.006,0.0,0.0,0.0,0.0
370,0.012,0.916,0.028,0.0,0.002,0.042
371,0.0,0.002,0.012,0.434,0.524,0.028
372,0.03,0.838,0.062,0.0,0.008,0.062
373,0.006,0.084,0.518,0.01,0.006,0.376
374,0.166,0.048,0.57,0.0,0.002,0.214
375,0.012,0.05,0.13,0.01,0.016,0.782
376,0.282,0.164,0.234,0.0,0.008,0.312
377,0.126,0.048,0.014,0.29,0.474,0.048
378,0.936,0.04,0.012,0.0,0.002,0.01
379,0.01,0.93,0.038,0.0,0.0,0.022
380,0.0,0.01,0.018,0.468,0.47,0.034
381,0.13,0.064,0.042,0.258,0.438,0.068
382,0.882,0.086,0.016,0.0,0.0,0.016
383,0.124,0.04,0.002,0.396,0.408,0.03
384,0.988,0.012,0.0,0.0,0.0,0.0
385,0.0,0.004,0.006,0.806,0.146,0.038
386,0.262,0.124,0.19,0.004,0.008,0.412
387,0.0,0.0,0.012,0.388,0.568,0.032
388,0.0,0.0,0.004,0.834,0.14,0.022
389,0.196,0.244,0.12,0.004,0.012,0.424
390,0.038,0.06,0.612,0.0,0.008,0.282
391,0.02,0.864,0.082,0.002,0.01,0.022
392,0.28,0.142,0.262,0.0,0.002,0.314
393,0.368,0.492,0.062,0.0,0.002,0.076
394,0.0,0.028,0.08,0.34,0.36,0.192
395,0.214,0.592,0.096,0.002,0.008,0.088
396,0.0,0.0,0.022,0.828,0.098,0.052
397,0.0,0.006,0.018,0.408,0.548,0.02
398,0.0,0.0,0.004,0.746,0.22,0.03
399,0.13,0.058,0.018,0.332,0.414,0.048
400,0.0,0.012,0.014,0.512,0.394,0.068
401,0.0,0.0,0.004,0.87,0.106,0.02
402,0.018,0.086,0.19,0.004,0.004,0.698
403,0.0,0.018,0.022,0.824,0.084,0.052
404,0.0,0.0,0.006,0.478,0.5,0.016
405,0.034,0.174,0.226,0.002,0.002,0.562
406,0.014,0.066,0.754,0.0,0.002,0.164
407,0.0,0.008,0.022,0.512,0.396,0.062
408,0.042,0.042,0.598,0.0,0.01,0.308
409,0.176,0.17,0.202,0.0,0.002,0.45
410,0.0,0.01,0.01,0.494,0.462,0.024
411,0.002,0.064,0.75,0.02,0.012,0.152
412,0.0,0.01,0.022,0.504,0.424,0.04
413,0.0,0.012,0.01,0.846,0.102,0.03
414,0.004,0.084,0.014,0.158,0.576,0.164
415,0.0,0.002,0.008,0.704,0.264,0.022
416,0.0,0.002,0.008,0.742,0.21,0.038
417,0.0,0.008,0.006,0.856,0.1,0.03
418,0.274,0.16,0.238,0.0,0.004,0.324
419,0.0,0.002,0.012,0.776,0.182,0.028
420,0.944,0.034,0.008,0.0,0.0,0.014
421,0.99,0.01,0.0,0.0,0.0,0.0
422,0.128,0.05,0.008,0.42,0.38,0.014
423,0.868,0.094,0.018,0.0,0.0,0.02
424,0.032,0.16,0.122,0.004,0.012,0.67
425,0.0,0.008,0.028,0.422,0.482,0.06
426,0.0,0.0,0.002,0.856,0.122,0.02
427,0.018,0.068,0.586,0.0,0.002,0.326
428,0.0,0.012,0.006,0.558,0.412,0.012
429,0.174,0.194,0.172,0.002,0.004,0.454
430,0.04,0.036,0.004,0.264,0.648,0.008
431,0.042,0.066,0.752,0.002,0.004,0.134
432,0.0,0.086,0.034,0.38,0.428,0.072
433,0.022,0.87,0.03,0.0,0.004,0.074
434,0.0,0.022,0.04,0.474,0.36,0.104
435,0.05,0.158,0.578,0.0,0.0,0.214
436,0.0,0.012,0.03,0.414,0.468,0.076
437,0.018,0.098,0.524,0.002,0.004,0.354
438,0.0,0.03,0.042,0.26,0.498,0.17
439,0.0,0.002,0.004,0.362,0.612,0.02
440,0.0,0.0,0.0,0.836,0.15,0.014
441,0.25,0.052,0.166,0.0,0.002,0.53
442,0.012,0.792,0.094,0.006,0.008,0.088
443,0.042,0.068,0.032,0.41,0.372,0.076
444,0.0,0.002,0.0,0.786,0.212,0.0
445,0.002,0.06,0.02,0.45,0.426,0.042
446,0.984,0.014,0.002,0.0,0.0,0.0
447,0.008,0.058,0.016,0.332,0.538,0.048
448,0.0,0.004,0.008,0.542,0.424,0.022
449,0.98,0.014,0.004,0.0,0.0,0.002
450,0.972,0.02,0.002,0.0,0.0,0.006
451,0.082,0.822,0.034,0.002,0.004,0.056
452,0.02,0.868,0.034,0.0,0.004,0.074
453,0.044,0.184,0.228,0.008,0.016,0.52
454,0.0,0.012,0.01,0.736,0.218,0.024
455,0.014,0.814,0.072,0.006,0.016,0.078
456,0.036,0.162,0.16,0.006,0.014,0.622
457,0.0,0.01,0.014,0.794,0.142,0.04
458,0.01,0.052,0.756,0.0,0.002,0.18
459,0.994,0.006,0.0,0.0,0.0,0.0
460,0.146,0.628,0.144,0.002,0.004,0.076
461,0.168,0.068,0.604,0.012,0.022,0.126
462,0.154,0.204,0.458,0.002,0.0,0.182
463,0.0,0.004,0.016,0.602,0.322,0.056
464,0.978,0.016,0.004,0.0,0.0,0.002
465,0.0,0.0,0.012,0.762,0.186,0.04
466,0.17,0.074,0.668,0.0,0.004,0.084
467,0.754,0.188,0.032,0.0,0.002,0.024
468,0.016,0.068,0.468,0.004,0.002,0.442
469,0.254,0.042,0.134,0.004,0.008,0.558
470,0.0,0.008,0.024,0.53,0.418,0.02
471,0.0,0.008,0.0,0.654,0.338,0.0
472,0.01,0.942,0.016,0.002,0.002,0.028
473,0.0,0.0,0.004,0.864,0.104,0.028
474,0.034,0.174,0.226,0.002,0.002,0.562
475,0.126,0.04,0.002,0.27,0.532,0.03
476,0.0,0.038,0.0,0.42,0.536,0.006
477,0.974,0.004,0.01,0.0,0.0,0.012
478,0.0,0.0,0.004,0.818,0.144,0.034
479,0.02,0.888,0.028,0.0,0.004,0.06
480,0.132,0.062,0.022,0.268,0.444,0.072
481,0.91,0.036,0.028,0.0,0.002,0.024
482,0.118,0.156,0.562,0.0,0.0,0.164
483,0.974,0.026,0.0,0.0,0.0,0.0
484,0.246,0.142,0.118,0.0,0.0,0.494
485,0.008,0.078,0.58,0.0,0.004,0.33
486,0.306,0.556,0.056,0.0,0.002,0.08
487,0.888,0.086,0.018,0.0,0.0,0.008
488,0.0,0.06,0.016,0.448,0.432,0.044
489,0.252,0.132,0.196,0.0,0.002,0.418
490,0.866,0.096,0.026,0.0,0.0,0.012
491,0.016,0.778,0.106,0.002,0.018,0.08
492,0.968,0.022,0.006,0.0,0.0,0.004
493,0.018,0.068,0.276,0.002,0.006,0.63
494,0.006,0.038,0.43,0.004,0.01,0.512
495,0.016,0.846,0.058,0.002,0.012,0.066
496,0.0,0.018,0.048,0.294,0.57,0.07
497,0.06,0.83,0.034,0.002,0.002,0.072
498,0.01,0.04,0.008,0.382,0.544,0.016
499,0.0,0.008,0.004,0.79,0.18,0.018
500,0.128,0.042,0.004,0.358,0.454,0.014
501,0.022,0.174,0.554,0.002,0.006,0.242
502,0.98,0.018,0.0,0.0,0.0,0.002
503,0.0,0.0,0.006,0.584,0.396,0.014
504,0.166,0.728,0.06,0.0,0.002,0.044
505,0.0,0.046,0.006,0.502,0.438,0.008
506,0.034,0.908,0.02,0.0,0.004,0.034
507,0.294,0.58,0.068,0.002,0.004,0.052
508,0.0,0.01,0.012,0.49,0.454,0.034
509,0.01,0.954,0.02,0.0,0.0,0.016
510,0.178,0.668,0.074,0.0,0.004,0.076
511,0.0,0.02,0.026,0.512,0.362,0.08
512,0.13,0.066,0.7,0.006,0.006,0.092
513,0.004,0.074,0.022,0.352,0.424,0.124
514,0.28,0.162,0.218,0.0,0.004,0.336
515,0.986,0.01,0.0,0.0,0.0,0.004
516,0.988,0.008,0.002,0.0,0.0,0.002
517,0.958,0.03,0.006,0.0,0.0,0.006
518,0.05,0.284,0.446,0.008,0.004,0.208
519,0.128,0.064,0.038,0.382,0.354,0.034
520,0.0,0.0,0.012,0.76,0.19,0.038
521,0.0,0.04,0.054,0.454,0.332,0.12
522,0.764,0.188,0.028,0.0,0.0,0.02
523,0.032,0.038,0.06,0.466,0.304,0.1
524,0.0,0.0,0.012,0.834,0.12,0.034
525,0.278,0.074,0.178,0.0,0.002,0.468
526,0.966,0.022,0.008,0.0,0.0,0.004
527,0.036,0.242,0.152,0.002,0.004,0.564
528,0.26,0.124,0.266,0.0,0.004,0.346
529,0.95,0.034,0.01,0.0,0.0,0.006
530,0.01,0.788,0.078,0.006,0.016,0.102
531,0.954,0.034,0.006,0.0,0.0,0.006
532,0.0,0.046,0.008,0.618,0.3,0.028
533,0.028,0.208,0.196,0.002,0.014,0.552
534,0.01,0.058,0.682,0.0,0.01,0.24
535,0.014,0.7,0.116,0.004,0.03,0.136
536,0.994,0.006,0.0,0.0,0.0,0.0
537,0.23,0.058,0.182,0.004,0.002,0.524
538,0.0,0.008,0.024,0.61,0.284,0.074
539,0.286,0.054,0.13,0.006,0.016,0.508
540,0.03,0.06,0.782,0.004,0.014,0.11
541,0.282,0.062,0.194,0.0,0.002,0.46
542,0.156,0.068,0.034,0.508,0.198,0.036
543,0.128,0.05,0.008,0.462,0.336,0.016
544,0.126,0.04,0.006,0.496,0.332,0.0
545,0.04,0.868,0.03,0.0,0.004,0.058
546,0.0,0.008,0.016,0.806,0.12,0.05
547,0.972,0.026,0.0,0.0,0.0,0.002
548,0.264,0.054,0.13,0.004,0.008,0.54
549,0.012,0.626,0.154,0.008,0.042,0.158
550,0.254,0.122,0.278,0.0,0.002,0.344
551,0.804,0.164,0.016,0.0,0.0,0.016
552,0.886,0.08,0.012,0.0,0.002,0.02
553,0.0,0.012,0.002,0.634,0.352,0.0
554,0.18,0.154,0.152,0.0,0.002,0.512
555,0.002,0.076,0.032,0.288,0.53,0.072
556,0.014,0.044,0.76,0.0,0.004,0.178
557,0.022,0.902,0.016,0.0,0.004,0.056
558,0.0,0.002,0.01,0.858,0.092,0.038
559,0.0,0.0,0.002,0.802,0.186,0.01
560,0.99,0.006,0.002,0.0,0.0,0.002
561,0.734,0.186,0.032,0.0,0.0,0.048
562,0.17,0.104,0.536,0.0,0.004,0.186
563,0.042,0.066,0.04,0.208,0.628,0.016
564,0.0,0.008,0.026,0.556,0.344,0.066
565,0.0,0.0,0.0,0.756,0.24,0.004
566,0.002,0.014,0.024,0.638,0.254,0.068
567,0.0,0.01,0.016,0.75,0.166,0.058
568,0.0,0.0,0.018,0.794,0.146,0.042
569,0.04,0.038,0.006,0.254,0.652,0.01
570,0.86,0.082,0.032,0.0,0.0,0.026
571,0.282,0.074,0.11,0.0,0.002,0.532
572,0.862,0.104,0.024,0.0,0.0,0.01
573,0.274,0.14,0.146,0.004,0.006,0.43
574,0.04,0.166,0.2,0.01,0.01,0.574
575,0.044,0.076,0.556,0.006,0.002,0.316
576,0.016,0.844,0.046,0.002,0.006,0.086
577,0.13,0.11,0.256,0.008,0.008,0.488
578,0.0,0.0,0.012,0.754,0.2,0.034
579,0.144,0.034,0.57,0.018,0.034,0.2
580,0.0,0.0,0.0,0.84,0.15,0.01
581,0.0,0.004,0.006,0.618,0.362,0.01
582,0.168,0.044,0.658,0.0,0.008,0.122
583,0.092,0.198,0.132,0.002,0.008,0.568
584,0.288,0.156,0.262,0.0,0.004,0.29
585,0.0,0.01,0.002,0.602,0.368,0.018
586,0.024,0.182,0.562,0.004,0.018,0.21
587,0.076,0.204,0.24,0.002,0.004,0.474
588,0.906,0.07,0.012,0.0,0.0,0.012
589,0.004,0.05,0.77,0.0,0.004,0.172
590,0.022,0.092,0.234,0.008,0.018,0.626
591,0.068,0.778,0.076,0.0,0.002,0.076
592,0.022,0.162,0.344,0.004,0.012,0.456
593,0.11,0.168,0.512,0.0,0.0,0.21
594,0.0,0.002,0.012,0.656,0.304,0.026
595,0.126,0.038,0.0,0.512,0.324,0.0
596,0.0,0.07,0.03,0.356,0.498,0.046
597,0.0,0.012,0.006,0.66,0.32,0.002
598,0.126,0.064,0.044,0.39,0.324,0.052
599,0.02,0.908,0.026,0.002,0.004,0.04
600,0.966,0.026,0.006,0.0,0.0,0.002
601,0.0,0.026,0.03,0.628,0.246,0.07
602,0.03,0.08,0.15,0.002,0.004,0.734
603,0.994,0.004,0.002,0.0,0.0,0.0
604,0.0,0.014,0.05,0.392,0.426,0.118
605,0.266,0.156,0.15,0.002,0.006,0.42
606,0.02,0.062,0.604,0.004,0.01,0.3
607,0.034,0.026,0.712,0.0,0.01,0.218
608,0.0,0.0,0.012,0.544,0.416,0.028
609,0.0,0.008,0.012,0.536,0.402,0.042
610,0.126,0.038,0.0,0.496,0.34,0.0
611,0.0,0.0,0.022,0.826,0.11,0.042
612,0.014,0.086,0.6,0.004,0.012,0.284
613,0.992,0.004,0.002,0.0,0.0,0.002
614,0.004,0.016,0.794,0.0,0.002,0.184
615,0.026,0.884,0.034,0.0,0.004,0.052
616,0.964,0.002,0.016,0.0,0.0,0.018
617,0.984,0.004,0.002,0.0,0.0,0.01
618,0.3,0.154,0.144,0.0,0.008,0.394
619,0.006,0.052,0.62,0.004,0.014,0.304
620,0.27,0.116,0.192,0.004,0.004,0.414
621,0.0,0.052,0.016,0.258,0.626,0.048
622,0.14,0.77,0.06,0.0,0.0,0.03
623,0.95,0.012,0.016,0.0,0.0,0.022
624,0.302,0.14,0.162,0.002,0.008,0.386
625,0.0,0.008,0.016,0.578,0.344,0.054
626,0.0,0.0,0.006,0.74,0.22,0.034
627,0.906,0.07,0.012,0.0,0.0,0.012
628,0.0,0.074,0.032,0.386,0.448,0.06
629,0.082,0.76,0.072,0.0,0.002,0.084
630,0.974,0.024,0.0,0.0,0.0,0.002
631,0.102,0.69,0.13,0.0,0.004,0.074
632,0.01,0.082,0.542,0.01,0.01,0.346
633,0.01,0.788,0.078,0.006,0.016,0.102
634,0.99,0.006,0.0,0.0,0.0,0.004
635,0.044,0.046,0.01,0.24,0.614,0.046
636,0.0,0.012,0.022,0.548,0.364,0.054
637,0.188,0.694,0.048,0.0,0.006,0.064
638,0.032,0.904,0.02,0.002,0.004,0.038
639,0.318,0.58,0.052,0.0,0.002,0.048
640,0.078,0.8,0.06,0.004,0.006,0.052
641,0.158,0.062,0.512,0.0,0.004,0.264
642,0.002,0.048,0.01,0.43,0.478,0.032
643,0.098,0.674,0.118,0.006,0.01,0.094
644,0.042,0.066,0.768,0.0,0.002,0.122
645,0.058,0.022,0.166,0.004,0.004,0.746
646,0.01,0.052,0.594,0.0,0.008,0.336
647,0.976,0.022,0.0,0.0,0.0,0.002
648,0.0,0.012,0.016,0.838,0.084,0.05
649,0.0,0.002,0.02,0.692,0.228,0.058
650,0.0,0.0,0.006,0.708,0.272,0.014
651,0.026,0.084,0.614,0.0,0.002,0.274
652,0.0,0.0,0.008,0.654,0.3,0.038
653,0.808,0.118,0.036,0.0,0.002,0.036
654,0.006,0.04,0.682,0.008,0.01,0.254
655,0.096,0.022,0.684,0.0,0.006,0.192
656,0.99,0.006,0.002,0.0,0.0,0.002
657,0.006,0.064,0.744,0.004,0.004,0.178
658,0.0,0.018,0.03,0.628,0.244,0.08
659,0.988,0.012,0.0,0.0,0.0,0.0
660,0.272,0.162,0.216,0.0,0.01,0.34
661,0.944,0.034,0.014,0.0,0.0,0.008
662,0.0,0.006,0.026,0.628,0.282,0.058
663,0.968,0.006,0.008,0.0,0.0,0.018
664,0.962,0.006,0.012,0.0,0.0,0.02
665,0.0,0.0,0.012,0.666,0.274,0.048
666,0.992,0.008,0.0,0.0,0.0,0.0
667,0.242,0.154,0.236,0.0,0.004,0.364
668,0.042,0.052,0.652,0.0,0.014,0.24
669,0.004,0.024,0.508,0.0,0.004,0.46
670,0.008,0.034,0.614,0.0,0.002,0.342
671,0.846,0.082,0.042,0.0,0.0,0.03
672,0.0,0.02,0.036,0.512,0.322,0.11
673,0.13,0.048,0.016,0.28,0.488,0.038
674,0.0,0.0,0.004,0.768,0.212,0.016
675,0.054,0.826,0.072,0.0,0.004,0.044
676,0.0,0.008,0.012,0.844,0.094,0.042
677,0.0,0.028,0.002,0.27,0.688,0.012
678,0.272,0.186,0.162,0.002,0.008,0.37
679,0.044,0.048,0.764,0.0,0.004,0.14
680,0.036,0.826,0.092,0.002,0.004,0.04
681,0.0,0.006,0.026,0.35,0.554,0.064
682,0.28,0.142,0.188,0.002,0.004,0.384
683,0.168,0.048,0.676,0.0,0.004,0.104
684,0.0,0.008,0.004,0.57,0.406,0.012
685,0.0,0.008,0.002,0.676,0.276,0.038
686,0.992,0.006,0.002,0.0,0.0,0.0
687,0.0,0.0,0.004,0.782,0.184,0.03
688,0.842,0.08,0.04,0.0,0.0,0.038
689,0.118,0.044,0.108,0.0,0.002,0.728
690,0.162,0.04,0.23,0.0,0.002,0.566
691,0.052,0.1,0.14,0.002,0.004,0.702
692,0.118,0.216,0.136,0.002,0.0,0.528
693,0.992,0.008,0.0,0.0,0.0,0.0
694,0.03,0.078,0.152,0.004,0.014,0.722
695,0.0,0.008,0.008,0.754,0.198,0.032
696,0.0,0.01,0.006,0.71,0.228,0.046
697,0.024,0.174,0.294,0.008,0.016,0.484
698,0.0,0.006,0.022,0.584,0.324,0.064
699,0.128,0.05,0.02,0.304,0.442,0.056
700,0.026,0.122,0.406,0.006,0.014,0.426
701,0.0,0.0,0.006,0.842,0.136,0.016
702,0.0,0.0,0.006,0.782,0.186,0.026
703,0.194,0.22,0.502,0.0,0.0,0.084
704,0.088,0.812,0.068,0.0,0.0,0.032
705,0.046,0.222,0.146,0.008,0.018,0.56
706,0.06,0.806,0.062,0.002,0.008,0.062
707,0.886,0.09,0.012,0.0,0.0,0.012
708,0.02,0.896,0.026,0.0,0.004,0.054
709,0.108,0.134,0.538,0.01,0.01,0.2
710,0.002,0.076,0.026,0.176,0.578,0.142
711,0.126,0.036,0.004,0.27,0.558,0.006
712,0.126,0.042,0.006,0.268,0.534,0.024
713,0.0,0.0,0.02,0.802,0.122,0.056
714,0.02,0.864,0.082,0.002,0.01,0.022
715,0.028,0.854,0.074,0.002,0.006,0.036
716,0.98,0.02,0.0,0.0,0.0,0.0
717,0.03,0.226,0.148,0.004,0.012,0.58
718,0.06,0.778,0.084,0.002,0.004,0.072
719,0.13,0.046,0.006,0.31,0.472,0.036
720,0.016,0.748,0.09,0.004,0.01,0.132
721,0.876,0.068,0.024,0.0,0.002,0.03
722,0.994,0.004,0.002,0.0,0.0,0.0
723,0.0,0.056,0.016,0.246,0.612,0.07
724,0.0,0.006,0.018,0.76,0.166,0.05
725,0.978,0.016,0.0,0.0,0.0,0.006
726,0.0,0.0,0.004,0.86,0.104,0.032
727,0.01,0.966,0.012,0.0,0.0,0.012
728,0.0,0.0,0.002,0.558,0.426,0.014
729,0.126,0.038,0.002,0.416,0.416,0.002
730,0.022,0.012,0.174,0.002,0.004,0.786
731,0.02,0.064,0.8,0.004,0.004,0.108
732,0.078,0.096,0.578,0.006,0.012,0.23
733,0.0,0.006,0.022,0.566,0.338,0.068
734,0.0,0.002,0.008,0.294,0.678,0.018
735,0.048,0.658,0.138,0.002,0.022,0.132
736,0.278,0.154,0.26,0.002,0.008,0.298
737,0.124,0.042,0.004,0.424,0.388,0.018
738,0.044,0.086,0.608,0.01,0.01,0.242
739,0.326,0.488,0.08,0.0,0.006,0.1
740,0.016,0.038,0.812,0.0,0.004,0.13
741,0.0,0.004,0.02,0.782,0.156,0.038
742,0.0,0.0,0.004,0.828,0.14,0.028
743,0.226,0.688,0.04,0.0,0.002,0.044
744,0.126,0.036,0.002,0.364,0.466,0.006
745,0.05,0.232,0.414,0.0,0.002,0.302
746,0.0,0.038,0.036,0.444,0.384,0.098
747,0.268,0.582,0.076,0.0,0.002,0.072
748,0.0,0.004,0.016,0.124,0.822,0.034
749,0.284,0.058,0.11,0.004,0.01,0.534
750,0.032,0.192,0.418,0.0,0.0,0.358
751,0.008,0.04,0.006,0.348,0.586,0.012
752,0.0,0.006,0.006,0.366,0.61,0.012
753,0.974,0.024,0.0,0.0,0.0,0.002
754,0.21,0.144,0.136,0.004,0.01,0.496
755,0.974,0.026,0.0,0.0,0.0,0.0
756,0.0,0.0,0.004,0.792,0.174,0.03
757,0.022,0.67,0.092,0.002,0.016,0.198
758,0.98,0.016,0.002,0.0,0.0,0.002
759,0.0,0.018,0.044,0.472,0.434,0.032
760,0.99,0.008,0.0,0.0,0.0,0.002
761,0.0,0.002,0.012,0.704,0.262,0.02
762,0.0,0.04,0.01,0.224,0.702,0.024
763,0.98,0.004,0.01,0.0,0.0,0.006
764,0.328,0.59,0.032,0.0,0.0,0.05
765,0.002,0.03,0.604,0.014,0.02,0.33
766,0.158,0.176,0.428,0.0,0.0,0.238
767,0.024,0.082,0.552,0.0,0.004,0.338
768,0.026,0.08,0.166,0.002,0.006,0.72
769,0.024,0.104,0.656,0.008,0.018,0.19
770,0.018,0.698,0.112,0.004,0.032,0.136
771,0.974,0.018,0.004,0.0,0.0,0.004
772,0.0,0.008,0.006,0.554,0.396,0.036
773,0.0,0.0,0.0,0.654,0.334,0.012
774,0.148,0.126,0.466,0.0,0.002,0.258
775,0.032,0.874,0.066,0.002,0.004,0.022
776,0.112,0.744,0.044,0.002,0.006,0.092
777,0.122,0.036,0.002,0.31,0.518,0.012
778,0.99,0.008,0.0,0.0,0.0,0.002
779,0.0,0.006,0.032,0.608,0.268,0.086
780,0.45,0.452,0.044,0.0,0.002,0.052
781,0.0,0.008,0.002,0.722,0.234,0.034
782,0.146,0.072,0.546,0.0,0.002,0.234
783,0.02,0.908,0.024,0.0,0.004,0.044
784,0.024,0.886,0.03,0.0,0.004,0.056
785,0.128,0.042,0.0,0.442,0.38,0.008
786,0.0,0.002,0.014,0.476,0.444,0.064
787,0.048,0.028,0.344,0.0,0.006,0.574
788,0.012,0.838,0.058,0.002,0.01,0.08
789,0.012,0.56,0.158,0.008,0.052,0.21
790,0.0,0.002,0.012,0.856,0.092,0.038
791,0.038,0.064,0.702,0.0,0.004,0.192
792,0.02,0.698,0.16,0.004,0.022,0.096
793,0.058,0.198,0.164,0.008,0.018,0.554
794,0.0,0.008,0.02,0.276,0.668,0.028
795,0.126,0.038,0.004,0.356,0.47,0.006
796,0.974,0.026,0.0,0.0,0.0,0.0
797,0.0,0.002,0.018,0.57,0.344,0.066
798,0.042,0.026,0.728,0.0,0.004,0.2
799,0.034,0.294,0.21,0.008,0.016,0.438
800,0.952,0.032,0.01,0.0,0.0,0.006
801,0.124,0.15,0.088,0.004,0.012,0.622
802,0.004,0.032,0.644,0.002,0.008,0.31
803,0.254,0.16,0.154,0.0,0.006,0.426
804,0.0,0.0,0.0,0.812,0.174,0.014
805,0.0,0.002,0.012,0.894,0.068,0.024
806,0.796,0.182,0.01,0.0,0.0,0.012
807,0.984,0.006,0.006,0.0,0.0,0.004
808,0.122,0.038,0.004,0.226,0.602,0.008
809,0.08,0.076,0.122,0.002,0.014,0.706
810,0.0,0.0,0.004,0.644,0.326,0.026
811,0.04,0.042,0.634,0.0,0.01,0.274
812,0.162,0.082,0.676,0.002,0.006,0.072
813,0.152,0.104,0.166,0.008,0.012,0.558
814,0.124,0.048,0.014,0.318,0.454,0.042
815,0.122,0.042,0.008,0.488,0.326,0.014
816,0.01,0.918,0.03,0.0,0.004,0.038
817,0.0,0.01,0.028,0.666,0.204,0.092
818,0.0,0.0,0.006,0.688,0.28,0.026
819,0.022,0.956,0.018,0.0,0.0,0.004
820,0.0,0.014,0.012,0.812,0.152,0.01
821,0.002,0.016,0.02,0.466,0.444,0.052
822,0.13,0.048,0.016,0.33,0.438,0.038
823,0.05,0.092,0.674,0.002,0.006,0.176
824,0.938,0.048,0.008,0.0,0.0,0.006
825,0.092,0.18,0.146,0.002,0.01,0.57
826,0.052,0.812,0.06,0.0,0.006,0.07
827,0.856,0.09,0.026,0.0,0.0,0.028
828,0.0,0.01,0.028,0.624,0.252,0.086
829,0.126,0.042,0.004,0.374,0.436,0.018
830,0.132,0.068,0.042,0.2,0.496,0.062
831,0.988,0.008,0.0,0.0,0.0,0.004
832,0.0,0.052,0.016,0.442,0.438,0.052
833,0.308,0.148,0.174,0.004,0.008,0.358
834,0.042,0.052,0.012,0.444,0.432,0.018
835,0.906,0.07,0.012,0.0,0.0,0.012
836,0.002,0.014,0.014,0.4,0.51,0.06
837,0.126,0.058,0.014,0.37,0.39,0.042
838,0.0,0.006,0.022,0.606,0.322,0.044
839,0.884,0.092,0.016,0.0,0.0,0.008
840,0.024,0.282,0.452,0.012,0.004,0.226
841,0.014,0.024,0.646,0.0,0.008,0.308
842,0.0,0.056,0.012,0.31,0.612,0.01
843,0.0,0.002,0.02,0.6,0.338,0.04
844,0.12,0.046,0.706,0.004,0.006,0.118
845,0.278,0.178,0.28,0.002,0.004,0.258
846,0.102,0.672,0.092,0.002,0.01,0.122
847,0.0,0.0,0.002,0.68,0.316,0.002
848,0.1,0.112,0.648,0.0,0.008,0.132
849,0.0,0.0,0.018,0.65,0.288,0.044
850,0.046,0.06,0.024,0.172,0.58,0.118
851,0.99,0.006,0.004,0.0,0.0,0.0
852,0.032,0.15,0.538,0.002,0.002,0.276
853,0.008,0.06,0.736,0.004,0.014,0.178
854,0.176,0.174,0.18,0.0,0.002,0.468
855,0.152,0.774,0.044,0.0,0.0,0.03
856,0.964,0.008,0.01,0.0,0.0,0.018
857,0.132,0.048,0.018,0.34,0.432,0.03
858,0.13,0.058,0.626,0.0,0.004,0.182
859,0.98,0.016,0.002,0.0,0.0,0.002
860,0.0,0.0,0.004,0.696,0.29,0.01
861,0.124,0.042,0.006,0.38,0.414,0.034
862,0.048,0.088,0.712,0.006,0.004,0.142
863,0.026,0.252,0.172,0.016,0.028,0.506
864,0.01,0.736,0.112,0.002,0.016,0.124
865,0.992,0.006,0.0,0.0,0.0,0.002
866,0.03,0.064,0.122,0.006,0.014,0.764
867,0.052,0.132,0.186,0.006,0.01,0.614
868,0.0,0.0,0.006,0.712,0.262,0.02
869,0.952,0.03,0.006,0.0,0.0,0.012
870,0.384,0.18,0.108,0.0,0.026,0.302
871,0.036,0.802,0.096,0.004,0.004,0.058
872,0.976,0.02,0.0,0.0,0.0,0.004
873,0.978,0.02,0.0,0.0,0.0,0.002
874,0.004,0.062,0.018,0.356,0.49,0.07
875,0.26,0.698,0.028,0.0,0.0,0.014
876,0.896,0.072,0.012,0.0,0.0,0.02
877,0.992,0.002,0.002,0.0,0.0,0.004
878,0.84,0.124,0.024,0.0,0.0,0.012
879,0.274,0.08,0.334,0.002,0.012,0.298
880,0.002,0.038,0.67,0.01,0.02,0.26
881,0.02,0.896,0.022,0.0,0.004,0.058
882,0.04,0.22,0.17,0.006,0.01,0.554
883,0.188,0.26,0.414,0.004,0.002,0.132
884,0.032,0.888,0.026,0.0,0.006,0.048
885,0.0,0.0,0.012,0.722,0.248,0.018
886,0.0,0.0,0.012,0.818,0.136,0.034
887,0.0,0.004,0.004,0.822,0.154,0.016
888,0.0,0.002,0.006,0.818,0.158,0.016
889,0.0,0.008,0.01,0.71,0.22,0.052
890,0.43,0.468,0.048,0.0,0.0,0.054
891,0.994,0.006,0.0,0.0,0.0,0.0
892,0.002,0.012,0.018,0.336,0.59,0.042
893,0.988,0.012,0.0,0.0,0.0,0.0
894,0.04,0.138,0.148,0.01,0.016,0.648
895,0.0,0.034,0.05,0.438,0.31,0.168
896,0.0,0.0,0.002,0.736,0.248,0.014
897,0.0,0.008,0.008,0.604,0.374,0.006
898,0.976,0.02,0.0,0.0,0.0,0.004
899,0.196,0.542,0.128,0.002,0.014,0.118
900,0.026,0.876,0.062,0.0,0.002,0.034
901,0.288,0.152,0.164,0.0,0.002,0.394
902,0.994,0.006,0.0,0.0,0.0,0.0
903,0.212,0.052,0.336,0.0,0.012,0.388
904,0.004,0.036,0.686,0.0,0.004,0.27
905,0.024,0.11,0.348,0.0,0.004,0.514
906,0.006,0.094,0.46,0.008,0.012,0.42
907,0.0,0.006,0.018,0.748,0.18,0.048
908,0.284,0.158,0.238,0.002,0.008,0.31
909,0.904,0.07,0.012,0.0,0.0,0.014
910,0.016,0.922,0.028,0.0,0.0,0.034
911,0.032,0.028,0.168,0.002,0.002,0.768
912,0.042,0.04,0.006,0.476,0.412,0.024
913,0.14,0.044,0.722,0.0,0.004,0.09
914,0.01,0.788,0.078,0.006,0.016,0.102
915,0.958,0.032,0.006,0.0,0.0,0.004
916,0.952,0.026,0.01,0.0,0.002,0.01
917,0.986,0.012,0.0,0.0,0.0,0.002
918,0.01,0.904,0.042,0.002,0.002,0.04
919,0.976,0.024,0.0,0.0,0.0,0.0
920,0.242,0.038,0.102,0.0,0.002,0.616
921,0.002,0.048,0.016,0.436,0.468,0.03
922,0.276,0.092,0.076,0.0,0.01,0.546
923,0.0,0.002,0.0,0.762,0.236,0.0
924,0.28,0.164,0.206,0.002,0.006,0.342
925,0.292,0.13,0.372,0.002,0.006,0.198
926,0.136,0.082,0.574,0.01,0.006,0.192
927,0.0,0.008,0.01,0.548,0.392,0.042
928,0.0,0.03,0.002,0.506,0.444,0.018
929,0.018,0.82,0.056,0.0,0.01,0.096
930,0.95,0.01,0.018,0.0,0.0,0.022
931,0.882,0.082,0.016,0.0,0.0,0.02
932,0.0,0.002,0.02,0.404,0.544,0.03
933,0.03,0.058,0.394,0.0,0.0,0.518
934,0.03,0.822,0.082,0.0,0.002,0.064
935,0.002,0.072,0.014,0.288,0.55,0.074
936,0.182,0.042,0.418,0.0,0.002,0.356
937,0.98,0.004,0.01,0.0,0.0,0.006
938,0.02,0.056,0.422,0.0,0.0,0.502
939,0.992,0.004,0.002,0.0,0.0,0.002
940,0.244,0.056,0.174,0.0,0.0,0.526
941,0.004,0.026,0.716,0.004,0.014,0.236
942,0.01,0.934,0.028,0.0,0.0,0.028
943,0.006,0.038,0.572,0.0,0.004,0.38
944,0.008,0.04,0.006,0.27,0.666,0.01
945,0.0,0.0,0.0,0.726,0.274,0.0
946,0.0,0.038,0.044,0.496,0.328,0.094
947,0.092,0.814,0.032,0.0,0.002,0.06
948,0.0,0.002,0.008,0.722,0.248,0.02
949,0.972,0.018,0.004,0.0,0.0,0.006
950,0.644,0.218,0.074,0.002,0.004,0.058
951,0.01,0.964,0.016,0.0,0.002,0.008
952,0.03,0.122,0.178,0.01,0.014,0.646
953,0.976,0.012,0.008,0.0,0.0,0.004
954,0.002,0.024,0.022,0.32,0.542,0.09
955,0.236,0.028,0.414,0.0,0.004,0.318
956,0.874,0.062,0.032,0.0,0.0,0.032
957,0.044,0.076,0.034,0.34,0.42,0.086
958,0.02,0.864,0.082,0.002,0.01,0.022
959,0.026,0.842,0.06,0.002,0.01,0.06
960,0.0,0.0,0.006,0.624,0.34,0.03
961,0.166,0.148,0.148,0.0,0.0,0.538
962,0.0,0.008,0.012,0.742,0.194,0.044
963,0.0,0.008,0.01,0.796,0.162,0.024
964,0.144,0.088,0.55,0.0,0.002,0.216
965,0.024,0.86,0.034,0.0,0.004,0.078
966,0.0,0.002,0.0,0.642,0.354,0.002
967,0.168,0.058,0.668,0.0,0.006,0.1
968,0.0,0.0,0.002,0.622,0.374,0.002
969,0.036,0.834,0.058,0.002,0.004,0.066
970,0.132,0.084,0.632,0.0,0.006,0.146
971,0.14,0.102,0.594,0.006,0.014,0.144
972,0.318,0.21,0.118,0.004,0.006,0.344
973,0.014,0.052,0.612,0.0,0.006,0.316
974,0.048,0.16,0.178,0.006,0.01,0.598
975,0.01,0.884,0.038,0.004,0.006,0.058
976,0.006,0.05,0.794,0.0,0.004,0.146
977,0.278,0.054,0.316,0.0,0.004,0.348
978,0.978,0.014,0.008,0.0,0.0,0.0
979,0.992,0.006,0.002,0.0,0.0,0.0
980,0.0,0.006,0.026,0.566,0.356,0.046
981,0.0,0.004,0.01,0.54,0.406,0.04
982,0.992,0.0,0.002,0.0,0.0,0.006
983,0.138,0.186,0.336,0.002,0.016,0.322
984,0.044,0.048,0.014,0.446,0.426,0.022
985,0.984,0.014,0.002,0.0,0.0,0.0
986,0.29,0.144,0.164,0.002,0.01,0.39
987,0.0,0.034,0.006,0.34,0.574,0.046
988,0.054,0.7,0.08,0.004,0.016,0.146
989,0.904,0.076,0.01,0.0,0.0,0.01
990,0.02,0.072,0.818,0.006,0.01,0.074
991,0.004,0.048,0.01,0.438,0.482,0.018
992,0.02,0.268,0.624,0.004,0.002,0.082
993,0.0,0.0,0.012,0.73,0.23,0.028
994,0.0,0.038,0.0,0.42,0.536,0.006
