,proba_0,proba_1,proba_2,proba_3,proba_4,proba_5
0,0.309175392451206,0.000326413868504963,0.07659207163005823,0.01120442385881602,0.013002670323107823,0.589699027868307
1,0.03937942185628038,0.0002020094040474787,0.05573008122100655,0.011692839776090962,0.017622416720972523,0.875373231021602
2,0.0022206612719108377,0.008186385714913327,0.9637523556090563,0.011421799746145515,0.005618956042210549,0.008799841615763462
3,8.823462007727527e-09,0.006107007103447384,0.007291294994310081,0.41361352655762373,0.567298371123442,0.005689791397715009
4,0.002902741969359057,0.013166912250441695,0.9608033265021152,0.01249935992220625,0.006793567316240381,0.0038340920396373944
5,0.002632026570801175,3.984880610559129e-05,0.019765245173640908,0.014095496456930076,0.034032623000236156,0.929434759992286
6,3.587757639371294e-08,0.044639780767190905,0.01034752230971218,0.27142238314064676,0.666284978569214,0.00730529933565982
7,0.0005584678613333873,0.012574217097925968,0.9541861195099883,0.015143090376731961,0.015475935041387029,0.0020621701126334146
8,0.005220843891974123,2.697006644981796e-05,0.022632847904972487,0.014518008673616606,0.034568806677286734,0.9230325227857002
9,2.256167442117279e-08,0.008422432584189664,0.007624545029113016,0.36838429570470804,0.58987992323332,0.025688780886994847
10,0.8954306866053876,0.0792819834408819,0.014101332445130456,0.006356515303019856,0.0012467059050043563,0.0035827763005759307
11,0.0036989637614037695,0.009967463278094713,0.9637880300930339,0.009658049871592692,0.007983806351645488,0.004903686644229372
12,0.06811367245874807,0.8710789503840256,0.02697859316870999,0.023081424878551,0.008100874909099736,0.002646484200865505
13,0.0003558988487302093,0.017581127190219464,0.9416635683456305,0.02563392398463583,0.01051903315009403,0.0042464484806899495
14,0.2801903962324691,0.6621570946051699,0.016031088896661955,0.032417103291105774,0.005485338385642181,0.0037189785889509335
15,2.7969110889345964e-08,0.007614508083591092,0.010141021227605929,0.7539171755550869,0.22142041085728947,0.006906856307315825
16,0.0007453231542724021,0.01949795315998602,0.950512088952843,0.014849320937988669,0.010909978185748317,0.003485335609161607
17,3.9508135122061205e-09,0.04428216839835303,0.0054449591267119995,0.458662541416062,0.48554292728337134,0.006067399824688041
18,0.4017926204982972,0.5621383036189239,0.01986087787308615,0.007401230058485314,0.005188816036451826,0.0036181519147555747
19,0.8852954338875523,0.08785205321070252,0.016526233937017604,0.005608847446211866,0.0008749775009029327,0.003842454017612763
20,0.8730393793653368,0.09966587077611283,0.013014044877012083,0.007803468274830127,0.0012878613086242995,0.005189375398083998
21,0.1079512365178877,3.556853524986304e-05,0.015092445820784436,0.017281836646186627,0.014209051275736805,0.8454298612041545
22,0.42173319029215084,0.545441911937306,0.021030938833859942,0.005735974777209826,0.0033217890644124284,0.002736195095061022
23,8.197509598354962e-08,0.009076091720442471,0.020783954035219186,0.16433582418041198,0.7887722403417194,0.017031807747110942
24,0.8717647686289658,0.10710464487650939,0.010396677225758487,0.00594073207571396,0.000928423184008633,0.0038647540090438323
25,1.0585179399873992e-08,0.012241189045893866,0.007841284443402067,0.3537273038633686,0.6161925406944564,0.009997671367699641
26,0.8476964968917293,0.12330558883548483,0.015380121986127376,0.007930515553696914,0.0010844717023858514,0.004602805030575693
27,1.556708958499981e-08,0.008645344655126074,0.006119180701812077,0.6939785358761437,0.28592116260039435,0.005335760599434329
28,0.0989914816539883,0.00017577400776657876,0.028579757792936915,0.01848617880973699,0.012777420218097794,0.8409893875174734
29,6.9049096911389325e-09,0.01082833928525069,0.007561638210679187,0.44498573423062554,0.5262359672596574,0.010388314108877394
30,0.01639800498564369,0.00017274453902295573,0.024878907674041804,0.035088840074955135,0.01901595235709794,0.9044455503692386
31,0.05802683837608603,4.555076133812321e-05,0.02014993735356783,0.021473120645175467,0.019543826742946153,0.8807607261208864
32,2.896153163368424e-08,0.0172523146201723,0.015713108014494263,0.6947787866311778,0.26865935267154456,0.003596409101079535
33,7.444289787260683e-09,0.007459447792925408,0.010312868671052104,0.35751688625049555,0.6141186991261159,0.010592090715121202
34,0.4923414543983839,0.4516224993710623,0.018476740906609716,0.02684834439346583,0.00681238983733286,0.003898571093145379
35,0.0003731574623020701,0.012322131277435784,0.9621908067961226,0.01475139378104887,0.007449036320514429,0.0029134743625763002
36,0.029332963403534883,5.7986047577615496e-05,0.058083557590228034,0.009573060121406457,0.028466062016391805,0.8744863708208611
37,0.04570832239854689,0.8963234092814781,0.0203422956001294,0.0167394599164061,0.017266989590479582,0.003619523212959918
38,2.254394391993603e-08,0.011247728045567942,0.016621275671035524,0.5583482671994366,0.4070054811691463,0.006777225370869638
39,0.017083800678377326,6.51484070552872e-05,0.03684935932380006,0.02146323948324145,0.028483518752468198,0.8960549333550576
40,0.3301735049528495,0.6276999336079303,0.02833146704750869,0.008015727113101178,0.003332129835722797,0.0024472374428874126
41,0.08272326301406244,0.00010738246535208396,0.021722692078063877,0.01632462980279415,0.013859962181077028,0.8652620704586503
42,3.441771013614126e-08,0.0033999776472116495,0.006310822736869226,0.852892770486159,0.13182891662589535,0.005567478086154661
43,0.00042112707492897474,0.013348681206891038,0.9526489243925391,0.017898139746652986,0.013695546448185159,0.0019875811308026235
44,0.019878365580868137,1.9692517881962605e-05,0.024239389438293985,0.01200865861721722,0.031727667762775094,0.9121262260829637
45,0.8922012522136811,0.08281228797644563,0.010234476000844313,0.009241965321168851,0.00118953858810804,0.004320479899751771
46,1.1849200091049679e-08,0.01938803248867294,0.007780092860289347,0.33743717777779697,0.625381927222578,0.010012757801462643
47,2.780202952356635e-08,0.003472951197778968,0.00447207655563385,0.8015407248078334,0.18060063559337716,0.00991358404334708
48,0.7596873128105764,0.20171330085918646,0.01718371868355274,0.012075906645156663,0.0029981258377724243,0.006341635163755431
49,2.2134805244438677e-08,0.013400422388168794,0.007325596698447497,0.7025629559698204,0.27110953300070073,0.00560146980805733
50,0.08991995296438815,0.8370970777598012,0.04141922489901041,0.019011976293038583,0.007872694688900466,0.004679073394861155
51,0.7859881517838943,0.18081318121400675,0.012352792587193982,0.015166548004396655,0.0014372350917788996,0.0042420913187294455
52,0.011673196187675493,0.007165000820216657,0.9635890021604125,0.006481525287486978,0.006139492981480239,0.004951782562728174
53,0.00024899963667723585,0.01769576214743355,0.9539397549879364,0.015522527924405108,0.008963451117667165,0.003629504185880592
54,0.13278684413022737,9.441194516878426e-05,0.03007451319132287,0.013344862207156055,0.01611664557478955,0.8075827229513354
55,0.07890455806279882,0.0002261011970050705,0.04841365007538536,0.018127182762139614,0.014358824958311032,0.83996968294436
56,1.7633105309479584e-08,0.006371992648924385,0.009126623438497697,0.3211987874753808,0.6555639725750907,0.0077386062290010155
57,0.009212091017920261,0.01294228385511482,0.9631926382260211,0.005034385503943327,0.004501848542539014,0.005116752854461479
58,0.0004725314381975684,0.014066796045407849,0.9569984512897372,0.017135335260395065,0.006382036219805216,0.004944849746457337
59,0.000439954367998753,0.018257127659544223,0.921463629155841,0.021110653787375817,0.0375620024823193,0.001166632546920896
60,4.617560892139906e-09,0.023887561403478273,0.00714735749635249,0.32697674968875534,0.6368516498667844,0.005136676927068546
61,2.2058624485318034e-08,0.019670685906030282,0.01079083592025059,0.6214845679105002,0.3407004284506511,0.0073534597539433
62,0.37811596654598223,0.5814347112385196,0.02586599907926647,0.005296431419029809,0.006259188404287493,0.003027703312914276
63,0.552961371984401,0.39930172108466205,0.014243631132994991,0.027798499197325893,0.0024618798083339984,0.003232896792282069
64,4.0184916597513464e-08,0.01730373046432971,0.010728659895952685,0.7997375869178658,0.16566859288620872,0.006561389650726523
65,2.97354324202019e-08,0.004739749343162406,0.006256668914090133,0.7225918717715322,0.25630961666695656,0.010102063568826349
66,0.07964485699079525,0.8691454422121819,0.01794010166391226,0.02253692376712361,0.0074527646194813835,0.0032799107465056967
67,6.225468045515422e-09,0.0380751747182573,0.01413071287656732,0.32583569961810355,0.6191585888559424,0.002799817705661375
68,1.4281098925610371e-08,0.008607203829406457,0.021202859028115525,0.3856247968045736,0.5762192345535998,0.00834589150320562
69,0.3430843899121045,0.5778244895001456,0.02089627174215304,0.049669744288492405,0.004621694056030651,0.0039034105010736283
70,0.213565934531412,0.0009146407460896044,0.024531196700837303,0.022185414663783314,0.007326070699593886,0.7314767426582838
71,3.802810509478601e-08,0.005396897137156398,0.005293374486068603,0.6764849608958486,0.296821677851518,0.0160030516013033
72,0.0036009207647171877,0.008236770874471772,0.967824588769829,0.00847719493484387,0.005430983234937294,0.006429541421200911
73,0.21931232118679128,0.703905247894431,0.05131658019694621,0.01685869992637506,0.00532217545641245,0.0032849753390441407
74,0.2103789187401476,0.70977570421379,0.03293698998529672,0.03464154531476704,0.008070066394979659,0.004196775351019047
75,5.0037231015464314e-09,0.011410315264677187,0.006084922429349335,0.301851094865563,0.6727258284016979,0.007927834034989329
76,0.8667044845155498,0.11126033785447786,0.010086169201443939,0.006252300638130552,0.0009752608627530767,0.004721446927644808
77,6.01742610241444e-09,0.016024718698429676,0.008555271730888292,0.2999285256722545,0.6663251545340747,0.009166323346926748
78,0.8316622227286339,0.13534734858051037,0.01702050079023387,0.00798152586387793,0.002095585179650616,0.0058928168570933255
79,0.07690317972323776,0.8438986342409941,0.029579129085908457,0.025887107243291196,0.020033440568420515,0.0036985091381479002
80,0.8255121119420328,0.14475314258306302,0.014029709829480083,0.007388767495485319,0.0019533123577387254,0.006362955792199972
81,0.8908660813642281,0.08098785954834924,0.016220654204096147,0.006759923080594471,0.0009848628314676005,0.004180618971264148
82,0.8332200375147909,0.13985503170703328,0.0147229235904892,0.006965625224652288,0.0015254516577826087,0.0037109303052517695
83,0.8582679811989261,0.11556612311630057,0.010335588576444562,0.010417914809219476,0.0013226793041470118,0.00408971299496233
84,0.06531634321934056,3.0251222147088545e-05,0.02683536045398669,0.009631704426409085,0.025716249135507054,0.8724700915426096
85,0.8883950578848891,0.07990726775799667,0.015746798064471983,0.009224626466157649,0.0016285794689937802,0.005097670357490737
86,1.7298971329019763e-08,0.02345028852258524,0.017393006446231596,0.364492189033685,0.587649549120604,0.0070149495779228774
87,0.08328730616988607,0.00010558622752794867,0.024413493178327327,0.02349326853528512,0.015027807216969898,0.8536725386720035
88,0.21609470376681697,0.7444183778584552,0.01838861743500412,0.01338703749454355,0.00471196915756994,0.002999294287610187
89,1.0209339662595074e-08,0.04727782061646345,0.008554061887830984,0.6242290941198236,0.3155774504400514,0.004361562726490709
90,0.65316235918952,0.31455362172395196,0.012071069652911284,0.015849977746816686,0.0015327969893801296,0.0028301746974202205
91,5.056221919462512e-07,0.021037094820193013,0.032448981207249046,0.611305439939044,0.31863571966057747,0.016572258750744605
92,9.688852427578851e-08,0.012791326860908047,0.013519401363365163,0.7531493586079464,0.2142306873114132,0.006309128967842829
93,8.555319075452231e-09,0.02392501282889964,0.010053139112977852,0.3282500733297368,0.633008960211101,0.004762805961965766
94,0.8896104760092072,0.08730065056112368,0.010598057165665935,0.007192063424324,0.0010666664084710926,0.004232086431208212
95,0.0016466406978690815,0.011637191744446716,0.9625439613655979,0.011040796147573606,0.007165876057746671,0.005965533986765993
96,0.31762610524851353,0.6078578753698632,0.02787406338105833,0.03462623925629257,0.00818906605126365,0.0038266506930086062
97,0.220650830811242,0.7413360396282865,0.024636572074634735,0.0063652815143583705,0.004491471638598935,0.0025198043328795274
98,0.006719671015131779,0.014242941579264591,0.9564012001959475,0.008244893597336031,0.007363779956759712,0.007027513655560449
99,1.1893462969106809e-08,0.022168650969460694,0.009621722717590243,0.2791252191030417,0.6793460092272479,0.009738386089196516
100,3.949260066804224e-08,0.01598626756949464,0.013947079705371722,0.675775431528474,0.29013894559643394,0.004152236107625046
101,0.01020378817813324,0.01335406392682715,0.9581403502882831,0.008080828009910026,0.006463311759454284,0.003757657837392259
102,0.28771850397635373,0.6614643848991429,0.020626272520408957,0.013968281211884488,0.009007451235547189,0.007215106156662701
103,0.36518976661175734,0.000641214314341385,0.09395690564245326,0.016836940857208358,0.012593802082225018,0.5107813704920148
104,0.0007327485402420207,0.018576773807418966,0.9594002332777044,0.010144601112391176,0.007177291569925333,0.003968351692318176
105,0.0006245899860671851,0.017972675602419667,0.9495184608106602,0.014511785705863449,0.015403546224717847,0.00196894167027172
106,0.0002590730868166767,0.025086938020260553,0.9373946899229368,0.01941553941454385,0.014902697708807018,0.0029410618466350295
107,0.0014424744101800965,0.012707759964372987,0.9619152927412103,0.011362706345261549,0.006114887538497344,0.006456879000477773
108,0.8208670342557233,0.1510775842607156,0.018316115721369295,0.005758920574413085,0.0009949749514802193,0.0029853702362985456
109,1.0747472929361474e-07,0.004849301152023984,0.0055489398365499865,0.4513505652612788,0.4947117707239663,0.043539315551451546
110,0.0052021974431544216,1.559950177674226e-05,0.011184584168303363,0.011628249433455529,0.030759294800954382,0.9412100746523556
111,0.00106372870005536,0.01309810002656058,0.9052302469379201,0.019865543317174834,0.05916846318780318,0.001573917830485988
112,0.09748740854117376,0.00015960850125671018,0.07237054123386837,0.009821687665901356,0.019700733792345146,0.8004600202654546
113,3.895976604362947e-08,0.00906811582635836,0.0068682696021024146,0.8120348481329767,0.1625493060519002,0.009479421426896319
114,0.13563758647797508,0.7124387820451527,0.03525313753039861,0.07628529830113127,0.03309599722884555,0.007289198416496979
115,0.27194613017922853,0.6820830880026398,0.015323217250752447,0.02371301609684619,0.004307774682090174,0.002626773788442825
116,1.1732377530201074e-07,0.0043656777730642655,0.004350361139115483,0.5764349705730577,0.38989439153766053,0.02495448165332673
117,0.0003260891218623859,0.024445097558937378,0.9469725937729481,0.013527995093156164,0.011551276856604412,0.0031769475964917035
118,0.4539284118096568,0.511835300672687,0.012996954091175902,0.015331503839603772,0.0027416759460415848,0.0031661536408349113
119,6.103075380323905e-09,0.009369986977891381,0.006014623411871555,0.3918440507959983,0.5608624900680507,0.03190884264311275
120,3.710089516259488e-05,0.03444274580611499,0.4990363985263343,0.44940095951568726,0.015808284140857314,0.0012745111158434554
121,1.7963670948892274e-08,0.014624008151558853,0.01976930308590414,0.3524037337825754,0.604527550267322,0.008675386748968863
122,2.5236282342997517e-08,0.005888581441307128,0.01281217966310749,0.24391601511353675,0.7295197388190637,0.007863459726702503
123,0.0015744690626834752,0.009761018135360929,0.9689198275479385,0.009863018762498484,0.006333172219593567,0.003548494271924964
124,0.866412820527441,0.10955683308292187,0.011979810206194545,0.007205232404397414,0.0014616095948927009,0.0033836941841524255
125,0.8585951665702894,0.11749234965700614,0.00884310267693079,0.010097607598021145,0.001200019632400095,0.0037717538653522877
126,0.2103789187401476,0.70977570421379,0.03293698998529672,0.03464154531476704,0.008070066394979659,0.004196775351019047
127,0.4552976342785323,0.46046275309502754,0.02770497338747238,0.04099870527660815,0.010740965844723623,0.004794968117636
128,0.2436863996811155,0.6812874547360698,0.02829585011682739,0.03316201557901765,0.010201967400434555,0.003366312486535174
129,0.09992342462360486,0.8637163005554417,0.013251153437571874,0.013488398737236666,0.006822917063137027,0.002797805583007949
130,1.081370509831552e-08,0.008824604363656341,0.005586300094989368,0.29007346328033445,0.6928844697167399,0.002631151730574762
131,0.10518656151253875,0.8474265490731049,0.02199172684495951,0.016724259779511426,0.00535768191590632,0.003313220873979019
132,3.894308550900787e-08,0.02486870669691243,0.056864239033659586,0.7310188606492464,0.1795117038870376,0.007736450790058418
133,0.1389267057613839,0.8209379497407138,0.019153294223056463,0.011082123494574735,0.006629722329614603,0.003270204450656391
134,0.7830610431676186,0.1714047365966646,0.02880366576710571,0.00915880006314224,0.0017158322153447872,0.005855922190124132
135,0.8988608168727625,0.0746815170857593,0.012569456211102168,0.008493628173833445,0.0010363903712786668,0.004358191285263749
136,0.7078972154491435,0.24964316581780055,0.015582093893889709,0.019117204690229816,0.002801077464223003,0.0049592426847134595
137,0.02471506256705512,1.9044088496559804e-05,0.020452227836271448,0.007465641745563852,0.02965841103365065,0.9176896127289624
138,0.6263714796406211,0.2847445214234954,0.04845439779143948,0.027918846376741985,0.006971233779467838,0.0055395209882342636
139,2.8760721312532386e-08,0.08237146293540654,0.01960832027187709,0.46824680203613867,0.42412994343769633,0.005643442558160189
140,0.06380009859060516,0.00012216435241427752,0.031789392810041985,0.01505058808089878,0.01735590338526291,0.8718818527807768
141,0.8837380408893435,0.09526160451127728,0.010775928214796143,0.00566484400398816,0.0009190120592374048,0.003640570321357694
142,0.8148193823340318,0.14369376212581794,0.016883162287799836,0.016567157514887625,0.0015665184782428865,0.006470017259220032
143,0.7889553818395539,0.18306164900534203,0.013132384380131762,0.008677959015088667,0.001639531854036374,0.004533093905847331
144,0.9041065076787216,0.0658576170533885,0.011691207213802367,0.010324553863618588,0.001479562351013425,0.006540551839455617
145,4.2990609193444124e-09,0.03386134890218008,0.006618136541254697,0.31315156713680525,0.6422080977644709,0.004160845356228188
146,0.0002719507149382585,0.008996140396851397,0.9580532119062827,0.019250443699586773,0.008387653453320461,0.005040599829020324
147,1.8074030177028195e-08,0.00929649363969177,0.004326826739036068,0.5651371406198796,0.41479491179177086,0.0064446091355915575
148,0.04463349376913315,9.003331319050827e-05,0.03212208704552075,0.028260821859511457,0.019719287030277106,0.875174276982367
149,0.049020543036724464,0.00016512851382952736,0.04419141023066522,0.022782487467069346,0.020620455800849858,0.8632199749508617
150,3.588815040710028e-09,0.014720311738423494,0.008620233212154946,0.48809801741190445,0.48081291758790456,0.007748516460797521
151,0.8909351081500699,0.08187964854097292,0.011953280336798714,0.009070156058183194,0.0010713444327689937,0.005090462481206345
152,1.4785711039391793e-08,0.0068909685196402795,0.010273420080174563,0.29110063127175473,0.685518005858087,0.006216959484632425
153,0.8651883225892176,0.10691112534893078,0.014772855443215173,0.006762932214045611,0.0010581311272154332,0.005306633277375429
154,0.8865544801281026,0.08711702471672282,0.013953210270130034,0.007571593204151858,0.0010450731397947952,0.00375861854109782
155,0.8789163696964406,0.09372020004304563,0.01559270736744477,0.007183790693340407,0.0008877419307120983,0.003699190269016551
156,0.0005473709598022988,0.01277300396670921,0.9538681393225447,0.018174945040192708,0.006831107631659156,0.007805433079092038
157,0.1288001412790112,0.0001463032064283364,0.03271749300338421,0.01585073887201433,0.013201937322409454,0.8092833863167525
158,0.0009537035122756317,0.015444847220275981,0.953626220388412,0.014179899256563424,0.011183916615226743,0.004611413007246215
159,0.14681564664991792,0.8059290873081573,0.02562054860871878,0.00936580947707645,0.008150001772607114,0.004118906183522573
160,0.18613333520874006,0.00022243210261858065,0.05549616647633457,0.019034350084980566,0.017209827131146906,0.7219038889961793
161,1.6426425256467682e-09,0.007367619517000134,0.005363583371347168,0.3969213846259844,0.5808097454028073,0.009537665440218383
162,1.9549390755734456e-08,0.007762392260490568,0.01102189525976813,0.5442676035213928,0.42828752870301545,0.008660560705942125
163,8.781589320189176e-09,0.04101116277857747,0.007876589772992071,0.3178873873316524,0.6253221069608154,0.007902744374373476
164,0.05758306548958422,2.9036857898671185e-05,0.027444570857986704,0.005869877644817694,0.02404747414578973,0.885025975003923
165,0.8741039910864058,0.09797268869856202,0.014126095181568992,0.009181517331162313,0.0011183488305787335,0.0034973588717220347
166,0.293698783211302,0.6250633218120211,0.026289959201420358,0.026921849628736595,0.013617680076405934,0.014408406070113957
167,8.79077884427631e-05,0.02459752739898112,0.9372334016094533,0.022852273161871984,0.011918191820742064,0.0033106982205089322
168,0.001219365395565812,0.009461478555580313,0.963838269366306,0.011613210124240833,0.008410732166839387,0.005456944391467771
169,0.0037759942240989204,0.00397498422686691,0.965294795270924,0.011491165067727549,0.008546608522393832,0.006916452687988725
170,0.8992057684880467,0.07230372688664803,0.010481813525273677,0.011297300694300563,0.0015009438838948974,0.005210446521836133
171,4.7616641637708635e-09,0.0177385115857828,0.005531383821359204,0.3203479408060452,0.6471017349190087,0.009280424106139927
172,0.0550524642087628,0.00023714586420587572,0.019347339935929724,0.024016829984789,0.013747378406518029,0.8875988415997945
173,0.8681838295930133,0.10565064752705841,0.012108483296394424,0.008266135950561318,0.001485343520097863,0.004305560112874498
174,0.012154298775170462,0.00699054471336352,0.9599228063765457,0.006784341554075584,0.00619908524321096,0.007948923337633773
175,0.003392318622348271,0.014419182390383254,0.9633483980508896,0.008073821365531135,0.007788812131778477,0.0029774674390692967
176,0.024926094587497023,1.5941860015862204e-05,0.027333523060060334,0.00899891768085078,0.03600667866231092,0.9027188441492651
177,0.006407369431896994,4.117752856874417e-05,0.01671749166204406,0.027379187022774892,0.026573497049619792,0.9228812773050955
178,0.015592271913219172,4.456886989344536e-05,0.04296550507384174,0.010660888333775022,0.030692653275019154,0.9000441125342515
179,0.0009443003548831435,0.009425579661588437,0.9670751434186863,0.012013964557100543,0.007274095058716114,0.0032669169490255603
180,0.03116484446880352,0.0002604939525595999,0.05124442852002077,0.0210367361987704,0.019180075089595808,0.8771134217702499
181,0.12265876569547274,0.00013955061876829951,0.044760925054845545,0.014825782342654376,0.017058214702795182,0.8005567615854637
182,1.4624140559797346e-08,0.02210194917604859,0.023148475882548963,0.4908520482520503,0.45708607912534904,0.006811432939862628
183,1.8202708784794637e-09,0.0057565085343162055,0.00379517106236018,0.2087397373099612,0.7690006636683521,0.012707917604739431
184,0.01886582361670767,0.012067382780433443,0.9466725495192225,0.0071662363154935535,0.006772101007025726,0.00845590676111717
185,0.013407840729064343,4.5686965178063424e-05,0.042230033710300055,0.016248812166116018,0.03365974242309868,0.8944078840062428
186,5.685178281465665e-08,0.003627437330777001,0.005783892949517628,0.794246789618232,0.1808623851544706,0.015479438095219863
187,0.07351963327205949,0.8472231012001736,0.04054872949435726,0.02639145521978834,0.009208766712296397,0.0031083141013249953
188,0.02799597659324997,0.00013609250432096087,0.037569999728034986,0.018710985257878055,0.019059339290947202,0.8965276066255687
189,1.3675946636345569e-08,0.01010826308965514,0.011261620113725097,0.5385644497390801,0.4340537787755993,0.0060118746059937105
190,0.0003731574623020701,0.012322131277435784,0.9621908067961226,0.01475139378104887,0.007449036320514429,0.0029134743625763002
191,1.1849200091049679e-08,0.01938803248867294,0.007780092860289347,0.33743717777779697,0.625381927222578,0.010012757801462643
192,9.342044467104171e-09,0.007069434298705344,0.004855190598688253,0.24883488843649298,0.7095770110962535,0.029663466227815512
193,0.8420678591608666,0.12196756004619073,0.023600600658299557,0.006590581045697898,0.0013438596273775243,0.004429539461567511
194,0.009694909731339775,0.012301466078695967,0.9621606081550778,0.006603695337671899,0.006387981940529475,0.002851338756685047
195,5.756586506687556e-09,0.005552690584732777,0.0051185387372732925,0.27889056479176344,0.6937260411280401,0.016712159001603957
196,0.8485355651932112,0.12577094502857852,0.01116650093952036,0.009860002936908988,0.0010309647305809639,0.003636021171200074
197,0.8714107288665099,0.10325726861055277,0.013757866983515393,0.006691839770571631,0.0008572999322836553,0.004024995836566393
198,0.0003731574623020701,0.012322131277435784,0.9621908067961226,0.01475139378104887,0.007449036320514429,0.0029134743625763002
199,0.8823330927529507,0.08849291776761363,0.014776754861489503,0.007113713052734262,0.001235630741173463,0.006047890824038469
200,0.33741996795527796,0.5839627905922736,0.029513024145985528,0.03240803395733289,0.009279111437935117,0.007417071911194673
201,0.8668159587621359,0.10709993442200032,0.009414945302274255,0.010310523853235484,0.001233588538249456,0.005125049122104649
202,0.20368449004559094,0.00011612196560819695,0.03626763256428582,0.009225751627273614,0.013700395428092342,0.7370056083691491
203,0.8776059328128427,0.08986470972087933,0.022214441434453107,0.00552023406966493,0.001189058775935394,0.003605623186224697
204,0.8777599588947035,0.09712779669302479,0.011943166504067366,0.008189977998048386,0.0009940339559993405,0.003985065954156693
205,0.10748232085554664,0.00012760071709815054,0.04082499026644824,0.015645715019317684,0.016498712490117935,0.8194206606514715
206,0.0013853783433756285,0.006913463916579843,0.9746030683573536,0.009137717289342104,0.004938371259870341,0.0030220008334785747
207,0.05177912654339229,0.0001380223152430951,0.0543498045966078,0.01093362881801154,0.026464375797989995,0.8563350419287552
208,0.00016963448810173969,0.02165591896491488,0.916025208286285,0.023973715536446883,0.03656543048965485,0.0016100922345966505
209,0.19538089431027852,0.7704053805205763,0.012419905083853287,0.014903894349305695,0.003967448910031801,0.0029224768259544097
210,0.006169240272379313,0.016000410552076284,0.9631381904316024,0.00743356715339053,0.004548011991950363,0.0027105795986011147
211,0.5770303938579212,0.3687013124731009,0.01626687209634986,0.032129824324812914,0.0033758211779318535,0.0024957760698834076
212,0.005063179991104729,2.364106849246034e-05,0.021066176827945402,0.012938135165567854,0.03281235176947804,0.9280965151774117
213,0.8647606246835072,0.10630610935551525,0.01752356402141099,0.006125057740289028,0.001080840061042741,0.004203804138234891
214,3.240444048068714e-09,0.03884135140319778,0.00829385366346817,0.2702300151930099,0.6764221708281052,0.0062126056717750535
215,0.3970443445655169,0.5640889480242065,0.02287624952839314,0.00870407015302024,0.003043632348111729,0.004242755380751584
216,0.012220589432678725,4.468995498936599e-05,0.016869693400423203,0.023539655431116444,0.025474904129902942,0.9218504676508893
217,0.15077261138822284,0.7950041424291496,0.033538919926247614,0.007877993214803179,0.009776478260782578,0.0030298547807942637
218,0.09746015158156318,4.346478625648636e-05,0.039499826129818436,0.012825204677112189,0.026840317357649135,0.8233310354676007
219,0.013599788468929513,3.740384005253278e-05,0.009058584031350458,0.020460963987800666,0.01701200355914221,0.9398312561127246
220,0.8886781091989062,0.0872826256113989,0.011757164656142424,0.007338155675794278,0.0012057308093103292,0.0037382140484476145
221,5.36714916463705e-08,0.029652880382057087,0.014192490349543552,0.24733917069042455,0.7029355407171933,0.005879864189289851
222,1.5135270355183715e-08,0.01263289794003914,0.0076017131029402175,0.7127288292145232,0.26386794836708183,0.0031685962401451144
223,0.001066031099418051,0.016056221382601467,0.955860021464589,0.013648280344963458,0.009709002492074837,0.003660443216353239
224,0.566263713681882,0.3973296849737307,0.00946096965273937,0.021779956458721828,0.002353965167634635,0.00281171006529135
225,9.223521188783983e-08,0.005855660685171277,0.020171016546309418,0.2672079052980552,0.6710617702854865,0.03570355494976582
226,0.08013655457084083,9.39159131634727e-05,0.04246764205697874,0.01879995879185151,0.02289325360215359,0.835608675065012
227,1.0290107298626317e-08,0.007866708984696385,0.013444691816032882,0.4173755591577974,0.5564803664157774,0.0048326633355887764
228,0.0860794373694828,0.8630684708922379,0.01519385531201248,0.026821491496139,0.006460146035287314,0.002376598894840502
229,0.18195177192185494,0.0003714939218209018,0.017239799641200895,0.02726103740561215,0.011622060766327188,0.7615538363431839
230,0.00021060224729905057,0.01856768628197798,0.9403066753840054,0.018668419166186806,0.020142332284523598,0.0021042846360073324
231,0.032135328830560465,2.8374115180888027e-05,0.020978497458605867,0.02225255566074224,0.02420400255468481,0.9004012413802258
232,0.7742068220390179,0.19727602265569655,0.02018227487735451,0.003248192410519416,0.0015717023848718149,0.0035149856325398655
233,3.398455045432372e-08,0.042921685026493586,0.009281635513195701,0.7613965891748633,0.17837584109508497,0.00802421520581193
234,0.0002134388884157899,0.011369756819341546,0.8487168272545047,0.11030348488577592,0.02820348514639568,0.0011930070055662363
235,0.2795818224990111,0.6911927799690407,0.015703254132425126,0.008391241957267552,0.002831954494438522,0.0022989469478169222
236,2.5192193677039894e-08,0.017464542438015807,0.010962649516433222,0.6608263203311388,0.3074640028474797,0.0032824596747388895
237,0.890706449618665,0.08822874755043959,0.01098356289962035,0.005547771388944272,0.0008480395865245838,0.0036854289558061436
238,0.056426617560003736,0.00018460597737276392,0.04902405637935742,0.02506065459571851,0.018230872617903536,0.851073192869644
239,0.10372125424059818,5.4397654177082514e-05,0.05791401262914904,0.006471301490024849,0.028689922245387196,0.8031491117406636
240,0.861890023219064,0.10892387809963502,0.010932693176719086,0.011077306505303945,0.0015848728715436534,0.005591226127734465
241,0.8986202589420053,0.07639209184197783,0.012922283584830656,0.006369554743389889,0.0010009940080135062,0.004694816879782877
242,0.14639315181574877,0.7132645791358687,0.029345549854625817,0.07589304986764686,0.0263838618620247,0.008719807464085008
243,0.002507494570805632,0.01290432337804506,0.962834106201856,0.007960467115084023,0.009994783649331509,0.003798825084877705
244,1.1849200091049679e-08,0.01938803248867294,0.007780092860289347,0.33743717777779697,0.625381927222578,0.010012757801462643
245,1.081370509831552e-08,0.008824604363656341,0.005586300094989368,0.29007346328033445,0.6928844697167399,0.002631151730574762
246,1.549280000969345e-08,0.007352247549830611,0.005019145925461272,0.597790567531376,0.3821078580744907,0.0077301654260412515
247,0.880532174767862,0.09553301831847306,0.01470588071529914,0.004709392821233892,0.0009152096821345867,0.003604323694997488
248,0.23078952686120535,0.7323808935159066,0.012144360867850524,0.018355067654527116,0.004341222259834148,0.001988928840676299
249,1.3315971573343983e-07,0.012043913330100959,0.04346525462505899,0.4950779753908459,0.44014310174984006,0.009269621744438305
250,6.3047709430771086e-09,0.02497647153291163,0.013029074922978499,0.37983865779024895,0.5748931447348297,0.00726264471426037
251,0.002373298566807436,0.007617205621714439,0.9722002796066859,0.00854918657194994,0.0059255447431077355,0.0033344848897346635
252,1.1957308917773704e-07,0.10247063481928222,0.014527299024295575,0.4516849498980489,0.4267069795405388,0.004610017144745244
253,9.352458730599183e-09,0.026547792275863343,0.03227684633307038,0.3665419231908266,0.5659144115523704,0.008719017295410475
254,3.1365684566198247e-09,0.028278866669617028,0.0061667621349523775,0.28681569199942636,0.6724562079129316,0.006282468146504131
255,0.0017849384436275123,0.0094226974397127,0.9670566291047555,0.009002712545377314,0.006173025134680029,0.006559997331847017
256,8.35326152892092e-05,0.03109676407083446,0.8832689629193965,0.054473023352176964,0.029578822226518534,0.0014988948157842452
257,0.8625128547704438,0.10523012322587706,0.019111182089712037,0.008831946135278166,0.0011335127870147055,0.00318038099167437
258,0.17396853347474692,0.7830432387274039,0.013842918098406005,0.018921877011967958,0.006314606335526157,0.003908826351949166
259,0.872753132410717,0.09964374095995196,0.012430787683080992,0.007158994987409136,0.0015369804588251119,0.006476363500015876
260,1.652329612889039e-08,0.007178010242492626,0.004350358876802228,0.6227570721870704,0.35880440439840144,0.006910137771937192
261,0.02693444948367076,0.8296519449652954,0.039009724268267175,0.04796471527204536,0.05042513331727701,0.006014032693444558
262,0.011898205213174022,6.505765791214911e-05,0.02354812200133855,0.022512292158127323,0.02481618963760082,0.9171601333318471
263,0.8690208284934073,0.10419625895300186,0.012498218476859516,0.008162769026328915,0.0010464827412944519,0.005075442309107822
264,0.08030534297148532,5.990504813549657e-05,0.03791345972027943,0.012927294102551362,0.022035327426228542,0.8467586707313198
265,7.495969812291861e-08,0.009716646107187657,0.008037967900843296,0.6813076513070792,0.28908777493436655,0.011849884790825249
266,0.0006014444660454418,0.015946714903140737,0.9573579625200469,0.011117438948675338,0.011830682565840979,0.0031457565962506122
267,0.003012393957769681,5.903149098435234e-05,0.024226020274380387,0.044423093598917704,0.0363048933675895,0.8919745673103583
268,0.11545088929336826,0.8122237567465377,0.0214820127852095,0.02939156034132353,0.015643940453245606,0.005807840380315478
269,1.0010968548986484e-08,0.03165942604049039,0.012113274894008022,0.5053998874652262,0.44014733771306774,0.010680063876238944
270,0.0958558534780058,0.00033216627169052045,0.035193005144010435,0.03919870920641995,0.013927505193542517,0.8154927607063307
271,2.650447250411192e-08,0.02782244638207649,0.02792481585004417,0.7158961106764022,0.22520962044571727,0.003146980141287333
272,0.0028893204675050944,0.007375102493025049,0.9717374127619715,0.008331567185826973,0.006280023218913788,0.003386573872757681
273,1.9278839410918902e-08,0.008844222079233955,0.012272004280404326,0.3290937114523348,0.6430908715329079,0.006699171376279662
274,6.9049096911389325e-09,0.01082833928525069,0.007561638210679187,0.44498573423062554,0.5262359672596574,0.010388314108877394
275,5.853450388293897e-09,0.012803468795400775,0.009765304356693153,0.4380236819075148,0.5314625629174332,0.007944976169507753
276,0.000276245862658407,0.0032580744482776443,0.009823482042772351,0.03696819275974891,0.8719862894249193,0.07768771546162337
277,0.8561584787987405,0.11471070625689303,0.016514327936956504,0.006008421632394965,0.0013073659934933787,0.005300699381521776
278,5.870589666728416e-09,0.006414857314873043,0.008447643476460922,0.25012288787805514,0.7294842506325206,0.005530354827500584
279,1.3186414165461128e-08,0.015248171486287898,0.005900794244373359,0.4806915083980202,0.49628141749062926,0.0018780951942753068
280,3.9152328847973555e-09,0.02025628663319138,0.006714715790204141,0.3522281750194631,0.6185006975523507,0.0023001210895578932
281,1.3542620293765049e-08,0.0017240819709270104,0.00404902181416554,0.6718955591061234,0.3156240386065603,0.006707284959603411
282,1.709555742552251e-08,0.013621036047020047,0.007334755865175402,0.5344356301062065,0.4401699714829919,0.004438589403048501
283,0.0003980753578485912,0.019833036794556353,0.9282397886187896,0.031982786226453466,0.017848106601808102,0.0016982064005437998
284,0.31423989432598654,0.6353027739954128,0.012208389290059928,0.025042792087685273,0.0064158550344484595,0.006790295266406832
285,0.17854411247520344,0.7529031694013086,0.0234860467183406,0.03473567258663768,0.007494197862036743,0.0028368009564728133
286,4.886526158041847e-08,0.013460248353583072,0.00785607925695373,0.7200168281581658,0.2494613572580454,0.009205438107990307
287,0.003372003338500008,0.007935631163188633,0.97049541294104,0.008270084004741047,0.0063455879157348636,0.003581280636795619
288,4.0916871482076385e-08,0.08826167994108437,0.012189337274500209,0.7270401924529959,0.16898175320740041,0.003526996207147656
289,0.5102684606166521,0.45459331956525334,0.01270988195972096,0.01673850092158516,0.0023034283245602044,0.0033864086122283085
290,0.0004877392829384294,0.024474476006487497,0.9402126686857595,0.016789692257040457,0.015497504024991136,0.002537919742783035
291,0.34330170045950964,0.5947926996747579,0.021395619288869083,0.03156863548523103,0.004984410445548392,0.0039569346460839655
292,0.18248790044827037,0.7865660102265745,0.01442540158355908,0.009934215937997164,0.004110952845384593,0.002475518958214187
293,0.005212205121474513,0.015830148002189376,0.9623871242658367,0.007265558624458252,0.005533358315944197,0.003771605670096845
294,4.909992726676811e-09,0.011547785069805068,0.0054952579942848115,0.22206029154233534,0.7535094635827451,0.007387196900837058
295,0.8987191415317995,0.0762201377336878,0.012901955751944269,0.0069267226616395545,0.0009674466633182826,0.004264595657610529
296,0.003302918847548798,0.014024072174873692,0.9536083738704764,0.015173907895330126,0.006696389793519384,0.007194337418251695
297,0.0013525203440613416,0.012457482881529716,0.9477018760136728,0.01955653074497689,0.012978053445445828,0.005953536570313243
298,3.678876777087505e-08,0.012991568745718026,0.012309295361068612,0.7852495142357876,0.1855292312743894,0.0039203535942686505
299,3.44554539613194e-09,0.01690648018286521,0.006587137948676192,0.3675822141120646,0.6062421405753441,0.0026820237355044147
300,0.054987692591379034,0.890863309998238,0.028931839989534268,0.01244342436931522,0.009961162201418428,0.0028125708501149592
301,0.17892735012658836,0.7881516129437885,0.015939084615381866,0.010968464522352362,0.003797843834778785,0.002215643957109921
302,0.14432847601468893,0.00032740176210079627,0.05071017792048812,0.019534408953609105,0.013781598840572748,0.7713179365085404
303,0.2793604236353253,0.00045839128075970444,0.0834814536094011,0.017105490917917077,0.015027457328531248,0.6045667832280656
304,0.3848770186592469,0.5302240733817364,0.03291154649822191,0.030907696622455284,0.016293478214884773,0.004786186623454726
305,0.026212605232564277,3.492911133702012e-05,0.028057373025682706,0.012970123889014999,0.026718694431054714,0.9060062743103463
306,0.830227851622972,0.1370311160702909,0.015437594793756951,0.010638351817864891,0.0014385967332263372,0.005226488961888868
307,0.5090919471054436,0.43793521239172273,0.01708672898911847,0.027902335477149372,0.0040509433797326555,0.003932832656833159
308,0.6289949034977024,0.2817558718046391,0.03202673235296113,0.03892515449011342,0.007079861957645961,0.011217475896938153
309,0.6373300629303644,0.31522793058493437,0.032203192037625124,0.005123402302464061,0.006302609616742744,0.0038128025278692285
310,0.29051061735896994,0.674643847180035,0.01625479520081258,0.013627659248019128,0.0026134998165471984,0.002349581195615974
311,4.844295185608366e-08,0.0031943885171287194,0.007218742893479848,0.8877845060518955,0.09558903075504474,0.006213283339499398
312,0.8569136299522724,0.11427130025441659,0.009573566164265086,0.0129542365317136,0.001530453757653981,0.004756813339678354
313,0.0709577094311986,0.436146374290191,0.25497414711247823,0.07090414656294075,0.14224643281653332,0.024771189786658106
314,0.00010784306120898018,0.04038387481506537,0.9017836696948285,0.029381766054126256,0.026042709956574955,0.002300136418196118
