,proba_0,proba_1,proba_2,proba_3,proba_4,proba_5
0,0.29,0.17834920634920637,0.1848095238095238,0.03652380952380953,0.05216666666666666,0.2581507936507936
1,0.01,0.18815079365079368,0.31642857142857134,0.0648095238095238,0.07252380952380952,0.3480873015873015
2,0.05,0.27577777777777784,0.3574960317460317,0.05684920634920635,0.058226190476190466,0.20165079365079364
3,0.0,0.06267857142857142,0.028119047619047616,0.40039285714285705,0.444047619047619,0.06476190476190477
4,0.07,0.2116944444444445,0.5387261904761905,0.03520238095238095,0.037547619047619045,0.10682936507936507
5,0.0,0.146484126984127,0.3396111111111109,0.08776587301587303,0.08852380952380953,0.3376150793650792
6,0.0,0.06493650793650793,0.07406349206349207,0.3870833333333332,0.3258650793650793,0.14805158730158732
7,0.05,0.08569444444444443,0.6047301587301589,0.05903968253968255,0.04690476190476191,0.1536309523809524
8,0.03,0.11350793650793652,0.29653968253968244,0.07050396825396826,0.06716666666666665,0.422281746031746
9,0.0,0.044583333333333336,0.03883333333333333,0.35172619047619036,0.48838095238095236,0.07647619047619049
10,0.99,0.0,0.01,0.0,0.0,0.0
11,0.07,0.2347777777777778,0.3708769841269841,0.053126984126984134,0.0551547619047619,0.21606349206349204
12,0.011428571428571429,0.8517500000000001,0.02426190476190476,0.025595238095238098,0.029234126984126984,0.05773015873015873
13,0.04,0.25044444444444447,0.45725793650793656,0.04882539682539684,0.05546428571428571,0.1480079365079365
14,0.06142857142857142,0.7946666666666665,0.044261904761904766,0.02892857142857143,0.023817460317460317,0.0468968253968254
15,0.0,0.04518650793650794,0.06796428571428571,0.5208253968253969,0.2255912698412698,0.1404325396825397
16,0.08,0.21444444444444447,0.4773214285714286,0.05168253968253969,0.04632142857142856,0.13023015873015872
17,0.0,0.059742063492063485,0.11629761904761907,0.4899087301587302,0.22495238095238093,0.10909920634920635
18,0.09142857142857143,0.7557380952380952,0.06092857142857142,0.01726190476190476,0.017666666666666667,0.05697619047619047
19,0.94,0.02,0.022222222222222223,0.0,0.003333333333333333,0.014444444444444444
20,0.97,0.01,0.02,0.0,0.0,0.0
21,0.22,0.050015873015873014,0.22527777777777772,0.055253968253968264,0.06891666666666665,0.3805357142857141
22,0.041428571428571426,0.7646269841269842,0.09176190476190477,0.020595238095238094,0.017666666666666667,0.06392063492063492
23,0.0,0.07801984126984127,0.13480555555555557,0.3194920634920633,0.27572222222222215,0.1919603174603174
24,0.99,0.0,0.01,0.0,0.0,0.0
25,0.0,0.015694444444444445,0.01961904761904762,0.4222261904761905,0.46259126984126986,0.07986904761904762
26,0.96,0.02,0.02,0.0,0.0,0.0
27,0.0,0.024027777777777776,0.04988888888888888,0.5084166666666667,0.31270238095238084,0.1049642857142857
28,0.01,0.08688095238095238,0.2414206349206349,0.09996825396825397,0.08071031746031747,0.48101984126984126
29,0.0,0.07160317460317461,0.05618253968253968,0.3573373015873015,0.38936507936507936,0.12551190476190477
30,0.03,0.0635079365079365,0.26925396825396813,0.08761111111111113,0.08502380952380952,0.46460317460317463
31,0.24,0.050015873015873014,0.22527777777777772,0.05275396825396826,0.06766666666666665,0.3642857142857141
32,0.0,0.044936507936507934,0.08571031746031746,0.45915873015873027,0.2448650793650793,0.16532936507936508
33,0.0,0.11045634920634921,0.05329761904761904,0.29064285714285715,0.4414047619047619,0.1041984126984127
34,0.1814285714285714,0.5340833333333334,0.1564444444444444,0.030730158730158733,0.024083333333333335,0.07323015873015873
35,0.02,0.20026190476190475,0.3779285714285713,0.08002380952380951,0.09293650793650796,0.2288492063492063
36,0.03,0.16922222222222222,0.3464285714285713,0.05470238095238096,0.06591666666666665,0.3337301587301586
37,0.05142857142857142,0.7994880952380952,0.05842857142857143,0.022261904761904764,0.028916666666666667,0.03947619047619047
38,0.0,0.059948412698412695,0.07217857142857143,0.42482539682539694,0.2886150793650793,0.1544325396825397
39,0.2,0.09073015873015873,0.30896825396825384,0.05834920634920637,0.07599999999999998,0.2659523809523807
40,0.03142857142857143,0.7918888888888889,0.051761904761904766,0.020595238095238094,0.02492857142857143,0.0793968253968254
41,0.04,0.1292222222222222,0.28761111111111104,0.08912301587301588,0.09779761904761905,0.35624603174603164
42,0.0,0.03717063492063492,0.07004761904761904,0.5245753968253969,0.224797619047619,0.14340873015873018
43,0.01,0.1655833333333333,0.5444761904761904,0.056392857142857154,0.06855555555555555,0.1549920634920635
44,0.2,0.0877936507936508,0.2332777777777777,0.05042063492063492,0.06624999999999999,0.36225793650793636
45,0.99,0.0,0.01,0.0,0.0,0.0
46,0.0,0.06458333333333333,0.04005555555555555,0.36233730158730154,0.4597142857142858,0.07330952380952381
47,0.0,0.04402777777777778,0.04080952380952381,0.508734126984127,0.3060357142857142,0.10039285714285714
48,0.7514285714285713,0.16343253968253968,0.022222222222222223,0.006666666666666666,0.00875,0.0475
49,0.0,0.03974206349206349,0.05796428571428571,0.5588253968253969,0.2187023809523809,0.12476587301587302
50,0.02142857142857143,0.82175,0.02426190476190476,0.03267857142857143,0.039650793650793645,0.06023015873015873
51,0.88,0.08,0.0175,0.005,0.009166666666666667,0.008333333333333333
52,0.12,0.2090634920634921,0.30213095238095233,0.053920634920634924,0.050154761904761896,0.26473015873015865
53,0.03,0.07013888888888889,0.6033968253968255,0.05523015873015874,0.0594126984126984,0.18182142857142852
54,0.28,0.13001587301587303,0.20883333333333332,0.04375396825396826,0.05791666666666665,0.2794801587301585
55,0.21,0.10779365079365079,0.24327777777777768,0.05042063492063492,0.061249999999999985,0.32725793650793633
56,0.0,0.08477777777777779,0.04996031746031746,0.24439285714285713,0.5263055555555556,0.09456349206349207
57,0.04,0.2761507936507937,0.33767063492063487,0.055007936507936506,0.06189285714285715,0.2292777777777777
58,0.05,0.12613888888888888,0.5478968253968255,0.06137301587301588,0.05962698412698412,0.15496428571428575
59,0.05,0.11169444444444444,0.6047301587301589,0.05503968253968255,0.054904761904761894,0.1236309523809524
60,0.0,0.11130555555555556,0.07115079365079363,0.25673412698412695,0.4413055555555555,0.11950396825396829
61,0.0,0.03574206349206349,0.06796428571428571,0.5051587301587301,0.2717023809523809,0.1194325396825397
62,0.07142857142857142,0.7646269841269842,0.05842857142857143,0.020595238095238094,0.01988888888888889,0.06503174603174604
63,0.12142857142857143,0.7170992063492062,0.09976190476190475,0.016845238095238094,0.016916666666666667,0.0279484126984127
64,0.0,0.06418650793650793,0.08129761904761905,0.5278253968253969,0.18759126984126978,0.13909920634920636
65,0.0,0.07732936507936507,0.07789285714285715,0.4468253968253969,0.2515198412698412,0.1464325396825397
66,0.011428571428571429,0.8517500000000001,0.02426190476190476,0.025595238095238098,0.029234126984126984,0.05773015873015873
67,0.0,0.12922222222222224,0.052710317460317464,0.2898095238095238,0.42247222222222214,0.10578571428571432
68,0.0,0.06922222222222223,0.05771031746031746,0.24630952380952378,0.5081388888888889,0.11861904761904764
69,0.03142857142857143,0.7446666666666666,0.05073015873015873,0.04265873015873016,0.057984126984126985,0.07253174603174603
70,0.11,0.11779365079365078,0.24149206349206345,0.0887777777777778,0.07544047619047618,0.3664960317460316
71,0.0,0.04161507936507936,0.06271428571428571,0.48857539682539686,0.27535317460317454,0.1317420634920635
72,0.09,0.23444444444444446,0.4337738095238095,0.04051587301587301,0.03889285714285714,0.16237301587301586
73,0.02142857142857143,0.72175,0.07051984126984126,0.04031349206349206,0.04234126984126983,0.10364682539682539
74,0.05142857142857142,0.7800436507936509,0.05926190476190476,0.025595238095238098,0.03475,0.04892063492063491
75,0.0,0.07902777777777778,0.036047619047619044,0.3427261904761904,0.4679761904761905,0.07422222222222223
76,0.94,0.034444444444444444,0.023333333333333334,0.0,0.0,0.0022222222222222222
77,0.0,0.06958333333333333,0.038547619047619046,0.344392857142857,0.48114285714285715,0.06633333333333334
78,0.8614285714285714,0.11190476190476191,0.01,0.003333333333333333,0.0,0.013333333333333332
79,0.06142857142857142,0.7318888888888888,0.09759523809523811,0.025595238095238098,0.019928571428571427,0.06356349206349207
80,0.8514285714285714,0.09190476190476192,0.04,0.006666666666666666,0.006666666666666666,0.003333333333333333
81,0.97,0.01,0.02,0.0,0.0,0.0
82,0.89,0.06,0.029722222222222223,0.0016666666666666666,0.005833333333333333,0.012777777777777777
83,0.99,0.0,0.01,0.0,0.0,0.0
84,0.04,0.1835079365079365,0.24620634920634918,0.08050396825396826,0.06216666666666665,0.3876150793650793
85,0.9,0.05333333333333333,0.04,0.003333333333333333,0.0,0.003333333333333333
86,0.0,0.07902777777777778,0.037297619047619045,0.3606428571428571,0.4379761904761905,0.08505555555555555
87,0.27,0.07001587301587303,0.2058333333333333,0.05425396825396828,0.06833333333333332,0.33156349206349184
88,0.02142857142857143,0.8105992063492063,0.07842857142857143,0.022261904761904764,0.028916666666666667,0.03836507936507936
89,0.0,0.04922222222222222,0.0688531746031746,0.43339682539682545,0.30319841269841263,0.1453293650793651
90,0.53,0.351436507936508,0.06926190476190476,0.015416666666666665,0.014638888888888889,0.019246031746031747
91,0.0,0.14996825396825395,0.09225000000000001,0.38965873015873015,0.21907142857142856,0.14905158730158732
92,0.0,0.04974206349206349,0.07529761904761906,0.5391587301587303,0.19203571428571425,0.14376587301587304
93,0.0,0.04049206349206349,0.08212698412698413,0.3970753968253968,0.32619841269841265,0.1541071428571429
94,0.97,0.01,0.02,0.0,0.0,0.0
95,0.03,0.3246666666666666,0.31149603174603163,0.06101587301587302,0.05969841269841269,0.21312301587301583
96,0.11142857142857142,0.7285158730158731,0.05509523809523809,0.027817460317460317,0.0335,0.043642857142857136
97,0.03142857142857143,0.7973055555555555,0.06426190476190476,0.025595238095238098,0.020345238095238093,0.06106349206349207
98,0.08,0.17602777777777778,0.4312103174603174,0.05274206349206349,0.04336904761904762,0.21665079365079365
99,0.0,0.09198412698412697,0.10015476190476191,0.3554920634920634,0.29344841269841265,0.15892063492063493
100,0.0,0.05518650793650793,0.07979761904761905,0.5091587301587303,0.22009126984126984,0.13576587301587303
101,0.08,0.2144444444444445,0.4266428571428571,0.047892857142857154,0.06233333333333333,0.16868650793650794
102,0.06142857142857142,0.7685158730158732,0.06426190476190476,0.013928571428571427,0.031,0.060865079365079365
103,0.28,0.22001587301587303,0.1715873015873016,0.035079365079365085,0.048999999999999995,0.24431746031746018
104,0.13,0.13169444444444445,0.5269523809523811,0.04637301587301588,0.03957142857142857,0.12540873015873016
105,0.08,0.09569444444444444,0.5918968253968255,0.04837301587301588,0.04690476190476191,0.13713095238095238
106,0.1,0.16711111111111113,0.5002857142857143,0.06278968253968255,0.0526547619047619,0.11715873015873017
107,0.02,0.16315079365079366,0.4138968253968254,0.08278968253968254,0.07341666666666666,0.24674603174603163
108,0.89,0.07,0.03,0.0016666666666666666,0.0,0.008333333333333333
109,0.0,0.04826984126984127,0.08159126984126983,0.36315873015873,0.3524603174603174,0.1545198412698413
110,0.02,0.09092857142857143,0.299611111111111,0.09473015873015873,0.09937698412698415,0.3953531746031745
111,0.03,0.194984126984127,0.3161825396825395,0.09912301587301588,0.08858333333333336,0.27112698412698394
112,0.01,0.26866666666666666,0.3007142857142856,0.06477380952380953,0.07910317460317459,0.2767420634920633
113,0.0,0.04851984126984127,0.08367857142857144,0.464825396825397,0.25068650793650793,0.15228968253968256
114,0.03142857142857143,0.6946666666666667,0.08828968253968254,0.05030952380952381,0.04567460317460317,0.08963095238095238
115,0.011428571428571429,0.8317500000000001,0.03426190476190476,0.025595238095238098,0.029234126984126984,0.06773015873015872
116,0.0,0.04902777777777779,0.05338888888888889,0.39692063492063495,0.39129761904761906,0.10936507936507935
117,0.07,0.12169444444444444,0.5501468253968255,0.04412301587301587,0.0489047619047619,0.1651309523809524
118,0.2114285714285714,0.6637341269841269,0.04711904761904761,0.021845238095238095,0.020345238095238093,0.03552777777777778
119,0.0,0.06565079365079365,0.07204365079365078,0.2104761904761904,0.49448412698412697,0.15734523809523812
120,0.02,0.05238888888888888,0.5521825396825397,0.10273015873015875,0.09523412698412699,0.1774642857142857
121,0.0,0.044027777777777784,0.03229761904761905,0.36797619047619046,0.47419841269841273,0.0815
122,0.0,0.0791626984126984,0.10391269841269843,0.29107539682539674,0.3433174603174603,0.182531746031746
123,0.03,0.1288888888888889,0.5338968253968255,0.059456349206349214,0.0556547619047619,0.1921031746031746
124,0.98,0.01,0.01,0.0,0.0,0.0
125,0.98,0.01,0.01,0.0,0.0,0.0
126,0.05142857142857142,0.7800436507936509,0.05926190476190476,0.025595238095238098,0.03475,0.04892063492063491
127,0.05142857142857142,0.6568492063492064,0.11245634920634923,0.05397619047619048,0.04335714285714285,0.08193253968253968
128,0.13142857142857142,0.6430992063492065,0.09135317460317459,0.03378571428571428,0.03827380952380952,0.062059523809523814
129,0.0014285714285714286,0.8300436507936507,0.08176190476190476,0.025595238095238098,0.022250000000000002,0.03892063492063492
130,0.0,0.04902777777777779,0.05135714285714285,0.408734126984127,0.3837142857142858,0.10716666666666667
131,0.011428571428571429,0.8273055555555555,0.044261904761904766,0.029345238095238098,0.030761904761904758,0.05689682539682539
132,0.0,0.08136507936507936,0.07230555555555555,0.31338888888888883,0.3772222222222221,0.15571825396825398
133,0.041428571428571426,0.8039325396825396,0.06592857142857142,0.025595238095238098,0.021416666666666667,0.04169841269841269
134,0.73,0.14277777777777778,0.08222222222222221,0.008333333333333333,0.005555555555555556,0.03111111111111111
135,0.94,0.02,0.03222222222222222,0.0,0.003333333333333333,0.0044444444444444444
136,0.79,0.14944444444444444,0.04333333333333334,0.006666666666666666,0.0,0.010555555555555556
137,0.01,0.11866666666666666,0.36561111111111094,0.07478968253968253,0.0813531746031746,0.34957936507936493
138,0.17142857142857143,0.6330992063492064,0.09135317460317459,0.03211904761904762,0.028273809523809524,0.043726190476190474
139,0.0,0.1258888888888889,0.07421825396825396,0.32575396825396824,0.3806269841269841,0.09351190476190477
140,0.04,0.1835079365079365,0.2545396825396825,0.07050396825396826,0.06716666666666665,0.3842817460317459
141,0.98,0.01,0.01,0.0,0.0,0.0
142,0.84,0.08333333333333331,0.06222222222222222,0.003333333333333333,0.003333333333333333,0.007777777777777777
143,0.94,0.044444444444444446,0.013333333333333332,0.0,0.0,0.0022222222222222222
144,0.93,0.03,0.04,0.0,0.0,0.0
145,0.0,0.12993650793650793,0.05288888888888889,0.2535595238095238,0.45413888888888887,0.10947619047619049
146,0.01,0.1419285714285714,0.36611111111111094,0.09262301587301587,0.100484126984127,0.2888531746031744
147,0.0,0.03922222222222223,0.0503015873015873,0.40258333333333324,0.38153174603174606,0.12636111111111112
148,0.04,0.08795238095238095,0.22353968253968248,0.09046825396825398,0.09051984126984128,0.46751984126984125
149,0.22,0.09073015873015872,0.30696825396825383,0.05184920634920636,0.06874999999999998,0.2617023809523808
150,0.01,0.12922222222222224,0.07421031746031745,0.20747619047619048,0.42730555555555555,0.1517857142857143
151,0.98,0.0,0.02,0.0,0.0,0.0
152,0.0,0.13493650793650794,0.0768968253968254,0.2455039682539682,0.4281269841269841,0.11453571428571431
153,0.98,0.01,0.01,0.0,0.0,0.0
154,0.99,0.0,0.01,0.0,0.0,0.0
155,0.93,0.02,0.03222222222222222,0.0016666666666666666,0.003333333333333333,0.012777777777777777
156,0.07,0.1597777777777778,0.40339682539682536,0.07645634920634921,0.07698809523809523,0.21338095238095234
157,0.25,0.08001587301587301,0.22327777777777771,0.047753968253968264,0.06566666666666665,0.3332857142857141
158,0.08,0.29044444444444445,0.4066071428571428,0.04718253968253969,0.040892857142857134,0.13487301587301587
159,0.02142857142857143,0.8073055555555555,0.054261904761904754,0.025595238095238098,0.027011904761904765,0.0643968253968254
160,0.28,0.15001587301587302,0.2368333333333333,0.038753968253968256,0.052916666666666654,0.24148015873015866
161,0.0,0.11565079365079364,0.07621031746031745,0.17864285714285713,0.48473412698412693,0.14476190476190479
162,0.0,0.052365079365079364,0.08087698412698413,0.4208253968253968,0.2744603174603174,0.17147222222222222
163,0.0,0.0801388888888889,0.02961904761904762,0.4368928571428571,0.3783412698412698,0.07500793650793652
164,0.02,0.17759523809523806,0.29059523809523796,0.07891666666666666,0.08647222222222223,0.34642063492063485
165,0.97,0.02,0.01,0.0,0.0,0.0
166,0.1514285714285714,0.6082777777777778,0.09659126984126985,0.020039682539682538,0.03816666666666667,0.08549603174603174
167,0.05,0.1461388888888889,0.5386468253968255,0.055123015873015886,0.06162698412698412,0.14846428571428574
168,0.03,0.29022222222222227,0.33749603174603166,0.06268253968253969,0.05947619047619047,0.22012301587301583
169,0.06,0.16977777777777778,0.4177301587301587,0.06976587301587303,0.06841666666666665,0.2143095238095238
170,0.93,0.03,0.04,0.0,0.0,0.0
171,0.12,0.09902777777777777,0.05004761904761905,0.28080952380952384,0.36780952380952386,0.08230555555555558
172,0.24,0.05573015873015873,0.2506349206349205,0.0581825396825397,0.07749999999999999,0.31795238095238076
173,0.99,0.0,0.01,0.0,0.0,0.0
174,0.04,0.36977777777777765,0.31636111111111104,0.047285714285714285,0.04897619047619047,0.17759920634920637
175,0.05,0.1889563492063492,0.49542857142857144,0.0565,0.06100793650793651,0.14810714285714288
176,0.02,0.15422222222222223,0.3382301587301586,0.0839563492063492,0.08270238095238094,0.3208888888888887
177,0.01,0.0852142857142857,0.20103968253968252,0.10565873015873019,0.11190079365079367,0.4861865079365079
178,0.0,0.1375952380952381,0.34501587301587294,0.08781349206349205,0.08921031746031748,0.34036507936507926
179,0.01,0.1288888888888889,0.5333968253968254,0.06345634920634921,0.06165476190476189,0.2026031746031746
180,0.21,0.10779365079365079,0.24527777777777768,0.054420634920634925,0.061249999999999985,0.3212579365079363
181,0.25,0.09001587301587302,0.2412777777777777,0.04125396825396826,0.059999999999999984,0.31745238095238076
182,0.0,0.1092222222222222,0.052710317460317464,0.23064285714285712,0.4874722222222222,0.11995238095238098
183,0.0,0.0904563492063492,0.06313095238095237,0.31547619047619047,0.3965714285714286,0.13436507936507938
184,0.02,0.2931507936507936,0.3699642857142857,0.05480952380952381,0.05373809523809523,0.20833730158730154
185,0.17,0.12850793650793652,0.31163492063492054,0.05434920634920635,0.06999999999999998,0.2655079365079363
186,0.0,0.11307539682539682,0.07642857142857143,0.4460753968253969,0.2538809523809524,0.11053968253968258
187,0.03142857142857143,0.7717499999999999,0.03759523809523809,0.036011904761904766,0.04465079365079364,0.07856349206349206
188,0.05,0.06223809523809524,0.27282539682539675,0.0811111111111111,0.0786626984126984,0.4551626984126984
189,0.0,0.04974206349206349,0.06171428571428571,0.5025753968253969,0.2680357142857142,0.1179325396825397
190,0.02,0.20026190476190475,0.3779285714285713,0.08002380952380951,0.09293650793650796,0.2288492063492063
191,0.0,0.06458333333333333,0.04005555555555555,0.36233730158730154,0.4597142857142858,0.07330952380952381
192,0.0,0.03402777777777778,0.04188095238095237,0.34455952380952376,0.4743928571428572,0.10513888888888889
193,0.98,0.01,0.01,0.0,0.0,0.0
194,0.15,0.15998015873015872,0.5108531746031746,0.031202380952380947,0.03821428571428571,0.10974999999999997
195,0.0,0.05065079365079365,0.06829365079365078,0.21455952380952376,0.529984126984127,0.13651190476190478
196,0.97,0.01,0.02,0.0,0.0,0.0
197,0.96,0.02,0.02,0.0,0.0,0.0
198,0.02,0.20026190476190475,0.3779285714285713,0.08002380952380951,0.09293650793650796,0.2288492063492063
199,0.94,0.03,0.01,0.0016666666666666666,0.0,0.018333333333333333
200,0.011428571428571429,0.7944880952380952,0.061761904761904754,0.03226190476190476,0.033519841269841276,0.06653968253968254
201,0.99,0.0,0.01,0.0,0.0,0.0
202,0.1,0.2033492063492064,0.2363095238095238,0.055440476190476186,0.05766666666666666,0.3472341269841268
203,0.98,0.0,0.01,0.0016666666666666666,0.0,0.008333333333333333
204,0.97,0.02,0.01,0.0,0.0,0.0
205,0.25,0.100015873015873,0.23627777777777773,0.038753968253968256,0.05791666666666665,0.3170357142857141
206,0.02,0.11059523809523807,0.42589682539682533,0.08625396825396825,0.08668650793650795,0.27056746031746015
207,0.0,0.29466666666666663,0.28354761904761894,0.06744047619047619,0.08210317460317461,0.27224206349206337
208,0.06,0.061694444444444434,0.6053968253968255,0.052373015873015884,0.06090476190476189,0.1596309523809524
209,0.06142857142857142,0.7779603174603175,0.08176190476190476,0.022261904761904764,0.023499999999999997,0.03308730158730158
210,0.08,0.06569444444444444,0.5791111111111111,0.052373015873015884,0.06033333333333332,0.16248809523809526
211,0.3614285714285714,0.4476150793650793,0.07036507936507937,0.02186111111111111,0.010222222222222221,0.08850793650793651
212,0.0,0.09592857142857142,0.3129444444444443,0.10139682539682539,0.10187698412698414,0.3878531746031744
213,0.9,0.04333333333333333,0.034722222222222224,0.008333333333333333,0.005833333333333333,0.007777777777777777
214,0.0,0.11773412698412698,0.09648412698412699,0.27090873015873007,0.3499722222222222,0.1649007936507937
215,0.02142857142857143,0.7952222222222223,0.07676190476190475,0.020595238095238094,0.02242857142857143,0.06356349206349207
216,0.17,0.05779365079365079,0.2202777777777777,0.06852777777777778,0.07867857142857142,0.4047222222222221
217,0.041428571428571426,0.7833769841269842,0.07592857142857143,0.020595238095238094,0.02363888888888889,0.05503174603174603
218,0.27,0.13001587301587303,0.21683333333333332,0.04375396825396826,0.05791666666666665,0.2814801587301585
219,0.17,0.06223809523809524,0.18527777777777776,0.07252777777777779,0.08156746031746032,0.4283888888888889
220,0.99,0.0,0.01,0.0,0.0,0.0
221,0.0,0.05478968253968255,0.08736904761904762,0.4199920634920635,0.2871865079365079,0.15066269841269844
222,0.0,0.02974206349206349,0.06529761904761905,0.560825396825397,0.21436904761904757,0.12976587301587303
223,0.09,0.21444444444444447,0.4577738095238095,0.04651587301587302,0.050892857142857136,0.14037301587301587
224,0.6014285714285714,0.3234523809523809,0.01619047619047619,0.011845238095238093,0.0059722222222222225,0.041111111111111105
225,0.0,0.04492063492063492,0.07976190476190476,0.48857539682539697,0.24255952380952375,0.1441825396825397
226,0.28,0.12001587301587302,0.21883333333333332,0.04375396825396826,0.05791666666666665,0.2794801587301585
227,0.0,0.09902777777777777,0.05579761904761904,0.29364285714285715,0.4394761904761905,0.11205555555555557
228,0.041428571428571426,0.8285555555555555,0.020928571428571425,0.02892857142857143,0.027150793650793648,0.053007936507936504
229,0.26,0.08073015873015872,0.2761904761904761,0.0581825396825397,0.07916666666666666,0.24573015873015858
230,0.02,0.07613888888888888,0.6053968253968255,0.05923015873015873,0.061412698412698405,0.17782142857142857
231,0.01,0.07688095238095238,0.24103968253968247,0.09982539682539684,0.10023412698412698,0.4720198412698412
232,0.85,0.09333333333333334,0.05,0.003333333333333333,0.0,0.003333333333333333
233,0.0,0.07065079365079364,0.1156388888888889,0.42315873015873007,0.22136507936507935,0.16918650793650794
234,0.01,0.1265952380952381,0.4378968253968253,0.08475396825396826,0.08968650793650795,0.2510674603174602
235,0.03142857142857143,0.8073055555555555,0.054261904761904754,0.025595238095238098,0.027011904761904765,0.0543968253968254
236,0.0,0.02974206349206349,0.07529761904761906,0.5574920634920636,0.20603571428571424,0.13143253968253968
237,0.98,0.01,0.01,0.0,0.0,0.0
238,0.25,0.060015873015873016,0.23527777777777767,0.049253968253968265,0.06999999999999998,0.33545238095238084
239,0.03,0.26866666666666666,0.2773809523809523,0.07077380952380952,0.07843650793650793,0.2747420634920633
240,0.95,0.02,0.022222222222222223,0.0,0.003333333333333333,0.0044444444444444444
241,0.93,0.03,0.04,0.0,0.0,0.0
242,0.05142857142857142,0.6701825396825397,0.08694841269841273,0.039281746031746036,0.03503571428571429,0.11712301587301586
243,0.07,0.4004444444444443,0.31836111111111104,0.03816666666666666,0.04125,0.13177777777777777
244,0.0,0.06458333333333333,0.04005555555555555,0.36233730158730154,0.4597142857142858,0.07330952380952381
245,0.0,0.04902777777777779,0.05135714285714285,0.408734126984127,0.3837142857142858,0.10716666666666667
246,0.0,0.025027777777777774,0.04883333333333334,0.38805952380952374,0.43329761904761904,0.104781746031746
247,0.96,0.02,0.02,0.0,0.0,0.0
248,0.2914285714285714,0.62725,0.009619047619047619,0.02892857142857143,0.017555555555555557,0.025218253968253973
249,0.0,0.10045634920634919,0.04758333333333333,0.2686428571428571,0.4825317460317461,0.1007857142857143
250,0.01,0.08902777777777779,0.03529761904761905,0.36864285714285716,0.41597619047619055,0.08105555555555556
251,0.04,0.055694444444444435,0.6258968253968255,0.052373015873015884,0.052904761904761906,0.1731309523809524
252,0.0,0.03974206349206349,0.061297619047619045,0.5223253968253969,0.2693690476190475,0.10726587301587301
253,0.0,0.09826984126984127,0.09040873015873016,0.27533333333333326,0.369388888888889,0.16659920634920639
254,0.0,0.11773412698412698,0.09276984126984127,0.259829365079365,0.36363888888888884,0.16602777777777786
255,0.05,0.1442222222222222,0.3893968253968253,0.0813968253968254,0.07241666666666666,0.2625674603174602
256,0.01,0.0950674603174603,0.5678968253968254,0.06523015873015874,0.06884126984126983,0.1929642857142857
257,0.91,0.04,0.04,0.0016666666666666666,0.0,0.008333333333333333
258,0.011428571428571429,0.8189722222222222,0.07426190476190475,0.025595238095238098,0.023678571428571427,0.046063492063492056
259,0.93,0.04,0.03,0.0,0.0,0.0
260,0.0,0.024027777777777776,0.05113888888888888,0.4946666666666667,0.31870238095238085,0.11146428571428571
261,0.011428571428571429,0.5844880952380952,0.1513055555555556,0.06636507936507936,0.06219841269841269,0.12421428571428572
262,0.03,0.06223809523809524,0.2578253968253968,0.08611111111111112,0.08699603174603177,0.476829365079365
263,0.98,0.01,0.01,0.0,0.0,0.0
264,0.2,0.11406349206349205,0.2836349206349205,0.05101587301587302,0.0725,0.27878571428571414
265,0.0,0.05349206349206349,0.07242857142857143,0.5065753968253969,0.24346428571428563,0.12403968253968255
266,0.06,0.27044444444444443,0.418765873015873,0.05203968253968255,0.044226190476190474,0.15452380952380954
267,0.22,0.08073015873015872,0.33846825396825386,0.057849206349206365,0.08074999999999999,0.22220238095238082
268,0.06142857142857142,0.6794880952380952,0.07790079365079365,0.03586904761904762,0.05628571428571429,0.08902777777777779
269,0.13,0.1016031746031746,0.06918253968253968,0.28900396825396824,0.32394841269841274,0.08626190476190476
270,0.12,0.05334920634920635,0.2858253968253967,0.06467063492063492,0.07409523809523808,0.4020595238095237
271,0.0,0.06574206349206349,0.10229761904761908,0.5058253968253968,0.1837023809523809,0.1424325396825397
272,0.08,0.06569444444444444,0.5958968253968255,0.052373015873015884,0.052904761904761906,0.1531309523809524
273,0.01,0.0801388888888889,0.03236904761904762,0.37464285714285706,0.4238412698412698,0.07900793650793651
274,0.0,0.07160317460317461,0.05618253968253968,0.3573373015873015,0.38936507936507936,0.12551190476190477
275,0.01,0.06125,0.026119047619047618,0.3883928571428571,0.45661904761904765,0.057619047619047625
276,0.07,0.1763730158730159,0.19279761904761902,0.13280555555555554,0.2764880952380952,0.15153571428571433
277,0.97,0.01,0.02,0.0,0.0,0.0
278,0.0,0.08977777777777776,0.05746031746031746,0.21439285714285714,0.5338055555555556,0.1045634920634921
279,0.0,0.05474206349206349,0.07046428571428572,0.5408253968253969,0.20320238095238088,0.13076587301587303
280,0.0,0.055539682539682535,0.07973412698412699,0.3578968253968253,0.35166666666666657,0.15516269841269845
281,0.0,0.0921706349206349,0.06521428571428571,0.4529087301587302,0.277047619047619,0.1126587301587302
282,0.0,0.02974206349206349,0.060714285714285714,0.5429087301587302,0.2487023809523809,0.1179325396825397
283,0.08,0.1816944444444445,0.5418174603174604,0.043166666666666666,0.05335714285714285,0.0999642857142857
284,0.1514285714285714,0.7228611111111113,0.04461904761904762,0.013928571428571427,0.025583333333333333,0.041579365079365084
285,0.07142857142857142,0.7579999999999998,0.040095238095238094,0.036150793650793656,0.03798412698412698,0.056341269841269845
286,0.0,0.04974206349206349,0.07529761904761904,0.5514920634920636,0.19370238095238093,0.12976587301587303
287,0.1,0.09569444444444444,0.586952380952381,0.04837301587301588,0.043571428571428567,0.12540873015873016
288,0.01,0.06398412698412698,0.10285317460317461,0.4031587301587301,0.23996031746031743,0.18004365079365073
289,0.11142857142857142,0.7131388888888889,0.10426190476190478,0.010178571428571427,0.025900793650793653,0.03509126984126984
290,0.06,0.24044444444444443,0.45954365079365084,0.05168253968253969,0.05432142857142856,0.1340079365079365
291,0.05142857142857142,0.7863333333333332,0.05426190476190476,0.02892857142857143,0.02715079365079365,0.0518968253968254
292,0.03142857142857143,0.8092103174603175,0.07176190476190475,0.020595238095238094,0.015583333333333331,0.051420634920634915
293,0.03,0.17906746031746035,0.5524761904761905,0.04345238095238096,0.045198412698412696,0.14980555555555555
294,0.0,0.07787301587301587,0.04103174603174603,0.28039285714285717,0.5053769841269841,0.09532539682539685
295,0.99,0.0,0.01,0.0,0.0,0.0
296,0.04,0.21422222222222223,0.3826388888888888,0.07017857142857144,0.06966666666666667,0.2232936507936507
297,0.08,0.2957777777777778,0.3352738095238095,0.061293650793650796,0.058226190476190466,0.16942857142857143
298,0.0,0.03993650793650794,0.07571031746031745,0.480825396825397,0.24753174603174596,0.15599603174603177
299,0.0,0.027916666666666666,0.04713095238095238,0.3968888888888889,0.41529761904761914,0.11276587301587304
300,0.02142857142857143,0.8300833333333333,0.03426190476190476,0.025595238095238098,0.025900793650793646,0.06273015873015873
301,0.011428571428571429,0.8273055555555555,0.054261904761904754,0.025595238095238098,0.027011904761904765,0.0543968253968254
302,0.28,0.13001587301587303,0.24683333333333324,0.038753968253968256,0.052916666666666654,0.25148015873015866
303,0.31,0.19001587301587303,0.19036507936507938,0.03652380952380953,0.05216666666666666,0.22092857142857145
304,0.06142857142857142,0.6194880952380953,0.11320634920634923,0.05189285714285715,0.05827380952380952,0.09571031746031748
305,0.07,0.09779365079365081,0.273111111111111,0.06500396825396824,0.06891666666666665,0.4251746031746031
306,0.91,0.04,0.03222222222222222,0.0,0.003333333333333333,0.014444444444444444
307,0.2114285714285714,0.6827222222222221,0.03461904761904762,0.02892857142857143,0.020166666666666666,0.022134920634920632
308,0.3214285714285714,0.5043611111111111,0.07047222222222223,0.025952380952380952,0.02625,0.05153571428571428
309,0.13,0.6500833333333332,0.14592857142857144,0.00851190476190476,0.01225,0.05322619047619047
310,0.041428571428571426,0.7984166666666667,0.044261904761904766,0.025595238095238098,0.027567460317460317,0.06273015873015873
311,0.0,0.05474206349206349,0.07254761904761904,0.5252420634920635,0.2082023809523809,0.139265873015873
312,0.99,0.0,0.01,0.0,0.0,0.0
313,0.0,0.31373412698412695,0.1961825396825396,0.11486111111111112,0.10002380952380957,0.2751984126984125
314,0.1,0.1970277777777778,0.4518174603174603,0.05264285714285715,0.0704047619047619,0.12810714285714286
315,0.01,0.05625,0.017619047619047618,0.4283928571428571,0.43611904761904763,0.05161904761904762
316,0.21,0.1107301587301587,0.29363492063492047,0.04768253968253969,0.06999999999999998,0.2679523809523808
317,0.93,0.03,0.04,0.0,0.0,0.0
318,0.01,0.0852142857142857,0.1910396825396825,0.10765873015873019,0.10790079365079366,0.498186507936508
319,0.28,0.060015873015873016,0.23083333333333328,0.04525396825396826,0.06766666666666665,0.31623015873015853
320,0.02,0.08876984126984126,0.32532539682539663,0.07769444444444443,0.06957142857142856,0.4186388888888888
321,0.97,0.02,0.01,0.0,0.0,0.0
322,0.97,0.01,0.02,0.0,0.0,0.0
323,0.06142857142857142,0.8046666666666665,0.02426190476190476,0.02892857142857143,0.03048412698412698,0.05023015873015873
324,0.0,0.15442857142857144,0.2805634920634919,0.10073015873015874,0.09638888888888891,0.36788888888888877
325,0.08,0.24227777777777781,0.36981746031746027,0.06414285714285714,0.0709047619047619,0.17285714285714285
326,0.05142857142857142,0.7389325396825397,0.08369841269841272,0.03100793650793651,0.028916666666666667,0.06601587301587303
327,0.0,0.09977777777777778,0.08121031746031747,0.1886428571428571,0.48941666666666656,0.140952380952381
328,0.01,0.11866666666666666,0.3468968253968253,0.07728968253968253,0.0849246031746032,0.36222222222222206
329,0.0,0.08477777777777779,0.043960317460317457,0.24439285714285713,0.5259722222222222,0.10089682539682544
330,0.9,0.06,0.04,0.0,0.0,0.0
331,0.31,0.17001587301587304,0.19956349206349205,0.04123015873015873,0.07066666666666666,0.20852380952380947
332,0.03,0.16922222222222222,0.3464285714285713,0.05470238095238096,0.06591666666666665,0.3337301587301586
333,0.03142857142857143,0.8285555555555555,0.044261904761904766,0.025595238095238098,0.01826190476190476,0.05189682539682539
334,0.98,0.01,0.01,0.0,0.0,0.0
335,0.99,0.0,0.01,0.0,0.0,0.0
336,0.19,0.07406349206349207,0.30563492063492054,0.05501587301587303,0.07849999999999999,0.2967857142857141
337,0.0,0.04993650793650794,0.07571031746031745,0.49082539682539694,0.23153174603174598,0.15199603174603177
338,0.0,0.02974206349206349,0.061297619047619045,0.538825396825397,0.24036904761904754,0.12976587301587303
339,0.0,0.04236111111111111,0.07565476190476189,0.4358968253968254,0.2989642857142856,0.14712301587301588
340,0.0,0.05093650793650793,0.07837698412698413,0.43082539682539683,0.28053174603174597,0.1593293650793651
341,0.0,0.17351984126984127,0.09646428571428572,0.4028055555555556,0.22120238095238093,0.10600793650793654
342,0.95,0.02,0.022222222222222223,0.0,0.003333333333333333,0.0044444444444444444
343,0.041428571428571426,0.7855992063492064,0.06509523809523808,0.024484126984126987,0.022250000000000002,0.061142857142857145
344,0.01,0.059936507936507934,0.0840436507936508,0.4674920634920636,0.2259761904761904,0.15255158730158733
345,0.0,0.05093650793650793,0.07687698412698413,0.4271587301587301,0.293031746031746,0.15199603174603177
346,0.0,0.05307539682539683,0.07367857142857143,0.512825396825397,0.22779761904761897,0.13262301587301586
347,0.0,0.04402777777777778,0.05184126984126984,0.47400396825396823,0.33536904761904757,0.09475793650793651
348,0.06,0.20577777777777778,0.40014682539682533,0.06420634920634921,0.07698809523809523,0.19288095238095235
349,0.0,0.08558333333333332,0.041333333333333326,0.30439285714285713,0.4862142857142858,0.08247619047619051
350,0.0,0.07458333333333333,0.038547619047619046,0.31439285714285714,0.4921428571428572,0.08033333333333335
351,0.0,0.034027777777777775,0.04480952380952381,0.5480674603174605,0.2627023809523809,0.11039285714285713
352,0.01,0.07688095238095238,0.21103968253968247,0.10182539682539683,0.096234126984127,0.5040198412698413
353,0.01,0.09847222222222221,0.05004761904761905,0.26239285714285715,0.4778650793650794,0.10122222222222224
354,0.23,0.08073015873015872,0.30563492063492054,0.049182539682539696,0.07474999999999998,0.2597023809523808
355,0.09,0.2397777777777778,0.3357738095238094,0.05684920634920635,0.06222619047619046,0.21537301587301586
356,0.06,0.08169444444444444,0.5458968253968255,0.06223015873015874,0.07569047619047618,0.17448809523809522
357,0.06142857142857142,0.7835555555555556,0.07426190476190475,0.025595238095238098,0.01826190476190476,0.0368968253968254
358,0.2,0.05334920634920635,0.22527777777777772,0.05858730158730159,0.06891666666666665,0.39386904761904745
359,0.07,0.1597777777777778,0.3981468253968253,0.06670634920634921,0.06223809523809523,0.24313095238095228
360,0.0,0.031206349206349206,0.04574603174603174,0.24222619047619046,0.5480555555555555,0.13276587301587306
361,0.97,0.02,0.01,0.0,0.0,0.0
362,0.09,0.2644444444444445,0.43177380952380956,0.04051587301587301,0.03889285714285714,0.13437301587301587
363,0.37,0.4055119047619048,0.11422222222222222,0.02992063492063492,0.023035714285714284,0.0573095238095238
364,0.0,0.05574206349206348,0.08229761904761905,0.5104920634920636,0.21903571428571422,0.13243253968253968
365,0.96,0.01,0.022222222222222223,0.0,0.003333333333333333,0.0044444444444444444
366,0.25,0.07334920634920636,0.23083333333333328,0.05108730158730159,0.06391666666666665,0.33081349206349187
367,0.0,0.06477777777777778,0.0847936507936508,0.22686904761904755,0.48363095238095233,0.13992857142857143
368,0.05,0.17922222222222225,0.2964285714285713,0.057559523809523803,0.07520238095238094,0.3415873015873015
369,0.99,0.0,0.01,0.0,0.0,0.0
370,0.011428571428571429,0.8417500000000001,0.03426190476190476,0.025595238095238098,0.029234126984126984,0.05773015873015873
371,0.0,0.04347222222222223,0.034083333333333334,0.34080952380952373,0.475186507936508,0.10644841269841271
372,0.20142857142857143,0.6060555555555556,0.059972222222222225,0.033035714285714286,0.03838888888888889,0.06111904761904762
373,0.04,0.09284523809523808,0.4503968253968253,0.0896468253968254,0.09475793650793653,0.23235317460317448
374,0.09,0.06569444444444444,0.5933968253968255,0.052373015873015884,0.052904761904761906,0.1456309523809524
375,0.01,0.09842857142857142,0.26639682539682524,0.10783730158730159,0.117484126984127,0.39985317460317454
376,0.28,0.17001587301587304,0.2103650793650794,0.03002380952380953,0.05541666666666665,0.2541785714285713
377,0.0,0.10902777777777777,0.05204761904761904,0.2910595238095238,0.4533095238095239,0.09455555555555556
378,0.88,0.05,0.05472222222222222,0.005,0.005833333333333333,0.0044444444444444444
379,0.041428571428571426,0.7956388888888888,0.05759523809523809,0.02781746031746032,0.023678571428571427,0.053841269841269836
380,0.0,0.07698412698412697,0.08957142857142858,0.39657539682539683,0.28744841269841265,0.14942063492063493
381,0.0,0.14493650793650795,0.1073611111111111,0.20575396825396822,0.4217222222222222,0.12022619047619049
382,0.9,0.05,0.0375,0.0,0.0025,0.01
383,0.0,0.09402777777777777,0.038547619047619046,0.3243928571428571,0.4521428571428572,0.09088888888888888
384,0.96,0.024444444444444446,0.013333333333333332,0.0,0.0,0.0022222222222222222
385,0.0,0.03974206349206349,0.061297619047619045,0.538825396825397,0.23436904761904756,0.12576587301587303
386,0.26,0.2144603174603175,0.1665873015873016,0.03674603174603175,0.049416666666666664,0.2727896825396824
387,0.0,0.06596825396825395,0.08694841269841269,0.3289920634920634,0.34605555555555556,0.1720357142857143
388,0.0,0.03574206349206349,0.07796428571428572,0.534825396825397,0.21770238095238093,0.13376587301587303
389,0.21,0.2485079365079365,0.23027777777777772,0.04567460317460317,0.06025,0.2052896825396825
390,0.09,0.2097777777777778,0.37957142857142856,0.0823373015873016,0.06908333333333333,0.16923015873015873
391,0.05142857142857142,0.7800436507936509,0.05926190476190476,0.025595238095238098,0.03475,0.04892063492063491
392,0.26,0.07573015873015873,0.2986904761904761,0.049182539682539696,0.06891666666666665,0.24748015873015855
393,0.31,0.5254761904761904,0.10964285714285715,0.01351190476190476,0.00625,0.03511904761904762
394,0.01,0.0914126984126984,0.11199603174603177,0.3254920634920634,0.26053174603174595,0.20056746031746023
395,0.12142857142857143,0.6724047619047618,0.09040079365079366,0.03037301587301587,0.019999999999999997,0.06539285714285714
396,0.0,0.06574206349206349,0.10729761904761909,0.5098253968253968,0.17636904761904756,0.14076587301587304
397,0.0,0.04950396825396825,0.07367857142857143,0.4349920634920636,0.29344841269841265,0.14837698412698416
398,0.0,0.05018650793650794,0.07396428571428572,0.5098253968253968,0.23892460317460312,0.12709920634920635
