,proba_0,proba_1,proba_2,proba_3,proba_4,proba_5
0,0.1851570215760364,0.2827083704556555,0.1510062592486874,0.04879051109309719,0.03462484658157993,0.29771299104494336
1,0.1057080660784536,0.18610614975421666,0.17720854414822754,0.058165642670615116,0.04086395259963364,0.43194764474885383
2,0.07942748199466383,0.15375478288101682,0.489807992088302,0.09042770893569517,0.05589301049096275,0.13068902360935936
3,0.03214341767872497,0.04401937636408883,0.10499058531269181,0.5013707143006384,0.24615886136266027,0.0713170449811952
4,0.07706139497809118,0.14297555114134147,0.4953887146930465,0.09311905528326886,0.05694725951385796,0.13450802439039392
5,0.06564401628328692,0.1041270926749947,0.20447010461739973,0.08034384837925286,0.053825996767981436,0.4915889412770842
6,0.04456508475405274,0.06552719520335322,0.16967314438231312,0.44931139010351734,0.17262679835560235,0.09829638720116139
7,0.06088225088163988,0.10491163689070854,0.5109328113037702,0.11077917303695776,0.06496702884022487,0.14752709904669903
8,0.06782276866000916,0.10702141293155445,0.2085628976257394,0.0783890533805002,0.05260350409489785,0.4856003633072991
9,0.037626788409196636,0.05215490447435589,0.13091381519410866,0.4062214637551259,0.2861406427179236,0.08694238544928962
10,0.724635607003214,0.11209474111649141,0.049973348564062686,0.02995015893547312,0.02281987043604279,0.06052627394471602
11,0.07830773036030372,0.1469562699643482,0.4970412312362941,0.08885598150318515,0.0551053679767912,0.1337334189590777
12,0.07752064229150599,0.6436493825543986,0.1002886154257963,0.0483125940165203,0.035342202536050644,0.09488656317572777
13,0.06715548397233215,0.12177793823615127,0.5064866932040413,0.11242945317223199,0.06558952679142148,0.12656090462382177
14,0.16813927919187535,0.589618332068619,0.07955192577252179,0.04282309348893197,0.03174874896738019,0.08811862051067158
15,0.040662992275488016,0.05644250488606356,0.14442798395093095,0.5764966985796439,0.098404108950709,0.08356571135716429
16,0.07044473657096298,0.12966629456505568,0.504566490771443,0.10049878336298843,0.06065619986642607,0.134167494863124
17,0.036432794090837876,0.052162645904062714,0.12124857041481474,0.25038124976226106,0.4660885804172565,0.07368615941076748
18,0.27678528432967014,0.5303867626418487,0.06332310325446713,0.035374328009971874,0.026506281715455576,0.06762424004858662
19,0.737302339514631,0.1075074977216997,0.048106925403518276,0.02885488791400254,0.022118131116459983,0.0561102183296885
20,0.7230184348067527,0.12076677748893103,0.04768005728586306,0.029218709909435946,0.022305878001898104,0.05701014250711925
21,0.1389588990977834,0.19547528679728565,0.12568271410533338,0.053164669662392215,0.03814912160342674,0.4485693087337788
22,0.2779926666980996,0.5319649433711671,0.06211418003854339,0.03399212044417122,0.025470481304073207,0.06846560814394548
23,0.03693230512640449,0.051635396388824265,0.15304098651113981,0.4772842653177172,0.1715378065701803,0.10956924008573415
24,0.7556906367992049,0.09870069177894744,0.04300902887052014,0.027559049826635297,0.021113622718239463,0.05392697000645242
25,0.036998712719621844,0.05159116398654803,0.12784247821059783,0.3111769999386341,0.3908879814533184,0.08150266369127987
26,0.6647030611639233,0.1760560275158415,0.050208686206226344,0.02912200151689304,0.022112297277161772,0.05779792631995434
27,0.03661384674079469,0.05147332849802972,0.12215888093653218,0.5537577164042037,0.16203072434833954,0.07396550307210009
28,0.14081659537438956,0.23575537196850965,0.13841385637836195,0.052090261645832824,0.03736787149861551,0.3955560431342904
29,0.03866806741025133,0.05419541062773302,0.12963772219334993,0.2018769361233792,0.4945355285202474,0.08108633512503877
30,0.09031451751471042,0.16140792284936498,0.1775010341877551,0.06423623886979381,0.04466204001363002,0.4618782465647459
31,0.11109570336437864,0.17395506268284605,0.14576030111917962,0.05739324734002593,0.0407680000823967,0.47102768541117285
32,0.03840005668346239,0.05351363823739428,0.13708214183857487,0.5477978338926263,0.14364587168799073,0.0795604576599516
33,0.032981250121558475,0.0448532545382875,0.11126322447068326,0.46948306346760965,0.26766262442009237,0.0737565829817689
34,0.2500635292686882,0.5212005427250839,0.0735140524358774,0.03936516391137603,0.02910516419407756,0.0867515474648965
35,0.059000698551031495,0.10113808559847276,0.49055992880524774,0.12661164479300066,0.07157343752377415,0.1511162047284728
36,0.09144400940965328,0.14925942618185806,0.19151650316335608,0.06098269068699028,0.04262671849755896,0.46417065206058344
37,0.07954299487979326,0.6423475151646026,0.09452060821208938,0.049237936794982076,0.036152406006808205,0.09819853894172467
38,0.041129984645866285,0.05723775800479922,0.1504327575317079,0.5686099455345892,0.09657084263276254,0.08601871165027467
39,0.08444975671128863,0.13569249103128453,0.1943743165121404,0.06595234724397571,0.04540863162645139,0.47412245687485977
40,0.14651287618383232,0.6308954959383682,0.07593678037764474,0.03900988622746834,0.0290355470248759,0.07860941424781051
41,0.12928109127790371,0.21550165335854427,0.13755818887914964,0.05451308562484762,0.0389713383161176,0.42417464254343734
42,0.038447689544281384,0.052787115047641546,0.13920642209863987,0.5727371172828277,0.10385402640297454,0.09296762962363522
43,0.05783478684212471,0.09838052700620793,0.49761883681986374,0.13023015246294786,0.07291163395971724,0.14302406290913885
44,0.08588091344696593,0.13138536459715794,0.17424179151744834,0.065743970695018,0.04569959173175057,0.4970483680116589
45,0.7423226318484142,0.09830429353525202,0.04683091491583655,0.02950291115650118,0.022523430045686677,0.06051581849830961
46,0.03628002957403017,0.051192746067921145,0.12150535019061624,0.3565174395495372,0.355496293230574,0.07900814138732101
47,0.04070915388190927,0.05635708723945263,0.14706895481035026,0.5469433303765964,0.11599619637378542,0.092925277317906
48,0.465735570274689,0.33519197769835957,0.06382639152603103,0.03472717060043074,0.025961249020448305,0.07455764088004127
49,0.03813702477738148,0.053978251580911435,0.13363047713661788,0.5375061921554206,0.15937410174147212,0.07737395260819652
50,0.08722274008495029,0.6187721007856469,0.11064028687797176,0.04998273018234811,0.03643192501159142,0.09695021705749132
51,0.5375472943426725,0.2879145942767978,0.05257543276966524,0.03129332488092633,0.02369658813784697,0.06697276559209113
52,0.08477181616273871,0.1635972643203254,0.4656963328162433,0.08247956113176755,0.05248020733100986,0.15097481823791506
53,0.06237357757613817,0.10994779289486147,0.49474282858457586,0.11474448497944818,0.06680269756879204,0.1513886183961847
54,0.16214332541511192,0.21694456042183835,0.13755203124283819,0.050995955303468544,0.036540679902638845,0.3958234477141037
55,0.12059324631587644,0.21701001119563762,0.16449885321339372,0.05660812525719216,0.04007154828096514,0.40121821573693467
56,0.037456041206571304,0.05162649680862537,0.12892236826860226,0.26069657536498714,0.43723075568041836,0.08406776267079556
57,0.08823478151284259,0.17481216180173031,0.4353872344760521,0.08100295479863724,0.05156812685016971,0.16899474056056793
58,0.06869290895190942,0.12430570223376311,0.4956340304950983,0.1074944642488918,0.06344351406571248,0.14042938000462526
59,0.06035924951301734,0.10219567698965812,0.507224479633163,0.1142841138335779,0.066787200849555,0.14914927918102855
60,0.03388690876136618,0.047408106552524226,0.10519513623965915,0.3062904087526629,0.44005161597616793,0.06716782371761942
61,0.037108394746705096,0.05203463141188743,0.12507070458838604,0.6017865775994207,0.107610785880435,0.07638890577316577
62,0.23562978052401365,0.5599582191333102,0.06897656141100698,0.03680821524954049,0.027405914012845242,0.07122130966928328
63,0.3229738515711748,0.48361799438036834,0.06121937765687181,0.034923952814526066,0.026225963794506268,0.07103885978255284
64,0.042439273713054004,0.06133983047490219,0.1606109537433723,0.5004695567469626,0.1493516105232243,0.08578877479848424
65,0.03852610764897909,0.05273041364855632,0.13340585382695908,0.5978682999980107,0.09679700637606757,0.08067231850142728
66,0.07751114178162961,0.6506354900124097,0.09280635793139207,0.04740668378955775,0.0348076733082796,0.09683265317673116
67,0.036666826788736735,0.05190037967576493,0.12245469319335198,0.2738551817693973,0.4423000190527439,0.07282289952000515
68,0.038896470880593476,0.05333849088975274,0.14046326855409844,0.1863356236034802,0.49435362013136186,0.08661252594071321
69,0.20973819239214556,0.5540546367134889,0.0771423198996027,0.04102406071967272,0.030415525604336725,0.0876252646707533
70,0.2015011015696629,0.31134357203157376,0.11857475475733792,0.046979262684232616,0.033881661294595286,0.28771964766259744
71,0.037544891282817815,0.05192709399602446,0.13112049217758875,0.5990488340342646,0.09951829309905491,0.0808403954102497
72,0.08032757486587752,0.15373443668783257,0.4880399727366557,0.08590488340950823,0.05385481875487222,0.13813831354525383
73,0.10289916086096229,0.6458813440638795,0.08928164631839995,0.04281068000031199,0.031777689280495715,0.08734947947595055
74,0.13114383268697832,0.609618192122193,0.09246707750272419,0.04455199180303534,0.03270899857075733,0.08950990731431195
75,0.03401667676325701,0.046809559258838264,0.11061254361285704,0.41454274044104816,0.3204316256524874,0.07358685427151246
76,0.742920242959229,0.10533140587159184,0.04569664633497802,0.02854536118482698,0.021853156080879083,0.05565318756849524
77,0.03645378752416866,0.050064545638506965,0.1121218282836046,0.1591451210632772,0.5664215033514092,0.07579321413903346
78,0.5995365961680952,0.21735351892597518,0.05898143090923033,0.032682475562592635,0.02457535999605917,0.06687061843804751
79,0.12720448830669193,0.5658135249103284,0.10942035241128194,0.05088362823054616,0.036805062008268344,0.10987294413288333
80,0.5932331209186942,0.23194336976207355,0.05540247330521577,0.03172899629429127,0.024044156044807634,0.06364788367491747
81,0.7357808200538954,0.1052900353218447,0.049789340276943705,0.02931133144980459,0.02238432484542762,0.05744414805208449
82,0.6255109780917106,0.2060196122609525,0.05133058891609653,0.030312481121505735,0.022996190528318316,0.06383014908141642
83,0.707271083825594,0.12932432210541953,0.0474734922224079,0.02998297783775302,0.022824232757646758,0.06312389125117887
84,0.11741080688893792,0.16811377024465582,0.15744653622303353,0.05756558997188963,0.04084907662392534,0.45861422004755753
85,0.7116171444041371,0.12312463076314704,0.05162040110461931,0.030378195018808892,0.023058824034200995,0.06020080467508681
86,0.040849197022778054,0.05810206303658959,0.1372315014067721,0.18176735030131794,0.49916255051735225,0.08288733771519043
87,0.12880755364977672,0.20895494521942007,0.14360680790544783,0.05457778618054753,0.03897932643484327,0.4250735806099648
88,0.10485568248695153,0.661245808287064,0.07567104329547554,0.04165980170489434,0.031039527438669452,0.08552813678694535
89,0.03616252429989252,0.05170229034514981,0.12355229849112767,0.5082766528358479,0.20750450482489083,0.0728017292030917
90,0.4980751441054075,0.33353148258318627,0.0525767982555404,0.03093442488034957,0.023382897097543914,0.06149925307797234
91,0.052348319675524495,0.07791552700716067,0.23066948166328813,0.4135221508597508,0.11233034671440205,0.11321417407987398
92,0.04391045152073037,0.06231736334597509,0.1712268875545584,0.49709317572464223,0.1309063035800296,0.09454581827406394
93,0.03504073484568842,0.048427045466699674,0.12660696214041708,0.36196269961455274,0.3472768102939696,0.08068574763867242
94,0.7567916660425593,0.09167399610644389,0.04500866731336335,0.028493607983032382,0.021750115270643067,0.05628194728395819
95,0.0771961053563982,0.14916861760637515,0.4862491457808358,0.09009192864356878,0.05632852571039604,0.14096567690242584
96,0.20667855741340846,0.5592005572761813,0.07957041039731913,0.04123790058676968,0.030487832625942856,0.0828247417003789
97,0.12004636143729933,0.665564733092466,0.07192474790891189,0.03871039195303151,0.028898536714316674,0.07485522889397472
98,0.08847206738671255,0.17965062633889578,0.45406801758733867,0.08318526436481162,0.05254105999701953,0.1420829643252218
99,0.03645652857794288,0.05108029150170571,0.12426058365548115,0.4174079830505276,0.29265976972319735,0.07813484349114536
100,0.04455895548149067,0.06340101063940033,0.17846218284011556,0.4988761471577163,0.12096699180587829,0.09373471207539869
101,0.08404637144951796,0.15705272997662953,0.4395983741311197,0.0861356946589237,0.053957471132092226,0.179209358651717
102,0.16526284292242158,0.6056989485344073,0.07728828550354318,0.04137456531247734,0.030716549749871685,0.07965880797727898
103,0.1773055545217066,0.2982863355609306,0.1628198679359891,0.051172106701113704,0.03619232877323224,0.27422380650702777
104,0.07057883895048792,0.12850001521542984,0.49275520308225407,0.10096933102196368,0.06069900548906239,0.14649760624080185
105,0.06410510920187253,0.1128620150055738,0.5094322457595759,0.10668628274262834,0.06343689622118741,0.14347745106916265
106,0.06381079938095781,0.11389392529468415,0.4983799439496582,0.12082944507002479,0.06914535843396347,0.13394052787071126
107,0.07399726556971996,0.1348518080640019,0.49762980142287583,0.09611238943317518,0.05808317890673587,0.1393255566034918
108,0.655185817717701,0.18430464061568713,0.050620593611999866,0.02921295637003102,0.022220631846774756,0.05845535983780618
109,0.039869385653718475,0.05654276384093326,0.14693872303431552,0.3263922446645445,0.3300483873644361,0.10020849544205213
110,0.0668191898497486,0.10711133365688724,0.16753847986833625,0.07733035971684492,0.05289708007521852,0.5283035568329646
111,0.05687171370168272,0.09291781538144232,0.48406428387409317,0.12089888903332538,0.06986440516037098,0.17538289284908565
112,0.1275394654615852,0.21487341796997417,0.17181985880692344,0.05542427869627831,0.03907772515706112,0.39126525390817773
113,0.04201675269605935,0.059044920423089245,0.1596970177237534,0.5344370451645241,0.11683225745746552,0.08797200653510787
114,0.12848397654796176,0.5352131372591025,0.1176208904402593,0.05471062794482116,0.03951075706012078,0.1244606107477344
115,0.14115050303874513,0.6340860882733073,0.07297590821422414,0.0401672818146474,0.02991860577173257,0.08170161288734387
116,0.043722509961108685,0.060669466692105295,0.16792570844888305,0.49164851030554907,0.12468010746385823,0.11135369712849548
117,0.06498341151510567,0.11613841090104864,0.498184023914637,0.11296971369850578,0.06593377568663744,0.14179066428406562
118,0.20689787993683842,0.587493394704847,0.06526937997610845,0.03655129081422953,0.02741761023424273,0.07637044433373368
119,0.039078840980484315,0.0540997638246037,0.13148200105015495,0.1773479821634835,0.5118439543347587,0.08614745764651496
120,0.05431365023538208,0.0921770451648547,0.42455135096947555,0.17938895118956394,0.09106682264833688,0.15850217979238712
121,0.03988697076704227,0.05587185243659982,0.1337717793476011,0.19559242462487117,0.4920480598924782,0.0828289129314078
122,0.03441906323684906,0.04726821194563456,0.11822369320877457,0.48414890804636784,0.23957850809589346,0.07636161546648026
123,0.06701180478298924,0.11948730427196143,0.5133593223841533,0.09913762367347327,0.0597489666437767,0.141254978243646
124,0.6974506556454882,0.13703351055612795,0.05015549979278278,0.030331189938508786,0.02301397379300141,0.06201517027409055
125,0.7151839268365133,0.12077168344860133,0.04819628303369731,0.030082699027376408,0.022895736487134798,0.0628696711666765
126,0.13114383268697832,0.609618192122193,0.09246707750272419,0.04455199180303534,0.03270899857075733,0.08950990731431195
127,0.21148721008613572,0.5328346443090165,0.08505751452260803,0.043282827830079695,0.03190655606656052,0.09543124718559957
128,0.16882532679430043,0.5805138926719429,0.08507343027295425,0.04330545386892982,0.03184978147719077,0.09043211491468209
129,0.09211867000525106,0.6780545326691392,0.07333199188291226,0.04225604193459867,0.03149212907709701,0.0827466344310019
130,0.03276896893169812,0.044458500619565224,0.10680310047403346,0.5226074120105357,0.2238368095035837,0.06952520846058383
131,0.09223653191126366,0.6503675085153979,0.08736877730174265,0.045358884279503894,0.03360114757707241,0.09106715041501903
132,0.03777767307075479,0.05303065960934963,0.14526314975868335,0.4508815021351335,0.2352570129365832,0.07779000248949577
133,0.10200857182805939,0.6637247529248586,0.07581688721762822,0.042131596542738535,0.031421875306770784,0.08489631617994435
134,0.4697211119148051,0.33725230707750375,0.0648551593142781,0.03310817145037408,0.024942703925904457,0.07012054631713406
135,0.7270179005986955,0.10836095869406863,0.04966180603607943,0.0300683187060368,0.02300161890802821,0.06188939705709166
136,0.37223600100172105,0.4364937386703389,0.05786628364562678,0.03331908267634538,0.02503679988714873,0.07504809411881938
137,0.08970446293119197,0.13782703215708683,0.15455040700951625,0.06276759344176135,0.0442499603510548,0.5109005441093889
138,0.32987155234601157,0.4324101853657372,0.08514229252932158,0.04003039578878841,0.029564047733441307,0.08298152623669962
139,0.04194439800671896,0.06117196830136683,0.15249499812452819,0.5322155717450459,0.12886230585121558,0.08331075797112467
140,0.1215799290449256,0.19515618382143865,0.1520831057198082,0.05606866067475096,0.039835725795004405,0.4352763949440718
141,0.7598005771399866,0.09027971356271676,0.044173306430848866,0.028238877054881838,0.02171101721761829,0.05579650859394767
142,0.5299949860161827,0.28010588160496147,0.062376629228206026,0.032364985480656076,0.02416829916949583,0.07098921850049814
143,0.6450223029338876,0.19347863581300745,0.050085459858918935,0.02997159355512483,0.022658647347710236,0.058783360491350516
144,0.6716742983384911,0.15495816102340226,0.053006379644293104,0.03138362436794744,0.023858404955851065,0.06511913167001518
145,0.0358439596878274,0.05064425224742026,0.11618139044805169,0.28742143213157706,0.4379617853211031,0.07194718016402032
146,0.059260566513390595,0.10091348641799422,0.5068309174586083,0.12730949152432733,0.07090279140976054,0.13478274667591894
147,0.038007738182852434,0.05349109260013232,0.13176603412993457,0.5530646358697235,0.14350085046630143,0.08016964875105564
148,0.10125342752886604,0.1776848164122501,0.17533302303997603,0.0603251339808653,0.042377965998316926,0.4430256330397258
149,0.11025480952872942,0.18558804756112196,0.17721258568640616,0.05837458924251773,0.040901736750094043,0.42766823123113074
150,0.032716453569544425,0.045757960846545605,0.11353039090195344,0.4893421717632477,0.24671325279400727,0.07193977012470176
151,0.7250475640857555,0.11613556408033511,0.047670930060913635,0.02925360197555866,0.022394932733284228,0.059497407064152893
152,0.03609100836217347,0.05013327516810924,0.11220546459584421,0.12751086593005825,0.6014679280800744,0.07259145786374034
153,0.6668516363877467,0.16822877513875842,0.051556084727231104,0.029867622292711817,0.022765553459266893,0.06073032799428523
154,0.7308377200614133,0.11398429550721727,0.04727349697370744,0.028843582985832276,0.02205208809037366,0.05700881638145618
155,0.7112363924807241,0.1293894546256678,0.04955425215617109,0.029376412894510873,0.022450107322722148,0.057993380520203856
156,0.0720724101763166,0.13180633305542636,0.49917578211870794,0.10399802015890049,0.061267764065335836,0.13167969042531258
157,0.1484536186842638,0.22940474780263082,0.14268852906237373,0.051973972230366365,0.037132953420088585,0.390346178800277
158,0.07513649246538427,0.141146145189772,0.4941903027716718,0.09584990764363217,0.05864528433350887,0.1350318675960308
159,0.09475293934221006,0.6663890117416645,0.08253728686173228,0.04320577979115527,0.0321499224961447,0.08096505976709337
160,0.15511430115825897,0.2428156442956857,0.16160282338365334,0.05380902480834293,0.038023734814523966,0.3486344715395349
161,0.03348874102930762,0.0455777209836037,0.10229866618563017,0.1498089221783213,0.5998408261535546,0.0689851234695826
162,0.040199214604640904,0.05508778572672528,0.1482521790577443,0.5611548812016999,0.10734319260627634,0.0879627468029133
163,0.037459103690277676,0.05360471888035753,0.12396464828358794,0.4154055684354286,0.2929812449543299,0.076584715756018
164,0.11892691753854683,0.1730654665758727,0.144856251983521,0.05558117483246043,0.03982533255902307,0.4677448565105762
165,0.6967309504230516,0.14044699738610109,0.050237004694123615,0.030001821438320385,0.022856343508238373,0.059726882550164805
166,0.12030061695198883,0.5954102045430073,0.09295900372584043,0.04824084473336195,0.035664985459197496,0.107424344586604
167,0.05966041770518333,0.10493254152000601,0.4803214842177155,0.13555464086606714,0.07538268759812325,0.14414822809290478
168,0.07103056837566829,0.13035622734874577,0.5070680681651706,0.09782566160214215,0.05939158845709407,0.13432788605117912
169,0.07355828322721396,0.1315154570527332,0.5024542360926845,0.09583541563895816,0.057908487608474654,0.13872812037993543
170,0.7334097226797565,0.10491860343033337,0.047424959239956106,0.02998826545683495,0.022889998769430618,0.061368450423688464
171,0.036180723356932856,0.050286922266688974,0.12169996686332747,0.2773165743027435,0.43688814356503414,0.0776276696452732
172,0.12307987162020803,0.2313661313656056,0.1396919437252433,0.05588878413207442,0.0398620986674968,0.4101111704893715
173,0.7178472932290499,0.11842697769685162,0.04835698715371959,0.03011086402338594,0.022968491967252588,0.06228938592974023
174,0.09346254521182945,0.19417523275949802,0.42955204411978426,0.07918939292928913,0.051244034343782746,0.15237675063581596
175,0.07483862033575829,0.1360062048600529,0.4856889792181495,0.09390190552012884,0.05737588043872029,0.15218840962719016
176,0.08401379290365839,0.12975623213940649,0.18213744126053366,0.06590377255504892,0.045800376632665674,0.49238838450868677
177,0.07417392518756406,0.12709088910363955,0.16459951330098452,0.07018364162003643,0.048723359841520084,0.5152286709462557
178,0.08042420290151163,0.13105488412119973,0.19138489072057796,0.06555367792475146,0.04546955579002792,0.48611278854193124
179,0.06378085781081076,0.11173541092857925,0.5148184125302151,0.10378729329357558,0.06183409884251262,0.14404392659430712
180,0.10355191362852045,0.18626595352262842,0.1799868595392649,0.05865541443301686,0.041281390418959854,0.43025846845760923
181,0.1351571096599576,0.22088218797366166,0.15307441708927638,0.05380770186972779,0.03822987510214378,0.39884870830523295
182,0.039218601455020395,0.055973028836202046,0.13734559145995984,0.27036617545815694,0.415760362822232,0.08133623996842874
183,0.03415682548416655,0.04663527509750769,0.10318682786888606,0.13507780342168613,0.6071374021811918,0.07380586594656138
184,0.09879809856439166,0.2190293319045248,0.40354535593347274,0.07845362371006877,0.05085188627727764,0.1493217036102643
185,0.07909051827116519,0.12495749507698939,0.21673031233894505,0.06949633563327827,0.047316236832027944,0.46240910184759404
186,0.036765669878192395,0.05017727507763744,0.12590207993089905,0.6212073263607084,0.08037544383914208,0.08557220491342049
187,0.08108111354541521,0.6238866956165667,0.10956915587539834,0.049999029077641505,0.03644927720040582,0.09901472868457255
188,0.09787790036016672,0.17072976556898184,0.16717912070307106,0.05917365168502178,0.04173608302165531,0.46330347866110316
189,0.0366590080794644,0.05056945810681392,0.1250517065777838,0.5489427699165302,0.16163537726538837,0.0771416800540193
190,0.059000698551031495,0.10113808559847276,0.49055992880524774,0.12661164479300066,0.07157343752377415,0.1511162047284728
191,0.03628002957403017,0.051192746067921145,0.12150535019061624,0.3565174395495372,0.355496293230574,0.07900814138732101
192,0.037127311333199534,0.05076652558135406,0.12045995582523543,0.21432972799716354,0.49252012738067413,0.08479635188237303
193,0.6699645943991034,0.16648974899623753,0.054389865885176726,0.029909839279376075,0.02259324879364687,0.05665270264645932
194,0.0842813462615853,0.1595937422837095,0.4681210569986655,0.08259251283501216,0.05231762463763473,0.15309371698339272
195,0.036390595244073495,0.05008495823858009,0.11591000493240136,0.13029508115260788,0.5892031431093124,0.07811621732302457
196,0.6871423946942599,0.15097035111190368,0.04719771176953992,0.029706232355605003,0.02270173154176874,0.062281578526923044
197,0.7331724555083555,0.11450438564030863,0.046416030565455194,0.02851162747582382,0.02184656095504199,0.05554893985501473
198,0.059000698551031495,0.10113808559847276,0.49055992880524774,0.12661164479300066,0.07157343752377415,0.1511162047284728
199,0.6561513846432345,0.1798307395210515,0.04931986843244972,0.029899908322792088,0.022880160299311104,0.061917938781161
200,0.13729548387774854,0.5436421734837587,0.11268073886480459,0.053142670965055164,0.03851654200158235,0.11472239080705089
201,0.6720718054077162,0.1659417810566426,0.047887087820379336,0.029773874679458818,0.022661009223329198,0.0616644418124738
202,0.1896256808313377,0.23918471614434916,0.1318108550951035,0.048182182447658636,0.034663875899852224,0.356532689581699
203,0.6897448577620666,0.14350505182281878,0.05485291158294241,0.030162619245209698,0.022871147898397035,0.05886341168856549
204,0.7379416161133309,0.1061544519842856,0.04594913302764462,0.028980701287784585,0.022173562234073216,0.05880053535288073
205,0.13335815735198495,0.211943454061271,0.1552175850895361,0.054257852681537745,0.03850354795801173,0.40671940285765873
206,0.0625690996136811,0.10731030726911661,0.5010997359644621,0.09926537488367615,0.059846680063554834,0.16990880220550916
207,0.11614577629384369,0.193246718248159,0.16767616791149936,0.05705472401448591,0.04045187700412558,0.4254247365278861
208,0.057597027275610176,0.09825875593548708,0.504544133323111,0.12475955373795448,0.07092096129179717,0.14391956843604015
209,0.12464327981998215,0.6537206739169306,0.06880581054199267,0.04040989346918127,0.030223264239792897,0.08219707801212052
210,0.08452181097001084,0.16340478347845494,0.4550795598904242,0.07968354845078326,0.05098922278364855,0.16632107442667796
211,0.3432372650223723,0.4417150894276208,0.06857844246541277,0.03734811758270538,0.027760617035059828,0.08136046846682868
212,0.06699182143762428,0.10747265607192036,0.182039955090518,0.07599205315888004,0.05162075441130875,0.515882759829749
213,0.6818745457767373,0.1502249342359907,0.05326106216881922,0.030686996478831143,0.023426644432669716,0.06052581690695173
214,0.034435877248769085,0.048109903975611844,0.113827314828825,0.31900757895855997,0.4175032545137992,0.06711607047443494
215,0.1558126507726341,0.6264944150659504,0.07284850984646277,0.03854922841753555,0.028820617671631483,0.07747457822578545
216,0.07971717387061245,0.13320426608416647,0.16278693756134782,0.06811403867974197,0.047173273127908026,0.5090043106762232
217,0.11393695636793172,0.6405373674922389,0.08822125131078325,0.04426627951235491,0.03276525587607684,0.08027288944061453
218,0.12403411664080723,0.1789036195611834,0.16564997738947718,0.056184202305195066,0.03967794129632573,0.43555014280701115
219,0.08166347862544608,0.13943238112123096,0.14367105686387754,0.0692441870338858,0.04818466919721743,0.5178042271583418
220,0.7409371579320602,0.10127652523643932,0.04716917639954129,0.02929817086824524,0.022336336111534655,0.0589826334521788
221,0.038146757667819074,0.05406563694090241,0.1558656075849417,0.45119163495883136,0.19776205205361128,0.10296831079389406
222,0.036631822008656154,0.050749970788052115,0.12228456197253441,0.5790798644799741,0.13713872875453556,0.07411505199624735
223,0.07288695242809065,0.13530361769587,0.5017799055188745,0.09534864440029475,0.05842308645944779,0.13625779349742229
224,0.38549486156794244,0.42994921129000435,0.05610824335046187,0.033266773535803755,0.02500633948259265,0.070174570773195
225,0.04706608444760447,0.06718553928331764,0.19845396701037474,0.442881518088164,0.12723324009012943,0.11717965108040965
226,0.11968492622770971,0.1897855364565486,0.17253896147022435,0.057579412331692295,0.040448486751721704,0.419962676762103
227,0.03514524598190965,0.04846145402128862,0.12642040983630795,0.5192692221907995,0.1938156417128596,0.07688802625683437
228,0.08854331191290861,0.6441338244154055,0.09001070978171523,0.047980710495356356,0.0353471419626853,0.093984301431929
229,0.1880065256627767,0.28375321494741396,0.11386728543515426,0.04709101518663059,0.03406105035785751,0.33322090841016666
230,0.058043725096014576,0.0995326121704869,0.5033164211553479,0.12245897917685208,0.06986644570154113,0.14678181669975712
231,0.0910419413314819,0.15119717581279962,0.16156804498984742,0.062342401570538615,0.04383459897921717,0.4900158373161155
232,0.6483536619915227,0.19349322374733546,0.05172042211380266,0.029098239684833712,0.02206871838359127,0.05526573407891387
233,0.04162995849559444,0.060856552831645934,0.15649275585598482,0.5155001641487548,0.14177944963914738,0.08374111902887225
234,0.052119400973824434,0.08379347853413324,0.47550714879687317,0.1450594722594586,0.07862169877293618,0.16489880066277476
235,0.1528931573166415,0.648564327710652,0.06385694326643447,0.03682217746129878,0.02769167853248879,0.07017171571248416
236,0.037702964475189095,0.05213172293200331,0.13260123896541404,0.5601909461626996,0.13807228481258402,0.07930084265210963
237,0.7692635141139987,0.08600612095078375,0.04281812822698454,0.027455704864340506,0.021077735750460715,0.05337879609343203
238,0.10796144272318467,0.194093546834447,0.1840840048198485,0.05947965464310376,0.041637954788571935,0.41274339619084377
239,0.13452875981675624,0.19427715186890274,0.16403684566024956,0.05470308664166896,0.03895071575856758,0.4135034402538552
240,0.592944064031514,0.22701051535871497,0.054648863801780044,0.03201376262999513,0.024306719255744163,0.06907607492225157
241,0.751812699864524,0.0918867905012733,0.047657897975556716,0.029013420283501512,0.022176045348454933,0.057453146026689536
242,0.14951297353239024,0.5224769328943503,0.11863211756318283,0.05325598004635831,0.03808690012102594,0.11803509584269266
243,0.07891614095036534,0.1491618591720936,0.4820885991450829,0.09006280836412779,0.05639800160948236,0.1433725907588478
244,0.03628002957403017,0.051192746067921145,0.12150535019061624,0.3565174395495372,0.355496293230574,0.07900814138732101
245,0.03276896893169812,0.044458500619565224,0.10680310047403346,0.5226074120105357,0.2238368095035837,0.06952520846058383
246,0.035154831547776745,0.04870216559593284,0.11602748530805038,0.5337667880431832,0.1891820576003272,0.07716667190472973
247,0.7435740501818818,0.1076438250440776,0.04557347961543842,0.02794506336498499,0.02142334108539047,0.053840240708226635
248,0.1521067091503965,0.6185058583965749,0.07421685287918926,0.041367782711882635,0.0307609403127911,0.08304185654916511
249,0.04686715368647357,0.06701884858085776,0.18926264173541482,0.44844636345019023,0.1441586184533256,0.10424637409373806
250,0.03751687158590199,0.05202918435411215,0.12215100738047142,0.21985082220287439,0.49267312746575154,0.07577898701088828
251,0.06756295855440259,0.1202431116402895,0.5098550261512542,0.09513323842315922,0.057965774914848625,0.14923989031604568
252,0.04485100149013434,0.06703640765728196,0.1759982485220481,0.49168037007452825,0.12375789463419387,0.09667607762181334
253,0.038674443016943276,0.054814652383272454,0.1400326915854044,0.30795024017131145,0.378799584025982,0.07972838881708637
254,0.03499265741522008,0.04854615324110624,0.11494661905130417,0.2546506879516866,0.47603095952377145,0.07083292281691124
255,0.07127754086720818,0.1288828642695989,0.5029221367586575,0.09911736654296506,0.05910301478851328,0.1386970767730576
256,0.055589862797634865,0.09541986403570794,0.47831363510783187,0.1388634462458163,0.0767627843685298,0.15505040744447962
257,0.6623372183791063,0.16922827868468313,0.054303933385948314,0.03044272911333572,0.023081249746853664,0.06060659069007274
258,0.09799265941241514,0.6464575226963774,0.08284863262029993,0.04493629877283276,0.033254873088127065,0.09451001340994791
259,0.6683032587541884,0.16673156530127933,0.04971525470253202,0.030277454416758904,0.023102636499600968,0.06186983032564022
260,0.03616232812215674,0.05029264952875728,0.12238065743290476,0.5505530493006682,0.16476414908538514,0.07584716653012749
261,0.11012707131073442,0.49511329976663465,0.15260304928263535,0.06318387103461544,0.043990237938523684,0.13498247066685642
262,0.08099196190770303,0.13734577348145025,0.16632995316243565,0.06564589770840659,0.04564330159514857,0.5040431121448559
263,0.6831916130769073,0.15489838355716462,0.0489673533503949,0.02984767356016266,0.022843948777081426,0.060251027678289534
264,0.125198944679954,0.19431025470354546,0.15171497004976037,0.053802798114885635,0.038483325850499024,0.4364897066013556
265,0.04317062436408854,0.060738632934727074,0.16466409957065295,0.476011465325357,0.15778927866147602,0.09762589914369887
266,0.06741966434028847,0.12096762108716184,0.5017889600064271,0.10544557095844267,0.06306100105224886,0.14131718255543133
267,0.0656625372561541,0.10287892492734432,0.2518807850390571,0.08641249040974654,0.05584683602133646,0.4373184263463618
268,0.09961339855467091,0.6165483785939039,0.09760928137499628,0.04948717897987822,0.03618913725234972,0.10055262524420074
269,0.038302275033013033,0.054611968434773894,0.1397592516789047,0.42635693272147196,0.2601928235813684,0.08077674855046817
270,0.12729881559251838,0.23187496582953082,0.16416923735449734,0.05692300355067473,0.040116504353805274,0.3796174733189735
271,0.04089851629035749,0.05834640578049393,0.14939526581635634,0.5506634154998474,0.11880850682349688,0.0818878897894476
272,0.06985835149949207,0.12426171778094573,0.5052643867702101,0.0912875856903567,0.05620319120543531,0.15312476705356037
273,0.037575592931401114,0.05260386031425782,0.1253634431013186,0.22443007015320746,0.4825508211460855,0.07747621235372953
274,0.03866806741025133,0.05419541062773302,0.12963772219334993,0.2018769361233792,0.4945355285202474,0.08108633512503877
275,0.037170541086357665,0.05146504850216267,0.11870977825015158,0.17188292628459273,0.5426928810361489,0.07807882484058669
276,0.0507798888625918,0.07436172084438764,0.2570225230763539,0.29066262948562155,0.12213278466547675,0.2050404530655682
277,0.6885535365832799,0.15120696009200899,0.051052446190110894,0.02958025823852616,0.022474549957524625,0.05713224893854954
278,0.03495078174056399,0.047233435033878245,0.10704354847647617,0.09126853167539904,0.6469384663773102,0.07256523669637259
279,0.03286543616640074,0.04523748091520083,0.10528828527545932,0.6124172483816063,0.1360653945766472,0.06812615468468566
280,0.031080171064361232,0.04282312590807384,0.09787416587632336,0.3835232291345818,0.38160661791194594,0.06309269010471344
281,0.03375823645244296,0.045833384863501615,0.11139906666760095,0.6061918313930049,0.12305590800481257,0.07976157261863671
282,0.035078601182273995,0.04867111076651523,0.12090118209792622,0.48861636078811316,0.23388589295735504,0.0728468522078165
283,0.06173092577146201,0.10650963788102173,0.487844229950457,0.12445507598124117,0.07107997109535258,0.14838015932046522
284,0.1628966226385083,0.5833161016233411,0.08061586086159989,0.043948040792660015,0.03252887643940715,0.09669449764448332
285,0.13461860799215225,0.6155804991378676,0.08603338638008572,0.043898639055062194,0.03240424380028929,0.08746462363454272
286,0.04024041835613786,0.05693311506722665,0.14501767172173946,0.5291430973327236,0.14303829234663273,0.08562740517553964
287,0.0714464668874525,0.12737776683790658,0.505943468120423,0.09213304308469002,0.0563482699782464,0.1467509850912811
288,0.04567915255141943,0.06798208103317492,0.18207465982844742,0.4960750546113819,0.11200616400867121,0.09618288796690554
289,0.31794467261125087,0.4933197238224897,0.059643184547220174,0.03426897240645412,0.025770573779950175,0.06905287283263535
290,0.06842803443042766,0.12450243380470999,0.5007700358170916,0.10647659699520363,0.06358640706696644,0.13623649188560055
291,0.19086700822877642,0.5816375921768714,0.07507473043430975,0.040529627054524016,0.030245721075123407,0.08164532103039494
292,0.13251263408196146,0.6591822004306159,0.06633847692102167,0.03830496235982381,0.028686021280265046,0.074975704926312
293,0.0831274992691577,0.15939803105598283,0.4717213807131499,0.08412934658681438,0.05287238062016685,0.14875136175472828
294,0.03467887651055261,0.04703990486127957,0.11116667119718265,0.21210627264726287,0.5178604283504646,0.07714784643325753
295,0.756387502011327,0.09259537086705336,0.045068800695340014,0.028325451941580336,0.0217347342167945,0.05588814026790453
296,0.08638218096155834,0.16982454408141465,0.46132037763040235,0.08735957708569976,0.054119013232613214,0.14099430700831148
297,0.076614452494002,0.14565836765838572,0.49565164954938873,0.09462928203427678,0.05792313967126616,0.12952310859268082
298,0.04123203578532092,0.058595441558102423,0.15084780297245048,0.5302084543310748,0.13521427002370653,0.08390199532934516
299,0.03259798474317484,0.04558536294179489,0.10351261232829424,0.3843394446547959,0.36977103465468414,0.0641935606772557
300,0.07073010081424287,0.6708237194997473,0.09204465205336652,0.04661153534824061,0.03440266710931277,0.08538732517508978
301,0.1050323313117104,0.6805858110636291,0.0689716920080548,0.03938267059326908,0.029474151085926274,0.07655334393741015
302,0.15306462204024762,0.24489751910244956,0.15571337764264495,0.05265714630936341,0.03733685080436076,0.35633048410093393
303,0.16921211816534185,0.2779789487218627,0.1617298065758253,0.051369376967209064,0.036274380072534765,0.30343536949722655
304,0.16802683581018302,0.5480667315240128,0.09729057168426934,0.04722304096187005,0.03441211036578587,0.1049807096538789
305,0.0892498011499855,0.14464664597707563,0.16286293122460815,0.06191978793383825,0.043439578824251035,0.4978812548902415
306,0.55814499874714,0.2608728200669265,0.05875468922297855,0.03183821997355328,0.02398794784410542,0.06640132414529631
307,0.2951300619316834,0.4979197171732865,0.06753981058750518,0.036454356254810874,0.027173082408660863,0.07578297164405315
308,0.23492436686470491,0.4962962666499083,0.09420043398505515,0.04302642699419689,0.03154886303158785,0.10000364247454707
309,0.4036156268741958,0.40252599672196104,0.06794992034424216,0.034735441609814545,0.02586562191377795,0.06530739253600912
310,0.13994085769923148,0.65470861005398,0.0658275568540957,0.037268061516558405,0.0280060096133318,0.07424890426280302
311,0.0425514586915891,0.05839503144299222,0.16578087565181016,0.5303520771688573,0.1011586299372832,0.10176192710746754
312,0.6469856731927729,0.17806920314207828,0.050780812524731295,0.031615448585632845,0.024073411043771864,0.06847545151101252
313,0.11146991868386713,0.4149493521308116,0.20900287413030455,0.07446266952855961,0.051542400806614354,0.1385727847198427
314,0.06097210349366003,0.10764777733332519,0.4764131851478245,0.14159193623067454,0.0776028548841293,0.13577214291038675
315,0.03747885275263785,0.05189114135101353,0.12177135287267223,0.2190524646966279,0.4926519900450545,0.07715419828199396
316,0.11639502362543838,0.19774054058984716,0.16635039010500247,0.05707007347929079,0.04018906404460114,0.42225490815581995
317,0.7521042849365106,0.09308825274258098,0.045306105897015767,0.028872113309385144,0.022107621053789574,0.058521622060718204
318,0.09123525342067548,0.1626310137587442,0.16170814892016208,0.06190562824157121,0.04361209628251833,0.4789078593763291
319,0.12176637177672658,0.21615451465558208,0.1544241754044236,0.056295326995872495,0.03995068255849856,0.4114089286088964
320,0.06830286929382132,0.11048905298874102,0.1970801948902359,0.07717040696205467,0.05214438232829784,0.49481309353684916
321,0.6738409614291683,0.1673670803074106,0.04872090383913325,0.029317330289433594,0.022354438204468176,0.05839928593038549
322,0.7579849638765176,0.09042198169894188,0.046636851490142885,0.028473657989403656,0.021746491440149996,0.05473605350484405
323,0.09464809124411114,0.6620063872328947,0.08244050721771623,0.04356925379364315,0.03227757811828023,0.08505818239335486
324,0.07916314689914285,0.12626787139142578,0.1554734972700207,0.06841404985047192,0.04787564081442766,0.522805793774511
