,proba_0,proba_1,proba_2,proba_3,proba_4,proba_5
0,0.24782134888248525,0.26188431646232674,0.10977954906208932,0.050569273103753275,0.03620623829673803,0.29373927419260715
1,0.1067965725227791,0.22916543629340522,0.11675025840671184,0.06427754932617846,0.04485046508561182,0.4381597183653135
2,0.08692000815678771,0.1975484187453219,0.4741172985056708,0.07602392332205486,0.050659160046593946,0.11473119122357053
3,0.037769896258938854,0.057213034194429045,0.11093746969131582,0.140565659981789,0.5467911203474016,0.10672281952612589
4,0.08325381226494466,0.18788668210130677,0.5085565361607448,0.07711420470241809,0.05089805688415371,0.09229070788643184
5,0.07356593306537888,0.15131820723882208,0.1298733321707624,0.09239485660998388,0.057940241259060325,0.49490742965599227
6,0.049137211453119466,0.07992092944468396,0.14001241275012644,0.4832584461777361,0.11925901764638273,0.12841198252795138
7,0.07323654747442852,0.14920718031276375,0.5272043601117453,0.09465893986427597,0.0596811608895413,0.09601181134724486
8,0.07441078431046051,0.1518263291007444,0.1357446558026204,0.08782393610424999,0.05604445479596808,0.49414983988595634
9,0.04067450590756818,0.06213076437577405,0.11760277301112437,0.18436132434250763,0.47033501591210025,0.1248956164509259
10,0.7483799474078016,0.08019209315985938,0.05868233839301984,0.03307412987479097,0.025253113206060745,0.05441837795846733
11,0.08207255231105176,0.18142789119128355,0.514377777204462,0.07499569602378732,0.050180358246471095,0.09694572502294427
12,0.06016499986465433,0.6607556558249978,0.10324988706502392,0.05418563288640138,0.03938413551174263,0.08225968884718005
13,0.0784658028002775,0.16988170094535646,0.4983690816677057,0.0910643550581888,0.05729594157891466,0.10492311794955661
14,0.09352008390655629,0.6275686479396793,0.09728019153259419,0.05349412958883693,0.039172109096714404,0.08896483793561845
15,0.04396554256366194,0.06986394759935978,0.1298719320584747,0.5481015455546749,0.0879331793330036,0.1202638528908249
16,0.07931907664331515,0.1735104961283677,0.512321198362986,0.0826711162193196,0.05365135699344013,0.09852675565257135
17,0.04668215875336747,0.0763795325831748,0.15885915561248967,0.5057537631487922,0.09201404539142154,0.12031134451075409
18,0.10630434059702373,0.6776592960032422,0.06912110365875843,0.04246779869624601,0.03189435514374836,0.07255310590098185
19,0.7581062767830612,0.07433466792417,0.05709464969619919,0.03172363079612027,0.02447382819604354,0.05426694660440557
20,0.7309571897686283,0.10492757627666567,0.051374892946725224,0.031575248171334606,0.024086662145963996,0.0570784306906823
21,0.12003210585823251,0.20683290949536057,0.09727737168004898,0.06711444038813687,0.04622808444683312,0.4625150881313879
22,0.10114517063017243,0.6790798450607123,0.07681206227270404,0.041743085636547966,0.031496924888810104,0.06972291151105323
23,0.04613950206327478,0.07363514791381601,0.15722552232211037,0.46650298552618086,0.12662355008264048,0.1298732920919776
24,0.7506408316670033,0.08862786926372465,0.050677332326251094,0.03156638330149891,0.024181811944037228,0.05430577149748526
25,0.03578768889244644,0.05514888433358265,0.1052484309879696,0.38049107184207126,0.3197693077618683,0.10355461618206128
26,0.740286777560542,0.09450538372563051,0.05371136515165056,0.03130749067039688,0.024094040171829655,0.056094942719950545
27,0.040335938520250185,0.06336282587454196,0.11929859339300118,0.5634562170959423,0.10127994572638932,0.11226647938987583
28,0.1431579486844995,0.23865906889783164,0.0967744255139567,0.06088972758422501,0.04283959695624727,0.41767923236323956
29,0.03909986938330405,0.062174036849439326,0.11545141034466747,0.5743160980878292,0.09594298730460078,0.11301559803015924
30,0.08934106523542319,0.19821636320682195,0.11304293939487955,0.07449278217323937,0.04974547248066877,0.4751613775089668
31,0.09816273347828569,0.2047940280097221,0.11066924590184521,0.07048192532454049,0.047780676896505045,0.4681113903891017
32,0.04224944258475554,0.06588887160386059,0.13615992479792435,0.5466851503491105,0.09612783810543168,0.1128887725589171
33,0.03680583073174076,0.0551336759884099,0.10989978467437636,0.139466555957149,0.549527740806424,0.10916641184190012
34,0.19751192446369317,0.5612987186580052,0.08397570166724512,0.047424146960712364,0.03486958384995456,0.07491992440038954
35,0.07578980704053521,0.1561342401790088,0.49722968836854775,0.1058783053215238,0.06470135371523306,0.10026660537515164
36,0.09538675235179654,0.20562146511358975,0.13254251783005944,0.07006274471240284,0.04770111460638333,0.44868540538576807
37,0.05444844242414902,0.6868819983409352,0.08230257255730364,0.05298056938634449,0.03837013175941944,0.0850162855318484
38,0.04530443668460173,0.0718946212506601,0.1324050836938908,0.525510091994418,0.10071508989753741,0.1241706764788919
39,0.0896082980200872,0.19277625899460454,0.13499747319560054,0.07651153633172807,0.05088190343280676,0.45522453002517294
40,0.07434511822686238,0.6849522810607261,0.09192806120322078,0.04479676422967112,0.033697177434127513,0.07028059784539212
41,0.1166642601753094,0.22179467066191003,0.09423832051340861,0.06556422859854598,0.04547634725721756,0.45626217279360826
42,0.03775287810814581,0.05847660039462774,0.11118416830492253,0.5476228976186048,0.14490289199281325,0.10006056358088586
43,0.07053476582322454,0.14158255500760078,0.5226425331712753,0.10659604277766974,0.06454791075222678,0.09409619246800245
44,0.08325876038447044,0.16865982674061172,0.12640286497413009,0.07814928138181523,0.05204618669796381,0.4914830798210085
45,0.748017583918573,0.08028970786882639,0.0538005679918758,0.0337998249230726,0.025686412372786026,0.058405902924866304
46,0.0411039042903015,0.06356312356455726,0.12334505228424635,0.17867047530901797,0.47907835002530486,0.11423909452657192
47,0.037209403469115596,0.05752340145694791,0.11126495239792569,0.5487137694046521,0.1312552669861765,0.11403320628518232
48,0.43752640986160846,0.35901838581903156,0.0634154958331333,0.038508824380857544,0.028835087090679955,0.07269579701468909
49,0.044111834236085445,0.07053980441180568,0.1323081609571854,0.5438211921656898,0.08883768956212922,0.12038131866710448
50,0.06554723800326151,0.6422070417936115,0.10750556604502587,0.053767717092908965,0.03933709195011127,0.091635345115081
51,0.4499468101449085,0.36121094069511145,0.06183693470460828,0.03597945138040767,0.026950901221268034,0.06407496185369603
52,0.08699961553071894,0.19450124286161888,0.49627411589370246,0.07300413272969049,0.04950738539010744,0.09971350759416148
53,0.07884286988102611,0.1670769350020851,0.4909260767962253,0.09674835783044125,0.060627954608687355,0.10577780588153458
54,0.1262254216136158,0.25210252440346087,0.11202811124944047,0.0639593767279563,0.044294685277273343,0.40138988072825316
55,0.111797135607137,0.24826722990006847,0.11212078283910196,0.06454888126067516,0.044787012189914245,0.4184789582031032
56,0.04152170068422186,0.06292881337159398,0.12182685789431807,0.11156570538450346,0.5447859746636092,0.1173709480017533
57,0.09540750033159766,0.22590166450067306,0.4478559360419285,0.07302635832357131,0.05045089510394901,0.1073576456982804
58,0.08139439508539648,0.17800608430354092,0.48848666046248435,0.08888270773698173,0.056656463432848095,0.10657368897874822
59,0.07052959466787641,0.14065401900123328,0.537196893753928,0.0992472572227032,0.06159373583213673,0.09077849952212233
60,0.037736354965030604,0.05824406485332678,0.1107126315892284,0.19420621975703667,0.4989978116875668,0.10010291714781061
61,0.04695213382798349,0.07606490268369524,0.14109144172038274,0.5159710246123074,0.09292241949980394,0.1269980776558269
62,0.08527496620940508,0.6882529061043814,0.0799331526589407,0.04314501751080414,0.03244077846629352,0.07095317905017519
63,0.23337555331731524,0.543462530885806,0.07620494798892515,0.042601444420189746,0.03176433794174393,0.07259118544601979
64,0.04892931297022494,0.0802998363810441,0.15446278637728986,0.49075795366324576,0.09327207548224936,0.13227803512594577
65,0.04135940133514934,0.06482548476432741,0.12048525449491061,0.5685438914340497,0.08817866489238572,0.1166073030791772
66,0.06133101867230605,0.6550520477884737,0.09833658196828553,0.05561451018454879,0.04020874661023266,0.08945709477615336
67,0.0362017839791461,0.056537968130712574,0.10600787602607759,0.3304113212570307,0.3771209768526126,0.0937200737544207
68,0.03770548683352404,0.05677777394820751,0.11674630441629234,0.2667867322654116,0.41316609434862844,0.1088176081879362
69,0.08408397926202184,0.6354728611845226,0.09523732313052549,0.05424244174506742,0.03927768218793735,0.09168571248992503
70,0.2055191122933538,0.2789728394658814,0.08112745468355748,0.05349596540618803,0.03821863687659539,0.3426659912744236
71,0.04526829967304991,0.0720591633402866,0.138738371532306,0.5231396223991787,0.09023171379957684,0.13056282925560245
72,0.08616963948457744,0.19493112911176272,0.4908450177905217,0.07332087341580064,0.0493309718621988,0.10540236833513869
73,0.07851816889691236,0.6681446841408293,0.10182638843749021,0.04519192277921425,0.034085949366807346,0.07223288637874622
74,0.09541649315132263,0.6284552511220155,0.1039339246905198,0.051165809971010334,0.03766244058543701,0.08336608047969449
75,0.03798195654885192,0.05778908942605623,0.1104947266493146,0.12066524856642685,0.5645312866274939,0.10853769218185676
76,0.732430261344849,0.10489198282067691,0.04883007050566436,0.03166485825351075,0.02417847019163297,0.05800435688366586
77,0.03816909122865159,0.05757318607657582,0.11086679542388973,0.09786033496131101,0.5843798529964136,0.11115073931315812
78,0.567833474051583,0.2490896748412349,0.056913836818762636,0.03505859505983977,0.026412771809407636,0.0646916474191724
79,0.06885543955790037,0.6204290072465812,0.11367119496886906,0.0606760833422114,0.04323318299664452,0.09313509188779341
80,0.5581850620764595,0.2633991394149147,0.05401842996757141,0.03369748816349309,0.025463186506170965,0.06523669387139026
81,0.7840761488474058,0.054568531876923725,0.053975053219901876,0.03087678881663982,0.023866831306277342,0.05263664593285099
82,0.5620820308692078,0.25433632244118665,0.0611776182010437,0.03525303606660678,0.02665600398760445,0.06049498843435056
83,0.6317572517234664,0.18969552107949778,0.05548738519592688,0.035140689165239936,0.0263994454857799,0.061519707350088666
84,0.09744831911182894,0.20624894455594922,0.1271639541159745,0.07117245355326499,0.04812319147206862,0.44984313719091384
85,0.7383631995985332,0.09216756859517997,0.055590161224425186,0.03239150989891153,0.024618503628885548,0.056869057054064434
86,0.041946612536238645,0.06454630524051488,0.1207616607564218,0.1761194542731264,0.4802440066206786,0.11638196057301972
87,0.10923601618093594,0.23046579561666855,0.10568706585310131,0.06722147552519658,0.046142952078169486,0.44124669474592826
88,0.062087478251290296,0.6898973952972208,0.08300490931024612,0.04887848068102363,0.03614992487917827,0.07998181158104085
89,0.04876082917386562,0.07982694768750878,0.14795013652191807,0.5037927425078957,0.09556040206663166,0.12410894204218033
90,0.42994911764520605,0.3839320499943172,0.06100554065935506,0.035701268288787495,0.026986602027774222,0.06242542138456022
91,0.060059905150039256,0.10188990377086299,0.16118314352041133,0.3984488286838302,0.11349286474028755,0.1649253541345688
92,0.048539620945437456,0.07837509025870867,0.1530664356929119,0.4941247319251939,0.09367414845663798,0.13221997272111022
93,0.037048126792209056,0.05672072332872159,0.1157438912984498,0.24545982977226685,0.4405472393633802,0.10448018944497264
94,0.7392269198413705,0.09424029520985715,0.052320474600895214,0.03253113457713938,0.02477998690305626,0.0569011888676812
95,0.08610717460994288,0.19291334959870454,0.47319261600909135,0.08049025582811153,0.053147098445703006,0.11414950550844662
96,0.14501538296910094,0.5938603764631298,0.09659803971734225,0.04958662426472087,0.036494576975354,0.07844499961035227
97,0.05669647082932772,0.7158329921604119,0.08205293680785015,0.043466417205170686,0.032696811024878536,0.06925437197236106
98,0.0926019806431195,0.22070066318013654,0.4625064019257581,0.07093496068574641,0.04843174096288111,0.10482425260235875
99,0.03879156892210859,0.06153573419530814,0.11820703161918843,0.4306692081139462,0.24877474679030812,0.10202171035914019
100,0.047509124282417665,0.07662866312504392,0.14324556014034068,0.5090813795544944,0.09473104716360534,0.1288042257340981
101,0.09334707777374074,0.2126251134807147,0.4501319200321,0.08387364822852347,0.05632146047423499,0.10370078001068589
102,0.07676175745177938,0.6805689168983666,0.07007402860836158,0.04691917624429826,0.034699539034816755,0.09097658176237723
103,0.20505703802151837,0.3037877277703872,0.11734022425886187,0.054258889486503974,0.038610487735775016,0.28094563272695333
104,0.08248851631520483,0.18402763595401758,0.49489152187013596,0.08412446152089495,0.05464556702676718,0.09982229731297958
105,0.07324306517641965,0.15216768114766327,0.5374796891235811,0.08896002808161556,0.05667403919630302,0.09147549727441744
106,0.07681995541630643,0.1642226888348264,0.4984981377121739,0.09750733549986434,0.06040959793996763,0.10254228459686131
107,0.0835855939381408,0.18556661134408076,0.48505064266647424,0.08261218249621925,0.05410254716299429,0.10908242239209086
108,0.610327654823561,0.2176274571341366,0.06156855486150209,0.0321222401916601,0.02457792858371483,0.05377616440542535
109,0.04910689498910732,0.07889654055898081,0.14473327737689182,0.46464032682717427,0.1069340026625915,0.1556889575852542
110,0.0690438658769168,0.13850025977023359,0.11694467040763461,0.09327958469201841,0.0588330607854217,0.5233985584677752
111,0.06706231314308993,0.1270436936708092,0.5455181497282461,0.10760754198699733,0.06594879428833318,0.0868195071825244
112,0.1311726431751648,0.2532763729722652,0.1189118915530849,0.06179396485096213,0.04348366158462986,0.3913614658638932
113,0.04571612941977891,0.07480668520274945,0.13151122772338314,0.5319191810962078,0.08804845509029484,0.12799832146758588
114,0.09180356926550082,0.5683772577825377,0.12274841440229874,0.06573556991222561,0.04684014300551777,0.10449504563191964
115,0.09732901027878593,0.6543145502370366,0.08702801679031326,0.048037102772182,0.035730532238321434,0.07756078768336057
116,0.04110460335444978,0.06336365597663889,0.13003147536032297,0.5014430005692955,0.1340420154496384,0.13001524928965466
117,0.07771394360739925,0.1681922555707501,0.5068113516876537,0.09190105480621229,0.05791149660749565,0.0974698977204887
118,0.1883998636665783,0.5884000566134637,0.07436078883576208,0.04226518467504589,0.03190479482658192,0.07466931138256795
119,0.0329658146462261,0.05000301397079924,0.09461213024888833,0.22257789951338677,0.4943614078511962,0.10547973376950352
120,0.0732019859480852,0.13616534402610259,0.4144554994947173,0.1729789540452979,0.08745669530519813,0.11574152118059867
121,0.03798055503602704,0.058892391930856144,0.11112648751298987,0.3063030434844283,0.38166655189579857,0.1040309701399
122,0.04043408433980676,0.06075871055710487,0.12219700623043336,0.21807172285652754,0.44630970897593364,0.11222876704019338
123,0.0768778411597897,0.1634266680309625,0.5269861026774908,0.0826983660272934,0.053916424681680473,0.09609459742278303
124,0.6797573040797433,0.14606512234191799,0.05880032164392426,0.03397458716375844,0.025718974137207168,0.05568369063344901
125,0.7020064655314601,0.1190332455964255,0.055401908087165976,0.035326310288909445,0.026756189311431637,0.06147588118460751
126,0.09541649315132263,0.6284552511220155,0.1039339246905198,0.051165809971010334,0.03766244058543701,0.08336608047969449
127,0.200382490268975,0.5400326798201719,0.09781808203505982,0.049046369571140405,0.0359980179942172,0.07672236031043543
128,0.11663844872724063,0.6190587452616505,0.09762426250383771,0.05134339094454143,0.037616492917886074,0.07771865964484363
129,0.05225657580019874,0.7041766959075945,0.07893004401114978,0.04911155699587983,0.03606301576178955,0.07946211152338799
130,0.03781417259216112,0.05725580532930765,0.11350444895971216,0.20820802294301693,0.4832967435925187,0.09992080658328333
131,0.06278980869936311,0.6639054881442897,0.09229812702095214,0.05285508156689637,0.038873046707370795,0.08927844786112793
132,0.0458152874547848,0.07131836508155051,0.15011104442914502,0.5120829911387512,0.09717324781923524,0.12349906407653319
133,0.056916953127286764,0.6972051165023971,0.0784196058264045,0.04968111019308046,0.03663374193339021,0.08114347241744087
134,0.6036108116250638,0.20785377411934472,0.06755334669891386,0.0329730080267865,0.025316549307227987,0.06269251022266313
135,0.7668050056229,0.060993056146941685,0.056422600595860205,0.03322415058329082,0.025489768758946867,0.057065418292060556
136,0.27818521262705925,0.504932643787476,0.06883686972959616,0.04133816290657923,0.030790719184612594,0.07591639176467654
137,0.08135473792110416,0.16413546362567535,0.11014826946482438,0.07537096031155731,0.05059404284541478,0.5183965258314241
138,0.2357134780902389,0.5065716090134537,0.09727081566481505,0.0478661640287185,0.035083642335662434,0.07749429086711127
139,0.04642985571674134,0.07587458419752341,0.14251027002526084,0.5361054710678703,0.08689683691891122,0.11218298207369304
140,0.10510353703056785,0.2274532656907435,0.1093891003504242,0.06633526904524548,0.04572312081952604,0.44599570706349295
141,0.7322320791921837,0.10205738632253854,0.05344235648057177,0.032592674020186,0.02486911630657761,0.054806387677942735
142,0.6511104210072898,0.1632699361743896,0.05766908844530993,0.03423392221444358,0.02609188494860739,0.06762474720995959
143,0.58819068170459,0.24509096675157047,0.05195289729027218,0.031926240701389594,0.02416120181595911,0.058678011736218304
144,0.7096950155485693,0.10964929933496215,0.053914623093728194,0.03466602234900093,0.02623440933552031,0.06584063033821899
145,0.036016670956602874,0.05642509548828031,0.1029264818939258,0.25246520260395083,0.45707254084311016,0.09509400821413005
146,0.07546294055209281,0.15533710606413184,0.4932597428511033,0.10150575047245282,0.06250409125024345,0.11193036880997556
147,0.03968725060593248,0.06240583900953085,0.12111316174416138,0.5393619801041439,0.12533495216441656,0.11209681637181494
148,0.09865500476833537,0.21383114013822876,0.12234813257749436,0.07263328708354401,0.04904031489540152,0.44349212053699616
149,0.10407230655860926,0.23460201419558935,0.1269500176374032,0.06913978583422341,0.047165653165132264,0.4180702226090425
150,0.03155023711283899,0.04783994118972972,0.09666243504790879,0.3787744386119504,0.356841769131698,0.0883311789058741
151,0.7581961234778652,0.07236014975361062,0.05298693854084061,0.032533359356931725,0.024894329852603102,0.05902909901814902
152,0.03620955098317992,0.05604367596172082,0.11593616003571698,0.5865497135910518,0.11030446602728436,0.09495643340104593
153,0.7331991478608887,0.09714505876503338,0.05377594598810505,0.03183086830767959,0.024466850584201512,0.05958212849409184
154,0.7476016156831693,0.08335758526056988,0.056957513202222455,0.03245875009795233,0.024885898104217687,0.05473863765186841
155,0.7515305408053866,0.07784870505629787,0.05851784299681686,0.03233442402152704,0.02490059291039159,0.0548678942095803
156,0.08423040804493091,0.18726877208377632,0.4693110409036754,0.08678648373242463,0.05587576519988408,0.11652753003530882
157,0.13558328071199963,0.2482463191714641,0.1031962932470927,0.0612328799040708,0.042894844536308985,0.4088463824290638
158,0.08324253010007764,0.18517468850213703,0.4898728281977546,0.08173587709500303,0.053308344446193257,0.10666573165883429
159,0.055204385565251424,0.705058509914791,0.07800095124327018,0.0467921092039239,0.034767641918415235,0.08017640215434858
160,0.1345782925310519,0.2819794932676515,0.12505607361157345,0.0644124918800211,0.04464006366316528,0.34933358504653667
161,0.036551428855759203,0.056267345049551776,0.1040665224081354,0.11763084341904506,0.5837940032024037,0.101689857065105
162,0.04152310760284705,0.0651662489594446,0.11817481975288326,0.540034830592677,0.1190468846093297,0.11605410848281872
163,0.038488637368420044,0.060737941327085924,0.11013340544191363,0.40684078532711576,0.28195134184373627,0.10184788869172853
164,0.1016553869851491,0.19464837705319307,0.10565773827500663,0.06685016816741898,0.04614133874537502,0.4850469907738567
165,0.7428576432107827,0.08703489831001042,0.058225824836790306,0.03300265579630512,0.025218311014293993,0.053660666831817555
166,0.08512902873783716,0.6151723455346851,0.08947962727632769,0.056983838839235364,0.041162436288234405,0.11207272332368012
167,0.0764780594530724,0.15932383144994983,0.4786547884160763,0.10897779849677777,0.06519677662822229,0.11136874555590115
168,0.07987951156953778,0.1730909164437957,0.5029927618249521,0.08302362695638835,0.053937467514984544,0.10707571569034144
169,0.07974321045937861,0.1681195368113339,0.5091871557175183,0.08152549231719744,0.05350696961154478,0.10791763508302724
170,0.7305983372927022,0.09668426238860472,0.05336575353072617,0.03403085938471174,0.02570196301974059,0.0596188243835147
171,0.03661270887961847,0.05615724713374615,0.10573711222372617,0.16952911831615775,0.5265455380343186,0.10541827541243252
172,0.11534668216733653,0.22871334943942098,0.09011667012826978,0.06556275239095387,0.04561352522530609,0.4546470206487129
173,0.6325838300090482,0.19177642499834804,0.05628204249983918,0.034055910514787735,0.02564072259733058,0.05966106938064619
174,0.09475936065335605,0.22487839138042282,0.4538891369104542,0.06899269801030317,0.047612936259217545,0.10986747678624648
175,0.08290062635171318,0.18138345031452782,0.5069569987018718,0.08045275915859838,0.05323823792385656,0.09506792754943187
176,0.08255279761167993,0.1687041699282308,0.13094015559772537,0.07841709670569548,0.05201148332313931,0.48737429683352934
177,0.07539782724742838,0.1562334772892049,0.10918930518606264,0.08369716066310724,0.05428931992798827,0.5211929096862086
178,0.08593011458288921,0.18342811619005786,0.12794995780002644,0.075162492219836,0.05019563440989789,0.4773336847972928
179,0.07551282640583337,0.1578985829672503,0.5242579582535992,0.0875949988285056,0.05629501919890495,0.09844061434590676
180,0.09979662853820571,0.23140316086199184,0.1167661042042705,0.06671279039732331,0.0456705446899231,0.43965077130828567
181,0.13100600370925297,0.2537702586384153,0.11244791783317834,0.0624450114567938,0.043600079876906485,0.3967307284854533
182,0.04146223916322214,0.06516061668792769,0.127323122754647,0.4820144342345124,0.17709010246963616,0.10694948469005428
183,0.030538985682743804,0.04581483303460839,0.09308639262591602,0.1762840543191872,0.5626622253978231,0.09161350893972167
184,0.09989414658226678,0.25349975749421133,0.41968127721812865,0.0679264505171433,0.04715237906111651,0.11184598912713296
185,0.08673124981770787,0.18346087691797458,0.14833757700702496,0.0796779187797181,0.05241913297916717,0.44937324449840743
186,0.04431350058080078,0.06996596206723903,0.13610915269719723,0.5396140524871307,0.08736041788112783,0.12263691428650451
187,0.06399668414592202,0.6469966609910657,0.11169551241119098,0.05414491101190821,0.039580933746274055,0.08358529769363934
188,0.09499695651945698,0.21084724127863613,0.11182503770134507,0.06802034485698348,0.04641433853839313,0.46789608110518544
189,0.035799548223103744,0.05562692317008192,0.11063167131188541,0.5744447988602652,0.11903829433917056,0.10445876409549328
190,0.07578980704053521,0.1561342401790088,0.49722968836854775,0.1058783053215238,0.06470135371523306,0.10026660537515164
191,0.0411039042903015,0.06356312356455726,0.12334505228424635,0.17867047530901797,0.47907835002530486,0.11423909452657192
192,0.034044439257009555,0.051335919397818106,0.10232096357123331,0.274522074334228,0.42852411188708633,0.1092524915526248
193,0.7145256068692395,0.11619257352670398,0.058602844652388186,0.031133061628773422,0.023924065606938185,0.055621847715956775
194,0.08505653437789298,0.1905351567197324,0.5221918086383366,0.07008815907739264,0.04776119064289407,0.08436715054375112
195,0.03275476995477367,0.049078053979593195,0.09947334707432094,0.29449018192833715,0.4218544992891195,0.10234914777385563
196,0.5948161614536476,0.22628637100179472,0.0577444340172697,0.034791979625679995,0.026170794443145542,0.060190259458462174
197,0.7267034522824791,0.10488197176439282,0.055225106031721864,0.03212786057735499,0.02460680458330963,0.0564548047607417
198,0.07578980704053521,0.1561342401790088,0.49722968836854775,0.1058783053215238,0.06470135371523306,0.10026660537515164
199,0.6399816597243219,0.18142700764095232,0.05708614993777385,0.033166223252669914,0.025142279354735543,0.06319668008954697
200,0.08907978484764634,0.5831441278119341,0.12113589008680797,0.061832449338810214,0.04433092437676172,0.10047682353803954
201,0.6746517114203824,0.15054242245697488,0.05270640478054046,0.03390819703006575,0.025649262512404316,0.06254200179963196
202,0.16061959720484018,0.26904111831344624,0.1049267662621313,0.05825175955154505,0.04090858068770217,0.36625217798033477
203,0.7419294421648533,0.08433663777783203,0.0629727718305391,0.03216582347754458,0.024813461166339486,0.05378186358289174
204,0.6812119230957951,0.14519659559515563,0.056342628961641335,0.03370094658680426,0.02551072772666029,0.05803717803394361
205,0.11889773461897238,0.2474015664243779,0.11607832903125627,0.06419080728905689,0.04453204370544287,0.4088995189308937
206,0.07970120459503337,0.16476445471838858,0.5034781694768153,0.09120914052261411,0.05913281186658039,0.10171421882056832
207,0.10489514566748627,0.24352468587629048,0.12165858378049482,0.06727120903206397,0.0460851179458459,0.4165652576978187
208,0.07150052906032933,0.14303747950869322,0.5133641572852473,0.10717967466365706,0.064962655202772,0.09995550427930115
209,0.05983793900486297,0.6936014743405726,0.08040150051373067,0.04893081620255255,0.036027231553633784,0.08120103838464704
210,0.08914133618137682,0.20750876724069678,0.498444351900633,0.0710559088295749,0.04851990560465844,0.08532973024306019
211,0.19231537009482041,0.5641299333401358,0.08408588956340433,0.04853015298585648,0.035572275881689965,0.07536637813409247
212,0.07216893797312197,0.14627439154046668,0.11786185654306108,0.08756430184982716,0.05634675893979551,0.5197837531537277
213,0.6854076157675502,0.139981377472526,0.06001899783078824,0.032832846371559456,0.025134943165650875,0.05662421939192542
214,0.036298891466927746,0.05719790279871755,0.10477443262609552,0.39362815693336506,0.3143028290826188,0.09379778709227524
215,0.09630584624184757,0.6750395676331535,0.07732390003809902,0.042633480727578124,0.03215386791889693,0.07654333744042456
216,0.07951950015092249,0.16713568874308624,0.10903276938870445,0.07749560559806559,0.051156399123007255,0.5156600369962137
217,0.05821149280241539,0.6840185151012182,0.09332564793275361,0.05004067440168572,0.036963801943607516,0.07743986781831946
218,0.11086917912167035,0.22834949069977653,0.13192438261536044,0.06916949754470278,0.047247156858150736,0.4124402931603389
219,0.0737981305678752,0.15056368903246417,0.09532110355919957,0.081797969423481,0.05374288674514135,0.5447762206718386
220,0.7309931076414147,0.09833436118278369,0.05568886370161648,0.03337405302439255,0.02536154454228617,0.056248069907506484
221,0.04969809361351369,0.07976709470482976,0.15840593711478843,0.41878593759342303,0.16513462432131926,0.12820831265212565
222,0.03664902606415575,0.056438751665673526,0.11457095466329159,0.5484153152522176,0.1418528310503601,0.10207312130430142
223,0.08062553315292645,0.17721521872757248,0.5107110697265846,0.08022264690903742,0.05255177690915612,0.09867375457472281
224,0.2917694669640426,0.49970976007704354,0.06675441022126857,0.040944837156643654,0.030652955779718657,0.0701685698012825
225,0.0464867561377183,0.07222130100887136,0.14664724699452975,0.4630475298142513,0.12448871015591398,0.14710845588871554
226,0.10931028702733972,0.23676564123960298,0.13021946287942074,0.06931484658170213,0.04734471166790473,0.40704505060402957
227,0.03606401035714849,0.05490693341246694,0.10852395359435466,0.3018704360203984,0.40597164939054586,0.09266301722508548
228,0.06376154543570299,0.65115732659904,0.10107990646770776,0.05645127774523368,0.040855575398716114,0.0866943683535996
229,0.14984884447359284,0.2807114138225733,0.09035981744289644,0.06089627416407936,0.042546993371398265,0.3756366567254598
230,0.07350211135863947,0.1497261269589741,0.5099669757045957,0.10306758861000033,0.06336828767520582,0.10036890969258477
231,0.0878644887074932,0.17957672344894515,0.1163903000385261,0.07604268391621169,0.050832536430773026,0.489293267458051
232,0.5785440821212956,0.25501788514885754,0.05703415333810264,0.030784004062417276,0.023658675962416616,0.054961199366910025
233,0.05319607363640585,0.09000412620886392,0.17307330071883864,0.44954509204723725,0.09804688188361219,0.13613452550504193
234,0.06905258485240719,0.1274897299465227,0.49162086023450036,0.13451848221152624,0.07623344225576853,0.10108490049927499
235,0.06768705776599901,0.7080657772935924,0.07742918797889344,0.04348619095183648,0.032734780442815116,0.07059700556686348
236,0.040678108117758266,0.0632234804888559,0.12908771749303768,0.5555569239793986,0.10371274148707381,0.10774102843387609
237,0.7710006663259237,0.06924190928097128,0.051620671769617855,0.03133620778099154,0.024105111170335466,0.052695433672159946
238,0.1053881053252032,0.23525937562739038,0.12290145663552572,0.0686545732898161,0.047079054437766374,0.4207174346842982
239,0.1173363439430309,0.24907341621905937,0.13199542992903385,0.06589627933268613,0.045465270376187625,0.3902332602000022
240,0.6233923246268878,0.1877184411035683,0.057460899213701275,0.03573216949844437,0.026946333808829062,0.06874983174856908
241,0.7663710292328683,0.06705329943804338,0.05319495176441109,0.03194980344254128,0.024499010217605963,0.05693190590452974
242,0.07952912696101776,0.6039611987754121,0.11291071256210128,0.062360444679688314,0.04436427737239257,0.09687423964938814
243,0.08525699512883717,0.19081419955914125,0.48772260172543597,0.08077526269642493,0.05327161695365508,0.10215932393650597
244,0.0411039042903015,0.06356312356455726,0.12334505228424635,0.17867047530901797,0.47907835002530486,0.11423909452657192
245,0.03781417259216112,0.05725580532930765,0.11350444895971216,0.20820802294301693,0.4832967435925187,0.09992080658328333
246,0.03305744568414166,0.050809024772458966,0.10002025914754172,0.4909898058163022,0.22877109248538474,0.09635237209417082
247,0.7550601954966123,0.08269742164121631,0.055181939944419264,0.03115968755473173,0.024019270102771214,0.05188148526024906
248,0.08890557756655819,0.6580786179281785,0.08682146020004008,0.050611617502714305,0.03739703322993279,0.07818569357257647
249,0.047886038278484575,0.07568989711459119,0.13912502335477964,0.43392302185694304,0.17500536753411744,0.12837065186108398
250,0.03841863701442195,0.058288890168749226,0.11470555092137422,0.18205416535360885,0.4965983985877869,0.1099343579540591
251,0.07701490963923441,0.16205343321124113,0.5283448427214604,0.08257281694867961,0.05406217182747649,0.09595182565190767
252,0.06337688416462611,0.11012260544870715,0.174201002847379,0.3953045660818563,0.10457574221296148,0.15241919924446984
253,0.045418611127078956,0.07219142457153464,0.14655410894613471,0.5221182178195916,0.09418946635747837,0.11952817117818136
254,0.036637314298653696,0.057690559210194524,0.10630224588092857,0.33332603282478934,0.3714244278566859,0.094619419928748
255,0.08283197196813644,0.18100058677733105,0.4916631336870639,0.08206639274028507,0.054188267673464525,0.10824964715371926
256,0.07229154295573181,0.14244699480417047,0.4880424009737565,0.122487426113836,0.07099611201158827,0.10373552314091689
257,0.707530765212277,0.1166063835965866,0.06389002433027959,0.033165351165398725,0.02536559871432996,0.053441876981128456
258,0.06721866448690623,0.6620890814233189,0.08563765660441658,0.05360971803404061,0.039200560404939064,0.09224431904637877
259,0.6098495282035368,0.21292247467918035,0.053493296667239024,0.033439320911404856,0.02522722993032925,0.06506814960830988
260,0.03585759781388771,0.055892577348534124,0.1047168691601358,0.54007490517702,0.15542565305296754,0.10803239744745458
261,0.08199199319337126,0.552891178104028,0.13438588995523928,0.07110878631922418,0.04937668435873208,0.11024546806940518
262,0.08163177871105724,0.1719708580140626,0.10665599850535719,0.07535431148975555,0.05032219199496257,0.5140648612848048
263,0.6807217721641895,0.14565634482865292,0.054874609392561516,0.03288125611843952,0.02497952021923061,0.06088649727692561
264,0.11530608041276974,0.23129262970558492,0.11330197136485784,0.06553489928647749,0.045257324857263755,0.42930709437304626
265,0.04515572217582865,0.07055989594240247,0.14863395589243444,0.5068273635800571,0.09792907760403761,0.13089398480523956
266,0.0782282117715549,0.16781441001345873,0.5054337066967919,0.09006860083000615,0.05716649142698947,0.10128857926119901
267,0.07981555651427362,0.16351539953463562,0.16217721935995513,0.09881030683064336,0.060919954855529534,0.4347615629049628
268,0.06651975296008082,0.6701064186060507,0.07824080002632736,0.05404783425687091,0.039328669168040946,0.09175652498262918
269,0.03863231485427563,0.060619403691785395,0.1121380837776403,0.5111865764986356,0.16681253987533937,0.11061108130232379
270,0.11543887481936117,0.2550395908471158,0.11436166810279393,0.06830160429655165,0.04695976415707535,0.39989849777710224
271,0.044172908164432936,0.0701025969074345,0.14626671358583357,0.5314128065946071,0.08933983443312195,0.11870514031456991
272,0.07977195875489411,0.16920999081358742,0.5176655321683731,0.08182361943364846,0.054025694404678616,0.09750320442481833
273,0.035077469716908456,0.053512623507764694,0.10928590725680608,0.4540671258246797,0.2479643355507947,0.10009253814304657
274,0.03909986938330405,0.062174036849439326,0.11545141034466747,0.5743160980878292,0.09594298730460078,0.11301559803015924
275,0.0360367297693288,0.05477991509321049,0.10779842436689932,0.2224483292813142,0.4736819996525085,0.10525460183673878
276,0.06860054650777316,0.11225213912331768,0.278862776220888,0.2619663034782454,0.1061830274306919,0.1721352072390836
277,0.7391152900775051,0.09964513739815992,0.05145394022816771,0.030458534592950403,0.023397688591542138,0.055929409111675064
278,0.03512713722859775,0.05212731301584843,0.10699424388577337,0.0956460489728951,0.6099044368110386,0.10020082008584716
279,0.03566099342909927,0.054643465059853416,0.11375206886373089,0.523443359721958,0.17747413234525058,0.0950259805801077
280,0.036072473763287566,0.0545237334557713,0.11029671589146964,0.1925554400274701,0.506864213565297,0.09968742329670419
281,0.03179440280373612,0.047961211300946785,0.0956522253180484,0.3834438215014394,0.3499374654020473,0.09121087367378189
282,0.03600197632763308,0.05603137736125471,0.1087294588264899,0.5463181282831269,0.14913439547138496,0.10378466373011051
283,0.07343222418912165,0.14785239658287802,0.5068413923112046,0.10797309540742032,0.06516900705880747,0.0987318844505675
284,0.08450971741797494,0.6277979044017463,0.08761651991189863,0.05603333539097705,0.040582294663648606,0.1034602282137543
285,0.1068641274363135,0.6203803564622092,0.1001580221763764,0.05187015344216796,0.038333521741507996,0.08239381874142483
286,0.043498123964810946,0.07004945746198546,0.13364933789473074,0.5390212675353309,0.08978577005499047,0.1239960430881515
287,0.07929574011885501,0.1694739293141387,0.5266841468182335,0.07877810077266174,0.052300676572486486,0.09346740640362498
288,0.05829963771233236,0.09999886478255664,0.18055721386583853,0.421113234136081,0.10118442069013317,0.13884662881305793
289,0.2120823398419945,0.5699947316253844,0.07208126501855522,0.04119776773597807,0.030882662273249786,0.0737612335048381
290,0.07769088421584716,0.16692051387367143,0.5101704559733852,0.08972764758451422,0.05700117435704441,0.09848932399553759
291,0.1121827812525178,0.6188152059191003,0.09514556694243528,0.05054936358018039,0.037255963503056745,0.08605111880270921
292,0.05546179754490669,0.7125151454553994,0.07661136659434961,0.04613444108070866,0.03430065441544894,0.07497659490918673
293,0.08847468722521268,0.20502073418101194,0.49085783348731143,0.07252191293096283,0.049125119864087435,0.0939997123114136
294,0.03699144955724171,0.0555777457966502,0.11007033354001508,0.10673841462220668,0.5808637815173199,0.10975827496656668
295,0.7654021139449799,0.06871471615492451,0.053859394015605855,0.03202633361325308,0.02457108893532377,0.05542635333591312
296,0.09444194199654671,0.22495512191027672,0.4309834898263928,0.07815662374788443,0.05249327039482163,0.11896955212407748
297,0.08327229479127315,0.1837695995569678,0.48579340270453303,0.08120242601127732,0.05322178966790131,0.11274048726804745
298,0.04404964573407428,0.06980506113126778,0.1369019591617337,0.5370507316984012,0.09114208774570447,0.12105051452881788
299,0.03412405802708263,0.05232365801794999,0.10207567357871357,0.3082586405043093,0.40610820757873667,0.09710976229320763
300,0.05240166753527315,0.694542904110621,0.08914762983807605,0.050174985647983505,0.03683627668426433,0.07689653618378202
301,0.05364836352363997,0.7133772718311122,0.08162448804768944,0.045740199028375006,0.03404876162895507,0.0715609159402283
302,0.1344541230365128,0.2744138787687048,0.11510343902511848,0.06155216959266609,0.04311316820760889,0.3713632213693883
303,0.18564133081700596,0.29997585304143987,0.11812888464480241,0.05558774754044206,0.03938322341845198,0.3012829605378578
304,0.13130835394768056,0.5887794304481716,0.10596244998141865,0.05361708191344329,0.03903921413298479,0.0812934695763015
305,0.0874924775207004,0.1799865005698209,0.11128880479279649,0.07192994980869835,0.04879913248606459,0.5005031348219193
306,0.6883261059473711,0.13276500365627322,0.057815909945376456,0.033320947713085254,0.025482742914779897,0.06228928982311433
307,0.24263315261041443,0.530340836895349,0.07829547235194757,0.04296983644698734,0.03208400362767362,0.07367669806762792
308,0.19386316783038565,0.5388638235542232,0.09180189401286944,0.04786297818188203,0.03545277435546293,0.09215536206517645
309,0.18131275283023057,0.606047051977715,0.07473520039735476,0.03993011947272446,0.03009803799638541,0.06787683732558965
310,0.08532321177374176,0.6850003191768921,0.08146715245735399,0.043753398033799844,0.03288943730793896,0.0715664812502731
311,0.041655686932786276,0.06456657050996031,0.13128825239466047,0.5592222391816585,0.08585339418602056,0.11741385679491415
312,0.5801396725810788,0.2306476069743921,0.0581138280929919,0.036861759591977,0.027507437484017603,0.06672969527554258
313,0.09853078261061805,0.45543142116202523,0.1676277027277401,0.08580087583286714,0.057891868619452905,0.13471734904729699
314,0.07565691769468166,0.15858246987163774,0.47867931859989116,0.11541425917882428,0.06770283283019221,0.10396420182477308
315,0.03941069734954881,0.059833296239545586,0.11219062170634475,0.11800918622114437,0.5559991522245773,0.11455704625883963
316,0.10839538660434844,0.23651969078608642,0.11682454658571345,0.0668519916358422,0.04609002312890864,0.42531836125910066
317,0.7534400570631176,0.07626211115950539,0.052787116057539406,0.03341195416489306,0.02549219160297427,0.058606569951970534
318,0.09030577336687663,0.1864007897141161,0.10674724865886374,0.07335339474987636,0.04970048436600508,0.49349230914426223
319,0.10846829782157842,0.2443564415345017,0.11014716611111637,0.06731519624638875,0.046212442369757065,0.42350045591665736
320,0.075274849451732,0.1542539219485444,0.1315298589414723,0.08814544728605853,0.056269789183896836,0.49452613318829614
321,0.6788877820469569,0.1519021354774053,0.053010664158711585,0.031635349757725376,0.02410158051646114,0.060462488042739966
322,0.7639681826559215,0.07444223740938384,0.05017478203819778,0.031060577669672042,0.02382253534080831,0.05653168488601646
323,0.06889044835042296,0.6666391906133257,0.0951462330766322,0.05095359719927435,0.037630748414054775,0.08073978234629015
324,0.07372459762238398,0.15133266336147266,0.10701515394459671,0.08311371952942619,0.05411076271072044,0.5307031028314001
