,proba_0,proba_1,proba_2,proba_3,proba_4,proba_5
0,0.047686349842417146,0.0638943034250496,0.09044971389706562,0.08927599413907537,0.07525123177037307,0.6334424069260195
1,0.05874383194287026,0.09573083258131801,0.13853277742142178,0.07878826833911953,0.06654061831714969,0.5616636713981207
2,0.08595393456923345,0.23470386925895645,0.36522779755028123,0.05888347623114945,0.05483646685044326,0.20039445553993612
3,0.03190388901307157,0.05092289288410867,0.05817673269840644,0.32073232304056004,0.44431583563242344,0.09394832673142976
4,0.09192764598090679,0.1553173086475424,0.48102432188814526,0.055342508583895146,0.04861779037521122,0.16777042452429927
5,0.07378726268550599,0.15380491954263853,0.16150131163743983,0.07232038378940257,0.06503486952195385,0.4735512528230593
6,0.03486579793250255,0.054470646104054526,0.06705050455966083,0.48685730776420855,0.24079953168819024,0.11595621195138305
7,0.06253440386838956,0.11505569791320902,0.49676165290849644,0.07191889151220264,0.0621292038251536,0.1916001499725485
8,0.07894350807875514,0.1656260612950081,0.19550966505088269,0.06529487722786312,0.05855837045899457,0.43606751788849657
9,0.03253515090482541,0.04987364828386384,0.05707037288917253,0.12494648565349042,0.6449259467809545,0.09064839548769314
10,0.7384992500157811,0.10519676659620524,0.06251967257079988,0.026144267215230475,0.029429868914846356,0.03821017468713713
11,0.0938832400122332,0.21835002336352646,0.4148246277414765,0.057168198204361864,0.051670695071230316,0.16410321560717167
12,0.08860305412914736,0.5093341982909507,0.1608037400930085,0.056468765167564196,0.0584286976148468,0.1263615447044826
13,0.09032205165881238,0.2070512145197548,0.3698397348241008,0.05970147671422523,0.0513062710454546,0.2217792512376521
14,0.11080083769945329,0.5995103729325171,0.10187845809677273,0.04853907827205389,0.05130633890081091,0.08796491409839234
15,0.03579185389270638,0.05587293478855948,0.07094611974143979,0.5094808463113281,0.19610130300492662,0.13180694226103978
16,0.08006577380103798,0.1970744026206559,0.4281865339403685,0.06327488634599934,0.05581832723852404,0.17558007605341447
17,0.03466285391538818,0.04803984866177294,0.0677405436181446,0.6327784697536231,0.10562089140457087,0.11115739264650036
18,0.243286448266685,0.5273295160839632,0.09507715996966828,0.035768721045192665,0.03871213086108419,0.059826023773406796
19,0.7822206416854354,0.08349940058754916,0.050246394979895234,0.024229860434137555,0.028053090634198148,0.03175061167878437
20,0.7438339127191024,0.10489651177134202,0.05963650932975039,0.025583838402340773,0.029744881990767028,0.036304345786697376
21,0.051590104278637625,0.06586920114370245,0.09821029594286053,0.08010032500520418,0.07074077631437524,0.6334892973152199
22,0.2829228941185812,0.487666150372405,0.09761446442587542,0.03399473487564984,0.03832967834209709,0.05947207786539196
23,0.039112564855287454,0.06598370612248293,0.08012190992966338,0.4451903856621228,0.20223822471608865,0.16735320871435438
24,0.7957119316342718,0.07148214527026807,0.050068336084556964,0.023355526301512452,0.02714659537677618,0.03223546533261436
25,0.030318581635545058,0.0438563482344943,0.05348057424675657,0.22596002074521956,0.5627458856140648,0.08363858952391982
26,0.7703740241375038,0.08901897679588926,0.05400175839331521,0.024688468126461038,0.028532375910764695,0.033384396636065426
27,0.03220771398455726,0.046535975069742865,0.06026776945155176,0.5449426304728938,0.21635256966232222,0.099693341358932
28,0.05001750268058149,0.0658623471649676,0.10480660946119097,0.081068545285291,0.06824218242624941,0.6300028129817199
29,0.034831120238696535,0.05457841567602124,0.06660084777595962,0.4836755958396475,0.2479465607384613,0.1123674597312134
30,0.0718656745849969,0.10643049977624179,0.18159785086257574,0.061866971394595634,0.05864835860571983,0.5195906447758701
31,0.06505957894227327,0.0975994096056233,0.12189717602002614,0.07149194020742625,0.0644169668757644,0.5795349283488862
32,0.03591048218577498,0.05355688587371111,0.07097776451286107,0.5796192237599818,0.13196980536311176,0.12796583830455957
33,0.03579507318421941,0.05730826388642496,0.06555936249357908,0.09661907957190448,0.6255570187689252,0.11916120209494677
34,0.15845933086971556,0.5365899534901541,0.12995946700877062,0.04222292658703993,0.04489948793695356,0.08786883410736666
35,0.05652032217684398,0.08808282090975991,0.4226010237226388,0.07508579301575988,0.06008782159921859,0.29762221857577914
36,0.06925254067740529,0.13829403434725895,0.16862081221194775,0.07253754845495945,0.062190216476276886,0.48910484783215186
37,0.08687363852865397,0.5221954263235807,0.13891018330202395,0.05590131497927916,0.059178869501588245,0.1369405673648739
38,0.03637879387467476,0.05838450835260147,0.07297614218016404,0.4514955027581329,0.23753701514208855,0.14322803769233802
39,0.06912499545625313,0.11141250032494433,0.15481814379856326,0.06980991936442676,0.06122443176420137,0.5336100092916107
40,0.18612054904681924,0.5484142630807066,0.11680129010872717,0.03901210085864348,0.04154487706924384,0.06810691983585922
41,0.05189999403810268,0.0790547617783018,0.11310073882162766,0.08968156751458027,0.07614519762661014,0.5901177402207772
42,0.036056815486011584,0.05394810892802403,0.0713393851516692,0.5517365307245441,0.16028592423753085,0.1266332354722205
43,0.07727597553851971,0.10680225564810193,0.5400626317800651,0.06164417572158078,0.04947043961051758,0.16474452170121498
44,0.056176445473528444,0.08462519926148765,0.11036741055396991,0.08376395241693028,0.07241349334069856,0.5926534989533854
45,0.7429242445228241,0.09966893816179997,0.06265732326131601,0.025613131754812196,0.02936021089566453,0.03977615140358303
46,0.03206856191748407,0.051320335663223166,0.060202952344814153,0.3439713361090183,0.4090910593163677,0.10334575464909278
47,0.03370039294834045,0.05400256070988258,0.06536749969046765,0.4374218914158201,0.291168382661469,0.11833927257402052
48,0.6334086185532052,0.18770866143962908,0.06792897904122422,0.028510385289228148,0.03409772543926729,0.048345630237446355
49,0.03493564637534395,0.05199117672668446,0.06747596416381228,0.5726874159500287,0.1544939629566125,0.11841583382751807
50,0.09422383025693797,0.5411700802689677,0.15231596614031667,0.05353130628115222,0.055100821551868046,0.10365799550075724
51,0.5612680673804926,0.2461055524714448,0.07763912510503879,0.03030757309935358,0.03603926132060896,0.0486404206230614
52,0.08934670141930832,0.19671122559252685,0.4477582257993776,0.05906353697555176,0.05300297817878847,0.15411733203444714
53,0.06684924611991921,0.10913381045539501,0.4670641567011088,0.06439830774040621,0.060094576599938346,0.23245990238323286
54,0.07429457471938716,0.13248853868894905,0.17445443880588682,0.06628175701010117,0.05955520541653074,0.4929254853591453
55,0.07041579101792961,0.125878813123021,0.15524614189244346,0.06885771872420984,0.0625902976255091,0.5170112376168869
56,0.03350026104245783,0.055419759716247664,0.05928532962172146,0.14493227956760485,0.6150971345768458,0.09176523547512215
57,0.055487639101159864,0.08293960449465364,0.392912214331924,0.06856306061759625,0.06006405791962533,0.3400334235350407
58,0.07481358080410691,0.14430486095429781,0.41537248973352936,0.06264025886607816,0.05605331274027695,0.24681549690171073
59,0.0660328767404428,0.13665452474905546,0.499247235021897,0.07305822811960336,0.06154140956839116,0.1634657258006103
60,0.033613235515823514,0.05643674933270289,0.062191673303359056,0.35155732255014904,0.391509679462264,0.10469133983570199
61,0.034977203713810294,0.05489443458286016,0.06837720110395346,0.4985535399807255,0.21903808745645606,0.12415953316219455
62,0.22877281454881673,0.5310246107361155,0.10480388111201168,0.03621994541827877,0.03912452153393894,0.060054226650838205
63,0.22778993106688744,0.5350268751527948,0.0977232087754053,0.03701100068562546,0.04053780106520912,0.06191118325407779
64,0.03595324964941339,0.05404333107396564,0.07157092619323087,0.5603728276245462,0.14514902239006158,0.13291064306878234
65,0.03577543950753897,0.057816248048585414,0.07206089222928201,0.4226605949591878,0.26881704044737803,0.14286978480802748
66,0.09305336687036972,0.54587357016519,0.1355843043599563,0.05300215329305381,0.05740719351781834,0.11507941179361145
67,0.034098030562737316,0.053823748571272305,0.06413615392046115,0.2436159570467171,0.4941204466967557,0.1102056632020565
68,0.03571122636345945,0.053262046655009145,0.06493401140764286,0.091405715222353,0.6453081800234483,0.10937882032808716
69,0.11842812530697173,0.5490232074141409,0.148410274424733,0.04644795348411358,0.05072278433307254,0.08696765503696871
70,0.04749048753000248,0.062217489131409016,0.0884621585115285,0.0892779338250979,0.08053011130379364,0.6320218196981686
71,0.03543810861345766,0.05491561321975541,0.06990247636477114,0.49883929023163615,0.214270320131455,0.1266341914389245
72,0.08295941802168523,0.21741283647898263,0.3534529082037397,0.06066818931587586,0.054814182532354094,0.23069246544736233
73,0.1258878491295086,0.5491342909878696,0.14716620561410093,0.046326206354463204,0.046325664204058266,0.08515978370999965
74,0.11553661933369726,0.5603880253095845,0.1342519680236662,0.04787419319254899,0.04966563241341839,0.09228356172708468
75,0.0330253674790628,0.053161771273983936,0.060075691681627436,0.23387707167515037,0.5181122713513885,0.10174782653878703
76,0.7969132066400424,0.07398828250528544,0.04738187124110334,0.023163990988626995,0.027381594825798133,0.03117105379914349
77,0.032020980985413984,0.050651500912205716,0.05703840241473019,0.19273867684824522,0.5766253210491612,0.09092511779024334
78,0.6707308794167156,0.15960109622628543,0.06376449476637525,0.02770088287264764,0.03275173634787688,0.04545091037009896
79,0.07830452703863354,0.4419283822749573,0.16934726660606297,0.06533524434870021,0.06444338620960323,0.18064119352204278
80,0.685007863319785,0.15113923786428812,0.06322818331343781,0.027336702049594732,0.03216703150630346,0.04112098194659091
81,0.7915143458777191,0.07704478110313416,0.048675023874810576,0.023909633576627745,0.027289683336539076,0.03156653223116904
82,0.6895552796352,0.14102090494342787,0.06810077662287493,0.027518386881476162,0.03197104571198114,0.041833606205040334
83,0.7425876466441123,0.09689687867066123,0.06528822600403336,0.025434928875311135,0.029469854351364812,0.04032246545451696
84,0.07189396414906106,0.13783276171437883,0.17047991632537848,0.0703982918340107,0.06262131529271259,0.4867737506844582
85,0.6344965357221728,0.18314584418554009,0.07655547198250798,0.02907852309171107,0.03273572930036725,0.04398789571770107
86,0.033490412093724505,0.051054990335019514,0.06254318087913632,0.23908227413420627,0.5071850321804239,0.10664411037748946
87,0.0688811111022422,0.10981516654057455,0.1574947139936332,0.06684240532013204,0.06062975777500114,0.5363368452684171
88,0.146883737071813,0.5677429324735115,0.11097997440767673,0.04217758525868824,0.046619155487180715,0.08559661530112968
89,0.03340069453124665,0.04909468830713154,0.06446387863363962,0.5032371842486614,0.235038294530368,0.11476525974895252
90,0.40548599333911023,0.3855975966727465,0.08985549593882099,0.03239988067979586,0.03722677424741436,0.04943425912211239
91,0.03602015059683042,0.061670379357679356,0.07296926833659988,0.315060548997952,0.35844357325792586,0.15583607945301284
92,0.03617724678234463,0.05442117471470237,0.07328502349306183,0.5621934187881021,0.13453414842082007,0.13938898780096892
93,0.035620616679882915,0.05786831361278569,0.06969376516486567,0.48508301848551616,0.22633417970316672,0.12540010635378285
94,0.7538984770062552,0.0934435480095239,0.061748656192691515,0.02524343875801135,0.02887277269657956,0.036793107336938545
95,0.08434824869095923,0.30830235289360974,0.33057710842071575,0.0611592081538921,0.05716189372568849,0.1584511881151346
96,0.12108525132859635,0.585186034510342,0.10884197877264326,0.04701013906859347,0.048075988275812505,0.08980060804401244
97,0.18960886909773325,0.5572391127184506,0.10992150977772475,0.03810775785239953,0.04141390351109532,0.06370884704259687
98,0.10588865783311013,0.23178468836744562,0.39250999275591947,0.05205415170710842,0.04890840565453483,0.16885410368188175
99,0.03585618135499971,0.05872168432557715,0.07304046656458267,0.33632357610559027,0.3517057947144457,0.1443522969348046
100,0.03642716918439556,0.05554381434354388,0.07291589449657145,0.5475909739932535,0.15179034006668435,0.13573180791555134
101,0.048398312151334444,0.06349542898285976,0.26713341334320545,0.08217359975495234,0.06363832233728227,0.4751609234303657
102,0.20110224084069953,0.5568509932606359,0.09800162694478129,0.03637660711591737,0.04252243878992031,0.06514609304804597
103,0.0585170837733098,0.08638085945736627,0.11926062366811084,0.07491673154773963,0.06864242544317056,0.592282276110303
104,0.0674943783255844,0.14605548434927987,0.4760665144056283,0.06938578432695419,0.061225370531866524,0.17977246806068664
105,0.08670342841410833,0.1693446914996378,0.5221001417200901,0.060780165412518655,0.054121191500086575,0.10695038145355867
106,0.06419201490066312,0.1492127756502449,0.43184111184402213,0.07553449705315647,0.06213032520134857,0.21708927535056494
107,0.07829695461670855,0.15397656288381004,0.4057186860720877,0.060476724886007235,0.05483606151223658,0.24669501002914948
108,0.6528923149002971,0.17135111364124142,0.07453311049598642,0.028328849485584194,0.03289105340741246,0.04000355806947843
109,0.03479490650768217,0.051916568668934716,0.06984019284394735,0.41537375472826976,0.29768899551694433,0.1303855817342213
110,0.06651503565579298,0.12401711680415022,0.14825228944377228,0.07539426889367766,0.07023092740821092,0.5155903617943957
111,0.07163152576031798,0.16683313949815284,0.42665919442954464,0.07175120308678232,0.0625205124482286,0.2006044247769734
112,0.05400290875015544,0.09499074447227186,0.1356273181349571,0.09053586113055621,0.0744716448487866,0.5503715226632727
113,0.0366917202751223,0.05789682761180819,0.0742394136789862,0.5021454249493404,0.1849436218561628,0.1440829916285805
114,0.07631193097400177,0.4776757555426789,0.14964048797998908,0.06906482992555853,0.06756835812259471,0.15973863745517697
115,0.15150348103191133,0.5724637388435074,0.10989353036311098,0.04247790451660181,0.046247522828293176,0.07741382241657555
116,0.03200653003570214,0.05001958573539129,0.06147743316967322,0.34969880340040066,0.3950843396876984,0.1117133079711343
117,0.0947922714177441,0.18699686609149693,0.46287587102217354,0.057213565454236254,0.05208806163104013,0.146033364383309
118,0.2780082071143169,0.5040099157132207,0.0849210269843139,0.03549122070452999,0.04013784420593227,0.057431785277685735
119,0.03805148623474679,0.06033507369151958,0.07419473331967509,0.11988880611301893,0.5669612537785244,0.140568646862515
120,0.05788144114819589,0.08535284588817958,0.5399868385356088,0.074913360481864,0.06220864626074086,0.1796568676854108
121,0.03235169628429564,0.05026697762161902,0.05926994318382317,0.2237401033355118,0.5350192112818094,0.09935206829294072
122,0.037927107955904635,0.06593285835327818,0.07760521459403488,0.316261855855323,0.34128525658468317,0.16098770665677636
123,0.07195606524168183,0.13835584086818772,0.4692171912174413,0.0654935887780096,0.05672583094901178,0.19825148294566777
124,0.6542783043328079,0.16119311669000735,0.07857500316508659,0.028858547502402628,0.03216643633618979,0.04492859197350601
125,0.7598036544161499,0.0965317958946291,0.053831295783640376,0.025102950581303594,0.029173174477216287,0.03555712884706061
126,0.11553661933369726,0.5603880253095845,0.1342519680236662,0.04787419319254899,0.04966563241341839,0.09228356172708468
127,0.11867916569856068,0.5423004494748115,0.1347647809675805,0.04858386123535925,0.04829373860669589,0.10737800401699192
128,0.10234883414147616,0.5312852763822875,0.1492094377903619,0.051794053085085445,0.053011353634837007,0.11235104496595208
129,0.10429337152394791,0.5710853680163601,0.12487457016795231,0.04839882196985332,0.05372322643899086,0.09762464188289517
130,0.03334458904865257,0.056196243139992455,0.06322699719450833,0.33852417802284845,0.39602325087554735,0.11268474171845065
131,0.10091907975009307,0.6138579159341181,0.10413082646704695,0.0504356074559767,0.053770132782655196,0.07688643761010967
132,0.041975434991339974,0.06843760261384112,0.0870543750076149,0.22578506961324657,0.40000596983554637,0.1767415479384111
133,0.1416876432848084,0.5770316178988227,0.10911005285176706,0.04225409362181602,0.04599211585478572,0.08392447648799999
134,0.64838810576551,0.19182591311726338,0.059116599384863466,0.02891093156602898,0.03311369417042995,0.03864475599590414
135,0.7993774965158357,0.07073614505737,0.04740067440931991,0.02353313910887132,0.02674505084520076,0.03220749406340238
136,0.4627396818296409,0.3229865749334675,0.09334127912398495,0.03163855399717332,0.03685418290335343,0.052439727212379564
137,0.061625321528586116,0.10880451719113991,0.14233381217049795,0.07798822446132973,0.06735060209567198,0.5418975225527739
138,0.19234002190262545,0.5777523443273933,0.07822760040329443,0.03945800979350213,0.041542519645413556,0.07067950392777125
139,0.03455179792406368,0.056720508011169436,0.0665470833471743,0.310134630732888,0.4213727324542584,0.11067324753044593
140,0.06701020741753155,0.12489356322757454,0.16620483876433148,0.0731834705660934,0.06434235223780944,0.5043655677866596
141,0.7800560611439038,0.08268435045620963,0.05121276152657973,0.02416661640457397,0.02819732047895638,0.03368288998977661
142,0.6590766752399897,0.1648103567332161,0.07278830325267271,0.028028949100081774,0.03293850496820183,0.04235721070583772
143,0.6376683301928807,0.1827582734665415,0.07424123332270983,0.028335175168254446,0.03377889250835596,0.04321809534125758
144,0.772879464190162,0.087166440684249,0.05126426971404158,0.024377846335050333,0.028700882593882832,0.035611096482614395
145,0.0350662116735714,0.060319172077174694,0.06467095793068803,0.2154574311186578,0.515719056146129,0.10876717105377905
146,0.0652989705594762,0.10785702318255501,0.33524388667475474,0.0687330007539504,0.05817877339571594,0.3646883454335478
147,0.03283104910949144,0.04803150190141913,0.06012789697280969,0.587551519430088,0.17473794316971522,0.09672008941647593
148,0.06541120693127202,0.09710458238365914,0.15757410493200358,0.06680498711545364,0.0592183135953578,0.5538868050422534
149,0.0747980515841357,0.12616095492925097,0.16575721901707496,0.06461912240835813,0.05803491780682271,0.5106297342543576
150,0.03791421126302299,0.06440567737027719,0.06847269332172007,0.08779249875625811,0.6162304104207857,0.12518450886793553
151,0.7741739706457095,0.08675475237141282,0.052231575709130146,0.024587863140439484,0.028227664942574553,0.034024173190732906
152,0.036591892568606406,0.06432570887878561,0.07003645400849813,0.22065932547222764,0.4758206944567539,0.13256592461512812
153,0.785889090384447,0.08074020571274945,0.049230172302634996,0.023945656460565352,0.02799143917867861,0.03220343596092448
154,0.722446514001692,0.11821848498074909,0.06427564637238714,0.02662337157798868,0.030361332819110378,0.0380746502480728
155,0.7690690199473408,0.08914084160296054,0.05481572902009265,0.024773585546287724,0.028706265694093697,0.033494558189224304
156,0.06828259911011839,0.13276333232692455,0.3543934078917177,0.0678088679954932,0.06173293075770516,0.3150188619180414
157,0.06008456292770235,0.08786845248093444,0.12897653991677568,0.07293425572440658,0.06374404222170263,0.586392146728478
158,0.08572965489845859,0.26982433049478005,0.3426995247995697,0.059684694548769686,0.0541157367047678,0.18794605855365423
159,0.14393504326895384,0.5996552057961958,0.0981365056160134,0.041504137121438,0.045339594902866605,0.07142951329453218
160,0.0731166590897304,0.11917507596869667,0.16745405519924383,0.06492996987423416,0.05890683394552807,0.5164174059225669
161,0.03860431150854991,0.06645289057321116,0.07518638044716942,0.11662938220850708,0.564599620037704,0.1385274152248585
162,0.038212219008718656,0.062404951247892554,0.07756099995685711,0.4635487606162875,0.20199169182752122,0.15628137734272293
163,0.032866883517106156,0.05266581186756593,0.060136427067047436,0.32766653452847694,0.42555866795461844,0.10110567506518524
164,0.060037963667127395,0.1140665909286354,0.13389866967453537,0.08488608085320135,0.07012187425033058,0.5369888206261695
165,0.7237338732520574,0.12061165059580345,0.06034971804305774,0.02671012307214252,0.030527770691701355,0.038066864345237615
166,0.19897667089824897,0.5491679347360622,0.09272138383191268,0.036774786280160676,0.04371996427325564,0.07863925998035978
167,0.07334703304774368,0.1699191410129272,0.4437259941237705,0.06782337978797487,0.05990168984845185,0.18528276217913206
168,0.08474494028907269,0.2697806166947224,0.3538366601916663,0.061225442399763005,0.055929555683733645,0.17448278474104184
169,0.06743873823236546,0.11834382255869993,0.2998723866039902,0.06841346665180244,0.05771380495303111,0.3882177810001111
170,0.6616697578405496,0.15448617282242783,0.07630141818218615,0.028194993000434227,0.03221563659952984,0.047132021554872554
171,0.03665531431694758,0.06453783439279372,0.06414381934091956,0.09347905867500199,0.6299534162299378,0.1112305570443997
172,0.047208001841479406,0.06162790017044323,0.08967084176473344,0.09269868346513925,0.08027003534147811,0.6285245374167263
173,0.684912669102335,0.13651163072025482,0.07497833686783208,0.02751382974397424,0.03147976473608986,0.044603768829513855
174,0.09673787675402548,0.2880310590374752,0.3315249692879161,0.05479601160667692,0.05054772048757299,0.1783623628263333
175,0.07428550265891679,0.1418881297373965,0.490222417677648,0.06347688949043008,0.0543100580417325,0.17581700239387654
176,0.0666629455714769,0.1353892255396989,0.16483608310170353,0.07558947756144319,0.06523332630535808,0.49228894192031913
177,0.06034641596839832,0.1057672563876125,0.1372966551615354,0.08273260105872188,0.07496265190556879,0.538894419518163
178,0.0659881639084235,0.13911555921350996,0.16332831079462237,0.07769007441498593,0.0664090309937311,0.4874688606747269
179,0.06569886152256842,0.1247392377064413,0.4106029505201228,0.06974813631646441,0.06045211654864032,0.26875869738576236
180,0.07478903348009582,0.13822894814493317,0.1520540859243848,0.06745502171053976,0.061787398195363656,0.5056855125446823
181,0.058046669472394744,0.09280375024965701,0.11179957250500056,0.08128633397913941,0.06956946193646146,0.5864942118573465
182,0.03475925720535516,0.05480004094566586,0.06510183874233409,0.19558333082157928,0.5385326107434908,0.11122292154157475
183,0.03668363698598074,0.06115206200212746,0.07135381556076263,0.15026256728287027,0.5466647124696615,0.13388320569859735
184,0.09187350848083704,0.17173761968809934,0.4231484670129737,0.053232395643872187,0.04895310313787294,0.21105490603634447
185,0.07293934115795833,0.13293082945760368,0.1779387993801265,0.06867218426361527,0.06000953698665819,0.4875093087540378
186,0.034472368618841516,0.05575597862725045,0.0682797867521885,0.43939563507737056,0.27209208237560173,0.13000414854874678
187,0.08412546923809101,0.49378104407356543,0.17294723674204482,0.06039372338478416,0.05920088726404427,0.1295516392974701
188,0.06858367305141742,0.1184374732830595,0.1426452257566285,0.07082825664424679,0.062520446483263,0.5369849247813847
189,0.03440132903817667,0.05112037463735915,0.0656329855142015,0.5630960414121853,0.1735754954514212,0.11217377394665654
190,0.05652032217684398,0.08808282090975991,0.4226010237226388,0.07508579301575988,0.06008782159921859,0.29762221857577914
191,0.03206856191748407,0.051320335663223166,0.060202952344814153,0.3439713361090183,0.4090910593163677,0.10334575464909278
192,0.031847865541358704,0.047522950478076385,0.05927795955070709,0.2107460966008224,0.5502709733868373,0.10033415444219802
193,0.7767511560849745,0.08405006189790001,0.05494995650436125,0.024422413168097956,0.027933299623921472,0.03189311272074489
194,0.09860542127418001,0.13892821517591492,0.5612153826768962,0.05319048949231521,0.04837101741662091,0.09968947396407303
195,0.03561807071918397,0.0555549222044675,0.06737772364641481,0.15402286970086757,0.5686474553336419,0.11877895839542424
196,0.7594519479020093,0.09130070924859683,0.05785390072206357,0.024903817444911863,0.02936903585804605,0.037120588824372296
197,0.7687662711514491,0.08999700645127397,0.053884284731999584,0.02465875291492015,0.02882859897976604,0.033865085770590775
198,0.05652032217684398,0.08808282090975991,0.4226010237226388,0.07508579301575988,0.06008782159921859,0.29762221857577914
199,0.6852648282960861,0.14084229145478439,0.07170733028102529,0.02757941939823263,0.03199267824043049,0.0426134523294412
200,0.12264861402750675,0.6079316012808016,0.07772241933879258,0.04751311153933482,0.05053444417410916,0.0936498096394552
201,0.7602780466730276,0.09231725382788177,0.056455123015561035,0.024900328813796915,0.029325499253452313,0.03672374841628077
202,0.06905269474171809,0.12894716016259128,0.16394395780000115,0.07135961273992802,0.06273275497691166,0.5039638195788497
203,0.7822298628955481,0.07986197820094981,0.053742353404340575,0.02425550512237586,0.02746022874032567,0.03245007163645986
204,0.7655842278893976,0.08942667417781056,0.05588040298293373,0.024718613099323102,0.028845896915409272,0.03554418493512549
205,0.06820496396891164,0.10785095846068188,0.145947663056424,0.06805643957832552,0.06018378813030062,0.549756186805356
206,0.0534951309981986,0.0719210593681852,0.3476906102580751,0.07034484522667836,0.06173657779958554,0.39481177634927733
207,0.07068568440872115,0.1781759984046885,0.17537299147172614,0.07556929989838097,0.06719102075269544,0.4330050050637881
208,0.06521638403721843,0.13016755472810948,0.4983386356776325,0.07240378501792981,0.0634131431618421,0.17046049737726768
209,0.1388451365085882,0.5910919368995423,0.10253079134678503,0.04246247775941509,0.04823331443093689,0.07683634305473232
210,0.0713788594815132,0.10948942447441505,0.5321472402056324,0.06225557173255869,0.054758994021917765,0.1699699100839627
211,0.3022449938523139,0.4418609616179246,0.12117487329166282,0.03434224801187132,0.03856675057316376,0.061810172653063364
212,0.058600273723126234,0.1005962104498922,0.12814503519733642,0.08351507376805085,0.07270003664985349,0.5564433702117406
213,0.7517711435026706,0.10807014217903867,0.05178062806103266,0.025600436825656422,0.029663582758705717,0.03311406667289563
214,0.0375448229950719,0.06467020693780487,0.07599943580111401,0.27721833585988126,0.3906580968379272,0.1539091015682006
215,0.257174140586087,0.5085021757694983,0.10045269243319095,0.0353051443625123,0.03888252320353368,0.059683323645177755
216,0.0685484655262518,0.11231135471050654,0.14595751911968244,0.07049617499982055,0.06519039406739796,0.5374960915763412
217,0.10897985263379852,0.5967035974096848,0.11556207419555453,0.04850277640318318,0.048304220896653864,0.081947478461125
218,0.06821875600488109,0.11183096883414337,0.1533555654414899,0.06996982109678665,0.060836768391344505,0.5357881202313544
219,0.05960237601215427,0.08037245299234064,0.12566945831798515,0.07209646989148438,0.07066311058190913,0.5915961322041263
220,0.7218619614982587,0.11416775105066683,0.0674535067666326,0.026474728079518044,0.030231450645802283,0.039810601959121464
221,0.037059326334167336,0.06399914414058734,0.07506899506525702,0.3851903543833789,0.28423802434980394,0.15444415572680503
222,0.034871075453649286,0.05248393881912938,0.06798656008780904,0.5616873358373485,0.16069974903836956,0.12227134076369389
223,0.09199656865886428,0.24030122754739766,0.39985352844455974,0.057773866901024686,0.05279212169018077,0.15728268675797336
224,0.35124940907995994,0.43434109264904114,0.0869693784080649,0.033315290304682214,0.038485475829773734,0.055639353728478315
225,0.03588921569088819,0.056624106782393796,0.07292392410506823,0.44487570629033385,0.2573043738383764,0.1323826732929396
226,0.07631930631338595,0.13027593938123047,0.1844488422694852,0.06386309803274358,0.05694645412798527,0.4881463598751691
227,0.03449000245505376,0.05409592371927775,0.06244060104726445,0.0856873458303853,0.653480259193697,0.10980586775432158
228,0.08586345036298454,0.555919540510887,0.1238835799665508,0.058377284669659184,0.060790783636013014,0.11516536085390515
229,0.05352984707761104,0.07567091847916432,0.1062837997081622,0.08033502139293429,0.07270446540146104,0.611475947940667
230,0.06040265585030031,0.1084992621748646,0.46745734566972463,0.07368396815515343,0.0631782081035,0.2267785600464567
231,0.062082579581590344,0.0966807917523862,0.1429221513892701,0.0722714756291125,0.06317709600379194,0.5628659056438489
232,0.7017512957454308,0.14035274687454827,0.06311105556603738,0.02711742503444231,0.03101002111614944,0.03665745566339159
233,0.036701636205769925,0.05462986912763635,0.07365608317694601,0.5637050182215587,0.13523862876634332,0.13606876450174554
234,0.054993126349904616,0.09623210759858553,0.38156267514692443,0.08207428220630889,0.06834774335830425,0.31679006533997217
235,0.18297284286519294,0.5719435522992423,0.1028706066270426,0.03900029831216894,0.04241373222731964,0.0607989676690335
236,0.035299393585830785,0.05238785718676356,0.06987079357514824,0.5849439486546898,0.1307646066938339,0.12673340030373378
237,0.8051542618067805,0.06648498266539891,0.04785073156920917,0.022999466676243904,0.026573870816901365,0.03093668646546592
238,0.06550148473451434,0.09770993725678609,0.15571171326879055,0.06695314034145579,0.06066357832087414,0.5534601460775789
239,0.06308209213476583,0.1315680618455398,0.16120484640147162,0.08198234995029124,0.07040895101281021,0.4917536986551215
240,0.7475617352862699,0.10226115761174041,0.05708525081701849,0.025401445447613184,0.030035913959273332,0.037654496878085184
241,0.8060868750524834,0.06884580857571894,0.045337701800586314,0.023117426801016066,0.026528498341894267,0.030083689428301422
242,0.0885605415064619,0.5322726897800466,0.12065501656072415,0.05646038198507807,0.05804637506356231,0.14400499510412687
243,0.09403032530419278,0.36139692167555115,0.3288484945894677,0.05705776853449862,0.052487052307606925,0.1061794375886832
244,0.03206856191748407,0.051320335663223166,0.060202952344814153,0.3439713361090183,0.4090910593163677,0.10334575464909278
245,0.03334458904865257,0.056196243139992455,0.06322699719450833,0.33852417802284845,0.39602325087554735,0.11268474171845065
246,0.03199383578271286,0.04862010730351143,0.06125325361615961,0.38841683108013947,0.35975594124382987,0.10996003097364634
247,0.806256160473091,0.0668419760620005,0.047235878794266946,0.02294785869980974,0.02651581134872755,0.030202314622104282
248,0.16439532893879588,0.5954456900205731,0.08033333137138629,0.041629116188296775,0.046275440936409444,0.07192109254453831
249,0.03735290133165255,0.060958449765130936,0.07131764885620534,0.12037302268028476,0.5730070340602416,0.13699094330648492
250,0.03372417425550798,0.052838816934635685,0.06025073369477502,0.13781217572251295,0.6158417339546154,0.09953236543795305
251,0.07579228878974878,0.13283700230107368,0.518873904923971,0.06228879883536191,0.05632647562292176,0.15388152952692302
252,0.03265989770848753,0.04799198898088635,0.06418453301195873,0.4719116143085252,0.2651904648985059,0.11806150109163621
253,0.03587973699626083,0.05625819642524402,0.07351725567129198,0.3020362500578776,0.3847683950137434,0.14754016583558227
254,0.03766717658179397,0.06745366525843872,0.0772840781744431,0.2778769369049897,0.3871521274152063,0.15256601566512829
255,0.06102239804152212,0.09731330605877177,0.3881056061431079,0.06680253788376027,0.058487044653491034,0.32826910721934677
256,0.08554904853608385,0.1694761153447224,0.4923969441465442,0.06238829763464225,0.055858390277262845,0.13433120406074464
257,0.6869731284759626,0.14532497099410197,0.06856483122710359,0.02785641399530072,0.031849476424436016,0.039431178883095414
258,0.15904589152028517,0.5880183997078194,0.08966589583311187,0.04032897289793106,0.04696001315135568,0.0759808268894966
259,0.7293890126424881,0.11589774044575807,0.0602137915538508,0.025858068266426993,0.030456148201087652,0.03818523889038832
260,0.03365229238175578,0.05311729091584409,0.06537762739662262,0.468816712026595,0.25938813142220163,0.11964794585698049
261,0.07114621532868538,0.37058044961747355,0.1693372940341578,0.07783703018035344,0.07441941545206977,0.23667959538726033
262,0.06191447254248467,0.09169496479144723,0.1297252491133662,0.07242581536192316,0.06405470839372947,0.5801847897970492
263,0.7657689607545699,0.0929321110902174,0.05242398761285955,0.024747482097258716,0.029203730748648477,0.03492372769644577
264,0.0671510518118719,0.12047278674090452,0.1504473996908707,0.07227381819137481,0.062169101060739286,0.5274858425042386
265,0.033646580162170425,0.048100526758537286,0.06515334181830812,0.5795372796846864,0.16065816314723988,0.11290410842905745
266,0.081153566352587,0.2615946340627706,0.38748444066950927,0.0631717453561576,0.05705154641442965,0.1495440671445461
267,0.08232993984312711,0.15030792096407866,0.2224718708494091,0.06381897058911566,0.05698315967973496,0.4240881380745349
268,0.1035432956464506,0.5380208715247453,0.13436712864998962,0.04944970876330777,0.053326091594321265,0.12129290382118547
269,0.03546321695593934,0.0665650555989268,0.0639155772685212,0.26130883095937096,0.46700105180537727,0.10574626741186421
270,0.05852261572063252,0.07833409382404276,0.12352105291006146,0.07125915648530884,0.06499830395519525,0.6033647771047592
271,0.0365419826341939,0.05362185946770225,0.07496922885668074,0.5559335021616201,0.13801168815686846,0.1409217387229347
272,0.06177416893139735,0.09902813956457907,0.49647456425822917,0.06826645895925522,0.06077938664086259,0.21367728164567676
273,0.03295071897601858,0.04926389928438811,0.056647947329243734,0.10988988522503239,0.6606311066646282,0.09061644252068873
274,0.034831120238696535,0.05457841567602124,0.06660084777595962,0.4836755958396475,0.2479465607384613,0.1123674597312134
275,0.03088519901337553,0.04746988862418033,0.05362251010348667,0.22713788250773634,0.5593460748080679,0.0815384449431531
276,0.05029181691366309,0.11158862729985068,0.11921427387840465,0.21603019119867975,0.18993219631687644,0.3129428943925253
277,0.780848536995555,0.08203656381216493,0.052892325355155125,0.02411495062860972,0.02777713341565711,0.03233048979285794
278,0.03431459210529194,0.05707476433359373,0.06128742823283782,0.10273099014519838,0.6400784185332232,0.10451380664985467
279,0.03620338791918013,0.0566821762026128,0.07240646978030771,0.49811484991262,0.19497398937878743,0.14161912680649202
280,0.034693388354924776,0.05627936697155381,0.06819004516861189,0.37382393686999144,0.333312324157681,0.13370093847723696
281,0.0338438217947596,0.05395586154358361,0.06578128402088956,0.38660525449780675,0.3366147489547273,0.12319902918823311
282,0.03510360464046247,0.05420396513878044,0.06854662362826519,0.5427375527287234,0.1764716892376734,0.122936564626095
283,0.07648814348988715,0.12369200211396646,0.545075351925536,0.06180967504508575,0.05263284126406171,0.14030198616146258
284,0.21618080928997513,0.5513426616677396,0.08459934374206686,0.03605653854880948,0.04326798232441593,0.06855266442699255
285,0.1004313884589092,0.5618732248749216,0.13011134592544915,0.052400199832331254,0.05333339696214307,0.1018504439462459
286,0.03644422974111349,0.05544522652965167,0.07358005683599873,0.563494248645378,0.13979124899143097,0.13124498925642708
287,0.0679170459531018,0.10878198333102514,0.5015582465136931,0.06370228798924853,0.05600022119662669,0.2020402150163047
288,0.036424964763064525,0.0570497117502433,0.07417456305824391,0.5168706898360984,0.17008186302176875,0.1453982075705812
289,0.2662576107050015,0.5163289534292096,0.08760267102627824,0.03514632116763268,0.03956172898028998,0.055102714691587534
290,0.09238928850433663,0.24717545049233194,0.4207829779751142,0.059230863549711625,0.05331522432138033,0.127106195157125
291,0.11668089332227068,0.5881980040050178,0.11143112264539862,0.04736124924971094,0.049510738675456085,0.08681799210214625
292,0.15804390288788492,0.574552550226556,0.1113873416143971,0.040215588104852915,0.04444265632313598,0.07135796084317303
293,0.08146911660019426,0.132351692758077,0.5224149152608942,0.05756039602524043,0.05121829967990553,0.1549855796756886
294,0.03233790788638257,0.05239839950224854,0.05712178208484706,0.2658388189928682,0.5015899210728273,0.09071317046082619
295,0.7735859779753302,0.0836669788795329,0.05531344936948467,0.024542370760692208,0.02807472861914725,0.03481649439581242
296,0.06117496341543531,0.09133247856165716,0.3164113762603708,0.06622900590419495,0.057140631266949404,0.4077115445913922
297,0.07543095627059365,0.2306583120833413,0.33792920395539744,0.06710353237889366,0.05894303144399069,0.2299349638677833
298,0.03606166076215678,0.054750143533550864,0.07148580990328493,0.5649592758801497,0.14367924105609783,0.12906386886475943
299,0.0315937347367383,0.047160897808513506,0.0606143149586547,0.35171970404135056,0.3981715952095035,0.11073975324523928
300,0.0870741276497735,0.5487648711678662,0.13364435292363347,0.05557281085204582,0.057172318101197946,0.11777151930548316
301,0.13158434059057825,0.5792374976802293,0.1218408598899255,0.04382958617465948,0.047171302116911146,0.07633641354769687
302,0.0565880379357016,0.08101776637353145,0.10837128268973707,0.07881168740647733,0.06955926323813527,0.6056519623564173
303,0.05576026834718499,0.07919073258230791,0.10443067768862581,0.07833579222960507,0.06905172030618655,0.6132308088460894
304,0.10587043131255035,0.5114874795586546,0.15542466425040788,0.05247900410796522,0.051912837156913624,0.12282558361350826
305,0.06152682694866027,0.0994207639656718,0.13800514353617757,0.07516053741427052,0.064754405735692,0.561132322399528
306,0.7015134702276465,0.14431395892517093,0.05661167153546442,0.027297929160800004,0.03196284138471726,0.03830012876620084
307,0.20797145934961656,0.5581055779474435,0.08947908828650337,0.03817767236845184,0.04172233420784722,0.06454386784013738
308,0.25066457538791237,0.5330199803177631,0.07950577696273602,0.03629568192981868,0.040982437462716674,0.059531547939052847
309,0.2608643196502484,0.4886496326964729,0.12114151876371666,0.0351717444470632,0.037656073472649494,0.05651671096984953
310,0.19526415267868988,0.5586473405424327,0.10210562145730695,0.0383755559879468,0.04198262298087609,0.06362470635274786
311,0.03744664034479787,0.05838250497636213,0.07740615437879497,0.5159673098547795,0.15826398818387383,0.15253340226139153
312,0.7572320310732582,0.09323225800762754,0.055485630199755095,0.025043961610134776,0.029412965089171874,0.039593154020052625
313,0.06343871777424408,0.25741686181258056,0.2967179439011553,0.08042755537722042,0.08341472094157704,0.21858420019322233
314,0.07350638265645953,0.1305782354662344,0.5402544549033893,0.0662221686239874,0.055421266896219505,0.13401749145370984
315,0.031211779270889084,0.04777854488723262,0.05292818253028514,0.17052391530889566,0.6175225792584044,0.08003499874429322
316,0.06780012486707776,0.11003594357549956,0.14759011223931032,0.06934977108115863,0.061869137013931166,0.5433549112230226
317,0.7907512085087741,0.0762132389358775,0.04896477148168527,0.023673552459894713,0.027593574642475124,0.03280365397129294
318,0.052249105834096116,0.07448072879638226,0.13228210604158197,0.08150334060013628,0.06994029528937229,0.589544423438431
319,0.07680145182858074,0.1370872682073954,0.1663653351739525,0.06370448785927268,0.05960218720956046,0.49643926972123803
320,0.06738859848627522,0.12415762421518554,0.1604930017489428,0.07450409901927894,0.06613897470277517,0.5073177018275424
321,0.7687464997650842,0.09144680324708626,0.05239451374523856,0.02447508506804385,0.02895669553519717,0.03398040263935008
322,0.7895796070673575,0.07917750554353407,0.04852964768835314,0.023606026893433427,0.027756053077937364,0.03135115972938437
323,0.10971774130222756,0.5746653422015506,0.12011867398632091,0.049363153680891274,0.051931346209558985,0.09420374261945066
324,0.058777292747361834,0.11795526077245971,0.13148586321136332,0.09119114031666575,0.07796705760411211,0.5226233853480371
325,0.08844001541093321,0.1833629804578243,0.4281291413731892,0.06039910683494497,0.05035248671444264,0.1893162692086658
