,proba_0,proba_1,proba_2,proba_3,proba_4,proba_5
0,0.05830737934381093,0.0027604136441986534,0.0720639489440785,0.01304457535676879,0.004244277654382717,0.8495794050567604
1,0.0017074005739098881,0.006255757734239924,0.07910181306177565,0.00751044838303754,0.01847610610750352,0.8869484741395335
2,0.00020861455595897415,0.008965050784828026,0.9212077542024139,0.015076503237643788,0.002765409264005617,0.05177666795514975
3,2.7619994670291507e-10,0.008325076096180757,0.0048190376723926415,0.30676069928155786,0.6740079556552269,0.006087231018441946
4,0.00040240187546227503,0.008509122110776134,0.9462677581768472,0.027133186905319975,0.0015139851281948582,0.01617354580339946
5,8.237874118036638e-06,0.016719569051964193,0.030799235660379464,0.00622468812803886,0.09408875473449607,0.8521595145510035
6,2.8021050050154566e-09,0.02305289745707465,0.005836338217590349,0.16712854684731518,0.800265077559303,0.003717137116611768
7,3.271178733555401e-05,0.01780202959568052,0.9521695165683659,0.019231369655899177,0.004053644219451019,0.006710728173267805
8,2.4909408420620997e-05,0.006208980783025908,0.048719960226959236,0.010362580492608086,0.03997665584200713,0.894706913246979
9,1.921693778848049e-10,0.03496816734718859,0.002702151626901349,0.17325383166089428,0.7784751779247753,0.010600671248071148
10,0.9054153248922284,0.07287351294208629,0.00830931473127452,0.006519791668190052,0.0015130824762223576,0.005368973289998355
11,0.0003443812320765792,0.005834173485089624,0.941564889305396,0.029572211524916354,0.0013706034703021394,0.02131374098221931
12,0.03442849124450685,0.9098534496990327,0.024729875102449266,0.009747846918412678,0.010226677430202738,0.011013659605395805
13,4.8804694011783916e-05,0.012999689169161738,0.9485381501364105,0.013598704777361121,0.005379441372175031,0.019435209850879844
14,0.34183152074103046,0.5998833402236957,0.013911233203053137,0.01844987084180321,0.009055441698627069,0.016868593291790353
15,2.5217752049198164e-09,0.0017768896126246065,0.012242303653855681,0.7587489694218467,0.22255581735793148,0.004676017431966337
16,9.122895403357869e-05,0.01564621300692073,0.955680566644803,0.01302224142895496,0.002830503614360904,0.012729246350926853
17,1.3914474984329002e-10,0.11913533467403181,0.0032887785822549092,0.4006775552526331,0.4724120014397989,0.00448632991213654
18,0.33843101542648363,0.6342173593774431,0.010929959233318723,0.0068182956635569406,0.004944346587887856,0.004659023711309879
19,0.8878355573250892,0.08991736881799035,0.010295965566281866,0.004694595853241902,0.0015255141143182566,0.005730998323078565
20,0.8665058860632779,0.11158618865489778,0.0077101565092354335,0.00564274294493085,0.0018805533835700228,0.006674472444088149
21,0.0017623287426878683,0.00517988410418975,0.019730450606120775,0.008649066120357114,0.008352982942678819,0.9563252874839656
22,0.39605370896350733,0.5702654687570236,0.01724147606274977,0.006835481691445866,0.0032282139886227433,0.0063756505366507595
23,5.468399744127901e-11,0.37773555364463096,0.002067318963609521,0.07252326329319166,0.49188070478507356,0.05579315925881018
24,0.8568972627990474,0.12249145950342177,0.007039460366352626,0.006059966561728054,0.0013247247098734428,0.006187126059576964
25,5.008416621441561e-10,0.018266100669879857,0.004029751236998248,0.20339490630968113,0.7696164228416801,0.004692818440918983
26,0.8324666395326222,0.14026895604276585,0.010100481023499518,0.007679465074014771,0.0011686663161471534,0.00831579201095052
27,6.14193734367437e-10,0.005394629412685207,0.006956757915891414,0.7188835180470419,0.26623059181656633,0.002534502193621518
28,0.005924261039254125,0.00813625038565766,0.034208373908065165,0.006900457760854642,0.007792587827984474,0.9370380690781839
29,2.979167614247867e-10,0.0638530310425616,0.003496665287507398,0.31765028064562223,0.6108316804329583,0.0041683422934336144
30,0.0004137434297377765,0.008021802009420577,0.04028017238689277,0.021304561635059425,0.018941041927761814,0.9110386786111276
31,0.0008894053904460591,0.004620709042248837,0.03087444717615596,0.01346410716632859,0.009933300647877256,0.9402180305769433
32,1.7708857025706254e-09,0.007108397183895336,0.013673883386814386,0.6423289191573066,0.3351360578451193,0.0017527406559785944
33,5.974927489497062e-11,0.012813982308590578,0.0037837860483907674,0.2113494078301766,0.7408383522901241,0.031214471462968723
34,0.4967536109667889,0.4513549208268581,0.014186754613527086,0.01793647324485571,0.009101006553435629,0.010667233794534535
35,2.3703213291628906e-05,0.02364481847456043,0.9502700664998984,0.011425049272593276,0.005591326207603318,0.009045036332052999
36,0.0003769446779278269,0.005775867098894895,0.10499631879242115,0.007116152171144168,0.026126687861058873,0.8556080293985531
37,0.036836468510063246,0.914606241602014,0.012244224559964108,0.0069024956981664914,0.02059577748143893,0.008814792148353255
38,4.7694842318302095e-09,0.0020250403888160736,0.014513269900647482,0.6645775396954751,0.3113189915033052,0.00756515374227193
39,0.0003884147490051948,0.002866624628683574,0.07543062254424147,0.017749153312185267,0.014960704928667233,0.8886044798372171
40,0.20577339859518382,0.748089194842665,0.02549675667546156,0.00858190571374158,0.003924999131229097,0.008133745041718831
41,0.002145484257308976,0.007625075863082097,0.02527735754911061,0.0076021736715840785,0.01739117304791612,0.9399587356109981
42,4.2084122021445513e-10,0.0045570227551477325,0.0071268326155515815,0.8216492262721651,0.15442940165020508,0.01223751628608929
43,2.943163596670048e-05,0.013556719023033252,0.9565850742359917,0.017920157674136468,0.005772321033409933,0.006136296397461952
44,0.0001038187442175302,0.004586247840254455,0.048094022384694034,0.008471632835052126,0.01779079381954815,0.9209534843762337
45,0.9020622450733483,0.07625590831009624,0.006462344758935641,0.007075321113681166,0.0020398025304642297,0.006104378213474309
46,5.885628103311692e-10,0.03450577582125832,0.0033601044869923744,0.17365084528849245,0.7833674874217746,0.005115786392919366
47,7.907617061629716e-10,0.0038124523907212423,0.00529786683944031,0.7968606322665938,0.17982894386092352,0.014200103851559471
48,0.7423043384927859,0.22612026201339952,0.00928937031110623,0.005308531324496878,0.009055419276701952,0.007922078581509553
49,1.061858917477531e-09,0.0065829405789435995,0.010739946279623155,0.6716906737079656,0.3087314253330866,0.0022550130385219753
50,0.059268337122916855,0.8607832518591445,0.0391022716233795,0.012966457274247346,0.008945064938696122,0.018934617181615643
51,0.7258374685092843,0.24249206473746648,0.0078941606478401,0.01148910382714977,0.002575476680635912,0.009711725597623289
52,0.0008681013372222086,0.005457092760284532,0.9385948112806853,0.030961120159641847,0.0008729039946299988,0.023245970467536098
53,2.073212809042844e-05,0.04261284411992281,0.9284185285481624,0.009022003353361306,0.004389406121468895,0.015536485728994163
54,0.0035274779745555125,0.004444733727229889,0.03781323584674685,0.011892835751303402,0.009062034228193449,0.9332596824719709
55,0.002985663726410682,0.006680426210144014,0.05678921128873876,0.012628709791121597,0.013824558648611042,0.9070914303349739
56,2.7532111382986725e-10,0.010515483206639668,0.004901351378487115,0.12390707451876992,0.8514839262050182,0.009192164415763992
57,0.0009985312506306451,0.016874089686921643,0.9359850046433071,0.014127122067975022,0.0011592428069603917,0.03085600954420524
58,5.337372414741048e-05,0.024202059074887497,0.9342781399658671,0.011693105356341963,0.004953009496891289,0.024820312381864877
59,2.9227982321823253e-05,0.00881353370425399,0.9376355271003347,0.035367129161100914,0.00904562336887128,0.00910895868311724
60,4.2977992381197753e-10,0.010044452889658516,0.002855670323693249,0.20918520652482497,0.7725502906307261,0.005364379201317363
61,1.558516097121741e-09,0.007817899766765505,0.006248870125505374,0.6825682717813233,0.29937389993734603,0.0039910568305437065
62,0.3239610833850643,0.6398596989194025,0.018777610805307186,0.006475188540854155,0.00511857645681112,0.005807841892560701
63,0.6120007816126153,0.34905555347056844,0.010825171975117823,0.01180070793757509,0.004399873367494429,0.011917911636628867
64,2.3098537986324564e-09,0.00805879214376172,0.017945470061116225,0.6761211509507826,0.2957360392528776,0.0021385452816079643
65,1.4893353774556324e-09,0.0014145376668418031,0.01066483996323748,0.7483324088917868,0.2317268411824723,0.007861370806326458
66,0.039692263772495365,0.9121290126388352,0.014999514752957752,0.009498141131015325,0.010236830359577993,0.013444237345118472
67,2.916078127865765e-10,0.015961649122183574,0.006233739224152728,0.23699804681811204,0.7364221904052228,0.004384374138721033
68,2.2608765594825774e-10,0.01814399843049364,0.009373438913615065,0.24903108817631914,0.7145207899916928,0.008930684261791668
69,0.40099440952320164,0.5378293699340869,0.015575232558715018,0.019746591659888107,0.010388038095818168,0.015466358228290044
70,0.03136371642234518,0.01360832817176431,0.02590543900975155,0.008920466532740126,0.0075997987246464865,0.9126022511387524
71,4.491062640795405e-10,0.01246672516733011,0.007476470677230949,0.7597546367890362,0.21018194681033328,0.010120220106963208
72,0.00030682999563899275,0.008931841169823885,0.9396495186424713,0.01533571563366802,0.0017314503344849587,0.03404464422391267
73,0.0694531341122158,0.8669096473329115,0.03752214906538049,0.008596225235611878,0.005140291985979795,0.012378552267900555
74,0.2079919689900088,0.7163312520040219,0.03447886710727812,0.017112155243861466,0.008531643134405286,0.015554113520424472
75,1.1020846106659044e-10,0.02168050377380201,0.0020816283650179467,0.18584926863923046,0.7796914802889097,0.01069711882283141
76,0.8717673716476793,0.10708999396595158,0.007104839982355019,0.005327923120809847,0.0016061215589761278,0.007103749724228122
77,1.2152523139192597e-10,0.024090763844977835,0.0027759843003191376,0.1777343585540103,0.7907806881744555,0.0046182050047120496
78,0.8189304500089,0.15554978891793697,0.00942666986860731,0.004895991900281526,0.0043012328757744,0.006895866428499841
79,0.10575249646661312,0.8134470172448307,0.029138716478178915,0.017642228108457763,0.024763918164939554,0.009255623536980152
80,0.8194978826932472,0.15416551312402313,0.008645877074977888,0.005151937985635391,0.004103992444144836,0.008434796677971689
81,0.9013952883372485,0.07478537790468744,0.010502285683444346,0.005590667764342667,0.0013928286918566193,0.0063335516184204336
82,0.7831867950144082,0.19303960535118925,0.00876137066492873,0.0071752221392672785,0.002201807056264195,0.005635199773942196
83,0.8651641830696574,0.11353718725017733,0.005524816329022991,0.007690336306060997,0.0023789478052032424,0.005704529239878126
84,0.0003430235144008317,0.004319960000987153,0.0530838713456643,0.010503497548645433,0.01794135904303915,0.9138082885472631
85,0.9011384140415553,0.07438488783729766,0.009520603242418206,0.006791439291713724,0.0021175991115103456,0.0060470564755045935
86,7.547761325466446e-10,0.01845221187708028,0.00635926917492208,0.15873253637954785,0.8111436119162397,0.005312369897434072
87,0.0017594582199639511,0.006452483531722728,0.03308474497061375,0.014236330773196349,0.01281940370722142,0.9316475787972818
88,0.11534992816384107,0.8445624081668861,0.01284728951676717,0.007943796319496344,0.009164807878723034,0.010131769954286376
89,9.274750442660041e-10,0.023685135057428783,0.00635593821402887,0.5724157871586337,0.3948471802961612,0.0026959583462723134
90,0.7430286842740941,0.2280907285775677,0.009424601003752467,0.007860959539583821,0.0029924607296114144,0.008602565875390508
91,4.801949540633256e-08,0.012005587473386464,0.02918115199243652,0.47575867997678767,0.449224004936783,0.03383052760111097
92,3.87693044500397e-09,0.003445768370067907,0.019230458706294865,0.6029438815243922,0.37118503239197975,0.0031948551303348505
93,9.853252224167746e-10,0.0176152016086051,0.006097280476413977,0.3779573716959935,0.5932889779190964,0.0050411673145657684
94,0.8921213215773023,0.08601745015470523,0.007050128091775678,0.0069171887572360684,0.001495324436789902,0.006398586982190959
95,0.00016664963706611278,0.013468172647314865,0.9427681866261579,0.01046943518949864,0.002133361446552258,0.030994194453410045
96,0.3998908629063829,0.5355999389455149,0.02227430521336013,0.018851109442146907,0.009308153001460377,0.014075630491134602
97,0.1427523282781954,0.8193355536021074,0.019931022533668446,0.0061188408318473796,0.004105513422517091,0.007756741331664383
98,0.0010296495138031388,0.009113449459599294,0.9173763186910533,0.03172988779985794,0.0009646433282211151,0.03978605120746511
99,4.945781323722718e-10,0.026863417516747853,0.0016408933077178447,0.46906343620633967,0.4872767572274485,0.015155495247167916
100,4.439614653064767e-09,0.0020996851995670803,0.026684641040206052,0.6572444884971687,0.3104479948018331,0.0035231860216104146
101,0.000647638237905457,0.02103430483600128,0.9349554011333646,0.02217248710501146,0.0014353816430002335,0.019754787044717004
102,0.259914181806973,0.6881322020879548,0.015071889032690721,0.009810039834524017,0.01124379083616715,0.01582789640169015
103,0.06620028778160844,0.0028529019137792213,0.07656823507366224,0.02193179566848554,0.004463590613570756,0.8279831889488938
104,8.394607766569729e-05,0.028138499207980446,0.944154967776666,0.00970881673206602,0.0028643251457527792,0.01504944505986915
105,5.2171328561458286e-05,0.018654713796340115,0.9521932159427285,0.018711341564352977,0.003861460004646655,0.006527097363370277
106,2.916332881854112e-05,0.024962080236568703,0.9478467662332435,0.013538579151054901,0.005709868836057223,0.00791354221425702
107,0.00017913630406387083,0.008492731293097616,0.9243467639127403,0.02801190044598554,0.0013667650409317233,0.037602703003181026
108,0.7815606901772768,0.19036389741283782,0.01363215431278329,0.006815469706717069,0.0014796880250911733,0.006148100365294008
109,1.039253101719114e-09,0.11460636561043652,0.002041223821158644,0.536757765377299,0.32422635905452557,0.022368285097327027
110,6.1535926531029265e-06,0.027195516995592375,0.014276011961344315,0.0043802273744706815,0.04433684139235402,0.9098052486835855
111,1.7453522321764525e-05,0.005097177043324661,0.8801763813411644,0.061318601337398325,0.028159711470269574,0.025230675285521316
112,0.005321269767547773,0.003290350139726206,0.09093955053832967,0.008612205522889568,0.013827232225725733,0.8780093918057811
113,1.7851876552627892e-09,0.003316429810130112,0.014051514171746863,0.7766801001146112,0.20256319057063907,0.00338876354768519
114,0.1410907039448468,0.7289212769283123,0.029776108229890085,0.04880853536845158,0.03377355422665453,0.017629821301844744
115,0.2394426050781539,0.7141863188272259,0.015185510696978202,0.011423911199512039,0.007458969832094469,0.012302684366035403
116,4.1115128445207273e-10,0.027608460800896566,0.003211163161396652,0.5335002458773092,0.379527131051638,0.05615299869760842
117,4.61591781319333e-05,0.027176382045650285,0.944350729833152,0.01229664567950084,0.0032273911925835078,0.012902692070981507
118,0.4224445824141859,0.5394300515893793,0.012441598775164972,0.008556435780883637,0.004786979208167988,0.012340352232218106
119,2.36143767644153e-11,0.04079838777177325,0.0008753818122393753,0.15108047726347007,0.7436121173830753,0.0636336357458276
120,3.6154434651166565e-06,0.030258842196163826,0.7354403978897865,0.16621516402906172,0.04015871454183152,0.027923265899691213
121,1.3569554559493475e-09,0.009245432577867837,0.007309823382055491,0.24397307044220756,0.7361612211975896,0.0033104510433240204
122,3.1680998373137636e-09,0.0059386962357704165,0.00626847746158535,0.4591793260666351,0.5196832354623492,0.008930261605560059
123,0.00011884563878649282,0.008732270135680967,0.9519914863322739,0.022571831157383516,0.0013634564801874147,0.015222110255687623
124,0.8782014503610363,0.10146605925105345,0.0069800519895929685,0.006515103958247722,0.0018401285854929591,0.004997205854576692
125,0.876702964030488,0.10096251185419589,0.006174244790095881,0.007180296190560041,0.0024509033210399368,0.006529079813620423
126,0.2079919689900088,0.7163312520040219,0.03447886710727812,0.017112155243861466,0.008531643134405286,0.015554113520424472
127,0.46493575088883754,0.45988579546336034,0.02302780193674615,0.026196544184050718,0.012453005317954307,0.013501102209050994
128,0.26797531301412636,0.6614053522338212,0.02564442322102599,0.02047937056177915,0.012946515883640777,0.011549025085606604
129,0.08603354051806257,0.8797019251669316,0.009858066213781259,0.006743486210122584,0.007742444909981516,0.009920536981120396
130,2.602986039144793e-09,0.0013953615410675075,0.005461085628791503,0.6921030825215304,0.29697250216586757,0.004067965539757061
131,0.08090847499621232,0.8695824454563146,0.01613933760219152,0.008427027209513334,0.009140616621722332,0.015802098114045787
132,4.753132213940953e-09,0.01610346890906603,0.027055421241830677,0.5734410727825453,0.3778116683040924,0.005588364009333449
133,0.08452527644172574,0.8829773388385227,0.009853774852912188,0.006677822926791246,0.008535349399919154,0.007430437540129096
134,0.8063119892321957,0.15392123824566956,0.017297916528068346,0.007830829844102605,0.0022505044027654156,0.012387521747198376
135,0.9087035756564894,0.0700289207412096,0.007795294629116526,0.005575596371881753,0.0020245649417608654,0.0058720476595419575
136,0.5069301256614097,0.458897221272549,0.008572156073104615,0.009357780526618712,0.004892721905849624,0.011349994560468276
137,9.302378990270567e-05,0.009355598986537927,0.03071192323409517,0.004106235006724873,0.025982558363093034,0.9297506606196462
138,0.7471806526113882,0.20047790194504234,0.020976229681954887,0.016122106816483378,0.006762359590143069,0.008480749354988033
139,7.0369595554001534e-09,0.00638128155482284,0.003778279959795714,0.9613238142907008,0.01658668127056693,0.01192993588715407
140,0.0015448307651349006,0.005095432528964653,0.04452939966113252,0.011299623423076176,0.01747042920468441,0.9200602844170073
141,0.87742678726003,0.10351059561190519,0.0073244433873838905,0.004715078416414467,0.0019219942453913208,0.005101101078875315
142,0.7941278772326543,0.1643906972919013,0.014290193558385731,0.012046476584637186,0.0020263757885955937,0.013118379543825965
143,0.8184070807903668,0.15843425341795728,0.007715255022862373,0.00639274582841882,0.001977354620944221,0.007073310319450705
144,0.8750248789147006,0.1005679978027852,0.00668382155516415,0.006487764812865238,0.003036032949688636,0.008199503964796136
145,6.626992581415686e-11,0.04473547387427077,0.0019251981624172688,0.18619375585556686,0.7607977393837049,0.006347832657770324
146,3.121321223602753e-05,0.008083514731548027,0.9423755471217196,0.01781069225708929,0.003914139560086015,0.027784893117321057
147,8.596732424914957e-10,0.008621760709161489,0.005223621388937411,0.6248876532483324,0.35695435371684353,0.004312610077051921
148,0.0009153034557801336,0.005163207304394767,0.05616798290992202,0.018429380204725516,0.01175209117625215,0.9075720349489255
149,0.0019339026498987907,0.00375244541280453,0.06758591121753557,0.01955150491941581,0.010024302407367095,0.8971519333929783
150,6.623345037147953e-11,0.06011865244919547,0.0021304323047530585,0.7346938087702152,0.1117312803572608,0.09132582605234199
151,0.8781017157137735,0.09860016409874263,0.007595286522701323,0.006259059454023353,0.001923357647867569,0.007520416562891643
152,4.965188401260067e-10,0.025669620553794476,0.003129889922784924,0.5390813981707586,0.42609466781357397,0.006024423042569051
153,0.8505372645650473,0.1243331154230928,0.00936415142828783,0.00550470323979421,0.0018635739151824588,0.008397191428595428
154,0.871527414437737,0.10344284233521739,0.009421619924742932,0.006982950606048149,0.0015269085902110558,0.007098264106043415
155,0.8859063624902653,0.0913967458598306,0.009755285209592153,0.005203284793113142,0.0015272610969621673,0.006211060550236603
156,6.257258580009114e-05,0.015897315791564903,0.9029848708321274,0.022717078393682096,0.005279110484032511,0.05305905191279304
157,0.0057577585779226845,0.004415778621772026,0.042063639307770406,0.012054166199506224,0.009010525250321016,0.9266981320427077
158,0.000126556350904274,0.012186996754342578,0.9556239189107554,0.008624781564830968,0.004197976815518147,0.019239769603648694
159,0.0949286584100693,0.8610812703076898,0.018652453859558788,0.005624913614040205,0.008646159298184453,0.011066544510457483
160,0.012353432875893732,0.002592424350738306,0.057738245685662395,0.023246353552944878,0.006203191808397852,0.8978663517263629
161,2.7440830572435672e-11,0.010384845026365897,0.0010071219716219159,0.40399248808610605,0.5548861347770789,0.029729410111386446
162,1.2135152550391428e-09,0.0021966142833391364,0.009632720762303124,0.5625077980244405,0.41483595765707504,0.010826908059326958
163,3.041573336708255e-10,0.027637874028534837,0.0021349984377727867,0.09616845188101437,0.8700859307181936,0.003972744630327139
164,0.0004269541980954876,0.0074163184992484315,0.036083959152973924,0.0028933874789315453,0.02531829932706183,0.9278610813436887
165,0.8913051027522677,0.08724468296558306,0.008403008318329599,0.005586793876571526,0.0017925349710174153,0.005667877116230531
166,0.13704026219254117,0.7976798684765971,0.010127722336889416,0.01286295985394316,0.016203758676128,0.026085428463901283
167,1.2175142637010721e-05,0.04546904069983836,0.9212132886203487,0.005112359759447508,0.01805092079850017,0.010142214979228273
168,0.00012586745713845816,0.006766279567451061,0.9521550163160869,0.01336689837275554,0.00235614917353033,0.025229789113037773
169,0.0001920212585861418,0.003059968643095238,0.9197430273581144,0.033877830838242556,0.002031967928205817,0.04109518397375585
170,0.9024140433234791,0.07569071191384828,0.005968100928941057,0.007320623310962307,0.0027197106228352896,0.005886809899934156
171,2.2424825008694542e-11,0.07369484004152178,0.001255741324809406,0.07475264974534143,0.8305785848065527,0.019718184059349834
172,0.0026750245260453876,0.01450379102450304,0.018347651966281246,0.008330072779230265,0.013087692694784341,0.9430557670091557
173,0.8801610627379627,0.09899304352507671,0.006742664726000003,0.006656259174393412,0.002386623238894469,0.0050603465976729115
174,0.0008494561666938358,0.013244854405312112,0.9236813130624335,0.013021638036769544,0.0019912562130858244,0.04721148211570515
175,0.0004208145121657446,0.00872517610486298,0.9580800055816457,0.01888837513054503,0.0022280383163585655,0.011657590354422131
176,8.572941108297406e-05,0.005037515802850008,0.06514427870497967,0.007959270174285816,0.02320981782434596,0.8985633880824555
177,4.973053219667932e-05,0.01956633413494688,0.01894352646767626,0.004764901124515816,0.03736833302773921,0.9193071747129252
178,0.00015470631560348663,0.006488809947208727,0.08015215130628418,0.007368040153923055,0.03580554862950965,0.8700307436474708
179,6.065137472544033e-05,0.01122835489619389,0.9534452576537302,0.01917988955458087,0.002068325181285386,0.014017521339484314
180,0.0011846803451778778,0.00915902595361385,0.07051192233831277,0.012295965965867793,0.01894191662374135,0.8879064887732864
181,0.004969745610182421,0.006218714931783214,0.049741262617984984,0.011483991110312066,0.008796821036603111,0.9187894646931342
182,2.7119970074921483e-09,0.008325889462381773,0.012022147956409726,0.36804519930810853,0.6087668176032405,0.0028399429578624758
183,2.9860169381345502e-12,0.09666023676017822,0.0005143353209150548,0.08533943215437695,0.7793282054086867,0.03815779035285704
184,0.0028332643684729694,0.010688400517552453,0.9088704862391345,0.022659650356026344,0.0012870860003292258,0.053661112518484495
185,0.00018402329503345978,0.0024351913679783103,0.10872744584160204,0.016944854902076683,0.01970794265944853,0.852000541933861
186,6.934001830200702e-10,0.0065084233392834956,0.0023962361252087188,0.9598791443693157,0.014768793646397889,0.016447401826394138
187,0.025505687743646734,0.9032227080150005,0.03527482023753633,0.011789801674224427,0.010217769238464177,0.013989213091127838
188,0.0007401931770186271,0.009391834993231199,0.05148275060298089,0.009167017478074909,0.019536620782636818,0.9096815829660575
189,3.8534226325499016e-10,0.006944948216136766,0.008839601422728428,0.49615679527542933,0.484865596955569,0.0031930577447942515
190,2.3703213291628906e-05,0.02364481847456043,0.9502700664998984,0.011425049272593276,0.005591326207603318,0.009045036332052999
191,5.885628103311692e-10,0.03450577582125832,0.0033601044869923744,0.17365084528849245,0.7833674874217746,0.005115786392919366
192,2.8275358434884136e-11,0.0626028652354945,0.0016063109986109592,0.08478638367400439,0.8352271011410285,0.015777338922586374
193,0.8662352336793054,0.1036467825028346,0.01469396975256666,0.006152378424987578,0.0012877601304862095,0.007983875509819872
194,0.0009348234624244345,0.010170609263347003,0.9503722053894526,0.028054732878489193,0.0009356747199962186,0.009531954286290634
195,2.1042047223750254e-11,0.048660520951667306,0.0013141515600704242,0.05943306718019042,0.8536151826163926,0.03697707767063731
196,0.8070828905390098,0.1694060507859731,0.007092298350652541,0.007208959010932748,0.0024804246852150437,0.00672937662821688
197,0.8754513602764081,0.1025766224906105,0.008772965851309895,0.005131792134090445,0.001559742713566795,0.006507516534014112
198,2.3703213291628906e-05,0.02364481847456043,0.9502700664998984,0.011425049272593276,0.005591326207603318,0.009045036332052999
199,0.7752378110843116,0.19851509379670468,0.007855179863937,0.006985768326969406,0.002246004240295833,0.009160142687781491
200,0.49158956150291977,0.3959912875281071,0.029921619487973842,0.042176906557440545,0.0150075934899821,0.025313031433576518
201,0.837308858160332,0.13940421553666973,0.005832592058883958,0.007237958795611342,0.0023001386494347783,0.007916236799068402
202,0.00786087800967504,0.005717574938850258,0.03819110991295114,0.008112527075533428,0.009393906419165864,0.9307240036438242
203,0.8856183809747186,0.08414078889472003,0.015030050749414195,0.007448752289575757,0.0009943950727877306,0.006767632018783738
204,0.8823965302370508,0.09741744583402548,0.006949765686890091,0.00624411531091735,0.001727136083245309,0.005265006847870913
205,0.00402927627103286,0.004097960792418467,0.05281677104897409,0.014463593076682746,0.008666924482045955,0.9159254743288459
206,4.489719099833838e-05,0.023578781265262867,0.9422389513302741,0.01553819929158925,0.0019324563617166626,0.01666671456015874
207,0.0008010090033570759,0.010304288749263861,0.06248192943352317,0.007406916697690182,0.03502290993318415,0.8839829461829816
208,1.4959363933152637e-05,0.019223243846154533,0.9389644244453008,0.027865164369702114,0.006816192650910252,0.007116015323999116
209,0.17763325612824013,0.7900658743129741,0.008401555908656565,0.00848441993976738,0.005773480397663618,0.009641413312698162
210,0.0003952516327680197,0.0443720498901849,0.9281392995744595,0.014641033492717526,0.0010324273562238252,0.011419938053646246
211,0.6092576675150471,0.3309437996360387,0.015278717589358726,0.023820936306805478,0.010840657211366995,0.009858221741383255
212,2.7794864516953663e-05,0.012032351185924477,0.027498628799491366,0.004565786114717768,0.043073960192792145,0.9128014788425572
213,0.8644655671756913,0.11181848512634074,0.010918689415957077,0.004362384614873316,0.002560398514159171,0.0058744751529783085
214,4.83134445420297e-10,0.01076162123328712,0.0023678098523669464,0.42668628136064435,0.5482924402130133,0.011891846857553698
215,0.2630814782512725,0.6909168717219937,0.018792028999289924,0.007564695815620802,0.004711270858640719,0.01493365435318242
216,0.00012344130954240287,0.007843407316151838,0.02249910774520601,0.012637290280179693,0.022508916214729627,0.9343878371341905
217,0.08811717625926395,0.8698681146846579,0.021803919931108667,0.0070812962624419995,0.007520726113867348,0.005608766748660065
218,0.0018634629222662998,0.0022732860921440643,0.06969446916181873,0.016409595542439672,0.008155054728132683,0.9016041315531986
219,7.323464196051533e-05,0.012158796318303793,0.0075319256455933445,0.00877942691069559,0.026028943969239344,0.9454276725142075
220,0.9032567745670298,0.07555870996303105,0.007007580981876178,0.006996215882171239,0.0015905822928609006,0.0055901363130307045
221,7.076645386027585e-10,0.1936343715110874,0.008729895402392775,0.28365767143805853,0.48119385104095813,0.03278420989983883
222,9.196717667175944e-10,0.0037981318658205842,0.0065659572680076715,0.744580632201915,0.2417484056684979,0.0033068720760870657
223,0.00013208913000240034,0.01333037925961862,0.9573827282518732,0.012142697530895332,0.00246204022252473,0.01455006560508562
224,0.6515462052305453,0.3155671547182202,0.008077636157633412,0.00999801819981842,0.005197305906836358,0.009613679786946275
225,3.105911041884277e-09,0.03263945293682201,0.015746465290328207,0.18529323943056117,0.7338311104176799,0.03248972881869764
226,0.0023444739155807446,0.0023891700262889154,0.06751353010007202,0.02194645213651195,0.009125862833905384,0.896680510987641
227,2.7600522499610997e-10,0.003791390388716195,0.007223867297758466,0.769202426968324,0.1774119714175328,0.042370343651663325
228,0.07573053817903999,0.8749753880772997,0.012221940642684608,0.01307763225268238,0.011281113694000068,0.012713387154293007
229,0.007505981620370841,0.015911257005856685,0.01596479728977257,0.013024035783056996,0.006767126982029683,0.9408268013189133
230,1.4706000212151517e-05,0.0300959076768868,0.9396077242829426,0.016577256925342322,0.006245554022764177,0.00745885109185197
231,0.0002924380728070525,0.0066554762947232515,0.03829854483869477,0.010109643895625025,0.014555125694556173,0.9300887712035937
232,0.7810577850149255,0.19283833350346072,0.01459730728801791,0.004560942616695795,0.0012565231034991485,0.005689108473400877
233,1.6652211389831695e-09,0.030634186311787093,0.01932327518914592,0.6266483106257353,0.3205033219057213,0.0028909043023892
234,7.876992954402263e-06,0.0027617538943784186,0.8209507047512768,0.1390269544400541,0.01115935632939697,0.02609335359193934
235,0.23599301511104914,0.7320939466262754,0.013335958768108553,0.005742699639676049,0.004062508245648869,0.008771871609242242
236,1.7793117726103915e-09,0.004373709136440849,0.01039481832527246,0.6892344287914117,0.29398917196971697,0.0020078699978462833
237,0.8782258006184617,0.10137909953517546,0.007737638463836148,0.005413774375920799,0.00138325078803747,0.005860436218568521
238,0.0019594285469742055,0.004217394718318645,0.07436802705089578,0.02175439462066225,0.011797660982011704,0.8859030940811374
239,0.0010587878040189003,0.005997251713397721,0.07351252649903588,0.006981841093022428,0.022777220103716286,0.8896723727868088
240,0.8313663190159751,0.14224173666568912,0.006863234771884072,0.006570536536231191,0.0040714481980255865,0.008886724812194937
241,0.9092846403272632,0.06839103901050761,0.008441282000765956,0.0056606683580920115,0.0015014947482177366,0.006720875555153596
242,0.4658928147548692,0.37602795383488735,0.04013861817893238,0.07924971501471062,0.02471424022573122,0.01397665799086914
243,0.000269573158245246,0.009863654284342155,0.9634116331577357,0.01203405351434437,0.0033138511650767986,0.011107234720255868
244,5.885628103311692e-10,0.03450577582125832,0.0033601044869923744,0.17365084528849245,0.7833674874217746,0.005115786392919366
245,2.602986039144793e-09,0.0013953615410675075,0.005461085628791503,0.6921030825215304,0.29697250216586757,0.004067965539757061
246,1.6010754981270328e-10,0.01278329243642583,0.003140264407098585,0.5876776897117681,0.38296342669793804,0.013435326586661757
247,0.8549361192928142,0.12255839418400725,0.010011433193285034,0.005281400376074063,0.0012181899355912006,0.005994463018228202
248,0.26709619356673964,0.6891282415591937,0.01211421143797706,0.012191789443241353,0.008498068276130828,0.0109714957167175
249,4.4104581463857e-08,0.011467770604056064,0.03022480944999024,0.3667245111715609,0.5815132271841112,0.010069637485700127
250,3.99600679945036e-10,0.013379598118865159,0.005272473651021953,0.3407793974836477,0.6375001360212451,0.0030683943256193417
251,0.0001543692923674403,0.008422274470286146,0.9507074948474948,0.024194982046185462,0.0011266707541006985,0.01539420858956544
252,1.3745506327991187e-09,0.17398760916601,0.010962542650734843,0.45879514905394,0.352365801647807,0.0038888961069575533
253,1.8073692464793563e-09,0.010582545056142775,0.009739736613076661,0.23836754851824157,0.7375895854675514,0.0037205825376182638
254,3.2594032452209523e-10,0.009442208030422394,0.0019450760641814668,0.3473875118114109,0.626771193090344,0.01445401067770097
255,0.00017203959976709002,0.008466741092389504,0.9311866958019623,0.02408678581259953,0.001732403491495671,0.034355334201785805
256,6.800824623484033e-06,0.047867526666803155,0.9011838932322667,0.024789475924354328,0.016444119065213616,0.009708184286738824
257,0.8780607680220519,0.0946014101910305,0.012610019708802466,0.00753702934902846,0.0013285194293064277,0.005862253299780452
258,0.11268809830902506,0.8388819952943618,0.010433529899003768,0.01026583164463061,0.012532327833013833,0.015198217019964782
259,0.8481829252678306,0.12888731518282373,0.006800623438211989,0.004900909271110135,0.0028113624447706925,0.008416864395252941
260,6.292900283303914e-10,0.005678979487482442,0.005275331108992478,0.7409684999063348,0.24268848365069512,0.005388705217205049
261,0.12055826953881012,0.654113245306577,0.06268682393297112,0.08598884379550288,0.05569781942788818,0.020954997998250794
262,0.00023916363802425956,0.008307869261939929,0.0307680317726051,0.00913280008825744,0.02266896057282786,0.9288831746663454
263,0.8441763827496019,0.13224898202031632,0.007268332449955072,0.006067989042054639,0.0021288902928689526,0.008109423445203134
264,0.0012952665238919877,0.008167747749323592,0.04977462342219417,0.0077990532292898625,0.013106349947919201,0.9198569591273812
265,1.143269719965735e-09,0.015355528216975348,0.009128137912560034,0.559046616440995,0.4093173971421293,0.007152319144070637
266,7.700058078998632e-05,0.013208229625973622,0.9619858764808522,0.00989144257636843,0.005281166177261308,0.009556284558754369
267,5.144605214844975e-05,0.002433935137926485,0.0722079057473204,0.04138266093004261,0.020064516746137864,0.8638595353864241
268,0.08815897420629379,0.8615501521115104,0.008466918188923865,0.010166359292000186,0.02280770045817023,0.008849895743101417
269,3.9203580671336107e-10,0.04551746991338643,0.003349748812907703,0.1830159269051772,0.7532372608273709,0.014879593149121906
270,0.006764065672768755,0.003531480130464899,0.045201027931708784,0.028416133387834122,0.00641060861140451,0.9096766842658189
271,3.957020105925007e-09,0.015214365670327155,0.018557401254525062,0.7046933024419191,0.25920941017440263,0.002325516501805886
272,0.0001563322497977754,0.010088226531564928,0.9486122436753416,0.024600752111212813,0.0010032771080319177,0.01553916832405109
273,5.828684978213021e-10,0.03905216193893685,0.007836858671952277,0.3736133884029111,0.5727129286023718,0.006784661800959583
274,2.979167614247867e-10,0.0638530310425616,0.003496665287507398,0.31765028064562223,0.6108316804329583,0.0041683422934336144
275,3.038345499006607e-10,0.018935794386472412,0.005186926485345539,0.2040323371116409,0.7667107049275842,0.005134236785122469
276,3.0891287505260074e-08,0.0198036968932907,0.002619000780836886,0.1290835450347484,0.37319712679849515,0.47529659960134135
277,0.8655006932181822,0.11009639127582535,0.00978733614818864,0.005602872737663903,0.0015008019785763048,0.007511904641563506
278,5.108481212040473e-11,0.00995394335383564,0.003317495793048288,0.1422542328400419,0.833412081169283,0.011062246792706442
279,1.1884466115792739e-09,0.0019210606276132164,0.004570409759708903,0.7247845756954928,0.2626391997276169,0.006084753001121792
280,1.0421736432408639e-09,0.0034002571796228984,0.004556189719471886,0.46469850935522905,0.5227190640622051,0.004625978641297349
281,1.4272648242147833e-10,0.002602434296209305,0.004690100301239535,0.7727709846527903,0.19933090862540487,0.020605571981629673
282,8.984181123589358e-10,0.0062245806585966845,0.006481808105745748,0.6437591596154062,0.3406840251058677,0.002850425615965603
283,3.0943407851483704e-05,0.013161140850309033,0.9481508540303415,0.022789099858729903,0.007757242909041823,0.0081107189437263
284,0.28165250648631945,0.658730405519682,0.009878252792661524,0.018089264923858733,0.011167703217391101,0.020481867060087217
285,0.23194422807037926,0.7058604220720055,0.023283380143311473,0.013979732367204085,0.010224259592199188,0.014707977754900584
286,1.6950048977757349e-09,0.007547141981565564,0.00551897115448203,0.8078340286040525,0.17427127066238365,0.004828585902511478
287,0.00022775566396572407,0.007503585546866475,0.946985503098169,0.028716829344179275,0.0011166154385718549,0.01544971090824772
288,2.61773374573677e-09,0.0727312520655883,0.014737109719851184,0.7060492299186768,0.2042175531551242,0.0022648525230255963
289,0.5888519979101883,0.3751991667262298,0.010051579911126695,0.009585814956485396,0.004036807479298395,0.012274633016671446
290,6.368695731789076e-05,0.019022513231204696,0.955941513792003,0.012760895530355148,0.0051871910572050105,0.0070241994319142275
291,0.3457896696191916,0.5935605952432882,0.017058686510527825,0.016392304733789543,0.00802121443746077,0.01917752945574197
292,0.1524278727333346,0.8162923714466352,0.011558088671242363,0.006340771150488257,0.00524580488733079,0.008135091110968747
293,0.000665026530253678,0.013447275195135472,0.9470326445846242,0.019872352138295434,0.001148216860360893,0.017834484691330324
294,2.1996180841688318e-10,0.013810280874958078,0.0031934309321095563,0.19825648464577403,0.7774740082557594,0.007265795071437128
295,0.8932695395107425,0.08513653703429133,0.007856842705134294,0.005906980766351476,0.0015224725400712152,0.006307627443409304
296,0.00048470158030580285,0.010390963706960651,0.9013123382688896,0.025697904921848116,0.002212076363493669,0.05990201515850224
297,0.00012762222540694903,0.006770027457975388,0.9414823823359142,0.01670860276745115,0.0033758555613524386,0.031535509651899794
298,3.4867828634615107e-09,0.004892855638880492,0.012763977660568259,0.7292346078297716,0.25070184159501147,0.002406713788985406
299,6.272486436975251e-10,0.005063024667611287,0.00473527829883123,0.4733864585872431,0.5131458581841928,0.003669379634873044
300,0.027189621256106408,0.9259638652439819,0.021302223640410723,0.005837975161236052,0.010177056501477056,0.009529258196787974
301,0.1334951664628256,0.83365795416843,0.013115376601701359,0.006161946083239231,0.004794633844337457,0.008774922839466232
302,0.01643124126452477,0.003302903965051027,0.05735840177748883,0.01803340001680868,0.005216605893281523,0.8996574470828452
303,0.04578365332043676,0.00259492994145865,0.07287002233340674,0.020020275486455404,0.004320499700907265,0.8544106192173352
304,0.4287692121625921,0.48825311248688474,0.025684934507192583,0.028122602590896426,0.016244094287995715,0.012926043964438439
305,0.00026510052469478647,0.0067957990271386515,0.04363176621038196,0.006873191048782128,0.02119797979923077,0.9212361633897717
306,0.865155422397907,0.10117778326697897,0.011040886603916188,0.00929405893744091,0.0019339578226350662,0.011397890971122053
307,0.5970123437989735,0.3565500343051547,0.014799322257526133,0.01300438212241309,0.0054740214498735715,0.013159896066059048
308,0.5943882375916263,0.3137358900653495,0.030277482384963448,0.030800998219722906,0.0076759298368306245,0.023121461901507094
309,0.6252335100630937,0.33341305900939805,0.022593106087414255,0.009100834237313667,0.004163687745462811,0.005495802857317515
310,0.23297738607652432,0.7308181826948723,0.01434723051551503,0.007373370895517956,0.004006658194287234,0.010477171623283085
311,3.2428162676490877e-09,0.0004767074101880563,0.011878640298513184,0.9187049850251312,0.0556833946094001,0.013256269413951095
312,0.8508951789445781,0.12650512570740777,0.004955022985560714,0.007519719384675127,0.0035804552553052355,0.0065444977224730335
313,0.018122212411961065,0.7878059554244852,0.09069499501532301,0.04254679356769191,0.04121386976857161,0.01961617381196732
