,proba_0,proba_1,proba_2,proba_3,proba_4,proba_5
0,0.10948777493240311,0.00403983915720986,0.24865733427569514,0.0022338876070035437,0.002197708725776121,0.6333834553019122
1,0.004214068746251611,0.007554402785961457,0.14386114067103153,0.0009199783668117932,0.00848294054795225,0.8349674688819912
2,0.001491894287248074,0.010487273985567765,0.9325648201002424,0.001171560351575302,0.0013375840570164718,0.05294686721834986
3,3.986868721900715e-11,0.00667430925987794,0.008545259449694682,0.49939839189667184,0.48186766168651224,0.0035143776673746932
4,0.0028782681822900175,0.016246612680028215,0.9654441640604816,0.002201292813208505,0.0005110683572612809,0.012718593906730266
5,3.0368385813299106e-05,0.007546657540632025,0.05096492002106558,0.00013413363495143243,0.06865998114962787,0.8726639392679099
6,1.5995141613514153e-09,0.026634512432519363,0.01714207756860836,0.2670782037134093,0.6801943994551793,0.008950805230769571
7,0.0005976102121614751,0.006103389973774142,0.9776560533737907,0.0006302386112312711,0.001183787809199978,0.013828920019842454
8,6.660551178130052e-05,0.004180717506694555,0.08029993459518267,0.00017455135647609612,0.054123725219595825,0.8611544658102696
9,5.968371454840161e-11,0.060048808050327675,0.006335880255322519,0.17116372588440876,0.7495534802679737,0.012898105482283581
10,0.8822388707759515,0.07333564670890999,0.033288180870576146,0.005914460994704137,0.0001276823566107381,0.005095158293247394
11,0.0022983063976385323,0.009044956792232554,0.9713279161106877,0.0009664788250859502,0.0007441734049047044,0.015618168469450602
12,0.044426598910495975,0.9000066651353774,0.029077218275846063,0.016992597828894427,0.0011877689305600677,0.008309150918826214
13,0.0005678553570144487,0.011279962091957144,0.9595632391442239,0.0013556056598934745,0.0010058568686132164,0.026227480878297838
14,0.33114296901120155,0.596983224691634,0.045796363767922295,0.014709558227547104,0.0008490193120824248,0.010518864989612528
15,2.9925173757384046e-10,0.009217197343502119,0.010211224593273237,0.5501546396862986,0.4238264454834588,0.006590492594215576
16,0.0009782679903678861,0.016223079346337814,0.967605952645441,0.0009906951538606122,0.0004795449651994996,0.01372245989879311
17,8.87333879636732e-11,0.09561479587163801,0.04294911388702184,0.5969122169767395,0.2585395372393345,0.005984335936532853
18,0.3783647789490945,0.5871918339580681,0.019743406511645842,0.00679262770814615,0.0002268138828382471,0.007680538990207184
19,0.8589557745860452,0.08980261260039499,0.040436985505204706,0.004715344138420074,0.00016192475360159086,0.005927358416333216
20,0.8504178328843314,0.10933491312827263,0.02661687862757975,0.00447611563884698,0.00013341550009051157,0.009020844220878836
21,0.002255145165450013,0.01115123919071073,0.04014842327330509,0.0004527711811448219,0.01931351906483791,0.9266789021245515
22,0.2949086914454321,0.670531336150583,0.02050996759409598,0.007664644072428281,0.00042533851995326343,0.005960022217507413
23,3.6976427124550417e-10,0.007269284710297625,0.4206230903396231,0.02542531002698366,0.47059936668800095,0.07608294786533044
24,0.842956950494433,0.12847575849530368,0.01643330475883264,0.005415927896106281,0.00015719808187148238,0.006560860273452666
25,8.87185235014397e-11,0.03236849731881051,0.00486662648051054,0.5247279215655238,0.4317960831722457,0.006240871374190958
26,0.8273401758088382,0.12657011329742213,0.03242980146708366,0.005585605227282192,0.00018484761314583199,0.007889456586228048
27,8.60142066588615e-11,0.012048244294930427,0.00616680721935038,0.7643825376892747,0.21489129668735643,0.002511114023073775
28,0.011924971684378765,0.011979518370616758,0.07875107638149619,0.0011013879792953183,0.007659422757160872,0.8885836228270522
29,1.7918749085387685e-10,0.057606827594006,0.011316485744698682,0.7959951547050415,0.12124254360890896,0.013838988168157283
30,0.0007797223014321393,0.007395814640702987,0.06039130683283018,0.0006238787242466119,0.03435182423205572,0.8964574532687323
31,0.001151129329290756,0.007236894891013059,0.06149587684418168,0.00037400641025540546,0.028081774218130073,0.901660318307129
32,5.114813476548431e-10,0.011074378526637722,0.01757129693884175,0.8050372159743164,0.1648921367097739,0.0014249713389487887
33,3.422810992815305e-11,0.01036357428320657,0.014946706031666195,0.047852771036027385,0.8813284197809866,0.04550852883388513
34,0.5526031909046828,0.3744675952773859,0.03754728854854232,0.02523001033974252,0.0010404251313397852,0.009111489798306836
35,0.00051587884786986,0.011789741924580174,0.9713990831724932,0.0007478975850335967,0.000804283460791229,0.014743115009231995
36,0.001288037312320042,0.003697876805484015,0.1941055618472086,0.0003681348443368278,0.015461616075739426,0.7850787731149111
37,0.02708431482838155,0.936048858346937,0.013387449363190468,0.011047257560112203,0.000869718371763912,0.011562401529615005
38,2.9328853582274916e-10,0.0091259495730473,0.012368538284397634,0.542002682719287,0.4306029934002301,0.005899835729749474
39,0.0006473658017027694,0.003728983522624834,0.12284841450437017,0.0004828520620066,0.02850668734501288,0.8437856967642828
40,0.1950215380802452,0.7528203123416534,0.036973397772623755,0.008605891340333514,0.0006589657565190442,0.005919894708625124
41,0.0037288918713969553,0.01609466336290112,0.05070207104092467,0.0007400568728732881,0.009618846811683311,0.9191154700402207
42,1.5763343049525956e-10,0.004682113493035983,0.019741608576314587,0.31809112656320726,0.6462440595683748,0.011241091641433991
43,0.0004354036374745838,0.006112053926585793,0.9771654306176933,0.0007530221009307964,0.0012861336388465593,0.014247956078468895
44,0.00019200317625327616,0.004746017712347938,0.08729771450235219,0.0001639087023077416,0.05096569279118711,0.8566346631155517
45,0.8910007747939532,0.07253175393534551,0.02307510072060676,0.006406240852560446,0.00017641187194602316,0.0068097178255880015
46,6.013509898813936e-11,0.03992546093584862,0.008921866071872684,0.6128323931479158,0.33602275343518667,0.002297526349041137
47,1.9176660825956983e-10,0.008161871798258344,0.006348141745611162,0.27120786583606515,0.7015045870914959,0.012777533336802897
48,0.7521870671394454,0.18143864287102351,0.042193685648089174,0.013690339034688965,0.0006610998722810067,0.009829165434471912
49,1.737435667360167e-10,0.011300422483479932,0.0076101081319292765,0.788827140679018,0.19004017323580707,0.0022221552960219847
50,0.08418730261761592,0.821717965182184,0.06559290630350073,0.01313119367240335,0.001162056491940124,0.014208575732355925
51,0.6844061197307182,0.2782130874051115,0.021534011441104596,0.005797731339212269,0.0004412853641532289,0.009607764719699987
52,0.004434054184311805,0.007183818942714041,0.9760032414008029,0.0011685718368475053,0.0008734486275984746,0.010336865007725326
53,0.0004244401634699045,0.02185967828481221,0.9569697651501774,0.0008338888142903387,0.0009354589239228097,0.01897676866332743
54,0.0053139063687957415,0.007896215202044391,0.09431797630157975,0.0006059676590855018,0.014057994659360765,0.8778079398091339
55,0.007078539054679228,0.005983604232065203,0.12801302823805408,0.0009376001022100112,0.008881016112419746,0.8491062122605717
56,4.910642077166631e-11,0.01988154446897067,0.011798730256318356,0.28783228007829487,0.6670470921508602,0.013440352996449453
57,0.007842394955756714,0.0293781286436075,0.9423249183613889,0.0015898406178056618,0.0005388120324084031,0.018325905389032827
58,0.0006516033082931275,0.02062969128349559,0.9464500417182877,0.002197768753289974,0.001724069736952467,0.028346825199681028
59,0.00041513515331816704,0.0034626426600860745,0.9767741586485372,0.0011255964308757075,0.0031571454614251785,0.015065321645757765
60,9.224222151124269e-11,0.011469540451089517,0.009533131764428916,0.30123575807406167,0.6704062723707717,0.007355297247405984
61,2.2200892500819261e-10,0.024885168326284714,0.00929099240592246,0.7839582693648564,0.17883739570577223,0.003028173975155198
62,0.3267789808799063,0.6384219262480001,0.022209442385205124,0.005934577440620607,0.00023886206373958938,0.006416210982528309
63,0.5681847277487863,0.37356372751907724,0.04060513192863606,0.009686840311259265,0.0005327650924822067,0.00742680739975893
64,6.81988918998364e-10,0.014124630484465214,0.013574252194421937,0.8037681188804103,0.1659356145116167,0.0025973832470969497
65,1.5741904721185764e-10,0.009943606026962601,0.010012025266698348,0.4249315414385331,0.5427177442289257,0.012395082881461182
66,0.041933442066648334,0.9160439486537367,0.01680231864961223,0.014248555192600917,0.0013130417289606568,0.009658693708441173
67,2.4716496826069587e-10,0.008005696161079953,0.0062909008558319785,0.22917629267359757,0.747225486958598,0.009301623103727527
68,6.28524232215623e-10,0.011216556192700167,0.016942441623237596,0.0853879539245103,0.8518455541243805,0.03460749350664731
69,0.24392282320496847,0.7015213957029063,0.028160639895772322,0.015913691586533572,0.0009978174763808367,0.00948363213343852
70,0.07168527563630225,0.022849817168567942,0.055479447008982004,0.0018775565764358622,0.003603614722381199,0.8445042888873308
71,1.2208030233705168e-10,0.013022629178269646,0.021149004125888257,0.6107572302161092,0.3466884875887286,0.008382648768924021
72,0.0024431170937325134,0.010980488257353165,0.9561151009426595,0.0011479391119980072,0.0005769255488976289,0.02873642904535912
73,0.14709006435636668,0.7485827909879353,0.08681320871520731,0.009051752709203728,0.0010881732402413312,0.0073740099910456535
74,0.27824108783123397,0.61002220126729,0.07796762760487772,0.023536647828978595,0.0008453880776560773,0.009387047389963606
75,2.1491273107794245e-11,0.018476568538216893,0.004738527106900903,0.2539017750027921,0.7122905338602867,0.010592595470312056
76,0.845410704619869,0.12113646632966363,0.019226880572493,0.005090433388014526,0.000164276596835151,0.008971238493124702
77,2.7175386899658804e-11,0.03613496832409415,0.00533219892749471,0.37890950888342007,0.5737879477769479,0.005835376060867809
78,0.7820110749693479,0.15908521211500576,0.03843171894280805,0.010464818361256106,0.0004430490353218085,0.009564126576260499
79,0.03621153693890292,0.909342451956545,0.020070957458800547,0.024502437543481876,0.0015810574563405533,0.008291558645929151
80,0.7579252454459834,0.19037653247896064,0.03247232692348391,0.007415620561216047,0.00032626452568349667,0.01148401006467276
81,0.8768961211830847,0.06424866339830286,0.04710931222531157,0.005044401076808454,0.0001108174337797987,0.006590684682712521
82,0.7381383500449864,0.22748921070328865,0.020947172682880422,0.007289569271610577,0.00035379591855105375,0.00578190137868279
83,0.8436202630814781,0.1292590251122021,0.014225633058400312,0.005674591999303696,0.00024250472815240794,0.006977982020463361
84,0.0005181030853071918,0.007132487898087383,0.10123583489030923,0.0002442764377393661,0.04208811143834585,0.8487811862502109
85,0.8743499534181011,0.0714487981233485,0.039438884789604084,0.007463059690980433,0.00011662979410470228,0.007182674183861233
86,3.890882346353729e-10,0.02628171177294114,0.009961597415815272,0.26087723791503253,0.6955991734814978,0.007280279025625082
87,0.003333120116949547,0.008166101621305348,0.06956090476067175,0.0005539576986474464,0.016931147540456274,0.9014547682619696
88,0.10889556615102249,0.8509066492598321,0.017482410152451194,0.011993925482480279,0.0009600648652176014,0.00976138408899644
89,1.9705568191630314e-10,0.07066902912292462,0.01308918476201741,0.7585114798938765,0.1549491810921542,0.0027811249319715414
90,0.6843393702562115,0.2724227249319666,0.02797627531625871,0.008618528161888414,0.00031657161473204926,0.006326529718942819
91,3.5051282294066832e-09,0.03146731617034812,0.013202460512405267,0.15561410274714854,0.7850675544162363,0.01464856264873346
92,7.012145990893735e-10,0.010792274144670091,0.016143735919236353,0.6871623864712794,0.2824005624683,0.003501040295299618
93,4.0428744135476305e-10,0.016640255798976624,0.024083902202123295,0.6166965326705786,0.3367110714879116,0.005868237436122575
94,0.8750903792234549,0.09364816224375963,0.018861921297840166,0.005344484900343874,0.00014417259335665496,0.006910879741244809
95,0.0011233095079002916,0.015347803424484606,0.9520176418301026,0.001419768987019584,0.0006757149972102418,0.029415761253282713
96,0.4548137894917648,0.43337575819773,0.07790371148511387,0.02541154131433999,0.0007610075345698675,0.0077341919764814205
97,0.14597126560025525,0.8180499744342082,0.02236685312877171,0.006090437279399606,0.0004796725580238355,0.007041796999341348
98,0.005105561695941059,0.013598714448487094,0.9542177473195425,0.0014027300037967182,0.0008782807203328929,0.024796965811899854
99,1.5244395025809688e-10,0.006061665337750352,0.03211658346987033,0.04039273451744822,0.9088419385256647,0.012587077996822401
100,1.1238659061769372e-09,0.005787461934481548,0.014842266994989896,0.5982239349544309,0.3764969111931856,0.004649423799046099
101,0.0045899278370860564,0.03336668794592321,0.9483293443689855,0.002391677400450304,0.0010875427064740953,0.01023481974108087
102,0.22854567915583185,0.717915615465838,0.02418105538284571,0.008018240828365827,0.0005488741474931483,0.02079053501962545
103,0.13138475580467368,0.0029805714890878765,0.2923818431873655,0.002982168262715722,0.003009757651337746,0.5672609036048196
104,0.0011828772820879781,0.02437929318731011,0.9554931890954811,0.0007983125139505811,0.0005424117483524246,0.017603916172817948
105,0.0007415110008526093,0.010096178943620247,0.9769735818711712,0.0007840504498843297,0.0008888899696543969,0.01051578776481708
106,0.00038941892061843835,0.020221925875050294,0.9670492622534564,0.0009134251913898457,0.000579778262095386,0.01084618949738951
107,0.0014615645131935075,0.01561410643876201,0.9444145633846855,0.0010419494370189181,0.0017628362275088317,0.03570497999883129
108,0.7304484482260145,0.22532433887093062,0.033800917307339105,0.004715845652766345,0.00023724151396799773,0.005473208428981234
109,5.37688782168704e-10,0.0620220060563316,0.009009763791258648,0.6302951153163568,0.27509259579903206,0.02358051849933211
110,1.530594934582187e-05,0.01187973344588134,0.026229096208594423,9.121398256724429e-05,0.06877003761329878,0.8930146128003124
111,0.00021244931545382614,0.0010951854148032554,0.9625327725967227,0.0015076992214850067,0.013476548656057585,0.021175344795477755
112,0.012010894052280193,0.004696159185400456,0.21860399305294864,0.0010090254302925004,0.004430791405951945,0.7592491368731262
113,4.143093687693954e-10,0.01660484839856111,0.007356178781428445,0.6182870703999228,0.3531882473650486,0.004563654640729669
114,0.26377958870410884,0.49813697266180085,0.14547989152819288,0.06940179846098954,0.003811813075539329,0.01938993556936838
115,0.2623891060602279,0.6807312848715423,0.03308606086656527,0.014438751037777666,0.0008763557162912218,0.008478441447595526
116,1.0599506020359495e-10,0.030843129862740515,0.009261541333600682,0.16324316085994078,0.7706589732661318,0.02599319457159126
117,0.0007102120994044799,0.019039814298885238,0.9645013218535498,0.0008965310468386828,0.0006770488240933417,0.014175071877228548
118,0.47695279406243823,0.4713442511395212,0.0328203650304,0.009913119129674419,0.0005357074441256506,0.00843376319384049
119,6.263718949772214e-12,0.025862038914690275,0.004917211371521561,0.032096229742635686,0.8854438896458222,0.05168063031906643
120,3.246373151963188e-05,0.0160208745066379,0.856955735096735,0.007454415239343208,0.036146675469420034,0.08338983595634432
121,1.3731711318877449e-10,0.03418235791399276,0.006124370712760938,0.5620664269969369,0.3940531140753143,0.003573730163678028
122,3.1737692438725265e-09,0.004086043018789197,0.06303295446695556,0.28801317715784847,0.631999815680183,0.01286800650245448
123,0.0011576320517573328,0.012366374066976821,0.9744090088761056,0.001066985006529407,0.0006415640704654222,0.010358435928165466
124,0.8597290131178608,0.1078061069251704,0.020657655050551695,0.006661143656559348,0.0001326747698864348,0.005013406479971654
125,0.8652833341774682,0.10156077322747764,0.01874348648410627,0.007489131079554571,0.00022020875720322994,0.006703066274189994
126,0.27824108783123397,0.61002220126729,0.07796762760487772,0.023536647828978595,0.0008453880776560773,0.009387047389963606
127,0.5963416508246533,0.2559572715506608,0.10827368517901735,0.029485889640430342,0.0012551512774719032,0.008686351527766449
128,0.3197231633229822,0.576285273097146,0.05722542842636674,0.0374439330992417,0.00110252955476239,0.008219672499501077
129,0.08213745214724275,0.8861246492727975,0.0135894637766386,0.007222093648629087,0.0006114832241392344,0.010314857930552751
130,3.0893922641336787e-10,0.0021774566302888423,0.014726838590840292,0.640405762638507,0.33995388160151446,0.0027360602299100066
131,0.1318349675676533,0.8138069624764654,0.031660156380990886,0.010218960916827688,0.0007285566361075376,0.0117503960219551
132,3.570432609388078e-08,0.006329541108729457,0.03160070051855024,0.042670602508096095,0.8966318505324643,0.022767269627833774
133,0.08942485078694394,0.8777002193911415,0.012421358594080716,0.009477247880234617,0.0005615108542529552,0.010414812493346415
134,0.7825221063050282,0.10484697346060612,0.09737959042748535,0.0040299621834237525,0.00024334972274012723,0.010978017900716558
135,0.8923373094656246,0.055161648451481984,0.039992998326666536,0.005963388256699483,0.0001741867288313725,0.006370468770695866
136,0.5733462024964127,0.3852851277361067,0.020072270665125857,0.00890402508546041,0.0007635305851360579,0.011628843431758523
137,0.00021895880351065745,0.010662032864787863,0.056697598572554665,0.000146030358235933,0.026087016448628274,0.9061883629522827
138,0.7147083894066842,0.1301123189059391,0.1256143084677633,0.022517929560627634,0.0006184742473992012,0.00642857941158649
139,3.2899832474643747e-09,0.012359070117735538,0.024466751846345284,0.1145669681846102,0.828059282491531,0.020547924069794568
140,0.002509298253724931,0.009322864774796514,0.0794967906477268,0.0006001052651099059,0.015760726081575138,0.8923102149770666
141,0.8483049495524719,0.11927574500464524,0.02080060519944917,0.005510091485073504,0.00017706971262617963,0.005931539045733912
142,0.8317292643632993,0.1012009992855697,0.04707749868270105,0.007764866748075424,0.0002895416417330964,0.011937829278621562
143,0.7691110164007713,0.19734915942952452,0.01989191646471715,0.004810851701618096,0.00014689562493812124,0.008690160378430765
144,0.867640957641381,0.08414237865407251,0.031814840965267974,0.004874064071908865,0.00027353715304749055,0.01125422151432227
145,3.848895641849986e-11,0.01160922863162194,0.004809270439945614,0.21014998024361634,0.7637549615836345,0.009676559062692564
146,0.0003341574904253598,0.008492494844021353,0.9580319848343377,0.0013348311310807266,0.0018308092371013764,0.029975722463033504
147,1.5224658820837332e-10,0.012966573785713734,0.009363542379930092,0.7185494128399225,0.2565626427073641,0.0025578281348228715
148,0.0020749005636971716,0.00435635816386293,0.11461553251720874,0.000661594295465159,0.02303582233283689,0.8552557921269291
149,0.0030054418287388048,0.005258410634587417,0.13380806422512342,0.0009469211237136514,0.016024706850880737,0.840956455336956
150,6.064371939553058e-11,0.0034891198451302997,0.019082307370228778,0.01309368255333239,0.9027381330889683,0.06159675708169644
151,0.8692248892336182,0.08557812613836498,0.031029263414257782,0.005391109605027021,0.00020464939845695523,0.008571962210275336
152,6.956438672908741e-11,0.020714824330405876,0.028749733649033386,0.4224427505497821,0.5232623209623894,0.004830370438824622
153,0.8391366089620045,0.10732241235407806,0.03840231860698316,0.004907286556705313,0.00020737377045632475,0.010023999749772514
154,0.8616444865759748,0.09716643524683617,0.0293419872568111,0.005212864868073476,0.00020491282510672366,0.006429313227197593
155,0.8561359921192914,0.08738204195038558,0.04541965669804045,0.005285361317793812,0.00016815726333296467,0.005608790651155896
156,0.0005955826364780085,0.015091816358431664,0.9232657465964578,0.0022541187498464023,0.00422545824516107,0.05456727741362523
157,0.010298638875797267,0.007781622798160383,0.09545635046146392,0.0008175066974918519,0.008601770335805189,0.8770441108312813
158,0.0012905529202855803,0.011331251326565785,0.9610681277131689,0.0008925493148806503,0.00039470613829360295,0.02502281258680565
159,0.09983261555605659,0.8537783657149225,0.024989538801507744,0.008939423183058785,0.0007147255310633262,0.011745331213391087
160,0.019545370663793672,0.003460913881546046,0.17088443353756533,0.0013906048065981432,0.00813041465104123,0.7965882624594556
161,8.01320235081606e-12,0.003905541687357369,0.03332391568368188,0.06146892366614502,0.8638112828478226,0.03749033610697995
162,1.7020250040247446e-10,0.006366372053689612,0.028945656430239202,0.21720768529807372,0.7333388846311405,0.014141401416654396
163,1.522343514568078e-10,0.018853178725044183,0.005854331322508735,0.2006724317613837,0.767181031124419,0.007439026914410033
164,0.0008826047465716784,0.013671921027624252,0.07941665321282597,0.00022964214035228075,0.015507052062391393,0.8902921268102345
165,0.8704723100081636,0.07958784075982192,0.03854410033273449,0.005995112504768413,0.00012996108036017421,0.005270675314151215
166,0.09836355107690838,0.840884503360844,0.024860924787843876,0.012307521332779672,0.0013238298540755704,0.02225966958754857
167,0.00023934076175817276,0.02399637054033291,0.952836969348448,0.002372254024684222,0.0018456765844752539,0.018709388740301317
168,0.0009818936288641172,0.009413640248244303,0.9613027456348882,0.0009690994039597821,0.000603369458622754,0.026729251625421033
169,0.0012631729853076206,0.003680127150923867,0.9675541391765448,0.0012505936719176289,0.0012926460915094837,0.02495932092379677
170,0.889031659384084,0.07308446618754673,0.02374037155291948,0.00630375658777187,0.00018247719419419087,0.007657269093483772
171,1.2732588009703724e-11,0.016666315584274918,0.005118922415466804,0.06394811142388672,0.8841752846561514,0.030091365907487733
172,0.0061311868090193206,0.022136524922842796,0.040029421334583815,0.0007438270536220005,0.006429739979939396,0.9245292998999927
173,0.8381142655816457,0.13149169587122708,0.017989632771532114,0.005728546796649703,0.00020719163234443722,0.006468667346600975
174,0.006768647815612423,0.006630655607628514,0.9588451304649557,0.0013428798385928056,0.0005330695311443019,0.02587961674206633
175,0.003468974327848449,0.01722158619997825,0.9696161221362324,0.0015650021381800642,0.00035742349139789004,0.007770891706362819
176,0.0002285077179099828,0.004232802139465224,0.11962820119819544,0.00017187222526741537,0.031105273068656986,0.844633343650505
177,0.00010855348048536729,0.012074646623675989,0.0326097474299079,0.0003689147438117239,0.031665899091869405,0.9231722386302497
178,0.0004748378325916815,0.004330835184731733,0.13451097538792678,0.00031128136423949854,0.021023769778180604,0.8393483004523297
179,0.0007262136303966637,0.011853683416019823,0.9756065423670175,0.0008912714108563074,0.0006527772025853597,0.010269511973124331
180,0.0035410851052813776,0.005640489731130207,0.1304500347135309,0.0006923734840373344,0.013607247608020356,0.8460687693579999
181,0.011831642390847875,0.005237648605930329,0.13517485233197024,0.000884292166613278,0.006251343031099576,0.8406202214735387
182,3.3786282990912196e-10,0.04190014942114624,0.012851836592562133,0.5833725412773078,0.35874470064890795,0.0031307717222132
183,2.0417670019237345e-12,0.014723313499726803,0.009490554957362835,0.06796261208714326,0.8573922806818746,0.05043123877185072
184,0.011579260493228372,0.010625025916095921,0.9506966124736606,0.00207270612622485,0.0008674740854499064,0.024158920905340258
185,0.00038733425143646727,0.002593787386029474,0.16735278634041686,0.00036239461425843805,0.032223640921846236,0.7970800564860125
186,1.7905036411042465e-10,0.0036218294868388175,0.01667751744795473,0.35286271067277203,0.6176360068281124,0.009201935385271715
187,0.0509936833801459,0.8606567919686585,0.060136531660755214,0.016113744306586863,0.0017781697484702491,0.010321078935383256
188,0.0019270263834227986,0.006944462840974069,0.09518648174780575,0.0005278513308377734,0.015444674698136963,0.8799695029988226
189,9.679058702244028e-11,0.016262917870758613,0.004714477587634765,0.5196332497483368,0.45512875954913873,0.0042605951473405155
190,0.00051587884786986,0.011789741924580174,0.9713990831724932,0.0007478975850335967,0.000804283460791229,0.014743115009231995
191,6.013509898813936e-11,0.03992546093584862,0.008921866071872684,0.6128323931479158,0.33602275343518667,0.002297526349041137
192,7.637223994165267e-12,0.08170359148753338,0.004570476355167409,0.1451317330582152,0.7527260357728045,0.015868163318642187
193,0.8353755382429999,0.101318850183022,0.0496072796673552,0.005780137831732973,0.00011334965488131644,0.007804844420008522
194,0.005580210253914605,0.01237488539613834,0.9740348879408396,0.0016823769617122415,0.0006366030882643838,0.005691036359130799
195,1.4495478214307902e-11,0.026456711501992476,0.013960110786131266,0.07899436427150454,0.8224389227152437,0.05814989071063259
196,0.7936699819730435,0.17594520539609834,0.017643616320179037,0.004160237776690621,0.0003294443942837363,0.008251514139704704
197,0.8407309463930189,0.11761996028221379,0.029943166930173796,0.005109685934812864,0.00019108303197120535,0.00640515742780965
198,0.00051587884786986,0.011789741924580174,0.9713990831724932,0.0007478975850335967,0.000804283460791229,0.014743115009231995
199,0.7532072313957361,0.20325937239595784,0.027993746726061988,0.003966763890266251,0.00037517535606251064,0.011197710235915362
200,0.36731349344589437,0.39483861697608874,0.17565852792647338,0.04010321872331024,0.0032481899558262127,0.018837952972407115
201,0.8208636772728096,0.14577979491166346,0.0178905438951427,0.006222957382484698,0.00024618606367526283,0.00899684047422422
202,0.014966691150800739,0.007524216823274658,0.12071656208009075,0.0008517892436890315,0.007077118777050369,0.8488636219250945
203,0.856109172002366,0.07733929075216738,0.05558178939230022,0.0055979572546512426,0.0001339716029580992,0.005237818995557013
204,0.8498761809012098,0.12081279495734273,0.01858813911757632,0.004587009643723805,0.00019738010786724152,0.0059384952722802515
205,0.007359361222281917,0.005161344034843958,0.1237656195371184,0.0007610756424809206,0.00995492771563676,0.852997671847638
206,0.0006645380442398089,0.011960543699999713,0.9719205503917228,0.0009554285291856829,0.0009902986366643455,0.013508640698187763
207,0.0023807959499744197,0.007159408738922623,0.14504078621689026,0.0004475689159688081,0.013323399136052155,0.8316480410421918
208,0.00025082826103692193,0.005532335006304367,0.9752805568572849,0.0007564161317993509,0.0025998553026379107,0.015580008440936698
209,0.15259890061492562,0.814811815622096,0.014445677298232868,0.007849651726712703,0.0005599002466181758,0.009734054491414578
210,0.004379472338715324,0.03236734471609908,0.9532359070913392,0.0017175992355457042,0.0005651790243391137,0.007734497593961426
211,0.6190108876902113,0.3152437997201426,0.0390042984618703,0.01540766671405626,0.0014937788690706638,0.009839568544648913
212,8.249703976560209e-05,0.006253213175099202,0.05069382435374744,0.0001735986227246783,0.02951425068422194,0.9132826161244411
213,0.8184504638466727,0.11703368114777632,0.05185258846821198,0.005541148962905238,0.00022379271711045533,0.006898324857323187
214,8.603370658189476e-11,0.00857601675679168,0.01360163808866833,0.08977029727534858,0.8760355846285102,0.012016463164647525
215,0.30378487005678634,0.6405205849957519,0.035553318760146495,0.006844838114402793,0.000689579902065593,0.012606808170846803
216,0.00018561588061777727,0.008036523495434787,0.04245307642993636,0.0003104951991594857,0.046193905368693736,0.9028203836261578
217,0.12644901797538483,0.832771924947264,0.023246280537989317,0.010087683134384151,0.00033759701458622825,0.007107496390391496
218,0.00297354747101747,0.0033299568655799443,0.166589790392568,0.0005070782602196031,0.015849435511261643,0.8107501914993533
219,8.703017271500952e-05,0.021755306596794276,0.014968663793771757,0.00018902216274795436,0.05157365682215812,0.911426320451813
220,0.879742229132299,0.08614671427163964,0.022208000319503648,0.006128916613300563,0.00014351768317211343,0.005630621980085101
221,3.4464243921830782e-09,0.011970265420259786,0.5346844250476098,0.10508616298418491,0.309689451811063,0.03856969129045822
222,1.8768308347983514e-10,0.01073236154914899,0.009888389947389907,0.7407957926924786,0.23521290318171886,0.0033705524415805293
223,0.0013534529840209168,0.014278671170211595,0.9679096452165147,0.001040355231024361,0.00040634772767445595,0.015011527670554005
224,0.6295654579574977,0.3282197240588973,0.021744684558029272,0.012527994363849325,0.00048741850716300364,0.007454720554563346
225,3.850716772753216e-10,0.09650326943110499,0.0191135763362799,0.20763940360773847,0.6554561385720881,0.021287611667716907
226,0.00365295448827182,0.0038026058542416853,0.15009192428257329,0.0006942927280784124,0.01664612497398992,0.8251120976728449
227,2.599416672926031e-10,0.0011789796534548654,0.06740741836996639,0.029942965781106664,0.8524284627880899,0.049042173147440436
228,0.07677846434369957,0.8718428414786634,0.026471772789657386,0.014408426488990841,0.0009736483292601279,0.00952484656972873
229,0.01241595680793035,0.02289853091129569,0.042075203657318413,0.0012735480453132464,0.0076651399261848,0.9136716206519575
230,0.00041471949002079816,0.006909273239164088,0.9739671640042804,0.00042631674038011734,0.0013850956650482901,0.016897430861106337
231,0.0006774077639705349,0.005353618545285801,0.07202843128681051,0.00040616743125842624,0.027285457275232936,0.8942489176974417
232,0.7264391507637469,0.2328387515741919,0.029918219287416222,0.005012863872886157,0.00012862977923226352,0.005662384722526701
233,5.925393956818425e-10,0.0687763361583712,0.025105961039478653,0.784733961872344,0.11769732560501191,0.0036864147322548434
234,7.935994692966638e-05,0.0009708691319685745,0.9456352899497957,0.0015155265415437598,0.019745519390057406,0.0320534350397049
235,0.24708768069842704,0.7150431651974862,0.024231380658020777,0.005743638187683553,0.0004220683655869857,0.007472066892795345
236,3.945382868526195e-10,0.011087331170857063,0.015861350844924706,0.7807488352278236,0.1906442463177528,0.0016582360441035695
237,0.8633027945399265,0.10424478794334857,0.021035590310302655,0.005306505290333066,0.00014901960156782904,0.005961302314521557
238,0.004322591521676793,0.004121447086318769,0.15381468148729557,0.0008131217274103548,0.015007640737004634,0.8219205174402938
239,0.0025896598256166877,0.004922063700045476,0.20647470951484895,0.00040547024636192945,0.014711354220784385,0.7708967424923426
240,0.8256720512485977,0.12493734931506818,0.03147197430920149,0.006366221266792141,0.00036404866064416444,0.011188355199696352
241,0.8843231849885049,0.06991295868128053,0.032619574045948785,0.005545697421359233,0.00013402043871347624,0.007464564424193075
242,0.3680346866919151,0.4329450139337705,0.12279968940904844,0.057886191236136385,0.0019459924340006014,0.016388426295129075
243,0.002168442953106601,0.011826583773165533,0.9739654338626486,0.0010151518552104762,0.0002913286791393333,0.010733058876729564
244,6.013509898813936e-11,0.03992546093584862,0.008921866071872684,0.6128323931479158,0.33602275343518667,0.002297526349041137
245,3.0893922641336787e-10,0.0021774566302888423,0.014726838590840292,0.640405762638507,0.33995388160151446,0.0027360602299100066
246,3.7931935740814333e-11,0.01880664616244357,0.009036055543922391,0.36326516891967686,0.5955657047727624,0.01332642456326284
247,0.8285311501457845,0.1315282784683346,0.02963264148612188,0.004463517713693347,0.00015950641175308,0.005684905774312349
248,0.266652107475668,0.6823606171950575,0.027626750808093316,0.014522376510862118,0.0005858395032189125,0.008252308507100096
249,7.003164581026816e-09,0.02855448966127921,0.021082213928983767,0.5871665069422216,0.34766073950824156,0.015536042956109244
250,3.5044285744793874e-10,0.026189255014008758,0.008935332818476777,0.2987000476672689,0.6573067304188652,0.008868633730937471
251,0.0013679319933381571,0.010257821985979703,0.9787240216684909,0.0010727528939624919,0.0008345295574397159,0.007742941900788953
252,4.5167923462502764e-10,0.22119085927086593,0.014198227078123038,0.6298694094320866,0.13234195798853424,0.0023995457787108817
253,3.145486306976923e-10,0.04411886155595008,0.018476410840484937,0.567623695514073,0.36458091919009966,0.0052001125848437175
254,5.7609289134302936e-11,0.007296420957226254,0.020464822313676276,0.07426742869708558,0.8817785448314482,0.016192783142954394
255,0.0015513261540005677,0.013691276623825481,0.9537574325819302,0.0009696549170000456,0.0010846952842627645,0.02894561443898074
256,0.00013214172863992263,0.008820307705266968,0.9604123699866705,0.0010814741964943592,0.005824053921321286,0.02372965246160687
257,0.850655364144059,0.08943832363149405,0.04940517867931299,0.005829001430987104,0.00016104831434443019,0.004511083799802474
258,0.12093300735150778,0.832101175331528,0.01642692172217044,0.015892312497871878,0.0010940875028448952,0.013552495594076836
259,0.7810454978292449,0.17980880293666404,0.023164043692568016,0.005223032898024844,0.0003037528200026315,0.010454869823495565
260,8.433546000302949e-11,0.010581232786552007,0.007723223038967066,0.6513875378949786,0.32619364964321734,0.0041143565519493035
261,0.03925816292368165,0.8205423848535217,0.0432384417512833,0.07701601672797465,0.0036255761637246234,0.016319417579814068
262,0.0005203792349585123,0.007674718103249357,0.054044494013421346,0.00037429636940567633,0.02197142902199593,0.9154146832569691
263,0.8191985263877631,0.13918520444632623,0.02719117658041083,0.003868834534528035,0.00026931830221333145,0.010286939748758318
264,0.003813175838042368,0.005726010852812129,0.1395614543333122,0.00042677843046477185,0.010806464516891478,0.839666116028477
265,7.693124465421926e-10,0.04487279075565007,0.031779554677159295,0.467555779455419,0.4451186475960143,0.01067322674644491
266,0.0008781099240084618,0.014743619689392072,0.9717531756661316,0.0008261295279833292,0.000333096313342163,0.011465868879142287
267,7.864625493816742e-05,0.002835952831989894,0.11015511222068186,0.0007739832943211519,0.05362719700750417,0.8325291083905647
268,0.12400697904992079,0.8094342838929103,0.035314456619606166,0.011460587899241636,0.0008149609500342293,0.0189687315882869
269,4.746048385905496e-10,0.04571573173841201,0.006137513359293832,0.111873180720867,0.7932464954491731,0.04302707825764913
270,0.010478270925971997,0.0060476503783914596,0.09044462974857367,0.0013667378662724804,0.011608154182508254,0.8800545568982822
271,1.3929630409981233e-09,0.012497854660205797,0.013727540013654126,0.8339648898922878,0.13802236067797172,0.0017873533629174404
272,0.001376499580007658,0.00972707405918765,0.9788602677745645,0.0010027693294545163,0.0009863242337127588,0.008047065023072949
273,4.4553429646515655e-10,0.027492830939142256,0.03327610259538173,0.24718807999801304,0.6700292441736525,0.022013741848276213
274,1.7918749085387685e-10,0.057606827594006,0.011316485744698682,0.7959951547050415,0.12124254360890896,0.013838988168157283
275,3.1135616709876687e-11,0.04763636373887854,0.005166958961960343,0.5894565002503198,0.35063246710381335,0.0071077099138924125
276,5.405742687071817e-08,0.002638203414272823,0.29382452355333644,0.0008125970960628402,0.5918291633652171,0.11089545851368388
277,0.8290120358036107,0.1208026128971238,0.03571582539337854,0.004457306226250418,0.00012936424154313302,0.009882855438093464
278,1.6576417102737783e-11,0.008515040784006755,0.012772198005155291,0.22994105780911078,0.7308790968553339,0.017892606529816904
279,1.738936820587498e-10,0.004025852853648792,0.018368778282320832,0.5844151707740828,0.39019852998357485,0.002991667932478922
280,1.0618939778662841e-10,0.0062124695848952945,0.01109460537490622,0.6208845664111041,0.3599868444674976,0.0018215140554074017
281,5.558396372863484e-11,0.0023870305559872823,0.020256825865666548,0.22155157100779524,0.7411758124779905,0.014628760036976532
282,1.9988217057730024e-10,0.010535470101487171,0.008226110571499716,0.7205613759863648,0.25762727072651176,0.003049772414254261
283,0.00031669032420577383,0.006040002767833286,0.9692252939000406,0.0010783035351290705,0.001953602717304662,0.021386106755486578
284,0.23227288392604925,0.7140570740201276,0.019345159303046318,0.015237907508501292,0.0009503282263763584,0.018136647015899225
285,0.3112782057046768,0.586019311554143,0.07116068812788187,0.02335789662853767,0.0007069906873287853,0.0074769072974319025
286,3.60623050867701e-10,0.01366727689875014,0.008400314703000702,0.6434318315871194,0.3289064689240253,0.005594107526481477
287,0.001811975710642472,0.01024854137982944,0.977803147543414,0.0010654442653875349,0.0007908870442839038,0.008280004056442658
288,5.844739520410936e-10,0.09471679188756395,0.01943857154460828,0.7625206189967744,0.12121253462226467,0.0021114823643148014
289,0.5500042824778183,0.40268227497595127,0.02997324571827157,0.008124267512916021,0.00042364616170582767,0.00879228315333704
290,0.0006590479974093412,0.019007381577824826,0.9706533915386499,0.0011377501329602755,0.0005132560243762547,0.00802917272877931
291,0.3879149207048236,0.5205986095463423,0.06843488902813931,0.01127614741900937,0.0008622322887096415,0.01091320101297557
292,0.13527180055244445,0.835388257444277,0.013740470358356332,0.0071012789135754045,0.00047649218982088196,0.008021700541525865
293,0.005542238661039868,0.024908731514648386,0.9552553361762195,0.0017074095782347632,0.00044106990488365123,0.012145214164973816
294,3.2189541140478456e-11,0.018781408890021813,0.009500366972849984,0.35883695055229586,0.6039693740721573,0.008911899480485501
295,0.8734553237354912,0.08671314581815584,0.027975882073103604,0.004917514994406513,0.00018255738046285162,0.006755575998379999
296,0.003348633849131644,0.019077652562888486,0.9239373449717109,0.002303421148780969,0.0017316737869664547,0.04960127368052164
297,0.0008342559487311687,0.008055079903856167,0.9595948336918381,0.0010099463000041047,0.0010237632157917033,0.02948212093977872
298,5.07952187350245e-10,0.009300641805988214,0.007713641363520775,0.8317999900477462,0.14923966313236892,0.0019460631424238705
299,7.818113616759778e-11,0.011190742699184913,0.013299343329248628,0.6218495001534222,0.3514713500599777,0.002189063679985367
300,0.03913593613111508,0.915341739105548,0.02504600718291346,0.010483094329836759,0.0008797051545967153,0.009113518095989988
301,0.13502031230686415,0.8303044279328163,0.019959840056680306,0.006320411006631329,0.0005290561492358216,0.00786595254777209
302,0.02797180504889268,0.005304581684178686,0.13068060868907555,0.0012940833500721437,0.005686463795129215,0.8290624574326518
303,0.08392143644697148,0.0035246142140135227,0.2409925010661947,0.0024040815529731687,0.0028136212253139507,0.6663437454945332
304,0.5098703490592839,0.3466135918767001,0.08544582230851724,0.0452143773437559,0.001598808577463844,0.01125705083427909
305,0.000623494654678121,0.006973379415109516,0.08282648179428222,0.00029624143994932804,0.01980467326514927,0.8894757294308314
306,0.8409218167181249,0.08911158098639341,0.0522909762308098,0.006357692400512785,0.00023215516801019864,0.011085778496149026
307,0.6407437618387509,0.2851646525185333,0.05054098660915326,0.0147729633260927,0.0004623867762898403,0.008315248931180026
308,0.7054727646901091,0.13730708753931542,0.121902085309506,0.014493408417013225,0.0008769746644064357,0.01994767937964997
309,0.5859275625092568,0.3737845597082462,0.02665256981045065,0.0074773818510189246,0.00016477775200415422,0.005993148369023377
310,0.2587837727130555,0.6982311586879679,0.027823479501808926,0.007211414869382708,0.0005314662634696501,0.007418707964315309
311,7.247288469391466e-10,0.004016731628768973,0.017399144425088345,0.17241644044904614,0.7833953132216631,0.022772369550704597
312,0.850666160672664,0.11485565352935745,0.019787703867189782,0.005016951569097516,0.00031358609710735094,0.009359944264584192
