,proba_0,proba_1,proba_2,proba_3,proba_4,proba_5
0,0.10736274319311152,0.027899348366674254,0.007375581537229767,0.03042896132907114,0.0018252222219611513,0.8251081433519523
1,0.021344193693501785,0.020258761827457446,0.0364049581525924,0.028439069662614717,0.004678724724564356,0.8888742919392694
2,0.04443987193025225,0.026866237286210386,0.8363056026266491,0.028334552087212174,0.004377011333021133,0.05967672473665507
3,1.3434838866568157e-05,0.0038633569369067823,0.05107055654303413,0.4313408993065176,0.5076384746082632,0.006073277766411854
4,0.0081493914384039,0.07057333553557207,0.8903888316738744,0.012282992140860403,0.009269380170901578,0.009336069040387668
5,0.004301504984442857,0.008099026527785129,0.1440944671526015,0.02970941520006503,0.008236687840136063,0.8055588982949694
6,3.5489520347183726e-06,0.017607020204953697,0.2504213022946126,0.19673422379985253,0.5339149054742603,0.001318999274285979
7,0.0030248406404164976,0.03397741217406459,0.8936728347809726,0.020932990401921123,0.018823577317600152,0.029568344685025096
8,0.0038559935801858575,0.010933558178906809,0.1430313840166213,0.035290855576879734,0.006309772101582382,0.8005784365458238
9,1.2882649649526e-05,0.005341057235545686,0.0259109905590404,0.3750850504433,0.5904665154401137,0.0031835036723506798
10,0.8255168590861713,0.12755276488710987,0.024126174892765053,0.0163130922166185,0.0002058372021993315,0.006285271715136049
11,0.02674838893787691,0.0479396623402713,0.878462585307607,0.025737103970443268,0.004890602799706648,0.016221656644094883
12,0.15429472757295637,0.7902345728751551,0.04250209500287071,0.004859956317111324,0.0013165943360881874,0.0067920538958184
13,0.004718773696634524,0.04971451536509996,0.9118337121031098,0.010363407321797004,0.010062263852518735,0.013307327660840059
14,0.394168821373764,0.552027971306846,0.03475511189705402,0.01057545573749478,0.001281156814271932,0.00719148287056924
15,8.094257455189831e-05,0.0037788813102770844,0.09033860552827946,0.8199699981950013,0.07656335742126724,0.009268214970623063
16,0.00897043097651133,0.05069115838517375,0.9014433348657461,0.014062314960865952,0.010823831431685083,0.014008929380017776
17,1.2337435379030785e-05,0.011825882273774352,0.012556261597272937,0.3422370403623143,0.6318693473524326,0.0014991309788267772
18,0.4763721173057669,0.4790528846007619,0.031105073632119236,0.007285736217972237,0.0004992778939310304,0.00568491034944872
19,0.7912101039298715,0.16880241010711838,0.023065350162073995,0.01154519164074522,0.0002250213382084198,0.005151922821982556
20,0.7916000986157703,0.163399927264202,0.027782419638465877,0.010650884381082422,0.0002350862650120628,0.006331583835467382
21,0.01996315999705414,0.02238267540245625,0.025046357957959946,0.02913838284309335,0.0045907339400862,0.8988786898593502
22,0.39593324180315104,0.553206749528878,0.03856787625870718,0.0069761167938508515,0.0005897987759038971,0.004726216839508841
23,4.722055029347792e-05,0.0015038514523988361,0.23828257987462048,0.40810286333011087,0.18307168182242697,0.16899180297014935
24,0.7809339210607258,0.18217075096570803,0.0198431144253584,0.010984645855952995,0.00018325936365933516,0.005884308328595383
25,8.039168984406224e-06,0.010837466103854,0.016770873021344754,0.3461080087612597,0.6240179149408839,0.0022576980036734173
26,0.7858033805580884,0.17830027572576382,0.019160261942234785,0.009580025149361467,0.00019287866882273944,0.006963177955728765
27,2.9443755281765687e-05,0.005332941372067546,0.01694424354610722,0.6786273074278586,0.2956066679058911,0.0034593959927938117
28,0.045439675737184146,0.017899736344179205,0.016261424210022614,0.026967406522598113,0.002999188221014637,0.8904325689650013
29,9.78411769360136e-06,0.012441659716525453,0.012139681478608146,0.37744322698963956,0.5964001150603805,0.001565532637152795
30,0.018196742498023326,0.014146566294779995,0.0700630960665577,0.04739632585331063,0.005501429656768733,0.8446958396305596
31,0.016136494541303614,0.020917164128909652,0.030027708823078775,0.03246829113290865,0.004176058465117872,0.8962742829086815
32,1.9311871130445803e-05,0.010139390814406799,0.03672485052120108,0.500493432198152,0.4510479556550938,0.0015750589400159083
33,1.356614632074935e-05,0.0022327987042832895,0.0359847409596308,0.23019461919419504,0.7222394058060476,0.009334869189522478
34,0.6105600554694798,0.2845682931192481,0.06910489785335301,0.025602730543668628,0.0006951094192440972,0.009468913595006281
35,0.0011596756636107512,0.05129323627539362,0.880070575055503,0.017587003500711774,0.03539336272508366,0.014496146779697293
36,0.015471596067194482,0.012830332599086666,0.05804817186489826,0.04128910488918245,0.003860025813101995,0.8685007687665361
37,0.12895627947377186,0.7905546709016094,0.06663529522289081,0.005676689112474717,0.0015827711606704593,0.006594294128582724
38,6.642486008771996e-05,0.005249488995728886,0.15279429448646395,0.7219030512987819,0.11096626483765641,0.00902047552128122
39,0.006877550165310563,0.02284104195526423,0.07383576027139127,0.03547582813774044,0.006333080536334457,0.854636738933959
40,0.2745868261216283,0.6685605039852686,0.04433401965398099,0.007327678100597027,0.0007967799703452158,0.004394192168179911
41,0.037152578885082235,0.01453355926637101,0.02899577106536571,0.03304613209735169,0.004264263379258834,0.8820076953065704
42,0.00012918648153391094,0.0008570825789450988,0.08905135422855208,0.7739869318198119,0.07788229990928151,0.058093144981875636
43,0.0008858673721345861,0.05803986610659366,0.8560831157796869,0.01889088887996254,0.05090529804476746,0.015194963816854885
44,0.004924390897005216,0.02294900957923322,0.04737742925227223,0.02178537057989518,0.005725848095177304,0.897237951596417
45,0.8164605247567674,0.14155931106474706,0.02242503141068105,0.01241447910663097,0.00023964505363689373,0.006901008607536631
46,1.9561674270960793e-05,0.008530893517364512,0.01730423746840454,0.39097134261250344,0.5809679943574567,0.0022059703699998426
47,0.00015757042788502908,0.0017988280696569696,0.040596786505190455,0.785049531253898,0.14496326719978322,0.027434016543586386
48,0.7535003711375157,0.20937866517472248,0.022613878545488797,0.006286695140030881,0.0006607185378139326,0.007559671464428187
49,3.491031717207913e-05,0.005503823829036215,0.020105717838894588,0.6572838144772798,0.3133433676873801,0.0037283658502371936
50,0.15481437542624732,0.7878478672633291,0.04249510982723481,0.004732506931749648,0.0018729798748266017,0.008237160676612563
51,0.6859935873505454,0.26002306916008683,0.03126951128293501,0.015302143855286795,0.0003803330222220952,0.007031355328924039
52,0.03736769450168648,0.041834756663860946,0.8599875005844276,0.03677736949225014,0.003424679444631649,0.020607999313143114
53,0.005207807440214834,0.037425723756246754,0.904822263547195,0.015287727856972206,0.014453143667334044,0.022803333732037172
54,0.02812536548965585,0.02517111099731884,0.012700573115622412,0.0378298994492046,0.0033641683351713606,0.8928088826130269
55,0.05479478132861817,0.013585165545029674,0.0167934162205016,0.04097801358090255,0.002658571282703219,0.8711900520422448
56,4.473677574809931e-06,0.00850325997659582,0.016831417357131177,0.3520716449548473,0.619843939530536,0.0027452645033149265
57,0.027913996393468934,0.044730037609895225,0.8877325195150825,0.01515985147401429,0.004391751022143382,0.020071843985395712
58,0.005819870319301806,0.042318762235833224,0.9177335636651265,0.01025678717377711,0.007795914757267077,0.016075101848694286
59,0.002793771940889464,0.024937330520573252,0.8871616478542111,0.02796851520509367,0.021825497013680185,0.03531323746555237
60,1.7616422948885144e-06,0.017679974928443195,0.07993198462597113,0.29637695718631024,0.6050392709344303,0.0009700506825502563
61,6.361010623762264e-05,0.0042481353374823555,0.05322267326647217,0.6264061593129913,0.31014569353353527,0.0059137284432814454
62,0.3951213266559637,0.5387349145319789,0.05314223300636846,0.007901697054235067,0.0006732681234223739,0.004426560628031669
63,0.5727596020997149,0.3803302786654747,0.028848352936311657,0.010634670381167452,0.0005824048114145988,0.006844691105916735
64,0.0001017608918537344,0.005973183461677477,0.021064687640948043,0.7059728764657263,0.2613546260787809,0.005532865461013449
65,0.00014716566158245336,0.0018807927860501417,0.14627455346037554,0.7522011109738382,0.08228171903416001,0.017214658083993552
66,0.17176579123444874,0.7742110344676622,0.04066764522587171,0.004934304609701646,0.0014244194631809722,0.0069968049991347035
67,5.228100735141496e-06,0.0075770562809132185,0.11520312390583907,0.29710717589264757,0.5789858746909945,0.0011215411288705225
68,6.074936141734639e-06,0.007781417309195114,0.022299284154452228,0.28581989631107096,0.6813412037130471,0.002752123576092854
69,0.5404774858909948,0.39272532961220824,0.048121504810901855,0.009622334526707374,0.0007012817202949325,0.008352063438892892
70,0.16001480882906474,0.02486638352911503,0.006897590801066698,0.016512094786666057,0.0017560954559457857,0.7899530265981417
71,6.831851867865456e-05,0.0023353769391058986,0.04459429148505641,0.8012530876384782,0.13879918512625852,0.012949740292422443
72,0.030088118974445233,0.03097662963212496,0.8829568982943782,0.022138208225961995,0.004402463803031562,0.029437681070058074
73,0.2285121135435721,0.6895010464661723,0.0678785920287817,0.007454636777044344,0.000865806808259188,0.005787804376170274
74,0.3239275486649107,0.6020294828797751,0.05544600328335513,0.010016496128922935,0.0014736809457340245,0.007106788097302213
75,2.891445092939607e-06,0.005962368061707323,0.04801969465160504,0.35455478267873386,0.5897338619781326,0.0017264011847283088
76,0.7765217986744973,0.18761043843651606,0.020734710815730504,0.007793624763373116,0.0002198530717532343,0.007119574238129752
77,3.046470432470461e-06,0.008831453702371827,0.04029098496563198,0.36280116233257703,0.5869580228407194,0.001115329688267348
78,0.7482523681147515,0.21655765777635877,0.021770303155800242,0.006197543452819505,0.00044554072047723746,0.006776586779792802
79,0.22177171378256452,0.6679179179691689,0.0828874598802659,0.01505527862479568,0.0027164544007466534,0.00965117534245839
80,0.7405127911537251,0.21843315797024096,0.025790859289621364,0.006875240978581414,0.00041594363800636275,0.007972006969824865
81,0.8226481687089497,0.14250340299076072,0.017722955278571588,0.010723767835606857,0.00020985313663800934,0.0061918520494730666
82,0.7095651833924252,0.24921244666094072,0.020967817660008953,0.014475812309541747,0.00028877919291213426,0.005489960784171261
83,0.7872566695298313,0.16285314223681785,0.025449671555435777,0.01702014190674799,0.00024300059521650962,0.00717737417595045
84,0.009835102853146007,0.02258780580796047,0.04878116292112582,0.04096600331710969,0.004852964916562078,0.872976960184096
85,0.8329938173408153,0.11857937072137806,0.030121539101933326,0.011834143293586327,0.00020766315133041865,0.006263466390956412
86,7.460090440665471e-06,0.01646645867986272,0.0978197587591652,0.28487749788215416,0.5996908716020969,0.001137952986280461
87,0.030952238602096557,0.01633392916868497,0.025693625231670566,0.04270504327307074,0.003929601260792207,0.8803855624636849
88,0.29777723747304835,0.6512130200546274,0.03631296793754973,0.0071646336152041785,0.0007011090067445343,0.006831031912825707
89,3.7776639934888147e-05,0.006929146709648415,0.01973950953407934,0.4234970952157082,0.5472255138140919,0.0025709580865372274
90,0.6800716585503584,0.28048886338701295,0.02480713510173072,0.008172226190570344,0.00032959503582414673,0.0061305217345033105
91,0.002550820669868087,0.015505022092215815,0.45195977807593307,0.4407364758752189,0.04762127965987058,0.041626623626893594
92,4.692726432399963e-05,0.00387618979229754,0.023318365326814874,0.7242290947163464,0.244015330751812,0.004514092148405087
93,1.0510129241509316e-05,0.014529187835006042,0.04896409073484339,0.340089999719187,0.592352288118575,0.004053923463147094
94,0.8119043253115213,0.14282646948771432,0.02661016294535351,0.011569083104841013,0.00017872595471921706,0.006911233195850645
95,0.045631757220014155,0.02837176675764785,0.8504811801399611,0.030902321115200835,0.004470053180248721,0.04014292158692716
96,0.4511427441406917,0.4758279806291289,0.05240761073335189,0.013081867679665137,0.0010468721875550153,0.006492924629607418
97,0.23723574545504025,0.7078197741225877,0.04572964536239718,0.004063413143431552,0.0007623823267412271,0.0043890395898020925
98,0.06953940175855924,0.04722223457053528,0.8091216036078233,0.03600771825734682,0.0031833637262867944,0.03492567807944882
99,1.8340710185387956e-05,0.027691825354811184,0.43068448550089694,0.08741251858801949,0.44005409734324424,0.014138732502842916
100,7.82968744223945e-05,0.0032617985561986316,0.06032326015892712,0.7631036479307247,0.16646815838671156,0.006764838093015649
101,0.0057081767696305465,0.06351200404099674,0.8857029302021621,0.018810633031312217,0.01129975023033745,0.014966505725561081
102,0.4058752693596714,0.538174513655033,0.0384679149645689,0.005198905455876288,0.0006191781849902513,0.011664218379860427
103,0.13807529668186203,0.039530326110817256,0.006469789359143526,0.03761123168586704,0.0018824314281574426,0.7764309247341528
104,0.007164610891839288,0.040913005435137074,0.915132998164638,0.010698112922764243,0.009869444770696083,0.01622182781492542
105,0.004092718324398533,0.044359846110434226,0.88764530304246,0.01967307757820406,0.020388541371002235,0.02384051357350091
106,0.002825528482804723,0.04930638586602313,0.9030734693388669,0.012509456358589445,0.019905230945554395,0.01237992900816144
107,0.016099812227580248,0.03634251975012508,0.8934722153341047,0.019595461624585683,0.006365388335273633,0.028124602728330637
108,0.6875274766338711,0.2634356040248472,0.032532634504241834,0.011714991245622499,0.0002536689980741028,0.004535624593343318
109,4.771988271806094e-05,0.015840636378218496,0.011649224562966406,0.44564045745195346,0.5215750280954703,0.005246933628673484
110,0.006325170367361859,0.006354561544568214,0.07109990329980562,0.03788335785324479,0.004432310853173966,0.8739046960818455
111,0.004274123352155761,0.01889976189009202,0.7520358273926722,0.1028433968760968,0.028404742641659653,0.09354214784732351
112,0.03906257640903773,0.016604626206190173,0.017775027208526226,0.038702289415678146,0.0029324051589164806,0.8849230756016513
113,0.00012784447319914735,0.004564684295592622,0.05391258881008405,0.8127237929983298,0.1191753413705182,0.009495748052276242
114,0.26845979923583485,0.6283548108120114,0.06595924638253824,0.021293898380135384,0.0032721299455761993,0.012660115243903945
115,0.3827664465644201,0.5688919893259745,0.03018338162958491,0.010096119328293518,0.0007898433140501977,0.007272219837676657
116,8.569124058873951e-05,0.0024336289824455327,0.01097033894460934,0.5929488488363187,0.3812905756004498,0.012270916395587939
117,0.004575877259077189,0.05311960542317898,0.8965687116103299,0.013715973389199882,0.017236539378282588,0.014783292939931462
118,0.4614078165411753,0.5000400519183535,0.021283892506509187,0.008718214292525011,0.000694929509779013,0.007855095231658055
119,2.5408546003138435e-05,0.004266146169317872,0.04143103374320087,0.08029161533851331,0.8529237221584182,0.02106207404454666
120,0.0005909568168224426,0.03070883475714544,0.797928698104197,0.047267867997133006,0.09216041450448066,0.031343227820221434
121,5.487544633005915e-06,0.012128024086356003,0.03349240865808559,0.35779916115106764,0.5953119051307479,0.0012630134291097936
122,2.8446949053407973e-05,0.005841704043784215,0.11041830863062989,0.4752475878275529,0.40293300547439825,0.0055309470745814274
123,0.006169584835600142,0.05309723352583367,0.8912997382064597,0.018243755542438237,0.012549356066049991,0.01864033182361826
124,0.8011182012230161,0.1409729710458597,0.03168695932601592,0.019204209771901706,0.00021375034863198845,0.0068039082845744205
125,0.7984975175212127,0.15997676806553673,0.022846648766317156,0.010825564998386815,0.00027554096775241033,0.007577959680794193
126,0.3239275486649107,0.6020294828797751,0.05544600328335513,0.010016496128922935,0.0014736809457340245,0.007106788097302213
127,0.49063916903560323,0.4279020486959061,0.04645056794005836,0.024189990535225688,0.0012616862958678913,0.009556537497338733
128,0.44497481778682063,0.44024278300584724,0.08777350091242195,0.01811380435184933,0.0011574049729092862,0.007737688970151547
129,0.20597412520009245,0.7348566023418421,0.048361513589913876,0.004120531678893798,0.0008347182794390203,0.005852508909818787
130,2.5574855056170575e-05,0.002729082769549216,0.055469150479406766,0.6076327685045272,0.3308552978994729,0.0032881254919878223
131,0.22152072575751636,0.7408227345400396,0.023528845182351436,0.0051583907723878305,0.0013336996063649778,0.007635604141339801
132,5.684017159486968e-06,0.025774729916073894,0.3606554507488559,0.10940170310414614,0.5031082034941103,0.001054228719654282
133,0.2129438203123279,0.7312566008186908,0.0441094067370576,0.00529522011645769,0.0009039001356284796,0.005491051879837553
134,0.6890589088444591,0.2587632256098164,0.03373008689418551,0.009594145926089863,0.0005427114576902788,0.008310921267758817
135,0.8345694055150981,0.13060928462324123,0.016616001124510917,0.01177256282805218,0.00027126459201462575,0.006161481317083107
136,0.6577002750953702,0.2882592824554427,0.029790308492328235,0.014545871113121197,0.00047920757557634125,0.009225055268161364
137,0.00887380291248858,0.011568493792715484,0.050995122761997,0.03025683073878587,0.004502124683918211,0.8938036251100949
138,0.585877762408827,0.35630493329143187,0.03557948472221858,0.014984094911158187,0.0012022412829721472,0.0060514833833920905
139,8.004511445342434e-05,0.017180379511223292,0.28621407259258286,0.20915233799513858,0.4814389000226317,0.005934264763970066
140,0.024118362004136883,0.019476358359115865,0.029074980818738563,0.03574047689666019,0.004183343983620408,0.8874064779377281
141,0.7638983320743521,0.19753563518371958,0.019121257209397276,0.013621731898201908,0.00023911080823903224,0.0055839328260901076
142,0.7900862686476343,0.16458364464750058,0.024325516725956946,0.009139936143206247,0.0002998589291100683,0.011564774906591866
143,0.7652884956007422,0.1739501000098469,0.043298270550921836,0.010785156427108006,0.00020592834876112588,0.006472049062619689
144,0.7841586054942529,0.17474245420789497,0.02302260771560907,0.009345076665268712,0.00035042894947172305,0.008380826967502622
145,3.4725962345972956e-06,0.0068324292395885965,0.07889956904015913,0.27353898850681435,0.6394064053534486,0.0013191352637547007
146,0.0029641246160774606,0.03394397133056919,0.9227871411667199,0.01308941616467653,0.010932993104364358,0.01628235361759261
147,1.851513872865473e-05,0.008660383133105434,0.012191447120082823,0.5332139377020084,0.44341218694316614,0.0025035299629086686
148,0.017129886078720298,0.016917700528139956,0.04835311695535872,0.05697172311148978,0.004581871545325425,0.8560457017809658
149,0.01804032317679564,0.023565964094335905,0.029431469616198386,0.039983772430235445,0.004997377176245253,0.8839810935061894
150,0.0003271929482119736,0.001529156854968674,0.08356966085863475,0.2373639283939009,0.6044063936775546,0.07280366726672903
151,0.8129524804148743,0.1510322793678867,0.019288604349589254,0.00970057914995922,0.000263016905860341,0.006763039811830024
152,1.1810415501932006e-05,0.005491969916527059,0.02867139177556915,0.37871385351987585,0.5844992197992034,0.002611754573322681
153,0.7818438810173829,0.1852657664459577,0.017002611001720916,0.008247126168024628,0.0002674535611223236,0.007373161805791378
154,0.7850422748843074,0.17517944981656916,0.021063086166915324,0.012446329928425762,0.00025275944752593197,0.006016099756256171
155,0.8014690603588097,0.1603644613210669,0.02084359177179879,0.011843096087261517,0.00021945853663257652,0.0052603319244303
156,0.00986524671529057,0.03341571967240749,0.9000636941018666,0.012982984154529463,0.005270523963397001,0.038401831392508835
157,0.04381368734956011,0.019131041907340853,0.016691377811723224,0.035170122670657,0.0031115940364406726,0.8820821762242781
158,0.018654135189804424,0.030396004239242554,0.9083777993073795,0.015872262719784997,0.006122396336675868,0.020577402207112624
159,0.21286821639630102,0.741902585421967,0.03284687420918893,0.004092679505468188,0.0007626612310708146,0.007526983236004078
160,0.04520980301021702,0.030549830122084426,0.007003415531038486,0.043407598520153134,0.0031992195275574614,0.8706301332889494
161,6.407276415583528e-05,0.005000304747566346,0.26752473603131505,0.0755640703429779,0.5309863154658484,0.1208605006481364
162,5.781957217281724e-05,0.0024007107326691713,0.26152658622725994,0.6251203085620147,0.09377792105685484,0.017116653849028315
163,4.929458089814295e-06,0.01096241505306946,0.12085682257023192,0.26070774662819457,0.6062478309080636,0.001220255382350823
164,0.012727646150247459,0.018554807308568663,0.030795218436080775,0.024292869589340963,0.003964964260394921,0.9096644942553673
165,0.808940357565279,0.14356847125587244,0.02566605237897207,0.01589898100001139,0.0002323139809920969,0.005693823818872972
166,0.278625888978949,0.6436839458740167,0.05220756583648169,0.011078546131647002,0.002451885093582101,0.011952168085323527
167,0.0030111625567773638,0.031177932768658177,0.9205612434293244,0.013991458241133509,0.01570209950186844,0.015556103502238251
168,0.020120992844095326,0.027778333653395253,0.8948599965032642,0.024523499539644816,0.006360683474994547,0.026356493984605874
169,0.011715215384655406,0.031523130888808454,0.8987572410275859,0.030584450924753842,0.005526832072738845,0.021893129701457428
170,0.8047193095824184,0.14625598838846873,0.028824155193052464,0.012886139982231168,0.00028468083738299464,0.007029726016446425
171,3.4241060723375905e-06,0.009313279089857957,0.030621845166436196,0.17721350995533797,0.7791888584172466,0.0036590832650488367
172,0.057116385799920455,0.012481357384761204,0.028916738642464728,0.0361462289930199,0.0036268936230694077,0.8617123955567643
173,0.7756008490185601,0.1731209666718184,0.028621426880043172,0.015768288567631444,0.0002628374845266327,0.006625631377420187
174,0.0813755736796015,0.035826260472318315,0.8015459967526346,0.03853125246292194,0.002603646185841488,0.04011727044668227
175,0.009522054358694652,0.04132335879672245,0.9024298622832925,0.02077979236787787,0.009654734124729957,0.01629019806868268
176,0.0060057262416133685,0.013816863776366917,0.07443590849091383,0.03897245370353286,0.004577208531920428,0.8621918392556527
177,0.011229164174807663,0.008747258615958759,0.05971924139048723,0.03746045383534218,0.004493818493613437,0.8783500634897906
178,0.011616077690390286,0.010910356789977572,0.07496864305367605,0.03788841292997583,0.0040771576620662175,0.8605393518739142
179,0.005832526967599178,0.03957145592179251,0.8993837561040144,0.018781839931704663,0.013189235096893157,0.02324118597799603
180,0.0426778525577462,0.01174971763662477,0.02511502987849365,0.03386922673457935,0.003127496997485601,0.8834606761950704
181,0.05433477029749985,0.015667620535776937,0.013630456461932948,0.03892681772312369,0.0023056496184807526,0.8751346853631857
182,1.2226214892216075e-05,0.013530728598145204,0.01113329526081733,0.37206237499453765,0.6018761730360097,0.0013852018955979027
183,2.9164304175374003e-06,0.00356306893355831,0.05043788913387179,0.1439395234007248,0.7954106457292254,0.006645956372202161
184,0.12289601505815072,0.06288710707092894,0.7263623824920042,0.03666800645253759,0.003861376835470912,0.04732511209090771
185,0.00523260058956304,0.020404314823485672,0.10225638473646313,0.037931746568380297,0.006239836421984864,0.827935116860123
186,0.0008748693473903854,0.0006944701461125043,0.18687596832694658,0.7143687490454199,0.05887456809118997,0.03831137504294058
187,0.12923171733375566,0.8027148807948339,0.051800305073209804,0.006485995966340282,0.0015652300808838727,0.00820187075097639
188,0.03056741340925695,0.01169910298384653,0.03424253639439748,0.034553455252959976,0.003321191582721759,0.8856163003768174
189,1.063567345851806e-05,0.006162588314169894,0.0350150211955109,0.5545084924086138,0.40132701035557455,0.002976252052672466
190,0.0011596756636107512,0.05129323627539362,0.880070575055503,0.017587003500711774,0.03539336272508366,0.014496146779697293
191,1.9561674270960793e-05,0.008530893517364512,0.01730423746840454,0.39097134261250344,0.5809679943574567,0.0022059703699998426
192,4.077795759820788e-06,0.006822924994820083,0.02859745383523822,0.2866727423348029,0.6751413182178522,0.00276148282152681
193,0.836628689618003,0.11733544978749517,0.030113169702995123,0.008655906606179197,0.00016576626411137765,0.007101018021215903
194,0.01496113420110026,0.06190839642810336,0.8742243086701462,0.02235987616255802,0.007080869568872083,0.019465414969220107
195,3.4166270716739313e-06,0.005037467716420741,0.025612174868525826,0.1975457180811454,0.7665831895852342,0.005218033121602006
196,0.727858677703981,0.22160048435035903,0.02365756514839688,0.020662280787691147,0.0002720364194089294,0.005948955590162879
197,0.7823372470045407,0.17924344145087254,0.022377899849412526,0.01046840262437674,0.00020694237720812525,0.005366066693589489
198,0.0011596756636107512,0.05129323627539362,0.880070575055503,0.017587003500711774,0.03539336272508366,0.014496146779697293
199,0.7149481384055207,0.24026302204004488,0.026376721175795766,0.010948651180290935,0.00041478217298600154,0.007048685025361588
200,0.25801890565863844,0.6667713969124621,0.044066009634245194,0.01759829314126856,0.003770952094529296,0.009774442558856499
201,0.7748290590219088,0.18271638046647576,0.023728834155839672,0.011134670031055203,0.0002907784209854945,0.007300277903735184
202,0.05629898351743372,0.021585483831858453,0.006468743859620564,0.036022434331804784,0.0021660021555842865,0.8774583523036982
203,0.824529814273492,0.1393322767404378,0.01936321529028518,0.01070694458616938,0.00017779347465493052,0.005889955634960618
204,0.7840714560013776,0.16738163625189134,0.02587334673901624,0.016674306527818466,0.0002199775394236282,0.005779276940472824
205,0.035887590348468036,0.018853002046773197,0.01701788274669246,0.03983345466857494,0.003050660513163042,0.8853574096763283
206,0.006354722672988389,0.033384179968874717,0.8800669376457178,0.019120937581671316,0.015073134097168352,0.046000088033579564
207,0.03327542263017432,0.012123887091242446,0.01997597003079842,0.04495639009680833,0.003485057998740465,0.886183272152236
208,0.0025622833842760097,0.027550935001998175,0.8901691150829566,0.023048823054149833,0.02376319572160463,0.03290564775501465
209,0.2965421915364317,0.6393671712992258,0.051016928799878486,0.006233153875881545,0.000796047944935571,0.006044506543646785
210,0.00783375686013247,0.08893609839454693,0.8585316442092185,0.013618796697365166,0.01297384188461766,0.018105861954119323
211,0.623509159935107,0.29931453296197663,0.038250867822802875,0.029840250171680897,0.0004914984867563767,0.008593690621676212
212,0.006947221631852622,0.008295739257131706,0.0744147474396515,0.02989210500166807,0.004347413485629999,0.876102773184066
213,0.7508160411686821,0.20385569378444918,0.028177377906068165,0.01156837314949163,0.0003925870722144572,0.005189926919094414
214,1.2258404926231956e-05,0.011660211521107376,0.26235032341231357,0.09359626787869577,0.627621820375658,0.004759118407299175
215,0.3822440491218708,0.5733769163238833,0.02951697473288489,0.0056766529638602225,0.0006389851758018604,0.008546421681698793
216,0.00963215296706777,0.014260407742869248,0.07187245045901099,0.03102166747627493,0.006042348295487127,0.86717097305929
217,0.21645488079332648,0.736849725240602,0.035541173293362725,0.005367428395803382,0.001359557530969004,0.004427234745936437
218,0.015255328012311565,0.024332270844140764,0.026781291796234282,0.04413598138923139,0.0038635488437827885,0.8856315791142991
219,0.011667904840119859,0.011470089416529378,0.07331295698572692,0.029582603028750976,0.007257143069741162,0.8667093026591316
220,0.8163345454986337,0.13458934636345932,0.02709858327590218,0.015154518500441477,0.00019197108739667433,0.00663103527416642
221,7.622206473179823e-05,0.0023091167203909977,0.2626221730869644,0.4636276361188548,0.20728882897619286,0.06407602303286526
222,3.4970810107898345e-05,0.005446063457319731,0.024413505610410488,0.6822306486594197,0.28589750180409695,0.0019773096586451146
223,0.014751831841237576,0.043211201289364655,0.902751640746458,0.015132293505479745,0.008030312035745031,0.016122720581715048
224,0.6367124682494715,0.3130260137633516,0.030035282663311694,0.011748033410607086,0.0004593284851453598,0.008018873428112855
225,7.232027005402375e-06,0.014083079394527177,0.12486386709735865,0.3310286755209184,0.5248018629066031,0.005215283053587205
226,0.017477551849420823,0.023243817269220392,0.03135498338677071,0.05196798914106009,0.004724491625669352,0.8712311667278586
227,0.0005201521035944625,0.0008757967482714183,0.10594026359731197,0.2654738505872033,0.5613690197219671,0.06582091724165184
228,0.1981861244094443,0.7449740320236518,0.04036972983307245,0.008507101955996901,0.0014280203965868026,0.006534991381247829
229,0.08535013873911335,0.017471727003663666,0.008049171631760294,0.03646960146023778,0.0025523623128546986,0.8501069988523702
230,0.0022978771573064567,0.03295715179415325,0.8932995881338402,0.01912815953466411,0.024781726568865785,0.027535496811170176
231,0.010367411483625969,0.016238911356899206,0.0561215477580298,0.04465041455875628,0.0047091721063379915,0.8679125427363507
232,0.7087519821605394,0.2527315722903561,0.026204838794931958,0.007194926133623177,0.00020985400685319188,0.004906826613695948
233,0.00014147278330484765,0.009975552131337977,0.015964088769540308,0.5418445527202548,0.42719518820777075,0.00487914538779123
234,0.001667552551571973,0.010392546946190172,0.8273564196366916,0.05229852323375693,0.03457466284786918,0.07371029478392019
235,0.299257186237247,0.653386793936118,0.036586916589181694,0.004958331188923305,0.0005332756194640548,0.005277496429065973
236,1.989627979035017e-05,0.00646513108778799,0.029968761457973957,0.5629045993512287,0.39906113546381927,0.0015804763593997343
237,0.7856181821576846,0.17903791885080073,0.01772060920862505,0.011774035665048237,0.00018843306331692948,0.005660821054524367
238,0.0299833299062546,0.015815609428704854,0.03325561790966765,0.052927931363068906,0.00404600844965098,0.863971502942653
239,0.025352274633915716,0.018350706712617217,0.015859643539560608,0.04624573596885163,0.003024162227628776,0.891167476917426
240,0.7687798541612424,0.19305410348336588,0.01946317992886148,0.01013289126710576,0.0004782465516395308,0.008091724607784845
241,0.8322156245144219,0.13096595014055956,0.021138134313110995,0.009079084915378219,0.0002062934229149684,0.006394912693614555
242,0.37643755865640116,0.5020893761369287,0.0858509198157039,0.018016574086218807,0.003310199268989313,0.014295372035757852
243,0.027503700807863286,0.03303455148664672,0.8878862360839765,0.02551041814586312,0.005711735340056095,0.020353358135594135
244,1.9561674270960793e-05,0.008530893517364512,0.01730423746840454,0.39097134261250344,0.5809679943574567,0.0022059703699998426
245,2.5574855056170575e-05,0.002729082769549216,0.055469150479406766,0.6076327685045272,0.3308552978994729,0.0032881254919878223
246,4.2606164176477865e-05,0.002110270902238215,0.02430045119208196,0.6124218918938178,0.35156777601022904,0.009557003837456453
247,0.7710706301916491,0.1928184870767986,0.01826246936361994,0.01242884373892183,0.00018924307766116254,0.0052303265513494405
248,0.3374860510635865,0.6129984550119675,0.03134491198592079,0.010258247006598388,0.0008633452887993405,0.007048989643127669
249,0.00020348185411089931,0.007398884115295977,0.23696941347300166,0.45129388495547273,0.2966171223998072,0.007517213202311445
250,8.121692481969172e-06,0.010022086843454493,0.050678530292724205,0.3424169666699502,0.5957622760613729,0.001112018440016282
251,0.009159382806964537,0.04388240035471691,0.8833398545716336,0.025956252832356624,0.00904919667240814,0.02861291276192033
252,0.0002594608299576848,0.010132128004414572,0.04083917746724096,0.46918354624063524,0.47312287257327995,0.006462814884471564
253,1.821598206309727e-05,0.013912243602172681,0.029016848281267497,0.2893183880509239,0.6658257613867242,0.0019085426968485982
254,1.8201067244432452e-05,0.010393194347228452,0.32676635746042637,0.10945436912756348,0.540650556615549,0.01271732138198841
255,0.007799582496208213,0.045928719482863783,0.9029081935681507,0.015596930346060378,0.007113459131541968,0.020653114975175014
256,0.002044392760389619,0.029224728878963966,0.8575180038148367,0.023077903920868906,0.048358784171392916,0.03977618645354798
257,0.8090634278387024,0.14524029424542764,0.023954223923430724,0.0162013160566903,0.00017186573208551948,0.0053688722036633425
258,0.3017961214734987,0.6532125183834969,0.02581154681366321,0.00818384189751462,0.0010992021578560501,0.009896769273970466
259,0.7371258009967298,0.21581961932046734,0.03132799836079941,0.008447070957523702,0.0003785190071578217,0.006900991357322202
260,6.624696635226309e-05,0.0038248463488361464,0.020264564173923656,0.7118361833909362,0.2569830230021505,0.007025136117801338
261,0.18108617476846287,0.47289027994710786,0.30935653179583145,0.01972001491644586,0.0040067398200067696,0.012940258752145042
262,0.01700596257327546,0.010055370587970553,0.06565618078285756,0.03409555884786004,0.004109772043602358,0.8690771551644341
263,0.7545223010862526,0.2019412133928872,0.025953650492561042,0.011092848160985262,0.00034294522984357385,0.006147041637470215
264,0.030852001007634196,0.013543674601028129,0.02051581982937365,0.04177898391918744,0.002618281886205317,0.8906912387565713
265,7.926515536784424e-06,0.0074725869030881475,0.056741708549615875,0.4798542727150654,0.4542179915506949,0.0017055137659987448
266,0.009607703077616174,0.027885573941262842,0.9153778415080279,0.01665506696603514,0.009708677776495074,0.020765136730562885
267,0.0017413869638442014,0.030348518791222075,0.1681177704357208,0.04673276969790713,0.011371137525503082,0.7416884165858026
268,0.22857783397229844,0.7023854495463229,0.05094701346792221,0.007546168002003497,0.0013244471908130195,0.009219087820640074
269,8.04143775016313e-06,0.009545550571429653,0.032414567507884726,0.25800902072962295,0.6981661364916307,0.0018566832616817924
270,0.03625545358438556,0.029044157896074382,0.018357177737684145,0.03826371383716183,0.0042690968802184485,0.8738104000644756
271,0.00010374302836109887,0.01334935276865617,0.09691901817552569,0.48723358731914096,0.3990890624690833,0.003305236239232821
272,0.009940508586695119,0.03897286281883957,0.8883714795279183,0.024437357302678972,0.00731054434266289,0.03096724742120523
273,2.37616776360528e-05,0.005357519592654555,0.027073010268987122,0.42795000427565905,0.5366307074264326,0.00296499675863068
274,9.78411769360136e-06,0.012441659716525453,0.012139681478608146,0.37744322698963956,0.5964001150603805,0.001565532637152795
275,5.860529662765117e-06,0.010743727256345084,0.016393527214271095,0.36882009403882887,0.6019261667057482,0.002110624255143965
276,0.000255965212549041,0.008613534273594514,0.062055084610544244,0.5538573016436177,0.3351662531949811,0.04005186106471353
277,0.7970330764626733,0.1639861594302818,0.022719059020788433,0.008681947494651045,0.00019919594532117276,0.00738056164628417
278,2.9381757501332006e-06,0.005210862705721809,0.018312769481041973,0.2696512742425889,0.7044069648194053,0.0024151905754917864
279,3.417029532160776e-05,0.0027192899254216063,0.0800041187564547,0.5953723295309638,0.31944880877421516,0.002421282717623137
280,1.0690086891055033e-05,0.008176905407665394,0.04822803205958694,0.46046918815576243,0.48143840858238385,0.00167677570771024
281,0.0001352139042660736,0.000619594601703898,0.1155086598619507,0.6377943747488628,0.15407554159784842,0.09186661528536817
282,2.5579194956400016e-05,0.006278315754738271,0.014878844849201867,0.6125021566318811,0.36316082798383875,0.0031542755853835847
283,0.0012516462728948952,0.042042261367348774,0.8798792022923899,0.013984076423045095,0.04355916442288499,0.019283649221436484
284,0.4596471740357475,0.486076517812226,0.031302779111563095,0.010230070142809331,0.0012856449813663795,0.011457813916287824
285,0.36780057781637315,0.5773288762886902,0.037994970403022084,0.008798806121865973,0.001082222209379714,0.006994547160668776
286,6.780129567152985e-05,0.00548468298756738,0.012399829428057015,0.6662309994699493,0.3110522855108191,0.004764401307935552
287,0.009099775078819974,0.042067355574226625,0.8978246286409065,0.022127852167105017,0.007195462003003256,0.021684926535938554
288,0.0006444912670171176,0.00418055326453457,0.031699353949262016,0.7549248803742061,0.19930917021809025,0.00924155092688999
289,0.5590769558122433,0.3995255243708405,0.02686983358413941,0.007468326677370446,0.0005557179543002098,0.006503641601106181
290,0.007676952845025944,0.04472034912521319,0.8973538672560695,0.017882417820569974,0.014994830779330266,0.017371582173791037
291,0.3879015332466882,0.5602019645184366,0.03445554247435851,0.00878030190869917,0.0011290232598356548,0.007531634591981871
292,0.2653301550765552,0.6819016022044825,0.04356537482730945,0.0034332946990904656,0.0006210877506509892,0.005148485441911318
293,0.0148096259808807,0.06571391487337915,0.8840180199536601,0.01368916605225147,0.007608954660514101,0.014160318479314366
294,3.986269046250042e-06,0.005142871377332699,0.030468127837771537,0.35002491035557004,0.6116778805005428,0.0026822236597366924
295,0.8154104835646698,0.14632797397896757,0.02024435607709173,0.01217469570316417,0.00021449301731694728,0.00562799765878974
296,0.05321110108484089,0.055555116751845594,0.8029711092675,0.019335744869656515,0.0069939790639472945,0.06193294896220973
297,0.027182213739018107,0.035544082015303055,0.8686024712212732,0.03364029757976727,0.005432364490796566,0.029598570953841843
298,6.155021929878445e-05,0.005595741226168662,0.0394521610196591,0.7277278346846278,0.22398116018076988,0.003181552669475755
299,1.2804754688965253e-05,0.007160284583392032,0.011607682265360929,0.4315954084595944,0.5478057161801803,0.001818103756783579
300,0.10327433830920275,0.8400037677073932,0.0470892993695501,0.003005763168866982,0.0010973623153792324,0.005529469129607687
301,0.22719295322506614,0.7171456144611777,0.04565955168871663,0.004392274564841858,0.000628747435555615,0.004980858624642171
302,0.06130732540172989,0.027363570005749068,0.008400740448123925,0.027500222866812203,0.0022780024391649825,0.87315013883842
303,0.10310441508085992,0.028986503368696504,0.007367678105226775,0.03604139914469413,0.0020709554841604237,0.8224290488163623
304,0.480907435266472,0.3785762087090444,0.0926562194645504,0.035720739408984764,0.0014237443898707765,0.010715652761077618
305,0.013332326984865913,0.011087802514174041,0.06286676521560641,0.0377291281031502,0.004225575066990792,0.8707584021152127
306,0.7741970753755716,0.18831888084672693,0.0195918865348456,0.009093604270748259,0.00035078170035865246,0.008447771271749146
307,0.5502985611132254,0.39671828456008196,0.03376763870550213,0.01073039558174655,0.0007381313026301092,0.007746988736813746
308,0.5826982666679229,0.35618037750525794,0.029205961985467814,0.015398829267124678,0.001258955930328563,0.015257608643898178
309,0.6081178581900668,0.3280800711258864,0.049903893911944684,0.008500874798759541,0.00045779232107826516,0.004939509652264401
310,0.33774867138918396,0.6177195128049687,0.03210919734337802,0.006304862653905946,0.0006468816011998194,0.005470874207363351
311,0.00029840844220515726,0.001572966892326302,0.06787450404515415,0.8036719266170855,0.06428673176652572,0.062295462236703174
312,0.7644614959018318,0.1853843490889804,0.024740442142212337,0.017204582565362708,0.0004356489407078912,0.00777348136090491
313,0.3988802731915155,0.45369675590608755,0.09651780041929638,0.020961928488864703,0.006546902161797221,0.02339633983243869
314,0.0008505249498280432,0.06667755162173616,0.8653819134817089,0.011892913700996629,0.045214479396869345,0.009982616848860988
315,9.389336355490782e-06,0.0070336399308767,0.02417154609664122,0.3912731112325685,0.5761192641051756,0.0013930492983825963
