,proba_0,proba_1,proba_2,proba_3,proba_4,proba_5
0,0.25072543353212084,0.003059126320649078,0.03651959935169035,0.0032202524805727863,0.0276413714485218,0.6788342168664451
1,0.04035827701331747,0.00428244442429033,0.08028431797170164,0.006663313351372703,0.014425945411672724,0.8539857018276452
2,0.0010036823476821846,0.020962850310544477,0.8798979801849413,0.006850760292918917,0.0007335628057220573,0.09055116405819116
3,1.2883207143341981e-09,0.005838240991107883,0.004252445768181382,0.31387028024766017,0.671481444953824,0.004557586750905823
4,0.0014625824913213259,0.010586349671648636,0.9511600158563664,0.009828799567243673,0.0005166869139500105,0.02644556549946986
5,0.0013864621473926272,0.00892370285563077,0.06561600406251158,0.017623755915965822,0.012861796766109093,0.8935882782523901
6,3.727429070116852e-08,0.006917982740327805,0.004566974630541778,0.3693853209633937,0.6146890740860785,0.004440610305367535
7,0.00015785190294680988,0.02586743062573318,0.9342764842746646,0.030198312875325508,0.0015794359052498396,0.00792048441608013
8,0.0027700362029689776,0.004311960343383729,0.09661800155369497,0.015721521675280563,0.012450496560480398,0.8681279836641914
9,1.1688685527742865e-08,0.008384357568532785,0.002814127551465177,0.23069619901020202,0.7445957605680718,0.01350954361304275
10,0.8813095475701751,0.09338469550740708,0.013067032807692142,0.0009755309324038499,0.00512218433064559,0.006141008851676329
11,0.0014619322820017984,0.016526129972299172,0.9467322423837801,0.006464544489515811,0.00135606952477683,0.027459081347626323
12,0.050134498890442025,0.891646889040232,0.03274362545160537,0.005273824378517011,0.01136955794154162,0.008831604297662122
13,0.0003171060063334377,0.01567648777413424,0.9334219012587776,0.011951871369257495,0.0009726109477129037,0.03766002264378433
14,0.25293630518309124,0.6985009401996701,0.018304157887638086,0.002823286455434523,0.01930025796362814,0.008135052310537827
15,4.866245272888799e-09,0.0026546814361582335,0.02285969561274732,0.9238814063313293,0.044073396675346696,0.0065308150781732245
16,0.0003814730201879323,0.026457773270835514,0.9410601982185752,0.012733574645133743,0.001221150734750099,0.018145830110517635
17,4.3333402167311177e-10,0.06570135700818566,0.015446469973624349,0.69891139605135,0.210868344142491,0.009072432391015142
18,0.4020917335140109,0.5584942369664063,0.01781228405462103,0.0017598070424369946,0.011658408073945534,0.008183530348579214
19,0.9019913915573518,0.07579079774617088,0.01070092892194573,0.000981228588619264,0.003930239435960201,0.006605413749952067
20,0.8722147403663194,0.10224035990508669,0.009144234997662093,0.0010171946828810767,0.0056760636111310775,0.00970740643691972
21,0.06781825254543317,0.004153488790198166,0.017694942861052283,0.009130371632439389,0.01571203062832836,0.8854909135425486
22,0.3858937272160314,0.5735036701404971,0.02457996553565573,0.002992128266835016,0.006324155869908602,0.006706352971072194
23,2.3521157423931245e-09,0.03693846452266674,0.012107730386792893,0.4765814925640379,0.3679979577059783,0.10637435246840829
24,0.8657072068306769,0.1139319761546375,0.007705377184709996,0.0008850599191152584,0.004210471921877492,0.007559907988982924
25,1.641764502063743e-09,0.026481014282522298,0.003734144096739236,0.29262769099517605,0.6710200831390541,0.006137065844743707
26,0.8734540536401041,0.10079174931712549,0.01040439936566836,0.0008252785210121228,0.005411992367924171,0.009112526788165874
27,1.1983341750040561e-09,0.010298391776844173,0.013518218121155674,0.8104672422359884,0.16184060008198228,0.003875546585695347
28,0.08183328785419222,0.006906392771855671,0.0263759558297601,0.0051203647406685765,0.017860839648395552,0.8619031591551278
29,6.185843974424479e-10,0.04351291847249403,0.007857587570319036,0.6882989230918736,0.2468311818100261,0.013499388436702715
30,0.009623989525718924,0.006846444954598928,0.058912235013278025,0.00890017114518911,0.02910722706636788,0.8866099322948471
31,0.029771721033114217,0.005174693871052611,0.044309811056235236,0.010652245170594848,0.011643921099087786,0.8984476077699152
32,2.88433357279342e-09,0.01518575226512753,0.020230609628280303,0.7938166315494539,0.16894498640310107,0.001822017269703464
33,3.0677285917497784e-09,0.00942582155969492,0.003565176688219496,0.12909929463743644,0.8437360103505167,0.014173693696403774
34,0.5810722722926407,0.3691508915346137,0.022821612653423688,0.003858350959811414,0.014575170717053238,0.00852170184245724
35,0.00015018641361190933,0.023038041108684616,0.9502620739593742,0.015409868663540088,0.0017211812085626734,0.009418648646226423
36,0.01572964378127704,0.0052932904793587775,0.128319541029289,0.009841685429107652,0.011042077971332678,0.8297737613096349
37,0.03483495188144959,0.9080984619400451,0.02193803874434258,0.005208263319034546,0.019209586597265967,0.01071069751786209
38,6.163946113872549e-09,0.00428312493272705,0.01876709737307747,0.8713925107252302,0.09932702878640462,0.006230232018614592
39,0.013522821574744718,0.002818813283171521,0.12925252597785686,0.010588613980041227,0.012870601227332598,0.8309466239568531
40,0.29339395161897497,0.6556006950752367,0.03438206080257703,0.0036602827446971142,0.005845423715639709,0.007117586042874503
41,0.061448281974089566,0.004917287359817681,0.01734080809020891,0.00979365429127651,0.018249845718938895,0.8882501225656684
42,2.2977417306710218e-09,0.0020545251282986614,0.018352176556341387,0.8109545287504968,0.15405883701767537,0.01457993024944602
43,0.00011468415629409187,0.017827243313937553,0.9445031402439942,0.02581863009746283,0.0016372032112891418,0.010099098977022198
44,0.020693349143234105,0.0021808950951148986,0.06604231140733013,0.009691631323153971,0.008408530249737053,0.8929832827814299
45,0.8870631905334214,0.0888637838512668,0.008089835522591089,0.0009584654940122327,0.006897994397541755,0.008126730201166674
46,2.7341987383102215e-09,0.024272465108504213,0.00271393475305041,0.3014887835226062,0.667582654078433,0.003942159803207466
47,1.5842879836163706e-09,0.016424192913872215,0.011092515089858028,0.8515985254318085,0.10940555663885908,0.011479208341314292
48,0.8329213639772987,0.13523610040642797,0.007570112703343208,0.0015716956462800444,0.010692042669085999,0.01200868459756427
49,1.8117125536957004e-09,0.008740827261365875,0.018712411635141472,0.8355611140321724,0.1340052517216272,0.002980393537980725
50,0.05956813342731147,0.8614045663373622,0.04627442179133156,0.005364122896694969,0.016388938369508128,0.010999817177791872
51,0.7319252995530208,0.24222170232506307,0.009095141396640478,0.0015623056430433733,0.005823896266963839,0.009371654815268535
52,0.0024387200898978926,0.022314982705556336,0.9463128416032814,0.006260227906230032,0.0012111343050753866,0.021462093389958935
53,0.0001143007258052417,0.04602780456503463,0.9230106266705936,0.013473783574439827,0.0013535990744556697,0.016019885389671057
54,0.06723214985921369,0.00609710683944099,0.05188446805794364,0.011981042385351068,0.011260244569906179,0.8515449882881444
55,0.039027924628721095,0.0070426339435585355,0.05632699963140635,0.008601764686130112,0.014425951936295398,0.8745747251738885
56,4.667348376253505e-09,0.019098132756083682,0.0017500000463396453,0.10835411883478864,0.8663594212823033,0.004438322413136282
57,0.005485132269136272,0.0192211150380564,0.9418374475306861,0.004605650924482041,0.0006621164259329577,0.02818853781170622
58,0.00030318480822361587,0.023070928767258653,0.9231216817768723,0.014127857560577552,0.0005267651828681741,0.0388495819041998
59,0.00011035702530325835,0.024661583892840983,0.9082434449973119,0.05560550088967188,0.0023065525783594943,0.009072560616512593
60,2.1383472119669895e-09,0.008313835354438429,0.0026613547745809245,0.2478822055865283,0.738735978147257,0.0024066239988482837
61,2.597483554675659e-09,0.008145421403910039,0.024743640682904723,0.8092255664480387,0.15270533253007992,0.005180036337583243
62,0.35193498559471653,0.6004282077001414,0.03029898331128788,0.0024421767801668325,0.008153225352678838,0.006742421261008373
63,0.5367023804580444,0.43100855952649425,0.015041981842942804,0.0020362785671238426,0.008941013727234852,0.0062697858781598165
64,3.1354273686928655e-09,0.016496205930946885,0.03372803251483432,0.8812175350509386,0.06553024016243587,0.0030279832054169197
65,6.119525146952132e-09,0.001525351679581776,0.01708597438831673,0.9081697251736763,0.0651972873915424,0.008021655247357517
66,0.04558147805358112,0.9031361762583955,0.023040119409988777,0.004257609775192902,0.014334909287818299,0.009649707215023447
67,4.1249015178896425e-09,0.007764168655961035,0.006252074910817842,0.1132477232340856,0.868131000322409,0.004605028751825034
68,1.303642366910285e-08,0.011057826682747256,0.01131208549644845,0.28030611163069985,0.6804687890888922,0.0168551740647885
69,0.24795761292917104,0.7064808275774375,0.022097948136573783,0.005047878153350169,0.010025993827856626,0.008389739375610964
70,0.18838009991769322,0.007760879966170502,0.013248921072429944,0.0034105145020410905,0.027344461130928744,0.7598551234107366
71,4.5449008146898006e-09,0.0030320854061738657,0.02691582279849144,0.916193230932409,0.04271169252380717,0.011147163794217556
72,0.0015096031403742782,0.019493388806366644,0.9181384042811132,0.006291063648866272,0.0005444337084217197,0.054023106414857906
73,0.2285356386769032,0.7043108091295011,0.048671077885910304,0.004232565331128333,0.005257226847519429,0.008992682129037772
74,0.3097959013894626,0.6196652714552265,0.04166671392523233,0.004302013341720004,0.015391044309575788,0.009179055578782883
75,1.5855564966041649e-09,0.012777184851321882,0.0017024492931935135,0.1750057986277654,0.8050670463823021,0.005447519259860696
76,0.8711883357810472,0.10527064076581356,0.008023501023001506,0.0010886565388993233,0.005169813847165074,0.00925905204407343
77,2.343073487526282e-09,0.014071658721619982,0.001585628504008755,0.13313881137013617,0.8454837668003782,0.005720132260783393
78,0.8674421604189431,0.10194731881163453,0.008865003841307645,0.0015720699803887387,0.010061054726062826,0.010112392221663031
79,0.04940407040269652,0.8703559182896498,0.04020877823836907,0.01698585177026899,0.012677801581236454,0.010367579717779166
80,0.8326713768931377,0.13680732658525635,0.008840585222485584,0.0015802935095230528,0.008309776462916259,0.011790641326680975
81,0.909164943225635,0.06480594256566845,0.012484794987494345,0.0008195969037314625,0.00527661468145004,0.0074481076360208625
82,0.8332509356392336,0.14496356732036675,0.009729304849743372,0.0014543911657466766,0.003970431797292142,0.006631369227617377
83,0.8326334114598163,0.14453158296211197,0.007284019505579962,0.001107967362624143,0.006681604065494221,0.007761414644373438
84,0.023909681919472153,0.005497806525359083,0.07760649283677647,0.018954553099243973,0.00756341405621848,0.8664680515629298
85,0.8750082467141415,0.09425641361359832,0.014449698635598649,0.0013336171574374746,0.005831045584182085,0.009120978295041939
86,2.4364239837442128e-08,0.004109218310767838,0.004055075328864812,0.0956319196319639,0.8897279395943766,0.006475822769787105
87,0.04556724158741979,0.005510922860782949,0.03666787175712703,0.009965136505594583,0.01564087421285321,0.8866479530762225
88,0.14049999794658113,0.8189386035948022,0.015902246019378282,0.0032160814638078953,0.011334695749554723,0.010108375225875727
89,2.290091038790482e-09,0.024552599686989977,0.013032379870977258,0.7220124426649224,0.23640419309345387,0.003998382393565454
90,0.6864435306597056,0.2899807616869931,0.010242575365353238,0.00144826343672357,0.005622058350897234,0.006262810500327024
91,3.4498950367462793e-07,0.02308473663683933,0.02417280105337913,0.8313327637759294,0.11311520154733067,0.008294151997017897
92,6.878916697501321e-09,0.008203867779496499,0.03262223070091079,0.8742999943023374,0.08114394624745519,0.003729954090883495
93,1.783045236145632e-09,0.02051275695354697,0.0040767939609625695,0.3922722239258256,0.5796758338443728,0.003462389532246858
94,0.8782979227505243,0.0979511572433349,0.009516896413797007,0.0009907002043190475,0.00518226197835256,0.008061061409672048
95,0.0006780663579794342,0.0428894785361742,0.9048417040638073,0.007507598995476056,0.0011792420048665371,0.04290391004169666
96,0.4480619524331425,0.4960245599247182,0.028831335675783318,0.0033859608442867364,0.017396901546384874,0.006299289575684465
97,0.1795309889728214,0.7712158025465852,0.03080893190560951,0.002768876937627911,0.007964313518438895,0.007711086118917205
98,0.0026890351763086537,0.024165316556418234,0.9143876168192923,0.005240029168208385,0.0010002599314956585,0.05251774234827678
99,6.169425902621425e-09,0.008675757376752568,0.002714295678665663,0.07387685018717002,0.9092891713023227,0.0054439192856632025
100,1.3949454651963399e-08,0.003252962536254127,0.030858467179682304,0.8517743128810504,0.1101361018051159,0.003978141648442365
101,0.006917234285487933,0.012415125535849624,0.962476483779989,0.004871262216521795,0.0009241300074610298,0.012395764174690712
102,0.2864151757984977,0.6531239249381643,0.02063865064245426,0.003566531662191018,0.018641805997796895,0.01761391096089585
103,0.17155926313662764,0.0060648931003820655,0.0548986257263219,0.005204840005559581,0.027961501548423872,0.7343108764826849
104,0.00038629508925887914,0.030712232603676556,0.9377052209848985,0.010128179190727612,0.0007301466366372399,0.020337925494801328
105,0.00017884646415247272,0.03236193728911175,0.932744214091215,0.02616023357950689,0.0013481544439064943,0.007206614132107302
106,0.0001197920652727696,0.034017292645607475,0.9258925535972647,0.027361178526219186,0.001455955733139704,0.011153227432496152
107,0.0005742660283196357,0.01349917970991345,0.9228074128792307,0.012721582083319185,0.0007181994541996085,0.04967935984501751
108,0.8086896160666397,0.16732267676290938,0.013687346357711301,0.0012873302821205862,0.003188606783419349,0.005824423747199699
109,1.2261451847823636e-08,0.023024441677127205,0.005612391932451794,0.6261852216995141,0.31291404425357267,0.032263888175882376
110,0.0020039661347796564,0.010728492915210696,0.019958016081183257,0.012087067806507314,0.00906919908351487,0.9461532579788042
111,9.933205973348833e-05,0.017866169074961604,0.9064717908500167,0.05468974873411696,0.004245520867391051,0.016627438413780327
112,0.07023419332586293,0.003508195563649058,0.06597756875343554,0.00883747227384902,0.015498079065437435,0.835944491017766
113,6.532696164591519e-09,0.0039889758578849875,0.025612481622678936,0.9089584677442712,0.05549305481425564,0.005947013428213027
114,0.23148078368336633,0.6329514453762387,0.04370410688368468,0.010541470851306236,0.06625945097194803,0.01506274223345597
115,0.2900852705832225,0.6692439662929116,0.01772505061581294,0.0026875411157915607,0.01241462477459755,0.007843546617663838
116,3.520825532639258e-09,0.05486193332088734,0.006324923793815143,0.7523222777421938,0.1663698140655192,0.020121047556758906
117,0.00016738037360609657,0.03137728144059442,0.9375974462041672,0.013830773006731599,0.0012796093845207867,0.01574750959037994
118,0.4587931928587963,0.506219931199992,0.013812956193926761,0.001543547650603005,0.012092019329925182,0.00753835276675678
119,8.444434650491817e-10,0.029272854329795518,0.0022983151482108876,0.11679194068391775,0.8296155291566817,0.02202135983695071
120,6.204900321156153e-06,0.06324720816260955,0.8059953197762941,0.10217725723686409,0.006053943666180641,0.022520066257730408
121,6.473431892938254e-09,0.014048690608801427,0.00799591710821001,0.3328502917464839,0.6383697400596181,0.006735354003454699
122,5.9493703077779576e-09,0.00415290680471062,0.008063868753997066,0.3028191990345482,0.6786206728839294,0.006343346573444435
123,0.00048536753725980083,0.01586054483633879,0.9562669023528207,0.010286775890207751,0.0011684611029555896,0.015931948280417323
124,0.8406902532466982,0.13471388306819226,0.012487478210284134,0.0011172862812014394,0.004965704993629596,0.006025394199994536
125,0.866018681974664,0.11124519569030117,0.00683648886861793,0.0010367425533493325,0.007209229398838415,0.007653661514229072
126,0.3097959013894626,0.6196652714552265,0.04166671392523233,0.004302013341720004,0.015391044309575788,0.009179055578782883
127,0.5334179796602451,0.3932658254535859,0.035843314041462675,0.005099289549455577,0.024257662997268028,0.008115928297982758
128,0.38567956811815113,0.5503856049973955,0.03489794460035921,0.0055260829033143034,0.01558996568058742,0.00792083370019239
129,0.06481616541038249,0.8923734882039683,0.017167613000040414,0.002715109520518873,0.014101980341052011,0.008825643524037792
130,2.716802983563687e-09,0.006118802161651333,0.009890633545101148,0.26684820040630247,0.7146929932639376,0.0024493679062045186
131,0.09051226618280073,0.8603559094665159,0.02018711644308819,0.002138448816262517,0.017596924724722133,0.009209334366610648
132,1.736966087662867e-07,0.0034051584514792604,0.04733452580850781,0.11746030346629545,0.8143511324577162,0.01744870611939243
133,0.1007564520275924,0.8550398817916091,0.015041567213573836,0.002020891891304362,0.017755266600383065,0.009385940475537232
134,0.8363226243096797,0.12584085432584505,0.01740276360682609,0.001072112567875882,0.00835338522418069,0.01100825996559261
135,0.9080687690734075,0.06753238532658752,0.00910468835636551,0.000923238896007915,0.00677861967027253,0.007592298677359166
136,0.6176016361118551,0.3521560404093774,0.009473286094203053,0.0018537968785379505,0.006671547015151964,0.012243693490874409
137,0.016675224411934923,0.004711524725778218,0.028902342267557037,0.012189815691399252,0.007337116065817475,0.9301839768375132
138,0.745431586324294,0.19915861977819202,0.02680218752811206,0.0039084202425642344,0.018025303060295584,0.006673883066542076
139,1.695947804355307e-08,0.03499333972199945,0.030835322076888817,0.3927584546384299,0.5302537352148761,0.011159131388327763
140,0.0434665697651305,0.004590965366690519,0.04739242373939185,0.011910631241068646,0.01208601377203054,0.880553396115688
141,0.8727215231032049,0.10760805531183364,0.008108317419814087,0.0011128247009406164,0.004222573412240139,0.006226706051966658
142,0.8694366710081725,0.08975955389616058,0.014101135635691677,0.000992145615232239,0.01040503388663902,0.01530545995810403
143,0.7878472706389031,0.1854432997789794,0.01068351870130648,0.001044182935078396,0.005270558253357461,0.009711169692375034
144,0.8942365901242486,0.07824094819952093,0.006818983708188155,0.001103677974606534,0.008431052024267754,0.011168747969168034
145,1.6464394895263621e-09,0.013542021476963819,0.0021514727594132486,0.12730210924371133,0.852499622415598,0.004504772457874124
146,0.000187127792865057,0.011175508244792864,0.9349832664034191,0.01585061829810886,0.000730231657789446,0.037073247603024675
147,1.8976718138958273e-09,0.012293181328064439,0.007670870267025117,0.6560153640960315,0.3206485968689163,0.0033719855422909245
148,0.019853729569874395,0.005255531720321434,0.06348568508086704,0.009175898638294894,0.02182772463359292,0.8804014303570493
149,0.03303055091865148,0.004611157421153143,0.09219066794105177,0.008277582879308023,0.014165964532945658,0.84772407630689
150,2.2572422653265006e-09,0.011622908666396727,0.005111271523491993,0.07220475446234771,0.8877204925295978,0.023340570560923465
151,0.8911423145219814,0.08466872174083882,0.00764909482282603,0.0009634662793340182,0.006159566734667058,0.009416835900352619
152,8.693927897050872e-10,0.06928168628043005,0.014912867178430395,0.425456740358032,0.47384575426175046,0.01650295105196444
153,0.8897533884910366,0.08446072799036898,0.008526858471911924,0.0008858652792202963,0.006054558521447829,0.01031860124601454
154,0.8968810250074856,0.08071476118786217,0.009750070967875349,0.0009745302310030254,0.00467309921864838,0.007006513387125765
155,0.8931122109218116,0.0841638602226339,0.010845381480074655,0.000894911135253067,0.004389619556475732,0.006594016683751071
156,0.0003889562223184782,0.013326840225843337,0.8949998611828418,0.013280721790822523,0.0010280026354987733,0.0769756179426751
157,0.09193391371721932,0.004071358014850242,0.03623986618221304,0.007595864033963908,0.01634760730611793,0.8438113907456355
158,0.0006347168954400466,0.030729910130571327,0.9231287808743065,0.008710664370774474,0.0008791734362366813,0.03591675429267096
159,0.1076457885602612,0.8388558951506383,0.02538575332174662,0.003589380432354485,0.013104790116650503,0.011418392418348825
160,0.07290097957873101,0.005249855665663942,0.06418050788297601,0.010355791658747306,0.02017452471531042,0.8271383404985713
161,6.275108823951878e-10,0.0053913887150644334,0.0012982978309642678,0.161342827792319,0.8227748084317802,0.00919267660236126
162,5.2780275533094e-09,0.00304400687356885,0.011323137583598231,0.8337966891302001,0.1430755630118681,0.008760598122737176
163,7.541029247868637e-09,0.007628198488940822,0.0024118771852022483,0.14196387536738703,0.8439324111635638,0.004063630253876816
164,0.03997668675623597,0.0059511475136278325,0.033013985639771856,0.013079650501451275,0.006658107057787766,0.9013204225311253
165,0.8823389692220298,0.09297403527584353,0.012268817504872097,0.001010683719332573,0.005351974750372374,0.006055519527549573
166,0.12612392896239608,0.8041600198995247,0.013944577130322258,0.003762881791223892,0.027660677569361476,0.024347914647171683
167,4.7035544872858454e-05,0.0595137987002541,0.9007372348947439,0.01959895046842214,0.0012228348970301027,0.018880145494676828
168,0.0005508921784012482,0.021087078363407154,0.9309552693389199,0.008215265037142904,0.001055149084467316,0.03813634599766151
169,0.0014618852753514057,0.007925220409074497,0.9278419834456985,0.007747044148355052,0.0009964310422891653,0.0540274356792315
170,0.8819799160326546,0.0916770228352133,0.00833553081290112,0.001215574880711161,0.008021795466873392,0.00877015997164652
171,1.401429286000339e-09,0.02279551368074154,0.0012012102287959766,0.0608227449098511,0.9073633373876446,0.007817192391537357
172,0.06411773005826468,0.005565458981109003,0.01328580231143318,0.005240382037838191,0.028503886663925528,0.8832867399474293
173,0.8329608667593019,0.143365370423536,0.0092060890491385,0.0014353775261877345,0.005930704404812567,0.00710159183702343
174,0.003971462606728778,0.03420536660571379,0.8938305704949708,0.004967354967363196,0.0009167264493781023,0.062108518875845314
175,0.001396465282303004,0.0178393155469026,0.957951040358598,0.008039657750006934,0.0006295017722643792,0.014144019289925158
176,0.013361041950231613,0.0031005827361508145,0.07707930829739154,0.01566298558217496,0.00749896080706557,0.8832971206269855
177,0.003509179085798482,0.012629698310523756,0.024095516901768192,0.008519788176206522,0.014337808295460478,0.9369080092302426
178,0.008377469107467077,0.005457396825312208,0.10225301859848192,0.012470975658297717,0.010796631356976422,0.8606445084534647
179,0.00028103602406649367,0.022274767268077197,0.9493318119246138,0.01336359393561071,0.00145353747954118,0.013295253368090601
180,0.01971994237243158,0.008638244011037365,0.09559200457529232,0.007057177287027766,0.014860899382082215,0.8541317323721287
181,0.06769076096234047,0.006590170703110328,0.0520593464961042,0.007331846636730262,0.015904609172730812,0.8504232660289839
182,8.726367627101403e-09,0.014354853369771742,0.014726896957979055,0.4758157865238347,0.48828470685028347,0.006817747571763345
183,7.987577342551526e-11,0.10313480165285237,0.0012564904365460919,0.19645322299109064,0.6893578666948761,0.009797618144759043
184,0.005697376844152584,0.03124480206717265,0.8970441287856833,0.0054660242436674255,0.0010954935211728906,0.05945217453815107
185,0.008439151879370999,0.0024393615341927696,0.17960189191828033,0.012665209756080232,0.011908508589329169,0.7849458763227465
186,7.166495280956617e-09,0.0014559806143530512,0.025315208936631403,0.8604747551455706,0.0939594644613591,0.018794583675590584
187,0.05502178755053754,0.8730630539169794,0.04277195679042678,0.006655690928564994,0.011992696458623242,0.010494814354867961
188,0.018947630052063257,0.007837079568053993,0.07004626360684767,0.007679038254184031,0.012734022154028678,0.8827559663648223
189,1.01978106897333e-09,0.017307903936761765,0.01370821865731959,0.8208832392414226,0.14271797340750356,0.0053826637372114605
190,0.00015018641361190933,0.023038041108684616,0.9502620739593742,0.015409868663540088,0.0017211812085626734,0.009418648646226423
191,2.7341987383102215e-09,0.024272465108504213,0.00271393475305041,0.3014887835226062,0.667582654078433,0.003942159803207466
192,2.2260112776296616e-09,0.04157901790675158,0.0032374462159012137,0.2594655031932278,0.6743131174785122,0.021404912979596024
193,0.8814341050685502,0.085627651014009,0.017542672418133093,0.0007745356031517037,0.004658717161371135,0.009962318734784762
194,0.002429687163984616,0.01980302168195967,0.9599741205549739,0.008037927534761138,0.0010204131323837311,0.008734829931936864
195,1.5722811736609733e-09,0.05708062921396821,0.0034127203290831125,0.21857880037577634,0.6864749077466776,0.03445294076221348
196,0.8235693459063357,0.15483010027185068,0.007538442874975747,0.0012682126360130724,0.005110272231330069,0.0076836260794947596
197,0.8796472007659543,0.09907627069324802,0.009053671914329623,0.0010413285132519314,0.004066092105159356,0.007115436008057046
198,0.00015018641361190933,0.023038041108684616,0.9502620739593742,0.015409868663540088,0.0017211812085626734,0.009418648646226423
199,0.8409180632595914,0.13407236824690516,0.007421187354016461,0.0012827231382257767,0.005143873957573515,0.011161784043687527
200,0.2950917831946285,0.5956644754914062,0.043079442024548394,0.007910925425348679,0.04053603772888883,0.017717336135179597
201,0.8354533052115793,0.14027997421525226,0.006457454819638648,0.0010088280598771688,0.006640098417279287,0.010160339276373314
202,0.09735155736005106,0.008184476142994059,0.0451335067080569,0.010800645143988593,0.011173067942918035,0.8273567467019913
203,0.9012093998207747,0.06842742062290791,0.018398546848268686,0.0008027431144839098,0.0045288323156332105,0.006633057277931545
204,0.8504649909491664,0.12841267106913254,0.009006280470593823,0.001152583418699956,0.0045123184708808235,0.0064511556215264354
205,0.06043857065309384,0.004933396334168406,0.05910482331158674,0.008661825994361874,0.013284248257943219,0.853577135448846
206,0.0003798823005058769,0.030598078070819296,0.94977466970899,0.008996688070250072,0.002225924017178722,0.008024757832256105
207,0.019470523501036584,0.012847913507963632,0.08948996839235615,0.015963475849745154,0.008409250802485406,0.853818867946413
208,5.726347477195024e-05,0.03364614069322306,0.9086941583991368,0.048057821659664636,0.0020663766003881845,0.007478239172815376
209,0.11919440633488637,0.8427230189038595,0.013557269411848745,0.0020691259804441944,0.013891615548209129,0.008564563820752191
210,0.002033070728395913,0.0353633698085661,0.9452778017323533,0.007076936647275259,0.000709825899252745,0.009538995184156726
211,0.7114364148565049,0.24913291605931176,0.017777690911617544,0.004030271324904697,0.009827074341508335,0.0077956325061527805
212,0.0038861629316051874,0.005394869891772819,0.032262344391058996,0.010099976631882255,0.01309462882037832,0.9352620173333024
213,0.8881522592642287,0.08740520340603476,0.010909219367095808,0.0012601553365056103,0.004783216184309056,0.007489946441826095
214,5.8396712283484655e-09,0.003857568207138288,0.003546454405205433,0.1467973722856813,0.8416664238756689,0.004132175386634713
215,0.27831603998604465,0.6769893695259415,0.02093116644619372,0.0024832278025421354,0.009449260655965002,0.011830935583313135
216,0.007572754462073862,0.006081213837405316,0.04116172843375249,0.010003013688179385,0.01534950794826737,0.9198317816303215
217,0.12236832865155416,0.8167540739746851,0.0371184683409267,0.0030943994299551707,0.013350459909601433,0.007314269693277298
218,0.04619884849112714,0.0032670602436178134,0.08902151535696538,0.01127085162178627,0.012265138725126723,0.8379765855613767
219,0.006118377800786901,0.006623311129224271,0.008868943397960944,0.010335671860184463,0.024776420987500183,0.9432772748243432
220,0.8725276107736002,0.10388605633047399,0.010473418059705267,0.0009710331380795625,0.005370488864142928,0.006771392833997994
221,3.779743912631633e-08,0.0038342810937127083,0.015679753874216766,0.5553867556595438,0.3905588087946766,0.03454036278041118
222,9.893157517150216e-10,0.02720336732023457,0.011395529640891588,0.7996199032894011,0.1590309018728242,0.0027502968873326407
223,0.0005359889530040659,0.027434049303411177,0.9394525525237093,0.010235722159187565,0.00112215585409909,0.021219531206588815
224,0.6152805588050553,0.3556998408936775,0.009641391957552703,0.0016329727208554798,0.010948022672993371,0.006797212949865688
225,2.3482395682486767e-08,0.012299058563003657,0.007911691095688162,0.8363427575706891,0.13195159428267716,0.011494875005546249
226,0.043857154309113355,0.003184674637650515,0.08069359510561899,0.010613116175486584,0.015257134075464588,0.846394325696666
227,1.2681622835146581e-08,0.0012402714458742438,0.011441348625778175,0.19761688089881715,0.777348373312368,0.012353113035539666
228,0.06355091763531398,0.890009774272793,0.018756605137188943,0.003358613256008101,0.016772692113724307,0.0075513975849716445
229,0.12758511401334371,0.010083763575217668,0.015014848930310772,0.00572642639778803,0.023258044603545695,0.8183318024797941
230,8.268564639839775e-05,0.03262988795394856,0.9271846010227417,0.030768982174938692,0.0019001797328668708,0.0074336634691057795
231,0.018442791192099087,0.004320807645590501,0.0439221090170335,0.009558419784280788,0.013933693270133687,0.9098221790908624
232,0.7943671812305563,0.17649223285443852,0.017106505478640146,0.0011316319378543416,0.004139371014764735,0.006763077483745725
233,2.5055952473486924e-09,0.06098355699902111,0.031863370858728736,0.8142098364500576,0.08785852271276887,0.005084710473828465
234,3.6168451870175185e-05,0.014438356143436087,0.8878170600289425,0.07622033574943521,0.004268813577921223,0.017219266048394924
235,0.22411986932529546,0.7409317201152553,0.017910537900457553,0.0017445063585541337,0.008249957377049479,0.007043408923388169
236,2.387960583503006e-09,0.012392466083144033,0.016620934218679505,0.799870419721172,0.1690338991165558,0.0020822784724880334
237,0.8909246861382233,0.08948080165965452,0.008215770960760824,0.0009094615154434954,0.0037868587980577906,0.006682420927859967
238,0.028791594051374464,0.0043537408002045945,0.0738479976361772,0.008026168035287391,0.027052819939239213,0.857927679537717
239,0.033451112045565945,0.009009513060941237,0.0965486703300208,0.017401881324589252,0.006841930387409809,0.836746892851473
240,0.8481796609815605,0.12408714249163363,0.006403505207566191,0.0011871438615778183,0.008547237375645165,0.011595310082016733
241,0.8991823788653894,0.07563850409966895,0.010242534083811015,0.0009563783920351564,0.00533035676624893,0.008649847792846596
242,0.2736604068739561,0.5346230277544501,0.08343701692076438,0.019265604623794487,0.06706449736147917,0.021949446465555775
243,0.0008856047910253543,0.03462388485319998,0.934915957642916,0.011760828443550475,0.0012298750034271666,0.016583849265880964
244,2.7341987383102215e-09,0.024272465108504213,0.00271393475305041,0.3014887835226062,0.667582654078433,0.003942159803207466
245,2.716802983563687e-09,0.006118802161651333,0.009890633545101148,0.26684820040630247,0.7146929932639376,0.0024493679062045186
246,4.933485269172841e-10,0.041102591996792476,0.008352930890475002,0.7194855739668891,0.21995228507677944,0.011106617575715487
247,0.8863027824222225,0.09314169175719825,0.010141223953345282,0.0009017919763201349,0.003346424879564077,0.006166085011349628
248,0.27243812663816286,0.6852482437642565,0.015109835894624335,0.001974905446851307,0.01858456107078634,0.006644327185318667
249,3.36061314585512e-07,0.0047007064133847065,0.016479868098200286,0.47746028472265106,0.4755804135748947,0.025778391129554636
250,9.054155410105718e-09,0.0025900868628629613,0.003850656872216707,0.12668002418691185,0.8586897737830946,0.008189449240758425
251,0.00047046360738136684,0.023295228848562943,0.9519859168112917,0.010396276994318727,0.0012765321864101921,0.01257558155203516
252,3.231895164126494e-08,0.03585428402551469,0.02392703453327127,0.7909110310957592,0.14538408356269109,0.003923534463812119
253,6.221237867795032e-09,0.026251893182811663,0.017960259662106483,0.7712437413251745,0.1722358298557815,0.012308269752888006
254,2.7585802692625085e-09,0.004247269045001436,0.002792112741048206,0.23493174901985006,0.7534031293972764,0.0046257370382435095
255,0.0008718671590952974,0.009901916381855884,0.9366211520636593,0.009912895580037892,0.0007749369361288009,0.04191723187922291
256,2.5641802123301567e-05,0.0631683306500302,0.8818180926863275,0.042978643193780135,0.0018627400397650728,0.010146551627973753
257,0.8876490575032071,0.08470111992911819,0.016581826077945533,0.0009606328137100299,0.004685456680508534,0.005421906995510634
258,0.11689537580505385,0.8373509829992585,0.012515537670360712,0.0023777828709495123,0.018470948522842034,0.012389372131535431
259,0.8205731840581305,0.1533583361911672,0.007542553810966674,0.0014464487848320931,0.006391195111723024,0.010688282043180388
260,8.775862121282994e-10,0.01883631499662763,0.007599372179779009,0.7226052252514454,0.24603951492384607,0.0049195717707156954
261,0.04996968438385209,0.7760292246351563,0.08344922731629988,0.0333792384707969,0.03094624851183547,0.02622637668205953
262,0.010801160567934807,0.0048506688674048075,0.040685214855121304,0.007652369118345624,0.019908957696182162,0.9161016288950113
263,0.8560816405719193,0.120219568614919,0.007443574716281742,0.0011401943124222627,0.005180690647845673,0.009934331136612193
264,0.04007249542447999,0.007885373970467959,0.0667470241988372,0.00940073051190257,0.010747991270373498,0.8651463846239387
265,1.2347029162116629e-08,0.010745958863486883,0.015334873193039476,0.8591178936639124,0.10719092388776681,0.007610338044765244
266,0.00022801294808947836,0.0375230380231043,0.9275445831387908,0.01986473138145131,0.0010025538463852022,0.013837080662178888
267,0.0021194768566275865,0.0024125089228896534,0.19200645055623422,0.019525883425486626,0.0150211290622182,0.7689145511765436
268,0.16526055776027587,0.7557233592831447,0.016212579179808673,0.0029528354504202016,0.04362639355146172,0.016224274774888886
269,4.891604111951762e-09,0.05081007874673386,0.004632631831634599,0.11936736339190722,0.8138880464596322,0.011301874678488023
270,0.06018179164764766,0.0038951125453090397,0.03690113417883358,0.00709417274113028,0.02542934549740042,0.8664984433896791
271,2.730019162456073e-09,0.02952111216243818,0.0350959107919826,0.8037484960634499,0.12907892931821355,0.002555548933896624
272,0.0006464734608007348,0.021320703782147576,0.95525789519414,0.010540264493407817,0.0015581631248933712,0.010676499944610512
273,6.835592164969772e-09,0.019040556766138247,0.013169325987600459,0.26884502011542255,0.6814421975152508,0.017502892779995796
274,6.185843974424479e-10,0.04351291847249403,0.007857587570319036,0.6882989230918736,0.2468311818100261,0.013499388436702715
275,1.1800876289093576e-09,0.047705293804379524,0.004645202450895798,0.18418978073403278,0.7553739455456968,0.008085776284907404
276,2.1428433053157724e-05,0.026673544535727737,0.055128288641972105,0.5393530394119714,0.17386509362439329,0.20495860535288238
277,0.877051339864256,0.09400241631342429,0.011614869863282395,0.0009263510066667246,0.005825894664371878,0.010579128287998849
278,7.628918143716981e-10,0.03708905905671911,0.002723605999427689,0.13342241855744946,0.8199709331229806,0.006793982500531416
279,9.359342047437656e-10,0.01360752018198288,0.01302544913082945,0.5905817502416217,0.37991059875474237,0.002874680754889446
280,4.745919685708924e-10,0.013610273777711726,0.006529123048191835,0.38997774481527137,0.5878719930877523,0.0020108647964809114
281,7.977904113261441e-10,0.0026349408880703847,0.010791601065298695,0.6625160401920079,0.31062988146440745,0.013427535592425138
282,1.126966049790807e-09,0.01861807125922225,0.00933900487597955,0.7735266681613586,0.19545257340567693,0.0030636811707966233
283,9.275212094448619e-05,0.026844017628153593,0.9034498803539327,0.05502312918407894,0.0012074607847019335,0.01338275992818833
284,0.22124748252660906,0.7230508498949783,0.013327032447636502,0.002824406901028889,0.02215115846707977,0.017399069762667644
285,0.300697523635304,0.6424756964465765,0.026988929078192003,0.002801641051696278,0.020774489164607664,0.00626172062362369
286,1.3358981468958339e-09,0.04178681401219098,0.017217466958638194,0.8504875009358914,0.08419552698275336,0.006312689774627815
287,0.0009365881551875525,0.01601171460836218,0.959332825326703,0.008397325094717557,0.0010801883857886271,0.014241358429241084
288,4.4270937763812545e-09,0.07071094817697354,0.0287902657287115,0.7967778268166794,0.100492440642687,0.0032285142078549004
289,0.4928541484023762,0.4768500719573293,0.012456222539989657,0.0016679357057352484,0.008464696564597238,0.007706924829972392
290,0.00020356261661599954,0.0371482287602092,0.9274362765570104,0.023674578976250877,0.0015726071553827318,0.009964745934530804
291,0.3088057211193877,0.6475048430509187,0.020717187384296967,0.0033473198634623833,0.01192503210636465,0.007699896475569582
292,0.13393133184918224,0.8274222726420046,0.0178288879697473,0.0022307504419333424,0.010755283911647434,0.007831473185485206
293,0.002367317711469723,0.016589552058595556,0.9507334284797052,0.007464688295318508,0.0004942787453427707,0.0223507347095682
294,1.1892412412711825e-09,0.01865008986142421,0.0025423278912681865,0.15410567197131397,0.8170236898382744,0.007678219248478024
295,0.9005773233673166,0.07762882432336858,0.008687840381189948,0.000960973237673166,0.004526486874632512,0.007618551815819247
296,0.002485477401603405,0.013794112108583877,0.8890999249119638,0.007809369265557785,0.0009792222021915622,0.08583189411009963
297,0.0008100256002654049,0.02446876286482586,0.9186296599442919,0.008800208371882034,0.0012999268879627,0.04599141633077209
298,2.5583994303053507e-09,0.01515838868436243,0.021092474828617595,0.854222522320883,0.10689624681895886,0.0026303647887789073
299,3.475675732219962e-10,0.024369677979515558,0.010191042797739311,0.412667250707899,0.5496179891370097,0.0031540390302690464
300,0.035454664666555426,0.9066324449727632,0.03212455513710884,0.0047168276391978065,0.012356807093821682,0.00871470049055305
301,0.11957743044842259,0.8411740233259155,0.020759846327802915,0.002300736264730885,0.008745907160092528,0.007442056473035463
302,0.09407234096131618,0.004939816433411875,0.05324246125624827,0.0067507601879023965,0.01784945083784912,0.8231451703232722
303,0.17906552445584203,0.0037406907640306465,0.05148313879458415,0.0041877543649975505,0.029028080517694066,0.7324948111028515
304,0.425201684005736,0.4902369041774819,0.046525804215261285,0.007322468583361874,0.0196827373566285,0.01103040166153046
305,0.019436903288775672,0.0041251780505118605,0.047711292328604764,0.009401824546096987,0.012290473273265688,0.907034328512745
306,0.8704837122176105,0.0967880472731764,0.011521025745951381,0.0009776692184833456,0.009588628679693614,0.010640916865084825
307,0.5997708460808893,0.35856315441678227,0.016764593746788306,0.0016829871872535414,0.016292950838833267,0.006925467729453467
308,0.6712407646107881,0.23303220945525122,0.036630364696942114,0.003369391092864671,0.03537197769032733,0.020355292453826612
309,0.6194802555279375,0.3273699408989614,0.03683631672186389,0.0023144695194046916,0.007400143384862947,0.006598873946969542
310,0.2707718358384566,0.6947756357713359,0.017953093544226337,0.0018810704708675918,0.007435689042005386,0.007182675333108291
311,4.696026192697809e-09,0.006977641995720924,0.03289043440380843,0.8867806194954393,0.06652332639326794,0.006827973015737104
312,0.8336629154758939,0.1402571134842045,0.00616780623162586,0.0012172400266058363,0.009244955442351292,0.009449969339318607
313,0.0937551180477851,0.5102019376899568,0.19955340932172738,0.054503486474546343,0.06162264575572794,0.0803634027102563
314,4.197050415186898e-05,0.054384517099097834,0.8935840267615546,0.043101545437654896,0.0012514061295631545,0.0076365340679775875
