,proba_0,proba_1,proba_2,proba_3,proba_4,proba_5
0,0.11654588736888838,0.0006397265830883656,0.05658418052335783,0.0040811368915176375,0.03500382437139946,0.7871452442617484
1,0.011779966267570312,4.870652339437613e-05,0.08587201315035403,0.013875711920408491,0.015911312041719524,0.8725122900965533
2,0.0008921329491244846,0.002331583402958987,0.9767586891491034,0.0024895379930070308,0.002543588270938408,0.014984468234867614
3,7.122512736600401e-10,0.011826787219791919,0.004193566854325236,0.35974754343715276,0.6178755211289504,0.006356580647528318
4,0.0002965081937558161,0.0036708281722791984,0.9642818102569294,0.013579069312464397,0.00427348030239188,0.013898303762179428
5,0.0004094371454767269,5.021272902941626e-06,0.04780685343051445,0.0350483277995299,0.01619661630258963,0.9005337440489863
6,1.232876197928489e-08,0.05243837982346403,0.006274952844499837,0.3068437084377305,0.6271562649839679,0.007286681581575857
7,8.875466460281836e-05,0.000617491367475691,0.9485158511171294,0.030091798472661194,0.003586103885591877,0.017100000492539045
8,0.0005172057898428734,4.081493989522447e-06,0.06378414759831089,0.03832802439486853,0.01806914784911369,0.8792973928738745
9,3.4810446061124106e-09,0.019791818133990224,0.0016696829610740424,0.08478998945816918,0.8821360269984793,0.011612478967242669
10,0.8814447024906529,0.0971103840866011,0.0062223434514267215,0.0018978695546085702,0.0032336580149722885,0.010091042401738626
11,0.000527809252696652,0.004665154816103761,0.9721325363822112,0.006317298109900568,0.004035740620644274,0.01232146081844368
12,0.03982021500022775,0.8556166784450828,0.02311698911987839,0.02480824890265444,0.04925517694207627,0.007382691590080336
13,8.452283408541147e-05,0.003701525549034855,0.9665601279359746,0.015782119069103043,0.0062435698373081655,0.007628134774494044
14,0.2768819256236552,0.6634179875339778,0.008743455649452225,0.010127169085221842,0.03088253895835516,0.009946923149337643
15,3.127895256499216e-08,0.07899193602874569,0.06619550820390535,0.613118587126828,0.23003017243337512,0.011663764928193337
16,0.00021441351975348924,0.002784389950271348,0.9755949499398849,0.00788712219018495,0.004910353680864622,0.008608770719040664
17,1.2528173236100473e-10,0.016773488165365148,0.0034845013289565813,0.6864471407076507,0.2907824607782356,0.0025124088945104018
18,0.40252516021079543,0.5571193861508831,0.007825374872719107,0.004939841698471942,0.020547245425981644,0.007042991641148797
19,0.8807743347244236,0.10010455253859699,0.0072071097891281,0.0016081544398525852,0.0021112177633360756,0.008194630744662637
20,0.8825837582444725,0.09890747237902839,0.0050743854091482065,0.0015652912154987637,0.002571162667705926,0.009297930084145914
21,0.01497352888471371,2.5520305920886205e-05,0.01151440016760421,0.0050519312779346345,0.04859452036129701,0.9198400990025295
22,0.3569332493888442,0.5959281257193974,0.014761948051565941,0.010400677143660214,0.014850521416960206,0.007125478279572056
23,1.2167850011459613e-09,0.017189789053033217,0.007989081245653699,0.7638338432075349,0.20222236371821833,0.008764921558774843
24,0.8725723862506123,0.1054989143216367,0.006024993750957666,0.0026457882329335328,0.0022800067267953793,0.010977910717064335
25,7.156132732435008e-10,0.005684642522514641,0.0023264555817835673,0.421374772544862,0.5613017638444605,0.009312364790766052
26,0.8822541459459624,0.09232735818037188,0.010094507241940047,0.0029563297320156483,0.0015790409886004,0.010788617911109544
27,3.2951883993202924e-10,0.005041464702960999,0.006403009176429868,0.7457383409396173,0.2351230778957375,0.007694106955735394
28,0.045205219233569176,8.076849828607211e-05,0.022726225671077308,0.0036271530872681126,0.020926347216215696,0.9074342862935837
29,1.1490294704119654e-10,0.008186935489960202,0.0012358323263666892,0.4980457337714197,0.48744587145388424,0.005085626843466203
30,0.00279307173414766,3.0431880377251142e-05,0.0557522154066613,0.07147832776136528,0.011833038706944372,0.8581129145105042
31,0.0052628953068682505,2.6086603177318243e-05,0.024266454621893096,0.013253958921634617,0.041868841502604684,0.9153217630438221
32,8.062615871292977e-10,0.01186765652342773,0.01036664031087568,0.6668174356121054,0.30814044365578663,0.0028078230915430363
33,5.627031818206689e-10,0.013463503413413739,0.001266942801438148,0.017317545788457154,0.9543222429590239,0.013629764474963849
34,0.7095686156476751,0.211025242195058,0.01930768384483381,0.02555885551401823,0.011330521711568706,0.023209081086845947
35,4.546516697953612e-05,0.0004858179779750279,0.8874289202109885,0.09431630399709469,0.002479702995559934,0.01524378965140226
36,0.003816727198078236,1.5608540590780328e-05,0.10166800959417636,0.01652587540626783,0.022321392906866612,0.8556523863540201
37,0.02873849900435675,0.8274241156738995,0.01143262264234786,0.031245902336610603,0.09172194407195877,0.009436916270826674
38,1.4589778004309317e-08,0.05206532264540418,0.0456580410354848,0.6369131321597005,0.2560339115362051,0.009329578033427585
39,0.0015506569855616042,2.1122835372365624e-05,0.08126106416496284,0.030896643630485183,0.025991699124431136,0.8602788132591869
40,0.20062880718755713,0.7332779914726154,0.02567166692277703,0.016729824326034592,0.01708431677414236,0.00660739331687336
41,0.019325416839350667,5.094905457603277e-05,0.018740987072311165,0.008462859928466614,0.03726248239016378,0.9161573047151318
42,1.0134500744158153e-09,0.0009776966384146947,0.010410057679037783,0.9016306519272733,0.04382884281383966,0.0431527499279844
43,2.112229298324915e-05,0.00117896055138355,0.8763791159584506,0.10284166345044178,0.007254289415879826,0.012324848330861017
44,0.0020739791559562376,8.039146411611332e-06,0.03297146728297119,0.004524880159955458,0.03511638408626915,0.9253052501684363
45,0.9034116699696991,0.07037389122447292,0.005292321887540246,0.0028015362505914698,0.0027927984254982672,0.015327782242198057
46,1.8073886847907354e-09,0.008686535204338184,0.0025296508922654022,0.46476121429519085,0.5166977523838336,0.007324845416983348
47,1.4530099230607264e-09,0.0008340400020295857,0.006435670683438136,0.8414463488756878,0.08881376199566912,0.06247017699016529
48,0.8330856292605986,0.12225794793696353,0.009046509172491925,0.009821794027347492,0.006355263539953273,0.019432856062645235
49,6.342973016476649e-10,0.012596244078056668,0.008819803014851841,0.6470346969511392,0.3277907535839981,0.003758501737656871
50,0.04355894099480563,0.8487148013812703,0.02243764412993779,0.013831393294715975,0.06199537686680923,0.009461843332460978
51,0.816610483909581,0.15120392515541678,0.006654381366045426,0.005519737062089552,0.005799959120531954,0.014211513386335133
52,0.0010784993700922083,0.003592965314856397,0.9544028771443331,0.011765358573273287,0.0038636831617818754,0.025296616435663083
53,8.623850100033609e-05,0.0005479420087152647,0.9260330005708226,0.049886077525928156,0.0024462989805257617,0.021000442413007952
54,0.013680766176633228,7.459402691592264e-05,0.024242287286959693,0.00765271954072973,0.05479868286352481,0.8995509501052367
55,0.014095766526362652,7.477129834667365e-05,0.05365381618951894,0.021056683323151124,0.02315082794092198,0.8879681347216987
56,6.505380784743696e-10,0.023943334738539192,0.0020034923328040403,0.10718044319348778,0.8615082049740543,0.005364524110576619
57,0.0016125312484324833,0.0009783901878580173,0.9236218548036148,0.01663231154639917,0.003232353315629175,0.053922558898066346
58,0.00017131479155880192,0.0010176540189566845,0.9565749216621253,0.021997508008749656,0.0028426385916394043,0.017395962926970255
59,7.969020711623499e-05,0.0007947173316024987,0.9453012215166263,0.0378005309916609,0.003988171924246737,0.012035668028747188
60,1.1589466145024117e-09,0.0509661763356254,0.004723712439844803,0.26122201556020963,0.6788799372387282,0.004208157266645377
61,7.394957305033754e-10,0.03107470005337021,0.01066500318587818,0.7755401159988669,0.1801836273912788,0.0025365526311101703
62,0.3703429638455104,0.5795001974272082,0.01425858809628703,0.00558058809053369,0.02319031057318809,0.007127351967272546
63,0.5806819274254923,0.3819890362891771,0.008554159379373658,0.005934023711158833,0.013063826559826946,0.009777026634971268
64,4.824793853490827e-09,0.031435681626822996,0.020445087161335317,0.41595839961661213,0.5277416818916018,0.004419144878833929
65,6.876256729801963e-09,0.04230022514554228,0.03941330383471167,0.6115438450955399,0.2923468258570163,0.014395793190932982
66,0.03802518935140841,0.8310359362029892,0.014880489793546003,0.037438189568636586,0.06691038394545264,0.01170981113796706
67,3.1154336367326453e-10,0.08651844622311967,0.002990778660534377,0.13568616347192317,0.7727193348798156,0.0020852764530637285
68,4.5968588333938737e-10,0.011859314310364811,0.003731559039578678,0.1440896534607591,0.8338417979873816,0.00647767474222996
69,0.32389756372529643,0.59361412884348,0.008814747677964413,0.01141228958971079,0.04653169663123138,0.01572957353231709
70,0.19074115372370765,0.0006408340504140946,0.016420506864435146,0.002539854442984063,0.02545931323698929,0.7641983376814697
71,6.834563335067309e-10,0.006328291176436374,0.02012397963473477,0.920831968888074,0.047018827949111136,0.005696931668187403
72,0.0008586910141600949,0.0018550741293576218,0.9707923196654952,0.005045105693443221,0.0026257366855133835,0.01882307281203053
73,0.22852415342391133,0.6782069775114162,0.049526652640701586,0.01753575593703749,0.01536571572462492,0.010840744762308707
74,0.2685790751810336,0.6595094389552825,0.0283127467675183,0.011065980332434694,0.02231921204749142,0.010213546716239528
75,6.64142447553616e-10,0.018542558594111587,0.0018557842328166972,0.232067621624368,0.7390138417181944,0.008520193166366766
76,0.8565872250447331,0.12192164953064313,0.004712850265506242,0.0017337482421582596,0.003329714177811494,0.011714812739147719
77,1.4075046469551617e-10,0.030849187802750856,0.0011620871367176598,0.19883592730593,0.7658410411845126,0.0033117564293385017
78,0.8400750274479065,0.12674045154479527,0.006969459262005596,0.004610921824556807,0.006405953176727378,0.015198186744008399
79,0.057617209183865425,0.7437850437470117,0.018121878344801355,0.03075927677178749,0.12767706328951514,0.02203952866301889
80,0.8118276381364107,0.16243011620828363,0.0055021540880230094,0.002812547889676209,0.0054191274334210275,0.012008416244185334
81,0.895419880933814,0.08446004017087012,0.007467101759358343,0.0012770874652185149,0.002348732249361318,0.009027157421377566
82,0.840604462525757,0.12377118147229813,0.009152305390772423,0.008330395670621597,0.003579626669384826,0.01456202827116593
83,0.8759261179740053,0.09587367212360155,0.004761102504615476,0.004809605972459715,0.0033895036221710637,0.015239997803146946
84,0.0034744983365437494,1.5417046341594666e-05,0.03629413607716647,0.009859659453816307,0.05097289270674976,0.8993833963793822
85,0.8858677817382745,0.09251164555728167,0.005751436776166823,0.0014248834129152533,0.004238902996327009,0.010205349519034757
86,6.354089882805247e-10,0.06791200792088364,0.0017035850589327164,0.0964684442457466,0.8317162380811166,0.0021997240579114882
87,0.010579567122479499,4.983722305505946e-05,0.027467331376682568,0.01683185068316045,0.037712524687464305,0.9073588889071581
88,0.1550514523903342,0.7543915371821198,0.015561747549638358,0.03521723579238783,0.028829274510153505,0.010948752575366419
89,5.437213193454345e-10,0.02527968058132288,0.0059604792366328,0.6488436536123418,0.31768967074624804,0.00222651527973326
90,0.7158135307491408,0.25713224796822576,0.007827617606831639,0.004426296421359276,0.00584890967195794,0.00895139758248426
91,1.2778057271372289e-06,0.036566302003469144,0.12506199716147404,0.5174423659004094,0.23606212191379117,0.08486593521512924
92,1.0463313784268255e-08,0.011328552032912505,0.020308990446896578,0.5552639859112773,0.40334578437081636,0.009752676774783359
93,4.120208737357018e-10,0.06031981459207824,0.0021214444732081763,0.2180576198636249,0.7178035832264529,0.0016975374326148858
94,0.8811919983495033,0.09538685743936615,0.005189036624803236,0.0019488735039563695,0.0032672808467666212,0.013015953235604314
95,0.0007488012944447648,0.0012416313608773547,0.9668404199873274,0.008277936488838239,0.0023275730064228396,0.02056363786208945
96,0.4365231455721285,0.5039453145397135,0.016960389977847663,0.009635366599524511,0.022036266888807637,0.010899516421978131
97,0.1435260907650903,0.7966238110505611,0.01847813159478306,0.011076629146475406,0.025078099778173046,0.005217237664917159
98,0.0015942131521846654,0.004529759754411967,0.9596909918440708,0.005493738992393616,0.0028417617632021464,0.025849534493736608
99,4.595159537220134e-09,0.04208651030744884,0.0034764249578859647,0.16633279405432544,0.7536906999683214,0.034413566116858765
100,4.3111397687102154e-08,0.026448786417513113,0.06136238290109024,0.40514432884469653,0.49690923471353404,0.010135224011768291
101,0.000555442123879574,0.0015230348267085407,0.9084746769134567,0.04119801984450457,0.0054667006019479365,0.042782125689502785
102,0.23223707523149628,0.6878053039708578,0.009100034759138722,0.007611614006633923,0.04721849932016985,0.01602747271170335
103,0.08046617515250934,0.0013638940134652168,0.07409059051529067,0.012848170178693507,0.036886316181971676,0.7943448539580695
104,0.00027366378273242705,0.0010003682049508314,0.9709377471087777,0.0123756837253908,0.002383780186864315,0.013028756991283945
105,9.808003185172777e-05,0.0012366929432366682,0.9526079120184981,0.02818524024274524,0.00506965774387855,0.012802417019789578
106,8.166942307311099e-05,0.0027560092063802387,0.9713471706653093,0.014011411781568924,0.005864122599376452,0.005939616324291911
107,0.00043755853452688836,0.0007482293916140347,0.9497858737884084,0.012807855212355033,0.0018227010406539363,0.034397782032441766
108,0.7913366494160199,0.18680774898806304,0.009094116353557098,0.002419417298837668,0.0035208287972712513,0.006821239146251218
109,2.6044552210048513e-09,0.01134701072563728,0.001284803553763015,0.43942002583802586,0.5331807423576508,0.014767414920467774
110,0.0005867922005962036,3.4352539248229265e-06,0.013618150795022408,0.010410340906740857,0.027969493085063694,0.9474117877586521
111,5.229855120817672e-05,0.00032262647661046253,0.8167670561531339,0.15377365528612086,0.0025776485633387646,0.026506714969587626
112,0.01930622308473178,8.813871187480702e-05,0.06507925584389587,0.007130504422619971,0.04291403493565335,0.8654818430012242
113,5.7197601545253245e-09,0.019577818142638478,0.03541244630045216,0.7903117034473509,0.14840175602833097,0.006296270361467239
114,0.11938340913590094,0.661638715284097,0.022442750493028414,0.052050188356199074,0.10979003928765402,0.03469489744312057
115,0.31027593198804204,0.6247412051101601,0.01656141758907965,0.019234441075617156,0.018259577951364257,0.010927426285736919
116,1.615161045490053e-09,0.00023752404917883762,0.0035442764510892713,0.7035000049943146,0.11281367961300237,0.17990451327725385
117,7.666261325767762e-05,0.001568133462701913,0.9401720295187368,0.04049267496961636,0.004488562888185486,0.013201936547501602
118,0.4988389118362147,0.4568655285700216,0.013169390640250076,0.01057847414719643,0.009569420133909812,0.010978274672407482
119,1.2802035652257728e-09,0.010234510292453715,0.0006878958489363351,0.032315873512914525,0.9245031988617497,0.03225852020374218
120,2.8403228057413463e-06,0.0017562795060674374,0.6241875051584699,0.3588293918997735,0.005855804922860948,0.009368178190022473
121,3.8848437086395883e-10,0.010235297677165921,0.0025432361123862183,0.33580156234999836,0.6448726809717473,0.006547222500217845
122,3.6047597745208065e-10,0.005458057831330346,0.0026535735192000664,0.5385538082015903,0.44613221669686765,0.007202343390535843
123,0.00014890842041078797,0.0008914866599736948,0.942407549573244,0.029770236169436456,0.0032357305943470195,0.023546088582587988
124,0.8688514219089479,0.10849623861559697,0.005462864116097241,0.0023342943820415735,0.004132827534347321,0.01072235344296898
125,0.8946072092984877,0.0760199105004841,0.005561548340389065,0.003686807381649869,0.0029547168342596974,0.017169807644729664
126,0.2685790751810336,0.6595094389552825,0.0283127467675183,0.011065980332434694,0.02231921204749142,0.010213546716239528
127,0.4099906441955921,0.47673695396674276,0.0207881687198229,0.023753303109028616,0.044705881982794723,0.024025048026019034
128,0.4694577337702637,0.44516095612800066,0.02727589702798157,0.02076685430365842,0.020713691219172645,0.01662486755092324
129,0.06786141754942737,0.8511816327498664,0.007761375458988494,0.01513832199903035,0.051373557953851665,0.006683694288835804
130,3.161553615041222e-10,0.022863706407873594,0.0036677013175705994,0.35743563401621736,0.6131007080581355,0.0029322498840474976
131,0.07754668299538975,0.8473494369536367,0.01111611542817443,0.013690567253289862,0.04275438121995133,0.007542816149557764
132,2.5370753491714796e-09,0.0109456741695424,0.017585768840363357,0.7104868817387365,0.2545622332248268,0.006419439489455672
133,0.08682044795740763,0.8309790972303959,0.009679748043300636,0.022112804725845862,0.04272138841027684,0.007686513632773106
134,0.7815233491019399,0.19653736974807973,0.00979073616007222,0.0017327248803039761,0.0036009487424135027,0.006814871367190893
135,0.9038785099486706,0.07414922340514868,0.006056151825710691,0.0020244229274159146,0.002626141140086831,0.011265550752967427
136,0.7612745136082939,0.1702131070527439,0.01120764895820185,0.020444130306780568,0.008617033012082685,0.028243567061897238
137,0.003874040205506304,5.719629205270579e-06,0.020009952412626073,0.003414377824712965,0.039079815862851704,0.9336160940650976
138,0.5026469582935384,0.44690695050739787,0.009709932141044061,0.0043903263911913145,0.028579087941460763,0.0077667447253673685
139,1.6152425433495805e-09,0.2499366182375307,0.005173733517247975,0.3968035984731941,0.3419823208476421,0.006103727309142578
140,0.010018371389573595,3.996168034358174e-05,0.03865186722153341,0.015709174269973824,0.03257351299588023,0.9030071124426954
141,0.8657320090022591,0.11413373096274895,0.0050383911054680975,0.0020029297253954035,0.0031869591848025162,0.009905980019325621
142,0.8762399907669824,0.08438748274729915,0.013386226942594462,0.0037254056860229973,0.0025575866924795513,0.019703307164621497
143,0.840178043873885,0.13888089327245776,0.005865900431665134,0.002282550112025395,0.003448041533817745,0.009344570776148878
144,0.904153843578548,0.06602984749399088,0.005464300075242103,0.002611279511912898,0.0032715490530635786,0.018469180287242575
145,1.8401295515637678e-09,0.04436115128881036,0.0038687385120900614,0.20710692687637353,0.7365361342506562,0.008127047231940389
146,4.5641354001568516e-05,0.0005697578306239607,0.9173511426789783,0.05583238666531155,0.0026849788074597898,0.02351609266362485
147,6.032710934288654e-10,0.003246752056276895,0.0059679667284686985,0.7537055592836613,0.22697117094997776,0.010108550378344282
148,0.004091910363809959,3.7807293548118145e-05,0.05431262475338247,0.036414070814373284,0.024508475288637345,0.8806351114862488
149,0.0058558957599970955,6.700959117078575e-05,0.07143512292290367,0.02717880546963089,0.023043686842840857,0.8724194794134568
150,2.6652429785122734e-10,0.07853438800954786,0.00230980512553866,0.10931053235884511,0.7901781794517683,0.019667094787775768
151,0.9026054316370271,0.07148670115922004,0.0064055116665842965,0.002789543591260991,0.0021804816205331684,0.014532330325374387
152,1.0338750657322108e-11,0.005597581902433478,0.0016151733220926509,0.4974554481367375,0.4798670008949282,0.01546479573346947
153,0.877726548657276,0.09977843141149044,0.007582277585708699,0.0024882997608559705,0.0018346309637105296,0.010589811620958269
154,0.9045780125560235,0.06916717009112983,0.008170482346397065,0.00246583170380694,0.002126310157257765,0.013492193145384784
155,0.875668179378777,0.10513835337435568,0.007666740204091774,0.0018431646659617365,0.0018228840211723198,0.007860678355641571
156,0.00026895789716331993,0.0019751248011500057,0.9732555822875392,0.004453669488965584,0.003340383733068911,0.016706281792113052
157,0.02478668117523072,8.395735382669506e-05,0.03192199598365106,0.009383454179518306,0.03186116577178553,0.9019627455359877
158,0.0004842820201022565,0.003061079709972373,0.9805689396229846,0.004349267766605381,0.003923829029098602,0.007612601851236794
159,0.0940666479967356,0.8200099700255754,0.01651200001157179,0.015213598609276456,0.04515123598447266,0.009046547372368072
160,0.012982297018707262,0.0002899571993578571,0.044404746344463876,0.020053199279894084,0.056916285859570336,0.8653535142980066
161,3.437923717406663e-10,0.015507422401666254,0.0017912264644991342,0.09495434223618218,0.858655584822788,0.02909142373107194
162,3.516103915498325e-08,0.04733596571119377,0.07165666675378383,0.5367842424954411,0.3213051101163324,0.022917979762209835
163,6.300439697858031e-09,0.06666527483435292,0.0030416669766540117,0.1501233396994011,0.771889339690818,0.008280372498334422
164,0.01110190767537906,8.945909986191275e-06,0.022154227842503423,0.0025132557137262355,0.041352976518627134,0.9228686863397779
165,0.8759182063557519,0.10673037720907488,0.00620518137781901,0.001476932952893436,0.0026214179309131326,0.007047884173547629
166,0.12356705285328445,0.737313404123874,0.009592293934355239,0.028399763905529767,0.06404331919127376,0.03708416599168297
167,5.378821650101681e-05,0.0007052023885233176,0.9169239375712499,0.06851838314133767,0.002841377345134802,0.010957311337253367
168,0.00030712154355003424,0.0011631641954718277,0.966488367524847,0.011853778425479336,0.003011875394722562,0.01717569291592918
169,0.0003420010660439801,0.0022880776138311156,0.959671384777681,0.009803835645900231,0.00411457126322496,0.023780129633318648
170,0.9052846359189483,0.06847102395320662,0.004096319452613638,0.002352514994367635,0.003894176978984465,0.015901328701879023
171,1.2915486804719374e-09,0.023916283144464603,0.0013761143428916694,0.04385370857146173,0.9169303301858978,0.013923562463735545
172,0.02419468102116035,0.00010780204725012332,0.015994478996040583,0.007885517431298977,0.028641872679241082,0.9231756478250089
173,0.8644929815278947,0.11105127448852309,0.0043822060029539405,0.002834187606094974,0.004603047467628785,0.012636302906904354
174,0.003408872359729811,0.004653415140261232,0.9556765604899068,0.0045529183367919515,0.004523196770929019,0.02718503690238135
175,0.0002699213186156653,0.0011533572492193754,0.907229870400758,0.0592420466245233,0.004753066437552254,0.02735173796933132
176,0.0016380637444113394,5.912643764192933e-06,0.0476442326838708,0.008847611974584923,0.04601369979192137,0.8958504791614473
177,0.0019341166645635692,7.888711627938725e-06,0.021467826289296787,0.020278899024742645,0.016858136903174146,0.9394531324065949
178,0.0022575270400811186,1.000216838829125e-05,0.08030466222848978,0.017784773731326954,0.02335981176769192,0.876283223064022
179,0.0001326879937533572,0.000611460490534927,0.9438208894242266,0.03028310753939494,0.002667413660695973,0.022484440891394175
180,0.008506341223152778,4.824225740379066e-05,0.08473331735211793,0.026168358010540963,0.013959406407962166,0.8665843347488225
181,0.020340941922240344,9.093462889370782e-05,0.03965295959543843,0.010988345776808474,0.032200088220564076,0.896726729856055
182,2.515397771309413e-09,0.011197367384459676,0.006856999307450472,0.36730299118027343,0.608641347582603,0.006001292029815599
183,1.2420754996736325e-10,0.00594708174769046,0.0005375743700739317,0.10239236650046456,0.8737890246649888,0.017333952592574923
184,0.0042558755880547005,0.01050006359746134,0.9334397750570842,0.004341804344269679,0.007970769323879343,0.03949171208925077
185,0.0009189359980531868,1.3825355017385085e-05,0.10976123348930955,0.03157334334221056,0.02672051962205271,0.8310121421933565
186,7.816836670123212e-10,0.007734085479456504,0.008468719991993638,0.9437189663611445,0.023165798388189707,0.016912428997531904
187,0.037106061147837634,0.8345452987560041,0.03420276967806295,0.03257190970503847,0.05122896219158281,0.010344998521474037
188,0.008051093562233104,2.8885776734866925e-05,0.055159844760104514,0.016452343958681052,0.015600173727996157,0.9047076582142504
189,5.330497299120506e-10,0.002531832215013596,0.008163007608326497,0.7346232781360865,0.24256089451741697,0.012120986990106908
190,4.546516697953612e-05,0.0004858179779750279,0.8874289202109885,0.09431630399709469,0.002479702995559934,0.01524378965140226
191,1.8073886847907354e-09,0.008686535204338184,0.0025296508922654022,0.46476121429519085,0.5166977523838336,0.007324845416983348
192,3.785058372792615e-10,0.008625146120219097,0.0007668257057295493,0.13579300150424495,0.8417204168245297,0.013094609466771006
193,0.868483105811456,0.10988361923127903,0.010702823762159048,0.0012517765135240239,0.002264555326148075,0.007414119355433776
194,0.0006674608526286879,0.004724966052583627,0.9593972752718728,0.013708093192431967,0.005122568013561275,0.016379636616921604
195,5.963928660528752e-11,0.036948410548433695,0.00037718158449894266,0.042533443513085786,0.9152113995032632,0.004929564791079142
196,0.8725653045732543,0.10312703134781503,0.00524275620548071,0.00410072161111439,0.002976179689530727,0.011988006572804775
197,0.8695686017359584,0.11074558087459291,0.006757049363693175,0.00220233302093835,0.0018693375737094445,0.008857097431107597
198,4.546516697953612e-05,0.0004858179779750279,0.8874289202109885,0.09431630399709469,0.002479702995559934,0.01524378965140226
199,0.8688547530662517,0.10083005177576745,0.0059290435573970835,0.0032391938402682495,0.0036637299370320515,0.017483227823283713
200,0.2517733310139661,0.6678692202607313,0.014188398041644013,0.013773944699734732,0.03859108313044349,0.013804022853480332
201,0.8763263954391458,0.09465619242114894,0.005421501618215847,0.004305721023642689,0.002942911972095883,0.01634727752575058
202,0.03202371369353259,0.00010680626280858606,0.02263510665176351,0.00491729130882587,0.050221021152821545,0.8900960609302478
203,0.8855668899530728,0.08849146630174876,0.012412732158450065,0.0017170692173752178,0.0022299993818499842,0.009581842987503149
204,0.870335168909307,0.10941017184244735,0.004942742732747134,0.0025020330207555295,0.0028552211718249135,0.00995466232291789
205,0.013742906788928444,7.541404942894124e-05,0.04267736115904609,0.013976434168937193,0.032978641169743625,0.8965492426639157
206,0.00013295604931199935,0.00017694095145876434,0.8662221946197126,0.0862465250923707,0.0014982452202935341,0.045723138066852444
207,0.0066100615918473085,4.211022202699801e-05,0.05665617105904475,0.017886159403763858,0.039468001170959395,0.8793374965523577
208,4.421642265110251e-05,0.0006973101098336515,0.9387773306266146,0.04275094411000191,0.00416561010545291,0.01356458862544562
209,0.1531462766231949,0.786373911018234,0.00687209306896022,0.01420734810818908,0.03171413749453335,0.007686233686888496
210,0.0007346434388799767,0.0018661862445775704,0.9598171849923364,0.015099623520370689,0.003074468140194304,0.019407893663641068
211,0.6857708617935733,0.2364168962289374,0.014145900413724467,0.02890612759318954,0.011918131226069216,0.022842082744506102
212,0.001178753683136831,4.638839621255512e-06,0.029718344592082637,0.012267714630225262,0.019667360389787187,0.9371631878651469
213,0.872689946726009,0.10871202050443766,0.006597960094106072,0.0014993190772755083,0.003133408547959563,0.0073673450502122345
214,1.7161283019022046e-09,0.046489723115615285,0.004428360988038511,0.22710251621829222,0.7066576060825083,0.015321791879417264
215,0.32146398823979727,0.6196823002560927,0.016583207070329377,0.011953063911907048,0.01847026512479002,0.01184717539708347
216,0.0017268512215539746,8.512399866705253e-06,0.030111653630656977,0.04005880399504216,0.017911518112236856,0.9101826606406433
217,0.07388839718071316,0.8258954020112894,0.014361152284689729,0.0066197680786788966,0.07294656928019971,0.0062887111644290665
218,0.0045217149018006615,4.614833511017756e-05,0.04452050531097852,0.012061781310573162,0.06760078626618062,0.8712490638753568
219,0.0027649502692395442,4.76284737650795e-06,0.009568199605353645,0.02272886279850091,0.017564087092120817,0.9473691373874086
220,0.886883511469909,0.09098173908644118,0.005460351250760355,0.002220902806607854,0.002947302702920978,0.011506192683360575
221,1.2823641232505458e-08,0.01839256069109951,0.02570510464456248,0.8474115596557487,0.099289050981546,0.009201711203402031
222,3.7413501444590183e-10,0.007305285375756909,0.006050685420361475,0.7295885432526081,0.25150532386304825,0.005550161714090411
223,0.000288055186664214,0.0024885344644441786,0.9736182684677455,0.008378428067181315,0.004595336684649362,0.010631377129315493
224,0.7022792365120057,0.2595963019461214,0.008593435350859557,0.0090315896109729,0.00758948217017098,0.012909954409869466
225,4.0213782816851895e-08,0.002908387378405161,0.01526410950368345,0.24247795926506371,0.6645526613867196,0.07479684225234531
226,0.004473285389518179,6.515851599841795e-05,0.057420042563342766,0.0294067892306014,0.04641688369886693,0.8622178406016724
227,2.3255717332184715e-10,0.06442312086143326,0.002317897620940041,0.01866154934497987,0.9070114122758698,0.007586019664219806
228,0.06360603592045089,0.8483507531469169,0.008930614080964364,0.017657102035270742,0.054475219982698,0.006980274833699181
229,0.055332694486766414,0.00026987722430838585,0.01282884656678069,0.005837602417234104,0.04213699982959647,0.8835939794753139
230,5.539664264567269e-05,0.000527034978755043,0.93936849499572,0.04169239689726314,0.00311680141451665,0.015239875071099659
231,0.003712928091215953,1.2353866083573713e-05,0.03132961103937104,0.015792272600878662,0.03106333187799318,0.9180895025244576
232,0.743858373620738,0.23434982977024552,0.009503556155880135,0.001671096404195248,0.0042468725274952945,0.006370271521445815
233,2.580829660893062e-09,0.024811657986958453,0.025259269767772853,0.7393359578496591,0.20766823136061627,0.002924880454163777
234,1.2076236628844278e-05,0.0002889671045982557,0.7864749851990349,0.1882845298188472,0.0027367335233929565,0.022202708117497964
235,0.22684387791222313,0.7317776419515993,0.010569243159276558,0.008135098239598121,0.017551999143841993,0.00512213959346084
236,6.462709311005835e-10,0.008882441498928684,0.00867363824492025,0.707386148164361,0.27140500233972675,0.0036527691057924184
237,0.8832004031047626,0.0958906659247976,0.006161577489941071,0.002085406262664784,0.002220747464492512,0.010441199753341601
238,0.005656703942974112,7.260781126648677e-05,0.07782824286047987,0.04183700543612766,0.022657636057235163,0.8519478038919167
239,0.006688185976331612,4.028932293259109e-05,0.04322627731060993,0.007080365094315578,0.06804081358806216,0.8749240687077481
240,0.8797582469179197,0.08876057779529671,0.006178610719725233,0.004789027535471284,0.003322575801932028,0.017190961229654977
241,0.8902426806315591,0.08878448803004234,0.0056144290613861685,0.0014336650890614331,0.0027899422562312143,0.011134794931719823
242,0.16929702138242583,0.5836629827448175,0.02269432302710921,0.030269037519514024,0.1564742736972276,0.037602361628905664
243,0.0007837366400448323,0.0029447559951481833,0.9766113389619838,0.006345209606543636,0.004113767832055399,0.009201190964224079
244,1.8073886847907354e-09,0.008686535204338184,0.0025296508922654022,0.46476121429519085,0.5166977523838336,0.007324845416983348
245,3.161553615041222e-10,0.022863706407873594,0.0036677013175705994,0.35743563401621736,0.6131007080581355,0.0029322498840474976
246,2.3109043299354208e-10,0.0010229401123959913,0.003205954663406412,0.758603916761006,0.19555872852529302,0.04160845970680809
247,0.8702628124677582,0.10899268775384058,0.007995430135273133,0.0021289446816110183,0.0020865344172232457,0.008533590544293672
248,0.2724424108262222,0.6799420490102873,0.01109597208144615,0.011587493243940383,0.017566147753636838,0.007365927084467162
249,3.4889830195100654e-08,0.011736913591872367,0.009501304049789154,0.1250382903967755,0.8371810916148557,0.016542365456877192
250,5.746194633881553e-10,0.053244507170169916,0.0022159134687992107,0.1324637993080639,0.8097273424866491,0.0023484369916983894
251,0.00018198973770836295,0.0007536544233562635,0.9286390538750379,0.035867509205683754,0.002873724659104472,0.03168406809910919
252,1.3812560557728224e-09,0.06685367764144519,0.00860032136921745,0.4521670963046847,0.470050983740107,0.0023279195632895304
253,1.8033050774544756e-09,0.0041937098502896,0.00544393849063619,0.503589794173272,0.4775772996805195,0.0091952560019776
254,1.2967319900523683e-09,0.02463716615915776,0.0047006941374425825,0.20650504064624103,0.7436539440931066,0.020503153667319925
255,0.00037875362775978237,0.001211288849522607,0.9698514783611998,0.005268230654743702,0.0023690332471488326,0.02092121525962515
256,1.7813184827863782e-05,0.0005407129348898189,0.8489623668373135,0.13194050163528132,0.005207998905098656,0.01333060650258885
257,0.8732446082152042,0.10561509929599752,0.00997277509558094,0.0017679544323890694,0.0022198704452671197,0.007179692515561126
258,0.11367753916385566,0.773248103166215,0.012020943731645655,0.04376356978147397,0.039975309674521745,0.01731453448228806
259,0.8388743268476399,0.1333061630919581,0.004637343058597681,0.003084874876143683,0.0049471713364327334,0.015150120789227962
260,2.5199620976951515e-10,0.005965990536371219,0.0040317213608001825,0.6587287585992538,0.3221033486832567,0.009170180568321758
261,0.1269365406223496,0.3428939003243585,0.07813340106926155,0.20225641413011197,0.13093469028024957,0.1188450535736688
262,0.003540273189028948,1.3770403075240333e-05,0.0348984083414913,0.01890639162013644,0.016998243005604832,0.9256429134406632
263,0.8778227133935895,0.10055548153328221,0.005277978520402404,0.0025303437759804336,0.0025590972414321895,0.011254385535313246
264,0.010432146962192152,3.680390966061041e-05,0.033327083349118915,0.005811860694924641,0.04749030351250644,0.9029018015715972
265,2.7961578123799537e-09,0.0011555514747617747,0.007784150196994864,0.7706403606074024,0.1851650057576133,0.035254929167069834
266,0.00020693594402057693,0.0012638319983308158,0.9690921044828361,0.015855049022316322,0.003444217640973156,0.010137860911522925
267,0.0001650829326022472,1.1528000062721503e-05,0.1050807518216609,0.13403368988786632,0.012895692602391706,0.747813254755416
268,0.08589167984088646,0.7729490047857913,0.008420602154941986,0.024264599512146965,0.08987653459773892,0.01859757910849433
269,1.2901890771769034e-09,0.08690063053383035,0.0014754731666905153,0.05607356224140683,0.8520641635548131,0.0034861692130702367
270,0.01355838801145756,0.00022629045711758652,0.042554742171453254,0.026742243636671055,0.02821413168138444,0.8887042040419161
271,2.7913584687117474e-09,0.01915247649450579,0.01832372083015547,0.7544499346562369,0.20504556941800947,0.003028295809733818
272,0.0003094321932855703,0.0008385102023541084,0.9526777897498667,0.01809652788098365,0.0020765310919480355,0.026001208881561842
273,3.8770014223900376e-11,0.012406548063113462,0.002313392077220281,0.4661095378170178,0.5103696369751785,0.00880088502869994
274,1.1490294704119654e-10,0.008186935489960202,0.0012358323263666892,0.4980457337714197,0.48744587145388424,0.005085626843466203
275,2.1415820111495055e-10,0.019741099181908566,0.0024310025510731453,0.3246686649661324,0.6493069312183034,0.0038523018684242013
276,1.2540746989383185e-07,0.00010894844990309975,0.0037865700170121343,0.6543276591445224,0.037503339202547566,0.30427335777854475
277,0.851406516664378,0.12859335727409862,0.006682695417929728,0.0016706300009005895,0.0027538861910518142,0.008892914451641218
278,2.9946731472585284e-11,0.03115701009457613,0.0010728997373258607,0.13190385907661284,0.8321399993129229,0.0037262317486156152
279,2.811705187752534e-10,0.012007527983829534,0.004997759148294054,0.7278430697438065,0.2524917516508644,0.002659891192035013
280,2.2536802152151603e-10,0.017034315688907873,0.0021547816060392033,0.473667855007701,0.5055224160940316,0.001620631377952135
281,3.2033341656334554e-10,0.0017942127458586738,0.0053628760393402185,0.7310591080270867,0.21198613073658407,0.04979767213079707
282,1.6413012394796742e-10,0.011997566182512418,0.0033285051196899197,0.5636988569231328,0.4168342558191261,0.004140815791408741
283,2.6603972809592863e-05,0.0017370872109692495,0.9003621243903318,0.07673631734644017,0.010535880543767426,0.010601986535681746
284,0.21686200391607763,0.6798526436145458,0.008026908747646302,0.025520396649211026,0.044799201277468934,0.024938845795050478
285,0.27443341696964146,0.6702112770156557,0.01944412829093104,0.008907087639366807,0.01919210834741236,0.007811981736992441
286,2.819975332060644e-10,0.005359965752739808,0.004639978551320721,0.7111805346498377,0.26519644693891153,0.013623073825192712
287,0.00028834736429010074,0.0015069557816830739,0.9605969289849523,0.014264137935487664,0.002824356740732118,0.020519273192854858
288,1.4542133053817558e-08,0.08462933914699876,0.02419240953530506,0.48441937544365704,0.4031380967382377,0.0036207645936685
289,0.5518691663085468,0.41569362860948544,0.007163876850271534,0.005371242791560947,0.011275720118117831,0.008626365322017491
290,0.00013422787418719044,0.003762291535219419,0.9698708067580004,0.011861894636830081,0.007650015107620792,0.00672076408814208
291,0.31812820765256133,0.6283534345058325,0.00988464700394476,0.006310870519078043,0.02795683952664313,0.009366000791940393
292,0.1298327107837738,0.8111169010098377,0.00997933202107385,0.012422540961072207,0.03060277881702235,0.006045736407220163
293,0.0006918663264496157,0.001758244332537563,0.9468140546712831,0.019286318720235365,0.0034447312365996556,0.028004784712894793
294,1.4380045309817655e-10,0.02987298183348126,0.0012012541198044905,0.13952061935864463,0.824940636207901,0.004464508336368203
295,0.8969035932165051,0.08157393293141767,0.006245112845497392,0.0022770421300357642,0.0020193631825595965,0.010980955693984561
296,0.0016654551896108283,0.0033238874239057705,0.9685594857739166,0.0019376075810321742,0.003165697479019818,0.021347866552514833
297,0.000615630572041545,0.005654005598415008,0.9783409498358244,0.002745640455202416,0.004894070779559369,0.007749702758957329
298,2.617859794765495e-09,0.011544449570547188,0.012192919371420717,0.7390293032751684,0.233062608729861,0.004170716435142845
299,8.337082624103497e-11,0.007638979381593956,0.0022672544320958493,0.5224931645066653,0.4630181894710139,0.004582412125259971
300,0.03039574493754729,0.8640881062916637,0.018270315516248616,0.01844773523415377,0.06317118172960072,0.005626916290785865
301,0.12345370803553372,0.8213453700521596,0.01098075293470512,0.010718671044305069,0.02851364203622723,0.00498785589706944
302,0.03386449039839651,0.00021845094904874584,0.0467991689420825,0.00930899040863095,0.03270253764849793,0.8771063616533433
303,0.06244403921191067,0.0007365942085346434,0.06970393167013905,0.010800243645329598,0.039129171873010724,0.8171860193910753
304,0.41070433088971275,0.4334151340198801,0.03128669169928975,0.048235667314610514,0.04492113398603356,0.031437042090473266
305,0.003993425241543511,1.0840582485831358e-05,0.03819176259302704,0.010756810323139047,0.03015134922760884,0.9168958120321957
306,0.8381307194374941,0.13775674297323737,0.008681541687962837,0.0027166357299592595,0.0026618316031825117,0.010052528568163771
307,0.6143600651365126,0.3493585525662038,0.011566352927504981,0.005261340006193901,0.009909257926778317,0.00954443143680641
308,0.5773045414103984,0.34735986528198637,0.022605103069602346,0.009888834726094472,0.018138817819657403,0.024702837692261007
309,0.6486517994309415,0.3006225590526045,0.01445697880387014,0.003142016660076189,0.022399017786739965,0.010727628265767775
310,0.2812319616155636,0.6756623051287406,0.013102975966585806,0.009430152620800719,0.014593055726420393,0.005979548941888823
311,2.873524949549584e-08,0.02034485209935146,0.03702200207032178,0.5642676980950388,0.29964156991481317,0.07872384908522527
312,0.8866068962055282,0.08567993145453712,0.004073311640336435,0.004054603062108755,0.003930616487231092,0.015654641150258223
313,0.015363500378037135,0.548769411769287,0.02871919913523999,0.006441984064091986,0.36326651931251974,0.03743938534082418
