,proba_0,proba_1,proba_2,proba_3,proba_4,proba_5
0,0.1359176941301204,0.4250231785870384,0.09671813093183139,0.053876453143654864,0.03911689082342139,0.2493476523839332
1,0.09941072481916026,0.2730971696635511,0.10195002534476119,0.059925630514226745,0.04280237631842632,0.4228140733398746
2,0.06937521660065772,0.14285397067671074,0.44849243981201403,0.09342490728596248,0.05848056196626234,0.18737290365839246
3,0.031899264789900225,0.044969984351651754,0.11556609554209467,0.2523774025192911,0.4635805533087754,0.09160669948828688
4,0.07425907279346121,0.16039819972888353,0.47941714991097295,0.08410060613609881,0.05409576586065346,0.14772920556992983
5,0.0599738157242179,0.12179262228778537,0.12161692761338261,0.08820162703326608,0.0579634316488989,0.5504515756924493
6,0.03707664729689117,0.05386917149855887,0.1325299969200589,0.32852892906126363,0.32160588632317955,0.12638936890004823
7,0.05724912733857177,0.11540791394391747,0.5149299854730012,0.10303162829168722,0.06261369462598768,0.1467676503268349
8,0.06390648376631156,0.1335552952324526,0.12166902092364316,0.08541249784288996,0.05631498302312636,0.5391417192115764
9,0.032713035689515356,0.047182051376688426,0.11431757833761767,0.3125843472391082,0.38711660481312354,0.10608638254394741
10,0.7578338331089356,0.08038109648823336,0.05081463764295958,0.030781096184823515,0.0236412937781312,0.05654804279691643
11,0.07133946222733241,0.15003176113643577,0.4883741363179193,0.08626175628689152,0.0548105997046602,0.14918228432676106
12,0.07551381505778562,0.6455676608945574,0.08377474342549791,0.049064809497376946,0.036669731183818804,0.10940923994096315
13,0.058203163363909176,0.11457373419084889,0.49358411814820985,0.10606899750478482,0.06410631453222679,0.1634636722600201
14,0.1318037260894359,0.6134195156160565,0.07825776617507424,0.045381815670851006,0.03411434662170182,0.09702282982688025
15,0.03157276711855877,0.043917668479475674,0.11938635278354982,0.5272181763375107,0.18796038484787655,0.08994465043302831
16,0.06375597386404717,0.1310605982668537,0.504462608420516,0.09231092360406375,0.0577535667815348,0.15065632906298448
17,0.03184927709782492,0.04525264114674294,0.11292657591800138,0.4219847856963285,0.2887423458335857,0.09924437430751637
18,0.29829813364006036,0.5184484575908603,0.05406083486144328,0.03426352122322354,0.02613712245176137,0.06879193023265122
19,0.757176060377769,0.08812681280881918,0.048450384344237034,0.029350991400255096,0.02258813291832008,0.05430761815059968
20,0.7233033467649516,0.11525687242895462,0.04761393085142998,0.030504622825299123,0.02343392556465467,0.05988730156471008
21,0.10797116957293071,0.3388263384072386,0.07818635882254085,0.05679228996525085,0.041020434467624385,0.37720340876441455
22,0.32751186732357074,0.5068137637297732,0.05104347850701918,0.03184266384321333,0.024401542262999728,0.05838668433342415
23,0.033070121900091946,0.04650962045740135,0.13411957762130075,0.5184404735638356,0.16057644118368652,0.10728376527368362
24,0.7620030744120051,0.09035584357360141,0.04381222542400993,0.028494562205617198,0.022050669023971868,0.053283625360794
25,0.0341005190253617,0.04850055167478062,0.120734602807929,0.24984064890853402,0.44354889624230526,0.1032747813410895
26,0.6713559877575299,0.16912097283579489,0.04731788430758206,0.029461626241251353,0.022685626433846653,0.060057902423994794
27,0.030483996537664093,0.04288892660134588,0.11135505639584427,0.432718453130802,0.29564074936823237,0.08691281796611124
28,0.11296219789902154,0.3546062655565431,0.08859242419458542,0.05554323143019921,0.0403330716158472,0.3479628093038036
29,0.03352701982394765,0.04837215033718044,0.12012782111990278,0.2765317714206878,0.415405206752563,0.1060360305457182
30,0.08176003289536818,0.20258314311938708,0.10784158269322767,0.06859401068785154,0.04762184994956065,0.4915993806546046
31,0.09909809009259778,0.28669315722203836,0.08509660698743282,0.060510874131883455,0.04313351464219073,0.42546775692385647
32,0.033027052912595424,0.04618485257939597,0.12425660568193764,0.47323684478005695,0.22690678439282594,0.09638785965318825
33,0.02956163509584981,0.04178607080233546,0.1010350481715021,0.2660800796716943,0.4744495488353932,0.0870876174232256
34,0.24258470839495452,0.5290768023881611,0.07252752413852508,0.04054147320470678,0.030608380974036904,0.08466111089961574
35,0.055102906926318786,0.11029056331266363,0.5016611929463076,0.10860053876887676,0.06553245770771939,0.15881234033811398
36,0.08636175462183679,0.209678319805912,0.10846559569609371,0.06689068689996226,0.04664972282744593,0.4819539201487493
37,0.08652612041624505,0.6555710520314243,0.0753676389058148,0.04621519031506733,0.03461301700046861,0.10170698133097963
38,0.033333921568390885,0.04652817006819381,0.12789734329808847,0.5081180655680109,0.1875180751901913,0.09660442430712461
39,0.08355390277556703,0.20514324433509468,0.10776181169933047,0.07000568154170209,0.04828046211196468,0.48525489753634116
40,0.15438113822277688,0.6413185589402056,0.06590197537574809,0.03787854195952969,0.028780775695180828,0.07173900980655926
41,0.10640836691668204,0.3212301354834125,0.08654315619843836,0.05741765154019957,0.04134725837432095,0.3870534314869466
42,0.03025168114643045,0.042301841085852825,0.1151212788201377,0.5334172512849364,0.19330257619195584,0.08560537147068648
43,0.05581472712230494,0.11251285689953537,0.5073732684634362,0.11133186488499663,0.06638796709402965,0.1465793155356974
44,0.0794673237894188,0.18704971458140987,0.09580720292813288,0.06937355876381145,0.04787059122384173,0.5204316087133853
45,0.7412501353462034,0.09341836984451703,0.049794567995798844,0.031020699634909027,0.02387720147353015,0.06063902570504168
46,0.03358275417870867,0.04781076651270874,0.12184998916929554,0.3338725828067492,0.3589060422524343,0.1039778650801035
47,0.03000552874959766,0.042215063178104306,0.10625880748095196,0.490980423472523,0.24276670943098738,0.08777346768783574
48,0.4521056743263985,0.34135519497991346,0.06245732468630548,0.035395569679283215,0.026747567346998236,0.08193866898110137
49,0.03241390798466099,0.0457277305239181,0.12218021804506918,0.45890190954985505,0.24677580805799254,0.09400042583850415
50,0.07960246069209208,0.622985577840886,0.08893235254970701,0.05074410263597157,0.03770737102859704,0.1200281352527467
51,0.5026592707402281,0.3274480506723696,0.05164414018933029,0.031776654021548834,0.02435776960186527,0.06211411477465795
52,0.0789654923675744,0.17155096069738227,0.4551157480630956,0.08286002527070398,0.053331319884605016,0.15817645371663894
53,0.05535486189107681,0.11064830786624141,0.5013237999972988,0.10474609791377572,0.06393019775008817,0.16399673458151917
54,0.11264843235240746,0.3691983105353001,0.08168326371357439,0.05609386166829776,0.040523036913695236,0.3398530948167248
55,0.10260695659670342,0.297776117479201,0.09990664162543177,0.06020011405023714,0.042924663256832155,0.39658550699159417
56,0.033128571538616085,0.04702544609332308,0.11729961753177626,0.2312789693971945,0.4730882792792427,0.09817911615984734
57,0.08857506714725945,0.20626955115112983,0.4111244720482027,0.07330916268618186,0.04898612197503006,0.17173562499219613
58,0.060393205030453374,0.11990597548623495,0.4760805429949678,0.1016408579142421,0.06266509369471328,0.17931432487938864
59,0.05839162542812735,0.11834480702908397,0.5048650743188666,0.1079711208007395,0.06448940301590253,0.14593796940728
60,0.03215890232867237,0.04539743400046769,0.11079754643561385,0.18869012341350588,0.5269569861919076,0.09599900762983272
61,0.033682670698979233,0.04745818559093061,0.13170666598364358,0.4435369544879885,0.24382328539739198,0.09979223784106582
62,0.30177561442854883,0.5195462429839609,0.05634565971133505,0.033868677662521315,0.02579134659799238,0.06267245861564148
63,0.3121617789411685,0.4935023165218613,0.059219479647062215,0.03578539423679663,0.027288011438083966,0.07204301921502715
64,0.035736489226346785,0.0509735571720296,0.14133106204913723,0.4732904863633211,0.19074837699866573,0.10792002819049955
65,0.03075497775628719,0.04325084197125429,0.11460565751655334,0.4997474393234665,0.22072579768861775,0.09091528574382082
66,0.07744515676405556,0.6557236296618981,0.07675331894707253,0.04728009023311751,0.03552258959334621,0.10727521480050982
67,0.033199494567978424,0.046714671594356535,0.11951941605182745,0.21720991222599276,0.4890042327506878,0.09435227280915709
68,0.03183909840217796,0.045149986043091686,0.11722767730967275,0.2922851349370011,0.41981988976166934,0.09367821354638685
69,0.17873136176598012,0.5939509382963309,0.06947313600972832,0.04143715164980713,0.03132133377349116,0.08508607850466225
70,0.14476361872460863,0.4435810237533305,0.07926798319474167,0.04840084464837685,0.03572793845708317,0.24825859122185934
71,0.03315052323938021,0.04683261418373983,0.12339467677244823,0.5114512935164354,0.1824683372705789,0.10270255501741785
72,0.07356180982973695,0.15429247366801815,0.4709977446360815,0.08416185054003017,0.053947845741990165,0.16303827558414274
73,0.11202527713614778,0.6400391879948326,0.08120642413327216,0.04265381186595581,0.03213244867366323,0.0919428501961284
74,0.11200739724992978,0.6166238383862072,0.08235625284481818,0.047156290838994815,0.035388726011363204,0.10646749466868728
75,0.032148484114384625,0.04559708524011446,0.10834334957771857,0.19184268661552611,0.5252024763881254,0.09686591806413086
76,0.7338236991445664,0.10722886166135259,0.046149031592745846,0.029937063715300118,0.023022505564787875,0.059838838321247464
77,0.032213796949224265,0.04571871624573748,0.11172995285606009,0.22084442279928723,0.49292873269599036,0.09656437845370051
78,0.5762560433184253,0.231212630174987,0.05864129356566344,0.03394302079584706,0.025757646214759507,0.07418936593031755
79,0.121429054324077,0.6032700405422202,0.08699466808205446,0.04794966443133662,0.035599854655171674,0.10475671796513995
80,0.5678537881433636,0.24917989948480243,0.054084693490705715,0.03292111242138669,0.025003647062922796,0.07095685939681892
81,0.7474810924423285,0.09127790174740734,0.049635063248360096,0.030018960750066256,0.02305641573446701,0.058530566077371
82,0.6572639317237597,0.18140514520571793,0.05063808711929323,0.030235588327791087,0.023292821094721913,0.0571644265287159
83,0.7204589412850795,0.11545391817107559,0.050064526868160035,0.031058398871679868,0.023938988837243783,0.05902522596676142
84,0.09430373251423885,0.25818537234606237,0.08694061601418691,0.06271282685157602,0.04412640399660822,0.4537310482773273
85,0.7267419286610299,0.10124855538685323,0.05232314343999558,0.03195004072879007,0.024448326445519676,0.06328800533781127
86,0.033475705498866255,0.04763615882995405,0.124662388330588,0.2953752218187353,0.3960774541812729,0.10277307134058342
87,0.1029256718563135,0.31089120029467315,0.08862443889999554,0.05914486925218273,0.042326001136831624,0.39608781856000347
88,0.10222349279413759,0.6777153718062771,0.06508163038923724,0.04102797844258229,0.03109769961273426,0.08285382695503168
89,0.03444461856903059,0.04906192952205016,0.1336348124469052,0.44184211203269175,0.2373637846697814,0.10365274275954076
90,0.47882500658212074,0.3526878501143644,0.050628343308944966,0.03133381616882742,0.02406163677046502,0.06246334705527763
91,0.043503071695006154,0.06351084624830924,0.19103379684556307,0.42563917318363553,0.12749080451257327,0.14882230751491296
92,0.035648300527353946,0.05079642822624081,0.13815699123033118,0.4898182142461414,0.17830142891765197,0.10727863685228088
93,0.032158471201956244,0.04566068117926882,0.11643947138833942,0.3191358130632574,0.38825512460045175,0.09835043856672607
94,0.7648743341277298,0.07939611747668003,0.046807663156461995,0.029723305277120186,0.022918621233257868,0.056279958728750204
95,0.06656888991453441,0.13598622166514754,0.4776581057341641,0.09200417230675284,0.057827538727547256,0.16995507165185386
96,0.1831622422029899,0.5685944546344244,0.07806580022812583,0.043686194401959026,0.03284693574837912,0.09364437278412191
97,0.14517631312137771,0.6659539093767916,0.05802889526077295,0.03604174829132195,0.027565422027530297,0.06723371192220548
98,0.08246996395794533,0.1859771405078648,0.42937634947983466,0.08136340939126034,0.05277300594986137,0.16804013071323343
99,0.03213572017973534,0.044980647209479724,0.11342060225160341,0.29687863344380494,0.4129461296944952,0.09963826722088141
100,0.03503542422394308,0.04953780891190734,0.13384162933110155,0.4975464093413674,0.1785855285438016,0.10545319964787879
101,0.08910032052230846,0.21268034732972796,0.3979266152176721,0.076642841721936,0.05080502839044159,0.17284484681791404
102,0.1547664907465313,0.6102291582958411,0.06608546503912553,0.041949758917820414,0.031484187495831484,0.09548493950484988
103,0.12493802390504304,0.4107593022491349,0.10968014849558846,0.057900326051020544,0.041588333941935646,0.2551338653572775
104,0.06576162050632917,0.13567999264255998,0.4893208400592155,0.0895257098289604,0.05672544480976595,0.16298639215316885
105,0.060383188356433457,0.12349329105977934,0.5133773507405915,0.09779295902170822,0.06024582698397438,0.1447073838375135
106,0.057539080521701265,0.11632189988840508,0.49744404003939136,0.10782524708799683,0.06468626738955227,0.1561834650729532
107,0.06777057825175618,0.14160787490335952,0.4543790063439018,0.09467605108660446,0.059105165355868634,0.1824613240585091
108,0.6578899161103936,0.18498974963524398,0.050263263779423445,0.029606515128403666,0.02269599205439109,0.05455456329214471
109,0.039830867281085494,0.059828767655923695,0.14799473231243182,0.41636722265541726,0.19286411504322973,0.14311429505191195
110,0.06130377172837869,0.13119560945747383,0.10216543987490698,0.08373311102585854,0.055639778661189195,0.5659622892521925
111,0.0553081350264743,0.111395797416915,0.489428693187916,0.1269552138856993,0.07201555983111482,0.14489660065188062
112,0.10884382302340533,0.32792148353306594,0.09995267695572026,0.05911450198439914,0.04232220721393205,0.36184530728947745
113,0.03450734262922157,0.04865935119971129,0.13293341407537,0.5079683209597394,0.17370404450126456,0.10222752663469309
114,0.10058354149022744,0.5519725194788832,0.10834729476216774,0.05804567038766122,0.042489311519851546,0.13856166236120895
115,0.12358203791521154,0.6495151956109485,0.06733903160510693,0.04167581913523306,0.03163310014328267,0.08625481559021722
116,0.033176789604630746,0.047828701034036664,0.11504458455102776,0.48327121047022586,0.20768664697306208,0.1129920673670165
117,0.05894833616602181,0.11998035284212122,0.5035613137394602,0.09917544260532841,0.061232390816117095,0.15710216383095138
118,0.2021337519346831,0.5920990303018742,0.060044824796791574,0.03738228731757317,0.028478189985416985,0.07986191566366097
119,0.029359061037314716,0.04184981089939895,0.09614303915934225,0.23332951347854766,0.5079612964779948,0.09135727894740156
120,0.05019410693207406,0.0946515788996433,0.41833854092015504,0.17568033929846805,0.08907858000840563,0.17205685394125375
121,0.03359054836420788,0.047551190747272536,0.1245314260163024,0.28340845490765776,0.4106738817517203,0.10024449821283893
122,0.034279795304160185,0.0478338393363764,0.1303372842908135,0.48055296587878366,0.2075295539759461,0.09946656121391995
123,0.06374426320247009,0.13156606217841213,0.5120787378460003,0.08975108190787304,0.05653738341057091,0.1463224714546735
124,0.7350313377330064,0.09937162709101122,0.05176253758355752,0.03142645728276609,0.024115963334538963,0.05829207697511965
125,0.7046924599317537,0.12451366135449586,0.051057700980746405,0.03153203379894708,0.024234754861944825,0.06396938907211236
126,0.11200739724992978,0.6166238383862072,0.08235625284481818,0.047156290838994815,0.035388726011363204,0.10646749466868728
127,0.1861433877067882,0.5538565556457206,0.08372114330994551,0.045209075726074764,0.03380064567244831,0.0972691919390229
128,0.13512193008187437,0.5987087407617047,0.08406423625028861,0.04673160337384189,0.034976519824093465,0.10039696970819695
129,0.10685899740950247,0.6767197934085402,0.06203835932298443,0.0403639692364626,0.03063421873054636,0.0833846618919641
130,0.032126780638584804,0.045009421649686486,0.1170978036912346,0.3780306205044498,0.3389895243135907,0.08874584920245382
131,0.0890787645974798,0.6373034174332262,0.07840837740076965,0.04733094132892196,0.035427642209277146,0.11245085703032523
132,0.03340793478375872,0.046956381905360674,0.135722827089238,0.4106650839606768,0.2762798182827922,0.0969679539781736
133,0.10835245749653875,0.6725709445881339,0.06335416741244272,0.04062107196419195,0.030891823694565456,0.08420953484412728
134,0.431251912259127,0.37342546703851454,0.06034376200342904,0.03379162899491514,0.025623862202405055,0.07556336750160939
135,0.7368472914447418,0.09458888226878778,0.05163298149466774,0.031178360798281336,0.023936037500684824,0.06181644649283684
136,0.33654816507134333,0.47776637200031996,0.056149884760189075,0.03397952627477883,0.026026559831180757,0.0695294920621878
137,0.08151351623946113,0.1969683017196466,0.0881111653690448,0.06504257335076671,0.045467687715550785,0.5228967556055302
138,0.3012955397115068,0.4449272732870071,0.0845753786475811,0.04279161974334378,0.031860184966465796,0.09455000364409545
139,0.03232578359461924,0.04579081497562182,0.11836414600896093,0.3255368104881535,0.3809790039694465,0.09700344096319775
140,0.10260277485226492,0.3018619020494917,0.08957238046849518,0.058776400474654905,0.04204653862798685,0.40514000352710633
141,0.7634187372812885,0.0843526802982887,0.04609844494430552,0.029409807886146926,0.022685956008044024,0.054034373581926504
142,0.46266299484820855,0.3351245295763433,0.058128908821542286,0.03373629528271726,0.025627549285591238,0.0847197221855974
143,0.6827997339090683,0.1548744167272142,0.047631889282802584,0.030568378994596235,0.023466911709580426,0.06065866937673803
144,0.6186621688346547,0.20115041600456748,0.05283424559480978,0.03264882335632566,0.024958820425033886,0.06974552578460816
145,0.031509012421911745,0.04450804764524082,0.10715524848072742,0.19442280940973689,0.5300152514555848,0.0923896305867984
146,0.05227821773869298,0.09931814322130862,0.4968503561809781,0.1174904684770234,0.06905372672853341,0.16500908765346367
147,0.033208191801986815,0.0470205071318173,0.11985307401727838,0.4394713567662602,0.26133107339495587,0.09911579688770136
148,0.09090031306755843,0.24175655180623232,0.10710579552677224,0.06698971440719466,0.04682216891440842,0.44642545627783403
149,0.09830057834258765,0.27915600390015083,0.10132214966533679,0.0625310710324139,0.044335933472043586,0.414354263587467
150,0.027505824136808226,0.038661245227118224,0.09217927090001005,0.20601117993066637,0.5578900340580094,0.07775244574738745
151,0.7088658014820246,0.12594239831124898,0.04880839247335078,0.030644650624133032,0.023567454428103995,0.06217130268113855
152,0.031200402898646083,0.04420423462188825,0.11150453182824639,0.27383953280895135,0.44772180218466273,0.0915294956576053
153,0.6526503790115709,0.17975405941853304,0.04908884177679162,0.03059656848228829,0.0234553822634127,0.06445476904740333
154,0.7311551827142426,0.11269824434126074,0.04929584694651131,0.02951975286796504,0.0227502340643264,0.05458073906569366
155,0.7367152845126957,0.10297315779622866,0.05025100790543894,0.03011534832907185,0.0231292050525969,0.056815996403967756
156,0.06251215847085705,0.12456561300258,0.43649097571650014,0.10593463157915103,0.06457436830090355,0.2059222529300083
157,0.11304191197338302,0.3560694116061611,0.08829531873485129,0.05610078171369908,0.04055952817623563,0.3459330477956697
158,0.06494731184586057,0.12963237106201828,0.4903055263070572,0.09450154026682013,0.05882195321052741,0.16179129730771674
159,0.09956520621539904,0.6652744061248589,0.06824063936966986,0.04279625612534389,0.032184575890929934,0.09193891627379858
160,0.1119652509863818,0.3721719301346482,0.09967945585829706,0.06017093425870055,0.04298531662650014,0.31302711213547246
161,0.027864419676478087,0.03910265163826576,0.08829973069093279,0.16968755882266387,0.594887252253809,0.0801583869178509
162,0.0333714834325896,0.0467798335551082,0.12566616711750914,0.5364787650516158,0.15838361376329668,0.09932013707988047
163,0.03411344930070241,0.048487970822307366,0.11809951450889196,0.2224181263334576,0.4689296977740826,0.10795124126055808
164,0.10054436432720393,0.2729973769566202,0.08230758861025832,0.05779597347844577,0.04152473606829192,0.4448299605591795
165,0.7313604824931833,0.10310545936182856,0.051762495098124695,0.03127859197097548,0.024005001469587627,0.058487969606300434
166,0.09834413082009875,0.6192670169761373,0.08115561742440107,0.0491843771006503,0.03655734004990963,0.1154915176288035
167,0.05118047309483436,0.09782129786350048,0.4875596330552092,0.12464511535616984,0.07235849053744654,0.16643499009283963
168,0.061416683201213344,0.12294224435023687,0.5049261686276498,0.09639351471451654,0.05956789343765273,0.15475349566873073
169,0.06646127258073849,0.13566857822573047,0.487402590346616,0.09659360778888974,0.059552188932530635,0.1543217621254946
170,0.7266447346091977,0.10324188078020036,0.05120939215991494,0.032003839204316514,0.024578672689706864,0.06232148055666386
171,0.03187561325059171,0.04517775154416491,0.10572529649564268,0.1728021579142116,0.5476515047344989,0.09676767606089041
172,0.10435017396534849,0.3194969748444456,0.08859021653315458,0.0571452350597312,0.04128560940641312,0.3891317901909074
173,0.752818284409896,0.08875083277199532,0.04858512727771004,0.03059050410015541,0.023566099544387216,0.05568915189585609
174,0.0841114004899518,0.1839426897470756,0.42644899170379397,0.08139669743230428,0.05272187930009026,0.17137834132678398
175,0.07576345427453508,0.16380855635074448,0.46763873116413596,0.08379139977530477,0.05397488271564003,0.15502297571963977
176,0.07766345704579805,0.18132877116717733,0.10170810997463632,0.0721610176896509,0.04924897648245663,0.517889667640281
177,0.07084392448378965,0.16117413748807244,0.10664339808400056,0.07599649849828558,0.05188404347626999,0.5334579979695816
178,0.07790342324363016,0.17896916504621618,0.11040153043040338,0.07135443144454026,0.04904203617874948,0.5123294136564606
179,0.05880008105936504,0.11866581896908218,0.5217604424734852,0.09528493648352325,0.0591030891994268,0.14638563181511788
180,0.09352368812959162,0.24632268563234744,0.10577044862870258,0.06251610374667994,0.044313455971830513,0.44755361789084785
181,0.11020844370343211,0.34176496310701737,0.09289883079286472,0.05813603468427138,0.04176946290436823,0.35522226480804603
182,0.03364891961478413,0.04751827921898645,0.13028443314895924,0.353658817634924,0.3362722546302671,0.09861729575207936
183,0.029065442218674437,0.04120766049367255,0.09239427008988031,0.1568708712367121,0.5930846728702324,0.08737708309082846
184,0.09247555856558583,0.21925084590016428,0.38615732128844055,0.0777722870451218,0.05110937893401076,0.17323460826667686
185,0.07663217696210543,0.17549114902884266,0.11780886348715938,0.07623820798112552,0.0515655352902327,0.5022640672505337
186,0.03306020921673294,0.04651194131476303,0.12421148415627925,0.5294417584573269,0.16603291681184154,0.10074169004305622
187,0.07883931099346742,0.6159140162521866,0.09541821591677174,0.05173689147596918,0.038354977863067345,0.11973658749853767
188,0.0919210442346157,0.23937217273755784,0.10006795931673741,0.0624772212584707,0.044250846089761396,0.4619107563628572
189,0.030506681684862723,0.043048394833778474,0.10674178797009937,0.3502890231343299,0.37870811587314135,0.09070599650378823
190,0.055102906926318786,0.11029056331266363,0.5016611929463076,0.10860053876887676,0.06553245770771939,0.15881234033811398
191,0.03358275417870867,0.04781076651270874,0.12184998916929554,0.3338725828067492,0.3589060422524343,0.1039778650801035
192,0.030418712316383843,0.04372344165222033,0.1022642701473243,0.28391038192985407,0.4389545433047387,0.1007286506494791
193,0.6936443321660113,0.13889333676823035,0.05212772611412881,0.030631758445569233,0.02344195977175838,0.061260886734302016
194,0.08534923187386087,0.19279064570081458,0.44695083983064227,0.07659588332498551,0.0505773163897582,0.14773608287993859
195,0.029645591715912162,0.04225039555729878,0.09694926238546298,0.18111936591489158,0.5598195292393829,0.09021585518705148
196,0.6647964132923586,0.16922621015896055,0.05068375018067669,0.03125215692470989,0.02397445071349679,0.060067018729797854
197,0.7464647719229479,0.10049425945188162,0.04622729939660477,0.02926689812986865,0.022555145427895447,0.05499162567080167
198,0.055102906926318786,0.11029056331266363,0.5016611929463076,0.10860053876887676,0.06553245770771939,0.15881234033811398
199,0.6599325455142973,0.17910906350951997,0.04807723220855179,0.03032815241700091,0.023307007626131786,0.059245998724498226
200,0.11053058555628194,0.5468658408689441,0.10589831512127214,0.05647236356178127,0.041281176669107814,0.13895171822261276
201,0.6496567979274711,0.18280526843278808,0.04915381332384153,0.031038272253516196,0.023854589376711147,0.0634912586856718
202,0.12337475813244375,0.4003620649492758,0.08154888471698787,0.053879438966604576,0.039147072561628776,0.3016877806730595
203,0.7323240479977693,0.1051645600402767,0.052688413046167976,0.029997308952361534,0.022998396917262083,0.05682727304616203
204,0.7623443582562545,0.08426434485621938,0.04732535031280483,0.029825225933440884,0.023006541243231492,0.05323417939804868
205,0.10733987377083608,0.3283700873292727,0.09319196177708454,0.0588720958823395,0.042182539312176706,0.37004344192829003
206,0.060314787674153714,0.12254486020928418,0.49916484423017415,0.09364745332745533,0.05883977960716562,0.16548827495176718
207,0.09833699388544043,0.2750895607625186,0.0940855664554374,0.06093207500610307,0.04332672439932944,0.42822907949117106
208,0.053420959264648904,0.10577759370900751,0.5024771188484088,0.11878652535403443,0.06915959924037428,0.1503782035835261
209,0.1393191832141109,0.6524051329338566,0.06096713725219208,0.03914860252776121,0.029751550799099843,0.0784083932729801
210,0.08611550900966693,0.1985864753747996,0.4449503588743575,0.07151759602055333,0.0482196417844129,0.15061041893620944
211,0.22151899464908933,0.5466820695874997,0.07662849201933737,0.04142942910902281,0.03113191944567474,0.08260909518937591
212,0.06535531943148702,0.13853448336534607,0.11278680178175714,0.08073359580008374,0.054173334357284886,0.5484164652640416
213,0.690119118469856,0.13775111550268418,0.05448164551376303,0.031466190382255045,0.02402303503994399,0.06215889509149788
214,0.030633545723465806,0.042854988259807374,0.10689563887056457,0.24389967463969744,0.48475723336177096,0.0909589191446938
215,0.14353769464746197,0.6482648547706832,0.06056282908090309,0.03836434943592591,0.029129881964408764,0.0801403901006172
216,0.07746389610587415,0.18613584500878605,0.09780289829334415,0.06951301595793537,0.04807124937435504,0.5210130952597053
217,0.11792593407448228,0.6465712056957422,0.07441364302673102,0.04278600344372359,0.032189533170381174,0.08611368058893985
218,0.10278541247484738,0.3076742407562413,0.09292071862470043,0.062305493334447584,0.04418080184240158,0.3901333329673614
219,0.07789636243706384,0.19483695362257555,0.0877341869521727,0.06717485159225231,0.04677855042994448,0.5255790949659908
220,0.7642907904551598,0.07778470238683319,0.048426726074497974,0.030318368353892105,0.0233613757492348,0.055818036980382166
221,0.03500556688746766,0.04905600107141642,0.14297179687679065,0.5139136025871575,0.15043503239495642,0.10861800018221118
222,0.03077320753354681,0.04283418685002338,0.11360227724740528,0.47453472887311665,0.25235222618503383,0.0859033733108742
223,0.06514396526831585,0.1335918545654148,0.5042480516097906,0.08983048542137194,0.05660660710245693,0.15057903603264952
224,0.34770352523315823,0.46516844960215675,0.05573551230308022,0.034378800461620916,0.026291762341436185,0.07072195005854752
225,0.037484440167948524,0.0548218872192367,0.130426788644627,0.3651158458185277,0.2700941506781174,0.1420568874715429
226,0.10061164752550385,0.2966905253987071,0.09911783892979605,0.06311817985443235,0.04459295620370229,0.3958688520878586
227,0.02775318147282224,0.03913784958433122,0.09682565212654394,0.31294454219378176,0.44672692014062415,0.07661185448189686
228,0.08320346058789801,0.6386896976915706,0.08352486666800864,0.049275998306523176,0.03682171149069853,0.10848426525530105
229,0.12312021375173501,0.43602568299298594,0.07461858602533175,0.050883137854296934,0.03741472516182263,0.27793765421382777
230,0.05332630314441871,0.10596704955602776,0.5077445117063085,0.11304562835788819,0.0671318706018392,0.15278463663351785
231,0.08551635750569639,0.21590420504477079,0.10097496901067039,0.068296643581113,0.04751132946012498,0.4817964953976244
232,0.7092025371158037,0.14201845084968553,0.04614875135374277,0.02840425561157984,0.021856703214730152,0.052369301854457456
233,0.037682342386231846,0.05464722429498391,0.1535853578284531,0.44199726360706,0.19222235575219984,0.11986545613107141
234,0.05036914402618387,0.09664166071962205,0.4717934016306233,0.14772487438465268,0.07952580817192079,0.15394511106699751
235,0.16826191696213486,0.6401571482665175,0.05687982089524725,0.03622363714991014,0.02764989337353915,0.0708275833526508
236,0.032685260100691005,0.0457174066685265,0.12236400093638107,0.4783639042381173,0.2256303023971864,0.0952391256590979
237,0.7727484436693174,0.08012271306328637,0.04439934846946751,0.028430583468019046,0.021977412173505118,0.05232149915640443
238,0.09553790347563194,0.2614853080595153,0.10899379683691401,0.06459433499149489,0.04541932471976341,0.42396933191668035
239,0.10324505123518644,0.3028467897056235,0.09132003180350001,0.06125628575722628,0.04354030766069848,0.39779153383776544
240,0.5573818478638459,0.25906326699633997,0.05416131717821823,0.03299401599416586,0.0251824421711406,0.07121710979628955
241,0.7550890110180745,0.0833652926712555,0.04899959299264369,0.030310101363912628,0.02327967723835142,0.05895632471576204
242,0.11962117822188534,0.5386768843583911,0.10512417421589003,0.05603611937523953,0.04098225869127727,0.13955938513731697
243,0.07072740832563919,0.1446699528582912,0.4737477146495925,0.09061464031881428,0.0570646009166162,0.16317568293104634
244,0.03358275417870867,0.04781076651270874,0.12184998916929554,0.3338725828067492,0.3589060422524343,0.1039778650801035
245,0.032126780638584804,0.045009421649686486,0.1170978036912346,0.3780306205044498,0.3389895243135907,0.08874584920245382
246,0.028443011910180522,0.04007614576229066,0.10336505955027761,0.4150891509034458,0.33050602630458087,0.08252060556922455
247,0.7572293777619897,0.09401384985231785,0.0457800891385182,0.028554610856451473,0.02201980612127824,0.05240226626944436
248,0.12641078874338413,0.6287399264458022,0.07428785785426523,0.04391035946342279,0.033074947979151566,0.09357611951397407
249,0.03881739203811012,0.05512879676526569,0.16503571365047492,0.40105720935733796,0.21595772925097542,0.12400315893783585
250,0.032742583277525675,0.04630324623924025,0.1161205237390888,0.257076982325536,0.4506596060111862,0.09709705840742272
251,0.06420840204690509,0.13171573344118573,0.5088438060752555,0.08935922455744776,0.05640663537066526,0.1494661985085408
252,0.0421693874765869,0.0630315817692163,0.18025069973032878,0.42378130042824186,0.14376709595624312,0.1469999346393828
253,0.033234336445257764,0.04662833290015579,0.12836127075082004,0.36283595077153236,0.3305170226867483,0.09842308644548536
254,0.03041439600233286,0.04264872817742488,0.10523819954783352,0.2303812475400323,0.50145831767501,0.08985911105736617
255,0.06830946820245887,0.1424289926169341,0.4672559209463278,0.09190545047335938,0.05772994118844669,0.17237022657247297
256,0.05141381249840965,0.10033571921129428,0.47862269068032137,0.13293434598283632,0.07502217292908567,0.16167125869805246
257,0.706823150495164,0.12570507960525812,0.05435453156393739,0.03115260598931023,0.02385315814442449,0.05811147420190592
258,0.09537194856466673,0.6475663423145558,0.0726172051293773,0.045624066843707796,0.03426808048062383,0.1045523566670686
259,0.6517051331559582,0.1822841409048623,0.04908074413015127,0.031084969348652042,0.0238021603115549,0.062042852148821354
260,0.030800797941975083,0.04332438935545076,0.11069706295479807,0.4550389194875992,0.27111865130002005,0.0890201789601567
261,0.11026435208569978,0.48597507621498065,0.12371775828465623,0.061860461122719354,0.044438038294568424,0.17374431399737528
262,0.07999828140938801,0.19178380190685396,0.10353779050326836,0.06836502839961128,0.047522029627305035,0.5087930681535735
263,0.686285944916174,0.15193084037633628,0.04815316042838236,0.03055231043601577,0.023470473419604846,0.05960727042348683
264,0.1035951570593429,0.30433483767330344,0.08934351770478774,0.05930003649685976,0.04249317198549004,0.4009332790802162
265,0.03365914476668708,0.04847553059459298,0.1219859029120687,0.45611816361629925,0.22903374949460545,0.11072750861574686
266,0.05980758889117233,0.11934795630205121,0.49937530411181225,0.10208438234723188,0.06231985502956117,0.15706491331817116
267,0.06440681083951683,0.13454981449554498,0.14291846227900423,0.09708097258194981,0.06223506350991676,0.4988088762940673
268,0.09741886256342569,0.6089138928327114,0.08294987875286869,0.050043420954687674,0.03723709082889732,0.12343685406740924
269,0.032617370659688685,0.04634767347709736,0.11348949296653864,0.24683594274215143,0.46004887767557634,0.10066064247894768
270,0.1042628836938945,0.3219895263872996,0.10325341793819538,0.061587130804667364,0.04384144447967475,0.36506559669626865
271,0.034500501411839316,0.04865001291978629,0.13549035231132656,0.44937457459865815,0.23280126145109337,0.09918329730729614
272,0.06708348891684979,0.13884344813646238,0.4981106214181686,0.08700531905981565,0.055362266580191895,0.15359485588851163
273,0.032905450478967854,0.046634922176138176,0.11751489839943337,0.25261065989099135,0.4544832571696233,0.09585081188484584
274,0.03352701982394765,0.04837215033718044,0.12012782111990278,0.2765317714206878,0.415405206752563,0.1060360305457182
275,0.03199303018729234,0.045299062483432954,0.11246538039041154,0.19977345711249755,0.517034964870333,0.09343410495603253
276,0.04642444227974929,0.0738005046139102,0.20665780712423137,0.3615133547925518,0.11430152245883941,0.1973023687307179
277,0.6906987974559162,0.1446005048272733,0.04884241750977945,0.03049691631479387,0.023362173392461567,0.06199919049977537
278,0.02918041104599681,0.04096481237387151,0.09933151832641,0.21273930659375417,0.5360882140563107,0.08169573760365652
279,0.03031175451336936,0.042516075661465536,0.11227928939128835,0.36844499592476027,0.3643079940890547,0.08213989042006202
280,0.029917055661176504,0.04183169532238005,0.10735665553859633,0.28068676865234526,0.45985857515753426,0.08034924966796714
281,0.026418200560743704,0.03702766056537641,0.09495650140828546,0.4031078472105608,0.364531239708872,0.07395855054616174
282,0.03059075302948161,0.04290001312079347,0.11139494145309692,0.43067946313960875,0.29766938447387986,0.08676544478313973
283,0.05980140488639262,0.12126666233252838,0.485322121025298,0.11053295452118864,0.06581874879022086,0.15725810844437127
284,0.12777162950131676,0.6111181048258348,0.07519991033740195,0.045656450836893674,0.034200726828328754,0.10605317767022414
285,0.12069235046454828,0.6106047727948689,0.08409774263805236,0.04653315480171617,0.03488223760239163,0.10318974169842267
286,0.033448856508389115,0.047367344080711235,0.13027241483820998,0.4745719728675134,0.21448265442124387,0.09985675728393244
287,0.06944594124405287,0.1453644530370112,0.4959976667434873,0.08544089272622,0.05456257546357881,0.14918847078564965
288,0.04316062652756213,0.06411568443941563,0.18957523038672944,0.42433305340156585,0.13194460952669224,0.1468707957180346
289,0.2862039378478261,0.5237683096260043,0.05653906768060441,0.035063840983303625,0.02678766818816102,0.07163717567410029
290,0.061690954703589485,0.12616138809977143,0.4976542521067688,0.10055350350039666,0.06155177963499663,0.15238812195447693
291,0.15668898114169466,0.600841576090332,0.07290691516393562,0.04306498109463017,0.03248435366151543,0.09401319284789235
292,0.15256715954023953,0.6572105632984825,0.05582444336850879,0.03621282579704373,0.027710298267722068,0.07047470972800356
293,0.08235144785454453,0.1852932423682805,0.45518697092551713,0.07579719712963427,0.05013116925056996,0.15123997247145388
294,0.03219784589505014,0.04577714789755722,0.11198366249200786,0.2514375409860813,0.4642739885979716,0.09432981413133201
295,0.769349433871621,0.07940761778859821,0.04627828009201241,0.029132957498439617,0.022505432176362656,0.053326278572965714
296,0.08016319830052575,0.1761175073437513,0.3890414435565144,0.08758467027309033,0.05608655412299891,0.21100662640311932
297,0.06532136081409595,0.13133071075984118,0.48567650273616525,0.09663241781544064,0.059623117383660225,0.1614158904907966
298,0.03430548849359252,0.04806075214767243,0.13435133029874402,0.49207966436143885,0.1938973847827065,0.09730537991584544
299,0.030168868687515372,0.042296695358034035,0.1104013520263572,0.31760332395611096,0.41566314873656557,0.08386661123541676
300,0.07587249569258311,0.6621752508820308,0.07863957587258733,0.046640919218726165,0.03491054250949511,0.10176121582457749
301,0.12496548511927595,0.6734661760403128,0.059982329641333626,0.03810132527370185,0.02905147448244451,0.07443320944293119
302,0.11794373131970474,0.3858548571163753,0.09345276992395485,0.055949636577219596,0.04043853328250542,0.30636047178024006
303,0.12364053646156253,0.4096553055690266,0.10274366436254989,0.05688707930733671,0.04099272573009729,0.2660806885694268
304,0.15545270238266337,0.5597807185105259,0.09403784313633168,0.04907545795651176,0.036348324506632376,0.10530495350733493
305,0.08629146422764299,0.21486197408530341,0.09541448832141632,0.0645370673487615,0.04527277870477113,0.4936222273121051
306,0.5051312965450208,0.3080764457784284,0.055788081595749356,0.033018289386619805,0.02515257293026502,0.0728333137639162
307,0.24901029798390997,0.5327064937673925,0.06548846090835488,0.03871395429347949,0.029372518238853708,0.08470827480800901
308,0.15386612694326274,0.5525097001346789,0.08556640680680545,0.04809451841462619,0.03572063095580197,0.1242426167448249
309,0.4705350811563938,0.34890029093738445,0.058550001325806976,0.03328126885794843,0.025259820234536334,0.06347353748793003
310,0.14838001526786548,0.6531811668153715,0.059010777130382136,0.03735162568005168,0.0285772022118441,0.07349921289448463
311,0.03254259377153497,0.0455439590415135,0.1231034991612617,0.518538156236055,0.18700586546655443,0.09326592632308012
312,0.6536637071013356,0.17057869900972986,0.05294650882944408,0.03270021998347714,0.025064060264876984,0.06504680481113613
313,0.101498427024544,0.3673278083598566,0.17739643341342806,0.07758875624224598,0.05338033921844661,0.22280823574147895
314,0.05516649989795238,0.10988663470273527,0.4749933249319987,0.12376715366293464,0.07154151905974317,0.16464486774463583
315,0.03338714625575097,0.047519708400735716,0.11668597651275317,0.24682446064332514,0.45753831656828753,0.09804439161914777
316,0.10190360544780681,0.3002527207884093,0.09675055663487324,0.060047262084656126,0.042873727851790486,0.39817212719246386
317,0.7460381843946997,0.09251918097290761,0.048371175292619646,0.03048758001606991,0.023478347323417824,0.05910553200028504
318,0.08637353142590837,0.21697588086862488,0.1041957038080356,0.06628036069987395,0.046517326354872365,0.47965719684268493
319,0.10078115160434187,0.2994201512156359,0.09504406800666332,0.06063081970805631,0.043163440808036496,0.40096036865726625
320,0.06540439228097948,0.13772070512822104,0.12222893421793157,0.08417470965370473,0.0559688339948176,0.5345024247243457
321,0.6787356646366577,0.16331497741026377,0.046165339801893246,0.0298985765618988,0.022979616348045184,0.05890582524124153
322,0.7566718819977203,0.08570867307484123,0.04674186125263842,0.029808782413928092,0.022904787902834525,0.05816401335803752
323,0.09180724173706761,0.655719706122233,0.0759448600801267,0.04549994046627085,0.03427096820764892,0.09675728338665297
324,0.07141192400448722,0.1635707582736076,0.08965651442894153,0.07050125640719261,0.048590820511953854,0.5562687263738171
