,proba_0,proba_1,proba_2,proba_3,proba_4,proba_5
0,0.04547712430276311,0.07116257644935611,0.12144677748600094,0.07272067587630071,0.09099417230182417,0.5981986735837551
1,0.05863499193192465,0.11040064543496124,0.20258193082915354,0.05588096364944405,0.07471863168192153,0.49778283647259514
2,0.07490543808665621,0.16604156245988638,0.418564339198254,0.04531401237740284,0.06009195533815136,0.2350826925396494
3,0.03322565894406727,0.045086593241255656,0.06087610406503473,0.27433956685468774,0.47812455926064346,0.10834751763431102
4,0.0800837671869395,0.17657630459985243,0.4887205032702123,0.045332625877050295,0.05912993651170874,0.15015686255423671
5,0.07992313744098332,0.1816905419781775,0.19495131914523256,0.04660811318027734,0.06439612703352694,0.4324307612218023
6,0.033422389705604974,0.046146264175809776,0.06272674110797868,0.4239065177707656,0.3212741726060803,0.11252391463376046
7,0.06096751410785558,0.11886973236547854,0.4822307931118525,0.05394147700581412,0.06973413710664496,0.2142563463023545
8,0.0798775398847358,0.18108079801687157,0.22291093481556862,0.04489378807000549,0.062240944797989556,0.4089959944148288
9,0.032023872891072835,0.04183545526996643,0.05579741947613236,0.1221290090955259,0.6537156638581382,0.09449857940916412
10,0.732591297946029,0.11492921825246047,0.06136964367917671,0.022326088607818522,0.029201013263014556,0.039582738251500854
11,0.07791822922200947,0.1696641126854702,0.436166710134532,0.044211986247033694,0.05869339547401561,0.21334556623693873
12,0.09966942919304582,0.5807834997157426,0.13416568348068775,0.036914252736735535,0.04987623741972212,0.09859089745406595
13,0.07472558295178065,0.17111974590745604,0.46201139412644276,0.04776193418099033,0.06170941881690407,0.18267192401642615
14,0.1175881810345401,0.6043449658029616,0.11221244259037573,0.03433272567623792,0.04670429687649372,0.08481738801939126
15,0.03670706248099548,0.051466317955383124,0.07433695183929206,0.4851642273657532,0.21112475985251727,0.14120068050605894
16,0.07405100208269651,0.1603342188986395,0.4908055097342584,0.047807724253455954,0.06279126457090418,0.16421028046004538
17,0.033597693560079994,0.04459279417771512,0.06388167212185987,0.642495933736668,0.10793397189723256,0.10749793450644478
18,0.26989597567734225,0.5256908805050785,0.08363448069810663,0.026796379914107275,0.035771340224148525,0.05821094298121688
19,0.7178794616077714,0.12471570724978405,0.06358771657822501,0.02275792992255562,0.029955817376909926,0.041103367264754
20,0.7676071110520956,0.09321983494040205,0.05360354212457908,0.021566765862900558,0.028259421317583192,0.03574332470243937
21,0.05587308445457069,0.08902290547990833,0.13111461639177513,0.05786781343809866,0.07884147315508976,0.5872801070805573
22,0.25094542174186185,0.5331139571428486,0.09104492565948413,0.02726506049176627,0.03665700483663975,0.06097363012739952
23,0.040307524802653684,0.058626176660625806,0.09233079243707572,0.4441929103034444,0.17484145479443947,0.18970114100176097
24,0.812965249353088,0.06454884635780829,0.045623365516940614,0.01992962984548817,0.025899045646779296,0.031033863279895234
25,0.031864692011838565,0.042202274548688856,0.05577227195427721,0.20213414394890336,0.5742606446511515,0.09376597288514078
26,0.7500208147562201,0.10618125788336387,0.057076948440781906,0.021929984086441992,0.028654575486729176,0.03613641934646277
27,0.03236842615544209,0.043278602095307234,0.06056950169095479,0.523509791008768,0.23496570252084695,0.10530797652868103
28,0.051278403807064006,0.08057950700050501,0.14093505999307904,0.0625179915065838,0.08173169975955512,0.5829573379332129
29,0.03602544776657995,0.05236843136481866,0.06712391812302121,0.41630961727874005,0.30633563157033555,0.12183695389650419
30,0.05550331540221053,0.08853456837611967,0.2670588718655474,0.05141621329074977,0.06937691350449797,0.4681101175608746
31,0.06529964708339937,0.11349375018184808,0.15248434841310157,0.05139436800183534,0.0711852325495497,0.5461426537702662
32,0.037052602769710126,0.05161668632376474,0.07287089587192323,0.5461913217469079,0.15759185279362012,0.1346766404940735
33,0.03366395114332112,0.04504868858264153,0.06301104229309064,0.1286058861309626,0.6142869853833379,0.11538344646664596
34,0.22188602861758405,0.5462928769546939,0.09875408374842184,0.028502802956678033,0.03874929116888141,0.06581491655374092
35,0.05206365215495888,0.09859980209205225,0.42681170418246983,0.06350144923343726,0.07732452237485993,0.28169886996222154
36,0.076946964260317,0.17588354219111987,0.21103037314327308,0.046417522578957336,0.0632621714941814,0.4264594263321513
37,0.09606261596638643,0.566727863504779,0.1385931569930759,0.03786625699984049,0.05198145452980451,0.10876865200611381
38,0.03694080075532482,0.052050477363042594,0.07682488038333227,0.4549563796012864,0.2284300188404047,0.1507974430566094
39,0.07710139439032512,0.17017611426206847,0.19885254411707798,0.046805912174021296,0.0652399931434129,0.44182404191309416
40,0.16261450119083715,0.5824861744512686,0.11138533170405587,0.030419521289340567,0.041009517556728506,0.07208495380776964
41,0.0473189943641778,0.07533701604365295,0.15135468144981298,0.0692208872892439,0.09014643821317903,0.5666219826399332
42,0.03631430912685929,0.04934265031144072,0.07304037860912878,0.5502474781646635,0.1568671132572362,0.13418807053067158
43,0.077068566859541,0.16800800150350456,0.470883634793454,0.04764483501399832,0.06113467030095299,0.17526029152854936
44,0.06275378343931827,0.11478889556917243,0.14411078046395592,0.05405735545140494,0.07416436508499033,0.550124819991158
45,0.7841667328751534,0.08015486300434684,0.052457310404551795,0.020887773726568935,0.027143787771511097,0.03518953221786794
46,0.031683029202852396,0.043246567359616975,0.05927613763368179,0.33039282910541534,0.42868611752876123,0.10671531916967197
47,0.03244756228322918,0.04438914139747354,0.06236084986780106,0.43873970781473604,0.30915574115699124,0.11290699747976957
48,0.6867126650562132,0.15097989668694656,0.062189310409540066,0.0235537092010572,0.030947068993342035,0.04561734965290105
49,0.03600961626505471,0.049589303979278146,0.07009530620652325,0.544524914573764,0.1720683207063411,0.1277125382690387
50,0.09580876573639543,0.5642468279328695,0.15146856053309932,0.03820955100923499,0.05152344335563775,0.0987428514327634
51,0.5951546481834322,0.2330198821327184,0.06886222181543325,0.024496373853544372,0.03276366819326058,0.04570320582161137
52,0.07877234262268647,0.17062837802285355,0.4205734563262414,0.04412501603791137,0.05856068007821841,0.22734012691208882
53,0.0539571291129333,0.09240861959461877,0.4997508151281584,0.057807372253835164,0.0732714409263482,0.22280462298410655
54,0.061748772101516046,0.10887524455900568,0.1640760440523017,0.053266414289814844,0.07309512282599383,0.5389384021713678
55,0.0644789834231306,0.12296782923688744,0.19400858735260865,0.051583097776503974,0.06935591842244239,0.4976055837884268
56,0.03561311257416724,0.04867357520043617,0.06311296983644066,0.12451305391273988,0.6173176159269395,0.11076967254927654
57,0.05000253293889964,0.08744844228917455,0.39616884804566477,0.05928682210764768,0.07416567715019996,0.3329276774684131
58,0.061861108659708404,0.11864522926710859,0.49929543466630977,0.0538578567140781,0.06816611543661713,0.1981742552561781
59,0.06673943501383696,0.1383471584701995,0.47736498659129944,0.05192394465437656,0.06809195375933859,0.19753252151094916
60,0.03474795596170392,0.04862078541827793,0.06564627516869234,0.2893969632388787,0.43992739382217755,0.12166062639026935
61,0.034624717552692086,0.04809605136878683,0.06695150101541805,0.4988946615668489,0.22842775981170538,0.12300530868454904
62,0.21930544841714958,0.5609946254616217,0.09520901999036466,0.02787942291256323,0.03733065519287768,0.05928082802542332
63,0.22208456299547108,0.5529221767823116,0.0976185362572503,0.028173972353043083,0.03771433271877681,0.0614864188931467
64,0.037923818315807746,0.05333852282400309,0.07686853505930527,0.5467551736792999,0.1404267288276007,0.14468722129398315
65,0.03656745308902485,0.05193546392592333,0.07640637948161949,0.41066975409741135,0.27098152858494473,0.15343942082107653
66,0.10264805542969374,0.6060230876812144,0.1187139764661853,0.03582126866140695,0.04845522908106062,0.08833838268043902
67,0.0336413430834738,0.046510839929817485,0.06280361360594258,0.23336853695003332,0.5122359387802936,0.11143972765043898
68,0.03761902388831781,0.05242496771500613,0.06752099840728723,0.10610768488026819,0.6154908041051946,0.12083652100392636
69,0.12729036618089595,0.580198502879056,0.12612849169929405,0.03370481090734085,0.0458071841525873,0.08687064418082593
70,0.04537078683534463,0.06793277880721638,0.11377873034960449,0.07375954241619928,0.09261533877138393,0.6065428228202514
71,0.03543731882210827,0.04883463443208342,0.07079301175790997,0.49476017533707617,0.21879231672725213,0.13138254292357
72,0.07520713035529737,0.16120584925206644,0.44435255220546704,0.04481908812324907,0.05918405348287509,0.21523132658104485
73,0.10603924355925984,0.534859976438928,0.16977118790880863,0.03674842697514558,0.04995507941811024,0.10262608569974764
74,0.13875899188269164,0.6065722460337467,0.11041998988110127,0.0320477720275874,0.0431621254904187,0.06903887468445398
75,0.031407635164894365,0.041742322339662005,0.05843061735983919,0.23551142041193737,0.5300841860065344,0.10282381871713264
76,0.7803107594159555,0.08390393923039142,0.052004109882425965,0.02108689213959953,0.027423199252417218,0.03527110007921044
77,0.033245754434175406,0.04486390787445864,0.05968108070696784,0.1639088128686101,0.5942310998538808,0.10406934426190702
78,0.7405020807831316,0.11401668539635501,0.05421122814059201,0.022333754983955234,0.029163887220544076,0.039772363475421985
79,0.08995226482654115,0.47367181394282887,0.1863981089350027,0.041397396620671774,0.05610280066283624,0.15247761501211918
80,0.7267203509844824,0.12290313704404769,0.05726978096338933,0.02268290580121336,0.029697845988573685,0.040725979218293525
81,0.7545483597648661,0.0994414747274702,0.05801856968884393,0.02185375833643443,0.028531404458388233,0.037606433023997105
82,0.6584052561542977,0.17344009622398146,0.06853864870870457,0.02378155817651334,0.03150552323448148,0.04432891750202162
83,0.777122615615235,0.08340749350346925,0.05454774431073123,0.021123821708662165,0.027591080013005698,0.03620724484889653
84,0.06887701200686958,0.13463585204723327,0.16221527359296753,0.05123747396766306,0.07091788947995012,0.5121164989053165
85,0.6715268547659338,0.16559517529344686,0.06614577206529823,0.023536779895120683,0.030744580489167003,0.042450837491033525
86,0.0324672641397045,0.04355590383361506,0.06106845745950298,0.23893607810439202,0.5160240126613544,0.10794828380143084
87,0.054075575243910656,0.08551518092779628,0.18679106392068187,0.05562535300151227,0.07438622690355147,0.5436066000025473
88,0.17308331239354335,0.5874647998439786,0.09389342012182832,0.02997172556230778,0.040762937586880287,0.07482380449146124
89,0.03476086454010853,0.04820287493579436,0.06724458070009201,0.47873388041612086,0.24869563900428027,0.1223621604036041
90,0.4466188389270503,0.3671677644871995,0.07642632437415542,0.02539523387583577,0.03377755674951465,0.05061428158624421
91,0.03450589549771523,0.04861265575896661,0.07267098334616506,0.3909495738540569,0.3062288317265963,0.1470320598164999
92,0.037223580742582446,0.051908642186876644,0.07592478510849707,0.5531826937471195,0.13866012189153598,0.1431001763233882
93,0.03769749422374075,0.0542936645331253,0.07580003885808145,0.446843652203277,0.23698550013224148,0.14837965004953393
94,0.7827848253879958,0.0810838115964788,0.05341699486889831,0.02085043942500257,0.02701993314282255,0.03484399557880225
95,0.07537303409302969,0.1910494521764144,0.4256364634237202,0.04762774316241563,0.0630501392000392,0.1972631679443807
96,0.13703289175934438,0.6028644266642005,0.10860100441112046,0.032309310115080175,0.04357529856476251,0.07561706848549221
97,0.15477053946131145,0.597290963165784,0.10784210774660578,0.030623173332777722,0.04123301770137538,0.06824019859214572
98,0.08556294007576402,0.18696663127038257,0.4237060946356787,0.041448127251916905,0.05516550088034775,0.2071507058859101
99,0.03451235750635536,0.04845342149797795,0.06973965051681362,0.34584102663940136,0.3658777898313897,0.13557575400806193
100,0.03758708424468956,0.05251522999089435,0.07704736048978646,0.5145013084963391,0.17192443438650212,0.14642458239178843
101,0.042410523094532034,0.07120489581761691,0.278226692564919,0.0757197119063776,0.08807495509977578,0.44436322151677815
102,0.23749625311588288,0.5495741339474499,0.08756159106729994,0.02793301399994505,0.037402865045770534,0.06003214282365188
103,0.0548926676182806,0.09741136927421916,0.16542867257067373,0.05841035294825118,0.07727921738226848,0.5465777202063064
104,0.06295521957633433,0.12243935414911833,0.5138811197938574,0.05418973535559261,0.06993838092410912,0.1765961902009884
105,0.0807070662636011,0.17219710366955543,0.5012746866468563,0.04651136693649613,0.061054150859965316,0.13825562562352572
106,0.06285480719520012,0.12749035083431098,0.4854054676081246,0.05392125291308133,0.06953853167127035,0.20078958977801264
107,0.0567375105805237,0.10016509028805524,0.4554904473158699,0.05354116054626562,0.06842318980134214,0.26564260146794333
108,0.632474910794987,0.19652831080634656,0.07065076442763926,0.024102527277999615,0.0320037393047146,0.044239747388313135
109,0.03558586143576936,0.050388669558514385,0.0698611580153912,0.41595947347117596,0.29526783969519305,0.13293699782395602
110,0.07649079752348971,0.17233695751129985,0.19800439243332518,0.04769572453392652,0.06479718864195393,0.44067493935600466
111,0.06678586606715177,0.134948337683165,0.4338969784735045,0.05329545526549821,0.07186010927110875,0.23921325323957185
112,0.0528305101314437,0.09874304635870014,0.18571408480693014,0.06275554932108565,0.08273717588474629,0.5172196334970937
113,0.03832511536167418,0.05469533172412262,0.07994293318010656,0.49215358129635556,0.17763738274775628,0.15724565568998464
114,0.09180143191097362,0.5496712244378242,0.14795319011269123,0.040316369569017484,0.055685198054784,0.11457258591470966
115,0.19026424857100147,0.5823766044790608,0.09349408786145512,0.029234077740155906,0.0393143024417518,0.0653166789065747
116,0.02937675616328349,0.03913505524892845,0.055176146021582835,0.3865747382294899,0.3935998409670656,0.09613746336964948
117,0.0728710597948254,0.14200592436901957,0.500947778693004,0.04832193736386099,0.06298083404808294,0.17287246573120707
118,0.34049133432460077,0.47047346283408253,0.0753877270508638,0.02608392115364706,0.03466399034300621,0.05289956429379962
119,0.037794537156742074,0.05312309512619156,0.07294117350915154,0.1311204127070782,0.564902444067578,0.14011833743325885
120,0.05139468574268751,0.09376658159324183,0.46934552982683414,0.06998271780494822,0.08433897378561436,0.2311715112466735
121,0.03379671455233453,0.04629539667377763,0.06228305715675745,0.19179872225269867,0.555463821984092,0.11036228738033953
122,0.03697104445997658,0.05261350545480466,0.0752293819484228,0.2764421263848414,0.4003115794746819,0.15843236227727261
123,0.06661257808698148,0.13217996489042994,0.4867251900241753,0.0505812817504563,0.0653727287531359,0.19852825649482142
124,0.6883425808215112,0.14859546302079701,0.06690591845859045,0.02312496972232932,0.030237146565834087,0.04279392141093776
125,0.7968642552902385,0.0750768629241962,0.04776883496271396,0.020576132107764822,0.02670951007701475,0.03300440463807187
126,0.13875899188269164,0.6065722460337467,0.11041998988110127,0.0320477720275874,0.0431621254904187,0.06903887468445398
127,0.1281474875998783,0.5566574566313857,0.1384895126912158,0.03403211468814918,0.046723153752050564,0.09595027463732074
128,0.13035733143337075,0.5987684894270223,0.11863821422636518,0.03285815766370038,0.044728599767828246,0.07464920748171282
129,0.10912269022065484,0.5983040986374395,0.12371931395292192,0.035124138120825,0.04776909640908203,0.08596066265907716
130,0.032105487710589346,0.04417288609960673,0.06137503474689885,0.33652199937403576,0.4140612463819415,0.11176334568692747
131,0.10412420206583024,0.6127342835899434,0.116646666822866,0.03592838847244019,0.048728633205632546,0.08183782584328778
132,0.041985274144824815,0.064422275375518,0.0839357767455079,0.2154946298404173,0.4225891759645283,0.1715728679292034
133,0.15146517962351247,0.605542846399677,0.09597783282013214,0.031034092975434052,0.04235494518725646,0.07362510299398747
134,0.47119553525851604,0.33876498348491696,0.0787308946411846,0.025326933087014232,0.03375202548859312,0.05222962803977512
135,0.7384403835067327,0.10800846786696108,0.061412945235896146,0.02227773634291969,0.029107398544850064,0.040753068502640176
136,0.4953375773091903,0.317250035201926,0.07678520840986917,0.025185001757085893,0.033726677526424234,0.05171549979550466
137,0.06276927931128103,0.1259351533451522,0.18517204280881652,0.05513141799565076,0.07419815767844459,0.4967939488606551
138,0.18041977037028667,0.5831532775133457,0.08917140598168363,0.02989201884120527,0.0404380024221771,0.07692552487130135
139,0.03454235705586256,0.04970858218677703,0.0648803973860564,0.3150963307562265,0.4202560999358211,0.11551623267925643
140,0.058184786255680826,0.1042879431646469,0.2005620258793146,0.055312175976878604,0.07443787134898894,0.5072151973744901
141,0.7726246726987814,0.08849207417274658,0.053204375772032075,0.02135919574175685,0.027961655252410976,0.03635802636227196
142,0.7296224611987414,0.1226378760699451,0.05798196179466985,0.022587401098165302,0.029517878463282944,0.03765242137519584
143,0.6673337963624895,0.17048087629203892,0.06584017153049235,0.023603263310741224,0.031052842017726446,0.041689050486511905
144,0.781430475270795,0.08218297843983494,0.051136730975851426,0.021272095403442486,0.027930495127378534,0.03604722478269779
145,0.03562061928248101,0.05030006995342542,0.06529510362297516,0.1895232443206557,0.5418653486953885,0.11739561412507445
146,0.05535502685407663,0.10341272616336744,0.42330339963866137,0.05620450257844879,0.07074213204921431,0.2909822127162316
147,0.03368970495266769,0.045797063872682175,0.06128469432326445,0.5179394645931342,0.2357300828506704,0.10555898940758077
148,0.05274875386259555,0.08449674809200086,0.2178988247278832,0.055510506796979,0.07348291610619553,0.5158622504143461
149,0.06496265038189238,0.12048041402785194,0.20639931483116788,0.04974776553335769,0.06786471991422545,0.4905451353115044
150,0.03749385165234919,0.052842920635658944,0.06863047356308472,0.1091161442024565,0.6034786303334345,0.12843797961301598
151,0.7262147902266795,0.1201943171708133,0.06148038512404079,0.022586375775753245,0.029656054718270906,0.039868076984442495
152,0.03513002022762186,0.05102952144981764,0.06688978213076788,0.2620118827477808,0.4585542003149808,0.12638459312903103
153,0.7353329957288037,0.11512057504139363,0.0587041061382822,0.02235161276744197,0.02933105033081134,0.03915965999326731
154,0.7180838681654087,0.1278610272489055,0.06275536978204653,0.022609485267109493,0.02962561377913549,0.03906463575739421
155,0.7107833805959294,0.13009226114893294,0.06529330081451293,0.02284911262920602,0.03008014018324911,0.04090180462816987
156,0.05223783310927823,0.09426072419160371,0.4447112327567626,0.059272086566616485,0.0748879174529461,0.2746302059227925
157,0.052927345487916284,0.08406618843902083,0.16777021452589375,0.057875336369571345,0.07614350193482267,0.5612174132427752
158,0.08065233623214857,0.20930940438981208,0.41967300831528354,0.044594098908470395,0.05937816385815346,0.18639298829613196
159,0.13885860446927636,0.6093790537438776,0.10288064950313505,0.03185084023129977,0.04273689193242516,0.07429396011998589
160,0.059396937443256415,0.10572472190002964,0.1871434697191562,0.0534572113565039,0.07178152783575012,0.5224961317453035
161,0.039510350228849044,0.05642905329930448,0.0764951129801937,0.11944518933171426,0.5588328302155866,0.14928746394435216
162,0.038604939702552014,0.05482536732858457,0.08239135986826668,0.4597081785709887,0.1989003534239416,0.16556980110566624
163,0.03170364939012163,0.04318781690231985,0.057824487365087496,0.329564952397402,0.43554802467998194,0.10217106926508698
164,0.06211684328637351,0.12368976952744806,0.1599384215951212,0.057732744751467065,0.0790959150619381,0.5174263057776519
165,0.723856093852106,0.12378667228603232,0.06004361452856145,0.022698611373687394,0.029891809392075187,0.03972319856753743
166,0.25677340501666585,0.5330154244587878,0.07728753702258764,0.028052199881376163,0.038688703661247575,0.06618272995933486
167,0.06949151315619334,0.15254672633595223,0.4847873657318354,0.052278919597275035,0.06713113351124067,0.17376434166750312
168,0.07475181067990512,0.17916760512957972,0.4052862662716188,0.04646387928497441,0.06172924964119739,0.23260118899272397
169,0.05559248335852023,0.10092615048781096,0.33493510906912327,0.05259500449436139,0.06799250007983913,0.3879587525103448
170,0.7116396385761371,0.13003024664297835,0.0627915657789053,0.02290212400807641,0.030033793394707586,0.04260263159919503
171,0.03365697257250428,0.045222011954987776,0.06017845849517603,0.10966785069434166,0.6456605794086832,0.10561412687430642
172,0.04241054802260204,0.061243483741005175,0.12035334511465075,0.08008633082537567,0.10116244828397965,0.5947438440123866
173,0.6899469661364817,0.1457653296789276,0.06675985268846506,0.023281066228490344,0.030662263251509923,0.04358452201612553
174,0.07906376668812026,0.19552409531170398,0.35994924965269987,0.04346865861111409,0.05818813924362168,0.26380609049273984
175,0.07350430290537507,0.16347366961030163,0.4721582081169759,0.047239677328647284,0.06194200419575603,0.18168213784294393
176,0.07334797341359445,0.17278434233052578,0.20430590788827904,0.04928129437814815,0.06813641033918012,0.4321440716502725
177,0.0684990304783992,0.13131018904122768,0.18504028462354877,0.050909625162359105,0.07111141659922769,0.4931294540952379
178,0.07615056656899184,0.18559720942254077,0.20913241622325354,0.0481053552212231,0.06627862039582122,0.4147358321681694
179,0.06016494935273629,0.11180912194690287,0.47218021956579953,0.0522606944521639,0.06747409934039574,0.23611091534200168
180,0.06883913860761934,0.13292487592258417,0.19151416926804676,0.04936906675553749,0.06631412279323227,0.49103862665297965
181,0.06564468568105482,0.12652806409044137,0.14719619782676774,0.05313733608242754,0.07229043437580127,0.5352032819435071
182,0.03598307646656959,0.05023936247660619,0.06658212065521069,0.1688006936596927,0.5593143857856933,0.11908036095622718
183,0.03480946980734653,0.04839921550163805,0.06856654274249559,0.20273358671218666,0.514016238062754,0.13147494717357905
184,0.08073990760122872,0.18733723172528255,0.39836709489606925,0.04262744105264527,0.05687234468053911,0.23405598004423478
185,0.08164881965160066,0.19877943229412598,0.21428956325037718,0.04480895531581866,0.06228416979721439,0.3981890596908632
186,0.032715888405565254,0.044359713612658475,0.06555894766376626,0.5221768777082756,0.2144196405662989,0.12076893204343524
187,0.08928531182357531,0.5192682753109311,0.17561986056548562,0.0410162978841051,0.05577157407032832,0.11903868034557435
188,0.06948161302787781,0.1299643578983634,0.18289734072147731,0.04920267695882592,0.06653242898136087,0.5019215824120942
189,0.033504045275078845,0.044771879298512424,0.06341519453874628,0.5468939635097696,0.1996304218189152,0.11178449555897772
190,0.05206365215495888,0.09859980209205225,0.42681170418246983,0.06350144923343726,0.07732452237485993,0.28169886996222154
191,0.031683029202852396,0.043246567359616975,0.05927613763368179,0.33039282910541534,0.42868611752876123,0.10671531916967197
192,0.03114004478361247,0.041354348761132455,0.0571836230454224,0.20709607064147886,0.5634474729600892,0.09977843980826431
193,0.7942553475720956,0.07733112791949878,0.04994258846611135,0.020556405047003314,0.026643817262633897,0.03127071373265693
194,0.08506568520845682,0.17817715979833307,0.4978159645498669,0.04348244136334097,0.05770809571061676,0.13775065336938552
195,0.03951321256659499,0.056482287364420625,0.07458508644563037,0.13911663469689217,0.5466733860314807,0.14362939289498078
196,0.756522568096349,0.09729376036477048,0.05690081853995059,0.021895177942640755,0.028929196597366542,0.038458478458923105
197,0.698829772806253,0.14081549659712606,0.06495141112604465,0.02309194077748684,0.030407561817764744,0.04190381687532466
198,0.05206365215495888,0.09859980209205225,0.42681170418246983,0.06350144923343726,0.07732452237485993,0.28169886996222154
199,0.5780481145834782,0.23267166431779412,0.08013542054712265,0.02460620762244718,0.032889783285893676,0.051648809643264064
200,0.12809816487208991,0.6057903364721099,0.09285089682429074,0.033158211697168115,0.04504158045592554,0.09506080967841576
201,0.7995519588697009,0.07218498519134126,0.04783730216041226,0.020558407409356154,0.026842908142235507,0.03302443822695368
202,0.061884490892495515,0.11289747707784746,0.15909486447694143,0.054185986524103856,0.07347733417908968,0.5384598468495218
203,0.729797156052613,0.1158588368631326,0.06441981435052878,0.02232384161461999,0.029186071366712172,0.03841427975239326
204,0.7433586314097006,0.1070021147185855,0.05919643799150958,0.022150963894066462,0.029044618657649932,0.039247233328487945
205,0.06584183889297157,0.12046524849103722,0.17983418355925623,0.05031738035562231,0.06812923591572138,0.5154121127853917
206,0.04449060189065842,0.07108053950626292,0.383842631816337,0.06424829945315852,0.07838565106324889,0.35795227627033477
207,0.06669171064350926,0.15153364481656342,0.1844275219030204,0.05421969903547292,0.07437519146761798,0.46875223213381584
208,0.05979359355020594,0.10953885720972176,0.4976187934937943,0.05419695715100915,0.07036141929734059,0.20849037929792816
209,0.14729115366820392,0.6047515541129305,0.10209232673321275,0.031520241346759806,0.043040465549525696,0.07130425858936719
210,0.06891486433161441,0.14146693418106251,0.48014453398416523,0.0499706613101981,0.06504333715816185,0.19445966903479794
211,0.3564194129948427,0.42865852673529314,0.09039395762303477,0.026154967320122652,0.035300331686503775,0.06307280364020251
212,0.06389360197639371,0.12865352136004815,0.1945703696490554,0.05349180457335622,0.07254652240484744,0.48684418003629926
213,0.6937715848777132,0.1455161067358234,0.0639144204891209,0.02328602423025494,0.030672493450757395,0.042839370216330316
214,0.03785097249449274,0.05512131672854128,0.07555850533004592,0.24408021663091373,0.43518988063905323,0.15219910817695317
215,0.2167477368562799,0.5556240223703729,0.09834821312972297,0.02807680195379854,0.037457874660546925,0.06374535102927846
216,0.06432877689311522,0.11510749153769373,0.1925578429964468,0.05110010376870052,0.06990067428694913,0.5070051105170942
217,0.1117618226650493,0.6093524741525529,0.11630510665611968,0.03431596925847153,0.0461285204028115,0.08213610686499515
218,0.07269264850096992,0.14569994342299047,0.1768222613657231,0.048497778909146236,0.06751862740136166,0.48876874039980833
219,0.054915862267766444,0.08524690344893045,0.17763570185924094,0.056729471435835496,0.07554538811001897,0.5499266728782076
220,0.7631643192066934,0.09442792233330473,0.056443823137267535,0.021483091540247173,0.028008836681203558,0.03647200710128379
221,0.03666808525632606,0.05235206305652625,0.07969711769690149,0.4370359128513898,0.2346231443780728,0.1596236767607834
222,0.034991199068824336,0.04817683340701725,0.06771440367920527,0.5393456698764999,0.18676953869177426,0.12300235527667899
223,0.0823434584291837,0.18780030172839943,0.45742565672225544,0.044054462163032236,0.058499989443794,0.16987613151333514
224,0.46289871036836944,0.35836817737851456,0.06958427922915143,0.02532771554638107,0.033777067950896224,0.05004404952668696
225,0.032666404360452615,0.044621998531667914,0.06301366340914738,0.4574586724842352,0.2873102023836504,0.11492905883084598
226,0.05884193811859539,0.10155223004635457,0.2091804129958241,0.052215608117810515,0.07066907467114257,0.5075407360502728
227,0.03316300443860674,0.04495156908732407,0.06234273141292514,0.1569546594628671,0.5876461235255303,0.11494191207274648
228,0.09687021160357451,0.5858603105594202,0.13044242412468152,0.03777293717512964,0.05169770787832497,0.09735640865886926
229,0.04813663574448528,0.0766665383009905,0.1488768371077229,0.06560408559272729,0.08697907074993626,0.5737368325041379
230,0.05663627530314914,0.10102949023340733,0.47713529760406026,0.05530932926443742,0.07101450885927905,0.2388750987356669
231,0.06173345662271264,0.10833145352432778,0.19729518187517311,0.052160101222973626,0.07220141495500336,0.508278391799809
232,0.6527779510679012,0.18284816111806884,0.06736374949864768,0.02367971833642009,0.030983424596215996,0.042346995382746395
233,0.03880895104626142,0.05515263491201649,0.07903285060087821,0.5362664781028816,0.14230883293236776,0.14843025240559446
234,0.05474005282610274,0.09890579102154862,0.41319497606599914,0.057443358182429495,0.07402270841608649,0.3016931134878335
235,0.15977928991972523,0.5908180939090111,0.10914341407552625,0.030619143434541703,0.04124937425904455,0.06839068440215135
236,0.03615935992391431,0.04983247186943909,0.07142873499052416,0.565118289920796,0.14673612161214408,0.1307250216831823
237,0.802722480986712,0.06932629050567309,0.04877373834480499,0.02028594115294008,0.026401017124606026,0.03249053188526381
238,0.053755734604548,0.08825155669257713,0.22833606260390177,0.05449095290980386,0.07165718494705299,0.5035085082421162
239,0.06818111630894867,0.1535944166435857,0.15835619147533775,0.054355625469672667,0.07500840318986914,0.4905042469125859
240,0.7575974945929165,0.09794949983178523,0.055362616744899174,0.021885228464609795,0.028829406567202263,0.03837575379858699
241,0.8070000942731107,0.0678940552463171,0.0468300385037962,0.020141659409338136,0.026053781539661636,0.03208037102777617
242,0.10608044161074968,0.5773618403277572,0.11996862863114924,0.03624721323304955,0.04975345752731467,0.11058841866997982
243,0.0845888964950606,0.2718732661120881,0.37823359246383803,0.04568821609971728,0.06138248460663521,0.15823354422266062
244,0.031683029202852396,0.043246567359616975,0.05927613763368179,0.33039282910541534,0.42868611752876123,0.10671531916967197
245,0.032105487710589346,0.04417288609960673,0.06137503474689885,0.33652199937403576,0.4140612463819415,0.11176334568692747
246,0.03069859278036489,0.041037632617297405,0.058483278088809654,0.4219205985960631,0.3442157451435107,0.10364415277395427
247,0.7459131216779074,0.10580808344576505,0.05927600060531503,0.022055584740464786,0.028933816326600522,0.03801339320394783
248,0.24441896202699662,0.5592074749233982,0.07421367221769742,0.027721774199472183,0.03715586957969622,0.057282247052739335
249,0.03643538289065606,0.04932823926479579,0.07043653223108608,0.12168469663337045,0.5850189004361437,0.1370962485439478
250,0.03286563323596727,0.04413734586244492,0.0578907443942212,0.1310029368069494,0.6344892120147723,0.09961412768564473
251,0.07116573027420774,0.1395554208379424,0.49173220091526043,0.047869681560246874,0.06278113441527519,0.18689583199706747
252,0.033696787431112686,0.04611883305582789,0.06706000133561987,0.4966279747864979,0.2345978704205978,0.1218985329703437
253,0.03445709365074206,0.0486238417381025,0.06775225463985644,0.35137414277073437,0.36655662173146225,0.13123604546910242
254,0.038168832926736895,0.05623017708087263,0.07577241335987209,0.2319924605075859,0.4457431804669113,0.1520929356580215
255,0.056449204274246434,0.10357313673553593,0.4174548980497505,0.05444371364626187,0.07035714489453138,0.29772190239967367
256,0.06940394131982439,0.12977707197235255,0.5250934317314873,0.0501706970672322,0.06534697443580004,0.16020788347330386
257,0.655385251689473,0.17572631542124456,0.070782677710627,0.023800058821875462,0.03144060252147442,0.04286509383530518
258,0.24137823374058337,0.5631188277256501,0.07191629646497598,0.027702303318861747,0.037274776468009155,0.05860956228191967
259,0.7067445568541939,0.13423811792211143,0.06264801290225767,0.02314743672848965,0.030538533153487986,0.042683342439459517
260,0.03356360584839758,0.04645190662071062,0.06539884078006329,0.43170873506323193,0.30125134188260566,0.1216255698049907
261,0.08485212999570839,0.4448634311868476,0.20924905747194958,0.044904407868557636,0.06111521674313218,0.15501575673380458
262,0.06415362764917579,0.11104217846054534,0.1798245974893362,0.05139130306067861,0.07113944946776954,0.5224488438724948
263,0.7146496208821913,0.12924310531985259,0.061776297323624815,0.022822553318251188,0.030157742640825377,0.04135068051525522
264,0.06777922622297737,0.13613777419302897,0.16805510130307472,0.05202460121289308,0.07139619340300261,0.5046071036650233
265,0.03126579025621834,0.04102825247280485,0.05803329936842327,0.5978729471516918,0.1725950487144587,0.09920466203640313
266,0.07927850775817372,0.21478620077882143,0.43895218709426065,0.046959071481623975,0.06257509746222188,0.15744893542489793
267,0.08239193801032084,0.19543294073672857,0.27058637824703,0.042740531603883,0.05953340710898505,0.3493148042930523
268,0.13168921250988533,0.5898208469706269,0.11268841232187086,0.03291712584031995,0.04503303086115607,0.08785137149614095
269,0.0358711431091181,0.05349782623497033,0.06534388763090196,0.26070114478411793,0.46676909684647694,0.11781690139441493
270,0.0488058991000131,0.07653014085504214,0.18992533606758083,0.06073737635916287,0.07901996402544992,0.5449812835927511
271,0.037506274800060774,0.0522144047448601,0.07745211535746087,0.5456371651549903,0.14467295397789556,0.14251708596473248
272,0.055616363724936134,0.09610985300813835,0.47192476104620923,0.05452612929035544,0.0704629571262224,0.251359935804138
273,0.032957081026661644,0.04461042679539237,0.05666907883920403,0.1167145652493193,0.6537453209815549,0.0953035271078677
274,0.03602544776657995,0.05236843136481866,0.06712391812302121,0.41630961727874005,0.30633563157033555,0.12183695389650419
275,0.03212066043563092,0.042881294429802444,0.05675492380741477,0.20332754493892324,0.5686471495050771,0.09626842688315164
276,0.042293964453846034,0.06586101775438802,0.10425757057472232,0.35777012799040175,0.2008368324007778,0.228980486825864
277,0.7791987287306228,0.08542959771228271,0.05255942476985115,0.02105124204302602,0.02738914708201733,0.034371859662200424
278,0.035679039837361974,0.04873273596719157,0.06424318327877986,0.10421769386693952,0.6311568189573457,0.11597052809238144
279,0.03600119979238044,0.04994033294782182,0.07256055236475158,0.4850533021119807,0.21618084057246323,0.14026377221060238
280,0.03538951502805082,0.05033475541259292,0.07213285495697376,0.345336383458915,0.3544168553286492,0.14238963581481817
281,0.03225265539764425,0.043549308531388144,0.06469322254300985,0.4274893446614598,0.31003020420628397,0.12198526466021418
282,0.03540423031714861,0.04851537178023668,0.06948263238575339,0.5112752290718228,0.20516004131738122,0.13016249512765712
283,0.07546386330887772,0.16855313828685564,0.4895215945798611,0.04772985808073413,0.06299111976441561,0.15574042597925558
284,0.31165251942761685,0.5010573596387122,0.06913984728581596,0.026704145934591337,0.036111719007044005,0.05533440870621928
285,0.13359599710335862,0.6107149266643331,0.10670245080186984,0.032602541705969504,0.04391351107662008,0.0724705726478492
286,0.035145651394153654,0.048453532372221074,0.06913012483706202,0.5751483354896176,0.1475198859612422,0.12460246994570383
287,0.06172334976097922,0.11294214915666845,0.4828750710526683,0.05042450274736715,0.0656611303683709,0.22637379691394593
288,0.03762494737612121,0.05380518880651391,0.0780659098364136,0.5054829282254245,0.17561067613831957,0.14941034961720712
289,0.2787033317530154,0.5206275153105262,0.08342390261713288,0.026880978359511053,0.03598667055605324,0.054377601403761
290,0.08342204687202773,0.1961561345278558,0.4642370578932703,0.04470260886916644,0.05955151139330809,0.15193064044437163
291,0.10816579868122096,0.5688306445112209,0.14218887037757383,0.03612182543588064,0.049129495339286115,0.09556336565481728
292,0.14776287878090746,0.5986229375735341,0.10863264356127358,0.03110905241043693,0.04179935172857615,0.07207313594527189
293,0.07057081193376803,0.14040877556556888,0.5105271537586337,0.048010890507743195,0.06206360717336262,0.1684187610609238
294,0.0343659943313127,0.04682720230858976,0.06114092052514085,0.19037211493163947,0.5594440616273034,0.1078497062760137
295,0.7243397012895952,0.12033827656549258,0.06303273747866882,0.022498239604730817,0.02949557677798769,0.04029546828352511
296,0.05106465336138963,0.091638950599557,0.39843199384434896,0.05836190865689605,0.07257126953386224,0.32793122400394614
297,0.06816800783924933,0.15986052818026578,0.38951317675252245,0.04909102281106183,0.06509617389238839,0.2682710905245122
298,0.03701270427298273,0.05174723612117043,0.07368273169050767,0.5324355698882767,0.16837884925958838,0.13674290876747386
299,0.030353043716462025,0.04078427793033619,0.05767420366942583,0.4047613151019548,0.3638211830058185,0.1026059765760025
300,0.0906763134134962,0.5656056902397923,0.14426574973433134,0.03894038963555066,0.052863495630509974,0.1076483613463196
301,0.12460421789465695,0.5940014503219236,0.1245721842179031,0.03329244116220499,0.04502285044131726,0.0785068559619939
302,0.06340625753830158,0.11731130240688102,0.14198865761854648,0.0541812453089361,0.07390553484152866,0.5492070022858061
303,0.05246435404002556,0.08555417769792961,0.1412437892044522,0.059785493073141176,0.07807814169185774,0.5828740442925938
304,0.13473684757490179,0.5666508173364839,0.12973285477720412,0.03317611276226179,0.04553281948620623,0.09017054806294227
305,0.06481422577035137,0.12110340055312352,0.18535397524845446,0.05179503789582622,0.07179244647978524,0.5051409140524591
306,0.7171142268136924,0.13590454705340343,0.05577703540046171,0.022822622440044252,0.02996761192845655,0.03841395636394196
307,0.282877229735993,0.5231215968856605,0.07738626560329209,0.026846831621476594,0.03593502328146389,0.05383305287211414
308,0.27823957375200187,0.5209783220893367,0.0769667492432649,0.027225797638726592,0.03667974726926081,0.059909810007408824
309,0.3002028657892713,0.48807497079915796,0.09576098702326,0.026212681359303797,0.03482088338177744,0.054927611647229806
310,0.1915222172220298,0.5803178305959662,0.09826523004783473,0.029003870895423063,0.03886870393195902,0.062022147306787206
311,0.03523262189038192,0.04834223960208538,0.07135059779463203,0.5739175361378532,0.1374508507145654,0.13370615386048182
312,0.7806092791518126,0.08198502632907909,0.0508704169452858,0.021241362769606663,0.027993440177421797,0.03730047462679408
313,0.06419905660082773,0.21074113202040654,0.31589376217660625,0.05922732484354286,0.08803255960943787,0.2619061647491786
314,0.07230033381804062,0.15673680358580622,0.5052355184351613,0.05131656246898792,0.06647681143422572,0.14793397025777824
315,0.031852411413550726,0.04221995882292522,0.05441238846991284,0.14072560290177702,0.6403535758500419,0.09043606254179215
316,0.05686432587174698,0.09757071315895129,0.19980010459609765,0.054284049109999226,0.07336731968800812,0.5181134875751969
317,0.8173199853517156,0.06145089434207115,0.04464235075464863,0.019816083004567664,0.025720289239495327,0.031050397307501486
318,0.05184203786261892,0.08498701924069614,0.1899113583048582,0.06033771454078908,0.08110590637311055,0.5318159636779269
319,0.06418817174029377,0.11676992511360977,0.2035903779686505,0.0502403833085393,0.06834690656013216,0.49686423530877444
320,0.07670642533152679,0.17525742379502132,0.21455998398216064,0.0471466575405858,0.06531218742902264,0.42101732192168256
321,0.7420157110368496,0.11225989995047843,0.05679765079598186,0.02223728096198571,0.029274023496518475,0.037415433758186074
322,0.7770796717536882,0.08669815036244816,0.052610560738051766,0.021179298065545794,0.02754997140759952,0.03488234767266657
323,0.1217700949316382,0.6075431066093159,0.11467701037469738,0.0334419118806187,0.04503935753373729,0.07752851866999264
324,0.06757422581103661,0.15636286788052112,0.1744135974576416,0.0559085335399904,0.0753432531423161,0.47039752216849434
