,proba_0,proba_1,proba_2,proba_3,proba_4,proba_5
0,0.04384652293085368,0.06258009107316322,0.14670981895241533,0.061052436335166174,0.08541103723331078,0.6004000934750908
1,0.058905249156773615,0.10413654709822649,0.2155562945049027,0.05060544647897453,0.07213704185198035,0.49865942090914217
2,0.07576188188877597,0.17715333990262244,0.4255822040097939,0.044086975276128364,0.060900049804109686,0.21651554911856963
3,0.03292744770131393,0.04374396534237897,0.06103262477887698,0.30331297250458017,0.4488688345806661,0.1101141550921836
4,0.08234176654469702,0.170566709099892,0.5087139932156517,0.04378397940928809,0.059643564478946275,0.13494998725152518
5,0.0878005224454046,0.2232988433031897,0.17528023388969896,0.045425758141277695,0.06434586618402952,0.4038487760363996
6,0.03355809601455937,0.04601807345658257,0.06295213199064519,0.4059364778991534,0.34010447278224676,0.11143074785681321
7,0.06141618696114418,0.11327094776181368,0.515622711678234,0.05075719113813574,0.07061799594658383,0.18831496651408855
8,0.08356796093357907,0.19139512404037617,0.20696248763558414,0.04395952059129949,0.0623144435977435,0.41180046320141733
9,0.03189879653713813,0.04064189743237843,0.05558703273379512,0.14499438568081133,0.6317950038769852,0.09508288373889198
10,0.7303524874643532,0.11906472102509724,0.05869465606039562,0.022018480832170607,0.028833225867709096,0.041036428750274204
11,0.07969128212724366,0.1738143323342335,0.46642035107046464,0.04362837790386003,0.060194843311866926,0.17625081325233108
12,0.10560209039963654,0.5699992588136884,0.12817195342713222,0.035371009146072864,0.047794225461735236,0.11306146275173527
13,0.07553173222765436,0.16797035964404347,0.4639943019270076,0.04593527602320003,0.06280624076714277,0.1837620894109518
14,0.12587228806379527,0.5898971894647644,0.11364512279970694,0.033585440502961306,0.045694586498146825,0.09130537267062516
15,0.03656179850599568,0.050121105229062976,0.07477996073975704,0.4759546545942877,0.2201364526686352,0.1424460282622617
16,0.07530709442687329,0.1580030918594435,0.5171910580736737,0.046929371429563424,0.06473884325867936,0.13783054095176678
17,0.03332143234286201,0.04377635288594731,0.06326968940078112,0.6423280512948785,0.1124176898820865,0.1048867841934444
18,0.27013053000382475,0.5240721928102771,0.0818067764225597,0.02687087409161935,0.03609143336058481,0.0610281933111341
19,0.7049731743493697,0.13574762330287043,0.06311409179440992,0.022593726232197343,0.029741839313060934,0.043829545008091636
20,0.7519830191034014,0.1051883341013463,0.05457646788596227,0.021531794233385738,0.02820794058034526,0.03851244409555851
21,0.056909342507648564,0.08797023772764932,0.1452315945001215,0.0520755598172976,0.07537648180648181,0.582436783640801
22,0.25311717014290597,0.51977721072672,0.09427027989538754,0.02695646707086884,0.03616529243177936,0.06971357973233831
23,0.03939191750726658,0.057010766820561165,0.09226782708517575,0.4497660386507432,0.1820791341639588,0.17948431577229443
24,0.8064274561911189,0.07012112600977129,0.04487291081035654,0.019621447869094588,0.02550927105769575,0.03344778806196277
25,0.031352683232000626,0.040626949526676934,0.054595964783586505,0.24774949223636825,0.533034224255616,0.09264068596575185
26,0.7424177401497213,0.11319140068132627,0.055859922143965464,0.02156367433731225,0.028127381031735333,0.03883988165593939
27,0.032615389479707546,0.043110950755179483,0.06121972731420718,0.5277485273285445,0.22829189447693704,0.10701351064542437
28,0.051315529170312124,0.07631041848205866,0.15491761459451722,0.05424395587867138,0.07737947736548269,0.585833004508958
29,0.03568583328515156,0.050591478039841736,0.06603545027974081,0.3895778264093102,0.33891817602377505,0.11919123596218019
30,0.05668365686988985,0.08531984952115569,0.23206413954447258,0.04794901532994703,0.06895243508794402,0.5090309036465912
31,0.0726006055016757,0.13168076787309452,0.150103685469244,0.04773818240507282,0.06878008650527696,0.5290966722456362
32,0.03690320994033047,0.051382743166222794,0.07357396575231404,0.5354034049721278,0.1698421789211703,0.13289449724783478
33,0.033456972548737855,0.043815632150827136,0.06209821279882258,0.14929573675047603,0.5988296142028259,0.11250383154831019
34,0.2281394851713238,0.5311955338367932,0.10061857935989518,0.02815843563469156,0.038363969495944734,0.07352399650135133
35,0.052530386370554454,0.08896170696596858,0.46039970389398815,0.05545189895138745,0.07624115774039615,0.2664151460777053
36,0.07963402541424222,0.18487672381972475,0.20899239139480344,0.04477710972675356,0.0629536479675588,0.4187661016769174
37,0.09806723864443126,0.5461926938864079,0.14360020924847855,0.0376963171154945,0.051774886153053805,0.1226686549521338
38,0.03638695762171067,0.050811910120391816,0.07614731415392456,0.4374965145836896,0.24982649028803994,0.14933081323224334
39,0.0820545103960596,0.17583161426279997,0.18354199409041808,0.04479777602237689,0.0639768820619333,0.4497972231664123
40,0.1722706450494089,0.5634359530525167,0.11115013869007692,0.029598363480776588,0.03991716819788781,0.08362773152933298
41,0.04773008119505201,0.0740236549983835,0.16499983431223886,0.06185280505875865,0.09035623559923604,0.5610373888363308
42,0.036793823656507775,0.04974895279457979,0.07467344477145618,0.5515550835237101,0.14907661853017148,0.13815207672357444
43,0.07898353615082748,0.1501633313789326,0.4874533329184078,0.043342217193789875,0.058671078725873516,0.1813865036321688
44,0.0657631955335286,0.12175314091583168,0.1557696892774941,0.05030019472891598,0.07254223182970435,0.5338715477145254
45,0.774734970163471,0.08758494401489042,0.052126746230287034,0.020696643563368214,0.026941891255899745,0.037914804772083706
46,0.03199545333705386,0.04286234100111536,0.0599417063687538,0.38124167766843925,0.3760807111427159,0.10787811048192232
47,0.03241377016873158,0.043608843766958325,0.06245395678202424,0.42340186399936447,0.32562955301883084,0.11249201226409043
48,0.6741101326626144,0.16190053283929381,0.05921455238628864,0.022930076440641375,0.030119920261489814,0.05172478540967226
49,0.035528306299192014,0.04866639213215746,0.06970251870444186,0.5238869795736718,0.1956667786962403,0.1265490245942967
50,0.10083518742778616,0.5503418920452209,0.14941818180634572,0.036988719773861915,0.050017775244735566,0.1123982437020498
51,0.5657876629392415,0.2527886082657672,0.07254193063857495,0.02447194759625971,0.03265837512455514,0.05175147543560148
52,0.08011238047819645,0.17777271339155262,0.45886338665125265,0.04410011893094097,0.06083445437756397,0.17831694617049343
53,0.0553965203134959,0.09161226530318589,0.517105878777985,0.052565685597953944,0.07319634782987149,0.21012330217750766
54,0.06462404058279675,0.11289984043108327,0.16584539372949367,0.04966674129373303,0.07183258635075689,0.5351313976121362
55,0.06539683943081148,0.1201613374650906,0.20010676734335162,0.04809564434279651,0.06786404354264874,0.498375367875301
56,0.03535802604542978,0.04687664673498742,0.06262509186077955,0.14371729955212834,0.601033827665386,0.11038910814128931
57,0.049747494046998963,0.07821704995380754,0.46660824621166586,0.05249984556544645,0.07292641988600705,0.28000094433607386
58,0.063713453997355,0.1179725764218055,0.5226877103981256,0.05031706788198067,0.0691364063638688,0.17617278493686442
59,0.06634520979355842,0.13563550183368214,0.4918498794662572,0.05001709710422442,0.06979694853013325,0.1863553632721445
60,0.034709379385839616,0.04787661995355682,0.06565323008379938,0.3043897997370024,0.4276782630286519,0.11969270781114999
61,0.03439571066751855,0.04750446839837787,0.06725176122789578,0.46035503656644605,0.26568036013713114,0.12481266300263047
62,0.22247677053640216,0.5535214023101716,0.09415038417920986,0.027906340764809495,0.037562221597844135,0.06438288061156267
63,0.22341971177726092,0.541221450737266,0.10136987726288224,0.028178848083527986,0.03778789895760496,0.06802221318145775
64,0.0371293279746607,0.05198778398406402,0.07645925360925784,0.5326904679729616,0.16152493504762963,0.14020823141142624
65,0.03592612792074455,0.05028615278464276,0.0758241086983101,0.38990138620641035,0.2961596077130162,0.1519026166768765
66,0.10821216840949106,0.5886276424068121,0.11956226890432381,0.03491673250730306,0.047172440401825055,0.10150874737024518
67,0.0332586545014098,0.04499960912788107,0.06108549047807307,0.254199613814217,0.4991750664455301,0.10728156563288878
68,0.037611239216133824,0.05063602960997696,0.06637956520642302,0.10650602436837074,0.6198960898451983,0.11897105175389719
69,0.1336494365121084,0.5622163332121286,0.1309194529492974,0.0332133055899186,0.045207641266972194,0.09479383046957493
70,0.04476793072133395,0.0626320292960424,0.13007989548735044,0.061755084186139904,0.08638434937157656,0.6143807109375568
71,0.03533820218144192,0.04761854563140943,0.070597126908501,0.49569833895611753,0.21896679021320367,0.13178099610932625
72,0.0745008940379594,0.1625867550593996,0.45935668238321936,0.04428968342852323,0.061165526864945655,0.19810045822595262
73,0.11024317066304412,0.5254900735823594,0.16126852677134143,0.035541681423408855,0.04860533932049409,0.11885120823935179
74,0.14858870008644756,0.5948569004608691,0.10530212557829756,0.031317650026643544,0.04231802016849693,0.0776166036792454
75,0.030880923136972674,0.04049129916678659,0.056745664379335654,0.2822095591436373,0.489830416372356,0.09984213780091163
76,0.770347765353201,0.09296994879805805,0.0513017267288419,0.020932003589832052,0.027292129852857512,0.037156425677209386
77,0.0327832222807798,0.04332832682656676,0.058762117096584424,0.20677996823307287,0.5553221492244524,0.10302421633854349
78,0.7281605999004437,0.12447010667288975,0.0520398686530178,0.021815258363026505,0.028511880200803662,0.04500228620981897
79,0.0907717046753557,0.48375767882817466,0.17795220667667253,0.04123452282644213,0.05683652554776522,0.14944736144558962
80,0.7106987652529789,0.13714166621274787,0.05634132867405532,0.02239779641967729,0.029355814534752854,0.04406462890578756
81,0.7486421063471307,0.1063261500116282,0.05586951383605561,0.02154524578301685,0.02815744131604115,0.03945954270612749
82,0.6511860720590451,0.17757843208630852,0.06683445529531863,0.023285147345170117,0.0308049694082406,0.05031092380591693
83,0.7622542299896067,0.09328316919642289,0.05587815521251342,0.021056922985095428,0.027515813257331316,0.040011709359030256
84,0.07656255889615192,0.15674312502526247,0.16162705906132052,0.04790965497946846,0.06897515708444914,0.4881824449533477
85,0.6593370236865852,0.17748092369703145,0.06456636402858805,0.02351614516251903,0.030835414607886098,0.04426412881738998
86,0.03161811800858556,0.04177438947210791,0.05860678429883053,0.3106889917685927,0.45317816201244837,0.10413355443943456
87,0.054943690564803714,0.0851899269089406,0.1889811571264079,0.05177219839728365,0.07489516596362125,0.5442178610389427
88,0.1809252636691544,0.5698761174961292,0.09510522585517447,0.029254019597507286,0.039686534816260485,0.08515283856577448
89,0.03443490576645417,0.047411034943017724,0.06631489274280611,0.46384214016657155,0.2680552841633413,0.11994174221780922
90,0.4486575850915433,0.3601423961930289,0.07695434743075939,0.025177732635731812,0.03345037212019525,0.05561756652874127
91,0.03445995070936183,0.04803875563378024,0.07372878546478288,0.3989695748060668,0.29739684107965536,0.14740609230635274
92,0.036617841706291294,0.050928629432296056,0.07717388866277598,0.5380218171335676,0.15583044884187283,0.14142737422319615
93,0.03750485127619559,0.05392242548115804,0.07742784523907402,0.42467309179616364,0.2590755697891306,0.14739621641827827
94,0.7711364485714207,0.09103609343013717,0.052973939140665754,0.02085696425968109,0.027110127253673,0.03688642734442197
95,0.07583904276911896,0.21010336737891772,0.4142736525299988,0.047266135791708304,0.06558688865795964,0.18693091287229674
96,0.1443128812410066,0.5940533341769256,0.10478345044546912,0.03183685328541954,0.04308521140962792,0.08192826944155102
97,0.16260697791180762,0.5772768455359532,0.11058997807555836,0.030074102359547574,0.040457974040267054,0.07899412207686655
98,0.0878655186605879,0.2006345093255189,0.43229611276887997,0.04066790472229714,0.05578182134412499,0.18275413317859077
99,0.03450660378374806,0.047955591851660935,0.06997628056526789,0.3523275133147253,0.364486975381051,0.1307470351035467
100,0.0370015045508659,0.051333639307737794,0.07860257261556343,0.49435274095780013,0.19201437251091974,0.14669517005711272
101,0.0418088424232787,0.06311200846294164,0.34572925775046914,0.06323782837422301,0.08704361310525578,0.3990684498838314
102,0.2244544009160675,0.5490609318340886,0.09490139124055542,0.02819782451120619,0.03771039248995874,0.06567505900812357
103,0.05292801261336465,0.08039370468879468,0.18838884822307303,0.05045218349237426,0.0708175789024418,0.5570196720799514
104,0.0630434107818203,0.12265292808240526,0.5240298773507367,0.051595545330714365,0.07176755166609364,0.16691068678823012
105,0.08063313232830334,0.1723954270653823,0.509787053901009,0.04557041328381212,0.06253722617247644,0.1290767472490166
106,0.06405751034538758,0.1263940099651154,0.5359222583626854,0.052819054296600616,0.07328489402957163,0.1475222730006394
107,0.057689579418818804,0.09882917980436007,0.48256354836992754,0.049906644342965864,0.06955851902675828,0.24145252903716916
108,0.6206333686330995,0.20439502709903104,0.0711017240193905,0.023892996880848293,0.0316976180040036,0.04827926536362692
109,0.035553224728542464,0.05008486748140976,0.06987923422602631,0.3814746816598586,0.3323163191466866,0.13069167275747604
110,0.07993745964341556,0.1861514936379442,0.1835015571649101,0.04638489772645515,0.06518288859678745,0.43884170323048716
111,0.06680995659954908,0.1306820574776809,0.45014603859732727,0.05100932964131984,0.07281370655033874,0.22853891113378416
112,0.051206503428269615,0.09106531720742002,0.22393015684586295,0.057088743286477665,0.08200319186461216,0.4947060873673574
113,0.03751136208735501,0.05304121693253635,0.08101506160285944,0.4732248221572555,0.19926362773656567,0.1559439094834281
114,0.09437616480265056,0.5413399608106952,0.1439728060838402,0.03950598302722647,0.054869742199788,0.12593534307579907
115,0.2017680629198581,0.5650980313475155,0.09246628383313767,0.028412819357757885,0.03819813888462698,0.07405666365710413
116,0.029738049793666958,0.03872737928765071,0.05590145691189409,0.45264240082969404,0.32500584990807013,0.09798486326902393
117,0.07423070585210598,0.14774629738113396,0.4954481910723633,0.04634243062241892,0.06388101013156586,0.17235136494041206
118,0.34600501493365043,0.4585064139220829,0.07586028999123928,0.025717286927089387,0.03416316839093458,0.059747825835003154
119,0.03790312963479389,0.051691638214599954,0.07239383544267233,0.1276538406975653,0.5738400847371437,0.13651747127322486
120,0.05260002200553845,0.09323637964830486,0.4723162452246303,0.06172854844399519,0.08609079140580968,0.2340280132717216
121,0.03319678250774758,0.044363460600380704,0.060481270326681325,0.23005203858148882,0.524516988364865,0.1073894596188366
122,0.038153396023929094,0.054106155838036,0.07924523252863275,0.2361926324663838,0.4305083738645488,0.1617942092784692
123,0.06837289932157577,0.1265016364225129,0.5337382073864463,0.048308444155422084,0.06650949689110769,0.15656931582293557
124,0.6757155669637241,0.15948674710403923,0.06637189562963443,0.023168823305515784,0.03039238683535435,0.044864580161732434
125,0.7953688025136204,0.07784878764609324,0.04526114256076371,0.020048682010223633,0.02609951007106899,0.035373075198230124
126,0.14858870008644756,0.5948569004608691,0.10530212557829756,0.031317650026643544,0.04231802016849693,0.0776166036792454
127,0.13466881612578002,0.5486202843380517,0.13423718140385082,0.03336480305982008,0.046030794471899304,0.10307812060059773
128,0.1327099213635112,0.5877488324947772,0.1164835599206668,0.03287349458731046,0.04495814872749166,0.08522604290624275
129,0.11197599342786822,0.5757387247428358,0.13365383391613855,0.03513258410847756,0.047692082455972507,0.0958067813487073
130,0.032581446771200326,0.04425083769119217,0.06316520989611066,0.35642982636662535,0.38970395815313247,0.11386872112173924
131,0.1088777078712368,0.6014374489985398,0.1199245418636511,0.035615513683108245,0.04831167758684183,0.08583310999662264
132,0.04429915689512905,0.06746461414552687,0.08638350622945173,0.1698179628310479,0.4573099418587862,0.1747248180400579
133,0.16195179233961934,0.5904876206318183,0.092658503743899,0.03034584449843138,0.041569439409555965,0.08298679937667582
134,0.4733111355733537,0.3330552635730388,0.07896348028851331,0.025116023999347866,0.033485787701382275,0.056068308864363786
135,0.7385626136369564,0.11035157776409052,0.057877705684637855,0.02171585817478164,0.028407479915245035,0.04308476482428841
136,0.49159484679761273,0.31357379437397415,0.07783014788772495,0.02476890842742031,0.03314336517754114,0.05908893733572669
137,0.06348507699970518,0.12230125495136498,0.18986986247953427,0.051103466897719066,0.07261480876234688,0.5006255299093295
138,0.1942122973025913,0.5742962805573252,0.07973915312009129,0.029213306342318508,0.03960848035635006,0.08293048232132348
139,0.034492127189957325,0.04781916408480471,0.0641382005854546,0.30711815067006415,0.4335065429157911,0.11292581455392796
140,0.05954364407918238,0.10465694698644236,0.20847508742060805,0.05140462130948713,0.07409801930343698,0.5018216809008432
141,0.7602036032982482,0.09849018613890251,0.053235640452930215,0.02120836224845764,0.02776194699047115,0.039100260870990014
142,0.7279616515888165,0.12347707324405309,0.056668396141308544,0.021973475763885295,0.028697842137350767,0.04122156112458575
143,0.6431994835132768,0.19016404910421733,0.06771083186449739,0.023723332077837445,0.03120946986588617,0.043992833574284816
144,0.772747674895131,0.08912928089949712,0.05033984632693837,0.020802862856855186,0.027295523944719447,0.03968481107685897
145,0.035734713010234696,0.04911789062341571,0.06525126266664905,0.19378495303630944,0.539943971484197,0.11616720917919453
146,0.056289853139400686,0.09737663673615965,0.4668173979437899,0.05101050300129392,0.07065700467253208,0.2578486045068238
147,0.03339385967700579,0.04469766381581965,0.06069647981715394,0.503060107709371,0.25361565479282566,0.1045362341878239
148,0.05335829476985114,0.07963085746063227,0.2120297459916916,0.05002224588828732,0.07171798153451692,0.5332408743550209
149,0.06768600549574494,0.11833071278834163,0.19632556808123464,0.04597454851395152,0.06544941934533659,0.5062337457753907
150,0.037717931360157046,0.051330345855622815,0.06822212031425753,0.11128832342634574,0.6055061289853959,0.12593515005822095
151,0.7172494679724832,0.12773276839399478,0.06034547533532193,0.022219775357298847,0.0291564429715015,0.04329606996939992
152,0.035998663597518625,0.05113483414467931,0.06786515245447884,0.22930517789482624,0.48940835655809506,0.1262878153504018
153,0.7223026215204856,0.12542740741962846,0.05885469584322748,0.022089178712179393,0.028944614090117348,0.042381482414361356
154,0.7142439515797698,0.1322163523794742,0.06060297136830923,0.022304458196306033,0.02925230990634436,0.041379956569796754
155,0.6981334985787061,0.14017089324933574,0.06495370646591096,0.02271832402137118,0.029899470625730597,0.044124107058945386
156,0.05372670342023192,0.09151413853377471,0.48879149615800466,0.054491083130939484,0.07640589898148778,0.23507067977556165
157,0.053173126726537366,0.08091213671669807,0.18773621857102107,0.05189946131895317,0.07412413417303183,0.5521549224937584
158,0.08125098166898263,0.21397704362053394,0.4187001655515708,0.04331996033470624,0.05963604033714521,0.1831158084870609
159,0.1397060537062961,0.5976417799552294,0.10601083743353502,0.031684901080699865,0.04249076255504563,0.0824656652691943
160,0.05934727739679361,0.09772873793802177,0.1909519145656971,0.049075412558203975,0.06976281825370757,0.533133839287576
161,0.040050254285387825,0.05580274334903415,0.07673417020278855,0.11774521396409836,0.5635247036614233,0.14614291453726783
162,0.037724457455253005,0.05309471068831715,0.08266093969041004,0.43906971103789105,0.2243755687535078,0.1630746123746211
163,0.03195943174011271,0.042962470131953895,0.05792671272429144,0.3351140223870987,0.43039768097507775,0.10163968204146538
164,0.0661291052185561,0.1317004628627231,0.15666213606039164,0.05339738750844308,0.07712643660302518,0.5149844717468611
165,0.7167553958077332,0.1305548463506463,0.05853174230281786,0.02240447808284078,0.029473556322827072,0.042279981133134914
166,0.258015151597389,0.522688272315093,0.07691082135401377,0.027668124035518476,0.03813910348003213,0.07657852721795347
167,0.07101133436483285,0.15197946612257052,0.49858695389192575,0.049466104666814094,0.06783898007944202,0.1611171608744147
168,0.07568223426604632,0.19871917383446802,0.4000950778602549,0.045529913606800455,0.06306719285364829,0.21690640757878202
169,0.05620813539560066,0.09424294191911296,0.40041324411486784,0.04683939120604214,0.06536678644506251,0.3369295009193138
170,0.6985605777453109,0.13964833881401797,0.06304082106534126,0.02271549583012187,0.029837337634251358,0.04619742891095644
171,0.03361773331791752,0.04378786832947578,0.059361802294708256,0.11953032790815787,0.6402437261511632,0.1034585419985774
172,0.042747120312111524,0.059416457273471446,0.12720015594743006,0.0693606800252621,0.1009027513720678,0.6003728350696572
173,0.6757217979866471,0.15481263134708523,0.06805350797386363,0.023121744168458722,0.03048158085641048,0.047808737667534885
174,0.08035559186420208,0.204443171770741,0.3706286104704713,0.04185954348735335,0.05772461756888396,0.24498846483834824
175,0.07360048168379411,0.1506042278967827,0.4937617909050902,0.044573641899522905,0.061317853651238284,0.1761420039635717
176,0.07570317970033297,0.17684968289256747,0.19699204012135357,0.04770288972425089,0.06789553645116372,0.43485667111033083
177,0.07226730383819104,0.14542902613039418,0.1788056433733956,0.049740551038154356,0.07218434316625867,0.4815731324536061
178,0.07873554103196458,0.19125129507330935,0.19706011981182733,0.047070109853060885,0.06691962132315243,0.4189633129066855
179,0.06180293348747051,0.11034262741296094,0.5291937034830133,0.05036152267576284,0.06998860067642107,0.17831061226437134
180,0.07257787324273228,0.1381247124538692,0.18716396498211688,0.04602175438758198,0.06447614975405287,0.4916355451796469
181,0.066705855986794,0.12668917221674417,0.1576384723195951,0.04996028308869576,0.07114812521952694,0.5278580911686441
182,0.03562469243154802,0.048369471493351385,0.06459121911586196,0.18599696654479234,0.5501110433411679,0.11530660707327876
183,0.03504828003902889,0.04775550137714903,0.06820807674324722,0.19901376038377994,0.5212329494291402,0.12874143202765456
184,0.08366365442480136,0.17970688578564287,0.42935905642984656,0.039796558551727215,0.05455429405906188,0.21291955074892002
185,0.08580879297765955,0.200628713609131,0.19935902581403184,0.043444967836287554,0.06162970163306671,0.4091287981298232
186,0.03339312875880276,0.04442327906443632,0.06701352128406707,0.5314256871585323,0.20114120590641385,0.1226031778277477
187,0.09219864136256155,0.5088169811719777,0.16909557164366504,0.03954212166214876,0.05398099897726563,0.13636568518238104
188,0.07455722303682619,0.1419136105545282,0.17308354351879868,0.04623585567159618,0.06521971065110707,0.4989900565671439
189,0.03426253395642719,0.045475571877568614,0.06538607950936878,0.5400527742542596,0.19831658290843585,0.11650645749393974
190,0.052530386370554454,0.08896170696596858,0.46039970389398815,0.05545189895138745,0.07624115774039615,0.2664151460777053
191,0.03199545333705386,0.04286234100111536,0.0599417063687538,0.38124167766843925,0.3760807111427159,0.10787811048192232
192,0.030980378251761264,0.0403019479730835,0.05646511265053202,0.2315908015894243,0.5416684564960917,0.098993303039107
193,0.7843878143523196,0.08633228400936799,0.04907353583995563,0.02052710665294797,0.026670871017616168,0.03300838812779284
194,0.08649709014496655,0.17276548686647208,0.507451302480629,0.041968689805897144,0.05763636122357622,0.13368106947845865
195,0.04039482669382584,0.05633346189627673,0.0757499679373338,0.1267958349053266,0.5558988277185486,0.1448270808486887
196,0.7389628979186202,0.1087406377914747,0.05905892047174404,0.02177033053242479,0.028675711642863557,0.04279150164287271
197,0.6824516228118056,0.15311107706452398,0.0657188400264499,0.02297403216949488,0.030199542306236227,0.045544885621489783
198,0.052530386370554454,0.08896170696596858,0.46039970389398815,0.05545189895138745,0.07624115774039615,0.2664151460777053
199,0.5574101104255124,0.24597019925263472,0.08208059012031786,0.024455863541830655,0.032687533972988764,0.05739570268671588
200,0.13642941105965353,0.601302347605253,0.08601244014210566,0.03216864441521406,0.04359565172124747,0.10049150505652608
201,0.7869584485578768,0.08112984705230247,0.048245076252150694,0.02034176060540388,0.02656830172304749,0.03675656580921896
202,0.06390936665639604,0.11568432390985017,0.17153432556633846,0.050176548475809574,0.071839274000213,0.5268561613913928
203,0.7195991817357347,0.1258865822968542,0.06253934694299025,0.022213931062786258,0.029073922386633946,0.040687035575000766
204,0.7270563970552407,0.1188774111848143,0.06043334538469822,0.022168679056122416,0.029093293572759114,0.04237087374636575
205,0.06829037284540271,0.12144129171311469,0.1862983673224857,0.04649950664394106,0.06582128996595875,0.5116491715090967
206,0.04500777957428377,0.06596565436591284,0.42786216181511944,0.05526102812735059,0.07700652272417906,0.3288968533931548
207,0.0705595997348858,0.16065641842241665,0.178138151227511,0.05142657965739529,0.07365221496526915,0.465567035992522
208,0.05993687617930972,0.11213060763187482,0.5119177951815573,0.05239460995710602,0.07344977779311279,0.19017033325703925
209,0.14991821069443248,0.5839771999405039,0.11158535996441757,0.03145340970230289,0.04280396485115659,0.08026185484718643
210,0.06995747143702977,0.1357805328484379,0.492835585943015,0.04682376792684434,0.06473226113108531,0.18987038071358775
211,0.3601163157918105,0.41665265907617466,0.0928423757029739,0.025860218464438686,0.034866650377836206,0.0696617805867657
212,0.06456436416362189,0.12819799089934625,0.1977631191860342,0.050843974814387106,0.0725823367869725,0.4860482141496383
213,0.6776646973619698,0.15977247017067644,0.06368519848787771,0.023125243683296482,0.03046006884715789,0.04529232144902151
214,0.03828960204307953,0.05490614690521618,0.07637489482536215,0.2287048979872951,0.45266833646546895,0.14905612177357855
215,0.21691809296950354,0.5456579574162838,0.10221830341394078,0.027887456629576254,0.03722046188205578,0.07009772768863994
216,0.07252945709565944,0.13846637112980906,0.18343963831357396,0.04745190271766483,0.06803183300211779,0.49008079774117524
217,0.11837431904394524,0.6105546399105232,0.10639938870830608,0.03383333309011424,0.0459992417064819,0.0848390775406296
218,0.07791792639334884,0.15601604004433456,0.17279147534708253,0.04590370960599729,0.06584184225842331,0.48152900635081314
219,0.056228534225257185,0.08634738608585818,0.1841841823086145,0.051750069716622125,0.0742596337592957,0.5472301939043525
220,0.7481857317279647,0.10630732472850983,0.056771577617515646,0.021553408269568492,0.02815209962377803,0.03902985803266301
221,0.03625545841468077,0.0511922226132429,0.0805636760238644,0.43869809822004074,0.23761963982758721,0.15567090490058383
222,0.03506348265871836,0.047851374000642495,0.06817849517438535,0.5416290574003778,0.18463474043251046,0.1226428503333657
223,0.0835493193635445,0.19530874583067492,0.46737187157365345,0.043738793938078904,0.06016878889640421,0.14986248039764416
224,0.45013342194554956,0.3620639495496563,0.07237064522090061,0.02503981842544818,0.03330475096477204,0.057087413893673465
225,0.033300171775596105,0.045027075155114046,0.06476279413631272,0.4556192185712252,0.28387276497037484,0.117417975391377
226,0.060007310500669896,0.0992325572079141,0.21001372696973314,0.04852281142866881,0.06973752490239768,0.5124860689906163
227,0.033181109181206384,0.04411551230759294,0.062331887031517874,0.1834532424043571,0.5632763950935645,0.11364185398176134
228,0.1010905050113368,0.5677542484487748,0.13271961583560507,0.03702548597799519,0.05068922906121082,0.11072091566507741
229,0.048321980851196045,0.07270344311399846,0.15439163828558122,0.058684113108409014,0.08508911931759973,0.5808097053232153
230,0.057080760735596606,0.09899384902454031,0.5071355886126175,0.05217993580499706,0.07300721461629224,0.21160265120595628
231,0.06413879900588905,0.10812121779134916,0.1792534458184351,0.048722759590104664,0.07050993230707654,0.5292538454871458
232,0.6441948991157456,0.19119434147368758,0.0655738468728318,0.023510196222524763,0.030848527107065423,0.044678189208144446
233,0.03817775046281614,0.05422792101154981,0.07907103734339883,0.5211392854229536,0.1627087566001768,0.14467524915910476
234,0.05529064722414512,0.09674708309951294,0.4423136053211226,0.05299619294526984,0.07466334177945101,0.27798912963049865
235,0.16284241038811517,0.5761396791391558,0.11521014452792226,0.03054027873230053,0.04111698996528216,0.0741504972472235
236,0.03624665157444406,0.04979312322871861,0.07266136890968229,0.5635904789116658,0.14702582464968653,0.13068255272580293
237,0.8091863281501862,0.06765252890031297,0.04499777264169479,0.019524816490871566,0.025405103282484392,0.033233450534449545
238,0.0525044198975728,0.07955412259484682,0.2457688769266928,0.049703588749491365,0.07044626733770173,0.5020227244936946
239,0.07309310840313792,0.16640794976232,0.1629437303046529,0.050656101602081276,0.07262319147129906,0.47427591845650885
240,0.7463767261924812,0.10681931880284572,0.05511112476375585,0.021507676100411592,0.028286278618278583,0.04189887552222718
241,0.8019049823919498,0.0738680871558004,0.04505807602915446,0.019870528810806372,0.025785845429898317,0.03351248018239073
242,0.11221183957508239,0.5831708760402283,0.10602513194110433,0.035542555965793726,0.049115100107747334,0.11393449637004456
243,0.08562558624460473,0.28280758146334395,0.3684697587000349,0.044115880207506175,0.06074621194028951,0.15823498144422074
244,0.03199545333705386,0.04286234100111536,0.0599417063687538,0.38124167766843925,0.3760807111427159,0.10787811048192232
245,0.032581446771200326,0.04425083769119217,0.06316520989611066,0.35642982636662535,0.38970395815313247,0.11386872112173924
246,0.03154072742206341,0.0414505288924509,0.06001038957265454,0.48870461649774605,0.2702369705075741,0.10805676710751073
247,0.7342872821395409,0.11537910698312884,0.0586697540422384,0.021799795552894668,0.02856543338983797,0.04129862789235924
248,0.25654940560685563,0.5458033638162942,0.06954313318890575,0.027231243848536,0.03662457036707723,0.06424828317233076
249,0.036505578101846174,0.048664328608142904,0.07046506051276108,0.1285969318695919,0.5810988078137445,0.13466929309391343
250,0.03223670041605607,0.042316370653149214,0.0561183593106979,0.16965755812065178,0.6031308331098937,0.09654017838955134
251,0.0720851893231622,0.13878503252889035,0.5120139322067783,0.046062712396391474,0.06360929426649552,0.16744383927828235
252,0.034188898885690676,0.04661657148580193,0.06803545516979108,0.5080332507603295,0.22048206464866993,0.12264375904971686
253,0.03487375059974288,0.04889809568539057,0.06781208662050381,0.32153742436784666,0.3982671418894858,0.12861150083703063
254,0.038988667929023904,0.056465548439862734,0.07786677158582342,0.20929028900958463,0.4662271879118169,0.15116153512388847
255,0.05668050745011265,0.0971223776820413,0.429631912770752,0.0487568907532275,0.06804456549990684,0.2997637458439602
256,0.06936910890506963,0.13441050758582213,0.5056574170966686,0.04814382544698028,0.06683326862774988,0.17558587233770956
257,0.6371699502134078,0.18954953347360495,0.07199429187202415,0.023888091804998263,0.03153726493334663,0.04586086770261806
258,0.2416274649961837,0.5534812803171975,0.07447282919595863,0.02731359967310791,0.03657607511655263,0.06652875070099942
259,0.6869422754430968,0.14936486789658177,0.06386343744698217,0.02300445098208632,0.030362930428784286,0.046462037802468624
260,0.03320357788877138,0.04528961321782758,0.06521543769476625,0.40307473296775925,0.33317491356790135,0.12004172466297391
261,0.084794229576684,0.45086963005965164,0.20003805351341272,0.04449152049547777,0.0617006607429998,0.15810590561177415
262,0.06710608750222356,0.1122081457001242,0.16031722926473418,0.04841658297385035,0.07011499654282977,0.5418369580162379
263,0.6924038334256785,0.14507775841999604,0.06379779724967524,0.022754707648051705,0.03001882025820293,0.04594708299839555
264,0.07237981822065995,0.1488091810217962,0.16101979695156118,0.04937599615355006,0.07067972066486931,0.4977354869875634
265,0.031926329674728936,0.041551414111114855,0.05916538139135951,0.6156773768907108,0.1498392395229911,0.10184025840909491
266,0.08006258728714089,0.22253152345748403,0.4356241708497213,0.04573534551447166,0.06315637964925391,0.1528899932419281
267,0.08978233894652378,0.21626694502246505,0.2312478562775182,0.04171235751984461,0.059137803087663234,0.36185269914598484
268,0.1349426450836855,0.5797854775616246,0.11254635718333494,0.03272371255487525,0.04496832634800809,0.09503348126847175
269,0.03638850923525997,0.05201418301960397,0.06603548985885531,0.24699756280713936,0.479267160988606,0.11929709409053538
270,0.048874153771676275,0.0701114575978396,0.19020408913956593,0.05337234531722075,0.0757440963714637,0.5616938578022334
271,0.037097811798380106,0.051436558540556454,0.077935923573773,0.5386224321206978,0.15381652988822253,0.1410907440783703
272,0.05620768532263413,0.09325216083553525,0.5097958247438952,0.051234826953610355,0.07185156203834643,0.21765794010597847
273,0.03243582104666536,0.04236954945657345,0.05549357997185334,0.14959479251309318,0.6260068312862945,0.09409942572551981
274,0.03568583328515156,0.050591478039841736,0.06603545027974081,0.3895778264093102,0.33891817602377505,0.11919123596218019
275,0.03171939876948786,0.041282330774653035,0.055872562360505695,0.251803621712268,0.5234648780650596,0.09585720831802545
276,0.04165899576830963,0.06242436947777777,0.11295070625298362,0.3435352651265833,0.19786429966972127,0.24156636370462448
277,0.7636039050398055,0.09821479168129776,0.05301297209457586,0.02107769799626183,0.027459541275724142,0.03663109191233534
278,0.03550342891265732,0.047081169184829796,0.06315352470435076,0.11364843182327067,0.6272248836135704,0.11338856176132103
279,0.035263269826441436,0.0486137737604779,0.07253163837361587,0.4855575186465437,0.22127587567414142,0.13675792371877984
280,0.0350678431827178,0.04916571911161916,0.07190792482438985,0.34414644214062773,0.35923648074781145,0.140475589992834
281,0.03293118929756763,0.044118636814585215,0.06722052111887693,0.4477307450965569,0.2808418287637389,0.1271570789086738
282,0.035047995784996636,0.04820261912806866,0.07018814867035372,0.4945855758775364,0.2222395275350664,0.12973613300397865
283,0.0774114227185567,0.1522722669252204,0.5087890118786279,0.04398162007378154,0.06058607057898579,0.1569596078248278
284,0.31160099166454974,0.49143248443554616,0.07205520136549395,0.026314600265532416,0.03540387197089607,0.06319285029798194
285,0.1425838524032057,0.5990682232942581,0.1027929038180625,0.031688359934849746,0.042830409475020384,0.08103625107460359
286,0.03477275203478159,0.047455628165548415,0.06971158235088634,0.5624946678428464,0.16215009407737963,0.12341527552855709
287,0.06251799980458671,0.10768807361203539,0.518328991174108,0.04740676552330036,0.06591703793345877,0.19814113195251046
288,0.03664963134243022,0.052351964889919764,0.07801452859788273,0.4817770262774784,0.2074304838174531,0.14377636507483554
289,0.278447150079101,0.5105876497557722,0.08676377995635934,0.02671434774760744,0.03572266216643246,0.061764410294727554
290,0.0839012614419822,0.20209351237730977,0.4714481807201743,0.0448121289182339,0.06181616855402511,0.13592874798827462
291,0.11336181636082918,0.5543419441800049,0.1431492526782962,0.03539192864395482,0.04825752447026441,0.10549753366665046
292,0.15524109223449264,0.5840731844552988,0.10950029830010373,0.030627299154786566,0.04122199735317301,0.07933612850214532
293,0.07152844061066684,0.1341458381680186,0.5293381472737172,0.04516928824532164,0.061841527297422746,0.15797675840485284
294,0.03465635098764082,0.04634961792535367,0.06180821178609457,0.19280965143029355,0.5546482694079854,0.10972789846263238
295,0.7119654667645146,0.13078929104374348,0.06230459884811643,0.022330376012414676,0.029281215293250614,0.04332905203796027
296,0.051140523777661755,0.08577562634044283,0.43554643424252437,0.052281784021568536,0.07235881182418628,0.30289681979361593
297,0.06888440322244252,0.16406934263130607,0.4137285684893836,0.04757602732575956,0.06648053201215764,0.23926112631895066
298,0.03614189119259693,0.050186393371686254,0.07293716463110703,0.5121283597493824,0.19556808742522194,0.1330381036300057
299,0.03097386575185281,0.04121748158535952,0.05880434575004946,0.44787899284492033,0.31554201711339247,0.10558329695442573
300,0.0933202201484674,0.553018605909237,0.14297714005893628,0.03820643796640194,0.05192781177932113,0.12054978413763615
301,0.12826439728913339,0.574484340506827,0.13196508112303784,0.033085625637400404,0.044715407655120366,0.08748514778848118
302,0.06403833220693196,0.11158022517223953,0.1577272704352616,0.04951344041764093,0.07048522422097274,0.5466555075469535
303,0.0512375768231948,0.0771972487142932,0.166740615729799,0.05272708348237406,0.07411693721326432,0.5779805380370749
304,0.14169596366314327,0.55248933112483,0.12987441111548048,0.03261715377641168,0.04495139659694405,0.09837174372319074
305,0.06609007241101632,0.12005765008352201,0.18351549776431822,0.04915424136064969,0.07098892906711897,0.5101936093133743
306,0.7098504224252853,0.14137798251598738,0.05482977725621745,0.022346359450105685,0.02929157208445969,0.042303886267944416
307,0.28496532605363883,0.5153079109151484,0.07766637616820993,0.0267246870825581,0.03579535986074578,0.05954033991969937
308,0.30563980317914313,0.49228204903056666,0.07618442170197459,0.026571952022516134,0.03578883163944308,0.06353294242635653
309,0.2959082556987476,0.4902647251423634,0.09535049323486246,0.02664058509813139,0.035693515197279486,0.05614242562861564
310,0.19932580416377305,0.5628914534342214,0.10023632537308506,0.028467433795159914,0.03814888785504549,0.07093009537871552
311,0.03501327083799923,0.047805965568197224,0.07320311818837905,0.569532500742845,0.14318645652535622,0.13125868813722316
312,0.7670668386700081,0.0903261844417928,0.05194942593725116,0.020953485119970604,0.02757411098527162,0.042129954845705524
313,0.06481780324616905,0.19458465115200527,0.39281551392169595,0.06220515550602731,0.09603041531297409,0.18954646086112806
314,0.07353006796544075,0.14364210248773304,0.5292209426976985,0.04771518093351876,0.0654299982231212,0.14046170769248786
315,0.03146408850231297,0.04071194755402199,0.053606952543947546,0.17619662771589517,0.6079422639128038,0.09007811977101825
316,0.05853374880564962,0.09439704488861402,0.19375519979046563,0.04936733267833031,0.07096195651028236,0.532984717326658
317,0.8103718448042557,0.06764144056636258,0.04375661419143481,0.019566688877081562,0.025454823858029545,0.033208587702836044
318,0.051916899703316095,0.07841691719397277,0.19532037887795475,0.05340770445667534,0.07762914968543717,0.5433089500826439
319,0.06635406601857495,0.11609459633359981,0.19323424012977236,0.04714000454160307,0.06703045274871904,0.5101466402277307
320,0.08107014637360113,0.1834730520381715,0.19750388193303012,0.045633427794262806,0.06504444510256055,0.4272750467583737
321,0.7225291229840327,0.1260187485115985,0.05855403999258186,0.02218974006542943,0.029172499092181732,0.041535849354175966
322,0.7678845207788461,0.09567024293322274,0.05141377851993379,0.021084671890808888,0.027535824717329575,0.03641096115985892
323,0.1272903275034466,0.5937827637517598,0.11268843392359874,0.032768467760387485,0.044211532826928794,0.08925847423387823
324,0.07129242227828236,0.16638403579768507,0.1688693210734464,0.05244422705769459,0.07443034625443538,0.46657964753845604
