,proba_0,proba_1,proba_2,proba_3,proba_4,proba_5
0,0.0004364209844658365,3.6955856456339925e-05,0.10518481439222427,0.004849589242564778,0.005084116367597697,0.884408103156691
1,0.001571268668389061,9.853252718789444e-05,0.04398826139368723,0.00153971649409733,0.006898004653270129,0.9459042162633684
2,0.0072299989345568335,0.00064922901276749,0.7924144470731922,0.00136776137195315,0.005312445055832096,0.19302611855169824
3,1.2970152712006426e-07,0.00012762773052488657,0.0053470873597336,0.4432107809147745,0.5392269413529794,0.012087432940460559
4,0.0075340643222130185,1.37365424440786e-06,0.9780629399832089,0.001991358057921732,0.00185816868800653,0.01055209529440533
5,0.023740245245310158,0.00044300442490551105,0.005930129507260701,0.0004708603200406,0.008563439436547571,0.9608523210659355
6,1.6853900847639799e-07,0.001871629719373127,0.008211122403925436,0.8715836512213831,0.11599001623826766,0.002343411878042181
7,0.0011120158613024732,1.4532710480530232e-05,0.9109198523046207,0.0028663827153914048,0.0025942604262689023,0.0824929559819359
8,0.011946431852850254,0.0003128884787349947,0.016759281175144605,0.0004679127521785445,0.008607756891734491,0.9619057288493571
9,1.1144317953881488e-07,2.653026045256572e-06,0.0027620910650499268,0.10340806380535661,0.8883534384406394,0.0054736422197292686
10,0.9029821068742707,0.07716339360984914,0.018385968381447577,1.9698757809024462e-05,0.00039163542261073356,0.001057196954012902
11,0.006833417532429803,5.916430251513266e-05,0.9344156047294848,0.0013626190864387269,0.003920683263825882,0.053408511085305546
12,0.066841360324261,0.9025779125915119,0.0024978774873346135,0.00019300159237302928,0.0011667392827974135,0.026723108721722066
13,0.010357203034110349,6.717599611866205e-05,0.8997160917324083,0.004738865829455684,0.0032200554273281636,0.08190060798057891
14,0.10638802803284265,0.8818027689771681,0.003928094677445742,0.00013109648407495382,0.002072315152850969,0.005677696675617464
15,1.53075611905708e-07,0.0031595259672057945,0.018043730313880024,0.842416427716016,0.10015868061267584,0.036221482314610455
16,0.0031023134795269756,4.490056831893976e-05,0.9549055741123352,0.0018744078398667356,0.0031275655640226065,0.036945238435929464
17,5.322211202980978e-08,0.002907792387212045,0.02834612321270957,0.9622840197643497,0.003981628815728545,0.002480382597888019
18,0.29229746117625716,0.6964351362813177,0.0035555628210773176,6.0236144083053076e-05,0.0007828434477644594,0.006868760129499988
19,0.9255378229438788,0.05016846433909064,0.021872271312353073,2.0240065182425144e-05,0.0005711036112999634,0.0018300977281951708
20,0.9000245077940398,0.08616296094464428,0.012081286358721691,1.530346715935909e-05,0.00038069019102881927,0.0013352512444060325
21,0.0014359598134497616,1.3562732425528052e-05,0.037644238195192484,0.001216855375711133,0.015620057837312006,0.9440693260459091
22,0.37172250512932586,0.6007538687393086,0.013145348124098358,0.0001034214669050702,0.0011578465102650803,0.013117010030097088
23,2.3964047001753046e-07,0.11622222370404867,0.028604419483261475,0.760693345671829,0.017395922656041892,0.07708384884434893
24,0.8736572126607655,0.11564502959714024,0.009354440374126517,1.2296370020587128e-05,0.0002495038570625737,0.001081517140884508
25,1.0954197942253862e-07,1.481659097707727e-05,0.0014169357999487956,0.32043984369898987,0.6744181915912909,0.0037101027768138145
26,0.8861291767905465,0.09857029766646615,0.013922596179324653,1.8241516191483827e-05,0.00037818167388767483,0.000981506173583623
27,7.272596175123605e-08,0.001047662228626287,0.007268956398307845,0.8868087021754466,0.09289411709696235,0.01198048937469516
28,0.000663024360326101,8.042154037433918e-05,0.057097948772227534,0.0025760490643497312,0.006385067640735568,0.9331974886219867
29,2.5038298512655336e-07,0.011690506059345818,0.0020758109860842776,0.9227177903880918,0.05843135771068499,0.00508428447280801
30,0.0020497114445184594,7.5469924745671e-06,0.2008798874803397,0.0013046893138815166,0.010505648823524491,0.7852525159452614
31,0.008788312838143726,2.0699379087337038e-05,0.011361091021517559,0.0006475318468629561,0.01627145318758419,0.9629109117268042
32,1.286957091365109e-07,0.08263971944303351,0.010726083350253011,0.8971503446994143,0.003378621824066803,0.006105101987523247
33,1.1747478037999693e-07,3.728121739279661e-06,0.005142246039177921,0.005484587435430035,0.9736774163044781,0.015691904624394355
34,0.6518925845702408,0.3254176575034549,0.012412932302093702,0.0001444522379171656,0.0026051031664011738,0.007527270219892217
35,0.0008074708219497018,8.984723033987123e-06,0.8770829781101265,0.012376480219762934,0.0012510040274101128,0.10847308209771671
36,0.008328842134681729,0.0009090926137420735,0.019171700431452894,0.0006008847268893654,0.006222155960850573,0.9647673241323833
37,0.05231292495068605,0.9023152559816416,0.003606084997954227,0.00021338996281307598,0.0015295652671082813,0.040022778839796734
38,2.3710976057090133e-07,0.0068310847249545064,0.01804989825703045,0.6359933940737151,0.2522802373565226,0.08684514847801676
39,0.011928902828968366,3.1406057169258616e-05,0.012944729851830868,0.0005510513532291854,0.012131869144933624,0.9624120407638687
40,0.25300041388172595,0.720356953936614,0.010752755394305417,0.00014324269963837644,0.0016527334373983766,0.014093900650317938
41,0.000528920952584791,4.734973368043068e-05,0.12936047762889863,0.002569058548814703,0.013895826408833403,0.8535983667271879
42,1.0334486935552121e-07,0.017764023487284293,0.03349978411948118,0.9203716796394334,0.004534280184969949,0.023830129223961643
43,0.007369352311069412,3.5552819766683763e-06,0.9122143426384005,0.0069967181577499735,0.0006109170405248282,0.07280511457027858
44,0.0035321407419088673,3.151378798307903e-05,0.01571977552293424,0.0011098943465459338,0.009973356174411084,0.9696333194262168
45,0.9123998465020968,0.07332694667502929,0.012017651494522729,1.566204752890489e-05,0.0002851358134621293,0.001954757467360065
46,7.56528266531825e-08,0.00175394745710795,0.005584763608321991,0.4114404120593166,0.5588815290565513,0.02233927216587549
47,6.946418931380063e-08,0.0006837160737148428,0.01119886115280109,0.44642677741291503,0.5246786487027304,0.017011927193649422
48,0.8229744109383098,0.1593868582058638,0.001232333566332653,1.8141517884882563e-05,0.0002996653037645424,0.016088590467844395
49,1.1685088665884535e-07,0.011924628951804883,0.0070065484538897336,0.9230741133869763,0.039586657052030884,0.01840793530441165
50,0.060200330639325846,0.9115800222339535,0.010424878807796531,0.0002724159431784443,0.0017697565360044439,0.0157525958397411
51,0.8953352743650485,0.08892510505212457,0.012889893815450195,2.817942408139877e-05,0.0011148523273483424,0.0017066950159471072
52,0.0051330692651034866,6.490167353090204e-05,0.9602770308687908,0.001268986638201545,0.0029955567690729736,0.030260454785300327
53,0.0010651551927570355,3.704178759018104e-06,0.923299128065171,0.0037220060294534804,0.003936685720682376,0.06797332081317688
54,0.004488549364624943,2.5962729009824397e-05,0.026577581081573678,0.0008492335886264862,0.014031486477959045,0.954027186758206
55,0.004344443877304626,0.00023869760637111866,0.05648156956892173,0.0012684661391550744,0.005902799635074378,0.9317640231731731
56,1.3060288315192668e-07,3.7842545217614716e-05,0.00397685975175071,0.05235174848761214,0.9396748138263396,0.003958604786196831
57,0.0004936943969536709,3.2987228390961495e-06,0.7917859236445655,0.0032930547138625694,0.0032895713146333877,0.20113445720714576
58,0.002335721358381629,1.3172861240837847e-05,0.967197490986612,0.003914283246465996,0.0026737553890473346,0.023865576158252223
59,0.0015776164160791436,5.359702026591092e-05,0.9456759963165243,0.0024961340105186377,0.0026738530566586447,0.04752280317995333
60,1.6538224162728634e-07,0.002593783109179051,0.006860985006904436,0.6060243466050329,0.3738847561448877,0.010635963751754313
61,1.236766776260438e-07,0.012357799423127737,0.006126160689661675,0.6669355708485148,0.29250215412444824,0.022078191237569957
62,0.25066241190631483,0.7334423669903118,0.009518951353095578,9.485388457763459e-05,0.0009991122378015776,0.005282303627898539
63,0.43258980344057313,0.5402603371565162,0.019512439408969223,0.00016829071650608228,0.0018915036977510866,0.005577625579684186
64,1.2394294024123068e-07,0.045186882668537036,0.012208720690274627,0.895288371308085,0.03251652804201724,0.014799373348145977
65,1.9553610560850958e-07,0.002167133668042053,0.016148464523557466,0.26769374793981565,0.5817801327207871,0.13221032561169205
66,0.0752758839094142,0.9046254897895543,0.0019848368829907363,0.00015711430392138461,0.001220150708296424,0.016736524405823076
67,1.0159103152505761e-07,4.920094473564061e-05,0.005840503327314016,0.358543869221966,0.6346546659084201,0.0009116590065327611
68,3.091011473202454e-07,3.1329812789653367e-06,0.0018883199404900058,0.011230220951931163,0.9845172019920095,0.0023608150331429945
69,0.29435829610929287,0.6401952989076403,0.03265015068210935,0.00033765864405389394,0.005700035317633036,0.02675856033927063
70,0.00048291077648158245,3.4237365436986855e-05,0.057525823625545376,0.005185044026059166,0.005083679616093512,0.9316883045903834
71,1.2295173474947623e-07,0.0019616681466060517,0.015816415903647133,0.7786123143654319,0.1537492051572427,0.04986027347533745
72,0.005706154649145453,0.00027885356682327427,0.7441965572102566,0.0014987639551996854,0.0049718025688981074,0.24334786804967684
73,0.13869571524826954,0.8130416147944531,0.016883259141567516,0.0003649952457714339,0.004157021059319746,0.026857394510618703
74,0.18953759599494022,0.7996271112484986,0.00561638204547054,9.999745533645609e-05,0.0016016893368445105,0.0035172239189096553
75,7.692371760643501e-08,6.736794183488108e-05,0.007627456982226085,0.2007226322760891,0.7853451636160489,0.006237302260083336
76,0.8892533160496864,0.09743267696864517,0.010872053442164038,1.6640668760438086e-05,0.0002743615241937017,0.00215095134655023
77,8.47104307198352e-08,0.00019788404983277552,0.002993583625110755,0.12112090650088587,0.8671224946583466,0.008565046455393266
78,0.7012412784888455,0.29063452669179296,0.0007800803894053466,1.1329095377235836e-05,0.00020024993209159062,0.007132535402487454
79,0.023763693205965733,0.8821761948466423,0.004331721569374177,0.00030997836342164367,0.0020966762668582543,0.08732173574773792
80,0.8227460082693515,0.16775979244994435,0.002866129942949844,1.6378629895085044e-05,0.00030454473062196334,0.006307145977237047
81,0.9013353936434453,0.08317881463325433,0.013876845152114379,1.74368511819147e-05,0.0003405245642727682,0.001250985155731246
82,0.8686993975385121,0.11261784272193276,0.015161045840277823,2.059003799899803e-05,0.0007098018550087018,0.002791322006269659
83,0.9571562133947046,0.019604948938799473,0.020834189570576797,1.6988857036663714e-05,0.0003842937791459937,0.002003365459736673
84,0.011125481993132014,8.108671198360952e-05,0.011353421705110599,0.0005365628761126852,0.012261038401810899,0.9646424083118501
85,0.8703342328676459,0.113403348493987,0.014773355065260774,3.0481485907053856e-05,0.00036878678352264137,0.0010897953036767697
86,1.1586296952241432e-07,9.062311002570052e-05,0.008195057101650971,0.4043095992038863,0.5806439954896033,0.006760609231864153
87,0.002219271927196929,3.1123272735687563e-05,0.11814844008048646,0.0014761838892630944,0.01318383484029075,0.8649411459900271
88,0.24637006673865422,0.7278472848781485,0.0031123175803510652,0.00010983588956258136,0.0014525920944006268,0.021107902818882862
89,1.4536423984820931e-07,0.008196491886002268,0.004757755764636896,0.808380256032603,0.1680208429300605,0.01064450802245751
90,0.68172229958889,0.30360735832906155,0.008968404105176278,4.988271158148519e-05,0.000884107977013045,0.004767947288277827
91,8.61548624689829e-08,0.004140421032760945,0.02684319443451316,0.1526275709293246,0.7135699467214139,0.10281878072712493
92,8.844907261115671e-08,0.03510566007023248,0.02952134803979492,0.8937903005325408,0.0316307425662608,0.009951860342098344
93,2.1490775620530982e-07,0.10399851362189262,0.008380372264431286,0.8130545141983411,0.03534071090990709,0.03922567409767173
94,0.909968212180795,0.06543072874018965,0.02313847885002808,1.7409540154470342e-05,0.00027774645818871206,0.0011674242306439805
95,0.006218809037200858,0.007830303573624586,0.8906216825029463,0.0013480345056796007,0.006039059779461614,0.08794211060108706
96,0.16472780386758643,0.8264838686171881,0.004010028146034287,9.065761932794377e-05,0.0014897813483132419,0.0031978604015500487
97,0.18804551562256433,0.7917460847119615,0.009736278838688606,0.00014316355649040917,0.0013098336204238966,0.009019123649871239
98,0.01485364987188025,9.513811048168212e-05,0.9453602350800522,0.0009274203479461579,0.004439112076465144,0.03432444451317474
99,1.7807491137781434e-07,0.0014738798310359646,0.025568147406993296,0.2611716049325481,0.7034108185113858,0.008375371243125478
100,1.517665010678961e-07,0.00424845506580274,0.045162875297251874,0.92153585507173,0.02234511384830615,0.006707548950408242
101,0.00030405577309123503,3.721632225157889e-06,0.715852665255908,0.011068191885850684,0.0029181600095186705,0.2698532054434063
102,0.26770130921310487,0.7137460021475677,0.006484603355847536,0.00011908514660560431,0.00085850599240599,0.011090494144468322
103,0.0013344445840453624,4.213923025474568e-05,0.10251770845717192,0.00322713989005051,0.0032303172236019108,0.8896482506148754
104,0.001317499826692374,2.6704297619106057e-05,0.9663564947342235,0.002246486864206243,0.0040400950500889396,0.026012719227169776
105,0.0038207238533802474,2.9275978028788077e-05,0.9749112472864001,0.0018734911492088232,0.002065707327455681,0.017299554405526336
106,0.001150095867477906,2.1569732840583993e-05,0.9660882931305845,0.0036822163433928327,0.002711086936033259,0.026346737989670757
107,0.0020458145631562807,1.1363187148035128e-05,0.908062986135978,0.0027611905717741035,0.005440764468307531,0.08167788107363606
108,0.9089319057416655,0.059158367379876856,0.02897263333043222,2.6073771421752275e-05,0.0009438076099026629,0.001967212166700813
109,3.1625792037300136e-07,0.014334302709261844,0.007109496488714981,0.7314751098777639,0.23567748363281618,0.011403291033522691
110,0.008549309335866562,0.0024511492512576836,0.01269884448705483,0.000807682683462081,0.004188508440390102,0.9713045058019687
111,0.0014643116485745134,0.00017552648802057056,0.8699212617213833,0.0024092579036530874,0.003423751243103032,0.12260589099526552
112,0.0005996729244020173,0.00022666578200555157,0.10774965426954941,0.0020695322114342284,0.008869956365007835,0.8804845184476009
113,1.902439199322302e-07,0.017179903916203058,0.022090787934629954,0.7740016361184356,0.12400770765146744,0.06271977413534406
114,0.03905820348487745,0.9426299292956227,0.002049912960421268,0.00016722715807782602,0.0034892292853206815,0.012605497815679975
115,0.22875171130014607,0.7580024666210474,0.0025402089571346185,9.828009574137388e-05,0.0009812772231203965,0.009626055802810203
116,3.509631218320897e-08,7.163628423575894e-05,0.011224300189711862,0.42231144647063124,0.559051999737763,0.007340582221345929
117,0.004784594252303026,2.9926902729023787e-05,0.9733174948201964,0.0025139651217906374,0.002960578913325394,0.01639343998965554
118,0.3828243024854914,0.6098741026637096,0.0017575630275098366,5.895556425662579e-05,0.0004953357002596939,0.0049897405587725485
119,1.7424144800966977e-07,8.491646953853955e-06,0.005954641865356704,0.0018494020296555373,0.9882969525454908,0.0038903376710950443
120,0.0006081854688367616,6.580874549948422e-05,0.9488831738500869,0.009614410091012724,0.0027688624033918455,0.03805955944117231
121,1.1581595204778758e-07,5.5132509319871244e-05,0.0028360796112119795,0.13634176438546322,0.8516848481929522,0.00908205948510071
122,3.8932787672279024e-07,0.0006252484048480442,0.012044304825949162,0.06858066912094929,0.8499281054832142,0.06882128283716257
123,0.0019206027664631687,1.9468191931227554e-05,0.9493704263668822,0.003308797793544654,0.0019851003247662578,0.04339560455641255
124,0.8963436976024896,0.07555450283500735,0.0266322997243237,2.9188767571312915e-05,0.00041008738594833666,0.0010302236846598312
125,0.8103394066060163,0.1835821734373093,0.003999135552893179,1.1966350421642562e-05,0.0002358390029019805,0.0018314790504574945
126,0.18953759599494022,0.7996271112484986,0.00561638204547054,9.999745533645609e-05,0.0016016893368445105,0.0035172239189096553
127,0.37027172868473307,0.5837259356830309,0.020916322590336642,0.0003217819911309539,0.008554368637657517,0.016209862413110867
128,0.18139603301178883,0.8033773923628843,0.008123592936240332,0.0001195610583178056,0.002410711409639871,0.004572709221128963
129,0.07574876291457955,0.9017397241815853,0.00571443310689014,0.00019001816031601957,0.0015270516823163338,0.015080009954312683
130,9.058647530379811e-08,0.0005170106948122246,0.029743534204645497,0.21622308861069817,0.7500243953591135,0.0034918805442552994
131,0.06392946607825181,0.9235834052668469,0.002432763349346743,0.00014974989338116442,0.0017149929343840617,0.008189622477789335
132,3.6153698744073313e-06,0.0009316000617283084,0.002543214114906908,0.2072788295647259,0.784723743577974,0.004518997310790441
133,0.16885063843703904,0.8153736767500838,0.0021940754569509755,8.09788508805998e-05,0.0015696105125649925,0.011931019992480531
134,0.835150082863116,0.1484252083790319,0.013486676102406442,4.4360755435957186e-05,0.0012353985142620253,0.0016582733857476652
135,0.9281505265952602,0.059108430331802096,0.009397764299128997,1.8950691810404302e-05,0.0003797317519057553,0.002944596330092512
136,0.8438952442274928,0.1407148643843649,0.008698143040926337,3.815342082911189e-05,0.0013824922998288696,0.0052711026265578375
137,0.0020502241503887256,0.0006722150204721085,0.022969728182720285,0.0013300792915617564,0.006612173329741707,0.9663655800251154
138,0.26763365489517804,0.718246110506383,0.0005639707995591119,4.8172360876236946e-05,0.0011191849940408191,0.012388906443962726
139,1.1702211533056913e-07,0.00038239877938768925,0.013516946412356574,0.6538802232092993,0.33141593793961177,0.0008043766372292838
140,0.002462339321085172,7.489198505786102e-05,0.05587298527411082,0.001274082065702858,0.01294876336489001,0.9273669379891533
141,0.9239299996751295,0.06252610396607643,0.011030338884492057,1.8015213684690842e-05,0.0003216855220169856,0.0021738567386004664
142,0.7886872334527975,0.20261201218644792,0.005804580391435114,1.9425835611590912e-05,0.0002335109923105752,0.002643237141397593
143,0.8688103931661335,0.08653089530218959,0.04344345950024625,3.3157915494709e-05,0.0004927989988205431,0.0006892951171153949
144,0.9227622833841361,0.069334379888076,0.005374281405129325,1.211920178320991e-05,0.0004289651752898344,0.0020879709455855046
145,1.356693761355704e-07,0.00011252584254558656,0.006847175802277185,0.17642405975263614,0.8157412539992888,0.0008748489338762859
146,0.0014212677024398358,7.775744025526821e-06,0.8311743198086575,0.004527786729538107,0.0026976261448067736,0.16017122387053237
147,1.2464081188945007e-07,0.00207419995918466,0.005279834593853552,0.948405769139304,0.03985061131494594,0.004389460351900001
148,0.0010781348378917774,2.9711528387375138e-05,0.16472245439373154,0.001709818703082537,0.007763078166028714,0.8246968023708782
149,0.006102064111335348,3.360039097118605e-05,0.04134691310829485,0.0009308548911869152,0.008815157367630305,0.9427714101305814
150,1.5207988196247786e-07,6.280208816197747e-06,0.002157630186159348,0.0014706777163955304,0.9877082671188173,0.008656992689929659
151,0.9193158394367403,0.0663021560476309,0.011834667273285438,1.7105047563250467e-05,0.0005840022789597079,0.0019462299158204597
152,1.810615681786833e-07,0.0017590230455858708,0.003014775322609995,0.057197602584308574,0.9280446497261488,0.009983768259778642
153,0.8916710651593238,0.09646874003354061,0.009297594150397197,1.6763922093090853e-05,0.0004889816773007112,0.002056855057344739
154,0.9043165535287144,0.07287655865857144,0.021200855908098275,1.850847935693638e-05,0.0005683597666783335,0.0010191636585806668
155,0.9298925176052455,0.04420862275245127,0.023736453682171494,2.4241098504932395e-05,0.0005707245199245428,0.0015674403417022845
156,0.001107490026708973,9.774823902718707e-06,0.9427745605816016,0.003337682622579562,0.007030732114429728,0.04573975983077728
157,0.0015382885415123999,2.1069042185707816e-05,0.10993528598046123,0.001901897171466411,0.008653236484223557,0.8779502227801507
158,0.011370590412533287,0.0021089481900865214,0.7772342930057089,0.001380574176832426,0.006086075733434375,0.2018195184814045
159,0.11145355416101999,0.8686616278784812,0.0019428857095742632,0.00012768829048420883,0.0008485148880002794,0.01696572907244038
160,0.003388095382393116,2.5345750238023353e-05,0.10320384906582672,0.0015707563081521464,0.007037683828340318,0.8847742696650496
161,2.866574037289446e-07,6.305183480546713e-06,0.012285105344606348,0.0010909741379118627,0.9858920430034912,0.0007252856731061296
162,2.5587182924777756e-07,0.005581031069532166,0.02701293134598302,0.7932187695711779,0.07338861508488417,0.10079839705659348
163,1.084239702132798e-07,0.0003170080320618753,0.0035256233316704436,0.5883880404642307,0.40516504664549075,0.0026041731025761247
164,0.003005953702275468,0.0005198510662454376,0.010514677660262347,0.0009605694499976841,0.009498469699357765,0.9755004784218614
165,0.9028990552218362,0.0841982334341599,0.011344452140004992,1.9852029892164653e-05,0.00040127294976321994,0.001137134224343608
166,0.4166986318591713,0.5647965160184145,0.0012112528968297796,4.7266536551487584e-05,0.002338717771229524,0.014907614917803362
167,0.0025871057040905638,0.00012739022119132655,0.967099353502019,0.003480458727839123,0.001960699945691639,0.024744991899168293
168,0.006867554519197309,0.002205780839906071,0.8457948097653188,0.0014992883223875278,0.005122996422567847,0.13850957013062237
169,0.0011979516234688627,5.371809745243542e-06,0.4983932049039752,0.002125622481382663,0.0032699658669568927,0.49500788331447126
170,0.9333850556372341,0.052454633137354635,0.010799497560765266,2.284137568780783e-05,0.0004065679558401659,0.002931404333118045
171,1.0271466128627188e-07,2.05480639204076e-06,0.004535282226032459,0.009857263982943253,0.9817168211358664,0.0038884751341046377
172,0.00037291172879746,8.750856362267558e-06,0.12858536941469909,0.004352775857227392,0.01543774956130329,0.8512424425816106
173,0.9507127180667663,0.026580563487341023,0.018897658535114437,2.4640515718800162e-05,0.0005896769389505344,0.0031947424561089496
174,0.01297437772629855,0.0014396666825835086,0.577553754975389,0.0011339213440212947,0.005877425167773301,0.40102085410393423
175,0.004244698527256763,1.648862328760365e-05,0.9082557010095725,0.001861177046424423,0.0024261594932935586,0.08319577530016507
176,0.005568915472809835,0.0014398493137981925,0.021042208483498272,0.0006402506722146172,0.0077999880457193796,0.9635087880119596
177,0.0039028809374569468,0.0004073764323094121,0.014471718810168012,0.00072770206082274,0.009668961210571965,0.970821360548671
178,0.0067693921884179435,0.0020008255921364153,0.015314955276983457,0.0006197100217402589,0.008045830616528232,0.9672492863041937
179,0.0013585593003374388,8.485232343197395e-06,0.9261490361782206,0.0029355140655195192,0.003316244002090022,0.06623216122148926
180,0.010346216989476563,0.00016486662364445019,0.0198505682598687,0.0011225390231750353,0.005159066486280851,0.9633567426175544
181,0.004006273776530982,0.00025295141844854487,0.02036366039787422,0.001108420698583196,0.007856968897568132,0.9664117248109949
182,2.095024402523292e-07,3.445488730365521e-05,0.004112833325174947,0.08977452946363432,0.9034116679804292,0.002666304841017493
183,1.353656492306569e-07,4.720191224157006e-05,0.012715685986264106,0.006765277296654296,0.975767353677972,0.004704345761218828
184,0.010241931921943101,7.023855749115863e-05,0.8293573099493332,0.0011206638860770815,0.004036817211348809,0.15517303847380676
185,0.014462194464076194,8.883960194390353e-05,0.014250261865583176,0.0005013784492604352,0.008971597345517442,0.9617257282736189
186,4.735113890117371e-08,0.0005765041259733019,0.020422212151325902,0.6468879037154251,0.28356896692043876,0.04854436573569802
187,0.0323365270028986,0.9323959404739636,0.004366904806017306,0.00032648524539462693,0.0018726666071628825,0.028701475864563078
188,0.007404985129083053,0.00021609096312510276,0.01678143612494855,0.000930049893753362,0.005880517752757968,0.9687869201363319
189,8.11624603154015e-08,0.005866831707904018,0.012429664241871754,0.9590426594198995,0.011982316086684734,0.01067844738117962
190,0.0008074708219497018,8.984723033987123e-06,0.8770829781101265,0.012376480219762934,0.0012510040274101128,0.10847308209771671
191,7.56528266531825e-08,0.00175394745710795,0.005584763608321991,0.4114404120593166,0.5588815290565513,0.02233927216587549
192,8.224592828260906e-08,7.063344688251892e-05,0.005526483417237964,0.04270292590712526,0.9445075372383691,0.007192337744456762
193,0.8640204835043397,0.10754821685165034,0.02791769460163285,1.2027288457825751e-05,0.0003111150579504284,0.00019046269596901386
194,0.0075968233689854515,9.635142562032807e-07,0.9821312379412408,0.0011312307907867189,0.0027448522471332747,0.006394892137597594
195,4.479499805426713e-07,4.442792838342191e-05,0.0025992314244093697,0.005250073340950091,0.9879084745739835,0.0041973447822931335
196,0.9522959895342576,0.02456987004029589,0.02036891571709087,1.6303483951837863e-05,0.0005903174021484475,0.002158603822255281
197,0.9066164710504151,0.06952259272780555,0.02119503303790058,2.5150590921655115e-05,0.0005513676905169931,0.0020893849024402004
198,0.0008074708219497018,8.984723033987123e-06,0.8770829781101265,0.012376480219762934,0.0012510040274101128,0.10847308209771671
199,0.9409556676360121,0.030359440756291097,0.022512429108422816,2.6609555435838306e-05,0.0018982350586029182,0.0042476178852352145
200,0.16536808643164497,0.8098710290537914,0.0003494850322010719,0.0001007245985498928,0.0008847143037119002,0.023425960580100835
201,0.9010473300695392,0.08970315717857531,0.006956854762898925,1.2313819581447655e-05,0.00032916644765962187,0.001951177721745395
202,0.003690286255435319,0.00010857871401352284,0.030616740008825298,0.001009389381479267,0.009168492406220991,0.9554065132340256
203,0.9072086687352058,0.05055046736088486,0.04100081716687298,2.143889428642942e-05,0.0004642934986554314,0.0007543143440944753
204,0.9426017281926726,0.030238805364920157,0.025016444696342833,2.483963538781359e-05,0.00040781448398637533,0.001710367626690224
205,0.005416314314976283,5.169064872451272e-05,0.035368521848755156,0.001035354322540687,0.006981489737039863,0.9511466291279634
206,0.0004121984988544353,5.589816613346474e-07,0.7365365129304164,0.004642521368488025,0.0032117195075830993,0.25519648871299655
207,0.006367311619437437,0.0013161594688344313,0.016393702922446966,0.0007414195263730991,0.009798385292299434,0.9653830211706086
208,0.0011396560883428573,2.59868410000692e-05,0.928997119784523,0.0027295668169573253,0.0037526350486899278,0.0633550354204868
209,0.15474580582443836,0.8261192547789156,0.005977114228926014,0.00012914827834886218,0.0020674090871918177,0.010961267802179387
210,0.0035446394179704994,3.5670285874326843e-06,0.9671272917162235,0.002245936909471222,0.0026705407121946816,0.02440802421555274
211,0.8086486044798716,0.13755865219434513,0.029384716142732692,0.00010841217034384271,0.0023007387507008974,0.021998876262005838
212,0.0024131404744481056,0.0006863825338469929,0.03578674293754063,0.0014066109576728407,0.006797007088657112,0.9529101160078343
213,0.898987602696692,0.08868545414187319,0.008472029491551215,2.1318445486014016e-05,0.0005279224365102096,0.003305672787887462
214,3.0290575499733826e-07,0.004365603972954872,0.010421859446697159,0.09744773227333242,0.8688290184185196,0.01893548298274103
215,0.29247494820800085,0.6864983451678016,0.006807621173191326,0.00014036010545390623,0.0011923841426993574,0.012886341202852985
216,0.009685090178860142,3.169488971650094e-05,0.031792790739472665,0.0008196332366070859,0.015535087585315277,0.9421357033700284
217,0.08608087291334952,0.9009305054701295,0.0020054600515763137,0.00010818415010372633,0.001389871399335057,0.009485106015506088
218,0.008699682322541898,4.015911223929814e-05,0.012871972848984278,0.0004966704833772268,0.012614639854916487,0.9652768753779408
219,0.0017336537870949425,1.25703036860397e-05,0.08677545576827489,0.001836869925943423,0.00964399528531952,0.8999974549296812
220,0.9175223106154778,0.05920899167678455,0.02170317289438248,1.933643372682591e-05,0.00034524374385472116,0.0012009446357735259
221,1.8787842192823368e-07,0.060107034573110694,0.04123714115916661,0.5944605699794473,0.21739995383636393,0.08679511257348936
222,7.995458045709336e-08,0.024343076941902467,0.01123366278822067,0.9309428267557354,0.02415974568854186,0.00932060787101909
223,0.007071905891771946,0.00012708644375797294,0.9360049778204286,0.0012187082799136933,0.0036028204594744095,0.05197450110465338
224,0.5613319473001775,0.4304416000242217,0.0026462133769555056,3.5716125679671966e-05,0.0005965644125080003,0.004947958760457602
225,1.4189589051845453e-07,0.0014318469635368448,0.024893499432449718,0.7442838910623478,0.2219152388197196,0.007475381826055417
226,0.0034878425322153383,1.1054593268830212e-05,0.10653561082101769,0.0011702901192864696,0.012216974366637939,0.8765782275675738
227,8.283382557273021e-08,2.2065474886316712e-05,0.009439348703936628,0.006055996134585411,0.9666580439412709,0.01782446291149504
228,0.055259685817946574,0.9252482427135138,0.002143643664644922,0.00019091997367196148,0.0019064215234188225,0.015251086306803783
229,0.0007639052433626706,4.359173652399251e-05,0.1666439628932436,0.0020590993454572297,0.012774910526406337,0.8177145302550062
230,0.0009938477010357693,4.234936079125089e-06,0.8925730290555701,0.0033378683795668523,0.0033569903847120936,0.09973402954303613
231,0.002073732192838277,0.00012210724799911442,0.04403875628487154,0.0009065143805744666,0.011714039468501093,0.9411448504252155
232,0.7882565783827252,0.19252704484362465,0.017048900553873203,3.0132902120919208e-05,0.0003887136801063527,0.001748629637549421
233,1.6377298576674896e-07,0.10467448507358484,0.009092093707806531,0.8698967229363068,0.006732744448397274,0.00960379006091884
234,0.0006626329136085613,1.2327945134550698e-05,0.7591507159669996,0.0036799053110578915,0.0023078120542607944,0.23418660580893874
235,0.18765951424209446,0.7891200771534345,0.011593876941908025,0.00019410318058696603,0.0015840827059130525,0.009848345776062972
236,7.895920541461513e-08,0.07770009995311465,0.01583782945598443,0.8903249872250606,0.005562483212300352,0.010574521194334295
237,0.907638827197849,0.0793417600658816,0.011593453312713026,1.2764155946332569e-05,0.00028004294181630587,0.0011331523257938258
238,0.0016462611199678607,1.5522020537043716e-05,0.23753188789643437,0.0018546394726754987,0.006655553736860923,0.7522961357535243
239,0.005768893735662346,0.0009308394663548311,0.012197141193942803,0.0006721376376220323,0.009069169528111464,0.9713618184383066
240,0.9116836917524445,0.07855282622215758,0.005559313701684535,1.234149059073605e-05,0.0005551765014777894,0.003636650331644602
241,0.8308515186336906,0.16210162357104496,0.005630757682345634,1.2194026898436356e-05,0.00021289597179636118,0.001191010114224115
242,0.10984959983552692,0.8625201283304673,0.0009343924015335004,0.0001257547043060532,0.0013011477681759743,0.025268976959990554
243,0.009776900306207198,0.00876837710624604,0.9584080648495927,0.0006658698364541083,0.003984994712806679,0.018395793188693266
244,7.56528266531825e-08,0.00175394745710795,0.005584763608321991,0.4114404120593166,0.5588815290565513,0.02233927216587549
245,9.058647530379811e-08,0.0005170106948122246,0.029743534204645497,0.21622308861069817,0.7500243953591135,0.0034918805442552994
246,5.497868774154441e-08,0.00048780301815520616,0.007778786184885886,0.5368680924542193,0.43003308258081935,0.0248321807832325
247,0.9095180542465545,0.06816722890241875,0.020451871097896014,1.9138720403778432e-05,0.00041154489003328906,0.0014321621426935992
248,0.34119912089374616,0.6534579079601119,0.0006665696111337056,4.786208521949898e-05,0.0005705700395506649,0.00405796941023822
249,1.774711881873232e-07,4.132304513223822e-06,0.004956958765896945,0.0015932562821090964,0.9708040511016177,0.02264142407467478
250,9.067514132820096e-08,3.4489833150785675e-05,0.0012646129070259503,0.10538773415113639,0.8881622801148304,0.005150792318715001
251,0.0027573598999508678,2.334968015763221e-05,0.9420025703705457,0.001991642382411353,0.002596616877088946,0.050628460789845536
252,9.737160288088574e-08,0.005761502455626357,0.020351295564947913,0.7707652125421725,0.19823959762041024,0.004882294445240153
253,2.2255808926317664e-07,0.0025174827225657834,0.00391301873251804,0.14677742539724778,0.8298579699599051,0.016933880629674127
254,3.267796338750249e-07,0.004799179996109603,0.012779375155597074,0.07383526665532475,0.902548989423055,0.006036861990279736
255,0.001333000563604148,2.238249707670719e-05,0.7265503137212687,0.0023904736602180067,0.004202991207446896,0.26550083835038557
256,0.0031026509329325717,3.638339033755641e-05,0.9180021646042927,0.003048558273221246,0.0028354565921189104,0.07297478620709688
257,0.9116214245554483,0.030358933092906423,0.056795158564881744,3.3353630542759415e-05,0.0006586967361047206,0.0005324334201161865
258,0.25661997938912007,0.7302793153244981,0.0006383038222736377,5.654355250096308e-05,0.0006123870936918773,0.011793470817915314
259,0.9238067140666445,0.057705875938432474,0.013803203089612229,2.0903407673449015e-05,0.0005967999954520468,0.004066503502185315
260,9.928294510916378e-08,0.001447293169590071,0.00870128514131626,0.2850907145122165,0.6812812499249695,0.023479357968962587
261,0.01841912737720218,0.9521038321703101,0.007918462020877662,0.0004307907308087029,0.0018930778441434858,0.01923470985665779
262,0.0035337670676177965,4.414941743625939e-05,0.031143493019139865,0.0008956514062042557,0.011990357433537907,0.9523925816560639
263,0.9305829699873933,0.053755240550864655,0.01265383741138383,1.8040173980860524e-05,0.0007178445551376567,0.0022720673212397137
264,0.006666864292184539,0.000551784298479838,0.018231407749486117,0.0006950071218778983,0.00909711334596468,0.964757823192007
265,4.998118314226598e-08,0.005153019107893369,0.009938427714075364,0.9377307286626666,0.03147725791676978,0.01570051661741181
266,0.00519255011514422,0.0019181242464398431,0.9592625379139075,0.0008459294636183455,0.004462908264501617,0.028317949996388446
267,0.04690472943217392,1.7280645673549265e-05,0.04066862138795466,0.0006349657503766322,0.015150877182652267,0.8966235256011689
268,0.16272095956574215,0.8077851779322225,0.003272949059069953,0.0001348031547380668,0.0018278907631985018,0.02425821952502872
269,2.579396390134441e-07,0.003378311040176742,0.002639764630764944,0.5380713104817207,0.4488673368642117,0.007043019043486778
270,0.0010412604534284218,5.5984681404648685e-06,0.15938653384023582,0.0029597837309569765,0.006668595207433301,0.8299382282998049
271,1.0053141018955805e-07,0.03502101288100206,0.03942457529797077,0.9134916242738766,0.007687857857393513,0.004374829158346959
272,0.001000089196939192,2.1649758973870387e-06,0.9197371937852812,0.002613443325115066,0.004575872628687779,0.07207123608807932
273,1.3628488750861654e-07,5.076552915988923e-06,0.0012130030400390314,0.10202882471170706,0.8938969853795574,0.0028559740308929105
274,2.5038298512655336e-07,0.011690506059345818,0.0020758109860842776,0.9227177903880918,0.05843135771068499,0.00508428447280801
275,1.0371174982845585e-07,2.8619539676304705e-05,0.0026951935578604226,0.4092193500614079,0.5827104622929239,0.005346270836381688
276,5.97739307032682e-07,0.007274532430918725,0.36614767417706573,0.4785294788655972,0.0017099828796627926,0.1463377339074485
277,0.8725983345571473,0.11152908313489836,0.014480298183514699,1.4440117092054193e-05,0.00034253925722050287,0.0010353047501269746
278,1.1782942397934523e-07,2.6003931323321836e-05,0.0019525334915634763,0.002029591080433733,0.9862679183027263,0.009723835364529409
279,1.1683842881811193e-07,0.003803216400330613,0.01555263720778463,0.6964487400914882,0.23405960081356778,0.05013568864839995
280,1.4848642108262747e-07,0.004692559364965863,0.008666487699751538,0.140247268386038,0.7867167743100022,0.05967676175282133
281,7.296324610966534e-08,0.00029430552548359026,0.026049060414745067,0.45192078786758505,0.4591783930102104,0.0625573802187298
282,1.0328551248141374e-07,0.011888924865490083,0.012447234931890445,0.833754667180093,0.11021727164133477,0.031691798095679305
283,0.0036709298856651544,2.2423052965558165e-06,0.9480905527854969,0.0022004223342793378,0.0018523669763977314,0.044183485712864325
284,0.3439126729051905,0.6455834706165542,0.001258224626490014,4.411965420798508e-05,0.0007515340434792987,0.008449978154078004
285,0.1422073321984,0.8475506547444387,0.0020752645314308514,9.188988861155047e-05,0.0012096164368119438,0.006865242200306907
286,5.9551120043052706e-08,0.007160442969287992,0.022394316080324727,0.900527674780193,0.057657722105489854,0.012259784513584518
287,0.002001012206076943,1.2441483161516689e-06,0.9378788124231268,0.0022421908977540966,0.003742929300588612,0.05413381102413757
288,1.7347517034723604e-07,0.02769846306559678,0.04548106978868332,0.7386672318102673,0.18506009352687708,0.0030929683334051713
289,0.3517534017650302,0.6354299644973951,0.006579279927237767,7.17751160342223e-05,0.0012562222986881233,0.0049093563956144675
290,0.005688355798149018,6.927822660665579e-05,0.9727359786513575,0.0011416026864602422,0.003274730918740698,0.017090053718686094
291,0.09449941017345603,0.883200930928717,0.010072234113404384,0.00019737146557784391,0.0031825222458092455,0.008847531073035441
292,0.14176010710889284,0.8370730178604154,0.007646718421330351,0.00012994019706617498,0.0011897108698429254,0.012200505542452236
293,0.0038857836764633284,3.3751788156228096e-06,0.9606213402175036,0.002075907360328135,0.002646377341531528,0.030767216225357902
294,2.0536987455840518e-07,0.00013562344659340811,0.0016850235932248288,0.2532685297466915,0.7354169244370509,0.009493693406564838
295,0.9186136896750632,0.05713227254433569,0.022274026432875328,1.923934616319575e-05,0.0005341942672759688,0.0014265777342867333
296,0.001034347074299375,3.926324327701256e-06,0.7700799934656077,0.0030309789616439677,0.0034989492360871515,0.22235180493803394
297,0.0031361441034479464,0.0014138817012022836,0.6600229450131503,0.0016454806105940583,0.005280707745761411,0.328500840825844
298,1.245395009210479e-07,0.019113240084104376,0.014181451542879548,0.9272772595198187,0.03037517931421346,0.009052744999483041
299,5.2705354929675703e-08,0.000961950511868221,0.005216582084136313,0.227381749769425,0.7492480541788756,0.017191610750339925
300,0.03663590805935105,0.929385090329263,0.0020820493853202873,0.00018605466126162334,0.0014332504488517163,0.030277647115952225
301,0.10986192722362542,0.8640737211670421,0.010732215099542652,0.0002153931299447344,0.001604767417124705,0.013511975962720342
302,0.0033184726401273984,3.564841842664822e-05,0.01820245440436208,0.001373119241343202,0.007279337355049176,0.9697909679406915
303,0.0015314026852257284,2.8168615572523336e-05,0.06699683663684616,0.0028972100838115596,0.0048407348056332036,0.9237056471729108
304,0.43013272897386173,0.5293697553335115,0.020782674206198577,0.00035376263509115136,0.005521253257764035,0.013839825593572889
305,0.0027735627760780935,9.564688650928834e-05,0.035939999913901996,0.0007892615332408593,0.012615521106120079,0.9477860077841497
306,0.7213059219817447,0.2737050840113275,0.003776510181794258,1.3956399480656091e-05,0.00033674696776366084,0.000861780457888974
307,0.3415359105676974,0.6523969951660865,0.0029341473356109438,5.088835021976726e-05,0.0008609161279145432,0.0022211424524706683
308,0.3656368631994283,0.6281142824736314,0.0020664395715850837,5.357913704112627e-05,0.001239058867824232,0.0028897767504898453
