,proba_0,proba_1,proba_2,proba_3,proba_4,proba_5
0,0.04733392132100807,0.05231491263196705,0.12494663064563372,0.07970446617054489,0.0874635521005375,0.6082365171303087
1,0.06319127324766054,0.08487117268064223,0.20142059673412538,0.058371885514267634,0.07325569562411599,0.5188893761991877
2,0.08068577106751339,0.1386470932457333,0.415025286175817,0.04704211044941184,0.06056947365959007,0.25803026540193436
3,0.03351117133281848,0.042217595143986465,0.060187327487914825,0.2755653411656646,0.4808180196187795,0.10770054525083608
4,0.08518556121355092,0.12091047629054655,0.5258367576104152,0.04804847631551644,0.06146490044462454,0.1585538281253466
5,0.09125230276937395,0.1830792329210223,0.20905971113955668,0.046581383861755705,0.06261957441983272,0.40740779488845863
6,0.033861258496660517,0.043062231318260286,0.06169651882023878,0.4233032835027313,0.326827479691527,0.11124922817058211
7,0.06429172478237527,0.08095218556070885,0.5400687333343004,0.05874135865300515,0.07206875414008224,0.18387724352952817
8,0.0897425923237165,0.16371147062890787,0.23613781993759875,0.044892961526026114,0.06034583155650323,0.4051693240272475
9,0.0323978942426282,0.04001548650129546,0.05540197699032738,0.11954832371523479,0.658253815263391,0.09438250328712325
10,0.7257853385122298,0.12283642098715562,0.06063500219035832,0.02170784428196813,0.02864880392623253,0.040386590102055336
11,0.08406505449428595,0.12895768426162976,0.43859729270965603,0.04585014934996062,0.05954422808739269,0.2429855910970749
12,0.10071105234683617,0.5799088808718758,0.13527636494471926,0.035826679980590366,0.048262704031806256,0.10001431782417221
13,0.07740143870875198,0.12101619910763665,0.4545543038808616,0.050472708330442095,0.0633360075064966,0.2332193424658112
14,0.11819551707072609,0.6038217341043316,0.10831455374922573,0.03292573443447569,0.04479260820748506,0.09194985243375527
15,0.0368797497259185,0.046883144095031776,0.07261049453740992,0.49698631533972426,0.20726747050975325,0.1393728257921622
16,0.07626137932444449,0.11477172252859566,0.492530477594218,0.05115580763069062,0.06511409142326013,0.20016652149879108
17,0.033399894695363405,0.03988822231023387,0.061861116483203776,0.6413431211720506,0.1164449914646107,0.10706265387453805
18,0.2624322419366696,0.5328312965772531,0.08357180813711389,0.025828184515273016,0.03484549768521895,0.06049097114847141
19,0.7275818758859498,0.12312322954006007,0.05926071293524451,0.02171712330454712,0.0288340614594974,0.03948299687470107
20,0.7481285598844692,0.11163499409686017,0.054259074528553886,0.021156418554197608,0.028021812730564793,0.0367991402053539
21,0.060180560208233744,0.06879928059769404,0.13542751934913105,0.06126152867231616,0.07699849079810614,0.5973326203745191
22,0.25698840245690807,0.5258714054276425,0.09529764053181461,0.026111272253372158,0.03532028349228923,0.06041099583797306
23,0.04026613889860455,0.05376536728352212,0.08724858638544127,0.47925409105246436,0.1590561461680823,0.1804096702118853
24,0.8022522519655324,0.074213133043268,0.046393099483153795,0.019620484297242308,0.0257476131487686,0.031773418062034965
25,0.032552724359635805,0.040387704582728376,0.055967781793573486,0.17757484093986634,0.5977739917034254,0.09574295662077076
26,0.7523092234943812,0.10926459734340946,0.053697604813367716,0.02118879809479079,0.027990445843508183,0.03554933041054249
27,0.03231202565926381,0.0393173991878842,0.05918563544998745,0.5150889337528246,0.24927615584973234,0.10481985010030775
28,0.05398852131450886,0.061121476208468424,0.1420750223866052,0.06667018527602092,0.07931869817710895,0.5968260966372874
29,0.03636987455701333,0.04843524588746576,0.06620007605219136,0.3939388771834957,0.3329709223906756,0.12208500392915797
30,0.05808882647902247,0.06411265009370731,0.21563781947806865,0.056688812892996286,0.07237929071555506,0.5330926003406504
31,0.07860716168737637,0.11170562365781252,0.16032582683284355,0.05110658174359079,0.0680407987753895,0.5302140073029873
32,0.037405708787274713,0.0481223787713756,0.07219482186420564,0.5493969816531061,0.1570127933763002,0.135867315547738
33,0.033695398800256314,0.042518596401221555,0.06161944120942,0.12912401546270608,0.6220926059626761,0.11094994216372003
34,0.20196626069349802,0.5442465763629648,0.10974450306487979,0.028183039970111953,0.038590894149897005,0.0772687257586485
35,0.054162425856765714,0.06784791621071136,0.4786554232516163,0.07030085086336839,0.08005960796964406,0.2489737758478946
36,0.08533682791038745,0.1545616854182227,0.22593696682572398,0.04717005737362034,0.06213699660380151,0.4248574658682439
37,0.09644476115869804,0.5458639303732349,0.14561034677261242,0.03737420596213757,0.05090558691019573,0.1238011688231212
38,0.036640469866766306,0.04734554458334736,0.07425937913222497,0.46498530400795185,0.22962677744924545,0.14714252496046426
39,0.0857830719001589,0.1439607292031388,0.21533304109089466,0.047846272764760486,0.06471052772890191,0.4423663573121453
40,0.17171080620651163,0.5732992008510508,0.11283040018677253,0.02922800177173909,0.03962372854769245,0.0733078624362337
41,0.0496379100288175,0.0548699103356967,0.15524161241301832,0.07292970507452193,0.0858193992207371,0.5815014629272083
42,0.03670116552467615,0.04603473731648116,0.07329323467260941,0.5520273686225406,0.15327612313492994,0.13866737072876253
43,0.08598227589373136,0.11918507940938829,0.5344526902443295,0.050088562945924536,0.06332554041337735,0.1469658510932488
44,0.0686123929111451,0.0955682616269296,0.15317991219541968,0.0573495616417233,0.0740135947337324,0.55127627689105
45,0.7682906683869245,0.0924885629770759,0.054452353944215666,0.02058653446251062,0.027010074244801424,0.03717180598447203
46,0.032221777937016895,0.04070607154814816,0.05927818220036464,0.33572597658617626,0.4253440646605411,0.10672392706775322
47,0.0322690030058341,0.04021172620501719,0.0603921660373824,0.455284057103311,0.30217218322935235,0.10967086441910301
48,0.674829730419747,0.17141869692081285,0.05939856782974179,0.022155537380192755,0.02940724079235783,0.04279022665714771
49,0.036094080737767896,0.045466945631724896,0.06881439312489693,0.5458161784799062,0.1760513572096995,0.12775704481600475
50,0.10027157883728807,0.5601501246918197,0.15026157292619258,0.03700694438483629,0.04978949513728337,0.10252028402258014
51,0.5815922451788348,0.2449306493201948,0.07000342081513423,0.02398857852257926,0.03261445253143235,0.04687065363182442
52,0.08619934622738139,0.13090139792052394,0.4574428199490706,0.0457889916676178,0.05926985950955503,0.22039758472585094
53,0.05464155396596532,0.06406389587389386,0.485807927334879,0.06395225035077866,0.076020550792768,0.2555138216817148
54,0.06953511087257416,0.09009714787170346,0.16399114452499897,0.05387715755512847,0.070528101606536,0.5519713375690589
55,0.07060230593788575,0.09756567621883347,0.19904291284693945,0.05292512250352582,0.0677327066150171,0.5121312758777982
56,0.036193001204550164,0.04652916497697711,0.06260057802818042,0.12467729377834112,0.6202218244533844,0.10977813755856655
57,0.051786947808958685,0.05825246563830643,0.45608444186814334,0.06563437466696583,0.07587604498885267,0.2923657250287734
58,0.06263987455329262,0.08093705512268479,0.4882078445113867,0.05878364765274294,0.07084109827869141,0.23859047988120174
59,0.07087281704704554,0.09358916890124405,0.5500496685937258,0.055931977748781586,0.07032253366587811,0.15923383404332503
60,0.035496248113978966,0.04648639986141544,0.06444713790064448,0.28324121397280166,0.45241556007035166,0.11791344008080766
61,0.03487883327674147,0.044438697950214545,0.06632886707842924,0.4953535385548605,0.23512969054375552,0.12387037259599856
62,0.20891196539838722,0.5629208583208435,0.09874121298953406,0.02738570212638761,0.0369347783680535,0.06510548279679383
63,0.2137304592223278,0.5515230605353771,0.10135714390368984,0.0274306284023208,0.037010298825670314,0.06894840911061417
64,0.03766594422833793,0.048299392263994885,0.07416716728376693,0.5577287483951572,0.14080317974615938,0.1413355680825836
65,0.03625278892197628,0.04711893738274489,0.07438924922066865,0.4226911986456181,0.26959065255631104,0.14995717327268135
66,0.10445499683864448,0.6074620045012592,0.11497799197092211,0.03450122829054803,0.04668800598768901,0.09191577241093685
67,0.034562257025463734,0.044472310985647585,0.06224560424062651,0.1986171527955591,0.5501167718904268,0.10998590306227643
68,0.038132043730555405,0.04956015511632237,0.06649204328949519,0.10077770586599498,0.6272380916179238,0.11779996037970819
69,0.13310247031960126,0.5604333117556918,0.13803025255398077,0.03256452179530714,0.04425049441418317,0.09161894916123518
70,0.047634256681202504,0.05287082720477256,0.1162088791615534,0.0791410878833589,0.08754657950779736,0.6165983695613153
71,0.035230092259113326,0.043875638618232016,0.06845191042557255,0.5107368828476688,0.21314185072726533,0.12856362512214764
72,0.07843296083759005,0.12266190018900898,0.42623920275928495,0.04723739430528437,0.060337651084724414,0.26509089082410686
73,0.11120070201741789,0.5188187584926895,0.16812110165069463,0.035957137401197534,0.04883386003974368,0.11706844039825724
74,0.13308266666175597,0.6046384772253302,0.11164186888947793,0.031655926236904136,0.04300165118566508,0.07597940980086666
75,0.03160823116444964,0.039258007617083625,0.056222214630194625,0.2344347098360065,0.5404024466953932,0.09807439005687267
76,0.7773647711887908,0.09046659201183856,0.050409045482638935,0.020294824518511306,0.026610955694497788,0.03485381110372279
77,0.033680387802773895,0.04277384253741746,0.05881272772622925,0.16460610889620558,0.5975866056686575,0.10254032736871643
78,0.7304065159447777,0.13184704243167422,0.051451279842010235,0.021112215656037665,0.0278181946342264,0.037364751491273815
79,0.09162420572301075,0.4497979010480207,0.19083581370701644,0.041153144562824484,0.05455404504591995,0.17203488991320756
80,0.7307321151396159,0.130204566952988,0.052692582865174385,0.02119924570191012,0.027991517597368534,0.037179971742943387
81,0.7678640109412195,0.09641974969462334,0.05247088300981461,0.02059926732210721,0.02709706737345203,0.03554902165878318
82,0.6825664045628574,0.15939294430852657,0.06420743062941574,0.02258154660894777,0.03018326240933397,0.04106841148091867
83,0.760041897601275,0.09523798090665721,0.05775890316859062,0.02094807859539164,0.02764786112993679,0.038365278598148866
84,0.08288679307410327,0.13212343971517687,0.18528074153054186,0.048859166516946044,0.06544893999974924,0.48540091916348277
85,0.645067727843554,0.1922933193798531,0.0663638878574641,0.022916911226355433,0.030265655020484672,0.043092498672288725
86,0.03265875157901543,0.040967490733890444,0.05969338052416993,0.24351180702472092,0.5181535131688709,0.10501505696933242
87,0.05782994531918783,0.06321930678490216,0.16010302416043254,0.059441817533315025,0.07446461470795393,0.5849412914942083
88,0.1888529214221927,0.5824662938918759,0.09216281826005623,0.028037242186895222,0.03841466309210653,0.07006606114687325
89,0.03491723387369941,0.04444491094363518,0.06603802387648643,0.4791133123695274,0.2531771319885096,0.12230938694814164
90,0.4544084243532795,0.36414195205160055,0.0757793502529544,0.024226219965662696,0.0325667148286918,0.04887733854781161
91,0.03442207881132479,0.04468171416925238,0.07082204347029637,0.4120814443455449,0.2959995686163076,0.1419931505872739
92,0.037212424047361796,0.04744394316464834,0.0744668556588007,0.563146396686493,0.13500716021648299,0.14272322022621325
93,0.03833112376956372,0.05090224544230554,0.07531564541588814,0.462848597771485,0.22526669166630295,0.1473356959344544
94,0.7689783390090419,0.09236278404338541,0.054929827253175204,0.020598792156393094,0.026931302316654335,0.036198955221349936
95,0.08022339161531149,0.16175147505926557,0.42121740505634286,0.05024842005638015,0.06473550622159764,0.22182380199110213
96,0.13681960150036052,0.6046517191296982,0.10526176659204882,0.03088250174832096,0.041761361172893315,0.08062304985667827
97,0.1554069212396123,0.5858798684319113,0.11357240778873934,0.02995542855726921,0.04045069356808023,0.0747346804143874
98,0.09267750479747225,0.15666532018991372,0.408281594755428,0.04272307038011627,0.055715094960288085,0.24393741491678128
99,0.03452457374139882,0.0446419153137844,0.06747246472721762,0.36648227008204776,0.3586477119807482,0.12823106415480298
100,0.037700789076720156,0.04833460953262052,0.07593601765775385,0.520683982485275,0.17063668904896953,0.14670791219866072
101,0.0434435245534584,0.048932557679148315,0.3370363883516893,0.0838787097992001,0.08712474631059022,0.3995840733059137
102,0.2096879388961103,0.5706349317647528,0.0900887462200997,0.027240357357214803,0.03692949029581839,0.06541853546600397
103,0.05682090109104486,0.06674952042711278,0.17967879438439982,0.06103925295817165,0.07408019996525993,0.5616313311740108
104,0.06467746586733744,0.08722577527362628,0.518772476889983,0.05885014332374119,0.07242901533180272,0.19804512331350976
105,0.08439419530451017,0.12238329826248392,0.5325761920668564,0.0500093099977245,0.06412372609054912,0.14651327827787577
106,0.06468182868783419,0.09003294477268209,0.4905851138841105,0.05895417601062464,0.07247161987969168,0.22327431676505669
107,0.05762661778400473,0.07014659316417848,0.3823509447130745,0.05919938273221243,0.07143449860725208,0.35924196299927763
108,0.6283203823440243,0.20295297311590474,0.07023764611667599,0.02339702529562675,0.03142772808942086,0.0436642450383475
109,0.03578586308653272,0.04674408694147931,0.06856887502077467,0.407230011896717,0.31189116483536833,0.12977999821912842
110,0.08258486494305856,0.15262675387839997,0.21043399834951762,0.0491363921619855,0.0640292410461491,0.44118874962088883
111,0.06678007223993435,0.09211532878461924,0.4751098380144932,0.05853547811781286,0.0739871938609025,0.23347208898223804
112,0.05469581860129719,0.06950035753939698,0.18843053496876394,0.06745709289942207,0.08105409119195986,0.5388621047991601
113,0.03813825096017949,0.0495823546775087,0.07702053368478211,0.512302622356656,0.17160902189587204,0.15134721642500146
114,0.09015675612244567,0.5186246148542855,0.15145180193497698,0.04077158161495014,0.0558237506582873,0.14317149481505437
115,0.18133282749467441,0.5889573250044512,0.09323281887100926,0.028492187172111317,0.038757649754505276,0.06922719170324834
116,0.028945161447476685,0.03516003472808274,0.052837346008327554,0.3812494688315124,0.40951729123389274,0.09229069775070806
117,0.07471226834230238,0.10655103354789262,0.4778407218614377,0.0513369663154047,0.06531926795033684,0.22423974198262586
118,0.32712089678818695,0.487617643857601,0.07318989477675178,0.024933523925300443,0.03359498809616237,0.05354305255599726
119,0.0381374423643567,0.0498098147716335,0.07141000628422024,0.12919389877532442,0.5772981738329669,0.1341506639714981
120,0.053640557952844906,0.06870219023598283,0.5052267586362582,0.07782071551226315,0.0890864425207301,0.20552333514192098
121,0.034355492207106,0.0440834657528489,0.06182094485285063,0.17939030444218051,0.5705407386779916,0.1098090540670225
122,0.0376272619425171,0.050422955477112785,0.07564812003919191,0.31624853179704576,0.3635879532076765,0.15646517753645608
123,0.06862737124374771,0.09058499956386531,0.5051416352953195,0.05447400365273975,0.06745618573593569,0.213715804508392
124,0.659691171591995,0.17318532503737305,0.06921083030029307,0.022838097450855598,0.030143029733862972,0.044931545885620455
125,0.7849488110519202,0.08688687763484046,0.04812270218664816,0.02007283103053422,0.026288115451102826,0.033680662644954354
126,0.13308266666175597,0.6046384772253302,0.11164186888947793,0.031655926236904136,0.04300165118566508,0.07597940980086666
127,0.13166284170342307,0.5445055107143771,0.13734792718108355,0.03258810609332562,0.04456775442573404,0.10932785988205654
128,0.118483297725904,0.5878393885777088,0.12364043053219721,0.03364268718010499,0.04608670768288479,0.09030748830120032
129,0.1056516394668067,0.5744101586149336,0.1307360886962933,0.035233999210126724,0.04779308855739925,0.10617502545444026
130,0.03255378051822759,0.041370130714969186,0.06027103344873625,0.34419630115812383,0.4129923292711684,0.10861642488877436
131,0.10198369502784957,0.610909922308704,0.11145472220375739,0.035167417590864954,0.04768288111851671,0.09280136175030727
132,0.04362445783723326,0.06197221364503563,0.08479450288467001,0.21012201248639809,0.426658902040658,0.1728279111060052
133,0.15515018391091517,0.6025007911129728,0.09648353716612426,0.029697068664351425,0.04071415194200879,0.07545426720362744
134,0.4816852109029695,0.33536188747060586,0.07397166411730588,0.024246445663832095,0.03279387596082241,0.05194091588446448
135,0.766725525865252,0.09544964673946137,0.05314206604111037,0.020585103678949775,0.027067856228314025,0.037029801446912834
136,0.49005850327232453,0.32390327737322766,0.0766661641802524,0.02440109827956741,0.033242397566095955,0.05172855932853228
137,0.0672565240520455,0.1003864350790902,0.17897080021019243,0.05852933236389229,0.0736054362299198,0.5212514720648596
138,0.20799934362966804,0.5835479669268245,0.07904002632067728,0.026688051970845818,0.036204105073491484,0.06652050607849286
139,0.03504563024679849,0.046084975047746765,0.06368508387810237,0.2696456401127727,0.47231078816390115,0.11322788255067841
140,0.06391924089075396,0.08037850635649993,0.18155790206961822,0.05692372570206401,0.07265432431482946,0.5445663006662346
141,0.7665972573605182,0.09726498399915748,0.05203961434711593,0.020680985274269745,0.02728390557760634,0.03613325344133214
142,0.7012378111126918,0.148979649498891,0.05956157058800173,0.022057468267359926,0.029135915718437978,0.03902758481461762
143,0.6235300357112459,0.20870281084499032,0.06879386454585723,0.023325770905743472,0.031066415230706548,0.044581102761456576
144,0.7799766235889926,0.08821062456097896,0.048974965133577096,0.020377363315415932,0.027082087103138384,0.035378336297897196
145,0.03648541604390002,0.048096276908947175,0.06436989902709425,0.17058156883479897,0.5660123937805112,0.11445444540474854
146,0.056871079105878214,0.06886806168393177,0.4404277763591173,0.06165054758463634,0.07221214443532892,0.2999703908311078
147,0.033726987085035826,0.041779493316494755,0.06013011502274596,0.5040823737669331,0.2548299217048135,0.10545110910397634
148,0.05513202787115063,0.0595352561084234,0.20078263678192135,0.05934671641270544,0.0731136514080986,0.5520897114177005
149,0.0734992950400501,0.10142372925860704,0.20260162557639927,0.051260076694509354,0.06697461409797682,0.5042406593324572
150,0.03814641517893649,0.05025826331490474,0.06768333548345028,0.1048661072098358,0.6150671297783228,0.12397874903455057
151,0.7400241081989257,0.11506299216251947,0.0566485549609159,0.021423047971113152,0.028377549856422813,0.038463746850102704
152,0.035841703011644264,0.04807533663851307,0.06573868927880493,0.2398763275073785,0.48809160959465,0.12237633396900922
153,0.7464357585824423,0.11233108012740561,0.05402323284887723,0.021245391333757226,0.02816177759546318,0.037802759512054675
154,0.7130304084424721,0.13479001202600158,0.061076055533525554,0.02208264216148891,0.02925893446893928,0.03976194736757229
155,0.7140078881953446,0.13135691196137225,0.06233293396870034,0.022082144777681473,0.029342714180048534,0.040877406916852654
156,0.05236540377297494,0.06210247923382436,0.3904484305694527,0.06564587487299933,0.07680734385052626,0.352630467700222
157,0.05713387569262858,0.06210895814461957,0.16404628966429455,0.0602383918443894,0.0735704941665253,0.5829019904875421
158,0.0870236266088385,0.17290583586999,0.42997962047168165,0.04651451365985116,0.06031879828949075,0.2032576051001474
159,0.13503400514203542,0.6159479657114272,0.09788039418792219,0.03061425712994102,0.04135715476873507,0.07916622305993941
160,0.06318704053426938,0.07578034527164819,0.19382299959143418,0.055423395608862856,0.06993061731616393,0.5418556016776217
161,0.04033514050211858,0.053580971191362306,0.07543728374578984,0.11752705478737684,0.5699397909555667,0.1431797588177856
162,0.03852303418008585,0.05014169535164138,0.08009845055211681,0.47778230447615505,0.1919294955860364,0.1615250198539649
163,0.03236944982402311,0.0409820120810461,0.056928948017361466,0.29423570603192495,0.4752013108588315,0.10028257318681275
164,0.07018210169142514,0.10946532913808667,0.17316757303612657,0.05720365226225957,0.07420640699391545,0.5157749368781862
165,0.7193493200609881,0.13283803228767208,0.05809233449395744,0.02176298900296983,0.028896926044902325,0.03906039810951023
166,0.24771535272426057,0.5455585034528649,0.07692837785658004,0.026437245572993543,0.03698890280529033,0.06637161758801045
167,0.07161565406410102,0.11156468033075348,0.4951326769783323,0.05621283411153846,0.06950257024648117,0.19597158426879369
168,0.08165727579652104,0.15714419771712188,0.41187219011715387,0.04843306112747922,0.062367658543541434,0.2385256166981827
169,0.05967638501836397,0.0752756013910446,0.3446505805634595,0.057744886595184244,0.06991582353475541,0.3927367228971927
170,0.6934551944533193,0.14606767963804773,0.06470050407879166,0.022300060136811725,0.02954431886098603,0.043932242832043666
171,0.03368863149554125,0.042358346230454,0.05821181206814446,0.10192198680895577,0.6627736852706092,0.10104553812629541
172,0.04396488542982987,0.04673233873438957,0.11859010259205649,0.08667832786824196,0.09627175240848813,0.6077625929669941
173,0.6745491707338047,0.15795864027815051,0.06918625609147239,0.022701338991830286,0.03022559362377142,0.045379000280970624
174,0.08765920185220095,0.16851228607713495,0.3813479099059356,0.04423725540787159,0.057634785052253855,0.26060856170460317
175,0.07809808610816395,0.11540560176656123,0.5034482204499161,0.050830826294542594,0.06475859977321782,0.18745866560759822
176,0.08057926493576878,0.14482817228858275,0.22634827851707617,0.04952425224857802,0.0655044091653719,0.4332156228446221
177,0.07577015022533182,0.11819648315253402,0.1977500437009036,0.05132067086881446,0.0687727271014718,0.4881899249509444
178,0.08266663285304267,0.15655068397228106,0.2235177646394797,0.049208022080430444,0.06546518235812356,0.4225917140966425
179,0.06184084886672728,0.077719351086507,0.4746515160187268,0.05703294967599433,0.06972125315841068,0.25903408119363397
180,0.0774231749408276,0.11953670238596895,0.1886728538762068,0.05081773263541779,0.06564325255833353,0.4979062836032454
181,0.07188028878243159,0.10274626200224735,0.15646398486319718,0.05551532022246106,0.07144018329871715,0.5419539608309454
182,0.03676948285188841,0.04804000325578247,0.06607913969910126,0.1537868900022979,0.5777142410952877,0.11761024309564225
183,0.03497636600180837,0.045445761604714724,0.066735500423719,0.2093544012222459,0.5181718074754903,0.12531616327202194
184,0.08801453579231656,0.14677794952335227,0.41046185279195924,0.043954210239724144,0.05723752349383556,0.2535539281588118
185,0.08987467377658542,0.16395787549551852,0.23880729648094395,0.045329136413569844,0.061352320380663905,0.4006786974527187
186,0.032181574364987246,0.03955744762122434,0.062376680846050754,0.5379558469619634,0.21353633331193186,0.11439211689384245
187,0.09183475718613204,0.5148880141808907,0.16920667905972878,0.04017969240580034,0.05420864464552879,0.12968221252191942
188,0.08021991246881433,0.12377576420213554,0.19180275896639673,0.0492178269532246,0.06423851816405322,0.49074521924537556
189,0.03393687858490125,0.04165297871079824,0.06297758734659457,0.5478361731934017,0.20025369944847843,0.11334268271582587
190,0.054162425856765714,0.06784791621071136,0.4786554232516163,0.07030085086336839,0.08005960796964406,0.2489737758478946
191,0.032221777937016895,0.04070607154814816,0.05927818220036464,0.33572597658617626,0.4253440646605411,0.10672392706775322
192,0.03104891833688131,0.03847841067342242,0.05551110391554895,0.21743358625984552,0.5606101384540195,0.09691784236028218
193,0.7789000646974519,0.09085993570609699,0.05045127031679701,0.02038630984283131,0.026751370894153175,0.032651048542669626
194,0.09254193218331641,0.12407058490116632,0.5438659429432254,0.04662744934630587,0.060801334951860214,0.132092755674126
195,0.04009347280542657,0.05359511619853234,0.07403049188733864,0.14749874144903644,0.5433787678387556,0.14140340982091057
196,0.7490770881315385,0.10540888154729595,0.056855708625253534,0.02135995899905924,0.02851882351145758,0.038779539185395256
197,0.7030108150552902,0.14044035998248752,0.06293654764203653,0.022250138469866555,0.029572246885954463,0.04178989196436438
198,0.054162425856765714,0.06784791621071136,0.4786554232516163,0.07030085086336839,0.08005960796964406,0.2489737758478946
199,0.5894354973587851,0.2230811781098446,0.07863504389284184,0.02386076760945776,0.032324968397767086,0.052662544631303695
200,0.13715925125535924,0.627511545275241,0.08062707987238264,0.0302565009743537,0.04112504866278525,0.08332057395987834
201,0.7837891017898716,0.08555805557512249,0.04940654820515539,0.02026617137371547,0.026777532251395633,0.0342025908047395
202,0.06957698531464468,0.0946077879378558,0.17198632488475496,0.05413452736198083,0.06968174241058023,0.5400126320901837
203,0.7391687339669804,0.11270434686163851,0.06018626542804293,0.021518811875114213,0.028392450112961185,0.03802939175526258
204,0.7311123661535229,0.11747166776288936,0.0604178580119164,0.02170822472444553,0.028736339130312077,0.04055354421691322
205,0.07523680606609542,0.1030926694237661,0.18953162215256578,0.05049147072043087,0.06546569031169033,0.5161817413254516
206,0.04604131215542797,0.0479918636065259,0.4686675397369966,0.07190121050849994,0.07976898946167453,0.28562908453087515
207,0.07515205454104729,0.1349474943918992,0.20596905766211338,0.05341570448931341,0.07029616524839569,0.46021952366723096
208,0.061983585497796194,0.0774794372941178,0.5244529722353343,0.05989808446863443,0.07382169587906387,0.2023642246250531
209,0.13546188990830327,0.5989006327442575,0.10567315351517757,0.03141518062669002,0.04325724103099853,0.08529190217457308
210,0.07477435578356026,0.09296163330370452,0.5570507611926975,0.05297673062989425,0.06645154244757932,0.15578497664256372
211,0.3514560713368577,0.42810467112629386,0.0983518084488643,0.02514607280352659,0.034300675936606594,0.06264070034785088
212,0.06808064607830139,0.10245472086305131,0.19289459182402346,0.05742485303422091,0.07329223034279855,0.5058529578576044
213,0.6972324196926374,0.1519452780461091,0.058812939264493526,0.02206221737522743,0.02931065960583866,0.0406364860156939
214,0.038360262641970885,0.052212759267134305,0.07388661938956491,0.25939920446774745,0.4309877927789381,0.14515336145464452
215,0.21024589179056902,0.5597241424161411,0.09588298630582202,0.02723727964291985,0.03679847337508092,0.07011122646946744
216,0.07897934587608231,0.11655314066847887,0.20183736866045593,0.05011929143342297,0.0662703230881724,0.48624053027338726
217,0.1148893491601047,0.6066153179150658,0.11389812300309267,0.033053457571006355,0.04430418404885377,0.08723956830187696
218,0.08317912041429017,0.12657134150943777,0.18822011514334885,0.04848085867962963,0.06518587939786502,0.48836268485542844
219,0.059749904486360195,0.06535570075201914,0.169935349876986,0.05889838093178508,0.07319840184452073,0.5728622621083287
220,0.738186195907797,0.1131893080826836,0.05955177003722216,0.021446022217211386,0.028247152572049027,0.03937955118303692
221,0.03647010846633777,0.047527909744987995,0.07575000866826842,0.4810654488220367,0.20876861907368438,0.15041790522468468
222,0.03516059681501905,0.044336270053970325,0.06674638467016994,0.5437375594750066,0.18667992042835282,0.12333926855748123
223,0.08754831417773075,0.1471232555938646,0.4649326283121885,0.04638781629355931,0.06017251645415878,0.19383546916849795
224,0.4203036697782305,0.39802598806307643,0.07298844024334392,0.02434294973426246,0.0329040825536353,0.05143486962745154
225,0.03295016096527003,0.04112989558958887,0.061675542883404454,0.4768894168358451,0.2754475742151261,0.11190740951076521
226,0.06397278097304959,0.07523201886642425,0.19879299217024582,0.054500818165407555,0.0699285955783454,0.5375727942465274
227,0.03365394013673964,0.0430024991368454,0.061814558854083684,0.15746837392793506,0.5923363479582852,0.11172427998611072
228,0.09588634629073296,0.5792898359234613,0.12584761502704478,0.03709498656954789,0.050685504049527916,0.11119571213968504
229,0.05091115298820214,0.056171881186735516,0.15153771692535017,0.06998519449059834,0.08413024727195283,0.5872638071371613
230,0.05895320544110653,0.06993654997099462,0.5166930139542759,0.060847414807335624,0.07362501598114443,0.2199447998451427
231,0.06618683685034682,0.08299040219296352,0.19116466516223418,0.053832440827279185,0.07041410160014666,0.535411553367029
232,0.6491963471330178,0.19067372158565432,0.06553054127027007,0.022889930950648556,0.030237569328285665,0.041471889732123485
233,0.038945377197069815,0.05080438169929656,0.07725079029365678,0.5419235766024848,0.142837611284032,0.14823826292346015
234,0.05738994573993009,0.0687723605933789,0.4979500939775862,0.062264004257506965,0.0748307166981875,0.23879287873341026
235,0.1509999981815904,0.5854826058535869,0.1116069669671331,0.03040514046168352,0.041196478294307594,0.08030881024169832
236,0.03641775289719269,0.04607816034943017,0.07081993862284973,0.5719636354536569,0.14282972669616825,0.13189078598070242
237,0.8060330809510979,0.071023519890342,0.0462842811494147,0.01948025849974325,0.025563095989977098,0.031615763519425015
238,0.05547220702806356,0.05974059520605616,0.20131897459290907,0.05928234427694699,0.07215198215545685,0.5520338967405675
239,0.07560411100304339,0.1315810021871101,0.18667974869757076,0.05386119618986397,0.07097986691291568,0.4812940750094963
240,0.7559546101803549,0.10449725877951799,0.05287674630105913,0.02099041269951753,0.0279494116396748,0.037731560399875706
241,0.8075926863577413,0.07167652497673872,0.04463545971068887,0.019297225602472608,0.025177583980707026,0.03162051937165153
242,0.10382616731327102,0.5807159538763462,0.1197486172843406,0.03474492497186779,0.04715420067947967,0.11381013587469496
243,0.09433551367566202,0.2385834963241761,0.40749077786734494,0.0468703219627819,0.06162053442429524,0.15109935574573988
244,0.032221777937016895,0.04070607154814816,0.05927818220036464,0.33572597658617626,0.4253440646605411,0.10672392706775322
245,0.03255378051822759,0.041370130714969186,0.06027103344873625,0.34419630115812383,0.4129923292711684,0.10861642488877436
246,0.030549661291412917,0.037519316036270206,0.05720677941445364,0.4142376884979408,0.3575563335716271,0.10293022118829517
247,0.7576628784061693,0.10234579775506197,0.05478868633758509,0.021044485928349805,0.027864650996484854,0.03629350057634886
248,0.21405206617051492,0.5883746310080568,0.07356515146233875,0.027019671499290233,0.036654319986840725,0.0603341598729584
249,0.03667072181542279,0.04689624721700654,0.06942581030118984,0.12487950840082744,0.5899210693235765,0.13220664294197687
250,0.033433048273302395,0.04230161188329818,0.05750585143523523,0.12212643751275193,0.645364081155743,0.09926896973966938
251,0.0739804045649958,0.09916882832871926,0.5098705554458483,0.051173736598866454,0.06468540597336161,0.2011210690882084
252,0.03396323354088799,0.042683486822988136,0.0660455499548241,0.5048527015513038,0.23025184801978818,0.12220318011020803
253,0.03491223100532681,0.045695042964834454,0.06714565731216315,0.3462502207035547,0.37698228797328875,0.12901456004083223
254,0.03878940994833724,0.05340193904150626,0.07460243006695995,0.2465266072904409,0.44070662435707136,0.14597298929568442
255,0.058187768139805876,0.07182436471542679,0.4052810122976558,0.058357510586309586,0.07077220935769937,0.3355771349031024
256,0.0707907961246218,0.09361399651149054,0.5208326638384699,0.05479733392275168,0.06938273120843341,0.1905824783942329
257,0.6484894337722655,0.1826995089697297,0.0704959381419472,0.02324156123484689,0.031024640684741072,0.044048917196469604
258,0.20898145426022496,0.5931433340898938,0.07312745030230446,0.026923078928058924,0.03665919630191018,0.06116548611760749
259,0.7027444381191942,0.14207501357092053,0.06130468135431759,0.022219885214194764,0.029661390339182126,0.04199459140219094
260,0.033438498555124124,0.04220240448735619,0.06383415103499913,0.4430780039203915,0.29823615622074545,0.11921078578138357
261,0.0849852397579024,0.40819559735424576,0.20127871379365528,0.04650509786747065,0.06174922090717788,0.19728613031954814
262,0.06947231577106464,0.08862174054258558,0.17642551655509822,0.05335427656078711,0.07056771751022149,0.5415584330602429
263,0.7095905287557768,0.13649990717159888,0.060168474539395826,0.022124469274903247,0.029597158351550357,0.042019461906775024
264,0.07831219828106259,0.12528243369571934,0.1874112675253361,0.05130485910914734,0.06748287088954362,0.49020637049919114
265,0.031020636555226026,0.036989221217929906,0.056679338657046115,0.5929535873852003,0.18318612108850083,0.09917109509609687
266,0.08541425563757382,0.17549802803838052,0.45883354463315573,0.04973819125855594,0.0644203073872876,0.1660956730450467
267,0.0956860356215309,0.17903319616829683,0.2977843580172665,0.042414549379998244,0.05784369065249404,0.32723817016041373
268,0.12688884610566376,0.5782182826995659,0.11814132287157053,0.03222653048835548,0.04412228861017006,0.1004027292246746
269,0.03683309749519462,0.05070757034187788,0.06434687409033243,0.22363740461445383,0.5094213092654164,0.11505374419272453
270,0.0503691756211282,0.0532408156314518,0.1861057380238006,0.06559721538893501,0.07760684544707866,0.5670802098876055
271,0.037617104711512465,0.048063620835236597,0.07614249742488935,0.5506262637310105,0.1430410631220112,0.14450945017533964
272,0.05815073650958763,0.06360295438638025,0.5370160943737383,0.059550803576478274,0.07239792766765417,0.20928148348616168
273,0.033347905814710185,0.04212869724048344,0.05583438758591056,0.10110796236334774,0.6727741573743378,0.09480688962121078
274,0.03636987455701333,0.04843524588746576,0.06620007605219136,0.3939388771834957,0.3329709223906756,0.12208500392915797
275,0.03277386585115392,0.040908305947666354,0.05652400047421008,0.17879502689219479,0.5940986843453168,0.09690011648945832
276,0.04234879101939192,0.05909712204873009,0.11095607156701967,0.35723656638023094,0.1938542875002387,0.23650716148438894
277,0.7656420529293222,0.09872426048779902,0.05210333180071514,0.020737875158153004,0.027310925865263843,0.03548155375874664
278,0.0358630700582508,0.046077055605693695,0.06257052339546974,0.10267519195965519,0.6414204461921261,0.1113937127888045
279,0.03534472087790044,0.044979981679487864,0.07084898224522593,0.4889126396090068,0.22263627726516058,0.13727739832321845
280,0.03556777935801519,0.04657871943517049,0.07134759670949387,0.3466784902439291,0.35833373188426154,0.1414936823691298
281,0.03252860269939129,0.040332592868047676,0.06419499713608114,0.4490034759206146,0.29267125016445383,0.12126908121141122
282,0.03570123628632865,0.04511480897768199,0.06881684032770838,0.5286747229600879,0.19194529775588223,0.12974709369231094
283,0.08298373751216401,0.11390053986350605,0.5564121031337287,0.05094850758337856,0.0656232306448219,0.1301318812624006
284,0.2856603615210291,0.5266794292635124,0.07145597612776554,0.025406444667977507,0.03471362833100278,0.056084160088713156
285,0.12421377954738363,0.6036113472027794,0.1137683161252223,0.03238192627445043,0.043761979039763074,0.082262651810401
286,0.03492544950998227,0.04353086746305926,0.06671457665595283,0.587671650881363,0.14585253286313374,0.1213049226265092
287,0.06455239003270771,0.07542585323604921,0.5136322494713653,0.054647652774063686,0.06773257669014303,0.22400927779567165
288,0.03763875819578349,0.04918611150152664,0.07570308710213261,0.5160659082493435,0.17462514741845883,0.14678098753275512
289,0.26690539755530107,0.5308613578021351,0.08335880371422587,0.02593893748000876,0.035167125875664985,0.057768377572664724
290,0.08857863635720785,0.1523159147138772,0.4756302739059124,0.04747377209532609,0.061968676720963144,0.17403272620671364
291,0.10816871595799515,0.5529935985061218,0.14115820068603477,0.035373995049583024,0.048012500477566604,0.11429298932269874
292,0.14609619257607,0.5901242292153064,0.11367502905087075,0.030422528470969948,0.04092652262123677,0.07875549806554616
293,0.07377329307116182,0.09653064967037242,0.5269971078256335,0.0519554397590518,0.06502938299201655,0.1857141266817643
294,0.035310652459974036,0.04542888197737818,0.061193984831471676,0.18297481710719804,0.5668510056770037,0.10824065794697436
295,0.7380824652232992,0.11359315807016153,0.05904534052291574,0.021502305392351248,0.028447178524774627,0.03932955226649729
296,0.05243788399016677,0.06024069123277453,0.4284331657338347,0.06486114888565679,0.07390519872826985,0.32012191142929725
297,0.07354342430690547,0.12316889400568116,0.4143035557768493,0.05069246346756452,0.06484041873055356,0.27345124371244595
298,0.03698787456592499,0.04728309666880954,0.07187203173396933,0.5384898444333973,0.16978119063538144,0.13558596196251727
299,0.030697979753271393,0.038027374943927536,0.05747159185748362,0.3930739459902187,0.37742779647377256,0.10330131098132617
300,0.09176095774953587,0.5665116441860292,0.13779002133201348,0.03773017731334144,0.05093575965277155,0.11527143976630845
301,0.1199327679938578,0.5747001227167206,0.13183206286918864,0.0334172341035337,0.045164198399122654,0.0949536139175766
302,0.06889498045348612,0.09339061341132344,0.14926846374697614,0.056955241407455906,0.07323340298093702,0.5582572979998212
303,0.05618213907201725,0.06363591876512431,0.14469041555105416,0.0631692101827207,0.07541737891409474,0.5969049375149883
304,0.12890620243554698,0.5436565983869552,0.13843895670170134,0.03313399730750407,0.04552742630076714,0.11033681886752544
305,0.07017195629005508,0.09478523603764809,0.18784930053718263,0.0536041459829738,0.07047273452762977,0.5231166266245107
306,0.7160493756070461,0.14365473213641006,0.052516748962682165,0.02176641788406327,0.028922068954802278,0.037090656454996054
307,0.2531065198075752,0.5478555656076562,0.0798900984208867,0.026160587952220957,0.03545125236704293,0.05753597584461788
308,0.2905519621737136,0.5204326686100664,0.07124157674992804,0.02546684490876718,0.03469589900763426,0.05761104854989035
309,0.27695537081431615,0.49974208700821915,0.10164416546068913,0.025967842499707117,0.034864237990565115,0.0608262962265035
310,0.1861544881705356,0.5830231109334643,0.0966304435661359,0.028328241991634844,0.0384090827257725,0.06745463261245706
311,0.03485347165852197,0.04343871437512243,0.06852493839044169,0.5963546571221879,0.12845791865495526,0.1283702997987712
312,0.7760568767532199,0.08787382529145507,0.051055835639227165,0.02042866227415393,0.027183637502577504,0.037401162539366144
313,0.06909342824335303,0.16396329691379577,0.25277858049765123,0.06425942209732606,0.09429536658062883,0.3556099056672449
314,0.07506779843047238,0.110586038765214,0.5237323043538337,0.05538435976250836,0.07012556510659593,0.16510393358137554
315,0.03281695485244644,0.0410213248486759,0.0549080722178233,0.12531963306139723,0.653346606749024,0.09258740827063336
316,0.06276133699526293,0.07579330082677287,0.18752127722156248,0.056921405182687165,0.07264322716358756,0.5443594526101273
317,0.8052711129629767,0.07208472395242126,0.045449930073339896,0.019457126998147004,0.025491580854046104,0.03224552515906918
318,0.053474511007584026,0.061918203522034025,0.18793907125459908,0.06450989838202757,0.08002243309234752,0.5521358827414076
319,0.06988844242020396,0.09115819933753033,0.1918160904463815,0.05260205668146771,0.06833049551835274,0.5262047155960642
320,0.08335958706215613,0.1475541660608943,0.22958604534269678,0.04742867288787809,0.06343396600762191,0.42863756263875225
321,0.7249212772889853,0.12797232778917694,0.05705992888058649,0.021853849535103435,0.029166342180765553,0.03902627432538249
322,0.7676158608516009,0.09771011482281977,0.05181738133962504,0.02059537322585356,0.027036671552594874,0.03522459820750548
323,0.12299305639642333,0.6106894573782702,0.10748868322529491,0.03230772029347891,0.043754784895590516,0.08276629781094234
324,0.07309240990713058,0.13524221260209018,0.18759252649320912,0.05752652012887594,0.07331397640473217,0.47323235446396206
