,proba_0,proba_1,proba_2,proba_3,proba_4,proba_5
0,0.00019039281649241147,0.03612881479697,0.1348805398016817,0.03920679457037061,0.021383030467282627,0.7682104275472026
1,0.0007138143621232486,0.0775692260621585,0.12502148499004645,0.011133216156330995,0.013726980869277662,0.7718352775600632
2,0.01536848562004245,0.26658398954164625,0.6878654433226681,0.0027966517803610603,0.003082548022327789,0.024302881712954378
3,1.3039704114995074e-07,0.0007182866828009514,0.007400081937985321,0.5190093745405762,0.47149729550709407,0.0013748309345021378
4,0.017627517556122654,0.026491509170144242,0.9371242219238856,0.007764722880934779,0.0015613130441159914,0.0094307154247967
5,0.004116519454970879,0.049373272249623276,0.035234478285981675,0.0035934343695205252,0.011176586696206636,0.896505708943697
6,1.4325350678939167e-07,0.0010168528032511682,0.014489435120309634,0.838360637756077,0.14500184407402575,0.0011310869928296257
7,0.002495856356472835,0.09009222085641586,0.8373117022324076,0.014589505290552869,0.0037088143166291642,0.051801900947521747
8,0.007214618544920878,0.06028877623940279,0.05618503632659368,0.0030419274666072175,0.007087725474267339,0.866181915948208
9,1.3662022962131664e-07,1.4139535356587616e-05,0.004399562720868924,0.06023603905435055,0.9309417894774992,0.004408332591695348
10,0.8974065583322224,0.07130551529441018,0.029522815330129674,8.366540655613977e-05,5.6747516656612353e-05,0.0016246981200249068
11,0.01509919462909208,0.05721077503708282,0.9166660174563604,0.0055036518326044455,0.001552694567148207,0.003967666477712032
12,0.0399996007216244,0.876972965482142,0.013655865007134872,0.001446207232744882,0.0008469630870322209,0.06707839846932148
13,0.02388730805287216,0.04598981488615562,0.8863107074559023,0.008775193417814575,0.001819899593350209,0.03321707659390519
14,0.11940742421415568,0.8562078945748745,0.010119004174472663,0.0005545805464760774,0.00040996099736038564,0.013301135492660739
15,1.4796180340357712e-07,0.03692258909449925,0.04519869780719778,0.7483248744855802,0.15486688023201292,0.014686810418906609
16,0.008796911420220085,0.12907344910427201,0.8524484217215003,0.005269123189581272,0.0018276323906643288,0.0025844621737619376
17,9.469866292413682e-08,5.537833994959901e-05,0.04232951874769597,0.9326673335342687,0.013857790430799086,0.011089884248623694
18,0.32649671408365777,0.6440219795268259,0.011781041438631153,0.00045822181871774543,0.0002800407314511204,0.016962002400716155
19,0.8707458750920571,0.11962679042012833,0.00726043883034494,3.744788631755055e-05,2.7853325791123143e-05,0.002301594445360848
20,0.8891711546760372,0.09021922137683697,0.018510383557225774,7.489719470421085e-05,5.285542484024422e-05,0.001971487770355765
21,0.0004044037845338157,0.0056072255776230765,0.09415723633735809,0.009392543430517155,0.044853028866048715,0.8455855620039193
22,0.3863007986699287,0.5641324092416983,0.018430372985811162,0.0004268148880982788,0.000273314725619381,0.030436289488844186
23,3.006759644085309e-07,0.2956716498140002,0.019009460434405503,0.564376013775366,0.07627265354816101,0.044669921752103006
24,0.9052547649409093,0.07818906495705798,0.012852897808642474,5.980015398459715e-05,3.9846634041430894e-05,0.003603625505364034
25,1.230077912329051e-07,5.269252920771371e-06,0.008592142777384057,0.1336646364612713,0.8505896093842821,0.007148219116350683
26,0.8654768207228706,0.11272444802536312,0.018921293155817916,6.219197806850066e-05,4.230771235846462e-05,0.002772938405521416
27,9.766357114623672e-08,0.0002651876957655031,0.020880605001699706,0.7537861565084057,0.21916916042303292,0.005898792707524956
28,0.000290436489207328,0.046382202991588406,0.1202768042156623,0.018754064811408115,0.02093652894921413,0.7933599625429196
29,2.1524807332868764e-07,0.00028730442336509374,0.01564457547673763,0.7529127719130063,0.2286555802026867,0.002499552736131007
30,0.002507665108459417,0.010012038365292,0.19534362351923926,0.003980470582897782,0.015223294278426794,0.7729329081456847
31,0.001525744473157585,0.007935280807643195,0.04931116602814127,0.005405251494535215,0.022941010960388444,0.9128815462361344
32,1.2656049989992603e-07,0.017217759721159305,0.021672227816337254,0.9204201354128981,0.012572237818495762,0.028117512670609718
33,1.645709985436339e-07,0.00010334238318568613,0.0023888576476703157,0.002369643307255596,0.914786150348646,0.08035184174224376
34,0.340237199511984,0.5782001295599144,0.06536491879392045,0.0013152439179101672,0.0011078587876275966,0.013774649428643456
35,0.0018396405619402355,0.011807535989209993,0.835564482354934,0.05922293976893346,0.003367355976554321,0.08819804534842797
36,0.0022486721883125766,0.11736726271528503,0.08665777371157053,0.006623896300912242,0.006310506501994421,0.7807918885819252
37,0.03755354525649078,0.8664493379165502,0.013338008586157853,0.001769355872328423,0.0009519805586252362,0.07993777180984758
38,2.2293629594223e-07,0.06606852883138038,0.026535616360102137,0.525471680678614,0.3399323645320942,0.041991586661513314
39,0.002156674011037299,0.02352962663384573,0.059046538901070894,0.006030809953513646,0.012210421101874694,0.8970259293986577
40,0.27380695456744114,0.6783354568153157,0.015380265538903736,0.0005552022423349275,0.0002715463289800994,0.03165057450702435
41,0.0003945123336956403,0.023401941649206257,0.15568775919512126,0.013499067217187776,0.03265172466752983,0.7743649949372592
42,1.5637887198138138e-07,0.008189556314544079,0.018038622071356685,0.9487752742467074,0.013486721658316773,0.01150966933020303
43,0.007755988286218421,0.007684165612584149,0.8649177673627979,0.03714814659247151,0.0008192111375041078,0.08167472100842388
44,0.0005062714967495059,0.02300516867123332,0.05469050068155222,0.01056660328740762,0.026514027018654587,0.8847174288444027
45,0.9091644853455919,0.06444462275991618,0.021528615488493243,9.424342488633812e-05,6.249934034268014e-05,0.004705533640769523
46,9.515814811285746e-08,0.0046415557731507425,0.008557435139847643,0.5597135055624551,0.42224392468796795,0.004843483678430258
47,1.0376833964101416e-07,0.008738251416083176,0.013219335500476352,0.47740208643423565,0.4850699566506581,0.015570266230207078
48,0.828560852666451,0.13483482455626447,0.0016861843639213296,0.00011769425681149625,8.428903958347901e-05,0.03471615511696834
49,1.2758253015743836e-07,0.005415662508969103,0.02558485435837379,0.8511301857577535,0.10685090456105512,0.011018265231318247
50,0.06403665366402077,0.8668373664414841,0.018685750490783654,0.0009077128602563903,0.0006004010582585607,0.04893211548519662
51,0.8412706956191136,0.13730609578365552,0.017429048071578874,0.00012598422059201145,0.00012314534205240394,0.003745030963007506
52,0.011825047537697194,0.06991455298018244,0.9053274249428324,0.007826883210082009,0.0017730060416353724,0.003333085287570602
53,0.004378469610569164,0.024957563997710906,0.8753357431620472,0.008020999289938588,0.0078154435985104,0.07949178034122384
54,0.0045726263131520796,0.017759377480761514,0.06771280018369083,0.004146002683466369,0.011055622828738423,0.8947535705101908
55,0.002351718967034673,0.041221411629903955,0.0807457192876138,0.006614723902489996,0.010233386458824057,0.8588330397541336
56,1.347252058986057e-07,0.00022334056050917357,0.0042007210207377355,0.13419875543634185,0.8607155975500638,0.0006614507071415269
57,0.000995505574021947,0.06470748340966909,0.7474470123851193,0.015317085836829213,0.008753389844716727,0.1627795229496437
58,0.007901176397363931,0.03685162649381368,0.9013935485822432,0.008841368442447522,0.004241604984210636,0.04077067509992119
59,0.003298515406357119,0.12660543760684373,0.8214043483866919,0.018799968694793966,0.002121433124724494,0.027770296780588812
60,1.4122450741632372e-07,0.004798970892193677,0.008369301559254158,0.7386026890271755,0.24698615669918442,0.0012427405976847723
61,1.5349369934223186e-07,0.013870153727468972,0.025612764439632243,0.5092045553435021,0.4402703941563907,0.011041978839306665
62,0.27715503086473364,0.6773140453521425,0.030223408071585647,0.0005559723844954353,0.0003190552289706395,0.014432488098072082
63,0.36337935171790586,0.6011988555826011,0.026172093695646045,0.0003421501576319831,0.0002739045943290173,0.008633644251885944
64,1.1715234333589814e-07,0.03529003618939254,0.03715373930688165,0.7893736852705365,0.1230072679281096,0.015175154152736455
65,1.7953393085750122e-07,0.11085323363933758,0.022504521307624183,0.3160012917035161,0.5061474141082358,0.04449335970735523
66,0.06498369281308498,0.8669763256210755,0.008640257435559063,0.0009085151681391614,0.0006990589569383652,0.05779215000520288
67,1.0943891247184797e-07,5.74474101238663e-05,0.008646180503221367,0.3425394166211138,0.6461760227056199,0.0025808233210084883
68,2.424631644127737e-07,6.82231834616381e-07,0.012028746572272932,0.0017524912652887555,0.9750472850323691,0.01117055243506994
69,0.12101206009862965,0.8147470813598459,0.02549270963206906,0.0007684049797410812,0.0008081077244068551,0.037171636205307515
70,0.0001761539277182266,0.024730733219925763,0.08784071863878538,0.03081200621612224,0.0317279283615878,0.8247124596358606
71,1.5070837100484656e-07,0.014028987522719732,0.04194157075854788,0.6911525945978604,0.23238810359098086,0.02048859282152023
72,0.01281955339369138,0.18996758747282536,0.7670983550835558,0.004202230443814099,0.0027324784882158406,0.023179795117897573
73,0.15794776101838864,0.788831946978073,0.0206285548490447,0.0007662394430496642,0.00044455113609939977,0.031380946575344536
74,0.13225761885254217,0.8167161621512365,0.04273966473000192,0.0008170649987000566,0.0007125482379571117,0.006756941029562222
75,1.160997095832654e-07,0.00043766566759162516,0.006097565393446295,0.28455857068680696,0.7052144908426049,0.0036915913098406507
76,0.9107280132736937,0.07813613511271837,0.007219481202790841,5.338881769902246e-05,3.756164364840119e-05,0.0038254199494500624
77,9.987713932022203e-08,0.00028601297362122584,0.007359246058827267,0.20858259900594572,0.7822655311086503,0.0015065109758162591
78,0.8520534769546574,0.12468125015884436,0.0009626497167085197,7.546677839494103e-05,5.2624018734174954e-05,0.02217453237266058
79,0.018011777468251305,0.8831955309853069,0.016621296935208932,0.0015374648223336034,0.002334605889449199,0.07829932389945003
80,0.8226693755281086,0.16766577117629525,0.0014758852118402388,5.150389396743929e-05,3.6224682550950415e-05,0.008101239507237509
81,0.8993839151506877,0.08552947516910431,0.013761030301535868,5.256615531169112e-05,3.598471622288482e-05,0.0012370285071373317
82,0.8706552354807879,0.10476422880757318,0.015212969722005787,7.899858286045324e-05,7.975636131496483e-05,0.009208811045457553
83,0.9265570414359324,0.03663288801496993,0.031064367775953235,0.00010137921144074101,7.323276228209103e-05,0.005571090799421612
84,0.0029992126322963782,0.0307467920965231,0.058554309061762136,0.005052973980631223,0.013511459846114052,0.8891352523826731
85,0.7971033616539404,0.17941721140490663,0.021634614864317607,0.0001178131090192446,7.44626410372866e-05,0.0016525363267788358
86,1.5715910755101518e-07,0.00012471306863220228,0.0074921902034070665,0.37528271466094626,0.6105461658476214,0.006554059060285439
87,0.002204397357325604,0.010270772130043175,0.1814028022881283,0.005525800987097769,0.015763700775708055,0.7848325264616971
88,0.24544321559147533,0.6980936151890138,0.006378044563452989,0.0007207644298375584,0.0003502407918101296,0.04901411943441021
89,1.3728361179247592e-07,0.0018591289872990368,0.022337413094209897,0.5399412839082869,0.4097987148019245,0.02606332192466779
90,0.5611188244425822,0.4131979353548261,0.012865411867874894,0.0002025132972406887,0.00015343949149607968,0.01246187554597989
91,9.381553034378841e-08,0.2558653117285378,0.008176567086679342,0.2045482454409807,0.4797090005301045,0.05170078139816728
92,9.261633178518412e-08,0.1179951639089572,0.03129155835684961,0.7497889356758286,0.07780674468217247,0.023117504759860418
93,1.2466981990228268e-07,0.26576307930427595,0.015035613165214633,0.6420738479491576,0.06742073294480846,0.009706601966723523
94,0.9250787252519447,0.04748118534137968,0.02446872121143873,8.125983377307863e-05,5.0901441242970173e-05,0.0028392069202209597
95,0.01564280563178768,0.4510474418497654,0.5225210075591571,0.0018486128131595804,0.0020454542637995876,0.006894677882330614
96,0.1564217975483098,0.8155211061519875,0.021268750295151382,0.0006826599731607569,0.0005353852370642272,0.005570300794326345
97,0.19161131356276867,0.7498030150509507,0.025374636905055016,0.0006604441824173159,0.0003945894094950608,0.03215600088931341
98,0.023180542739398124,0.05831622470238203,0.9089441531878768,0.00295421417488458,0.0019751940617802354,0.0046296711336783645
99,1.9933817098985095e-07,0.053727859021590274,0.02284890269240682,0.31717724366383826,0.5998369581352676,0.006408837148725986
100,1.271917179454713e-07,0.07105430642218316,0.03669868840177605,0.8358667945379304,0.050698724162153756,0.005681359284238732
101,0.0005359644077615964,0.009821557226177599,0.6020138248039969,0.06764107143501634,0.009465684794163837,0.3105218973328837
102,0.25445138740849366,0.7019000389289549,0.023509662434514234,0.0006402467175447976,0.00043535444817050065,0.019063310062321908
103,0.0005972114843876802,0.02409096604576674,0.14462974899034386,0.024887117846154234,0.011201889403333309,0.7945930662300142
104,0.0038398887058189277,0.19314591486713317,0.7785843436258345,0.007591470896663815,0.0036142530239187,0.013224128880630865
105,0.010716605505642232,0.08689259205533138,0.8821454017991951,0.008226155528125926,0.0013322459012597193,0.010686999210445632
106,0.0027310887489559337,0.16210425694327385,0.8119781438227504,0.014517142901080441,0.0022246472056711934,0.006444720378268394
107,0.008797551469152395,0.04778594196159769,0.8692595545184859,0.00785297966248327,0.004608236025763338,0.061695736362517406
108,0.772943751579221,0.20574869145271274,0.01744597355070465,8.524477241021337e-05,5.984245581591867e-05,0.003716496189135541
109,2.5092220474978496e-07,0.002616310006311495,0.034670794315158834,0.3855910619067969,0.5694685909167089,0.007652991932819173
110,0.0020364917936750333,0.03842611137209402,0.05346554956535046,0.0038649704896545757,0.01639307961424091,0.8858137971649851
111,0.005071244311456799,0.15331035500592866,0.7942724887622781,0.0162337362645176,0.0024475307430360353,0.02866464491278276
112,0.0003958036596356886,0.1182148353290042,0.18758932827355174,0.014746366659370213,0.014821363807020113,0.6642323022714182
113,1.135763410961329e-07,0.18947755029294275,0.04703146757969889,0.5102829090540745,0.22241853796908156,0.030789421527861266
114,0.0184316425086944,0.931606069238418,0.025714014301338663,0.0017175166577968267,0.0016408915778520342,0.0208898657159001
115,0.18342219655599504,0.7803862175596272,0.014974241915109128,0.0007274422900681052,0.0004656092909655066,0.020024292388235065
116,7.74775619045004e-08,0.0003572169524810107,0.01088692523611353,0.38342273798543275,0.5839091281608675,0.021423914187543396
117,0.017566727312508183,0.04004676753008231,0.9189615507337606,0.006845146145282854,0.001738038444921777,0.014841769833444166
118,0.4445574805898811,0.5325894238971473,0.007942730756718077,0.0003152733692793383,0.00021268148047344471,0.014382409906500625
119,2.549354692785178e-07,0.00024885949685794843,0.014061262479434317,0.0008630322636721854,0.9383578868269439,0.0464687039976224
120,0.002567586487521513,0.005295782784490494,0.9240981159513196,0.021222080790665385,0.003568329621587639,0.04324810436441532
121,1.1371629712294452e-07,0.0002925233102772232,0.005710106747558015,0.2409200224400261,0.7336239526758288,0.019453281110012505
122,2.705073906047905e-07,0.3198925245847885,0.008563462129264662,0.18704088282721956,0.441976793515027,0.04252606643630965
123,0.005202828466455463,0.05618095184263649,0.9033890875532388,0.012786220110794659,0.002528421984425281,0.019912490042449226
124,0.8451592174474505,0.10573558427705004,0.04771401739702194,0.0001291347746338977,8.728267280383441e-05,0.0011747634310398335
125,0.8771366996495675,0.10813115508834491,0.005151694563785535,7.231042846185519e-05,4.973296291474308e-05,0.009458407306925537
126,0.13225761885254217,0.8167161621512365,0.04273966473000192,0.0008170649987000566,0.0007125482379571117,0.006756941029562222
127,0.14483397739146714,0.7887141117108832,0.05342776740888505,0.0011014516558633099,0.0009150444233726657,0.011007647409528606
128,0.08172847378873284,0.8590192261709074,0.05099795621438157,0.001306347528234896,0.0009128350914892518,0.00603516120625398
129,0.056800533292408376,0.8828489810479152,0.02726521591592489,0.0011652389729403182,0.0008381130481220028,0.03108191772268921
130,1.1223001209055335e-07,0.0401891720131896,0.009973216206151153,0.44870102060204226,0.49903878324681883,0.0020976957017861697
131,0.07565260687457176,0.8974007027609305,0.010108440488738527,0.0006537522582461861,0.0004316016038918514,0.015752896013621107
132,1.388589113841188e-06,1.3022871292164167e-05,0.016550361055709117,0.020826036323126785,0.9287479966691673,0.03386119449159088
133,0.14318543561446895,0.8011788680753507,0.006912972854968841,0.0007655036511728503,0.00048510629104154705,0.04747211351299728
134,0.7239338596321159,0.26612502969311513,0.008693437127729275,8.584285610989712e-05,6.579592617468916e-05,0.001096034764754949
135,0.9166633211010808,0.07339840637329767,0.0058380605957896355,4.895844570065007e-05,3.407497173795874e-05,0.004017178512393447
136,0.7752609268779003,0.1868228242825852,0.022105645169909847,0.0002337529109977271,0.0002441809051777453,0.015332669853429107
137,0.0012727449410311438,0.061840631457972965,0.11351111018899884,0.006452815514435848,0.01578737829387096,0.8011353196036903
138,0.46669874028958674,0.5224161092978982,0.0004895481153542377,0.00013787327719177574,0.00011342230513834699,0.010144306714830697
139,1.5142750557985454e-07,1.7761921118795135e-05,0.014028226421936345,0.6519569045743903,0.3333679334256434,0.0006290222294055446
140,0.0019125558242306772,0.030815133979136843,0.14726027158484312,0.0054943254877669835,0.014914106544508872,0.7996036065795136
141,0.9038596338521465,0.08345131569839101,0.009067430554991651,6.0408315901492704e-05,4.16668878156061e-05,0.003519544690753438
142,0.7926325493417136,0.18879876114136637,0.012053864087917,0.00011474454055808058,7.405110727453532e-05,0.006326029781170546
143,0.7918778028492837,0.14026993357933884,0.06640895437531397,0.00014347147207695803,9.52183433775104e-05,0.001204619380609089
144,0.9220695476107438,0.06580916149158476,0.007046907121715808,5.7272392127604106e-05,5.267113141309262e-05,0.004964440252414872
145,1.6045674545514804e-07,0.0004747470291194005,0.005430148027353635,0.3037014610765936,0.6898817846374914,0.0005116987726964874
146,0.003944753241667622,0.021774620399210992,0.8254636550774324,0.01706946959562293,0.006947575904443384,0.12479992578162273
147,1.1960270710561425e-07,0.00021893760647746752,0.013907478946746458,0.896625876661284,0.08048039835443072,0.00876718882835417
148,0.0018107183429612495,0.017303689115229216,0.19869966480017862,0.008127185795357173,0.010965496310928384,0.7630932456353454
149,0.0033501056857894763,0.024528697567895212,0.11144380307555049,0.0052360106885649725,0.00944450480219638,0.8459968781800034
150,1.9343138138885487e-07,1.1086586701313866e-05,0.00194315836471554,0.0006962015750500842,0.9612414297499403,0.03610793029221144
151,0.8925922838597545,0.09156516672888253,0.010959466238235608,5.6342862921188224e-05,4.3783330011585486e-05,0.004782956980194619
152,1.7379713258292207e-07,0.0011344193663862586,0.00782991709116034,0.07806129048962913,0.892263276634021,0.020710922621670475
153,0.8979624890777295,0.0940617490393514,0.004904766411924401,3.617845869087424e-05,2.5521077993097158e-05,0.0030092959343107155
154,0.8558487998368639,0.10277266016662512,0.03858181376614115,8.092989003155594e-05,6.886467663376289e-05,0.002646931663704575
155,0.8743417792264215,0.11012901696412328,0.012586649889075017,4.271191805065867e-05,3.0371045454538385e-05,0.00286947095687496
156,0.004705348553144795,0.027372392956278305,0.9337645121520837,0.008073845998036098,0.01056917628031432,0.01551472406014268
157,0.000945989920154073,0.014216762678995342,0.15934711112489944,0.010374259918277768,0.0174912450016584,0.797624631356015
158,0.016631588539769357,0.41103419531355795,0.5551697383392745,0.002352679777930786,0.001869680230656893,0.012942117798810498
159,0.15211508128807913,0.8039410671847181,0.00852725074544011,0.0006007309335411941,0.0003955680767836562,0.03442030177143771
160,0.002778092843202777,0.010035772849087804,0.14633945543158414,0.008934876401829526,0.009111810867149269,0.8227999916071466
161,1.7953376728549725e-07,0.007887508450050838,0.008976582784661926,0.0038011093632307276,0.9761312484735347,0.003203371394754552
162,2.5056853215865025e-07,0.14622996750733303,0.01852129821389215,0.6610848562722507,0.13681194230400318,0.03735168513398891
163,1.1363937514770919e-07,9.795794289621625e-05,0.0062286672039089065,0.5712662049099984,0.4205373945417064,0.0018696617621150725
164,0.0009745579588077528,0.13314031654178435,0.05697518252167193,0.009221116653837656,0.01245485316566577,0.7872339731582326
165,0.8765252820057109,0.10481727252590631,0.017392633797586363,7.969144315788347e-05,5.5273037001588084e-05,0.0011298471906368945
166,0.4024575860784977,0.5259329997663819,0.004014841455846074,0.0004451332162044748,0.0008081606903356625,0.0663412787927342
167,0.007157137118968722,0.12692124241615754,0.833083292251409,0.007722748432361511,0.0026384647988124195,0.02247711498229075
168,0.017742290586365783,0.33806005402348194,0.6207830751075623,0.003295558212848871,0.0020499203339796527,0.018069101735761546
169,0.0022783031644105886,0.03617869003160792,0.7337139664448665,0.014331896618214867,0.0041627185645250475,0.209334425176375
170,0.905139593796385,0.07146922542310455,0.01844805216552334,0.0001343627776967182,9.11759448096318e-05,0.004717589892480815
171,1.8210605824173473e-07,2.948802682716711e-05,0.001610959391657033,0.005328576176283857,0.9726487830465462,0.020382011252627383
172,0.00026335948084831707,0.006462111651534863,0.1086728542506117,0.02225162342077702,0.04793507910674911,0.814414972089479
173,0.9096415256966647,0.05667086064249977,0.02732834040917122,0.0001256975281753611,9.817470957541015e-05,0.006135401013913619
174,0.04199160915822628,0.42107846197008797,0.5101472815796553,0.004023121233897151,0.0024246386488362233,0.020334887409296957
175,0.005436512636114461,0.11468038190038819,0.8116029356704283,0.010696234313304118,0.0020813633046814963,0.05550257217508355
176,0.0021058043524801546,0.10627460815450093,0.06830087840709183,0.0056396382045966935,0.010369907303882835,0.8073091635774476
177,0.0010232122883837235,0.04064904159890971,0.04784056960137594,0.004907383431199415,0.02333708841508208,0.8822427046650492
178,0.001752444463456363,0.16247149523312152,0.061982016575380466,0.0061236221116561925,0.007915180808984092,0.7597552408074013
179,0.0031348378928666223,0.04802436642253752,0.9043879241098592,0.012053192904364414,0.00442872006695464,0.027970958603417556
180,0.0034162303578597064,0.04484578955561823,0.04010556381456011,0.005441946766595589,0.00781144457724037,0.898379024928126
181,0.0007041871150356043,0.0400318161208874,0.0714792926183304,0.013097479749245616,0.015908812502186048,0.8587784118943148
182,2.0793557188103933e-07,6.756893980604679e-05,0.007853225376403027,0.17791877647816565,0.8018748750253968,0.012285346244656619
183,1.912392476648483e-07,0.004444362162385268,0.0046233860207907235,0.008732396195310388,0.9544206654199862,0.027778998962279755
184,0.011099936928671412,0.0823164206676643,0.8847318888298424,0.004489650116020054,0.002531633859944821,0.014830469597856947
185,0.0030442079057658397,0.037075584701709116,0.06988556654268735,0.006170512617060066,0.007823734964462219,0.8760003932683154
186,8.515028580675748e-08,0.026288714338974974,0.009272030725445241,0.6578612774179837,0.291705520502159,0.014872371865151312
187,0.047150938973268566,0.880412145810364,0.012228334156507755,0.0013716496163401707,0.000546646847572707,0.05829028459594675
188,0.0021413641556605606,0.046155850896472714,0.04916038498514908,0.0061967962741371905,0.010201723678314047,0.8861438800102663
189,1.31875593253773e-07,0.0004732966065413289,0.02747138149862005,0.9339478676289746,0.035197929002349915,0.002909393387920894
190,0.0018396405619402355,0.011807535989209993,0.835564482354934,0.05922293976893346,0.003367355976554321,0.08819804534842797
191,9.515814811285746e-08,0.0046415557731507425,0.008557435139847643,0.5597135055624551,0.42224392468796795,0.004843483678430258
192,1.1142229140594892e-07,0.00017440661219574448,0.014432819819492822,0.06597895439710996,0.9128037011666004,0.006610006582309628
193,0.8440167517299649,0.10253800916462415,0.05275959882331093,5.967307952917909e-05,3.626015082923165e-05,0.0005897070517414577
194,0.0117730778994576,0.030149710601774692,0.9393899672869502,0.007578515186765965,0.0016758377726440602,0.009432891252407491
195,2.67924564301604e-07,9.036293458315457e-05,0.010598166026082533,0.0036036112064998936,0.9737962723880773,0.01191131952019285
196,0.9364022194587434,0.03541138093189394,0.02414427419726788,8.156076991930123e-05,6.45448031322283e-05,0.0038960198390431263
197,0.9012614864333524,0.08091214589010655,0.013351458163294711,5.5024489931649585e-05,3.954397967802966e-05,0.00438034104363673
198,0.0018396405619402355,0.011807535989209993,0.835564482354934,0.05922293976893346,0.003367355976554321,0.08819804534842797
199,0.9197130383392236,0.055740998366270965,0.01728997255580595,7.306150529431443e-05,9.57995582812763e-05,0.007087129675123844
200,0.2371594727136446,0.7489727685121393,0.0008039119128540531,0.0004150441916181629,0.00025116240156709916,0.012397640268176803
201,0.911911565367214,0.07078460111896967,0.010233327638901363,7.852363391891727e-05,5.66020312761466e-05,0.0069353802097197725
202,0.00259472695718233,0.048400445712317795,0.06321381646236156,0.006738369155075313,0.010202912992637607,0.8688497287204254
203,0.8637740904698921,0.0967841625252553,0.03797570931136836,5.999642866900771e-05,4.1547497983976674e-05,0.0013644937668311847
204,0.9175304296607972,0.05498276702287051,0.023829340133178997,7.950025828993245e-05,6.0150076510428694e-05,0.003517812848353004
205,0.0020154405977065265,0.01917659604378001,0.09708018941556844,0.007384265273261977,0.0111291006664636,0.8632144080032195
206,0.0009390491479017609,0.013908226193547273,0.6789317547527248,0.01586893690057118,0.012321239022443293,0.2780307939828117
207,0.00312788129182998,0.18975892960436808,0.04018177491863071,0.004905445468607201,0.008160770189699072,0.753865198526865
208,0.003681548105292934,0.09069477875418606,0.8531000923129908,0.013133737025675064,0.0034766160969698346,0.035913227704885406
209,0.11267267944337502,0.8368268210495399,0.02564456716875652,0.0009105756270877792,0.000632126926633889,0.023313229784607054
210,0.004209414762730778,0.0337157630089272,0.9062011634276133,0.009512612414157344,0.003902735852583133,0.04245831053398813
211,0.48072331126919604,0.441683273716277,0.048321524151121814,0.0007170061957757673,0.0004737354142181419,0.028081149253411222
212,0.0007968828165826642,0.06117445932429938,0.08543871072889174,0.007565877685236716,0.01976098156870471,0.8252630878762848
213,0.835503818818241,0.15815943392070322,0.004263407664810605,4.46091523774566e-05,3.389171799523481e-05,0.001994838725872532
214,2.4947426538467084e-07,0.09877784685748833,0.0157984875745165,0.2663446092577451,0.6067091222809117,0.012369684555072931
215,0.37542548022485406,0.5812619886708429,0.020103091194589928,0.0005036946291449015,0.00029516085043043895,0.022410584430137704
216,0.001964844859567624,0.01255938169817263,0.05808338339206662,0.003627109153291371,0.022566148089006456,0.9011991328078953
217,0.08957784241422354,0.8692355788411021,0.008980691542777277,0.0007394502441276777,0.0004505768833083266,0.031015860074460926
218,0.0020676815507475114,0.017024428434139056,0.10183244666805062,0.006886683831572435,0.011297215717477896,0.8608915437980125
219,0.0010234211970180887,0.0011272165606436636,0.11641410484739244,0.002704788635176683,0.07158325469617302,0.8071472140635961
220,0.9013843407562917,0.05548311428865316,0.04060410336632352,0.00010158195200579465,6.621303564430313e-05,0.0023606466010815583
221,2.0214495975348043e-07,0.393912365628606,0.014593638304431049,0.36875526103053585,0.18395788928105253,0.038780643610414875
222,1.0679338320182468e-07,0.009489645513785179,0.02593857473714558,0.8875479699207315,0.054348259872308465,0.02267544316264605
223,0.017579681671809583,0.15169852934975225,0.8228390028473035,0.002923279584349945,0.0016354685052904084,0.003324038041494319
224,0.505431844534676,0.4620988066979872,0.012373341108347764,0.000357245229508253,0.00026726578998995435,0.019471496639490625
225,1.3654217759004218e-07,0.015821666833291715,0.02502969976919239,0.781569482573047,0.1746335023034675,0.0029455119788238306
226,0.003644443286378164,0.012086596965012271,0.15475745809116084,0.00557505013411871,0.009361245639922498,0.8145752058834076
227,1.0221790690411495e-07,8.947418997552434e-05,0.005149331196134013,0.0015505256046382141,0.9537906175789607,0.039419949212384585
228,0.05558925946555152,0.906808998714197,0.008824429368821633,0.0010202295247518233,0.0006247340561448164,0.02713234887053336
229,0.00048317876091245985,0.012239169664606859,0.18098460474679667,0.010976219523008795,0.031792917491776304,0.763523909812899
230,0.002170550765299558,0.051981430845024254,0.8626024290772929,0.01581065803760183,0.004715118336220481,0.06271981293856105
231,0.0011835401792382547,0.03927307038989429,0.10458169106367661,0.007124362790640996,0.015529881904310046,0.8323074536722398
232,0.776166072834375,0.20598448358453178,0.01411670917414743,7.665326910106062e-05,5.272187039115931e-05,0.0036033592674537137
233,1.5449426780552963e-07,0.022230105584206208,0.02970210914933737,0.8761898583105625,0.049309144954304523,0.022568627507321585
234,0.0011368894489412074,0.059362413553585215,0.7326946284424422,0.026713727294865586,0.005746944951229898,0.1743453963089359
235,0.17682071194176244,0.7776229310353016,0.03330950680526265,0.0006566375389185694,0.00038705520776136966,0.011203157470993453
236,9.467533716911161e-08,0.03943195056675996,0.02775438309486123,0.8777657472825392,0.01636802509080752,0.03867979928969495
237,0.9084276334807219,0.07602193577614817,0.012570553964133743,5.1396441903385426e-05,3.5028149346511866e-05,0.0028934521877464195
238,0.0014183462068887616,0.011813243746363687,0.26518179688773413,0.008988491161751792,0.011879249386502373,0.7007188726107593
239,0.0011108886421680906,0.15360767623246618,0.06444242563682862,0.01098135355051447,0.011662837397825632,0.758194818540197
240,0.9164983419019083,0.0683238802709422,0.007325285523176262,6.524565818710001e-05,5.347566134272477e-05,0.007733770984443249
241,0.921050733056482,0.06990118519595002,0.005859752364758791,4.760476602614445e-05,2.996670422129322e-05,0.003110757912561859
242,0.051311971718209594,0.9092580786150005,0.0036458829267986864,0.0012475162563418366,0.0008617055903993262,0.03367484489325008
243,0.024703856476652734,0.5813237916974195,0.39130053359242095,0.0015850716592022741,0.0007445289885764846,0.0003422175857279299
244,9.515814811285746e-08,0.0046415557731507425,0.008557435139847643,0.5597135055624551,0.42224392468796795,0.004843483678430258
245,1.1223001209055335e-07,0.0401891720131896,0.009973216206151153,0.44870102060204226,0.49903878324681883,0.0020976957017861697
246,9.978696040314489e-08,0.0009319805556042882,0.01283011965948251,0.6072433160822156,0.35694318694994703,0.022051296965790355
247,0.9071626660643288,0.07935980302083973,0.011195439370432408,4.554250813960988e-05,3.119495930883963e-05,0.00220535407695048
248,0.21608923845278274,0.7646415535142358,0.006645221638995389,0.000607248042926032,0.00037176850980960493,0.01164496984125049
249,1.822982717769728e-07,0.0010004722297590612,0.006284089328412743,0.0028876253685925298,0.9410225485983872,0.048805082176576656
250,1.1082328470590696e-07,6.645201540301748e-06,0.0027169087936301808,0.1278712372127308,0.8510207202601304,0.01838437770868355
251,0.006172006345986949,0.04998975097317205,0.8957787251436079,0.009610771131436288,0.0031901887246320293,0.035258557681164704
252,9.980519494969407e-08,0.010834414713274433,0.021403252548615883,0.5288605537308523,0.3811484281122507,0.057753251089811886
253,1.977030207738488e-07,0.0033557439179887887,0.017891518592524556,0.10154593456553859,0.8456698848646225,0.03153672035630488
254,2.2472491236396984e-07,0.20564070310939503,0.013349228705653754,0.21135240064456032,0.568102069404215,0.0015553734112632865
255,0.00229091093625047,0.09737176146486132,0.7567055169873776,0.017577545605891726,0.008458511659149041,0.11759575334646999
256,0.010954641345341121,0.04777827315053575,0.8702189138717777,0.006723816293263484,0.0019158035196725107,0.06240855181940951
257,0.8367925882548937,0.10777890847988317,0.05455987069435189,7.944454539436463e-05,6.0418218976630174e-05,0.0007287698065001447
258,0.20469439870803185,0.7567749861248256,0.004388941803304809,0.0005878487773035495,0.00039978937026536975,0.03315403521626887
259,0.9043181274138019,0.07626633558703926,0.010638373528569839,7.996732797970492e-05,6.876195239208847e-05,0.00862843419021726
260,1.0002397327947144e-07,0.024049903180710763,0.01845915172712036,0.3011874053317696,0.6188796276539908,0.03742381208243518
261,0.008189969483323421,0.9347530563449454,0.03669537998031968,0.0028707570188868637,0.0035529434300262236,0.013937893742498215
262,0.00125267300998484,0.02118598212969985,0.07803770440576886,0.00677401487567524,0.01948262216593823,0.8732670034129331
263,0.9202964327933179,0.06527243855467096,0.010553477983817283,5.835264257503016e-05,4.9673734324668425e-05,0.00376962429129417
264,0.002357147315677851,0.06896916610368256,0.055468083163861474,0.007089008120373666,0.009394657561121655,0.8567219377352828
265,9.043010736283424e-08,0.0003040199275309199,0.03513171477155122,0.9293140291797857,0.029325844479862837,0.005924301211161823
266,0.009369608996359474,0.4051520808402746,0.5804038310228719,0.0019624621166442775,0.0012855638434666845,0.0018264531803830581
267,0.008469384144799433,0.014914628008949847,0.0947435620819068,0.0039769332125418,0.0075004002064694205,0.8703950923453326
268,0.08065892341668532,0.8583264094502944,0.014292513359053958,0.0016096329903173194,0.0008919854247812843,0.044220535358867746
269,1.869701690147948e-07,0.0005406751986598054,0.0026853758333899706,0.6348748555873518,0.3613271807831278,0.000571725627301487
270,0.0007531115884832611,0.01016611025390093,0.1461663853493158,0.01249275437244496,0.019673746820246574,0.8107478916156083
271,1.386670635958376e-07,0.01875508270933371,0.035284876830391075,0.8911365697453156,0.03675233380981029,0.01807099823808566
272,0.002284199415200024,0.027404075390139532,0.8921395273061938,0.014175418408372645,0.006694550692718101,0.05730222878737588
273,1.7269575972399945e-07,1.236361256513965e-07,0.002663257311507193,0.024662957559372676,0.9380276641309122,0.03464582466632256
274,2.1524807332868764e-07,0.00028730442336509374,0.01564457547673763,0.7529127719130063,0.2286555802026867,0.002499552736131007
275,1.1819853839886284e-07,1.1253834047842283e-05,0.00400085740969078,0.4936733353175759,0.5010350711766194,0.0012793640635276632
276,2.7297785824887e-05,0.011641844696213792,0.0746589857965234,0.8299591729739096,0.007844798440364738,0.07586790030716352
277,0.8921602027395535,0.087009621745924,0.018859415881165763,6.180213574839431e-05,4.0689785233746674e-05,0.0018682677123747474
278,1.3150599047282788e-07,0.0006147607630819455,0.004027108981546466,0.007119763075813701,0.9693749468306189,0.018863288842948446
279,1.585478918116798e-07,0.04586098069361728,0.022264611726338274,0.6915803281103376,0.18907140121722354,0.051222519704591414
280,1.394041975578416e-07,0.09171435749647541,0.010415229807923594,0.23816951769207287,0.47829618853999867,0.18140456705933192
281,1.1229887969864051e-07,0.027166786564562704,0.009141501079384468,0.5116040575610586,0.41760666092768906,0.034480881568425444
282,1.0797758127729138e-07,0.05304414897072929,0.029932594474893107,0.7433326930998878,0.15749365977373325,0.016196795703175344
283,0.0066491190692007625,0.05061853417751938,0.8845501345547292,0.012602029037468017,0.0015219987303674997,0.044058184430715124
284,0.3297014863772144,0.6275310473578749,0.0035199164841868357,0.000380099166052652,0.00029352901785060056,0.03857392159682047
285,0.07758886057443072,0.885741969577632,0.017874200384489947,0.0009460066220152196,0.000644185977265843,0.017204776864166316
286,9.631748095066453e-08,0.017805206901006964,0.042164654782513716,0.8302631388839876,0.09330536161104681,0.016461541503964013
287,0.003528162505866949,0.029978041475939077,0.9000538454785062,0.012869509742940074,0.004285000570858932,0.04928544022588867
288,9.769059033629944e-08,0.28764484066193585,0.02779661109108008,0.5324650915925083,0.1449299653762895,0.007163393587595896
289,0.3696706298646429,0.607061381358474,0.01242132223186593,0.0002447272841737586,0.00018362963208901867,0.010418309628754539
290,0.017172688896025204,0.1628119972378678,0.8144071195552065,0.0033326570388987546,0.0011539219193622276,0.0011216153526394225
291,0.10545686293870626,0.8513854431270622,0.026979397330245885,0.0006248406089797375,0.0006599608752486796,0.014893495119757252
292,0.13336091819826398,0.8137169927474907,0.022467845967891035,0.0007295581938908171,0.0005049779779157078,0.029219706914547713
293,0.00742408420565985,0.050959584093858784,0.8866684814225072,0.008155035826150079,0.0025260839372726056,0.044266730514551586
294,2.014078259769199e-07,0.00019975837038116906,0.003197690318476971,0.35496002921176456,0.6383191880779874,0.0033231326135639643
295,0.9129305451363425,0.06573254724295197,0.017874054430077425,5.908169986770363e-05,4.3570810709757435e-05,0.00336020068005069
296,0.0025364653186029994,0.03926638237489153,0.6819737418750417,0.012567487692931823,0.011112479424653706,0.2525434433138782
297,0.008836101835453873,0.2911516493572469,0.6555554677930754,0.005565225751003056,0.002681883732771328,0.03620967153044952
298,1.2202962843748052e-07,0.02847165152157974,0.02487959286162959,0.8513067171600189,0.06820746469310664,0.027134451734036707
299,8.532634654807789e-08,0.0017198182050331932,0.01641797364511823,0.19640771573208932,0.7190403847052633,0.0664140223861494
300,0.04436316349889581,0.8834811653181274,0.008076570339949378,0.0010300998032471572,0.0006225441480206893,0.0624264568917596
301,0.09705351329733172,0.8448340861868215,0.036622760649913655,0.0009153519551674641,0.0005475377664588445,0.020026750144306674
302,0.0005933481958188729,0.018351524255676387,0.08004094356140681,0.014532185046362688,0.019493447902305037,0.8669885510384301
303,0.0005563835714572985,0.025296495033670707,0.10279307383432894,0.024364744255662377,0.01517644355616495,0.8318128597487157
304,0.11435795034945347,0.7708501897322244,0.1053466152119429,0.0021176325439148506,0.0011962697082804072,0.006131342454183981
305,0.0011627240407659659,0.04483586231167031,0.10503379231128683,0.007613841832143394,0.015719892555153558,0.8256338869489801
306,0.7942856246457434,0.19519077035013868,0.0075729104287826764,7.41626806257848e-05,4.2868824976987416e-05,0.002833663069732358
307,0.2740439503123316,0.6989138674740393,0.020084272043072667,0.0004128306126896051,0.0003136024466869368,0.006231477111179954
308,0.40750339608330566,0.5778877778870708,0.00882362753156823,0.00028952676245507035,0.0003491213012105715,0.0051465504343896585
309,0.325003328776764,0.5961275346411984,0.07181776562865023,0.00047914313272285773,0.00032137846491050824,0.006250849355754051
310,0.27917365914931974,0.6936209757723156,0.013815575686340295,0.0003964253401042299,0.00025260539708376776,0.012740758654836232
311,8.970680005416156e-08,0.15111343753232206,0.021540452720992736,0.7427806382386987,0.06515276171525025,0.019412620085936225
312,0.9508135918089153,0.03571644855659594,0.007591467457160622,7.249793226902913e-05,6.529474788333975e-05,0.005740699497175663
