,proba_0,proba_1,proba_2,proba_3,proba_4,proba_5
0,0.1795081830312948,0.33748184535525483,0.14872641333124592,0.05184802023533005,0.03749195371564831,0.2449435843312256
1,0.10586806440402821,0.20735372622064435,0.18542709013473585,0.060806962506742425,0.04307404830680056,0.39747010842704883
2,0.07754279104657961,0.13373686932598383,0.492883241018356,0.07628181492721048,0.051430667022969896,0.16812461665889955
3,0.03239904187586417,0.04445459122688222,0.08285801865853443,0.2827697907073313,0.45251913519107195,0.1049994223403158
4,0.08172625671324586,0.14510301349428908,0.47487936889112764,0.0735281989300026,0.04984941104398283,0.17491375092735176
5,0.056791717703051914,0.09596423032619962,0.17651582476735156,0.0911393209731752,0.060304596076073726,0.519284310154148
6,0.04142885445507904,0.05900902871894873,0.105069057868361,0.32428329952683793,0.32843043159524904,0.14177932783552422
7,0.060455238089554705,0.09748033373471286,0.5317770101916812,0.08480207037103832,0.05554065390531383,0.1699446937076993
8,0.059522853238888805,0.09926802016479325,0.19404793137564577,0.08589164873496481,0.056873820452580305,0.5043957260331269
9,0.03811799494077647,0.05347937450522778,0.0893292832131087,0.25168992974822135,0.44019030619475347,0.12719311139791256
10,0.7316377204714624,0.09969949610112101,0.04962373700283054,0.03257597256287642,0.02445687178601765,0.0620062020756924
11,0.07758607606264961,0.13409744043543403,0.49895042407651385,0.0728890549887137,0.04963174993624438,0.16684525450044482
12,0.08402225855933022,0.6416719471280354,0.08522544774816491,0.05050966181497744,0.03724593806924463,0.10132474668024738
13,0.06826339500469113,0.11483072683451856,0.5013425303084184,0.08765945213848965,0.05736355954062266,0.1705403361732598
14,0.21114797656905582,0.5601118568147987,0.06483567411349173,0.04417362870217246,0.032458523795294424,0.08727234000518691
15,0.03556926075591617,0.04894071202392405,0.10071955524638372,0.42983521178425904,0.26781006062076823,0.11712519956874873
16,0.06981862178724975,0.11793170833657717,0.5165485322093586,0.07787890561825436,0.05239507065900952,0.16542716138954974
17,0.036560790494158335,0.051518260248010685,0.09587014309683235,0.28124685402856425,0.41060933941066935,0.12419461272176469
18,0.2708451402741742,0.5406373982748237,0.055544785285340396,0.03683631296029438,0.027750158616460678,0.06838620458890673
19,0.734341946847324,0.10209000988425529,0.049450884205223776,0.031087368898712952,0.023499624888766384,0.05953016527571736
20,0.7410321992553515,0.10151140339989256,0.04565542060700934,0.030806602749219047,0.02330964287673278,0.05768473111179508
21,0.11063245078787215,0.2138301188109569,0.12997722791652003,0.06489403338346283,0.04523765153448282,0.4354285175667053
22,0.25010897820066524,0.555492569730372,0.05938056749014511,0.036641322915613395,0.02763409639636473,0.0707424652668397
23,0.036783834200491076,0.05104748039096542,0.1008197813126287,0.22349804998802905,0.435425817708044,0.15242503639984145
24,0.7538306976515199,0.09683207609486741,0.042725123612749195,0.029815140548534978,0.022602736466100552,0.05419422562622802
25,0.0374207599570645,0.05220593843507749,0.0939601352687598,0.2608364753110526,0.43222412035459623,0.12335257067344911
26,0.6942414458387511,0.144102991879617,0.04936656363943573,0.030571781467087056,0.023102951406878795,0.058614265768230325
27,0.03480664897842918,0.048101291681824115,0.09009636922690019,0.4212016152442831,0.29588139001470876,0.10991268485385437
28,0.1284932797141548,0.2655987852831131,0.14376850114933398,0.05932128264463027,0.04229411686465355,0.360524034344114
29,0.038221992030836954,0.05375673021625364,0.09528137160638461,0.22078260919073683,0.46507500437429194,0.12688229258149608
30,0.08906316837281429,0.16868176801151893,0.1707169305538864,0.07160002369719952,0.04890661941780351,0.45103148994677705
31,0.09596930930672172,0.18107496742975718,0.14842641707514495,0.06725621705372059,0.04644653619694215,0.4608265529377131
32,0.03772817400854496,0.05222112640417553,0.10678903747368305,0.45074524862386717,0.23311509321894128,0.11940132027078798
33,0.03365405315761846,0.046083278236672964,0.08752436141786037,0.19447536905406207,0.5220285921007555,0.1162343460330308
34,0.2968024747289485,0.4665607063893551,0.0685991873728536,0.04420178964211303,0.03185106838746853,0.09198477347926143
35,0.061081721742766826,0.10001057245201074,0.4828142099498771,0.09405163985094768,0.06056986114098875,0.20147199486340897
36,0.08713371279414268,0.156048871021215,0.2073683065775633,0.06385463375069944,0.044762390204160264,0.44083208565221965
37,0.08169232416967441,0.6465572665431372,0.07728111486499781,0.05188311120195399,0.03835342421003747,0.10423275901019896
38,0.035845968396560825,0.04929975776731293,0.1053334976396378,0.38391470724796756,0.30515436536667745,0.12045170358184347
39,0.07947765012269112,0.14103635652180835,0.19541838673393996,0.0709817238609945,0.04834543036759699,0.4647404523929694
40,0.14795179344429807,0.6221854791982094,0.07296742399335658,0.041550793017420824,0.031097450720878737,0.08424705962583662
41,0.12058074209505142,0.23908682194944622,0.1380759766328803,0.06294166218261503,0.044405442175920115,0.3949093549640869
42,0.03293752892631473,0.04513475191976408,0.08602914842065701,0.47967205806258406,0.24290406959600735,0.11332244307467294
43,0.06086935765743836,0.09957482770791952,0.49511628183552714,0.09405088249493425,0.06069860066875449,0.18969004963542616
44,0.06819225011796344,0.11763531347478015,0.1750297852220029,0.07497931782502788,0.0507760830793519,0.5133872502808737
45,0.7451969468405923,0.0914871680305058,0.045822260791348164,0.032254775946939616,0.024247052050596987,0.06099179634001725
46,0.036439283603830044,0.05065674902594879,0.08881298905807086,0.2707588183827441,0.4326316380558681,0.12070052187353784
47,0.03384128385814886,0.04622219478503568,0.08708344345308994,0.46931837095223183,0.2501002173153184,0.11343448963617549
48,0.536917360059294,0.2670930414427556,0.055683151291642925,0.03717822740307719,0.027611426651971083,0.07551679315125907
49,0.03706751825218177,0.05152758312392263,0.0999112055055743,0.42700116320866616,0.26621708275544026,0.11827544715421476
50,0.09054950701801713,0.6310347623165081,0.09089601654215315,0.04953875626412477,0.036684901611368725,0.10129605624782807
51,0.5624941721439737,0.26182023861089926,0.04870641051637425,0.03404938734932389,0.025310530478267788,0.06761926090116092
52,0.08559337479744848,0.15066794366576022,0.45232220249277266,0.07196925840167495,0.049144034460271026,0.19030318618207295
53,0.06375735039789732,0.10564639052777641,0.48573075418907957,0.08916839833923,0.05798355226193466,0.1977135542840818
54,0.12108187469725996,0.2402825534872461,0.1431309662513276,0.06206436246696444,0.04379290932315462,0.3896473337740477
55,0.11817277546251012,0.23727750843928058,0.16492703130205466,0.06179674832959544,0.04372523567489557,0.3741007007916638
56,0.036804265635535474,0.051100755782400066,0.09490030523137852,0.23940774302930823,0.4557517451831207,0.12203518513825676
57,0.09234442203953326,0.16948449563788526,0.41249655663832624,0.06640605249454927,0.04622284216704556,0.2130456310226601
58,0.07150011793471399,0.12083492323853062,0.47806036055232987,0.08569366093478836,0.0560701770290895,0.18784076031054714
59,0.06077894705371299,0.09617460325324545,0.521688821863435,0.09026568766128584,0.05790365467436504,0.17318828549395554
60,0.03470042147166504,0.04814216690134353,0.08662148119777512,0.20355410628774773,0.5186937550187842,0.10828806912268447
61,0.03760089749011946,0.05276752794500862,0.0989519077697136,0.4190784716995691,0.27083807751272876,0.12076311758286037
62,0.22610846380030275,0.5695106617201152,0.0634669434593591,0.038076363803913986,0.02875077716059369,0.07408679005571513
63,0.37393395437829385,0.4343291437143876,0.05541460668383296,0.03689594273639817,0.02732188439122073,0.07210446809586653
64,0.04065996084657054,0.057139023053791246,0.11821752942124025,0.42545723455418233,0.22556033565911518,0.13296591646510034
65,0.034406103463383485,0.047192714227307565,0.09527855051805388,0.41393889869933004,0.2957218923979284,0.11346184069399635
66,0.08594697771551273,0.6538701491939611,0.07584798499908259,0.04969339626660372,0.03670823840398661,0.09793325342085346
67,0.03550474582184883,0.04962879818097269,0.09683187417097852,0.3118837391312743,0.39309812253288207,0.1130527201620433
68,0.03686110220055724,0.05122432056727198,0.10799374841843283,0.29551998922148803,0.3773953221626243,0.13100551742962555
69,0.24092782454127143,0.5314924398745643,0.06380029567966855,0.043627550031362025,0.031881388502301135,0.08827050137083255
70,0.19045032692281755,0.34415199414548864,0.11679453097861076,0.05208712276456832,0.037710947110926665,0.2588050780775878
71,0.03432609285564639,0.04724156632338103,0.09462591705632976,0.4392155365400453,0.2671342831473764,0.11745660407722103
72,0.07884216495101086,0.13588907052852028,0.4948882766117917,0.07187202690289238,0.049055341678163916,0.16945311932762044
73,0.10979765838362818,0.6149716631436355,0.09192369518313685,0.04627522543416924,0.03430399794590034,0.10272775990953023
74,0.14411619102693515,0.589768999730278,0.0852049585669663,0.047518612864815214,0.03470324161985611,0.09868799619114924
75,0.03322622859348139,0.04567012030101827,0.07964889186878757,0.20928156732035122,0.5266364465567434,0.10553674535961832
76,0.7366207243402138,0.10831772373675538,0.04406249577994894,0.030528814685932264,0.023195587711984468,0.0572746537451652
77,0.03636525319993676,0.05081079293308541,0.08837660157295377,0.19121149555796887,0.5194153581199783,0.11382049861607701
78,0.596163242856364,0.22186828380087897,0.052693058084768735,0.034731234776973874,0.025996414968314275,0.06854776551269999
79,0.12850059953438445,0.5635564687123106,0.08940820901189099,0.05642230685835074,0.0406226900682814,0.12148972581478183
80,0.6223506700658636,0.20759466912651847,0.04872623317567616,0.033069022843310404,0.024937201854693242,0.06332220293393781
81,0.752512888963636,0.08364953759434984,0.04972638725340277,0.03087002382721458,0.0233689147882604,0.05987224757313677
82,0.5969676401860503,0.22690131296096583,0.0507550817425034,0.0337969851272064,0.025195010301974557,0.06638396968129985
83,0.6979944962442638,0.1346216133277432,0.045822087892844886,0.033448238588725296,0.024974336459094505,0.06313922748732868
84,0.08808344519021997,0.15908467267248064,0.16495350066579328,0.06866702363624393,0.0472240244515775,0.4719873333836851
85,0.7309927999122977,0.09856531741889299,0.05072728421269403,0.03271051361183995,0.02455219800744308,0.062451886836832
86,0.03997406549499518,0.057121805620294036,0.10395396234150317,0.27495404330822226,0.39344892392558284,0.13054719930940248
87,0.11261406600826517,0.2252921542960956,0.14661390731614357,0.06407133442371951,0.04493528802530252,0.4064732499304734
88,0.1395214355216159,0.6360306300007978,0.06461950877198154,0.04350515491007166,0.03242035777407181,0.08390291302146106
89,0.038204514753497835,0.054128561970567236,0.09962890965770027,0.378975600698633,0.3064922709106041,0.12257014200899741
90,0.5467885511386997,0.28681350217765034,0.048634488261342604,0.0325598256901543,0.024377731436846278,0.060825901295306684
91,0.0460426393910838,0.06592801195257125,0.14474279622555494,0.38170283298639474,0.1874255566338191,0.17415816281057625
92,0.04110466537553381,0.05746968732258533,0.11704968347300368,0.4377947269223978,0.20794848494623244,0.1386327519602469
93,0.03509984176003425,0.04826451810475027,0.09711593211138413,0.32294720257738985,0.37606142042142054,0.1205110850250211
94,0.7465919147234882,0.0953395226334583,0.04513916710773457,0.031224717626428315,0.02356348934742986,0.05814118856146115
95,0.07538318918798163,0.129075968768698,0.48787100555712226,0.07824468817106034,0.05249219277542064,0.17693295553971713
96,0.2198354732481685,0.5345900807546015,0.07454834613930186,0.04521367117812761,0.032890833924908616,0.092921594754892
97,0.11796991059938013,0.6668434683410942,0.06688680831290529,0.040194956611244746,0.03043421790079874,0.07767063823457679
98,0.09083530681876746,0.16688747048017655,0.4300267604089011,0.07179909187712598,0.04915489953367517,0.19129647088135357
99,0.03573886688687727,0.04940944695185412,0.08655982382416867,0.20083741412830855,0.5057542944539285,0.12170015375486255
100,0.04028512943226811,0.05592538212360954,0.12349347701351067,0.4366822121924073,0.20982174383442398,0.13379205540378034
101,0.08801197843589308,0.1606778790232519,0.3973267334208234,0.0722875698026259,0.04910959245440238,0.2325862468630035
102,0.16892828741320653,0.6072453778064276,0.06546195489850723,0.04296847586557369,0.03208748132987884,0.08330842268640551
103,0.17582036167239273,0.3440362596516143,0.1501445359850153,0.054681873516035956,0.03922721017025596,0.23608975900468585
104,0.0716902702821915,0.12089314804961508,0.4933135079448797,0.07746891339029902,0.05215957672866717,0.18447458360434696
105,0.0647354653911596,0.10645100887311071,0.5240229434379722,0.08075287766328254,0.05373650963863872,0.17030119499583615
106,0.0648978228103526,0.10774046065683883,0.4943582076349378,0.09137416104394219,0.059323855557151264,0.18230549229677742
107,0.07539581954093647,0.128753543795611,0.48303610800219,0.07683760570814223,0.05154542641997706,0.1844314965331434
108,0.6066376769747898,0.21954356722583834,0.05337564456638901,0.032121518886165566,0.024124977038308036,0.06419661530850895
109,0.042897339349590426,0.06195554970824037,0.09379575426834197,0.38139384880669136,0.26941383870800106,0.15054366915913428
110,0.05644835624920825,0.09610692865903778,0.14584049329025295,0.09511010659500191,0.062303491117569616,0.5441906240889298
111,0.05996010552515336,0.0935536795243518,0.4472327408507362,0.10947881768687576,0.06699092133698689,0.2227837350758961
112,0.12779824855876099,0.24827696281735773,0.17669448696630308,0.05849549806335527,0.04180381041124762,0.3469309931829752
113,0.039120325129794326,0.054333435905170105,0.11368219759182759,0.4622343048490116,0.20109634678036517,0.12953338974383133
114,0.14216842239553013,0.5305035612324113,0.09485502206942412,0.05910109825915667,0.04181150927898098,0.13156038676449697
115,0.1806952085838506,0.5973571241717892,0.06585005095148604,0.042440230831601686,0.0313962451510346,0.08226114031023793
116,0.03722763054936325,0.05189806525980293,0.08694918902486781,0.4517743440691126,0.24304208774245875,0.1291086833543951
117,0.06852311828808894,0.11604559749211076,0.48627694209515243,0.08439070943784978,0.05585643006606919,0.18890720262072916
118,0.29125050585010936,0.5138126779111781,0.05800415097027115,0.03701359792156091,0.0276316195270407,0.0722874478198394
119,0.03348313163540472,0.0461835324076046,0.07573042741827196,0.12896849882201683,0.6053355314961095,0.11029887822059246
120,0.05505311977222861,0.08475284858308836,0.36558368377541595,0.16527657109516508,0.0880208172642259,0.2413129595098762
121,0.03818195766190685,0.05363061349939502,0.10171365216039968,0.28102015764867816,0.3986311745500839,0.12682244447953653
122,0.037083486436770986,0.05127025911292153,0.10388603171832118,0.2559999896881875,0.419829610817355,0.13193062222644367
123,0.067938042283603,0.11422328229215567,0.5243296609871358,0.07553511363587523,0.05087001803151463,0.16710388276971522
124,0.7032026420791521,0.12638532588712875,0.048805358718589514,0.033432311024995574,0.025003290259552734,0.06317107203058168
125,0.7083863678242285,0.1238601302034127,0.04637400307249225,0.03316197069272228,0.024870281165813506,0.06334724704133093
126,0.14411619102693515,0.589768999730278,0.0852049585669663,0.047518612864815214,0.03470324161985611,0.09868799619114924
127,0.2507620227732527,0.4979337271983566,0.074221922622682,0.046054256892501214,0.03328121917205914,0.09774685134114802
128,0.18411907164392588,0.54888965353192,0.08065257621545915,0.0488703393107156,0.0352311334416817,0.10223722585629777
129,0.10359821839075364,0.6720693279731733,0.06301333911803453,0.044413766478089554,0.03335168935959021,0.08355365868035876
130,0.03472041273459596,0.0479275459606146,0.09250286376120154,0.3061129810402581,0.40855315777056445,0.11018303873276539
131,0.11180975570877397,0.6435756913076337,0.07289074076283092,0.04619386940538362,0.03439667740358925,0.09113326541178833
132,0.04207719352222046,0.0596789441830451,0.13528757095075214,0.4117044992432717,0.2008681827207434,0.15038360937996686
133,0.0974456638026285,0.6695453294447151,0.06606272671658865,0.04584365364313403,0.034256042662885615,0.08684658373004776
134,0.5578458932819491,0.2544293958343903,0.059673099466010134,0.032884825334919564,0.02476716090897544,0.07039962517375467
135,0.7434086100758244,0.08936221104496782,0.04836275690590179,0.03221873533056152,0.024260178690317845,0.062387507952426646
136,0.4364104033105424,0.37042608592865367,0.054126182965403495,0.03689323880939335,0.02721458052564499,0.07492950846036213
137,0.07381291072072564,0.12928920097392108,0.1558128893612026,0.07207049586815374,0.049524442837356256,0.5194900602386403
138,0.3804542953591641,0.38312849956714606,0.07226621911636047,0.043020326018475205,0.031135893925972016,0.08999476601288212
139,0.03871448129867697,0.05516019456668686,0.10659289877086268,0.4159518827497405,0.25278258231814615,0.13079796029588656
140,0.10869081304203768,0.2092369372873987,0.15614066247148237,0.06351816294254395,0.04457923919799215,0.41783418505854497
141,0.744698286094435,0.09936390089079292,0.04429200757130186,0.030994591248110305,0.023420178413078422,0.05723103578228172
142,0.5808580620112866,0.2261563355085902,0.06031497520464064,0.03406482185723235,0.025393800296364243,0.07321200512188579
143,0.6728301520780976,0.1632484862541346,0.04738143315421268,0.03184573168228293,0.024018357804445188,0.06067583902682666
144,0.6834512096435671,0.1443181696624474,0.04883457085230684,0.0332670776703654,0.024962158555473964,0.0651668136158395
145,0.03387501380856702,0.04708082147715119,0.08064685149013544,0.23375429936930647,0.5003250199600962,0.10431799389474342
146,0.06187227748722689,0.10078890585215115,0.5019118806639661,0.09462584632599765,0.06036866625809038,0.18043242341256763
147,0.03610717476536602,0.050076712017185866,0.09110869198888391,0.4483805934483125,0.25751555416883515,0.11681127361141617
148,0.09833895183781526,0.1914145488538256,0.17667646849538743,0.06795465321749043,0.04691939290118212,0.41869598469429886
149,0.10338119612937874,0.20619500634225466,0.1779197230721517,0.06476352043075671,0.04513473209290452,0.40260582193255345
150,0.03189091674292602,0.043948773388991884,0.08544400767237818,0.22018873026848496,0.5100348929602257,0.1084926789669934
151,0.7386180495548401,0.0991460389600799,0.046941655737007676,0.03137335327914562,0.023661459382670346,0.06025944308625647
152,0.03603226822113084,0.050627946783810794,0.0887812052116614,0.19071520925251642,0.5192508316562967,0.11459253887458379
153,0.7083667162876165,0.1286635682270343,0.048633886454390485,0.030874678558678363,0.023400733980489113,0.060060416491791266
154,0.72817659001977,0.10835424797000577,0.04847021706720987,0.031447269711314556,0.023659540174365484,0.05989213505733459
155,0.7158634084188666,0.11692745701757568,0.05064430022698314,0.03171585376772793,0.02389337968654839,0.06095560088229841
156,0.07304454833669433,0.12414303360184571,0.4791612094846329,0.08563923754294811,0.05576729752946508,0.1822446735044143
157,0.13037509367510944,0.25896891441980807,0.14841403676117756,0.059526324668672824,0.04232305509005342,0.36039257538517905
158,0.07316398493343407,0.12261943636004,0.5048170311307826,0.07840991128885476,0.05278734406240161,0.16820229222448724
159,0.10455358084323473,0.664543531249384,0.07033128110729944,0.04386673742839841,0.03303471180554122,0.08367015756614235
160,0.1338837840837508,0.28209545718997714,0.15651503885646512,0.06195894826416373,0.04377973552047107,0.3217670360851722
161,0.03133056633068473,0.04316052689408148,0.07546116083098345,0.11102765122220493,0.636790949233472,0.10222914548857397
162,0.03453968098911462,0.047365900558984854,0.0976869256504002,0.32712103522107727,0.3734251815680415,0.11986127601238183
163,0.03682943893792596,0.05159424485356082,0.08546429865604711,0.24152149271772202,0.4681982507790493,0.116392274055695
164,0.0925422106412692,0.1678980558667753,0.15314088855715505,0.06422321375679371,0.045165185092479423,0.4770304460855269
165,0.7144499945011071,0.11533329559489096,0.050477888127823584,0.03272950069046096,0.024511182853258907,0.06249813823245858
166,0.13130500221880098,0.606173194921752,0.07098752694297346,0.05097083187396911,0.03728518350284781,0.10327826053965644
167,0.06364045231690468,0.10426244791348112,0.4480254052602733,0.10694979663802026,0.06646890642970651,0.21065299144161434
168,0.06923776304175674,0.1156024897617468,0.5179045946572596,0.07892086430186587,0.05289287449465657,0.16544141374271437
169,0.07259648619249083,0.12140325472570691,0.4923856636701569,0.08195443945973738,0.05415380252285021,0.17750635342905804
170,0.7377779254615366,0.09687708478335853,0.04580231031105103,0.03293913229587974,0.024666354845168492,0.06193719230300568
171,0.03277965304956084,0.045150788940010164,0.0765444673242385,0.17755786923791822,0.5621572282547435,0.10580999319352881
172,0.12203481654112765,0.25975987814437956,0.13407969100305273,0.06210924857150735,0.04413456004501928,0.3778818056949134
173,0.7004430898606759,0.13219029967502152,0.046679067470564335,0.033124176238490274,0.024806584153345548,0.06275678260190257
174,0.09474007038466971,0.16996979645966995,0.4201597271904981,0.0712186190760503,0.048934563641418585,0.1949772232476934
175,0.08085319772739266,0.14009373450087445,0.4596210739065293,0.07317611645940271,0.04990823108493895,0.19634764632086177
176,0.0708633661076636,0.12050740131397286,0.18978286587396512,0.073544384239973,0.0499643585303202,0.4953376239341053
177,0.06993648274723732,0.12518601363191928,0.15235353618472428,0.08176602775228496,0.05483953486076543,0.5159184048230685
178,0.07577975269591875,0.13128975141953464,0.20093484342750279,0.0694011709979438,0.047857085702851056,0.4747373957562488
179,0.06273062910982193,0.10311564679435335,0.5372515577705053,0.07942860504302902,0.05287510079720448,0.16459846048508575
180,0.1021978275852035,0.19850900386352283,0.18477772522937785,0.062265905812762465,0.043893670445480794,0.40835586706365246
181,0.12637157522329667,0.25455015713593954,0.1557409039047584,0.05950100940534831,0.04235529831948142,0.36148105601117597
182,0.038121741353084534,0.053189488160237046,0.11014590350885707,0.3260766868308935,0.33937244673378875,0.13309373341313904
183,0.02856758197393256,0.038994889502897326,0.06325855323324042,0.11123476267213765,0.6686580520106502,0.08928616060714213
184,0.1023527477278571,0.19858132510032106,0.3807039707806063,0.06954496677488513,0.04811807359421611,0.2006989160221146
185,0.07203041263139003,0.12314225505414987,0.22078268679604718,0.07355386707278024,0.0497513228985783,0.4607394555470541
186,0.03235117042913345,0.044547754260719705,0.07862741276100163,0.4807468275745612,0.25317181442771935,0.11055502054686452
187,0.08742119203931159,0.6135755551447244,0.0969123572604496,0.05247888332217233,0.038500463213947546,0.11111154901939449
188,0.09590228612738227,0.18196373614279826,0.17202902636595796,0.06395250592557758,0.044847449678510995,0.44130499575977294
189,0.03463676791098517,0.0478504296378889,0.09355880300633665,0.3973338235610964,0.3149194214719455,0.11170075441174734
190,0.061081721742766826,0.10001057245201074,0.4828142099498771,0.09405163985094768,0.06056986114098875,0.20147199486340897
191,0.036439283603830044,0.05065674902594879,0.08881298905807086,0.2707588183827441,0.4326316380558681,0.12070052187353784
192,0.03537248454019651,0.04907457081086829,0.08018276716368414,0.18161955352022516,0.5378655784574973,0.1158850455075281
193,0.6800547626832978,0.14589783477836635,0.056205569864276946,0.03168221745341301,0.02388666474444379,0.06227295047620174
194,0.0881649480536629,0.1589028093055725,0.44698950443748553,0.06894040179644996,0.0474386795328981,0.18956365687393079
195,0.0339396212123008,0.04682029837885639,0.08081700206813362,0.13400957595659344,0.5944373434100908,0.10997615897402487
196,0.664606553201414,0.16168444739188392,0.04772691802989425,0.03380238271874548,0.0252121887744965,0.06696750988356612
197,0.7290649371462281,0.111798876702416,0.04704560868979804,0.030853302771812842,0.02331100075730312,0.057926273932441846
198,0.061081721742766826,0.10001057245201074,0.4828142099498771,0.09405163985094768,0.06056986114098875,0.20147199486340897
199,0.6347370186266046,0.19100201687451757,0.04939517262092472,0.03307711086221962,0.024798355095346482,0.06699032592038721
200,0.17669378445232659,0.5348361474830962,0.08123534062424363,0.05375159302517032,0.03862021119336789,0.11486292322179568
201,0.6927718795410147,0.14691552673411995,0.044421930295771656,0.032055453305643494,0.02408190579034235,0.059753304333107826
202,0.14272220089794208,0.27592241835007275,0.13807198371295248,0.058193030652310025,0.041612996117783976,0.3434773702689384
203,0.6974413364342786,0.12690601044015196,0.056496389921036054,0.0319453993754079,0.024044746382676674,0.06316611744644865
204,0.7238946565882142,0.1125715918176344,0.046320877912122194,0.03224842994413485,0.02420756217555969,0.060756881562334594
205,0.11950909496311193,0.23755867502677808,0.15964765854670845,0.06111774549779329,0.043231437517108944,0.3789353884484995
206,0.06208879676606859,0.10180117775301818,0.5140402334489638,0.07991323928765276,0.05288840880000144,0.18926814394429503
207,0.10511134056454621,0.20214041847738334,0.16874668316168331,0.06325027816054951,0.04468382035217554,0.41606745928366207
208,0.05760538127562625,0.09186768404951542,0.5137608425729416,0.09700500505469367,0.061477293927859264,0.17828379311936354
209,0.16091192744590074,0.6308713244482952,0.057315057450301805,0.0417819879159285,0.03129778042601716,0.07782192231355681
210,0.08601977927419416,0.15709100478155863,0.4581304789218157,0.0654950586832339,0.04538899965985102,0.18787467867934673
211,0.3366841525996782,0.4306886910838823,0.06541231731095444,0.04365972579582052,0.03155198986641573,0.09200312334324905
212,0.06050135457641728,0.10225934801466487,0.16975533433689366,0.0840634148781612,0.0563165709776354,0.527103977216227
213,0.6904846313099448,0.13689221923438488,0.0514635884523843,0.03260181347080428,0.02459689554428922,0.06396085198819296
214,0.03430853918687279,0.047710634310794094,0.08498339774795753,0.21586536142198326,0.5050229945948793,0.11210907273751301
215,0.21349433770430773,0.5815586313161504,0.06310490023741458,0.038139115440276816,0.028705341591653208,0.0749976737101971
216,0.07371246617969718,0.13235288338310214,0.15329553810374294,0.07791258113727874,0.05238839122378872,0.51033813997239
217,0.10319443698571172,0.6530654446953166,0.07596712353911546,0.045856185257644344,0.03429918979639141,0.08761761972582016
218,0.10369356537147317,0.19689427450837796,0.17371936138697763,0.06456882582777078,0.04495769129667867,0.4161662816087219
219,0.07539842273066354,0.13808907981028368,0.12422898729797677,0.08370142988635312,0.05554418965985506,0.5230378906148674
220,0.738498628476675,0.09815808454981377,0.04689456056548337,0.032236581760393325,0.02420215942897246,0.06000998521866208
221,0.03989412584849812,0.05604075676286305,0.11661206428777528,0.24645853174617285,0.37502856877930335,0.1659659525753873
222,0.03485851619819534,0.047971595119741695,0.09267829519377564,0.4349543837028884,0.28111337853324925,0.10842383125215019
223,0.07174031103165684,0.12141815528300062,0.5168599511531222,0.07541896221891267,0.05104470010358614,0.16351792020972142
224,0.4518116584064579,0.3694534120854623,0.05002922879698177,0.035364223843868545,0.026243704951274906,0.0670977719159549
225,0.040904432926322454,0.057788476146003506,0.11548827702403468,0.3470875875350045,0.2847126359854982,0.15401859038313656
226,0.10769900138249029,0.2114185808945001,0.17431245966325576,0.06503048822450237,0.045325472322049205,0.3962139975132019
227,0.03397700989112076,0.046799774622487175,0.10177483325351724,0.24732959730222132,0.44970911959826304,0.12040966533239028
228,0.10700749836642924,0.641298982143,0.0713002684962974,0.04927613862634364,0.03628422109338695,0.09483289127454317
229,0.14075197059876168,0.3225004627401485,0.11704315019996035,0.05881642051207615,0.04210811833656688,0.31877987761248666
230,0.05815409747544484,0.09398690409182524,0.5141496841980603,0.09241635612388831,0.059455967242195526,0.18183699086858537
231,0.08454133025775357,0.1545426137597206,0.16718340239917334,0.07163666777916912,0.04886365630379532,0.4732323295003881
232,0.6303025207549859,0.20811430121377844,0.05133573188484836,0.030035089497326823,0.0228815825787966,0.05733077407026324
233,0.04241235080467311,0.06049198855731501,0.12625116319345603,0.4297357765560417,0.2022624676902992,0.13884625319821556
234,0.05260050906925494,0.07926075790281083,0.46758184037984335,0.127991228726214,0.073799642968501,0.19876602095337573
235,0.19135933996289686,0.6116699806671042,0.058973379267986265,0.037917742044278564,0.02867537745492428,0.07140418060280986
236,0.036819006775568534,0.05087662000010651,0.10077727360889235,0.4506921565594889,0.24323592465937374,0.11759901839657014
237,0.7636017665662307,0.08596908038048147,0.043511617492499224,0.02982394554998743,0.022606824857012348,0.05448676515378831
238,0.10794634808132977,0.21521985897758095,0.1837940340329225,0.06454363104273565,0.0451299534652438,0.3833661744001875
239,0.10686479951809837,0.2031288767808503,0.17102588660406312,0.0631341095814504,0.04454520841631469,0.4113011190992233
240,0.6484125859598686,0.17640453892590396,0.04890141009586014,0.03393262333638159,0.025389706178006757,0.06695913550397903
241,0.7543980559238878,0.08423265946001349,0.04714721516376602,0.0311729577807748,0.02361254332890185,0.059436568342655934
242,0.1871074737254908,0.5033550920879719,0.0919517959506446,0.054971663215522014,0.03910446777635196,0.12350950724401878
243,0.07938103725705221,0.13401208877259574,0.4828431286205382,0.07509709080198167,0.051070902350983154,0.17759575219684895
244,0.036439283603830044,0.05065674902594879,0.08881298905807086,0.2707588183827441,0.4326316380558681,0.12070052187353784
245,0.03472041273459596,0.0479275459606146,0.09250286376120154,0.3061129810402581,0.40855315777056445,0.11018303873276539
246,0.032306310809065555,0.04453692885930076,0.07637593671447462,0.3634709239506879,0.3808299637462184,0.10247993592025252
247,0.7246735075470667,0.11622816978297086,0.04790142335527546,0.030451909916195216,0.023049949086036633,0.05769504031245511
248,0.17844833899849413,0.5981367327150466,0.06405822234308339,0.043838827923766,0.032366928266295655,0.08315094975331423
249,0.0441686894776371,0.06258035080186898,0.1306742970221706,0.37748573043614,0.22360287803503823,0.1614880542271454
250,0.037210258819141834,0.05209333651006223,0.09974568165166185,0.2696546274132268,0.4201800881571294,0.12111600744877782
251,0.06872341438345612,0.11523318533190043,0.5162501625907043,0.07568167288932594,0.050852948957874206,0.1732586158467385
252,0.04613750720659073,0.06841127308893259,0.12231955348379372,0.36625778752440574,0.23570462034825926,0.16116925834801818
253,0.03846891453797032,0.05371299077504742,0.10871341141978128,0.3352973462614829,0.3294030039516806,0.13440433305403723
254,0.034040809098494745,0.04722617388246681,0.08369622576270885,0.1974672642918977,0.5248213784129548,0.11274814855147729
255,0.07448189578793077,0.12701550306818704,0.4971257250300516,0.07491284137450194,0.05064022975891678,0.17582380498041197
256,0.05719438529702943,0.09132615370825958,0.4586057949431109,0.1142905148453264,0.06945020672405075,0.20913294448222308
257,0.6675378514574988,0.15034236084063884,0.056903037817725724,0.033383659056740955,0.024906112498737042,0.06692697832865889
258,0.13774555333103228,0.630854296371287,0.06464994515562911,0.04602373942747348,0.034042588030974145,0.08668387768360386
259,0.6768454494593719,0.16047736909246815,0.04526431816028522,0.032218137649258446,0.02428564228102734,0.060909083357589114
260,0.034714852116256474,0.04787558134478303,0.08848224804252311,0.41280856093148827,0.3048708754262785,0.11124788213867033
261,0.12870213031168343,0.4774787335185376,0.11596228302495273,0.07094172649247683,0.04867746597896098,0.15823766067338815
262,0.08024672888158672,0.1450758829822986,0.1636104787717918,0.07175098003509332,0.0491730432588079,0.49014288607042145
263,0.7041146341208548,0.1328403155015182,0.0461110605406272,0.03177474957458855,0.023971832623514332,0.061187407638897094
264,0.10688488061183016,0.2090670223700146,0.16082410790554147,0.06154725039825211,0.04358999208563866,0.41808674662872297
265,0.040084527323348475,0.05656285641497222,0.1052687548537659,0.4004622269474987,0.2578605650102013,0.1397610694502131
266,0.06736764840110354,0.11079409672746461,0.5063981754560257,0.08353978068212425,0.055401330541965416,0.17649896819131644
267,0.061548720641133765,0.10323065701807257,0.21742960000122166,0.094666593839289,0.06019932173598764,0.4629251067642957
268,0.10223230082492865,0.6199145004311157,0.07770313400058239,0.052610464039118364,0.038580966932036526,0.10895863377221846
269,0.038303856758341186,0.05397854092327476,0.09770993669778374,0.2561263051228286,0.42589565674668856,0.12798570375108329
270,0.12313949493791723,0.26176956138044266,0.1579640405781603,0.06423033684260605,0.044982351827003816,0.34791421443387005
271,0.039641391470834515,0.05536237069792169,0.11991051737164672,0.43504163457435974,0.22669494770742543,0.12334913817781169
272,0.06888298602953698,0.11480200940428215,0.5148572814815382,0.07560926309948227,0.050681590393327175,0.17516686959183353
273,0.038819813486395405,0.054637839262962444,0.10770981574039941,0.21372550683538658,0.4551261475729187,0.1299808771019373
274,0.038221992030836954,0.05375673021625364,0.09528137160638461,0.22078260919073683,0.46507500437429194,0.12688229258149608
275,0.035903518909297556,0.05004524905770005,0.092692054897158,0.22956943806539382,0.47823646726962316,0.11355327180082717
276,0.051744953192546364,0.0770653550736798,0.12140054565992524,0.30606768432214126,0.18261325429001257,0.26110820746169516
277,0.7119562375729744,0.12738038356198844,0.048684302396116,0.030495162860898435,0.023175420482407734,0.058308493125615236
278,0.03308467238732282,0.045510506198182456,0.08476139180777467,0.1656305582613539,0.5662055361554599,0.10480733518990634
279,0.0340880147069118,0.047014489219237794,0.08948954865958497,0.37492811321588093,0.34653021992841304,0.10794961426997171
280,0.03434632616445853,0.04738589596402404,0.08906017142990737,0.264325838518544,0.4587373324871342,0.10614443543593166
281,0.030151563318761967,0.04099247433122649,0.07733038006033018,0.39124484427059725,0.35923465123751575,0.10104608678156841
282,0.03613055572233486,0.05008994788816306,0.09361611282112788,0.3710507110199003,0.33379015650454447,0.11532251604392936
283,0.06235083869837532,0.09961725559682344,0.4757856001147411,0.10069815755042139,0.06340344910403731,0.19814469893560124
284,0.19572039046475695,0.5772538513331942,0.06057480043085154,0.04533669773526462,0.03332634068660141,0.08778791934933096
285,0.1569769200977042,0.5893712707154379,0.07868708323314466,0.046553619575108084,0.03408004177794256,0.09433106460066241
286,0.03822964993413263,0.053595221296986344,0.09521445370348616,0.4146657432317158,0.27413752809143727,0.1241574037422417
287,0.07198313765985638,0.12140087087804402,0.5076923411512606,0.07429037464986041,0.05012532289980631,0.1745079527611721
288,0.04499344181354573,0.06532969990256116,0.1246188647365887,0.4187251461628895,0.19615124161858627,0.15018160576582837
289,0.3982378642949002,0.42505171033963607,0.050947698752322274,0.03468655083026995,0.0259636642589113,0.06511251152396073
290,0.06920520457100725,0.11593012743408224,0.498712912148711,0.08443713637169198,0.05587541648342126,0.17583920299108646
291,0.21785207057310443,0.5512374322331389,0.0678383496993926,0.04312817286092112,0.031776424849604606,0.08816754978383844
292,0.1359799166353315,0.6551233057774284,0.060447023544136634,0.040936151828463434,0.030864656990741757,0.0766489452238982
293,0.08757124706599709,0.15890637004244948,0.45248739275442384,0.06725474033527838,0.04659042310280669,0.18718982669904408
294,0.03555114722068018,0.049285692037477076,0.08924966786292238,0.1869625344289053,0.5229467567483977,0.11600420170161717
295,0.7540740873935071,0.087802091983851,0.04596093975695596,0.03088723069288073,0.02329956891100559,0.05797608126179967
296,0.08878929684526655,0.1612331827062669,0.43407243198447093,0.073569503984706,0.049835068835426176,0.19250051564386286
297,0.07535277571435076,0.1276354238288701,0.5009451277312584,0.0786953572849493,0.05263836069931771,0.1647329547412535
298,0.03903376786160518,0.05417950507848436,0.10965380187533,0.4489974437874696,0.22414695596695175,0.12398852543015898
299,0.03457478513649909,0.047830868104768595,0.0905975634315504,0.25908037182877913,0.46029426182906036,0.10762214966934211
300,0.07386089847003292,0.6725929504100114,0.07822978254799832,0.04736947980753908,0.03556830882393733,0.09237857994048097
301,0.13201621508877528,0.6543476066685633,0.06295818196042811,0.04108880170072576,0.030975268400858357,0.07861392618064908
302,0.14371549918432241,0.28566726565497996,0.1534700212262547,0.057798036479131336,0.041201573723844864,0.3181476037314665
303,0.16495586618217747,0.3312080367477259,0.1537877722921396,0.05488076754861273,0.03940319683813378,0.25576436039121053
304,0.22342839110959384,0.5017680661162948,0.08134925253142097,0.05036072031326028,0.03595278863208367,0.10714078129734593
305,0.08263525471430067,0.14858912180852596,0.1690729399378973,0.06791085440422288,0.04705162060219487,0.48474020853285804
306,0.6277323919781812,0.19716818843198422,0.053569610104841285,0.03248462211308347,0.02440887056615956,0.06463631680575069
307,0.34126183185390313,0.45341550491795635,0.06164737769597089,0.03832139700432589,0.028260777545997633,0.07709311098184629
308,0.30287238391037025,0.43943363797574814,0.08053070886727251,0.04356665556963168,0.03172030798790896,0.10187630568906827
309,0.39663941370802847,0.41214195633737605,0.061206222699552656,0.03509694715114775,0.02630797535883774,0.06860748474505769
310,0.1844519979952383,0.6120801076064755,0.061182319136676135,0.03873403788137565,0.029087362637888595,0.07446417474234561
311,0.035473007124304866,0.04809322407728717,0.10362543963326759,0.5061124917064839,0.18131225786279942,0.12538357959585722
312,0.6663039122009642,0.15814998694923416,0.04667794529556158,0.03490954622366286,0.025986414769507745,0.06797219456106937
313,0.11622271910629632,0.3896097542240409,0.15669310176806386,0.08010282157447748,0.05451196033970966,0.20285964298741152
314,0.06407978380728806,0.10622253990912878,0.4477036200678418,0.10674368337805203,0.06694865600875273,0.2083017168289363
315,0.03845935284839379,0.0541148746582127,0.09990783018227531,0.21063933083635075,0.4733749034233267,0.12350370805144062
316,0.10970009514962113,0.22176098644974107,0.1679079696643466,0.06333270044147338,0.04442453063357968,0.39287371766123813
317,0.7508232422508825,0.09050691720790631,0.044606701039933604,0.0315274477524096,0.023780008981419187,0.05875568276744926
318,0.09079456520089486,0.17362258206742756,0.16218000564670065,0.06929632429948293,0.047889272516416816,0.4562172502690774
319,0.11379810767819235,0.23507578722274963,0.1521616119942623,0.06373830215503672,0.04486064141030067,0.3903655495394583
320,0.060590003324876816,0.1024964945946564,0.18307628218437688,0.0868047436662446,0.05719597605423782,0.5098365001756074
321,0.6889252608020162,0.15256812947002008,0.045898569914028325,0.030786141217783818,0.02331303564485952,0.05850886295129189
322,0.7495622050547757,0.09134642083096593,0.04712656242239334,0.030575387029825898,0.02322019976668406,0.058169224895355
323,0.11444267007088485,0.6434091319440257,0.073306202740268,0.045687585550274856,0.033836188020674667,0.08931822167387199
324,0.06404632271339626,0.11121664899007384,0.14098014464037975,0.082943033885872,0.055895041632594636,0.5449188081376837
