,proba_0,proba_1,proba_2,proba_3,proba_4,proba_5
0,0.0002530363959656756,0.05868040916511496,0.08382857732277083,0.03697808043540997,0.023484797009881386,0.7967750996708571
1,0.0012076921053709208,0.014997791549164105,0.08634570352362395,0.013025967201635251,0.015192183828469001,0.8692306617917368
2,0.06943798333980719,0.06886613456317701,0.8125231271604237,0.004794647943831776,0.004203316800627171,0.04017479019213297
3,2.0798094221422518e-07,0.0010930560695200612,0.006509453146763896,0.5141506036178738,0.4656524268585799,0.012594252326320159
4,0.024465319560162267,0.001190086608005935,0.9348153699202889,0.007023213595791224,0.0013046660541338275,0.03120134426161786
5,0.0048594014769587895,0.012654241319674707,0.024210359320009145,0.003745324430245949,0.011326673154472548,0.9432040002986388
6,2.524570145304752e-07,0.0013244669420653416,0.010622086450455658,0.8353199921211673,0.14597283685881363,0.006760365170483562
7,0.005778631113881859,0.003951933060470319,0.8658461125827335,0.011567814966800007,0.0027862366205012473,0.11006927165561323
8,0.009472302467340463,0.01906965866755627,0.04333049658105738,0.003237893429714718,0.007872026150429787,0.9170176227039014
9,2.2220007590101523e-07,3.325106560847044e-05,0.004169513280132373,0.05523807979406633,0.9304972093522563,0.010061724307860622
10,0.8727537429551661,0.11622154913529287,0.01056599295872799,9.308210738336408e-05,3.25658379515983e-05,0.00033306700547833446
11,0.03295216348784579,0.00873179861195646,0.9441605375975268,0.005579491903919841,0.001346696446865492,0.007229311951885606
12,0.06411797764337178,0.8720906021926523,0.02300222654997992,0.0016127470541269868,0.0007376566816985163,0.03843878987817046
13,0.11847088627213971,0.03549275924616496,0.7987940384812908,0.020123769501024288,0.0036430662398380547,0.023475480259542183
14,0.09749087300204155,0.8943336897832567,0.00275812821139827,0.0005928726768106558,0.0002779679749992131,0.00454646835149357
15,2.769139327218896e-07,0.03361115170348094,0.03661696473595142,0.7384361905999686,0.1561220523842157,0.0352133636624507
16,0.036234523533957806,0.00909956846406365,0.9305339161188264,0.006885806596401424,0.0020750137717991503,0.015171171514951528
17,1.7749811031188788e-07,6.644788460113037e-05,0.0308222444384356,0.9584028126256445,0.009686970260958213,0.0010213472922501925
18,0.29192354059708026,0.697158233750066,0.00757449779392765,0.000458697323021783,0.00019307419115387325,0.0026919563447503473
19,0.9127351534318883,0.08201315970716584,0.0047767209139462155,4.443435334373601e-05,1.6662060032278435e-05,0.00041386953362362026
20,0.903414854055035,0.08623357912049745,0.009851636726566956,8.649685379362302e-05,3.4308388350357546e-05,0.00037912485575702573
21,0.00030244124825166784,0.006521129655749014,0.06271442115969768,0.0086718496999147,0.04933333276868634,0.8724568254677006
22,0.42339378510098696,0.551916615766855,0.015779980315314312,0.0005448782442280722,0.00022305020708521638,0.008141690365530474
23,1.7640427397059656e-06,0.33658257048049633,0.009908954513057289,0.5298134793282144,0.05485790172226915,0.06883532991322296
24,0.8842396336791223,0.09593472733760453,0.019139542422577087,6.953524184283375e-05,2.5014906727232463e-05,0.000591546412126186
25,1.9052993240684275e-07,1.0018198160928802e-05,0.007235704190716751,0.13621930540259183,0.8500131788308802,0.006521602847717854
26,0.8556831664020884,0.12011245388402733,0.023482341109275117,7.01959659809418e-05,2.795415211059977e-05,0.0006238884865174608
27,1.712653319791393e-07,0.00048739842729632115,0.015414548778890284,0.7465905644313122,0.2309844480150911,0.006522869082078159
28,0.000440263053956394,0.04461840152766362,0.07686117609609035,0.019165252549678147,0.020756897644591158,0.8381580091280202
29,3.093423208307692e-07,0.00033633532013337846,0.011379777249428253,0.7779299519161619,0.20635308356425877,0.004000542607696891
30,0.0069849580563101235,0.005898365994014069,0.12207176525234786,0.004745007557909462,0.01593278526847346,0.844367117870945
31,0.001250755165523632,0.004830985932401296,0.03074906803269937,0.005253888535995281,0.02451299370492068,0.9334023086284597
32,2.08106360414855e-07,0.018088322810712154,0.020288224113517286,0.9456190469806788,0.010236607851740942,0.005767590136990377
33,3.137125151445787e-07,0.0003265054035397644,0.006158317728005939,0.002133334868755599,0.9604952001450665,0.03088632814211715
34,0.2509095426687414,0.7093285207086778,0.025332184371800306,0.0009650067831736324,0.0005629118025850091,0.012901833665021848
35,0.0022717598889489465,0.002713092498201097,0.7451633007710168,0.035421642994171165,0.0020996684185076997,0.2123305354291543
36,0.0023250188718485407,0.05873007295566357,0.06137246700275909,0.007127928872501847,0.006562225875946339,0.8638822864212806
37,0.04151617724166065,0.9341850207659489,0.006479701582117697,0.001802556784474899,0.0007521857099526517,0.015264357915845243
38,3.9762074707180615e-07,0.0792300164360778,0.020644590544066654,0.4992447632397743,0.333219737039608,0.06766049511972619
39,0.0018687517792126455,0.003103485140503539,0.04501855087425146,0.0061539162006907745,0.01283679904984841,0.9310184969554932
40,0.2892044376800948,0.6779211657530677,0.021650176178536325,0.0006234069821432378,0.00020631682574035682,0.01039449658041744
41,0.0006933383180402367,0.04219047123667453,0.1136191809625283,0.013606796851740897,0.03387874772369919,0.7960114649073169
42,3.265156096146904e-07,0.009892215838485825,0.018330581169598598,0.9548658904121603,0.006737166416716252,0.010173819647429166
43,0.009345797227931154,3.0343620104543866e-05,0.8688304488993293,0.02704498392209507,0.0005833416009405956,0.09416508472959949
44,0.00040968038986740767,0.005562047822005216,0.037002808194889235,0.009663369326044512,0.030027390367364192,0.9173347038998294
45,0.8914375991502808,0.09506238681405241,0.012475030619014784,0.00010732411252238508,3.680568254265748e-05,0.0008808536215870681
46,1.656176950939119e-07,0.0053318295819148745,0.009394905854996907,0.5804212864398594,0.39172187373764056,0.013129938767893019
47,1.9440989822833158e-07,0.013439452426304782,0.013939316816881191,0.45963038503185794,0.5007802523487669,0.012210398966291053
48,0.9155813845848251,0.07408213671050226,0.0019500129774610152,0.00015245025106434823,5.960243429202526e-05,0.008174413041855264
49,2.120766214634343e-07,0.007656033554734602,0.016850684159807672,0.8478460096940736,0.11433680259097098,0.013310257923791759
50,0.06929111057038173,0.8832407793031466,0.02612893683438337,0.0011708179846043924,0.000526683040858724,0.019641672266624947
51,0.7847476460753192,0.20115935743683386,0.012176125984554944,0.00014411156676783795,9.37943078564665e-05,0.0016789646286678515
52,0.019569214292985575,0.014833507138846617,0.9442002821959825,0.006540020917198263,0.001314789998957434,0.013542185456029514
53,0.011995673410108886,0.004788144643688372,0.8547448731682168,0.00631534585781013,0.005252640638897581,0.11690332228127834
54,0.00561850578552879,0.012301388037435154,0.0889327219986065,0.004383621031307873,0.011306771163789864,0.8774569919833318
55,0.002715932432620026,0.04672653592599858,0.054929858129234205,0.006927342842404384,0.0097400037830224,0.8789603268867204
56,1.9741281297028397e-07,0.00038675493364478134,0.003950333606238338,0.12328730345680733,0.8614880297010079,0.01088738088948874
57,0.001541473262431207,0.005701799286084426,0.6745807233937462,0.011324773615668644,0.006342405479486092,0.30050882496258347
58,0.019222052675831765,0.020538674892756344,0.8870516409831871,0.008371234861821227,0.0034529234762487935,0.0613634731101547
59,0.008177144497222363,0.007827850769438791,0.8924518969757592,0.014868311268937402,0.0015801426325165705,0.07509465385612561
60,2.4952374507622376e-07,0.006520191508621267,0.007645509043127276,0.7823249695243495,0.19235316928524177,0.011155911114915047
61,2.3591045482311883e-07,0.016893548371916253,0.014220449193935851,0.47501498988427254,0.4560081316979644,0.037862644941455983
62,0.27531039127478374,0.704989150453049,0.016420225573115284,0.000602743988158342,0.00022819927478829875,0.0024492894361055366
63,0.3388959782484055,0.6469433919358093,0.010357582017791996,0.0003983214939845141,0.00018654034962158782,0.0032181859543869715
64,1.950328346564938e-07,0.041621664052801814,0.02463584543419235,0.7908756277413648,0.12442559130275099,0.018441076436055418
65,3.773517822983229e-07,0.1516985924528716,0.01647257634273762,0.2350839040982415,0.48803746495235184,0.10870708480201505
66,0.0532363767809639,0.9071436974739917,0.01692918262950155,0.0010293959370047203,0.0005513053801449693,0.02111004179839319
67,1.8004908974574433e-07,5.4547250537658366e-05,0.006741457853330388,0.3717403277032291,0.6168779904142958,0.004585496729517312
68,3.510697626821965e-07,1.2270857241021212e-06,0.020368037497700574,0.0015604198078636013,0.9658227857627668,0.012247178776182165
69,0.1303737558195291,0.7690560191686152,0.0844781967869062,0.0011801089794686841,0.0007649899503618257,0.014146929295118918
70,0.00029473509976765986,0.03390993420580353,0.044776173414525125,0.03281698056250045,0.032783474290093206,0.8554187024273099
71,3.0686243511336803e-07,0.016988504114643307,0.05773540682664206,0.6603124732834295,0.2465515879289047,0.01841172098394522
72,0.07877379930406972,0.05629778063890041,0.7905313681512706,0.009518428408939615,0.005156733120314854,0.0597218903765049
73,0.18724734694631612,0.7662533310877607,0.02994269935416068,0.0007596061546489059,0.00033030004234389803,0.015466716414769557
74,0.14915297773643343,0.821948709329149,0.016910626420555835,0.0008121334772791543,0.00047104231835318525,0.010704510718229341
75,2.2945296306471526e-07,0.0008064795434283339,0.006678299852731425,0.27620719579218195,0.7007788192938823,0.015528976064813075
76,0.9110200239634835,0.08257725398005342,0.005776470866304272,6.180719090086747e-05,2.2386892101477422e-05,0.0005420571071564336
77,1.6329770638929873e-07,0.0004145018583854766,0.006131109860263383,0.20748299787886196,0.7745939146500452,0.011377312454737548
78,0.9062050512131162,0.08774081606099911,0.0010647438363823407,0.00010525884713813223,3.60658562146107e-05,0.004848064186149455
79,0.021451637493752042,0.9287104771489701,0.009480844152966876,0.00217656371611987,0.002174576527544203,0.03600590096064691
80,0.9142288659323453,0.08214247207904374,0.0013777880566608154,6.74672891099679e-05,2.5119397609315215e-05,0.002158287245231006
81,0.88042250166815,0.11324561100726388,0.005966923518272712,6.014835982822881e-05,2.1392309954470904e-05,0.0002834231365306596
82,0.8648389956556687,0.11084313901886654,0.022238555269500478,8.81346736495684e-05,5.4199082894387244e-05,0.0019369762994203986
83,0.9268378678640138,0.049530146063239695,0.022460107723133005,0.00011804935467016797,4.5567841652970164e-05,0.001008261153290352
84,0.0046330309979767245,0.015532622978978134,0.07581358662585876,0.004999999351275216,0.01483535039530547,0.8841854096506058
85,0.8451848032663724,0.14644467485867046,0.007898139418484915,0.00014264941711542543,4.6925218910207434e-05,0.0002828078204466203
86,3.0362727895331303e-07,0.0002496546400687739,0.007010876204982804,0.41496474971997876,0.5704617801429056,0.007312635664785182
87,0.003991937978483559,0.024085310520024064,0.1664695571672685,0.006198647304963915,0.017133137889788222,0.7821214091394717
88,0.20246689525671138,0.7707570723042068,0.008936165138372129,0.0008660928693581811,0.00030151950532674956,0.016672254926024727
89,2.1734230323849576e-07,0.002500011349128431,0.015471540621235976,0.5255563540697962,0.43812471588394036,0.01834716073359596
90,0.6382665122807463,0.33017602866964424,0.027948109271221593,0.0002591576983263562,0.00011302846527578488,0.003237163614785711
91,1.8549446075863472e-07,0.2906311729538556,0.007678528821175505,0.19284675378879998,0.4437654589778784,0.06507789996382986
92,1.5543200427979812e-07,0.1349809970936578,0.02322382239781482,0.7402374352761996,0.07998294132570391,0.021574648474619453
93,1.9052693369226101e-07,0.23462238483648573,0.014254941934576123,0.6530107689452784,0.06685983524858845,0.03125187850813741
94,0.9180112138912626,0.06516293116961304,0.01628724939524669,9.770780543821172e-05,3.05487883557519e-05,0.00041034895008363513
95,0.11048894567810454,0.21999804247893326,0.6526116675017544,0.0031724606718853163,0.0026660352686687285,0.011062848400653602
96,0.1642804334885267,0.8248461767352723,0.004268714644262069,0.0006542833030239495,0.00032273131588993523,0.005627660513024918
97,0.1877895574292452,0.7753777893133735,0.028826510699268657,0.0007454027433009271,0.00030412439417644904,0.0069566154206352334
98,0.04642492093032205,0.018347464919662004,0.9073872587710402,0.003637061593903476,0.0018586969221330415,0.022344596862939152
99,3.245437367986105e-07,0.046605577229407225,0.015059220601604055,0.30714297238117083,0.5601822146902491,0.07100969055383197
100,2.2152309609009328e-07,0.06859348404711657,0.02398789330214615,0.8400709830531444,0.04905336207632878,0.018294055998167955
101,0.0005607857180302411,0.0005935673019284829,0.5198656976499505,0.04886649003816903,0.006348451387006406,0.4237650079049152
102,0.2907588297381101,0.6933290539780043,0.011729859931390951,0.0008426723308853663,0.00033381812044944674,0.0030057659011598938
103,0.000953971306077193,0.029497904525477025,0.09595476946604127,0.024133520017652763,0.011937147587948296,0.8375226870968036
104,0.012308360580873357,0.010692900013228503,0.905167563838757,0.007163259153160426,0.0029634928830727515,0.061704423530907986
105,0.025492317050851657,0.0044251560844705325,0.9427443865041322,0.006742582705009292,0.00095296769831243,0.01964258995722381
106,0.008600743024183476,0.005446652803422079,0.938630232836818,0.014875681382065251,0.002161476161237332,0.03028521379227369
107,0.03177542454166424,0.02030303071106332,0.847035599397539,0.00666119515217965,0.0034989053453071167,0.09072584485224668
108,0.8447620157799866,0.11016419665963693,0.043967634897008896,0.00010252113134597201,3.986831936197926e-05,0.0009637632126595049
109,3.9692037817605636e-07,0.0023831919022698285,0.024706253652923275,0.38683572060007404,0.5506939276821554,0.035380509242199286
110,0.002062811958995334,0.04323490222627625,0.050786496289575295,0.004076038839499791,0.014434244262337591,0.8854055064233157
111,0.0171687729273359,0.020528654901151792,0.8180950208791663,0.013239938444029323,0.0015857000397184236,0.12938191280859834
112,0.0007150084164333682,0.08385190952514812,0.1748573482162017,0.01601089334348294,0.016585177998765074,0.7079796624999689
113,2.027879569842067e-07,0.15177661466870968,0.059159842706623965,0.49471261355537793,0.24982631210872944,0.044524414172602104
114,0.029997218321690392,0.934203412477586,0.011008670833088907,0.0017606098225447593,0.0012500376617146614,0.021780050883375323
115,0.19968521817507512,0.7749944692227538,0.012424272690656019,0.0006987835555158161,0.00031266480857179924,0.01188459154742748
116,1.677719409186562e-07,0.0005583075656534369,0.01392110927458183,0.36158765609792043,0.6141585892478351,0.009774170042068262
117,0.04575784713653972,0.006678622168197272,0.9179431670315175,0.005906844848185621,0.001211166449952199,0.022502352365607867
118,0.414269538080513,0.5767181902806845,0.004202742317142476,0.0003125542271326809,0.00012766825262146552,0.004369306841905695
119,3.699909198707398e-07,0.0001793075095565663,0.015491171693823368,0.0005998724313630979,0.8889649781234723,0.0947643002508648
120,0.008217920194359678,3.5906421709523135e-05,0.8926633388741435,0.025632716788369862,0.002067276593722007,0.07138284112769538
121,1.896702302116188e-07,0.0004134790237418312,0.004948966759561367,0.2465525128090081,0.7387474814484515,0.00933737028900701
122,4.642304096776623e-07,0.2120823883027771,0.01666683785651181,0.16825798922471932,0.4797841530952786,0.12320816729030351
123,0.011909634934958495,0.005554009970592241,0.916040776489437,0.010225691075725534,0.0018561708915642897,0.05441371663772249
124,0.838382613649959,0.1458016523487199,0.015202486650943122,0.00014265397954960892,5.3966018760877005e-05,0.0004166273520677082
125,0.8617059055186175,0.13114878590765675,0.006078863239656878,8.463652113491583e-05,2.837427444972661e-05,0.0009534345384843789
126,0.14915297773643343,0.821948709329149,0.016910626420555835,0.0008121334772791543,0.00047104231835318525,0.010704510718229341
127,0.15793692150560704,0.8162170328250119,0.011967380449302095,0.0009901216515169737,0.0005816667396577722,0.01230687682890419
128,0.07693914853691779,0.8890137672147607,0.018069904819109497,0.001235925961867078,0.0006242594372991998,0.01411699403004574
129,0.04776484591185027,0.9186895666045176,0.025897165187864307,0.0011764506327200908,0.0005951543391124473,0.005876817323935331
130,1.8276197416980323e-07,0.04642479053844455,0.008511454001072168,0.42864728537921665,0.48126785379915726,0.03514843352013543
131,0.06939606946935502,0.9174137257554599,0.007972830698530955,0.0007306369034082744,0.0003126863844605818,0.004174050788785472
132,2.1349709318143375e-06,7.116967049230625e-06,0.026387649798931333,0.01961872063017655,0.9448915670028301,0.0090928106300811
133,0.11372869229089591,0.8678035640457987,0.007273556479240203,0.0007607419430788892,0.0003690688757463699,0.010064376365239906
134,0.7382946829743006,0.2587159839331313,0.0025829513638566067,9.209600176734166e-05,4.3728532558142834e-05,0.0002705571943858435
135,0.9103568061772701,0.08538200719445757,0.003476383719657699,5.913522468895883e-05,1.953285783454857e-05,0.0007061348260911354
136,0.752403080807887,0.18705667692867547,0.055742699457750226,0.0002415395201426615,0.00017433833516171366,0.004381664950383056
137,0.0016717722128399954,0.044878592405621184,0.0725556526751254,0.006556047517642616,0.018032469172060684,0.8563054660167101
138,0.3932708707144461,0.5989147957839053,0.00026892838522375484,0.0001650411891324265,7.067278191915259e-05,0.007309691145373177
139,2.3428343258330806e-07,1.9836750747564248e-05,0.014258435587097275,0.7311014657046808,0.2536389982867998,0.0009810293872419369
140,0.0033197803014156212,0.024452976100960602,0.11967238036003996,0.006482075522866641,0.017034908575064397,0.8290378791396527
141,0.9187346771826723,0.07485662613331712,0.005619243845302252,6.913467018797854e-05,2.5146448465415265e-05,0.000695171720054871
142,0.8140236797212572,0.16907342997174013,0.014840942337830548,0.0001287085694035051,5.005065638947986e-05,0.0018831887433788537
143,0.804430470354785,0.1780188163612569,0.01710082505728265,0.00016500915110517466,6.5892041291377e-05,0.00021898703427883522
144,0.9108767419249301,0.08438940288314502,0.0038018544603024345,6.51105296589082e-05,3.427923791309994e-05,0.000832610964050497
145,2.3618404059613528e-07,0.0006090395376841127,0.004734159849523934,0.3126966384726807,0.6724874720903085,0.009472453865762226
146,0.006107608295584853,0.008605560699839448,0.7172862922789939,0.01283326940799072,0.004920489727702157,0.2502467795898889
147,1.9090124321713997e-07,0.00030842024886358507,0.01232605439459681,0.917339036874,0.06716002227568235,0.002866275305614027
148,0.004794377908277512,0.025743643914453513,0.11230929075459262,0.009046545135637837,0.012341022761618201,0.8357651195254203
149,0.004003740239136417,0.007734710531900507,0.07264145924063414,0.005966063972305327,0.010065222735823161,0.8995888032802004
150,3.067262404316806e-07,9.482681362205367e-06,0.004124760696320519,0.0005125491924988124,0.9628519532823163,0.03250094742126159
151,0.8832707886424344,0.10710528557793106,0.008796200416146177,6.483037818449017e-05,2.710578761977022e-05,0.0007357891976840764
152,2.784830389432845e-07,0.0011468143415442745,0.008565698404074633,0.06423569354278462,0.8987064823500415,0.027345032878516053
153,0.8881789495929293,0.10561862313124841,0.005496779751946481,4.116125468637347e-05,1.5689753614056852e-05,0.0006487965155754126
154,0.8631045496784762,0.10511728276566495,0.03106014609419072,9.08889773551275e-05,4.48943226416728e-05,0.0005822381616715161
155,0.9078600139541564,0.08262660879638302,0.008885196128890232,5.321845194976159e-05,1.893762994485789e-05,0.0005560250386759938
156,0.01398975259407275,0.031897202105042,0.8775721972492676,0.007670663783543675,0.008774589918449526,0.06009559434962451
157,0.0013086014763498762,0.01900627839650194,0.11146985222708151,0.011000538151608792,0.018251487953535636,0.8389632417949222
158,0.13402015947209936,0.10052968266626344,0.7051817436115004,0.007663813091467869,0.004854384359566004,0.0477502167991027
159,0.1478209773232457,0.8378909395433011,0.005911438333388091,0.0006035376321263752,0.0002643566242032459,0.007508750543735585
160,0.00447314221614174,0.01596891686279586,0.14946697920818763,0.009488169540047563,0.00957999153680906,0.8110228006360181
161,2.447162114218794e-07,0.009921163634883911,0.005088909495079308,0.0026552654542844486,0.8902237833124174,0.0921106333871236
162,4.2092846324164297e-07,0.16309733605690946,0.01599989736998522,0.6100816863929688,0.14010825753349634,0.07071240171817685
163,2.0311886727909138e-07,0.0001406416056347459,0.006973190024162463,0.627286661411389,0.3607356313226913,0.0048636725172549935
164,0.0015147398515981082,0.07453078242221184,0.037402617816658594,0.009642342095307899,0.013824550368730081,0.8630849674454936
165,0.8814232061710279,0.1118152053815559,0.006257126571447339,8.981779567590134e-05,3.359710629518492e-05,0.00038104697399775464
166,0.319197102287747,0.6624503911015263,0.0042416181831611,0.00041647849170806133,0.0005148462736416139,0.013179563662215904
167,0.019550261948274365,0.030157591371954732,0.9048197201395696,0.007383203584863148,0.002088568601597578,0.03600065435374062
168,0.07205465470809368,0.09111240882242763,0.8144846922178984,0.004555995371791452,0.002331078664719623,0.015461170215069141
169,0.004994522081170332,0.0014904935586839067,0.8268898331304825,0.01779484685729904,0.004921510497338991,0.14390879387502528
170,0.8951631447233734,0.09551412472647833,0.008104042331384122,0.0001502338666271745,5.623484913403246e-05,0.001012219503002822
171,3.3334721395015175e-07,6.14407397634724e-05,0.0028635897707941426,0.0046246103883488985,0.9773433217373592,0.01510670401652023
172,0.0004761275329421445,0.020038066352340834,0.07091170687905786,0.023557816103871174,0.04944463678230884,0.8355716463494792
173,0.9237427479339015,0.05953150655145423,0.015679240352773145,0.00014395885531777065,6.167168254583266e-05,0.0008408746240073878
174,0.1313663923118965,0.1289721440092788,0.6264413142604165,0.005194012575615992,0.002480249856930243,0.10554588698586204
175,0.010444248689149449,0.0029139000145830484,0.8927006692229146,0.00935501066447881,0.0017410656295391283,0.08284510577933495
176,0.0025818624918579605,0.0683140622070289,0.069155945520171,0.005350264249403157,0.011532372581752411,0.8430654929497866
177,0.0013197088912298433,0.022129007380532344,0.026775870057278175,0.004718519202899182,0.022513267766080366,0.92254362670198
178,0.00206572382185055,0.09456165643801925,0.05342579942024097,0.006536847771191481,0.008314846515897882,0.8350951260327998
179,0.007996148951693632,0.0037398600589934597,0.8764774392554836,0.011305325515288922,0.0038628472912728513,0.09661837892726745
180,0.0036509499473432352,0.021136976740580862,0.024484946146192395,0.006291226001739666,0.007409427828127213,0.9370264733360166
181,0.0004969738985792851,0.05674401634752081,0.04325502435516954,0.01245387347617222,0.01602821813886436,0.8710218937836938
182,3.1318789895100805e-07,8.732157855758202e-05,0.00602796876075015,0.1708530418701028,0.8152023549252557,0.007828999677434787
183,2.775168553273779e-07,0.00923385022340181,0.004814567214657374,0.007222781607540402,0.8997707418941946,0.07895778154335042
184,0.016969487195990344,0.01155057740936966,0.8982421792734437,0.004554307171683114,0.0022201311492943574,0.06646331780021872
185,0.0032125422793019753,0.00753021090763058,0.0569864803344289,0.006435056238121687,0.008492291021376873,0.91734341921914
186,1.5598500617590693e-07,0.02926700653045592,0.011152417178865812,0.682067186014433,0.2644891509530716,0.013024083338167488
187,0.05188930716116436,0.8899140110855371,0.026155368016248726,0.0016286955906029397,0.0004818750743446809,0.02993074307210209
188,0.002438140545322753,0.0303645259144624,0.028604693384099437,0.006746831987243596,0.009388759815690898,0.922457048353181
189,2.163162684626709e-07,0.000765791364829163,0.019828062932227858,0.938301113374153,0.036642130858623674,0.004462685153897684
190,0.0022717598889489465,0.002713092498201097,0.7451633007710168,0.035421642994171165,0.0020996684185076997,0.2123305354291543
191,1.656176950939119e-07,0.0053318295819148745,0.009394905854996907,0.5804212864398594,0.39172187373764056,0.013129938767893019
192,1.8815663541418882e-07,0.00036664485428965937,0.013068009822145973,0.060527107357767417,0.8960505718063354,0.029987478002826203
193,0.8642407619871424,0.11844780402213909,0.0170434759393125,7.275482200326189e-05,2.2754568183586222e-05,0.00017244866121899824
194,0.013906015871609924,0.0007608200264145783,0.953737734373664,0.00607616312947341,0.001263609597215878,0.024255657001622268
195,3.2959016033442224e-07,0.00022682918140293538,0.01048934631516973,0.002413947166527209,0.933482263812399,0.05338728393434082
196,0.9403119840962288,0.04172730789006173,0.017049239304147933,9.323085908889139e-05,4.1753612638363195e-05,0.0007764842378340962
197,0.9022894382437494,0.08666959750028,0.010396259942553311,6.196003286356408e-05,2.250307939303318e-05,0.0005602412011604796
198,0.0022717598889489465,0.002713092498201097,0.7451633007710168,0.035421642994171165,0.0020996684185076997,0.2123305354291543
199,0.9063564587690185,0.06923296627865175,0.02274129221001102,7.825622360864446e-05,6.532063318717911e-05,0.0015257058855228987
200,0.19508160662799046,0.7929801469836243,0.0003518295206722776,0.0003844886489691018,0.00014571921201005208,0.01105620900673383
201,0.8865991720593598,0.09910072847956015,0.012829205077023797,8.985193581088129e-05,3.730305985759166e-05,0.0013437393883878818
202,0.003312494584028315,0.034553838163236233,0.09092816887448309,0.006662243824262455,0.010285444385211418,0.8542578101687786
203,0.8678056824454421,0.10661410126921539,0.02518798051542312,6.925096930776867e-05,2.5593374024926526e-05,0.0002973914265864499
204,0.9233428439247594,0.06357956873517412,0.012502586651567745,9.03165076701996e-05,3.660061240117177e-05,0.0004480835684275011
205,0.0020292067654271756,0.015129198015271605,0.06523343474714026,0.00774826894669694,0.01130358202725036,0.8985563094982136
206,0.001873185077221457,0.00036477866734340955,0.5661119087878081,0.010917030928568952,0.008238810451111524,0.41249428608794664
207,0.00611165655913602,0.11248702355785008,0.06301794852214813,0.005525599198929475,0.00926691361789983,0.8035908585440364
208,0.012490662311784641,0.006725965452114932,0.886775960659418,0.010400245976970365,0.002525161132920874,0.08108200446679112
209,0.0897873790250521,0.8894155155977503,0.015229829479886952,0.0009031076508561095,0.0004331256330305042,0.004231042613423877
210,0.004694773348668986,0.00031838879922933876,0.887822748688659,0.007940484752114244,0.002969279647873851,0.09625432476345476
211,0.5202790159076742,0.30894491127199064,0.15393027334454523,0.0008193669377536932,0.00034603884186917453,0.015680393696167083
212,0.0008680622116249466,0.03528553209079399,0.05302639972953911,0.007307593113870059,0.021424911222315948,0.8820875016318559
213,0.8976210991147275,0.09919507180422263,0.002483166335525817,5.2251959475045e-05,2.0625871190840435e-05,0.0006277849148580235
214,5.026376367413732e-07,0.027506426946459713,0.012047517111494198,0.25038198955265156,0.5813974831387804,0.1286660806129773
215,0.34930337059237565,0.6274450624781268,0.017101573729186477,0.000526678429356343,0.00021047917898258756,0.00541283559197225
216,0.0017483063241438836,0.0029793936121810852,0.038011050999734834,0.003590891561609393,0.02337183112840064,0.9302985263739302
217,0.08977630072758169,0.8987491193772708,0.005239931934466331,0.0007857454310618842,0.0003382692309362028,0.00511063329868323
218,0.0019245542661991807,0.0088036529046941,0.0760359851683969,0.006899482513655489,0.012762487792862934,0.8935738373541914
219,0.0014147841722748247,0.0010740726744383805,0.07929759073544897,0.00271108591742854,0.07676841920823797,0.8387340472921714
220,0.8897625366806716,0.08974525968779519,0.01986909459092447,0.00011729447580942531,3.896699518797295e-05,0.0004668475696113775
221,5.523152860488779e-07,0.4017107581646424,0.011602984198943001,0.37751159851949195,0.15908461246686956,0.05008949433476705
222,1.8065171152419783e-07,0.010999551599396707,0.023262995426697,0.9066643431802809,0.05004695492924815,0.009025974212665664
223,0.08022147803296685,0.014528009634270408,0.8838133048318321,0.004850667608407981,0.002229314275643272,0.014357225616879512
224,0.5080552489977814,0.47461256988464134,0.011847531979550456,0.00035145008929617555,0.00015708445156019604,0.00497611459717048
225,2.2822361586108027e-07,0.0257037676963862,0.02715685023176231,0.7442369942897346,0.1786837283185774,0.024218431239923753
226,0.006414046276336242,0.008213088593278465,0.12560827962422055,0.006537032943508831,0.011244215329032504,0.8419833372336235
227,1.7341775574080727e-07,0.00019579060845427418,0.01757928549025493,0.0012264839991676785,0.9544692289277974,0.026529037556570035
228,0.04728744486690522,0.9337001634485238,0.004836438733905427,0.0010267602500580364,0.0004498161369259872,0.012699376563681542
229,0.0006467746732262816,0.04069176862152458,0.14224901334460047,0.010674678695698976,0.034019945949463296,0.7717178187154863
230,0.005456123580921137,0.0016983252023657532,0.8278066852961616,0.012380511191651015,0.0034908792995210413,0.14916747542937947
231,0.001863863115664206,0.03601294709458798,0.05617775603583078,0.00640311320357858,0.015638711712969298,0.8839036088373692
232,0.853214450992512,0.13334613871829232,0.012681451761553119,9.413930292203223e-05,3.4038205426859336e-05,0.0006297810192935812
233,2.402092631156012e-07,0.025053415322457903,0.020960495285435476,0.8895731738675108,0.05126643125366421,0.01314624406166843
234,0.0020012196938071227,0.0012412822963846393,0.6595311924642714,0.018674485059769513,0.00374558474557035,0.31480623574019706
235,0.17636487988678484,0.7908853366805351,0.028495352771285426,0.0007126678526208638,0.0002910499856096223,0.0032507128231642622
236,1.6224335792316782e-07,0.033961775452493535,0.027128060596715835,0.9190334559812287,0.012974152473346883,0.006902393252857074
237,0.9028650776401248,0.0818798828581443,0.014580199812389283,6.0715373010941325e-05,2.1885973511928156e-05,0.0005922383428189445
238,0.002949398780149396,0.021479839309396342,0.21686806243399184,0.010316193445953765,0.013275845413207806,0.7351106606173008
239,0.0016504825246615093,0.08680739016350356,0.13197697702222685,0.00988023350541239,0.011896272457434295,0.7577886443267614
240,0.90318247048433,0.08670612425300306,0.008401153907824024,7.803866820160248e-05,3.503892078771206e-05,0.001597173765853558
241,0.8848407835690696,0.1109038403786088,0.00378919610748887,5.537099842683035e-05,1.6175256771250248e-05,0.0003946336896348666
242,0.05476837589935684,0.9281465671498792,0.0015378095861697558,0.001265275635129158,0.0005912896653656343,0.013690682064099407
243,0.11906919743776796,0.2411162092495569,0.6315108765743074,0.0024566570564455016,0.0009127071353465423,0.004934352546575889
244,1.656176950939119e-07,0.0053318295819148745,0.009394905854996907,0.5804212864398594,0.39172187373764056,0.013129938767893019
245,1.8276197416980323e-07,0.04642479053844455,0.008511454001072168,0.42864728537921665,0.48126785379915726,0.03514843352013543
246,1.8462454114747474e-07,0.0011208560635652606,0.012726758787869606,0.6580642421628401,0.3210644679101421,0.007023490451041838
247,0.8855248973661698,0.09847578697674707,0.015285307847937758,5.1583465492023966e-05,1.91473316073187e-05,0.0006432770120460536
248,0.2635037457540651,0.728556884308131,0.0018182359364250678,0.0005250152802872785,0.00020821122351628838,0.005387907497575195
249,2.984557769688149e-07,0.0035654573550325114,0.005444088348572616,0.0022794104414389157,0.9051735553876186,0.08353719001156025
250,1.8664066755179699e-07,8.907330841800385e-06,0.004382701607060697,0.13828887825898772,0.8547873626318754,0.002531963530566882
251,0.011163925786166932,0.0053608642585129904,0.8995118389119278,0.006996080910159769,0.0020782662418427213,0.07488902389138978
252,1.656952837062705e-07,0.012865987964407884,0.01773908501786959,0.5388823889089505,0.4008500576442481,0.0296623147692402
253,3.053006736417051e-07,0.001306763100613907,0.026000795006533833,0.09392581385208851,0.8236352966820625,0.05513102605802754
254,3.449369999387039e-07,0.1845890697914209,0.009423677564863963,0.18540708719665802,0.5314719037385608,0.08910791677149635
255,0.0031598992726383406,0.01719813664356015,0.645308095630557,0.009503662398387893,0.0043500053466950205,0.32048020070816147
256,0.03163067750954061,0.0006277913871230845,0.8978090243862231,0.006075019907294363,0.0013940727979105507,0.06246341401190832
257,0.8642768890657856,0.11599782907271096,0.019151365614811178,9.478183233670818e-05,4.051166379480828e-05,0.0004386227505608517
258,0.19640494995801336,0.7867398301739557,0.005344049555840323,0.0006078375771170136,0.00027211286741327107,0.010631219867660451
259,0.9228414062410224,0.06802497013780011,0.00797129407889048,9.062862868603582e-05,4.515365343188967e-05,0.0010265472601690077
260,1.7036053219370436e-07,0.029273937899966792,0.01366003966736379,0.2560020618097968,0.6557060282378568,0.04535776202448367
261,0.007076165761554993,0.9396681879064284,0.008913229799901445,0.002567018705056902,0.002609792130965433,0.03916560569609275
262,0.0014976812952831693,0.013988798817632563,0.045015776691810366,0.006959311933615314,0.019251056005014287,0.9132873752566444
263,0.8980414296599906,0.0949780765895514,0.006195547347127942,6.36885081964457e-05,2.9490870052869835e-05,0.0006917670250809721
264,0.002297946848210634,0.0806027208311292,0.06983167378430209,0.00673341249676418,0.009248067607560648,0.8312861784320333
265,1.5956603877883514e-07,0.00027979007665583405,0.032934758160658086,0.9486528176033519,0.016944795885645025,0.0011876787076505666
266,0.0548255209704973,0.07445902564770189,0.8433579384528096,0.003947229231064509,0.0021161310434659156,0.021294154654460787
267,0.00785548485998514,0.0004797585821285957,0.07365408108397914,0.003935391056715305,0.008228803951231304,0.9058464804659606
268,0.09012941418217009,0.8914828286468411,0.007059374345408731,0.001568506892595694,0.0006852156117939026,0.009074660321190524
269,2.9465013717727587e-07,0.0005851016878895459,0.003411701321423409,0.6573908623865478,0.3354859354543047,0.0031261044996974035
270,0.0016110149853209113,0.008125785108581068,0.09387622484241975,0.01330924784217625,0.019935440877340792,0.8631422863441611
271,2.6616835550236685e-07,0.027167546500701908,0.022167792507096575,0.9014115556546392,0.03168309745014893,0.017569741719057952
272,0.004521726525074863,0.0029530477875668024,0.8418109314489124,0.010382159037357425,0.004733140316462508,0.13559899488462585
273,2.885978341025389e-07,2.7230971322310424e-07,0.0043586008536061075,0.026176734317402618,0.9676196373053579,0.001844466616085955
274,3.093423208307692e-07,0.00033633532013337846,0.011379777249428253,0.7779299519161619,0.20635308356425877,0.004000542607696891
275,1.9577780816742518e-07,2.181563381935044e-05,0.004975149462217936,0.5474819242787338,0.4458236285306313,0.0016972863167896103
276,0.00010128253464030861,0.0074105119430541945,0.05264478473828649,0.9031036554060792,0.004180792324554801,0.03255897305338513
277,0.8831530980755781,0.1020970784928363,0.014337480416860808,6.929374602292985e-05,2.5732328757430598e-05,0.00031731693994456516
278,1.9640666509295056e-07,0.0006094761269732977,0.004790939710757627,0.005759553535463164,0.9519938877036935,0.036845946516447216
279,3.238633351212305e-07,0.04935239129932231,0.014275280221545388,0.6813242054111013,0.20282234005298042,0.052225459151715566
280,2.684340830655316e-07,0.11226965158098327,0.009059033392141078,0.2275605050820726,0.5504426401099451,0.10066790140077478
281,2.0040956009317e-07,0.058071338792280214,0.009199994647759032,0.46191735949450663,0.42874794761464646,0.04206315904124773
282,1.749516295067298e-07,0.05774431453718716,0.030091475708654655,0.7190194093538549,0.17371114585499062,0.019433479593683228
283,0.011819879206430343,0.00026499340350031355,0.9100307679303505,0.009826342356987964,0.0011555169538448754,0.06690250014888588
284,0.26201605310167053,0.7266632035003711,0.003518754939201742,0.00044061037206929895,0.00020949200819191043,0.007151886078495374
285,0.12471202989895759,0.8476884901045734,0.011006788132719313,0.0009785369960878267,0.00044639114624968476,0.015167763721412203
286,1.5965796104206543e-07,0.017079222128932727,0.03701492222463499,0.831464905442496,0.10385303631071055,0.010587754235264642
287,0.006025112293443128,0.0015520896299973251,0.8811246936432442,0.010043153057105741,0.003218015535837738,0.09803693584037179
288,1.4858291268352337e-07,0.27184357615729016,0.013584556866582033,0.5207997905154721,0.1564421566951981,0.03732977118254506
289,0.3490723229329374,0.6414962216799766,0.006187742929864281,0.0002868625315255242,0.00012806635665342988,0.0028287835690428025
290,0.06621321995177465,0.007318330112867296,0.9148113623339057,0.004316172571456219,0.0012730902925585392,0.006067824737437742
291,0.09452999032852231,0.8926181997099516,0.006440392661400133,0.0006674704780753512,0.0004262064636225696,0.00531774035842797
292,0.12149761978276971,0.8446595208554151,0.025312449924261064,0.0008135337421814268,0.00038598137829804787,0.007330894317074669
293,0.012400148873485194,0.0011987073934046169,0.9160999103785208,0.006913929099887314,0.00193495018296554,0.0614523540717366
294,3.105726117964985e-07,0.0004333822116244413,0.004782620535711903,0.3421794124933312,0.6438216493280168,0.008782624858703993
295,0.8909545493066482,0.09288916290232223,0.015520452757021429,6.855292131804501e-05,2.6550233786666938e-05,0.0005407318789034191
296,0.003244379390462934,0.011338052595541109,0.6361351487593829,0.00877513610996421,0.007375342694643921,0.33313194045000477
297,0.042574798327536544,0.09153355043885276,0.813646726930091,0.00937545266210061,0.0039046232992953215,0.0389648483421237
298,2.096038429372178e-07,0.034789839154147004,0.018242149539380994,0.8667103738647381,0.06433759648355239,0.015919831354338682
299,1.4196414167123589e-07,0.0018497002085449208,0.01863628749615942,0.22193493871825512,0.733067236082671,0.024511695530227903
300,0.04558107239565545,0.9247398306008867,0.006854017747317572,0.0010811628444685481,0.00047440678348149076,0.02126950962819013
301,0.09843836524559567,0.8514864576139975,0.04326579241733033,0.0009550521582484151,0.0004127549246117757,0.005441577640216322
302,0.00041816832456987836,0.013478747532842913,0.05726333583094858,0.014817877454578077,0.019245232657012955,0.8947766382000477
303,0.0006552592779419769,0.027636315371861907,0.056121280921461215,0.02359569862721207,0.01593977758339743,0.8760516682181254
304,0.09601853445480475,0.863395148305775,0.022146835417302176,0.0017249629411606622,0.0007797550482187159,0.01593476383273862
305,0.0013953620142872496,0.026325757737081044,0.06357288465999794,0.007803567045966485,0.017122580634962734,0.8837798479077046
306,0.7586587182658097,0.23766041061826,0.0029630311660428753,8.28678563784615e-05,2.777049414529126e-05,0.0006072015993638814
307,0.29967974808054465,0.6898462225630112,0.005905580561996249,0.0004280122097570843,0.00020439622250785445,0.003936040362182886
308,0.3814073238409656,0.6137454645354564,0.0023666048238502836,0.0002828663059638233,0.00021288019349320774,0.001984860300270695
309,0.5519054102197876,0.39612639730778776,0.04958119973272467,0.0009018708378637245,0.00037470727362797873,0.0011104146282083164
310,0.26101989785206314,0.7220473655022671,0.010848695214379653,0.00040472078205339553,0.00017176132478139618,0.005507559324455307
311,1.3453223275915476e-07,0.2105962179239807,0.02101705431191623,0.6875299758218233,0.0600780759008534,0.0207785415091936
