,proba_0,proba_1,proba_2,proba_3,proba_4,proba_5
0,0.20478921769216865,0.2711927671949509,0.08722483653677292,0.0440832579505472,0.043722905839438345,0.34898701478612226
1,0.10564448952084787,0.21129760404208253,0.11144291624825955,0.052017471856366154,0.05096032962602433,0.4686371887064197
2,0.07933765846579365,0.16816209619127787,0.421414173341018,0.0718746204372553,0.06921416223048454,0.1899972893341709
3,0.031749597511881535,0.05258424887217149,0.0979218485926593,0.36225790224893,0.3787805907646459,0.07670581200971179
4,0.07910004754859808,0.16022505968429213,0.4732770998490191,0.07407613039100003,0.07027897135741154,0.14304269116967872
5,0.07296789631745743,0.15472250529044204,0.15848937389218506,0.0725676177645399,0.07050854145921302,0.4707440652761623
6,0.042937622990437574,0.07503723367623974,0.13372195661765468,0.32721514245703825,0.32265840041262994,0.09842964384599984
7,0.06924663556342557,0.144960129563707,0.4843094396847525,0.09717801773066584,0.08898457937442164,0.11532119808302743
8,0.07596875067646776,0.15648804408441555,0.1612401771787523,0.0693089628411733,0.06747418088520886,0.4695198843339822
9,0.037025580522772356,0.061554028394801064,0.1211013432378439,0.33388655647614923,0.3505783335442052,0.0958541578242281
10,0.7212997734184459,0.10439105484750409,0.05391799967629687,0.03163801280765659,0.03126556825022892,0.05748759099986763
11,0.08215179488045761,0.17320375493237214,0.44880032518004653,0.07555385572564458,0.07294104104388645,0.14734922823759203
12,0.08271972800416652,0.6314595084239498,0.09428373454022881,0.0517857048604003,0.04944108172758117,0.09031024244367324
13,0.06920989059995829,0.14047676985247268,0.46694718162518384,0.08638513527752543,0.0818347868084983,0.15514623583636095
14,0.16771454384627357,0.5869277907523635,0.07732944899891453,0.04527320510519887,0.04429229400935751,0.07846271728789235
15,0.034795571276525335,0.0570675595453614,0.12063528266754614,0.3731721886516402,0.3303209630074153,0.08400843485151135
16,0.0739415414952789,0.15594816955835566,0.471619912531536,0.0843942870957944,0.07958095048830979,0.1345151388307253
17,0.032256385427518595,0.05496695916365554,0.11264842351575417,0.36713801749620456,0.3519899934292917,0.08100022096757545
18,0.27745833571771883,0.5188600634855034,0.06173529162588446,0.03673637074837359,0.035885073463463944,0.06932486495905558
19,0.7618195750472257,0.07433726343140912,0.04870588221710113,0.03007577843549324,0.029677801001035987,0.05538369986773465
20,0.7367036621331893,0.09544450341068732,0.046913272099090145,0.03023956552526892,0.029869369725265552,0.06082962710649887
21,0.11964829212467952,0.22402226647227802,0.09197619685657789,0.05403155278089492,0.053000023543838495,0.45732166822173104
22,0.25937008585692184,0.5329807530458461,0.06669635951167009,0.03769464948008983,0.03637246374421402,0.06688568836125836
23,0.034214999275595015,0.056363117547975655,0.13344399069998386,0.3339201002517395,0.33220918081460704,0.10984861141009855
24,0.7611775164016253,0.08046895955308588,0.044582857508207306,0.029230144924792985,0.028896708429331782,0.05564381318295625
25,0.03469218488244,0.059248097471928406,0.10992978682335826,0.3497491254463234,0.36111333424578007,0.08526747113016997
26,0.7352653210342591,0.0956962068258416,0.048553381762979735,0.03003837533846472,0.029742562199720903,0.0607041528387342
27,0.032797173122604155,0.05547770861799895,0.10601172560996437,0.3796355544740605,0.3497629326557628,0.07631490551960894
28,0.1267949980412982,0.24193930778837347,0.08988333663388388,0.04962271617817811,0.04895776428085816,0.4428018770774079
29,0.031396940084513325,0.05212816298149485,0.10726536160523063,0.36646818552584365,0.3613240362591713,0.08141731354374604
30,0.08845982904523718,0.19038818598999901,0.12504479928859902,0.061287349169518536,0.060333494296740314,0.47448634220990604
31,0.10206699381511239,0.20784533292574897,0.11169404162517327,0.05646598146543078,0.05513240253385408,0.4667952476346798
32,0.03717590036470087,0.06479738625155285,0.11860560215611199,0.36817214542348053,0.33299681806798165,0.07825214773617215
33,0.03186682487495864,0.050887523320977804,0.10652428687295427,0.34606698164530625,0.38315968405458856,0.08149469923121451
34,0.2996787997527858,0.47259424560343627,0.07363701874629801,0.04133620207451798,0.04019483240874918,0.07255890141421294
35,0.06735461891678698,0.13625739291568378,0.48252314695655807,0.10062749563140853,0.09437845391838552,0.11885889166117754
36,0.09380838209767378,0.1994717964523281,0.13325410619081834,0.05644631312910529,0.05479215415592985,0.46222724797414455
37,0.07856586520725543,0.6264624361206357,0.09137637538735173,0.05428431048777581,0.05208114659623262,0.09722986620074883
38,0.036386578940948135,0.060803683820232185,0.12436594193700497,0.3628612711161472,0.32816759567003406,0.0874149285156332
39,0.0914365513202324,0.1870302958886741,0.14889610642580484,0.060892885820073864,0.059441079183899584,0.4523030813613153
40,0.19432750271176502,0.5800930303268876,0.07532275757476145,0.040284616192587136,0.03873685740728714,0.07123523578671115
41,0.11531342596110349,0.22281660440870837,0.0873770925251965,0.05353506822818679,0.05227039721806446,0.46868741165874045
42,0.03154712408554781,0.050362811084605996,0.11144760910517625,0.37170829722869353,0.35146520037751433,0.08346895811846175
43,0.06536163252516775,0.13189633195702552,0.4827029120109673,0.10362617869837044,0.09559751447753195,0.12081543033093693
44,0.09261649177402204,0.18078466554940487,0.13649757226056183,0.05996805004872189,0.058899754896893176,0.47123346547039646
45,0.7223745241739506,0.10251437483105548,0.05020458576620386,0.0319168335922797,0.031640369554844124,0.06134931208166636
46,0.0357730670098195,0.061794547170487074,0.10888435255920209,0.3501685667514592,0.36030023041995474,0.08307923608907719
47,0.03385367368415769,0.056728975395568246,0.11724220209696519,0.36494134474690193,0.3403239726206398,0.08690983145576715
48,0.5525829032228469,0.24127218039056994,0.0586820626348519,0.0365021081624735,0.035899272836926795,0.07506147275233123
49,0.03447373611745146,0.058882764955133574,0.11065094460413843,0.37914767602545324,0.33925709849162483,0.07758777980619867
50,0.08799732859309811,0.6123066037312448,0.10105274299326886,0.0526985517933049,0.05054111433872987,0.09540365855035357
51,0.5524860837444249,0.25940770305484023,0.054432968943619445,0.03356808892595788,0.032936800087141366,0.0671683552440161
52,0.08825221894038215,0.19297884001622645,0.43540174590122643,0.07297774948329987,0.07042485736141908,0.13996458829744593
53,0.0676229809269928,0.14110746245187378,0.47474660945444497,0.09546879919543426,0.0900483100770896,0.13100583789416465
54,0.12389170365760636,0.24831414967877247,0.1040905511539052,0.05291266177650469,0.0512535985352634,0.4195373351979476
55,0.10837990397184637,0.22694230723223033,0.10687845284004939,0.05347137474283537,0.0521356447091114,0.4521923165039274
56,0.03685224741063382,0.0634143796460273,0.1121372270029306,0.33623050371171526,0.36450448700574895,0.0868611552229441
57,0.09434709479432017,0.20567442041947115,0.42166604348439474,0.06686052827576222,0.06501236306741572,0.14643954995863598
58,0.07014065423727028,0.14427482279631562,0.46655821433656675,0.08445101625390065,0.07934240092956339,0.15523289144638358
59,0.06903042307056613,0.1482490109760757,0.4658299043872191,0.10264850058466113,0.09223855315125286,0.12200360783022524
60,0.03285729684834785,0.05490475508037722,0.09612580935657555,0.3600308837564543,0.3832012317536298,0.07288002320461522
61,0.03536034358545938,0.05991345272333984,0.12088301525534234,0.3661546760004839,0.33364590270685884,0.08404260972851586
62,0.23590777456072504,0.5495914969754827,0.0706766161890484,0.03837754076115916,0.03723896944468902,0.06820760206889552
63,0.36248193451249466,0.43859791358479455,0.06215630311677151,0.03661959121353183,0.03576286356350007,0.06438139400890734
64,0.037867605547417936,0.06608495037547175,0.1283620730889726,0.36618015798633663,0.31741832167032613,0.08408689133147461
65,0.03452587047701286,0.05614608567816567,0.11688111430134114,0.3738604454993864,0.3327298369461574,0.08585664709793625
66,0.08143257947970414,0.6366547976799694,0.08882582766731151,0.05151846583239638,0.04959293935436987,0.09197538998624867
67,0.0350324150231614,0.05815236791101369,0.11332879112932323,0.3403558402072172,0.370912747309223,0.08221783842006129
68,0.03742699659671068,0.06212172490525799,0.13328884541139632,0.3304782769873415,0.34050384914958476,0.09618030694970853
69,0.16521049924710737,0.5888710045581104,0.07841678508503115,0.04529087377496076,0.04373526193082454,0.07847557540396549
70,0.17780268602270266,0.2785979362100154,0.07438648995766871,0.045066199877169574,0.044846300812168755,0.379300387120275
71,0.035174311386292505,0.05791425352716237,0.12664908100742164,0.3675224953294303,0.32210343735325697,0.09063642139643655
72,0.08217843718271567,0.17279993346246564,0.439982596280656,0.0698391775453182,0.0672589454118452,0.16794091011699905
73,0.15340791424310615,0.597005438829165,0.08651584955617578,0.04297372462795959,0.04120393217445045,0.07889314056914272
74,0.1719787953742696,0.573025040313381,0.08647721493406325,0.04530144630977779,0.04383899535901208,0.07937850770949675
75,0.0325245986857065,0.0542578646054242,0.09793547692152346,0.3522037143707631,0.38382235197555087,0.07925599344103161
76,0.7442620136373181,0.09089030211727729,0.045566800732610865,0.030086625781133147,0.029670708329842452,0.059523549401817914
77,0.03321953004289838,0.05514055470369503,0.10117988055044114,0.34777339761597215,0.3824305848014661,0.08025605228552692
78,0.6327478888415233,0.17424750298144756,0.05488415778038196,0.034709972558574956,0.03417410108730577,0.06923637675076619
79,0.08854820140270066,0.582027720403532,0.11244383996738093,0.0605264590764169,0.05714782603308631,0.09930595311688323
80,0.6267042999174789,0.18511035840796014,0.05218036719863342,0.03349640462327587,0.03280460353599624,0.06970396631665571
81,0.7614527650072952,0.07252763723884612,0.04944994481065237,0.029947290882910666,0.029671543819614128,0.056950818240681746
82,0.6505488512515042,0.1663683113806852,0.055566076756881744,0.03324121797006145,0.032636030641880316,0.0616395119989874
83,0.6618741740188504,0.15668677582610374,0.05238849181407858,0.033098102290463366,0.03281378716385876,0.06313866888664507
84,0.10190424297399081,0.21624261185184632,0.1259305840743288,0.05861920787377861,0.056283812949310216,0.44101954027674556
85,0.7046016771738846,0.11834282499782488,0.05220504850622254,0.031484437409577716,0.0309062879905968,0.06245972392189348
86,0.03901807662850546,0.064533001710985,0.12732346599745448,0.32496751786864886,0.35090865006123645,0.09324928773316957
87,0.1107421699983498,0.22365744095255174,0.1016030743233193,0.05451211017879788,0.05321667687482255,0.4562685276721584
88,0.1200859081173955,0.6380923333000991,0.07158861183334059,0.04445464619729213,0.04290791301757096,0.08287058753430222
89,0.03641615806322382,0.06317289889871834,0.12018065687856609,0.35937913816787664,0.3373802886678237,0.08347085932379118
90,0.5494339449593574,0.27267848566621283,0.052942972834420086,0.03278660687510909,0.03200527260061261,0.06015271706428808
91,0.05068222727922229,0.09256178139666198,0.18522286488101278,0.2925006671723454,0.2669770849635652,0.11205537430719278
92,0.03927192984576503,0.06846867556812589,0.13326876017343714,0.35898441046380264,0.3105335846625933,0.08947263928627605
93,0.0352386491410173,0.0612711086210032,0.10806039638497322,0.35646195364330063,0.35708050092685917,0.08188739128284628
94,0.7412194004008754,0.09141168307060332,0.04818129299507172,0.030443944594374005,0.030112363169513143,0.058631315769562625
95,0.07982332346755357,0.1751471178110714,0.4310793988082544,0.07774851165806718,0.07472594462572778,0.16147570362932553
96,0.2401048581376936,0.5280765472779118,0.07773592625354957,0.0427277587928357,0.04155235306498376,0.06980255647302602
97,0.1406872641414998,0.6276912507571865,0.0750779152008681,0.04146670592643605,0.040091305679305404,0.07498555829470444
98,0.08896892954001631,0.1949919649710787,0.4098290150881892,0.06969306485009064,0.06772644616700157,0.16879057938362346
99,0.035518674149493605,0.058607604140647244,0.1121651223346847,0.3361825457343794,0.3730562323901257,0.08446982125066951
100,0.03948902261174374,0.06739291513922643,0.13515567141801935,0.35374403151929534,0.31410262042784576,0.09011573888386916
101,0.09421603651208454,0.19855211816231194,0.4405892801780645,0.07245174632632138,0.07043796686226458,0.12375285195895291
102,0.17952899717998066,0.5776504988020043,0.06981445403036166,0.042465918634757994,0.041291470338485216,0.08924866101441002
103,0.16531780034015375,0.29574371920053927,0.10237062868182757,0.04962376956480183,0.04883610155750113,0.33810798065517655
104,0.07329927561263892,0.15258064839898403,0.4795792059056547,0.08168631697772376,0.07745275976340635,0.13540179334159216
105,0.07046118909556577,0.14859809846786418,0.48876632511180157,0.09393332000715406,0.08624228810173373,0.11199877921588074
106,0.0686999029238437,0.14485385854785743,0.4706864501546623,0.09976206171558416,0.09172834159332566,0.12426938506472601
107,0.07317579322522495,0.14916829959762332,0.4536754771070783,0.08120469464654667,0.07699978792729097,0.1657759474962361
108,0.6861564160836073,0.14353871519671987,0.05268010179020597,0.03088917657019985,0.030275977415759728,0.056459612943507174
109,0.03915518363393939,0.0671518666695735,0.13873236962050986,0.3269598814240092,0.3161988075832017,0.11180189106876653
110,0.0715380710197266,0.15041413262255549,0.132243674809614,0.06986790800410865,0.06867287025869603,0.5072633432852992
111,0.0680066880829025,0.14571487982343248,0.44364495592698056,0.10612710156432452,0.09616602811620506,0.14034034648615476
112,0.1210722392092901,0.23430339227918712,0.10613654011794434,0.05209263596521591,0.05060533313518091,0.43578985929318154
113,0.036870500851761884,0.06187989071626583,0.12820297242660295,0.3642056596766031,0.3206300041397294,0.08821097218903699
114,0.12141448610006911,0.5562988286067532,0.10878468713211024,0.058886108476731265,0.057150726710972925,0.09746516297336334
115,0.19328815659301105,0.5826861716426757,0.06882670324130133,0.04126236122747872,0.040101734406856715,0.07383487288867635
116,0.038518529996202575,0.0683889805874281,0.13531985182513448,0.33692537243318116,0.31368068733994287,0.10716657781811104
117,0.06850352368455041,0.14142775545720276,0.4801162989706601,0.09262597406524445,0.08720245021486638,0.13012399760747606
118,0.3114053837227988,0.48751095422699076,0.06066641961764662,0.03656868639518863,0.03585164546973032,0.06799691056764476
119,0.031038600947495058,0.05007033166534345,0.10427746289038477,0.3450666407766634,0.3840163915353986,0.08553057218471448
120,0.05832845031444637,0.1210667755089009,0.387990084841706,0.15132188316284287,0.1367269608185838,0.14456584535352
121,0.03679661411364305,0.06209979465171031,0.1219257994385036,0.34242464214516294,0.34888746631027195,0.08786568334070846
122,0.03512377153724266,0.05802551160907486,0.11502724150569481,0.3483544620208019,0.35823096108242397,0.08523805224476161
123,0.07227819407307007,0.1462326175643818,0.48955068441757515,0.08349641172534872,0.0794616621177863,0.12898043010183782
124,0.6829174965760458,0.13989309282568263,0.05488292749608839,0.03218026000862841,0.03176750747727538,0.05835871561627929
125,0.6908116306294025,0.12959184215583555,0.05139147107196985,0.03297800080388947,0.032666771343857516,0.06256028399504494
126,0.1719787953742696,0.573025040313381,0.08647721493406325,0.04530144630977779,0.04383899535901208,0.07937850770949675
127,0.23779826169601775,0.5115381111917177,0.0856320431601546,0.04570402431009301,0.044416358414683214,0.07491120122733377
128,0.1965470249192404,0.5545533082794799,0.08376670502709983,0.04553752659768225,0.04391710714974538,0.07567832802675188
129,0.08506544017007193,0.6657401684096749,0.074812872638146,0.04632256587119516,0.04486511482126088,0.08319383808965061
130,0.034044272457560976,0.05702904956711997,0.10730879213015825,0.35576065391929623,0.3704899169943851,0.07536731493147927
131,0.09897174166170358,0.6417749667369009,0.08099441707877535,0.046933240839100616,0.0457807807358343,0.08554485294768506
132,0.041062025933233895,0.06583607780416084,0.1605000819036271,0.3078591165955057,0.3262612390171553,0.09848145874631727
133,0.10317037745996523,0.6490255445620844,0.07402366748134799,0.04555680503027742,0.04443814004151563,0.08378546542480916
134,0.6005548890413026,0.2012772535632479,0.06091727878757307,0.03346498808243485,0.033080350875411446,0.07070523965003037
135,0.7321822796563398,0.09145199836935086,0.05167896716093673,0.03210439833591395,0.03181461067427779,0.060767745803180874
136,0.42018130048671354,0.37859174514484156,0.057489270842635165,0.035154187009703214,0.03443032928815116,0.07415316722795569
137,0.08875992245211357,0.1801296637963113,0.11270444403841944,0.059090580990485156,0.057565720498654445,0.5017496682240158
138,0.35428683786171566,0.40989935055747784,0.08110568691523905,0.043039729225576716,0.041892953138839645,0.06977544230115093
139,0.038995801767989405,0.06541544370742712,0.14168983511848965,0.32960189308808185,0.3335663514593004,0.090730674858711
140,0.10892198477037426,0.21788316366264682,0.1051047270363578,0.05447428033313097,0.05285470938948612,0.4607611348080041
141,0.7502345945390027,0.08765345094027051,0.046897730374789476,0.030478888704995488,0.030003177614395814,0.05473215782654615
142,0.6231473967898596,0.17488371608448086,0.05849263325088846,0.03330470430814596,0.03313457398850716,0.07703697557811788
143,0.6608844189896083,0.16394384307547447,0.050316958291560826,0.03078650608071054,0.030455670703114054,0.06361260285953133
144,0.7037346756510198,0.11286534851374407,0.05023384796582364,0.03287630485299789,0.032576223727607705,0.06771359928880681
145,0.03293779142249677,0.05495318921985628,0.09935571431246158,0.34859059257401465,0.38565272996048094,0.07850998251068948
146,0.06369359870290348,0.125168790745386,0.4755764418270768,0.09428160056789262,0.08865886540971617,0.15262070274702527
147,0.035326449849978965,0.06084525474430526,0.11012256441790731,0.36636176500111944,0.3456668998961903,0.08167706609049843
148,0.09714681859579878,0.20695911010538898,0.12285235407214923,0.059044838770549994,0.05782494952086039,0.4561719289352526
149,0.10599474180270112,0.218676646147788,0.12408796529278134,0.055307496416854784,0.05409305665027025,0.44184009368960436
150,0.03184363857364693,0.050533864969697334,0.11294658264108196,0.33819696346549444,0.3802214294920983,0.0862575208579807
151,0.7423296111426395,0.08837799433696032,0.04693360116589297,0.030722092573586574,0.030396934235459097,0.06123976654546122
152,0.03137023447635696,0.05165517127670092,0.1119227122254096,0.3568880181834486,0.36868801653618566,0.07947584730189844
153,0.7333835661724679,0.0934634261332307,0.04847115902080992,0.03081048314028187,0.0305120691907402,0.06335929634246962
154,0.7509201357942643,0.08234058943692993,0.048902226550452746,0.030530781431485004,0.030167006120978834,0.05713926066588921
155,0.7437259129368707,0.08695525716246778,0.05097415044991888,0.03078978132699984,0.030434550844070377,0.05712034727967251
156,0.07022961187071244,0.14371063952238122,0.43840086826617775,0.08453529189666834,0.0802234721483702,0.18290011629569003
157,0.13122862011579012,0.23802612433326858,0.0938685793321057,0.050390268836343594,0.049334595507438656,0.4371518118750533
158,0.07783054384832366,0.16668591046906134,0.44882991184442583,0.07770088628355651,0.07414909872103494,0.15480364883359748
159,0.10453052478455094,0.6372529883578639,0.07955646164000861,0.04625951558867575,0.04459442446263904,0.08780608516626225
160,0.12713931822510988,0.2603950381574231,0.11313940527025686,0.05517553509776109,0.05368973849813042,0.39046096475131903
161,0.028355380724074876,0.04540764818094649,0.08429635245685685,0.360540027157653,0.4070772713384895,0.07432332014197951
162,0.035145794146880203,0.05792372804563499,0.1176837455618838,0.3648317650602297,0.33588639645333523,0.08852857073203638
163,0.03663761447759807,0.06138169093845835,0.11114630026367338,0.3397904549778476,0.36614437384496046,0.08489956549746198
164,0.10549493834936674,0.21163914373089834,0.099802624188845,0.05370280998051908,0.05187099644681266,0.4774894873035578
165,0.7262107974417185,0.10174753279863354,0.0525417962620443,0.03149011171096902,0.031087122713457746,0.05692263907317669
166,0.11338458956016509,0.5882127486230961,0.08592998295515718,0.05191682432407642,0.05076378916931752,0.10979206536818749
167,0.06353837874858491,0.13245464880581545,0.4646659627229114,0.10555101259018182,0.09839130914375205,0.13539868798875412
168,0.07460366608266275,0.1551210566162754,0.45821776643617756,0.07953446625560719,0.07625870033812591,0.15626434427115132
169,0.07827655246747336,0.1577103131468145,0.44381768413799527,0.0763097197394845,0.07351920289298614,0.1703665276152462
170,0.7077618306115715,0.1148906549737967,0.05005280543502261,0.0324393305832179,0.03204060744348993,0.06281477095290108
171,0.03243882492165782,0.053473397267772456,0.10070234230360452,0.34143401674333984,0.3905311044253803,0.08142031433824498
172,0.11574872829207619,0.22373541429040275,0.08485503280683877,0.05247824150708692,0.05206881531667352,0.471113767786922
173,0.6586696296530709,0.1608060977248993,0.053239260187403624,0.03316394546344376,0.03266395701858443,0.061457109952597955
174,0.09400126110834661,0.2160812932755755,0.3842215486704616,0.06659180858033661,0.06465210774058233,0.17445198062469747
175,0.08098166798148876,0.16768597826329362,0.47977840001553496,0.07503620407640792,0.0715044389601704,0.12501331070310417
176,0.08867652773457274,0.1808787449327828,0.1367368484432001,0.061415329348017585,0.059368202925393465,0.47292434661603333
177,0.07584924007663447,0.16269336941288348,0.12031978948532368,0.06424545424409113,0.06330373988281536,0.5135884068982524
178,0.08563865572142315,0.18172080243816696,0.13758180615421597,0.060380655340248925,0.05847490472825381,0.4762031756176912
179,0.07057746694727073,0.1452783131850679,0.4874595817884661,0.08816534644885853,0.08312804786224862,0.1253912437680882
180,0.09690712952464653,0.20758461297715436,0.11669025509061633,0.05331447620027947,0.052227220233439134,0.47327630597386416
181,0.12277344917522985,0.2467752641291546,0.10202304197028073,0.051392422097297684,0.050264524192612375,0.4267712984354249
182,0.03695547370505415,0.06194928960081587,0.1257928084445346,0.3449700306031113,0.3447097668901191,0.08562263075636416
183,0.027463192035365607,0.045736394541889366,0.0850246613723625,0.3656002764969282,0.4041328530516558,0.07204262250179821
184,0.0979793569894787,0.23171447509639215,0.36851635804657357,0.06497033658766758,0.06293193257098724,0.17388754070890086
185,0.08719947876269182,0.1789211694976521,0.16586897618622076,0.06350942465939004,0.06166736310503538,0.44283358778901016
186,0.034331011182382735,0.054542400634184876,0.12665588071738965,0.35822323289841085,0.3338518365760842,0.09239563799154768
187,0.08624324127267403,0.6129516557635464,0.1015211506040284,0.05333822841470151,0.0508241593095658,0.09512156463548413
188,0.09424030301321136,0.19847860676249418,0.11352955386327906,0.0541214345176064,0.05300820466517324,0.4866218971782358
189,0.03324946168482873,0.056482788368368064,0.11050493369269723,0.3743138143783344,0.3459523308438692,0.07949667103190194
190,0.06735461891678698,0.13625739291568378,0.48252314695655807,0.10062749563140853,0.09437845391838552,0.11885889166117754
191,0.0357730670098195,0.061794547170487074,0.10888435255920209,0.3501685667514592,0.36030023041995474,0.08307923608907719
192,0.03395274660005416,0.056489632585798026,0.11468276565550277,0.3420818120080995,0.3609990055338556,0.09179403761668939
193,0.728569688898908,0.09612742127301502,0.05317392424148914,0.029919098154195477,0.02966747428329997,0.06254239314909242
194,0.08743379276501663,0.18894913879065858,0.4651457016219849,0.07363390897534278,0.07019373317872096,0.11464372466827627
195,0.031946719832602166,0.0520262836235726,0.11069711038824112,0.3450028531979477,0.3721902810191782,0.08813675193845791
196,0.6609316711528961,0.1591130187192932,0.052126757962923986,0.03279335716809675,0.03239069584768615,0.06264449914910372
197,0.7509683292719721,0.0854245342602265,0.047333162274662305,0.030138181635402217,0.029693023287789375,0.056442769269947284
198,0.06735461891678698,0.13625739291568378,0.48252314695655807,0.10062749563140853,0.09437845391838552,0.11885889166117754
199,0.6763512493713529,0.14338973141517464,0.04973722398055399,0.03196094136669575,0.03150478083504994,0.06705607303117272
200,0.1433540480588285,0.5511883832892074,0.10217663136952033,0.054157878114836966,0.05268777904518026,0.0964352801224265
201,0.6865501780116704,0.13688033180162298,0.048332259871941015,0.03175163685405598,0.03145318889869847,0.06503240456201108
202,0.13755337314754784,0.2699929257650264,0.0952096465147387,0.05014122988715917,0.04850114553686304,0.39860167914866496
203,0.7341898826538232,0.08961527340543003,0.05625457494853238,0.030924807169531335,0.030623468470718986,0.058391993351964294
204,0.705990217281647,0.12117783950419207,0.05133240091449452,0.03185615125225616,0.03142248915674855,0.058220901890661855
205,0.11913620373199263,0.23478599651617946,0.10679113221482377,0.052437274421487115,0.05116854918164257,0.4356808439338743
206,0.07448543890467939,0.15620704567379742,0.4861608049133855,0.08656995000068535,0.08251430524064846,0.1140624552668041
207,0.10086995004604338,0.22971839377995212,0.11763847204475014,0.05560922057864777,0.05319754526672346,0.4429664182838836
208,0.06580918632981934,0.13834040902813963,0.4685289460307419,0.11045448358714428,0.09977946523184311,0.11708750979231153
209,0.11377723081044427,0.6506599603773986,0.06965436049172481,0.04374630485749082,0.04268697281011484,0.07947517065282673
210,0.08795994873289399,0.19486494637096138,0.46798005997034386,0.06897613837035506,0.06565024185352057,0.11456866470192492
211,0.3831471849542108,0.3949249436814033,0.0720160879964388,0.04046888398979178,0.03934637592544567,0.07009652345270957
212,0.07374911592838541,0.15172884498742512,0.13044919486628082,0.06629773607768458,0.0652611131639919,0.512513994976232
213,0.7077371730813639,0.11285953284444111,0.05371996216456337,0.03244729522541667,0.03189930728758719,0.06133672939662773
214,0.033699507028683726,0.05454734691142567,0.10427078813205161,0.3487440000088493,0.3813047129191397,0.07743364499984975
215,0.19174872888386604,0.583795157973051,0.06737041781942796,0.039373310055261984,0.03824900287920103,0.07946338238919191
216,0.08329044752922836,0.1730877488038028,0.12636376380349043,0.06282883237232334,0.06186162974591626,0.49256757774523874
217,0.11096300583473441,0.6307546786044292,0.08686563813939213,0.04652247168694676,0.044962418178961454,0.07993178755553595
218,0.11301058752476752,0.22619477882479083,0.12500654779586537,0.056156312455347614,0.05456163697801652,0.4250701364212123
219,0.07784706922748015,0.16050358658732256,0.10286801108110542,0.06631411249945847,0.06571257238958789,0.5267546482150458
220,0.7226385103869417,0.10516771367430468,0.05148540354169056,0.03141244856775177,0.031082907324949987,0.05821301650436113
221,0.03907339119616933,0.06488982595612759,0.14577049510164689,0.324326044455918,0.3152883094282648,0.11065193386187364
222,0.03416249516064947,0.05935670255612303,0.10838381069298728,0.37638412844619884,0.34566858903612097,0.07604427410792007
223,0.07641449930415234,0.1624509255064896,0.46638423917473476,0.08011348587384366,0.0760252871244746,0.13861156301630512
224,0.4304474447664383,0.3776897435405026,0.05671510755380491,0.035659709839708,0.034966196838920514,0.06452179746062534
225,0.0420073554048523,0.07444083832543241,0.14425165766893933,0.3308744940999757,0.30055315376203806,0.10787250073876191
226,0.11148796282283482,0.22348256785389192,0.12343733542608024,0.05669594498991273,0.05524440764389394,0.42965178126338616
227,0.033465277288537085,0.05244144509799556,0.11623596459046527,0.3446152136048617,0.36900431855529575,0.08423778086284445
228,0.08852316641299807,0.6387330204287084,0.08646524360739662,0.050958097454885255,0.04931046438278598,0.08601000771322577
229,0.15003349659449702,0.27302066008869025,0.07691080559446282,0.04780704700712816,0.04709268006479251,0.405135310650429
230,0.06652307048621925,0.13846821666171247,0.47930177177530237,0.10477341708399288,0.09596136294206463,0.11497216105070844
231,0.0920756756710971,0.18900729046559442,0.11805110246642034,0.05893625887567614,0.05774972116279063,0.4841799513584214
232,0.6771643506354832,0.152869233491854,0.05235825080875154,0.030204835485536267,0.02965908478236116,0.05774424479601394
233,0.039775719328882866,0.07182570656862877,0.14265582095659549,0.34675845838757363,0.3051680370378616,0.09381625772045751
234,0.06189233972726906,0.12841800439298715,0.43659507995604546,0.12195867271255738,0.10975219317374914,0.14138371003739175
235,0.17489893232027473,0.6168810361361996,0.06351982307855478,0.0381104399608592,0.03712620616489919,0.06946356233921264
236,0.035994123540467514,0.06225435330971485,0.11376763810661197,0.37266390437541425,0.3379458103687328,0.07737417029905873
237,0.7805590503429047,0.0652145842433995,0.04403377337718813,0.028826154430623138,0.028483999119493633,0.05288243848639084
238,0.10272372786048921,0.21568755566459685,0.12010991144124339,0.05717406225512441,0.05611385750517778,0.4481908852733683
239,0.10983319188464993,0.24542219138467355,0.12260610352706788,0.05579666738452171,0.05327299497852013,0.4130688508405668
240,0.6416346516678879,0.16856940565285625,0.052008062052606226,0.03372825607172065,0.03339797915462103,0.07066164540030809
241,0.7488023788830572,0.0822780482499111,0.048736833407728525,0.030467625810968256,0.0301256466541969,0.0595894669941377
242,0.12295075479365658,0.5447447491788026,0.11357478169584455,0.059195638784406306,0.056752621394784146,0.10278145415250578
243,0.08271279109560224,0.183519343075764,0.443776618162842,0.08029908557441277,0.0757604944226457,0.1339316676687336
244,0.0357730670098195,0.061794547170487074,0.10888435255920209,0.3501685667514592,0.36030023041995474,0.08307923608907719
245,0.034044272457560976,0.05702904956711997,0.10730879213015825,0.35576065391929623,0.3704899169943851,0.07536731493147927
246,0.03177863264158703,0.053761166745428496,0.10793436498791505,0.36882923967080683,0.35548956353206795,0.0822070324221943
247,0.7763196180143789,0.06828589742461882,0.04578010370376189,0.02881423371995946,0.028435594005654347,0.05236455313162677
248,0.1860132084205864,0.5851111929538317,0.0712681218786963,0.04278243590780015,0.04195033641352281,0.07287470442556308
249,0.04435513114425353,0.07458550061284641,0.16276982211539784,0.30483576167448007,0.30017326986749476,0.11328051458552729
250,0.03426203774839893,0.054833613001227806,0.11111248927298484,0.3414950569984512,0.37376118786485496,0.0845356151140824
251,0.07413805114764263,0.15343034261489275,0.48681902315027736,0.08318792987931234,0.07907242446389168,0.12335222874398262
252,0.046549303234720125,0.08629329365959792,0.16347727791262257,0.3173142645474293,0.28465568633584587,0.10171017430978402
253,0.03723913958175013,0.06287572224807196,0.13400843364598114,0.34478634718073603,0.3286941532993068,0.09239620404415398
254,0.03270956603504828,0.05364979977761076,0.0985687912128207,0.35589621105211455,0.3807182548669993,0.0784573770554064
255,0.0746804551816809,0.1498382060225054,0.4585549140948832,0.08033157965422978,0.07673956402395614,0.1598552810227451
256,0.0633466818068859,0.13416379269352358,0.45594259776723345,0.11652588766576259,0.10576521529598093,0.12425582477061348
257,0.7210791741807054,0.10311010061401558,0.05638633384571988,0.03165452753683142,0.03126754302742446,0.05650232079530282
258,0.11160394789216192,0.6307779559136057,0.0748519325856371,0.04675008556580657,0.04561770562195321,0.09039837242083547
259,0.6591551346345883,0.1617928212934671,0.04900515385461272,0.03221484133850445,0.03169718687102857,0.0661348620077986
260,0.03320834770886389,0.057151215614939306,0.10526593595765517,0.3741590419162371,0.3497525331703551,0.08046292563194987
261,0.09591384826996385,0.4973486076886842,0.14648673393255926,0.07047326251988976,0.06680767808088048,0.12296986950802234
262,0.08341744134382519,0.17076522230064742,0.11638499378339656,0.05961511543946783,0.058936713132553505,0.5108805140001095
263,0.7032551474509114,0.12097882062416536,0.048980659290108905,0.03158990325083966,0.03117705346068999,0.06401841592328472
264,0.10962613331979801,0.23164283956220913,0.10917766429046528,0.05278815792042976,0.05127305043652931,0.4454921544705682
265,0.039825750471776486,0.0688087325795439,0.13859180435377216,0.34329811906554364,0.3126946001613474,0.09678099336801642
266,0.07247836093871683,0.1549413990283068,0.47158786343658066,0.0897214596217047,0.08318972020787194,0.1280811967668192
267,0.07710027621594043,0.1572909080412094,0.20441970924552788,0.07625765258244378,0.07378184799650457,0.41114960591837413
268,0.1247637046232598,0.6010791328051064,0.07971833723852981,0.04921064595659801,0.048260198321028173,0.09696798105547774
269,0.037417675206589576,0.06359910974173782,0.12801683033989678,0.3272109105011794,0.350225207259207,0.09353026695138937
270,0.1183655551071499,0.23252655523787527,0.10601719737610897,0.05529682005634247,0.054476722489517515,0.4333171497330056
271,0.037980205120917085,0.06659170031588067,0.12987694428468183,0.3588227872472672,0.32479811287986654,0.08193025015138707
272,0.0768989992007617,0.1608523546742616,0.479691695811105,0.0829774244858417,0.07884056545833479,0.12073896036969552
273,0.03477800655553548,0.05674693678620434,0.12408339219622855,0.340006791615052,0.35690612305053554,0.08747874979644395
274,0.031396940084513325,0.05212816298149485,0.10726536160523063,0.36646818552584365,0.3613240362591713,0.08141731354374604
275,0.03328000793204732,0.05606053045375755,0.11012212632462644,0.34749080245968955,0.37129265681213713,0.08175387601774187
276,0.05598799335562839,0.10273485787656476,0.24174206164464987,0.2208306068741687,0.2117297828636831,0.16697469738530504
277,0.7361896587950217,0.094012310213776,0.0482332117174586,0.029942589422200825,0.02961703559670697,0.0620051942548359
278,0.031500792878117335,0.05249437721129688,0.10052432425839353,0.3516664213102617,0.3867221796951774,0.077091904646753
279,0.03322258151925468,0.05680928416014019,0.10582916918868343,0.3710653036185141,0.35709676908036053,0.0759768924330467
280,0.030842868512797043,0.05238313900597622,0.09306089457758167,0.3730196278948385,0.38173199571713984,0.06896147429166702
281,0.028630993326740153,0.04536541403543312,0.09703834527407827,0.37800354221374505,0.37538393839300827,0.07557776675699483
282,0.03398552598437452,0.058790644875642666,0.10621593994887081,0.37681839627118413,0.3469961337741873,0.07719335914574058
283,0.06758680792371534,0.142968574739775,0.4579294159964534,0.10538093849275242,0.09489801941412387,0.13123624343318008
284,0.1519453223798027,0.5830521110397151,0.07719707130038835,0.046795369834633824,0.04594870292970052,0.09506142251575957
285,0.17755628017539488,0.579824403289509,0.08088047859813217,0.0448323730373152,0.04369896515304925,0.07320749974659947
286,0.036444677842214834,0.06427376020026769,0.12454425757523838,0.3638390702195469,0.32184872085508626,0.08904951330764564
287,0.07748037153728653,0.15889880326096104,0.48343021590245894,0.07864781520984117,0.07521677052428007,0.12632602356517234
288,0.04193113994999498,0.07691402539202448,0.14696555770872122,0.3402846248902713,0.301450361910733,0.0924542901482554
289,0.3564665801803601,0.44943957439927595,0.057724674711435046,0.03527580957368315,0.03450461580398571,0.06658874533125977
290,0.0728729326055147,0.15703595861622363,0.4667360030259967,0.0943963210506891,0.08712000236852495,0.12183878233305112
291,0.1960001491429116,0.5706713034409628,0.07422969430464293,0.04289013264324136,0.04164957840656288,0.0745591420616781
292,0.11913308974967358,0.6545791421853062,0.06828721768825947,0.041852502943826406,0.04065028188240965,0.07549776555052393
293,0.08563038259386664,0.1800351523411418,0.46000626867649763,0.06969522781426349,0.06659192090718638,0.13804104766704384
294,0.03213168844098025,0.05344286600747602,0.10168908892165492,0.3507635042773012,0.381415988837942,0.08055686351464542
295,0.7631795386990216,0.07369331082704328,0.04672029339489601,0.02997831859146699,0.029638977145517276,0.05678956134205464
296,0.08668974791661625,0.18715660479815743,0.3976587923245383,0.06997773410024458,0.06726503711880685,0.19125208374163635
297,0.07910254157149502,0.16976990557089347,0.4316306360055258,0.07899206819165866,0.07572036375247859,0.16478448490794834
298,0.03671048737082365,0.06394898349575563,0.11953359322902764,0.37078256154054284,0.3283751700881245,0.08064920427572593
299,0.0304902226332281,0.051667611832001435,0.09750711757701161,0.37183712383525797,0.37805328679485045,0.07044463732765037
300,0.07639663563508191,0.6395846388165077,0.09275648153765739,0.05165262479543046,0.04939800382392279,0.09021161539139999
301,0.1112790474140025,0.6616646351171916,0.07003482754418329,0.04179961352937315,0.04050842859986955,0.0747134477953799
302,0.13518708041717173,0.25395959763680126,0.10157195254274881,0.05055858993477428,0.049599096701822366,0.40912368276668176
303,0.17134698376142746,0.2759319868034793,0.09791970472798175,0.04770903627146091,0.047192717687951295,0.3598995707476993
304,0.18846008335132938,0.5395216871344629,0.09410197462250412,0.048476793692599315,0.04686440516331392,0.08257505603579043
305,0.09127305679551712,0.1849985128149256,0.11549652003352712,0.05740180008925298,0.056205450195537805,0.4946246600712398
306,0.6786253087100518,0.13680934966780575,0.053065959433010214,0.032293613878796694,0.03202401523957065,0.06718175307076489
307,0.37185890419000645,0.4236193571287349,0.06414198733616638,0.03723719709396285,0.036598250408619706,0.06654430384250966
308,0.27615048478990284,0.4615603430654175,0.08461656451533495,0.04360194005402009,0.04296298275644871,0.09110768481887566
309,0.39446117980085854,0.4016434853992674,0.06965960708566059,0.03564754096201373,0.03463019124666446,0.06395799550553524
310,0.20213663655836628,0.5896569460171268,0.06403338638885812,0.03784908191888902,0.03682191319872296,0.06950203591803636
311,0.03600037189106767,0.059796204899790345,0.1302862637337887,0.3595187287718053,0.3284571838117377,0.08594124689181004
312,0.6197660135247314,0.18826322273432763,0.05416283267698853,0.03483793105547943,0.03447104321080134,0.06849895679767183
313,0.10575653423426419,0.4090108659193591,0.18876940440779705,0.07734367436374759,0.07445516828613147,0.14466435278870027
314,0.06548065316668102,0.13713228057226923,0.45950049742427607,0.11580328993344813,0.10476500783948749,0.11731827106383817
315,0.03396001186361932,0.05558594465589121,0.10651779139445658,0.3452028582112687,0.37657605012820883,0.08215734374655528
316,0.11125395829615549,0.21897351264826564,0.11157866360663746,0.053550587638895114,0.052592436792283155,0.4520508410177629
317,0.7395192854661753,0.09129730002110736,0.048073092868868114,0.031202248986134846,0.030892448120383605,0.059015624537330336
318,0.08928653317834555,0.1889347727061842,0.10569628427637709,0.057577495417763,0.056629972546142736,0.5018749418751871
319,0.10679886699745841,0.2287503510935621,0.10632550853412978,0.05465078844045717,0.05345504991027683,0.4500194350241161
320,0.07676388940676926,0.1580555346872949,0.15421882651004568,0.06777407774310508,0.0662827902515081,0.47690488140127696
321,0.706445465994399,0.12223988413321327,0.04762533296105542,0.03050153626665661,0.030123223448398923,0.06306455719627672
322,0.7666002698775851,0.0726588168204696,0.045398274542720704,0.029157108958157422,0.028769063764900422,0.05741646603616636
323,0.12076550040766768,0.628588705510437,0.08084894969401775,0.04604573439819001,0.04459462773219792,0.07915648225748974
324,0.07986635075562185,0.17089593960526211,0.11875907976830274,0.065693458931345,0.06354033138845235,0.5012448395510156
