,proba_0,proba_1,proba_2,proba_3,proba_4,proba_5
0,0.04736323254785931,0.056662567024994906,0.08394504943458835,0.07136566435396374,0.0872735486247833,0.6533899380138103
1,0.06286743395815082,0.09534320206451034,0.15733558223480754,0.0539367854857496,0.07311958004528978,0.5573974162114919
2,0.0767892923803711,0.16632785720089022,0.42382233372080713,0.046424020535287595,0.06253778750824009,0.22409870865440368
3,0.03297864815367264,0.042672523439765374,0.0596788468952906,0.29786124886575766,0.459365550121065,0.10744318252444919
4,0.08405178025932199,0.1550100945197846,0.5157645422549827,0.046599680800199036,0.062159226393866486,0.1364146757718455
5,0.0890276845666454,0.21862140584052983,0.1725217966207715,0.045731938313820816,0.06413665376780686,0.40996052089042595
6,0.03392159709404158,0.04512561286453103,0.06188516239730765,0.41896425190542746,0.3292735828432468,0.11082979289544535
7,0.06315532572904362,0.0984250972337493,0.5476246154312803,0.05554072706657791,0.07350426633685933,0.16174996820248966
8,0.08628511797008405,0.18871759487687262,0.2025749013725836,0.04410987411343482,0.061803306130845746,0.41650920553617876
9,0.032216448601292566,0.04002904246619586,0.05543033448820277,0.11465547903552566,0.6636479178573552,0.09402077755142746
10,0.7264818267983145,0.1251684030276235,0.05922773914978456,0.02234200104593151,0.029327206953019925,0.03745282302532584
11,0.08056693378550998,0.15820838535662352,0.4585852800680207,0.04582674007564578,0.06189643211951451,0.19491622859468527
12,0.10205184887508183,0.5907821346866734,0.1354800744096432,0.0361108623524847,0.048378645026219316,0.08719643464989778
13,0.07571107503665754,0.1536859963622862,0.4389914642099629,0.0483625901002692,0.06399776961472226,0.21925110467610168
14,0.11847313300063259,0.6139766675660446,0.11174282258367699,0.0339919517983065,0.04596509051484419,0.07585033453649494
15,0.03721563612174853,0.05024563228911162,0.07290358109721128,0.49507084144192687,0.20372946673713577,0.140834842312866
16,0.07480506981758815,0.1406462232877931,0.5127770515379293,0.050790769753472575,0.06807597945599707,0.15290490614721963
17,0.033849045067657874,0.043475932842528014,0.061599862677818584,0.6471503669774834,0.10947249970138914,0.1044522927331232
18,0.2737651594695041,0.5338556266087827,0.08034891379931244,0.026769173872376983,0.03596398070315142,0.04929714554687272
19,0.718389433368229,0.13083507357079913,0.0607936721269959,0.022504327456708266,0.029620309554955253,0.03785718392231225
20,0.749085351574429,0.1105225437858452,0.05472522975587846,0.021795996948812943,0.028600608956129113,0.03527026897890535
21,0.06095828168457525,0.08255609619497044,0.10428798435239704,0.056809398037639534,0.07866419629967941,0.6167240434307384
22,0.2573213585626611,0.5315982026115252,0.09417659900818373,0.026982340977155066,0.03604193844204698,0.05387956039842758
23,0.04078833932589627,0.05737447443550287,0.08439157027389996,0.4703992951847162,0.16958457389855905,0.1774617468814257
24,0.8059812491329195,0.07198962402984606,0.04567370800966021,0.01996703328666118,0.02601600355007668,0.030372381990836153
25,0.032019159011956816,0.04040104243025201,0.0550088298468047,0.1966454330293249,0.5833474602768506,0.09257807540481108
26,0.7524357419032652,0.10917410741112131,0.05378999069665545,0.021704311539561497,0.02837134706377513,0.03452450138562185
27,0.03268705828578507,0.042214551580095815,0.05959433531673805,0.5186136133443472,0.2419075673631155,0.10498287410991822
28,0.05434851896747807,0.07081596039535075,0.10520274541045899,0.061183530958995126,0.08156865093255755,0.6268805933351592
29,0.03662835129040969,0.050334273447830966,0.0661585197958768,0.4200704830533015,0.30575255229956805,0.12105582011301264
30,0.05852257716080047,0.07476961190725057,0.15902102925678624,0.053159418961862985,0.07375107575103113,0.5807762869622688
31,0.07859746910540881,0.1357103340940565,0.1301557708803664,0.04927496821494074,0.0697030134511524,0.5365584442540752
32,0.03770005224229301,0.051322139582243416,0.07123885923385592,0.544520852208521,0.16283975156874433,0.13237834516434233
33,0.033830367207433674,0.043217615552650995,0.06184105510620376,0.11499086533482179,0.6353607495503797,0.1107593472485102
34,0.20701669409642515,0.5560464529005007,0.10404290450932478,0.029060427920347114,0.03974961298597207,0.06408390758742996
35,0.053695232957165835,0.07960564158706172,0.44826538206547883,0.061383862083033286,0.07778615018613222,0.2792637311211281
36,0.08276704899637623,0.18059268032715525,0.19207044379369909,0.04602553707586611,0.0635667235851848,0.4349775662217186
37,0.09649785036578347,0.5505945623267113,0.15473918464403705,0.03827744802911539,0.05196562512230209,0.10792532951205076
38,0.03701330296657112,0.05044746384589131,0.07391047128314684,0.4590661874741838,0.23195937229033878,0.14760320213986844
39,0.08491920228752416,0.16900762007452588,0.17472351158311406,0.04615342229666811,0.06520545342746623,0.45999079033070184
40,0.17372844189280512,0.580937159060369,0.11198665793439799,0.029886775915324428,0.04011127987490969,0.0633496853221935
41,0.051266305216544586,0.06606784247836618,0.10777353012574505,0.06801517465467678,0.09126718949216898,0.6156099580324985
42,0.03704823915649925,0.04911855792041507,0.07189551905433066,0.5530516239707924,0.15308866244450256,0.1357973974534602
43,0.08460208270126587,0.14521352496961432,0.524668988114232,0.046961565045362294,0.062233627495145515,0.13632021167438022
44,0.06931804876000981,0.11382556606032135,0.11533696945326508,0.05448971599459933,0.07571833100381663,0.5713113687279877
45,0.7687236327137188,0.09438258299525175,0.05333499120961325,0.021173027268712317,0.027644038773591752,0.034741727039111825
46,0.031996464904406725,0.041844722128661874,0.05870665859545354,0.34968303603560874,0.412321950009647,0.10544716832622204
47,0.0325429684232863,0.04271396281096316,0.06069409624715124,0.4403171228482462,0.313857357627544,0.10987449204280887
48,0.6727121018082004,0.17439035959462204,0.059483171180633274,0.022976613591996608,0.030161750425280565,0.0402760033992674
49,0.03635735971651596,0.04863570153067543,0.06847319567843438,0.5369590916074907,0.18316181193052103,0.1264128395363625
50,0.09932112023520834,0.570664691397364,0.15052200902582985,0.03775986155333814,0.050549024772905155,0.09118329301535463
51,0.5757479609387287,0.2504036671444749,0.07171706156339057,0.02471870996029209,0.03301178261886913,0.044400817774244546
52,0.08260262205070086,0.16383131002344248,0.46746110524280077,0.04629992681698762,0.06250962887009749,0.17729540699597082
53,0.05405579810649557,0.07822781657261935,0.4714234199550406,0.05877062114556867,0.07662147257549111,0.260900871644785
54,0.06901589996208043,0.10518880635098089,0.1192775625921989,0.05204325997611507,0.07292007259537527,0.5815543985232492
55,0.06910790955142265,0.1098579076255662,0.15757344602042078,0.05070638282134096,0.06863028339726765,0.5441240705839819
56,0.035712859763503885,0.046088104106107836,0.06220614259545291,0.13034427797905815,0.6162444132126856,0.10940420234319166
57,0.050950437729413045,0.06843770896532834,0.47392903553890736,0.05915363933235857,0.07580586830933217,0.27172331012466006
58,0.06244100950276917,0.10214491040409822,0.4855211773621115,0.05491360834382936,0.07151455437252988,0.22346474001466185
59,0.06983586106412414,0.11818498832783099,0.553847605076241,0.05461382378677649,0.07308403383890787,0.13043368790611964
60,0.035081895234228215,0.04714391966709511,0.06428628108910925,0.30985963621885987,0.42565266201871227,0.11797560577199528
61,0.03530115783579624,0.04768153447702457,0.06685275838913328,0.48787458253581195,0.23683141144740488,0.12545855531482858
62,0.216332688778333,0.5688227918047398,0.09495007746838739,0.02812944898355079,0.037725863316364815,0.05403912964862418
63,0.213394906929161,0.5630621135089723,0.09957281817713355,0.028449512838993486,0.038027861219251634,0.05749278732648831
64,0.03819944329659144,0.05218990622077792,0.07373067548403398,0.5520580616360778,0.14466185523492872,0.13916005812759003
65,0.03660752677699503,0.04997985199522697,0.07420725771495225,0.4202061834139221,0.2675428779841865,0.15145630211471722
66,0.10581530863831669,0.6073473866830291,0.1208322639593803,0.0351558215368947,0.04707356123656923,0.08377565794580989
67,0.0339370238856148,0.04455038321171447,0.06135818276245292,0.22234364178813887,0.5299553483584897,0.10785541999358905
68,0.037969630486711495,0.049401246346444,0.06660025576439887,0.09756350056262542,0.6300347389397437,0.11843062790007654
69,0.1322296701127605,0.5751018508902792,0.13821713077550524,0.033562138959589385,0.04521780109109018,0.07567140817077506
70,0.047044493701884134,0.05650969879258481,0.07954401962526332,0.07200180005936531,0.08823607275946023,0.6566639150614422
71,0.03577359944159851,0.047105087704599286,0.0688665080299866,0.5068564812490013,0.21141126528219983,0.1299870582926147
72,0.07485657381348063,0.14792023726085526,0.4492320368162803,0.04678973275228877,0.0628640105610064,0.21833740879608834
73,0.10828788817840068,0.5433580100432563,0.16488085371412992,0.03678159339707236,0.05003837623214669,0.09665327843499402
74,0.1387871841077399,0.6119326116641169,0.10873718447241348,0.031950376872544047,0.04315003834349257,0.0654426045396929
75,0.031416114455799546,0.04012739931253089,0.056446773005104985,0.24070186459878332,0.5333650836612998,0.09794276496648173
76,0.7777880254180697,0.09049108318875168,0.05045350285436551,0.020894949906970734,0.02721752746974561,0.033154911162096457
77,0.03328737497634199,0.042821045583226684,0.058441792942822215,0.17243283861438008,0.5914064289395561,0.10161051894367319
78,0.7297763141052235,0.1316585083457359,0.05206318607060528,0.021891371304767968,0.028590624350744786,0.03601999582292265
79,0.08897211684147173,0.4872494773921251,0.18680043652568332,0.04164268854659591,0.05639808629792141,0.1389371943962027
80,0.7251996172556321,0.1335677313451471,0.05411751419241042,0.022095308856612993,0.028886286769072875,0.03613354158112426
81,0.7677374590644718,0.09748982124487325,0.05195732160604761,0.021208343987014537,0.027740249796067495,0.03386680430152513
82,0.6782983381946533,0.162795544269542,0.06494425853875414,0.023290932790566224,0.03080897606311516,0.03986195014336942
83,0.7623820920417658,0.09476552987762123,0.05716072550903048,0.021414402001697985,0.02804106369042487,0.03623618687945936
84,0.0811317764957013,0.15584642567873622,0.14550927312204928,0.04820912809864962,0.06818625384788245,0.5011171427569806
85,0.6509423570353802,0.18954013915665044,0.06463571067627442,0.023698599568689638,0.031138445996841728,0.04004474756616401
86,0.032482570181630706,0.04177315419996353,0.05931694849962499,0.23332017105086822,0.5286156806697045,0.10449147539820788
87,0.05849641971378688,0.07547373320484711,0.11432057088188871,0.0564781798704812,0.07792886948871526,0.6173022268402805
88,0.18862864788714484,0.5851420755895823,0.09609136864116503,0.02895382163841866,0.039053812541636694,0.06213027370205286
89,0.034814616091043284,0.04678215810230941,0.06471824863151557,0.4664041611266607,0.26871703808870784,0.11856377795976315
90,0.4528793008893596,0.36843123169846675,0.07570364348076121,0.02509984198989098,0.03325226345423083,0.04463371848729034
91,0.03459792802357031,0.04723876391748137,0.07141347709045963,0.40412575896328895,0.2962416941814087,0.14638237782379118
92,0.037639091294458894,0.05113704502209295,0.07382617054146223,0.5552313167215117,0.14195820266566456,0.14020817375480923
93,0.03883054973548028,0.0542242981001899,0.07532037532945572,0.4641859826131727,0.21929623045345523,0.14814256376824544
94,0.7736834316688421,0.09054820651359285,0.05334509725240663,0.021034212753441216,0.02739717493927024,0.03399187687244674
95,0.07711156229177955,0.19759230585136503,0.4201472791746494,0.05043397472933647,0.06808581947534229,0.18662905847752737
96,0.14006558855162715,0.6180983708249941,0.10057745425966055,0.03170746876804816,0.0428552256880507,0.06669589190761904
97,0.1588391885323477,0.5936660252469347,0.11182621453283766,0.03058867091981541,0.04092928383203612,0.06415061693602833
98,0.0887412259314799,0.18984762528040847,0.4277525215125156,0.042861450321083384,0.057915304910208666,0.19288187204430376
99,0.03437839390203067,0.046471866253869946,0.06683799348462344,0.3498727301067521,0.3759775525532207,0.12646146369950337
100,0.03803825039674802,0.05159762233434317,0.07524721783876036,0.5110406877683642,0.17799037670894496,0.14608584495283936
101,0.04469410094178087,0.05646944883018497,0.25732674678481815,0.07300760754022947,0.08723497917933411,0.48126711672365297
102,0.21268741027203503,0.5701696306064572,0.09483400900190354,0.02834060118872182,0.03778054067241881,0.05618780825846388
103,0.05625877983280206,0.07116790132190043,0.11701279013888455,0.05681968479590321,0.07313448531931008,0.6256063585911997
104,0.06380784945117011,0.10804926177909187,0.5304900816222122,0.05663877849356896,0.07520197700303671,0.1658120516509202
105,0.08264265009843959,0.1531021448753072,0.5325843639482156,0.0496826383079645,0.06655574874418045,0.11543245402589258
106,0.06401280458820627,0.1097710755206248,0.5305030565621502,0.057548251130031994,0.07593169385810582,0.16223311834088078
107,0.05700824709566431,0.08642330097724105,0.3794718807891408,0.05476213437803912,0.07227951932289263,0.3500549174370229
108,0.6294044680154098,0.20161620523008292,0.07125705867075863,0.02410659455150348,0.03196635351725483,0.041649320014990034
109,0.03586329818435796,0.04921552337457125,0.06806170909853132,0.39478004014178053,0.3231133024853498,0.1289661267154088
110,0.08114348091568954,0.17896458298362136,0.17065228306988306,0.04839255176657093,0.06653010749027856,0.45431699377395646
111,0.0665871200233337,0.11413884170040234,0.4965643629391889,0.056738871797642074,0.077420325703396,0.18855047783603682
112,0.05514276026831694,0.0811404219762829,0.14295578114174606,0.06326334309191557,0.08345621485161178,0.5740414786701264
113,0.038816194820043684,0.05350760935929903,0.07765242221833313,0.5008569332699437,0.17465993154260823,0.1545069087897725
114,0.08943886295248708,0.5426324508067201,0.15324510280247233,0.0413139804006556,0.05714904063019428,0.11622056240747053
115,0.18533451309571655,0.594955478725442,0.09232152740756572,0.02904884242308689,0.03903790650108447,0.059301731847104557
116,0.029047323399236998,0.03696075632102876,0.053494562896449965,0.4042136738264191,0.38336159955257465,0.0929220840042905
117,0.07396827631926402,0.13555572122228357,0.48723920554740435,0.050373090360740384,0.0677327662768625,0.18513094027344493
118,0.3318490566252704,0.4888186696466445,0.07226908631238198,0.02579284861585042,0.03428145960773666,0.046988879192115654
119,0.0382079170228368,0.05063310907547423,0.07179170902774011,0.12088186629870498,0.5835866196204506,0.13489877895479283
120,0.054654178124952324,0.08224604463561952,0.5128389849295113,0.0709075139220188,0.09013093715273143,0.18922234123516687
121,0.03392514090231124,0.044187639583185064,0.0609553178755172,0.1926580944542736,0.5602192088302824,0.10805459835443085
122,0.03789928880504741,0.05253485846628574,0.07596229482815793,0.26544238572018986,0.4104329509522531,0.15772822122806587
123,0.0678279861783434,0.11072881508838085,0.5251236387362388,0.052411108445779106,0.06933668795495641,0.17457176359630153
124,0.6680625966522946,0.16987314495916842,0.06676060882826013,0.023485863622182145,0.03090041774003137,0.04091736819806363
125,0.7878422379731668,0.08659481150168093,0.04659661778439048,0.020553976675886307,0.02681285973379279,0.03159949633108286
126,0.1387871841077399,0.6119326116641169,0.10873718447241348,0.031950376872544047,0.04315003834349257,0.0654426045396929
127,0.13247836896491844,0.572916338304673,0.1295342962577154,0.03343937932753265,0.046084881659151415,0.08554673548600922
128,0.12377229515917555,0.5986578115858535,0.12200300522874201,0.03389018817423742,0.04632426728884397,0.07535243256314705
129,0.10718001669062212,0.5821050480104588,0.1389603992263522,0.03616751524828738,0.04865656256617857,0.08693045825810097
130,0.03253288680252932,0.043009832929989604,0.06092156983281941,0.3615499026811311,0.3918394929417455,0.110146314811785
131,0.10168970070724737,0.6187732069587953,0.11767271534923003,0.03632586599000409,0.048895350120587294,0.07664316087413572
132,0.04390864565304066,0.06388961492258642,0.08390151343483042,0.18994216423578822,0.4471663381990487,0.1711917235547054
133,0.16303724724497282,0.6061934258730197,0.09524429379493016,0.030330209240063747,0.04135682183867923,0.06383800200833441
134,0.47205824503766963,0.34781257091818485,0.07498098285608804,0.025260746809824097,0.033741993992657086,0.04614546038557661
135,0.7562954463303633,0.10447781712111139,0.054076798023490205,0.021473750056154393,0.028093458598420714,0.035582729870459996
136,0.4944315279764858,0.32272903936888886,0.0771686650554615,0.025138643277283833,0.03367093214843249,0.04686119217344736
137,0.06721408271456274,0.11603855167996022,0.1370969749927678,0.05544416639183085,0.07532497422771277,0.5488812499931655
138,0.19835765925837026,0.5978333620713413,0.07830228633776219,0.028062334733112513,0.0379567002965457,0.05948765730286867
139,0.034664948616673685,0.04632757488263942,0.06283348789048662,0.3139780969641629,0.43095861847334505,0.1112372731726923
140,0.06379197653743479,0.09536047185443225,0.1389793886999883,0.05475012207700313,0.07568244372319599,0.5714355971079457
141,0.7663882748089973,0.09766893168851391,0.052449734925941786,0.02127574454974495,0.027860717960998867,0.034356596065802956
142,0.7029884485920451,0.14828688954224586,0.05847932722265812,0.022782571125966544,0.029903548635316163,0.03755921488176823
143,0.6303016474396599,0.20278678180205195,0.06942603988415524,0.024120101892114228,0.03173849588962032,0.04162693309239845
144,0.776572418568839,0.09101867170714888,0.04999444718995784,0.021030966730355375,0.027614777280611152,0.03376871852308813
145,0.03590565539084244,0.04778007399435239,0.06418349822064019,0.1908404999190799,0.547156412870022,0.1141338596050632
146,0.0567801499772948,0.08383310982976132,0.40945812234178686,0.05466999133954243,0.07086348739505184,0.32439513911656265
147,0.034143229885804816,0.044597234491130545,0.060436805765461635,0.5222978432492172,0.23349146825537764,0.10503341835300839
148,0.05607294164528753,0.0704977053516581,0.1415868813710675,0.05510883693948257,0.07508703286367097,0.6016466018288334
149,0.0730066772106895,0.1131641377669103,0.1475792847710646,0.04847505622877413,0.06704486303067742,0.5507299809918835
150,0.038064258126861414,0.05032930642104634,0.0683278610484782,0.10473882439617656,0.6128097137295582,0.12573003627787968
151,0.7297406361807409,0.12367386754251182,0.057967994014380846,0.022270154095586917,0.02926021666971529,0.03708713149706416
152,0.03575436179367953,0.04896606491443016,0.06612814876934636,0.25127427279833425,0.4751870791751058,0.12269007254910427
153,0.7367110150177258,0.1196772994811281,0.05605525397617598,0.02208548362765744,0.028969351123034556,0.036501596774278146
154,0.7176864632549494,0.13307696241279357,0.05988269572412777,0.022559661334031,0.029648839653826708,0.03714537762027138
155,0.7037938193902212,0.14074334099448374,0.06338252513648941,0.022885230249721878,0.030144401555376163,0.0390506826737077
156,0.052541558455142814,0.07689297788603505,0.36696754961101374,0.05985598419342258,0.07786288917871963,0.365879040675666
157,0.057534762316092086,0.07250702989358589,0.1195728411961782,0.05595614801606762,0.07512182955952199,0.619307389018554
158,0.08324743087457882,0.20378076257309763,0.4312045200673995,0.04619898505397907,0.06229314243181285,0.17327515899913207
159,0.1337574656834158,0.6189989737985587,0.10479605026049751,0.031850308030053905,0.04246400188972641,0.06813320033774768
160,0.0633024734475958,0.08722432541726696,0.1252493176746879,0.053289342388339725,0.0718334421199915,0.5991010989521182
161,0.040322139451376394,0.054468026922463594,0.07551022339822545,0.11489973121203147,0.5705474217804156,0.14425245723548696
162,0.038811653216964746,0.05325449168922044,0.07928045855495355,0.4586045123804156,0.20650449828352782,0.16354438587491787
163,0.032066059761428484,0.04185274748108642,0.056979201436816874,0.32451765909264163,0.4449772621398052,0.09960707008822159
164,0.06973478341673307,0.12567979410852997,0.12967490300142345,0.05470909991916099,0.07618393236035062,0.5440174871938019
165,0.720418403166357,0.13285564868257455,0.05767436166054595,0.022445802158573242,0.029549647627280486,0.03705613670466898
166,0.2520356858414043,0.5432404408054059,0.0802166695151583,0.027605147110763305,0.03809251910169538,0.05880953762557252
167,0.07089045463872308,0.13881065890247093,0.4974839560249337,0.05463772269735287,0.07183496456199259,0.16634224317452653
168,0.07775016335098034,0.18959155995943933,0.41087207459556074,0.04800516902899079,0.06482521793571253,0.20895581512931605
169,0.058799463968274644,0.08615500514683318,0.3056173238162683,0.05130762330165452,0.06776799989689211,0.43035258387007747
170,0.6957867079221857,0.14650476512289365,0.06377290014236242,0.02300710402184709,0.030283027126570303,0.04064549566414094
171,0.0337627509005748,0.042745872806056524,0.058990567447504756,0.1042466140137653,0.6584370135931136,0.10181718123898482
172,0.045322730489708106,0.05352150031340444,0.08198833310074852,0.07914094384746138,0.10274602319204414,0.6372804690566334
173,0.6763333527101484,0.15877405245809217,0.06847820112043404,0.023425294468877436,0.03093444975948492,0.042054649482963016
174,0.08226293295938025,0.19669713572022213,0.379760494231509,0.04344357274778435,0.05873902011445832,0.23909684422664595
175,0.07560618190982465,0.13776226962090857,0.5113369372932628,0.048551547914645866,0.06489795442792815,0.1618451088334299
176,0.07887366666374614,0.16860086437475824,0.18674349952242356,0.04814912209666525,0.0669612119401663,0.45067163540224053
177,0.07473965549057618,0.14077341602879268,0.16489811675515845,0.05054642573324622,0.0717707198931399,0.4972716660990863
178,0.08074784729448152,0.1839886386049956,0.18874909389508995,0.04797935074945836,0.0671275514142682,0.4314075180417067
179,0.06067629256566711,0.09491116983923499,0.48741395595273956,0.053912742671105254,0.07126975135244074,0.23181608761881237
180,0.07539681596271533,0.1309354517894243,0.15124125109250317,0.0491004714534608,0.06668725430302475,0.5266387553988716
181,0.07129103689551249,0.12028434211607723,0.12076421436202675,0.05333718970427321,0.07307131531393404,0.5612519016081761
182,0.03657664649523885,0.04824152299026099,0.06559774315247041,0.15862720233971353,0.5741725635451775,0.11678432147713866
183,0.03538805913498007,0.04717034852376842,0.06752297653086066,0.18763566700726644,0.5347693720509032,0.12751357675222136
184,0.08445580894892388,0.1732844604250641,0.42624453248451133,0.04253903283387047,0.05738446746958531,0.21609169783804477
185,0.08770761649665719,0.19319620318414585,0.19759466986469704,0.04421581921500826,0.06214533099703458,0.415140360242457
186,0.03272108119860723,0.04279962399417535,0.06333410725349806,0.5238270690403201,0.2204509115295968,0.11686720698380236
187,0.09029730298986052,0.5278046642215999,0.1723897073947891,0.04064907326205729,0.05492126039460734,0.11393799173708583
188,0.07828421389856996,0.14165473687824404,0.15289900326838218,0.04830236774137017,0.06665428397610135,0.512205394237332
189,0.03414536231515954,0.04461279513091176,0.06323475210890217,0.5313078125353854,0.21286024509058102,0.11383903281905994
190,0.053695232957165835,0.07960564158706172,0.44826538206547883,0.061383862083033286,0.07778615018613222,0.2792637311211281
191,0.031996464904406725,0.041844722128661874,0.05870665859545354,0.34968303603560874,0.412321950009647,0.10544716832622204
192,0.03130405471362935,0.039860040759366756,0.05626873446836074,0.19833998454488447,0.5763991923076031,0.09782799320615577
193,0.7827534771106182,0.0883047088685956,0.04943182401652782,0.020840271671196838,0.027162781483256394,0.03150693684980542
194,0.09033541256780257,0.15493082590849158,0.535671495247912,0.04492772276907281,0.06059552101684241,0.11353902248987843
195,0.04024307110742613,0.05450391388709428,0.07428080384232918,0.13405847879477426,0.5554092055221036,0.141504526846272
196,0.7484507798973402,0.10524288476470614,0.05840439339741532,0.021924098530619086,0.028884596418042384,0.03709324699187689
197,0.6942126362492808,0.14798212756504273,0.06469290069030019,0.023042070068604096,0.03027963140092186,0.039790634025850403
198,0.053695232957165835,0.07960564158706172,0.44826538206547883,0.061383862083033286,0.07778615018613222,0.2792637311211281
199,0.577397698716081,0.2371146787391616,0.07996349277076979,0.024761660008310114,0.03314836068529457,0.04761410908038306
200,0.13640139405051416,0.6271465196526949,0.08563056386157844,0.031161315455793565,0.04208281688174901,0.07757739009767005
201,0.7857360609391478,0.0846271654957628,0.04902096358877993,0.020723600283671845,0.027126847447401008,0.03276536224523653
202,0.068329595716993,0.10857072561523634,0.12717493293675058,0.05251342100679095,0.07213598314659098,0.5712753415776384
203,0.7325022801542096,0.11887653589277805,0.06038742506013676,0.022255844559963347,0.029209508697561733,0.03676840563535093
204,0.7307230946325157,0.1187828683090769,0.06070821064174842,0.0223477678567234,0.029323185609578153,0.03811487295035734
205,0.07370861295385661,0.1169566708118421,0.14777684010743056,0.04851770692767117,0.066535415872811,0.5465047533263887
206,0.04570193879959377,0.05599110676673118,0.42861124782636656,0.06244354766766738,0.07888513464107566,0.3283670242985658
207,0.07346645654874076,0.15173880778585386,0.1566654660934263,0.05260334418535837,0.07282652259088175,0.4926994027957389
208,0.06103046660315861,0.09604499450484594,0.5365674662541927,0.05751271977661294,0.07674400447182192,0.17210034838936758
209,0.13771696862120475,0.5987086707305418,0.11452583569493366,0.03242218416243163,0.04393289492150551,0.07269344586938277
210,0.07495032071664172,0.12181475552594904,0.5473131923693286,0.04987007031256445,0.06649175858210597,0.13955990249341016
211,0.3569019107467666,0.4322604691513792,0.09642283876066503,0.025998057469548728,0.034957849904442416,0.05345887396719809
212,0.06819288095308716,0.11977425697991573,0.15089197227753703,0.05473028171710697,0.07505758873153216,0.5313530193408207
213,0.6883837335499002,0.15916253661969376,0.060563876379760136,0.02295891125605352,0.030216673666362884,0.038714268528229526
214,0.038412635826455176,0.05354615441368517,0.07445957755873656,0.24560553430690246,0.4400373823578788,0.14793871553634164
215,0.20439530236271727,0.5708162460163141,0.09879577577076445,0.028338074403867375,0.03774660509391162,0.05990799635242473
216,0.07761588403672666,0.13898884816231288,0.16782864533623357,0.048640775107988414,0.0684848656885846,0.49844098166815426
217,0.11741158392942855,0.6303454275133384,0.10552959656594003,0.03370971549721466,0.04558780688285133,0.06741586961122745
218,0.08232949338022684,0.15227796527196824,0.14921338249305505,0.047394500143615695,0.06699495021382117,0.5017897084973127
219,0.059879248654605886,0.07691089854150306,0.13619009715502028,0.05446636885960726,0.07456813214858694,0.5979852546406762
220,0.7410869693528531,0.11304421080476348,0.058331639924591144,0.021996202904196186,0.02881146327498258,0.03672951373861318
221,0.036466836998951806,0.05012772181593987,0.07454409211667197,0.45564146664393707,0.2327465557767084,0.15047332664779078
222,0.03552534409241706,0.04743807724262253,0.06655727038266784,0.5454942246545407,0.18357847830424392,0.12140660532350774
223,0.0846226058331075,0.1805076020101621,0.47355603574933425,0.04684591581268518,0.06321199496447134,0.1512558456302395
224,0.4223807517280237,0.39962274960472066,0.07293747003527064,0.025245577982830034,0.03360383111432454,0.046209619534830625
225,0.03348171091478049,0.044064107981086446,0.0629404591474139,0.48334660402773677,0.2617895119399069,0.1143776059890752
226,0.06447284546028485,0.089826665558517,0.1394455196280148,0.052175653304840613,0.07212190775114116,0.5819574082972014
227,0.033545841227999335,0.0436255695714337,0.06211488174751532,0.1533030812422825,0.5949140321248457,0.11249659408592354
228,0.0958138789287683,0.5824892181431341,0.13419332780407983,0.03792334821344026,0.051554906900408114,0.09802532001016931
229,0.051971346000941894,0.06423961751528531,0.09982201608568778,0.06456885914453285,0.08625243860118927,0.6331457226523628
230,0.05832855905267127,0.08584560568372895,0.5263607350959363,0.057085774171019434,0.07540597264532584,0.19697335335131824
231,0.06622307494585497,0.09927660195541156,0.15103809618937192,0.05158085342483014,0.07290051704701767,0.5589808564375139
232,0.6550918274081392,0.1864991007190475,0.06477249390705792,0.023574289768265665,0.0309241195625977,0.03913816863489199
233,0.039503984422248554,0.05468747362519314,0.07613289227789392,0.5377183540743691,0.1469888997225928,0.14496839587770272
234,0.05661155860344319,0.08407604892307835,0.4924073229512564,0.05781530375756724,0.07619779646292439,0.2328919693017303
235,0.1509999092540611,0.5949815978543871,0.11466372368178938,0.03135341796470539,0.04202855679325209,0.06597279445180482
236,0.03686866022983248,0.049575165865092446,0.07016887638025594,0.5711134090723188,0.14324445021967178,0.1290294382328285
237,0.8102974946258661,0.06878340833114023,0.04530984191258584,0.01979232353583754,0.025806698535070206,0.03001023305949962
238,0.05605225515112024,0.06934715329459887,0.1395991979038239,0.05561611624074514,0.07386649578963958,0.6055187816200723
239,0.07513420705418265,0.15566536665779937,0.14329521163112155,0.05250154384620045,0.07310092053530742,0.5003027502753881
240,0.7532871678093691,0.10740887237690637,0.053642701724629795,0.021630915852726855,0.02846045843979893,0.035569883796569425
241,0.8073708430167701,0.0728672400671458,0.04404536179843505,0.019852713033987605,0.02579747602575827,0.030066366057903304
242,0.10597757909264384,0.5983895426060125,0.1135708741289219,0.035182275162007615,0.048470393924886224,0.09840933508552754
243,0.0893939093976301,0.2806794263291525,0.3851637156933648,0.047194011565354306,0.06396486603050427,0.1336040709839939
244,0.031996464904406725,0.041844722128661874,0.05870665859545354,0.34968303603560874,0.412321950009647,0.10544716832622204
245,0.03253288680252932,0.043009832929989604,0.06092156983281941,0.3615499026811311,0.3918394929417455,0.110146314811785
246,0.0307420932391248,0.039540713576800994,0.057515223648600775,0.43977811301757513,0.3292299751083868,0.10319388140951129
247,0.7525015791352976,0.10565629451008945,0.05618597628855135,0.02171439567283502,0.02848428584270509,0.035457468550521294
248,0.22585601516144185,0.5868481278871127,0.07130709228624017,0.027669982427539017,0.037260245612086455,0.05105853662557982
249,0.03652413939478081,0.047627254399753814,0.06920742606886182,0.11630446948239674,0.5991013957329061,0.13123531492130092
250,0.0331138187438918,0.042220179629424676,0.0569744627353882,0.12503154485110934,0.6453751625682334,0.09728483147195215
251,0.0725368730186932,0.12322587846238163,0.5189372306333971,0.0500013983381056,0.06694113837866712,0.16835748116875549
252,0.03388338573912865,0.0451684925159483,0.06448630085927554,0.48841721778136216,0.2501607005784989,0.11788390252578657
253,0.034994790306000716,0.047776398108905146,0.06683974728853995,0.3233517866214333,0.3999740240291266,0.12706325364599405
254,0.03862845044606659,0.05427607506845514,0.07446197350110785,0.23652850833932598,0.4486892977323568,0.1474156949126875
255,0.05703667893851302,0.08691484839554894,0.38192194293330184,0.053755321337023196,0.07147398374422613,0.3488972246513869
256,0.07023552926816322,0.11997146442351585,0.5252693370516016,0.05340884152946522,0.07185570856374525,0.15925911916350863
257,0.6446169582893485,0.18687643314539665,0.07089735773053539,0.02404879998670597,0.03180195250633352,0.04175849834168008
258,0.21439319923935637,0.5904090237271831,0.0767291546830212,0.027748057171788673,0.03710497442737169,0.0536155907512791
259,0.6967839048286383,0.14678158244666975,0.06316025876177288,0.023049120931555398,0.03039910045841311,0.039826032572950545
260,0.0335879415580988,0.044726340676458365,0.06395336234774039,0.4356150548442752,0.30307773507043234,0.11903956550299452
261,0.08382108762181242,0.44251782531938366,0.1977639541241308,0.045506279412807965,0.06253149296615079,0.16785936055571454
262,0.06960047142665489,0.10481072210224877,0.13714056969153546,0.05115185189466593,0.07261842848336267,0.5646779564015323
263,0.6999319601287468,0.14436669242452038,0.0625375774606047,0.02295940817971611,0.030308719479932904,0.039895642326478964
264,0.07707880302188995,0.14544605995804155,0.14106148456838757,0.05022145116552994,0.07011499247778621,0.5160772088083649
265,0.0314464484167747,0.04006363156135818,0.05698298585427637,0.5993786710093663,0.17438290871559342,0.097745354442631
266,0.08246717013811128,0.21142655390669568,0.44802535848237984,0.04922082042856335,0.06651051050973464,0.14234958653451538
267,0.09343255432708011,0.21569390995229829,0.24254900919099295,0.04079934135902572,0.057700252489437054,0.34982493268116605
268,0.13024373420945762,0.5926497048336862,0.11725339079331326,0.033061837515115274,0.04535491883516845,0.08143641381325903
269,0.035998525853174805,0.0493798250712993,0.0640811066461991,0.29548344743704974,0.43891448405650163,0.11614261093577508
270,0.05138163488449669,0.06121401558660706,0.11893391702937683,0.06089109576745664,0.07950434582465593,0.6280749909074064
271,0.03795772761564574,0.05147559442953948,0.07444725148494395,0.5418243168083885,0.15262524951935208,0.1416698601421306
272,0.05737076358016007,0.07931412167065713,0.5354982766706871,0.05588808139126973,0.07415127615870694,0.19777748052851904
273,0.03307871550086304,0.041804950562173156,0.056000581225205334,0.11699009611481972,0.6580793372069698,0.09404631938996935
274,0.03662835129040969,0.050334273447830966,0.0661585197958768,0.4200704830533015,0.30575255229956805,0.12105582011301264
275,0.032294222326990064,0.040777429427508304,0.05587487414080059,0.2046410630295998,0.5715016683602795,0.09491074271482161
276,0.0442299795261846,0.06237692873785768,0.10243943014807758,0.36598165148265516,0.17118061227472037,0.2537913978305047
277,0.7649523484105375,0.09938206981370042,0.052500469930554274,0.02133854902056769,0.027876691240095973,0.03394987158454399
278,0.03585280702492959,0.04638371082847076,0.06286335566570812,0.09975742590595148,0.6433936191288244,0.11174908144611582
279,0.03589874644980096,0.0479611065887531,0.07052737415349318,0.4993211802198983,0.21047701482562908,0.13581457776242553
280,0.035405034278688206,0.048400564076304935,0.07044153187093137,0.35379405412231046,0.3519356986913484,0.14002311696041672
281,0.03265909899402854,0.04270598831873482,0.06419193847256205,0.45011323769876027,0.28896648672579056,0.12136324979012394
282,0.03608847301004824,0.04812882806791548,0.0686663189339624,0.519572882990167,0.19917500588844247,0.12836849110946424
283,0.0808604192919372,0.1405391067255907,0.5504114015830625,0.04875304458061923,0.06567415404259247,0.11376187377619766
284,0.2956796230496073,0.5199339596272735,0.07286495744975482,0.026381868383615035,0.03541017333577937,0.04972941815397015
285,0.12515088491854354,0.6199411377312349,0.10738101041431494,0.03303241994161091,0.04466465594088431,0.06982989105341143
286,0.035706257774404254,0.04750194319185141,0.06768010980603074,0.5847469685939206,0.14167556620685984,0.12268915442693316
287,0.06316627857371764,0.09243442076708691,0.5239860820870463,0.05125900544411125,0.0683186199152938,0.20083559321274386
288,0.038084408597987916,0.05293790696510319,0.07480633528435675,0.5109614845036143,0.17931223711932745,0.14389762752961058
289,0.2634479792031194,0.5387726960380287,0.0840957907987105,0.026956788938877395,0.036006474840952825,0.050720270180310854
290,0.08533810461889364,0.18772110002776596,0.4782578561778732,0.048111236735801484,0.0651547972059652,0.13541690523370087
291,0.10702383069742852,0.5720642056797933,0.14374727468662582,0.03652804544540251,0.04950909630962464,0.09112754718112544
292,0.1514668629470838,0.5995462248151255,0.11154804507462274,0.03103297305808649,0.04149630642964673,0.06490958767543481
293,0.07220423573701809,0.11925008318677145,0.5310940575678624,0.04919674044066248,0.06500266165840723,0.16325222140927811
294,0.03498210234431285,0.04549982422868328,0.06119383961248566,0.18443724760782873,0.5657024801323176,0.10818450607437188
295,0.730891915210154,0.12026397507666621,0.05984587206002916,0.022250550593824418,0.029201733279264005,0.03754595378006251
296,0.05232745459508761,0.07254879893918867,0.39597535683059365,0.05693813394680699,0.07261805966133382,0.34959219602698915
297,0.0700245346718386,0.1497805412916232,0.4115314699110737,0.050203093593930076,0.0680134454490716,0.25044691508246275
298,0.037304605364285696,0.050559486021361726,0.07124979950031135,0.5319538979634268,0.17533976068825183,0.1335924504623624
299,0.03069607876915338,0.04003723505171754,0.057302553886160616,0.3988483007524447,0.37034522177231327,0.10277060976821063
300,0.09167392713239247,0.5715849827203042,0.14656477579878155,0.03864661342758309,0.051903527145609155,0.09962617377532935
301,0.12100553396847391,0.586421275069815,0.13485321332112557,0.03421778044720522,0.04594124733693106,0.07756094985644918
302,0.06830029151491418,0.10487805331001275,0.1110542695844789,0.05380351291121601,0.07320592247204054,0.5887579502073376
303,0.05554489615220466,0.06950666959069386,0.09753968212930712,0.05849941140652085,0.07518868423822422,0.643720656483049
304,0.13194707325878047,0.564569202036351,0.1348327282615027,0.03377624895608793,0.046748180580509086,0.08812656690676895
305,0.07001450462442589,0.11212088689083616,0.15052742997332536,0.05111087530988712,0.07178176180214894,0.5444445413993769
306,0.7179523312664299,0.1418258033374832,0.05301330488586878,0.022407520702098074,0.029362980994647667,0.03543805881347255
307,0.2644733788000649,0.5455428913991416,0.07752952350071253,0.027037353586718063,0.03627519231065599,0.04914166040270677
308,0.29743599070968973,0.5205139311910002,0.07125199312704864,0.02648911297124932,0.03569289766925685,0.04861607433175568
309,0.28891756464450535,0.5036098371220985,0.09447559684946312,0.02682028706831209,0.03594809930142985,0.0502286150141913
310,0.18601165488022792,0.5887793104993937,0.09795443685772182,0.029117189196307253,0.03896923865379708,0.05916816991255236
311,0.03541182810864179,0.0471564797908642,0.06871794617640782,0.5923636417319723,0.12965406460715775,0.12669603958495615
312,0.7730482486334505,0.09090518871707891,0.05181037090577956,0.02108993228228768,0.02776029236920954,0.035385967092193576
313,0.06488941066378524,0.1727259526681871,0.314392872105795,0.06164550171686916,0.09240055866035493,0.2939457041850079
314,0.07413991898522934,0.13680003581318467,0.5263600570508992,0.05332600644733352,0.07119636420668947,0.13817761749666377
315,0.03229079769764559,0.04051602356639219,0.05430753237321052,0.13355990771271892,0.6485805907848955,0.09074514786513731
316,0.0629078121031801,0.08628736583180079,0.13380101773410544,0.053219210072745514,0.07329717373599186,0.5904874205221766
317,0.8057406648020423,0.07290903203337294,0.044881107471419865,0.019966549540615136,0.026006542949141224,0.030496103203408398
318,0.05414214528532871,0.07209948904447411,0.14202626225367931,0.05931809443749057,0.0822898713130987,0.5901241376659287
319,0.06898444281616002,0.1041566563617959,0.14997513430007622,0.05047737475904825,0.06949791925966181,0.5569084725032577
320,0.0815656572751602,0.17602906630121393,0.19420692334669548,0.04653270430972141,0.06528002740287195,0.4363856213643371
321,0.7217490030194108,0.12979497299159443,0.05864572837134198,0.022567553485155323,0.02971427233113345,0.03752846980136418
322,0.7700082369295197,0.09663373347136789,0.051124538625537126,0.021177068863176135,0.02764884066901258,0.033407581441386495
323,0.122701127643179,0.6169446222764549,0.10922771543304806,0.032994466080649223,0.04432850532773425,0.07380356323893456
324,0.0731471866822236,0.1598010290257822,0.14582789335245674,0.055213553462873266,0.07576827024689621,0.49024206722976793
