,proba_0,proba_1,proba_2,proba_3,proba_4,proba_5
0,0.342,0.136,0.086,0.006,0.004,0.426
1,0.036,0.094,0.302,0.008,0.004,0.556
2,0.032,0.244,0.536,0.004,0.0,0.184
3,0.0,0.004,0.0,0.402,0.592,0.002
4,0.036,0.122,0.762,0.0,0.004,0.076
5,0.056,0.15,0.33,0.01,0.01,0.444
6,0.0,0.01,0.006,0.588,0.386,0.01
7,0.024,0.05,0.83,0.0,0.0,0.096
8,0.074,0.24,0.26,0.004,0.006,0.416
9,0.002,0.004,0.0,0.26,0.73,0.004
10,0.992,0.002,0.002,0.0,0.0,0.004
11,0.03,0.134,0.656,0.002,0.0,0.178
12,0.006,0.92,0.038,0.0,0.002,0.034
13,0.006,0.146,0.706,0.006,0.022,0.114
14,0.072,0.812,0.04,0.004,0.006,0.066
15,0.006,0.002,0.006,0.682,0.266,0.038
16,0.032,0.132,0.742,0.004,0.0,0.09
17,0.004,0.014,0.036,0.72,0.15,0.076
18,0.046,0.878,0.044,0.0,0.008,0.024
19,0.856,0.07,0.03,0.004,0.002,0.038
20,0.964,0.028,0.002,0.0,0.002,0.004
21,0.33,0.064,0.064,0.004,0.006,0.532
22,0.046,0.852,0.048,0.0,0.002,0.052
23,0.002,0.006,0.05,0.482,0.354,0.106
24,0.96,0.036,0.0,0.0,0.0,0.004
25,0.0,0.004,0.0,0.44,0.554,0.002
26,0.898,0.078,0.004,0.002,0.002,0.016
27,0.0,0.0,0.002,0.782,0.214,0.002
28,0.034,0.062,0.124,0.01,0.006,0.764
29,0.006,0.012,0.016,0.662,0.268,0.036
30,0.024,0.066,0.268,0.004,0.002,0.636
31,0.31,0.092,0.148,0.004,0.004,0.442
32,0.0,0.002,0.022,0.75,0.174,0.052
33,0.002,0.032,0.026,0.328,0.572,0.04
34,0.214,0.52,0.11,0.002,0.014,0.14
35,0.014,0.138,0.634,0.014,0.024,0.176
36,0.104,0.22,0.156,0.002,0.004,0.514
37,0.034,0.872,0.058,0.002,0.004,0.03
38,0.002,0.0,0.008,0.684,0.286,0.02
39,0.3,0.126,0.24,0.008,0.006,0.32
40,0.016,0.926,0.036,0.0,0.0,0.022
41,0.082,0.078,0.072,0.008,0.006,0.754
42,0.0,0.0,0.02,0.696,0.246,0.038
43,0.016,0.078,0.762,0.028,0.024,0.092
44,0.174,0.102,0.222,0.012,0.004,0.486
45,0.982,0.018,0.0,0.0,0.0,0.0
46,0.0,0.006,0.0,0.48,0.514,0.0
47,0.0,0.006,0.006,0.61,0.374,0.004
48,0.632,0.206,0.04,0.004,0.01,0.108
49,0.0,0.0,0.004,0.824,0.164,0.008
50,0.01,0.812,0.102,0.0,0.018,0.058
51,0.89,0.086,0.008,0.0,0.002,0.014
52,0.042,0.108,0.564,0.002,0.0,0.284
53,0.016,0.054,0.776,0.0,0.0,0.154
54,0.326,0.176,0.156,0.004,0.004,0.334
55,0.206,0.106,0.118,0.004,0.004,0.562
56,0.0,0.004,0.0,0.14,0.848,0.008
57,0.04,0.17,0.506,0.002,0.004,0.278
58,0.024,0.104,0.668,0.0,0.006,0.198
59,0.022,0.09,0.74,0.004,0.0,0.144
60,0.004,0.002,0.004,0.33,0.652,0.008
61,0.0,0.0,0.0,0.808,0.186,0.006
62,0.098,0.828,0.048,0.0,0.004,0.022
63,0.204,0.646,0.07,0.002,0.004,0.074
64,0.002,0.006,0.034,0.764,0.106,0.088
65,0.008,0.004,0.012,0.58,0.356,0.04
66,0.016,0.916,0.026,0.0,0.008,0.034
67,0.004,0.038,0.034,0.436,0.444,0.044
68,0.002,0.008,0.002,0.274,0.708,0.006
69,0.084,0.77,0.042,0.004,0.018,0.082
70,0.128,0.064,0.094,0.026,0.014,0.674
71,0.004,0.0,0.002,0.648,0.31,0.036
72,0.044,0.218,0.524,0.004,0.0,0.21
73,0.012,0.818,0.112,0.006,0.0,0.052
74,0.062,0.836,0.046,0.004,0.014,0.038
75,0.002,0.002,0.002,0.418,0.572,0.004
76,0.96,0.034,0.004,0.0,0.0,0.002
77,0.002,0.004,0.0,0.31,0.682,0.002
78,0.72,0.172,0.03,0.002,0.008,0.068
79,0.068,0.714,0.082,0.014,0.01,0.112
80,0.914,0.054,0.006,0.002,0.002,0.022
81,0.982,0.012,0.002,0.0,0.0,0.004
82,0.774,0.138,0.032,0.006,0.004,0.046
83,0.98,0.014,0.006,0.0,0.0,0.0
84,0.128,0.252,0.174,0.006,0.006,0.434
85,0.934,0.034,0.008,0.0,0.004,0.02
86,0.002,0.008,0.004,0.45,0.53,0.006
87,0.332,0.046,0.088,0.002,0.004,0.528
88,0.034,0.878,0.046,0.0,0.002,0.04
89,0.002,0.004,0.008,0.726,0.236,0.024
90,0.534,0.34,0.026,0.002,0.008,0.09
91,0.004,0.016,0.046,0.574,0.302,0.058
92,0.002,0.006,0.02,0.788,0.114,0.07
93,0.0,0.004,0.016,0.328,0.614,0.038
94,0.972,0.024,0.004,0.0,0.0,0.0
95,0.034,0.282,0.438,0.006,0.008,0.232
96,0.114,0.752,0.048,0.006,0.014,0.066
97,0.016,0.93,0.036,0.0,0.002,0.016
98,0.06,0.19,0.534,0.0,0.0,0.216
99,0.004,0.012,0.03,0.4,0.5,0.054
100,0.002,0.004,0.032,0.7,0.21,0.052
101,0.174,0.078,0.45,0.01,0.018,0.27
102,0.06,0.668,0.14,0.002,0.02,0.11
103,0.23,0.174,0.18,0.016,0.006,0.394
104,0.056,0.13,0.65,0.004,0.006,0.154
105,0.034,0.108,0.794,0.0,0.0,0.064
106,0.152,0.09,0.636,0.004,0.0,0.118
107,0.02,0.122,0.616,0.002,0.0,0.24
108,0.818,0.102,0.026,0.0,0.006,0.048
109,0.0,0.0,0.016,0.628,0.322,0.034
110,0.024,0.106,0.182,0.006,0.004,0.678
111,0.036,0.19,0.474,0.01,0.032,0.258
112,0.076,0.164,0.13,0.002,0.008,0.62
113,0.002,0.002,0.024,0.602,0.29,0.08
114,0.106,0.578,0.094,0.016,0.022,0.184
115,0.038,0.926,0.02,0.0,0.0,0.016
116,0.0,0.014,0.006,0.624,0.338,0.018
117,0.03,0.128,0.672,0.0,0.002,0.168
118,0.134,0.77,0.028,0.002,0.008,0.058
119,0.006,0.03,0.038,0.246,0.624,0.056
120,0.01,0.072,0.646,0.048,0.05,0.174
121,0.0,0.01,0.004,0.38,0.6,0.006
122,0.004,0.002,0.024,0.332,0.612,0.026
123,0.016,0.076,0.808,0.002,0.0,0.098
124,0.952,0.038,0.002,0.0,0.0,0.008
125,0.976,0.024,0.0,0.0,0.0,0.0
126,0.062,0.836,0.046,0.004,0.014,0.038
127,0.1,0.596,0.122,0.018,0.022,0.142
128,0.16,0.616,0.072,0.006,0.02,0.126
129,0.028,0.882,0.052,0.0,0.01,0.028
130,0.0,0.002,0.006,0.466,0.52,0.006
131,0.04,0.832,0.058,0.004,0.008,0.058
132,0.004,0.03,0.046,0.454,0.388,0.078
133,0.044,0.864,0.062,0.004,0.004,0.022
134,0.714,0.21,0.02,0.002,0.002,0.052
135,0.974,0.016,0.002,0.0,0.0,0.008
136,0.708,0.204,0.03,0.002,0.006,0.05
137,0.058,0.09,0.2,0.01,0.004,0.638
138,0.244,0.594,0.064,0.01,0.016,0.072
139,0.008,0.03,0.044,0.464,0.372,0.082
140,0.068,0.112,0.138,0.002,0.006,0.674
141,0.948,0.046,0.004,0.0,0.0,0.002
142,0.784,0.112,0.026,0.008,0.008,0.062
143,0.93,0.06,0.004,0.0,0.0,0.006
144,0.932,0.036,0.01,0.002,0.004,0.016
145,0.002,0.018,0.016,0.376,0.566,0.022
146,0.004,0.11,0.688,0.004,0.008,0.186
147,0.0,0.0,0.002,0.658,0.334,0.006
148,0.03,0.062,0.242,0.002,0.006,0.658
149,0.32,0.146,0.21,0.008,0.006,0.31
150,0.002,0.046,0.058,0.228,0.61,0.056
151,0.98,0.004,0.002,0.002,0.0,0.012
152,0.006,0.024,0.036,0.484,0.398,0.052
153,0.946,0.036,0.004,0.002,0.0,0.012
154,0.972,0.008,0.002,0.002,0.0,0.016
155,0.954,0.026,0.006,0.002,0.0,0.012
156,0.022,0.1,0.608,0.002,0.002,0.266
157,0.334,0.052,0.116,0.002,0.0,0.496
158,0.08,0.296,0.486,0.01,0.008,0.12
159,0.006,0.928,0.046,0.0,0.002,0.018
160,0.344,0.144,0.2,0.01,0.002,0.3
161,0.006,0.048,0.058,0.196,0.638,0.054
162,0.0,0.0,0.022,0.622,0.316,0.04
163,0.0,0.014,0.006,0.552,0.418,0.01
164,0.048,0.098,0.178,0.012,0.008,0.656
165,0.948,0.03,0.002,0.004,0.0,0.016
166,0.206,0.45,0.156,0.002,0.014,0.172
167,0.022,0.142,0.636,0.004,0.012,0.184
168,0.006,0.216,0.524,0.004,0.006,0.244
169,0.042,0.156,0.532,0.008,0.006,0.256
170,0.96,0.024,0.002,0.0,0.004,0.01
171,0.002,0.016,0.026,0.234,0.694,0.028
172,0.308,0.038,0.046,0.006,0.002,0.6
173,0.98,0.01,0.004,0.002,0.0,0.004
174,0.022,0.356,0.418,0.006,0.002,0.196
175,0.03,0.154,0.766,0.002,0.002,0.046
176,0.076,0.288,0.172,0.004,0.01,0.45
177,0.028,0.048,0.1,0.004,0.006,0.814
178,0.042,0.194,0.22,0.006,0.004,0.534
179,0.006,0.066,0.788,0.004,0.0,0.136
180,0.17,0.116,0.214,0.008,0.004,0.488
181,0.33,0.13,0.09,0.006,0.004,0.44
182,0.004,0.016,0.008,0.396,0.558,0.018
183,0.002,0.03,0.036,0.428,0.454,0.05
184,0.038,0.236,0.55,0.002,0.0,0.174
185,0.178,0.214,0.276,0.014,0.01,0.308
186,0.008,0.022,0.028,0.624,0.252,0.066
187,0.006,0.9,0.054,0.002,0.0,0.038
188,0.074,0.084,0.17,0.004,0.004,0.664
189,0.0,0.0,0.008,0.71,0.266,0.016
190,0.014,0.138,0.634,0.014,0.024,0.176
191,0.0,0.006,0.0,0.48,0.514,0.0
192,0.002,0.004,0.008,0.498,0.478,0.01
193,0.968,0.02,0.006,0.0,0.0,0.006
194,0.122,0.108,0.694,0.0,0.0,0.076
195,0.002,0.008,0.016,0.264,0.682,0.028
196,0.952,0.038,0.008,0.0,0.0,0.002
197,0.972,0.024,0.002,0.0,0.0,0.002
198,0.014,0.138,0.634,0.014,0.024,0.176
199,0.912,0.056,0.008,0.002,0.002,0.02
200,0.062,0.79,0.048,0.012,0.01,0.078
201,0.98,0.02,0.0,0.0,0.0,0.0
202,0.16,0.234,0.092,0.008,0.01,0.496
203,0.98,0.008,0.002,0.0,0.0,0.01
204,0.976,0.02,0.004,0.0,0.0,0.0
205,0.326,0.104,0.144,0.002,0.0,0.424
206,0.008,0.052,0.646,0.004,0.008,0.282
207,0.06,0.38,0.184,0.01,0.016,0.35
208,0.012,0.106,0.758,0.004,0.0,0.12
209,0.078,0.806,0.062,0.002,0.008,0.044
210,0.056,0.058,0.672,0.002,0.004,0.208
211,0.364,0.436,0.062,0.006,0.008,0.124
212,0.028,0.134,0.192,0.016,0.01,0.62
213,0.806,0.114,0.026,0.002,0.004,0.048
214,0.004,0.02,0.044,0.202,0.684,0.046
215,0.022,0.908,0.034,0.0,0.002,0.034
216,0.15,0.08,0.21,0.004,0.002,0.554
217,0.018,0.896,0.054,0.004,0.006,0.022
218,0.312,0.19,0.146,0.004,0.004,0.344
219,0.176,0.014,0.072,0.002,0.0,0.736
220,0.99,0.008,0.002,0.0,0.0,0.0
221,0.0,0.01,0.048,0.41,0.474,0.058
222,0.002,0.0,0.004,0.9,0.086,0.008
223,0.024,0.176,0.688,0.002,0.0,0.11
224,0.524,0.362,0.034,0.006,0.006,0.068
225,0.004,0.006,0.012,0.6,0.354,0.024
226,0.334,0.148,0.186,0.008,0.002,0.322
227,0.002,0.03,0.018,0.312,0.616,0.022
228,0.062,0.814,0.052,0.004,0.006,0.062
229,0.312,0.114,0.096,0.004,0.0,0.474
230,0.01,0.064,0.818,0.002,0.0,0.106
231,0.028,0.052,0.184,0.002,0.004,0.73
232,0.794,0.148,0.016,0.0,0.002,0.04
233,0.004,0.008,0.046,0.65,0.186,0.106
234,0.004,0.114,0.598,0.008,0.008,0.268
235,0.048,0.916,0.026,0.0,0.0,0.01
236,0.0,0.0,0.016,0.832,0.11,0.042
237,0.968,0.028,0.002,0.0,0.0,0.002
238,0.31,0.086,0.182,0.002,0.002,0.418
239,0.058,0.326,0.156,0.012,0.014,0.434
240,0.948,0.04,0.004,0.002,0.0,0.006
241,0.952,0.034,0.004,0.0,0.002,0.008
242,0.078,0.654,0.072,0.016,0.036,0.144
243,0.042,0.408,0.356,0.01,0.014,0.17
244,0.0,0.006,0.0,0.48,0.514,0.0
245,0.0,0.002,0.006,0.466,0.52,0.006
246,0.0,0.014,0.002,0.642,0.334,0.008
247,0.952,0.04,0.004,0.0,0.0,0.004
248,0.074,0.812,0.044,0.002,0.006,0.062
249,0.004,0.022,0.046,0.206,0.688,0.034
250,0.002,0.016,0.016,0.55,0.402,0.014
251,0.018,0.064,0.81,0.0,0.0,0.108
252,0.0,0.008,0.022,0.782,0.158,0.03
253,0.008,0.01,0.024,0.53,0.376,0.052
254,0.004,0.028,0.042,0.23,0.652,0.044
255,0.024,0.118,0.564,0.002,0.0,0.292
256,0.01,0.112,0.76,0.006,0.006,0.106
257,0.948,0.028,0.004,0.004,0.0,0.016
258,0.03,0.888,0.042,0.0,0.006,0.034
259,0.94,0.028,0.01,0.002,0.004,0.016
260,0.0,0.0,0.002,0.574,0.42,0.004
261,0.074,0.634,0.064,0.016,0.02,0.192
262,0.042,0.082,0.08,0.002,0.0,0.794
263,0.956,0.038,0.002,0.002,0.0,0.002
264,0.32,0.202,0.086,0.006,0.006,0.38
265,0.004,0.008,0.02,0.774,0.172,0.022
266,0.034,0.324,0.504,0.006,0.014,0.118
267,0.288,0.14,0.374,0.012,0.01,0.176
268,0.056,0.726,0.092,0.01,0.02,0.096
269,0.0,0.024,0.024,0.498,0.426,0.028
270,0.214,0.076,0.244,0.004,0.006,0.456
271,0.002,0.004,0.038,0.662,0.186,0.108
272,0.018,0.06,0.762,0.0,0.0,0.16
273,0.004,0.01,0.01,0.51,0.456,0.01
274,0.006,0.012,0.016,0.662,0.268,0.036
275,0.0,0.004,0.0,0.378,0.618,0.0
276,0.06,0.082,0.1,0.212,0.36,0.186
277,0.952,0.038,0.004,0.0,0.002,0.004
278,0.004,0.022,0.02,0.116,0.798,0.04
279,0.004,0.014,0.026,0.668,0.264,0.024
280,0.004,0.012,0.016,0.426,0.528,0.014
281,0.0,0.006,0.0,0.588,0.4,0.006
282,0.0,0.0,0.0,0.78,0.206,0.014
283,0.156,0.068,0.704,0.006,0.008,0.058
284,0.124,0.708,0.052,0.004,0.01,0.102
285,0.112,0.726,0.05,0.008,0.014,0.09
286,0.004,0.006,0.018,0.802,0.122,0.048
287,0.038,0.06,0.782,0.0,0.0,0.12
288,0.0,0.014,0.042,0.692,0.174,0.078
289,0.208,0.646,0.07,0.002,0.006,0.068
290,0.038,0.168,0.694,0.004,0.0,0.096
291,0.082,0.772,0.046,0.006,0.006,0.088
292,0.026,0.922,0.024,0.0,0.006,0.022
293,0.054,0.112,0.74,0.0,0.0,0.094
294,0.0,0.004,0.0,0.312,0.684,0.0
295,0.986,0.0,0.002,0.002,0.0,0.01
296,0.058,0.136,0.578,0.002,0.002,0.224
297,0.058,0.2,0.452,0.01,0.002,0.278
298,0.0,0.002,0.018,0.75,0.194,0.036
299,0.002,0.002,0.006,0.65,0.332,0.008
300,0.01,0.904,0.056,0.002,0.0,0.028
301,0.02,0.964,0.014,0.0,0.0,0.002
302,0.314,0.062,0.172,0.012,0.01,0.43
303,0.342,0.122,0.188,0.01,0.006,0.332
304,0.134,0.532,0.138,0.014,0.018,0.164
305,0.13,0.088,0.086,0.002,0.002,0.692
306,0.794,0.154,0.014,0.0,0.004,0.034
307,0.144,0.704,0.036,0.002,0.006,0.108
308,0.126,0.704,0.042,0.004,0.004,0.12
309,0.256,0.586,0.076,0.0,0.004,0.078
310,0.048,0.918,0.02,0.0,0.0,0.014
311,0.004,0.01,0.022,0.668,0.23,0.066
312,0.982,0.014,0.0,0.002,0.0,0.002
313,0.02,0.366,0.2,0.042,0.03,0.342
314,0.174,0.094,0.622,0.006,0.024,0.08
315,0.0,0.008,0.0,0.5,0.492,0.0
316,0.29,0.106,0.224,0.008,0.006,0.366
317,0.97,0.026,0.0,0.0,0.002,0.002
318,0.028,0.05,0.114,0.004,0.006,0.798
319,0.31,0.108,0.086,0.002,0.0,0.494
320,0.008,0.064,0.35,0.006,0.004,0.568
321,0.962,0.02,0.004,0.0,0.004,0.01
322,0.966,0.028,0.004,0.0,0.0,0.002
323,0.044,0.87,0.034,0.002,0.006,0.044
324,0.024,0.164,0.266,0.014,0.016,0.516
325,0.026,0.098,0.626,0.01,0.012,0.228
326,0.054,0.762,0.076,0.012,0.012,0.084
327,0.002,0.036,0.032,0.16,0.71,0.06
328,0.05,0.176,0.188,0.006,0.01,0.57
329,0.0,0.006,0.0,0.354,0.638,0.002
330,0.918,0.072,0.0,0.002,0.0,0.008
331,0.372,0.16,0.064,0.012,0.018,0.374
332,0.104,0.22,0.156,0.002,0.004,0.514
333,0.012,0.94,0.034,0.0,0.0,0.014
334,0.904,0.082,0.006,0.0,0.0,0.008
335,0.944,0.044,0.006,0.0,0.0,0.006
336,0.212,0.094,0.246,0.008,0.006,0.434
337,0.0,0.01,0.034,0.696,0.21,0.05
338,0.006,0.0,0.012,0.718,0.214,0.05
339,0.004,0.01,0.04,0.67,0.24,0.036
340,0.0,0.0,0.006,0.646,0.334,0.014
341,0.004,0.028,0.044,0.6,0.26,0.064
342,0.85,0.088,0.02,0.004,0.004,0.034
343,0.076,0.742,0.086,0.014,0.02,0.062
344,0.0,0.022,0.052,0.692,0.16,0.074
345,0.0,0.0,0.006,0.692,0.29,0.012
346,0.006,0.002,0.03,0.664,0.24,0.058
347,0.002,0.008,0.012,0.644,0.304,0.03
348,0.002,0.16,0.63,0.004,0.002,0.202
349,0.0,0.004,0.0,0.3,0.696,0.0
350,0.002,0.004,0.0,0.214,0.776,0.004
351,0.0,0.008,0.006,0.802,0.178,0.006
352,0.026,0.018,0.1,0.002,0.006,0.848
353,0.002,0.014,0.012,0.222,0.738,0.012
354,0.312,0.102,0.238,0.008,0.006,0.334
355,0.152,0.12,0.378,0.004,0.002,0.344
356,0.036,0.094,0.644,0.006,0.008,0.212
357,0.104,0.848,0.024,0.0,0.004,0.02
358,0.284,0.042,0.072,0.002,0.0,0.6
359,0.018,0.156,0.62,0.002,0.0,0.204
360,0.0,0.002,0.004,0.388,0.602,0.004
361,0.984,0.012,0.004,0.0,0.0,0.0
362,0.032,0.252,0.592,0.002,0.0,0.122
363,0.548,0.3,0.058,0.002,0.002,0.09
364,0.002,0.012,0.054,0.602,0.218,0.112
365,0.848,0.092,0.024,0.0,0.004,0.032
366,0.284,0.118,0.166,0.004,0.002,0.426
367,0.002,0.038,0.028,0.276,0.624,0.032
368,0.09,0.23,0.176,0.002,0.004,0.498
369,0.99,0.01,0.0,0.0,0.0,0.0
370,0.012,0.944,0.022,0.0,0.002,0.02
371,0.0,0.01,0.008,0.488,0.476,0.018
372,0.154,0.662,0.062,0.004,0.006,0.112
373,0.012,0.108,0.688,0.006,0.018,0.168
374,0.02,0.074,0.744,0.0,0.0,0.162
375,0.024,0.024,0.174,0.01,0.002,0.766
376,0.34,0.16,0.174,0.008,0.006,0.312
377,0.002,0.014,0.024,0.302,0.638,0.02
378,0.822,0.1,0.028,0.002,0.008,0.04
379,0.076,0.87,0.014,0.002,0.002,0.036
380,0.006,0.002,0.012,0.422,0.516,0.042
381,0.008,0.036,0.054,0.35,0.474,0.078
382,0.91,0.072,0.002,0.002,0.002,0.012
383,0.002,0.012,0.01,0.514,0.448,0.014
384,0.974,0.024,0.002,0.0,0.0,0.0
385,0.006,0.002,0.012,0.796,0.144,0.04
386,0.218,0.204,0.088,0.014,0.004,0.472
387,0.002,0.0,0.012,0.424,0.538,0.024
388,0.006,0.002,0.018,0.81,0.12,0.044
389,0.204,0.196,0.126,0.01,0.004,0.46
390,0.16,0.15,0.482,0.008,0.004,0.196
391,0.062,0.836,0.046,0.004,0.014,0.038
392,0.3,0.16,0.254,0.008,0.004,0.274
393,0.246,0.658,0.052,0.0,0.0,0.044
394,0.002,0.038,0.11,0.45,0.284,0.116
395,0.086,0.682,0.116,0.01,0.014,0.092
396,0.002,0.004,0.036,0.774,0.088,0.096
397,0.0,0.002,0.024,0.472,0.486,0.016
398,0.002,0.002,0.022,0.664,0.242,0.068
399,0.004,0.028,0.028,0.404,0.482,0.054
400,0.008,0.018,0.05,0.51,0.33,0.084
401,0.0,0.0,0.004,0.908,0.08,0.008
402,0.03,0.138,0.232,0.006,0.01,0.584
403,0.002,0.02,0.044,0.728,0.094,0.112
404,0.0,0.002,0.006,0.47,0.514,0.008
405,0.104,0.22,0.156,0.002,0.004,0.514
406,0.02,0.106,0.772,0.0,0.0,0.102
407,0.0,0.006,0.05,0.526,0.348,0.07
408,0.034,0.078,0.654,0.002,0.002,0.23
409,0.2,0.174,0.21,0.004,0.002,0.41
410,0.004,0.002,0.016,0.608,0.356,0.014
411,0.012,0.114,0.748,0.026,0.026,0.074
412,0.002,0.004,0.024,0.554,0.374,0.042
413,0.002,0.004,0.012,0.874,0.092,0.016
414,0.008,0.068,0.052,0.156,0.62,0.096
415,0.0,0.004,0.004,0.736,0.238,0.018
416,0.002,0.002,0.012,0.768,0.196,0.02
417,0.002,0.008,0.014,0.844,0.114,0.018
418,0.302,0.186,0.23,0.008,0.006,0.268
419,0.004,0.002,0.01,0.746,0.202,0.036
420,0.948,0.04,0.002,0.0,0.0,0.01
421,0.946,0.052,0.0,0.0,0.0,0.002
422,0.002,0.024,0.012,0.586,0.35,0.026
423,0.944,0.04,0.002,0.0,0.002,0.012
424,0.034,0.138,0.168,0.008,0.006,0.646
425,0.004,0.006,0.012,0.35,0.61,0.018
426,0.0,0.0,0.002,0.82,0.172,0.006
427,0.02,0.136,0.522,0.002,0.0,0.32
428,0.006,0.004,0.02,0.602,0.324,0.044
429,0.356,0.142,0.102,0.008,0.004,0.388
430,0.0,0.006,0.0,0.354,0.64,0.0
431,0.024,0.102,0.724,0.01,0.004,0.136
432,0.0,0.042,0.026,0.372,0.538,0.022
433,0.032,0.896,0.048,0.0,0.0,0.024
434,0.006,0.052,0.048,0.454,0.338,0.102
435,0.028,0.214,0.554,0.002,0.0,0.202
436,0.0,0.01,0.04,0.454,0.416,0.08
437,0.03,0.218,0.548,0.002,0.0,0.202
438,0.002,0.02,0.102,0.316,0.438,0.122
439,0.004,0.002,0.006,0.398,0.582,0.008
440,0.0,0.0,0.0,0.836,0.158,0.006
441,0.174,0.066,0.124,0.002,0.0,0.634
442,0.054,0.804,0.056,0.004,0.004,0.078
443,0.006,0.036,0.038,0.456,0.374,0.09
444,0.002,0.006,0.0,0.756,0.236,0.0
445,0.002,0.028,0.032,0.47,0.42,0.048
446,0.99,0.008,0.002,0.0,0.0,0.0
447,0.002,0.028,0.014,0.292,0.646,0.018
448,0.0,0.006,0.002,0.498,0.492,0.002
449,0.972,0.018,0.004,0.0,0.0,0.006
450,0.95,0.03,0.006,0.0,0.002,0.012
451,0.1,0.75,0.038,0.004,0.006,0.102
452,0.01,0.93,0.04,0.0,0.0,0.02
453,0.132,0.24,0.13,0.01,0.012,0.476
454,0.006,0.006,0.016,0.674,0.252,0.046
455,0.046,0.722,0.044,0.01,0.026,0.152
456,0.128,0.142,0.092,0.006,0.008,0.624
457,0.0,0.008,0.024,0.746,0.154,0.068
458,0.004,0.15,0.644,0.002,0.0,0.2
459,0.948,0.04,0.006,0.0,0.0,0.006
460,0.094,0.724,0.116,0.006,0.008,0.052
461,0.052,0.078,0.662,0.026,0.034,0.148
462,0.07,0.304,0.44,0.004,0.0,0.182
463,0.004,0.002,0.032,0.578,0.296,0.088
464,0.968,0.028,0.002,0.0,0.0,0.002
465,0.002,0.006,0.01,0.798,0.166,0.018
466,0.164,0.116,0.628,0.002,0.0,0.09
467,0.718,0.226,0.032,0.002,0.004,0.018
468,0.018,0.12,0.528,0.002,0.0,0.332
469,0.264,0.062,0.178,0.006,0.004,0.486
470,0.002,0.01,0.02,0.402,0.526,0.04
471,0.0,0.006,0.0,0.64,0.354,0.0
472,0.014,0.966,0.012,0.0,0.0,0.008
473,0.002,0.0,0.0,0.882,0.11,0.006
474,0.104,0.22,0.156,0.002,0.004,0.514
475,0.0,0.008,0.004,0.362,0.618,0.008
476,0.0,0.006,0.0,0.48,0.514,0.0
477,0.872,0.074,0.014,0.0,0.01,0.03
478,0.002,0.0,0.008,0.77,0.196,0.024
479,0.018,0.93,0.034,0.0,0.0,0.018
480,0.004,0.034,0.036,0.446,0.424,0.056
481,0.856,0.03,0.038,0.004,0.004,0.068
482,0.062,0.236,0.518,0.0,0.0,0.184
483,0.916,0.076,0.004,0.0,0.0,0.004
484,0.154,0.114,0.106,0.002,0.0,0.624
485,0.03,0.148,0.562,0.002,0.0,0.258
486,0.19,0.704,0.07,0.002,0.0,0.034
487,0.976,0.004,0.006,0.004,0.0,0.01
488,0.002,0.03,0.024,0.572,0.344,0.028
489,0.188,0.122,0.154,0.012,0.004,0.52
490,0.978,0.008,0.002,0.002,0.0,0.01
491,0.008,0.806,0.11,0.002,0.014,0.06
492,0.968,0.026,0.0,0.0,0.0,0.006
493,0.116,0.166,0.194,0.002,0.004,0.518
494,0.02,0.08,0.464,0.002,0.006,0.428
495,0.026,0.878,0.044,0.0,0.006,0.046
496,0.004,0.018,0.044,0.368,0.502,0.064
497,0.13,0.718,0.03,0.004,0.004,0.114
498,0.002,0.008,0.002,0.366,0.62,0.002
499,0.002,0.012,0.012,0.782,0.174,0.018
500,0.002,0.012,0.008,0.442,0.532,0.004
501,0.062,0.174,0.542,0.004,0.012,0.206
502,0.932,0.064,0.002,0.0,0.0,0.002
503,0.0,0.012,0.006,0.558,0.408,0.016
504,0.22,0.6,0.064,0.002,0.01,0.104
505,0.0,0.008,0.006,0.45,0.534,0.002
506,0.064,0.822,0.06,0.004,0.014,0.036
507,0.498,0.41,0.024,0.004,0.0,0.064
508,0.002,0.02,0.016,0.416,0.528,0.018
509,0.046,0.89,0.024,0.0,0.006,0.034
510,0.194,0.7,0.062,0.0,0.006,0.038
511,0.01,0.026,0.046,0.514,0.312,0.092
512,0.008,0.118,0.696,0.004,0.008,0.166
513,0.002,0.05,0.046,0.384,0.47,0.048
514,0.322,0.156,0.188,0.008,0.004,0.322
515,0.954,0.038,0.002,0.0,0.002,0.004
516,0.976,0.018,0.004,0.0,0.0,0.002
517,0.956,0.034,0.002,0.002,0.0,0.006
518,0.022,0.39,0.37,0.008,0.01,0.2
519,0.004,0.026,0.044,0.54,0.326,0.06
520,0.004,0.004,0.024,0.69,0.218,0.06
521,0.002,0.064,0.11,0.466,0.256,0.102
522,0.784,0.148,0.018,0.004,0.006,0.04
523,0.004,0.05,0.08,0.53,0.24,0.096
524,0.002,0.004,0.026,0.776,0.122,0.07
525,0.312,0.078,0.166,0.004,0.002,0.438
526,0.97,0.016,0.002,0.0,0.004,0.008
527,0.076,0.322,0.142,0.006,0.008,0.446
528,0.274,0.114,0.27,0.008,0.004,0.33
529,0.948,0.032,0.004,0.002,0.0,0.014
530,0.014,0.852,0.058,0.004,0.0,0.072
531,0.954,0.034,0.002,0.0,0.0,0.01
532,0.0,0.006,0.004,0.568,0.412,0.01
533,0.062,0.186,0.17,0.006,0.008,0.568
534,0.01,0.114,0.612,0.002,0.002,0.26
535,0.072,0.66,0.088,0.006,0.006,0.168
536,0.978,0.016,0.004,0.0,0.0,0.002
537,0.194,0.09,0.112,0.002,0.0,0.602
538,0.002,0.01,0.05,0.588,0.258,0.092
539,0.334,0.068,0.082,0.004,0.006,0.506
540,0.012,0.088,0.806,0.006,0.008,0.08
541,0.306,0.056,0.172,0.004,0.002,0.46
542,0.024,0.032,0.044,0.648,0.18,0.072
543,0.002,0.026,0.014,0.672,0.264,0.022
544,0.0,0.014,0.006,0.514,0.46,0.006
545,0.02,0.926,0.034,0.0,0.0,0.02
546,0.0,0.01,0.026,0.76,0.142,0.062
547,0.958,0.036,0.002,0.0,0.0,0.004
548,0.322,0.058,0.096,0.004,0.006,0.514
549,0.064,0.556,0.1,0.01,0.028,0.242
550,0.202,0.17,0.25,0.004,0.002,0.372
551,0.778,0.178,0.01,0.002,0.002,0.03
552,0.794,0.144,0.02,0.0,0.004,0.038
553,0.0,0.01,0.004,0.596,0.378,0.012
554,0.202,0.106,0.2,0.004,0.002,0.486
555,0.002,0.036,0.038,0.324,0.55,0.05
556,0.01,0.118,0.692,0.002,0.0,0.178
557,0.068,0.754,0.07,0.002,0.01,0.096
558,0.0,0.002,0.014,0.88,0.076,0.028
559,0.0,0.0,0.0,0.776,0.222,0.002
560,0.942,0.054,0.0,0.0,0.0,0.004
561,0.77,0.112,0.034,0.0,0.008,0.076
562,0.062,0.17,0.558,0.004,0.004,0.202
563,0.002,0.034,0.004,0.35,0.602,0.008
564,0.004,0.01,0.036,0.622,0.228,0.1
565,0.0,0.004,0.0,0.776,0.22,0.0
566,0.0,0.024,0.046,0.654,0.196,0.08
567,0.0,0.018,0.022,0.776,0.144,0.04
568,0.002,0.004,0.02,0.774,0.138,0.062
569,0.002,0.004,0.0,0.202,0.79,0.002
570,0.98,0.01,0.008,0.0,0.0,0.002
571,0.336,0.078,0.072,0.002,0.0,0.512
572,0.958,0.026,0.002,0.002,0.0,0.012
573,0.248,0.142,0.104,0.004,0.004,0.498
574,0.116,0.218,0.198,0.012,0.01,0.446
575,0.016,0.128,0.608,0.006,0.02,0.222
576,0.012,0.946,0.028,0.0,0.0,0.014
577,0.024,0.074,0.246,0.016,0.008,0.632
578,0.004,0.002,0.022,0.742,0.18,0.05
579,0.032,0.06,0.686,0.038,0.048,0.136
580,0.002,0.0,0.002,0.848,0.146,0.002
581,0.004,0.002,0.014,0.654,0.278,0.048
582,0.156,0.096,0.646,0.004,0.002,0.096
583,0.14,0.154,0.134,0.002,0.002,0.568
584,0.354,0.158,0.186,0.014,0.006,0.282
585,0.006,0.004,0.012,0.582,0.35,0.046
586,0.026,0.256,0.556,0.004,0.004,0.154
587,0.252,0.19,0.138,0.004,0.004,0.412
588,0.984,0.002,0.008,0.0,0.0,0.006
589,0.008,0.12,0.696,0.008,0.0,0.168
590,0.054,0.084,0.174,0.006,0.012,0.67
591,0.078,0.862,0.042,0.0,0.0,0.018
592,0.07,0.13,0.378,0.008,0.014,0.4
593,0.034,0.17,0.414,0.002,0.0,0.38
594,0.002,0.008,0.002,0.512,0.456,0.02
595,0.0,0.008,0.0,0.596,0.394,0.002
596,0.004,0.028,0.026,0.322,0.548,0.072
597,0.0,0.01,0.002,0.596,0.388,0.004
598,0.004,0.066,0.07,0.464,0.316,0.08
599,0.016,0.95,0.026,0.002,0.0,0.006
600,0.83,0.116,0.018,0.0,0.004,0.032
601,0.002,0.012,0.036,0.704,0.204,0.042
602,0.046,0.11,0.116,0.002,0.004,0.722
603,0.976,0.016,0.006,0.0,0.0,0.002
604,0.006,0.016,0.058,0.45,0.382,0.088
605,0.222,0.158,0.096,0.004,0.004,0.516
606,0.01,0.138,0.602,0.01,0.012,0.228
607,0.006,0.058,0.704,0.01,0.002,0.22
608,0.0,0.0,0.01,0.646,0.322,0.022
609,0.008,0.006,0.022,0.55,0.35,0.064
610,0.0,0.004,0.0,0.562,0.434,0.0
611,0.002,0.006,0.03,0.768,0.11,0.084
612,0.006,0.144,0.562,0.004,0.0,0.284
613,0.966,0.028,0.002,0.0,0.0,0.004
614,0.006,0.072,0.668,0.002,0.0,0.252
615,0.028,0.9,0.026,0.0,0.0,0.046
616,0.948,0.02,0.012,0.002,0.0,0.018
617,0.954,0.038,0.004,0.0,0.0,0.004
618,0.374,0.13,0.094,0.014,0.006,0.382
619,0.004,0.096,0.636,0.014,0.022,0.228
620,0.294,0.108,0.164,0.002,0.0,0.432
621,0.0,0.028,0.022,0.276,0.648,0.026
622,0.174,0.754,0.054,0.0,0.0,0.018
623,0.912,0.044,0.01,0.002,0.004,0.028
624,0.354,0.158,0.082,0.01,0.006,0.39
625,0.002,0.004,0.03,0.624,0.26,0.08
626,0.0,0.0,0.0,0.752,0.236,0.012
627,0.976,0.016,0.0,0.0,0.0,0.008
628,0.01,0.036,0.052,0.43,0.39,0.082
629,0.088,0.812,0.058,0.0,0.0,0.042
630,0.956,0.04,0.0,0.0,0.0,0.004
631,0.076,0.782,0.058,0.0,0.01,0.074
632,0.014,0.138,0.634,0.014,0.024,0.176
633,0.014,0.852,0.058,0.004,0.0,0.072
634,0.98,0.016,0.002,0.0,0.0,0.002
635,0.002,0.026,0.014,0.262,0.686,0.01
636,0.004,0.0,0.022,0.626,0.33,0.018
637,0.04,0.734,0.138,0.004,0.012,0.072
638,0.032,0.914,0.03,0.0,0.002,0.022
639,0.176,0.718,0.06,0.0,0.006,0.04
640,0.244,0.594,0.076,0.008,0.018,0.06
641,0.012,0.132,0.604,0.002,0.0,0.25
642,0.002,0.016,0.016,0.498,0.452,0.016
643,0.126,0.598,0.118,0.004,0.014,0.14
644,0.162,0.132,0.59,0.0,0.0,0.116
645,0.028,0.06,0.226,0.002,0.002,0.682
646,0.01,0.112,0.624,0.008,0.004,0.242
647,0.954,0.04,0.002,0.0,0.0,0.004
648,0.002,0.006,0.036,0.778,0.106,0.072
649,0.002,0.002,0.024,0.67,0.22,0.082
650,0.0,0.0,0.006,0.608,0.368,0.018
651,0.018,0.148,0.636,0.002,0.0,0.196
652,0.0,0.0,0.018,0.636,0.306,0.04
653,0.86,0.076,0.014,0.004,0.002,0.044
654,0.004,0.112,0.654,0.006,0.022,0.202
655,0.006,0.07,0.76,0.004,0.002,0.158
656,0.992,0.006,0.002,0.0,0.0,0.0
657,0.01,0.11,0.716,0.004,0.016,0.144
658,0.004,0.026,0.048,0.568,0.28,0.074
659,0.964,0.028,0.002,0.0,0.0,0.006
660,0.192,0.148,0.268,0.008,0.008,0.376
661,0.946,0.032,0.012,0.004,0.0,0.006
662,0.002,0.01,0.048,0.6,0.224,0.116
663,0.912,0.032,0.018,0.002,0.006,0.03
664,0.88,0.056,0.018,0.002,0.006,0.038
665,0.006,0.002,0.022,0.672,0.236,0.062
666,0.968,0.028,0.002,0.0,0.0,0.002
667,0.166,0.148,0.268,0.008,0.006,0.404
668,0.026,0.078,0.712,0.008,0.008,0.168
669,0.014,0.064,0.7,0.0,0.004,0.218
670,0.022,0.058,0.718,0.0,0.002,0.2
671,0.972,0.006,0.008,0.0,0.002,0.012
672,0.004,0.006,0.068,0.508,0.27,0.144
673,0.002,0.018,0.022,0.35,0.58,0.028
674,0.004,0.0,0.004,0.746,0.242,0.004
675,0.196,0.666,0.058,0.004,0.004,0.072
676,0.0,0.008,0.02,0.828,0.1,0.044
677,0.0,0.004,0.0,0.278,0.718,0.0
678,0.22,0.224,0.094,0.012,0.004,0.446
679,0.028,0.122,0.714,0.002,0.0,0.134
680,0.13,0.686,0.074,0.008,0.01,0.092
681,0.002,0.012,0.034,0.342,0.546,0.064
682,0.306,0.11,0.174,0.004,0.002,0.404
683,0.022,0.102,0.788,0.0,0.0,0.088
684,0.002,0.008,0.012,0.586,0.37,0.022
685,0.002,0.008,0.01,0.716,0.248,0.016
686,0.952,0.044,0.002,0.0,0.0,0.002
687,0.0,0.002,0.008,0.782,0.18,0.028
688,0.952,0.012,0.016,0.0,0.004,0.016
689,0.02,0.056,0.11,0.002,0.002,0.81
690,0.148,0.058,0.196,0.002,0.0,0.596
691,0.3,0.088,0.096,0.002,0.0,0.514
692,0.32,0.122,0.116,0.002,0.0,0.44
693,0.986,0.01,0.004,0.0,0.0,0.0
694,0.07,0.108,0.104,0.004,0.004,0.71
695,0.002,0.002,0.006,0.716,0.232,0.042
696,0.002,0.008,0.018,0.746,0.204,0.022
697,0.036,0.232,0.358,0.012,0.022,0.34
698,0.004,0.006,0.048,0.604,0.224,0.114
699,0.002,0.022,0.03,0.366,0.556,0.024
700,0.082,0.094,0.444,0.004,0.008,0.368
701,0.002,0.002,0.008,0.868,0.108,0.012
702,0.0,0.0,0.008,0.76,0.216,0.016
703,0.072,0.266,0.554,0.002,0.0,0.106
704,0.1,0.78,0.064,0.002,0.008,0.046
705,0.134,0.24,0.084,0.008,0.01,0.524
706,0.038,0.862,0.064,0.004,0.006,0.026
707,0.958,0.03,0.002,0.0,0.0,0.01
708,0.01,0.946,0.036,0.0,0.0,0.008
709,0.018,0.244,0.5,0.01,0.032,0.196
710,0.008,0.05,0.064,0.176,0.606,0.096
711,0.0,0.008,0.0,0.398,0.592,0.002
712,0.0,0.008,0.01,0.27,0.708,0.004
713,0.0,0.006,0.008,0.862,0.082,0.042
714,0.062,0.836,0.046,0.004,0.014,0.038
715,0.068,0.782,0.06,0.006,0.006,0.078
716,0.986,0.014,0.0,0.0,0.0,0.0
717,0.072,0.288,0.11,0.008,0.008,0.514
718,0.038,0.842,0.058,0.01,0.006,0.046
719,0.002,0.024,0.018,0.318,0.628,0.01
720,0.004,0.902,0.058,0.0,0.0,0.036
721,0.904,0.042,0.016,0.004,0.004,0.03
722,0.942,0.05,0.002,0.002,0.0,0.004
723,0.002,0.028,0.026,0.334,0.564,0.046
724,0.002,0.006,0.008,0.794,0.144,0.046
725,0.932,0.064,0.0,0.0,0.0,0.004
726,0.002,0.0,0.004,0.862,0.094,0.038
727,0.01,0.958,0.018,0.0,0.002,0.012
728,0.0,0.0,0.002,0.708,0.286,0.004
729,0.0,0.008,0.0,0.562,0.43,0.0
730,0.024,0.044,0.164,0.002,0.002,0.764
731,0.02,0.094,0.772,0.006,0.01,0.098
732,0.034,0.162,0.516,0.004,0.0,0.284
733,0.0,0.008,0.032,0.568,0.334,0.058
734,0.002,0.004,0.0,0.12,0.866,0.008
735,0.13,0.692,0.098,0.008,0.008,0.064
736,0.33,0.156,0.202,0.008,0.008,0.296
737,0.002,0.008,0.004,0.556,0.428,0.002
738,0.146,0.126,0.5,0.032,0.03,0.166
739,0.23,0.618,0.074,0.0,0.002,0.076
740,0.016,0.048,0.826,0.0,0.0,0.11
741,0.0,0.006,0.018,0.788,0.158,0.03
742,0.002,0.0,0.006,0.85,0.138,0.004
743,0.2,0.668,0.086,0.002,0.004,0.04
744,0.002,0.008,0.0,0.42,0.568,0.002
745,0.028,0.242,0.466,0.004,0.008,0.252
746,0.006,0.064,0.102,0.422,0.336,0.07
747,0.354,0.574,0.03,0.0,0.0,0.042
748,0.002,0.01,0.006,0.13,0.836,0.016
749,0.326,0.074,0.076,0.004,0.004,0.516
750,0.03,0.252,0.422,0.004,0.0,0.292
751,0.002,0.008,0.002,0.398,0.588,0.002
752,0.002,0.008,0.012,0.454,0.498,0.026
753,0.936,0.06,0.0,0.0,0.0,0.004
754,0.318,0.154,0.098,0.002,0.0,0.428
755,0.988,0.012,0.0,0.0,0.0,0.0
756,0.0,0.002,0.0,0.732,0.248,0.018
757,0.114,0.49,0.138,0.008,0.018,0.232
758,0.988,0.008,0.004,0.0,0.0,0.0
759,0.0,0.01,0.014,0.424,0.52,0.032
760,0.974,0.022,0.002,0.0,0.0,0.002
761,0.004,0.006,0.004,0.62,0.346,0.02
762,0.002,0.004,0.004,0.202,0.784,0.004
763,0.93,0.05,0.004,0.004,0.0,0.012
764,0.416,0.51,0.032,0.004,0.002,0.036
765,0.01,0.048,0.63,0.02,0.034,0.258
766,0.062,0.266,0.446,0.0,0.0,0.226
767,0.038,0.152,0.608,0.002,0.0,0.2
768,0.068,0.068,0.134,0.002,0.004,0.724
769,0.17,0.084,0.596,0.018,0.018,0.114
770,0.072,0.638,0.094,0.01,0.014,0.172
771,0.956,0.036,0.002,0.0,0.0,0.006
772,0.0,0.002,0.004,0.58,0.388,0.026
773,0.0,0.0,0.0,0.572,0.42,0.008
774,0.038,0.16,0.57,0.0,0.0,0.232
775,0.068,0.796,0.06,0.006,0.02,0.05
776,0.052,0.85,0.04,0.006,0.012,0.04
777,0.002,0.008,0.002,0.358,0.628,0.002
778,0.952,0.042,0.002,0.0,0.0,0.004
779,0.0,0.008,0.026,0.648,0.27,0.048
780,0.298,0.62,0.052,0.0,0.004,0.026
781,0.002,0.008,0.012,0.736,0.23,0.012
782,0.028,0.092,0.682,0.0,0.0,0.198
783,0.01,0.938,0.034,0.0,0.002,0.016
784,0.052,0.824,0.074,0.0,0.01,0.04
785,0.002,0.012,0.01,0.434,0.53,0.012
786,0.0,0.0,0.006,0.494,0.476,0.024
787,0.028,0.058,0.286,0.004,0.006,0.618
788,0.02,0.868,0.058,0.002,0.004,0.048
789,0.054,0.528,0.122,0.016,0.024,0.256
790,0.002,0.004,0.032,0.718,0.172,0.072
791,0.03,0.182,0.608,0.008,0.004,0.168
792,0.096,0.598,0.134,0.012,0.014,0.146
793,0.228,0.182,0.094,0.006,0.01,0.48
794,0.004,0.002,0.01,0.282,0.696,0.006
795,0.0,0.004,0.0,0.428,0.568,0.0
796,0.96,0.038,0.0,0.0,0.0,0.002
797,0.0,0.002,0.004,0.576,0.406,0.012
798,0.01,0.098,0.694,0.002,0.0,0.196
799,0.066,0.176,0.218,0.008,0.012,0.52
800,0.95,0.024,0.006,0.002,0.002,0.016
801,0.21,0.082,0.104,0.004,0.0,0.6
802,0.01,0.072,0.726,0.002,0.002,0.188
803,0.238,0.112,0.146,0.004,0.004,0.496
804,0.0,0.0,0.0,0.754,0.246,0.0
805,0.006,0.002,0.01,0.878,0.066,0.038
806,0.926,0.068,0.002,0.0,0.0,0.004
807,0.958,0.02,0.006,0.002,0.002,0.012
808,0.002,0.008,0.002,0.342,0.644,0.002
809,0.122,0.084,0.184,0.006,0.006,0.598
810,0.0,0.0,0.002,0.694,0.296,0.008
811,0.034,0.106,0.614,0.006,0.008,0.232
812,0.17,0.082,0.67,0.0,0.004,0.074
813,0.03,0.134,0.174,0.01,0.004,0.648
814,0.002,0.014,0.022,0.306,0.638,0.018
815,0.0,0.008,0.002,0.522,0.464,0.004
816,0.01,0.946,0.034,0.0,0.002,0.008
817,0.0,0.006,0.032,0.75,0.162,0.05
818,0.0,0.0,0.008,0.736,0.24,0.016
819,0.066,0.898,0.02,0.0,0.0,0.016
820,0.006,0.016,0.014,0.77,0.148,0.046
821,0.008,0.022,0.04,0.466,0.388,0.076
822,0.002,0.02,0.02,0.428,0.51,0.02
823,0.014,0.144,0.632,0.01,0.006,0.194
824,0.95,0.042,0.004,0.0,0.0,0.004
825,0.146,0.09,0.108,0.008,0.008,0.64
826,0.03,0.888,0.052,0.0,0.0,0.03
827,0.84,0.086,0.032,0.0,0.004,0.038
828,0.002,0.018,0.06,0.556,0.232,0.132
829,0.002,0.004,0.002,0.412,0.578,0.002
830,0.01,0.038,0.048,0.368,0.456,0.08
831,0.962,0.034,0.002,0.0,0.0,0.002
832,0.004,0.022,0.026,0.49,0.446,0.012
833,0.368,0.142,0.094,0.014,0.004,0.378
834,0.002,0.026,0.02,0.542,0.382,0.028
835,0.99,0.002,0.002,0.0,0.0,0.006
836,0.004,0.02,0.026,0.442,0.452,0.056
837,0.002,0.028,0.03,0.44,0.47,0.03
838,0.002,0.0,0.012,0.654,0.316,0.016
839,0.918,0.074,0.004,0.002,0.0,0.002
840,0.024,0.392,0.35,0.016,0.02,0.198
841,0.016,0.066,0.674,0.004,0.002,0.238
842,0.002,0.006,0.0,0.314,0.676,0.002
843,0.0,0.004,0.024,0.626,0.294,0.052
844,0.012,0.102,0.762,0.004,0.002,0.118
845,0.31,0.128,0.25,0.008,0.012,0.292
846,0.158,0.694,0.078,0.006,0.006,0.058
847,0.002,0.0,0.002,0.63,0.35,0.016
848,0.008,0.114,0.746,0.004,0.004,0.124
849,0.0,0.002,0.028,0.58,0.302,0.088
850,0.006,0.028,0.046,0.2,0.67,0.05
851,0.97,0.024,0.004,0.0,0.0,0.002
852,0.008,0.166,0.552,0.002,0.0,0.272
853,0.01,0.114,0.724,0.006,0.024,0.122
854,0.188,0.158,0.242,0.008,0.002,0.402
855,0.202,0.722,0.046,0.0,0.006,0.024
856,0.78,0.108,0.042,0.004,0.008,0.058
857,0.0,0.02,0.018,0.42,0.518,0.024
858,0.016,0.154,0.582,0.002,0.0,0.246
859,0.946,0.038,0.006,0.0,0.0,0.01
860,0.0,0.0,0.0,0.668,0.328,0.004
861,0.002,0.01,0.008,0.392,0.58,0.008
862,0.016,0.144,0.614,0.002,0.014,0.21
863,0.024,0.214,0.26,0.014,0.022,0.466
864,0.006,0.808,0.124,0.0,0.006,0.056
865,0.984,0.01,0.002,0.0,0.0,0.004
866,0.044,0.068,0.114,0.008,0.008,0.758
867,0.204,0.106,0.146,0.002,0.008,0.534
868,0.0,0.0,0.002,0.61,0.384,0.004
869,0.942,0.044,0.002,0.0,0.0,0.012
870,0.372,0.186,0.078,0.004,0.016,0.344
871,0.092,0.714,0.07,0.01,0.018,0.096
872,0.956,0.03,0.002,0.0,0.004,0.008
873,0.974,0.02,0.002,0.0,0.002,0.002
874,0.004,0.048,0.038,0.404,0.44,0.066
875,0.274,0.636,0.044,0.002,0.004,0.04
876,0.958,0.028,0.002,0.002,0.0,0.01
877,0.958,0.034,0.002,0.0,0.0,0.006
878,0.866,0.098,0.018,0.002,0.0,0.016
879,0.304,0.17,0.224,0.01,0.008,0.284
880,0.01,0.054,0.67,0.02,0.034,0.212
881,0.016,0.958,0.024,0.0,0.0,0.002
882,0.114,0.088,0.182,0.01,0.01,0.596
883,0.074,0.334,0.428,0.004,0.006,0.154
884,0.066,0.792,0.076,0.004,0.008,0.054
885,0.002,0.004,0.004,0.768,0.212,0.01
886,0.0,0.002,0.016,0.814,0.142,0.026
887,0.002,0.004,0.006,0.736,0.24,0.012
888,0.004,0.004,0.018,0.754,0.174,0.046
889,0.004,0.008,0.02,0.71,0.232,0.026
890,0.74,0.182,0.024,0.01,0.002,0.042
891,0.988,0.008,0.004,0.0,0.0,0.0
892,0.002,0.016,0.022,0.458,0.47,0.032
893,0.974,0.02,0.006,0.0,0.0,0.0
894,0.042,0.204,0.114,0.014,0.006,0.62
895,0.008,0.034,0.088,0.404,0.32,0.146
896,0.0,0.0,0.0,0.81,0.188,0.002
897,0.0,0.014,0.008,0.562,0.414,0.002
898,0.974,0.02,0.002,0.0,0.0,0.004
899,0.264,0.464,0.092,0.014,0.016,0.15
900,0.048,0.904,0.038,0.0,0.0,0.01
901,0.31,0.098,0.2,0.008,0.006,0.378
902,0.988,0.008,0.004,0.0,0.0,0.0
903,0.278,0.07,0.318,0.01,0.008,0.316
904,0.014,0.064,0.664,0.002,0.0,0.256
905,0.062,0.112,0.434,0.0,0.002,0.39
906,0.008,0.118,0.596,0.004,0.01,0.264
907,0.004,0.01,0.034,0.726,0.158,0.068
908,0.314,0.114,0.258,0.012,0.008,0.294
909,0.982,0.008,0.002,0.0,0.0,0.008
910,0.042,0.912,0.018,0.0,0.0,0.028
911,0.022,0.068,0.21,0.002,0.006,0.692
912,0.0,0.01,0.006,0.6,0.382,0.002
913,0.03,0.084,0.8,0.0,0.0,0.086
914,0.014,0.852,0.058,0.004,0.0,0.072
915,0.946,0.04,0.002,0.0,0.004,0.008
916,0.838,0.088,0.024,0.002,0.004,0.044
917,0.97,0.028,0.002,0.0,0.0,0.0
918,0.04,0.916,0.02,0.0,0.004,0.02
919,0.966,0.03,0.002,0.0,0.0,0.002
920,0.04,0.026,0.162,0.002,0.002,0.768
921,0.002,0.024,0.028,0.44,0.46,0.046
922,0.336,0.06,0.072,0.006,0.004,0.522
923,0.0,0.004,0.0,0.686,0.308,0.002
924,0.336,0.182,0.168,0.006,0.008,0.3
925,0.348,0.162,0.306,0.012,0.012,0.16
926,0.022,0.12,0.66,0.004,0.014,0.18
927,0.0,0.002,0.006,0.466,0.52,0.006
928,0.0,0.006,0.004,0.614,0.374,0.002
929,0.012,0.906,0.024,0.0,0.0,0.058
930,0.888,0.018,0.032,0.002,0.004,0.056
931,0.944,0.048,0.0,0.0,0.0,0.008
932,0.0,0.0,0.006,0.346,0.638,0.01
933,0.022,0.084,0.57,0.0,0.002,0.322
934,0.176,0.62,0.072,0.004,0.006,0.122
935,0.018,0.03,0.024,0.278,0.516,0.134
936,0.078,0.066,0.596,0.0,0.002,0.258
937,0.93,0.05,0.004,0.004,0.0,0.012
938,0.02,0.078,0.518,0.004,0.006,0.374
939,0.968,0.022,0.006,0.0,0.0,0.004
940,0.09,0.102,0.14,0.002,0.006,0.66
941,0.008,0.07,0.72,0.01,0.012,0.18
942,0.012,0.946,0.018,0.0,0.002,0.022
943,0.026,0.102,0.458,0.004,0.004,0.406
944,0.0,0.004,0.0,0.318,0.676,0.002
945,0.0,0.006,0.0,0.738,0.254,0.002
946,0.006,0.038,0.064,0.518,0.284,0.09
947,0.036,0.792,0.098,0.002,0.016,0.056
948,0.006,0.016,0.01,0.676,0.248,0.044
949,0.974,0.02,0.002,0.0,0.002,0.002
950,0.75,0.158,0.056,0.0,0.0,0.036
951,0.028,0.928,0.014,0.0,0.004,0.026
952,0.022,0.11,0.24,0.008,0.008,0.612
953,0.946,0.046,0.002,0.0,0.002,0.004
954,0.002,0.044,0.04,0.304,0.56,0.05
955,0.084,0.086,0.474,0.008,0.008,0.34
956,0.928,0.036,0.012,0.002,0.002,0.02
957,0.006,0.038,0.058,0.392,0.412,0.094
958,0.062,0.836,0.046,0.004,0.014,0.038
959,0.034,0.824,0.064,0.002,0.012,0.064
960,0.0,0.0,0.01,0.618,0.35,0.022
961,0.182,0.108,0.108,0.002,0.004,0.596
962,0.002,0.004,0.03,0.658,0.222,0.084
963,0.002,0.002,0.022,0.764,0.158,0.052
964,0.03,0.178,0.55,0.002,0.0,0.24
965,0.016,0.94,0.028,0.0,0.002,0.014
966,0.0,0.0,0.002,0.676,0.316,0.006
967,0.018,0.12,0.778,0.002,0.0,0.082
968,0.0,0.0,0.0,0.562,0.438,0.0
969,0.044,0.89,0.024,0.002,0.004,0.036
970,0.034,0.108,0.742,0.0,0.0,0.116
971,0.182,0.148,0.512,0.014,0.02,0.124
972,0.376,0.196,0.062,0.016,0.004,0.346
973,0.02,0.166,0.614,0.004,0.002,0.194
974,0.042,0.124,0.186,0.006,0.006,0.636
975,0.034,0.888,0.036,0.0,0.006,0.036
976,0.002,0.118,0.73,0.008,0.0,0.142
977,0.292,0.072,0.322,0.008,0.004,0.302
978,0.972,0.008,0.006,0.002,0.0,0.012
979,0.986,0.006,0.004,0.0,0.0,0.004
980,0.002,0.006,0.034,0.576,0.29,0.092
981,0.006,0.006,0.026,0.532,0.392,0.038
982,0.982,0.01,0.004,0.002,0.0,0.002
983,0.184,0.172,0.372,0.02,0.014,0.238
984,0.0,0.016,0.012,0.434,0.52,0.018
985,0.992,0.008,0.0,0.0,0.0,0.0
986,0.324,0.166,0.092,0.012,0.004,0.402
987,0.002,0.012,0.01,0.32,0.642,0.014
988,0.014,0.772,0.14,0.008,0.012,0.054
989,0.984,0.01,0.002,0.0,0.0,0.004
990,0.012,0.12,0.792,0.014,0.008,0.054
991,0.0,0.018,0.014,0.442,0.516,0.01
992,0.022,0.296,0.496,0.008,0.008,0.17
993,0.002,0.0,0.024,0.67,0.236,0.068
994,0.0,0.006,0.0,0.48,0.514,0.0
