,proba_0,proba_1,proba_2,proba_3,proba_4,proba_5
0,0.000687377943665088,0.002340354172036543,0.11430362514840726,0.004260362230029525,0.011923751667404675,0.866484528838457
1,0.001953768267958178,0.014673265146941911,0.04379906151994605,0.0011743232550104833,0.010580818439430383,0.927818763370713
2,0.016196279182597216,0.11402235783024584,0.569114318763636,0.0012331248147122084,0.0033652053413107262,0.296068714067498
3,8.017288577944052e-06,2.022058089986372e-05,0.006666572975905328,0.4496971080212284,0.5416869124436716,0.0019211686897166176
4,0.01083944691328744,0.024974238195676592,0.920098462271858,0.0016134525973110774,0.001377814621072567,0.0410965854007943
5,0.017347956412639354,0.020114352743264837,0.006846899281926236,0.0003224295150315796,0.00939406113609999,0.945974300911038
6,5.1898394137470386e-06,0.0007327466730169196,0.005615321300808252,0.8764280368024353,0.11100816117263271,0.006210544211693099
7,0.002271885132590197,0.020251232028454018,0.9350113341089119,0.0025938816910848995,0.0022157652535325593,0.037655901785426264
8,0.011329236530622885,0.01908597890833979,0.01870488104953172,0.000351789466905677,0.009204239130399718,0.9413238749142002
9,6.5684376153264425e-06,1.3354149427702811e-06,0.0028673018545868714,0.10050826625607086,0.8956832045726968,0.000933323464087316
10,0.9212102643005746,0.06298083603729718,0.01303172947537864,1.3843232792691207e-05,0.00010798939590641906,0.0026553375580504533
11,0.01289489388905181,0.017662450395985015,0.7502270839632824,0.001386356763639554,0.0018107409764466591,0.21601847401159455
12,0.06844301728123475,0.9183745296339846,0.0030272329853877882,0.00015522773769611217,0.0004289278850800068,0.009571064476616754
13,0.019723196000513123,0.021898355821604047,0.6416332753579548,0.0040900893573266005,0.0020586263673085113,0.310596457095293
14,0.10348729724444106,0.8824962191030099,0.0031593088331085192,9.534236174485259e-05,0.0005149338524644081,0.010246898605231253
15,2.77554241807111e-06,0.010500225148657767,0.017985655274135415,0.8333280573266526,0.10494505633239207,0.03323823037574408
16,0.007354645380311779,0.02980341783939982,0.8593045963801721,0.0016683520246085506,0.0018391316875617165,0.10002985668794598
17,1.2221532894971268e-06,0.0018865549868268801,0.02982214899719934,0.9506957006210288,0.005315664493866138,0.012278708747789297
18,0.3003631893175636,0.6889440806882605,0.002781021332546123,5.370472230421078e-05,0.0002200495123408471,0.007637954426984854
19,0.9532841077709572,0.02887063474094859,0.013926084948937954,1.4984501216260913e-05,0.00014217288760820762,0.003762015150331897
20,0.9197977625673416,0.0700598036183524,0.00872039739270411,1.3148309608690072e-05,9.123133850607435e-05,0.0013176567734870092
21,0.0013243205596600264,0.0009140747585856486,0.034639113616830246,0.0010925126884453456,0.020825392200919012,0.9412045861755598
22,0.2868724962120695,0.6963553345634093,0.007648764724982728,7.144239382540493e-05,0.0002858516406711523,0.008766110465041893
23,1.2134290477316084e-05,0.1717572368130559,0.02628325209334115,0.6592723699160427,0.009563710564931917,0.13311129632215093
24,0.9109624400260045,0.07791792183545414,0.0084991671229839,1.0376992415328495e-05,6.494032212555558e-05,0.0025451537010165166
25,3.7304601375674594e-06,9.914531825829117e-06,0.0012768005840795365,0.2891498746733929,0.7072303657884015,0.0023293139621627314
26,0.9381828268837391,0.04470884927264367,0.015523626579890301,1.689046753166065e-05,8.615317782800097e-05,0.0014816536183670705
27,1.5901899062013608e-06,0.0011049691103595654,0.007376830752579815,0.8749760263703765,0.09820880880821548,0.018331774768562396
28,0.0009912530043648335,0.0035041309996377387,0.06008442385915656,0.002214265721366318,0.012419717357643942,0.9207862090578306
29,7.5009883726220225e-06,0.0013499130000730222,0.00225098025706544,0.9337678190815821,0.058409656158589916,0.0042141305143167775
30,0.004103672108440757,0.0015267630816206432,0.1274109174784805,0.0010666614836135617,0.015329780571444896,0.8505622052763998
31,0.005452784887043145,0.0015283183033909882,0.012770267046548234,0.0005398731209778061,0.01859348998728248,0.9611152666547573
32,1.4874371154668896e-06,0.06142197394986822,0.008317261515296588,0.8630769974007562,0.0025081025713515714,0.064674177125612
33,1.3866822619616088e-05,1.4461520624464217e-06,0.004033243532556375,0.004487159702695268,0.9887359114060325,0.002728372384033935
34,0.5292285279902955,0.4520285292416567,0.012116316512710695,7.397167101407182e-05,0.0009166957228865759,0.005635958861436365
35,0.0015166535893964062,0.004086650516928772,0.9413058790347043,0.011351903544677707,0.0013807700179112737,0.04035814329638151
36,0.006065973821062869,0.0349785255919949,0.021468044090952196,0.0004462480729832675,0.0067075728361326555,0.9303336355868741
37,0.04803379236517628,0.937542824028475,0.0024226693008457716,0.00020546793529358588,0.00045279674679443905,0.011342449623414899
38,1.2230964285695214e-05,0.0037417458828215345,0.01829003980215466,0.620083000692404,0.2947387121145986,0.06313427054373555
39,0.006615805945505505,0.007790043935648433,0.010584120604514614,0.0002817884468238125,0.015089697460305583,0.959638543607202
40,0.19556204880633704,0.7874250339554045,0.008108092785968614,0.00010974016400893979,0.0003736039352253405,0.008421480353055613
41,0.0010803038803271759,0.002194425339787075,0.10241176897847148,0.0022207278678606354,0.024621887606686092,0.8674708863268674
42,9.365188219399145e-06,0.0009485657959544733,0.05433311262967771,0.9194340534245945,0.0033033814575426936,0.021971521504011073
43,0.008526742466502812,0.003114583735640759,0.9436164657225355,0.005785850097643521,0.0005745517078926892,0.03838180626978462
44,0.002983376785995265,0.004183347567736442,0.017815224155669218,0.0008508405653555085,0.012416163322067207,0.9617510476031764
45,0.941416170908877,0.04609806026366284,0.008591821022329341,1.292833017838265e-05,8.164142644140473e-05,0.00379937804851126
46,7.050226389411015e-06,0.000102111989826872,0.0047331742578922776,0.48640200781496745,0.5041550824567251,0.004600573254198635
47,3.2373729797598204e-06,0.0007586775511465988,0.013178416540835628,0.4475422893817479,0.5325335240866533,0.005983855066636877
48,0.9102805800900945,0.07984133842473708,0.0010311039965700108,1.7743658796609634e-05,0.00012401933543863312,0.008705214494363085
49,1.838292285515361e-06,0.011195300410769052,0.007109677706646599,0.8955908825468891,0.0368383358293232,0.04926396521408649
50,0.04952462160953098,0.9336689174549887,0.008016100366116132,0.0002313720665437462,0.00035380171420141784,0.008205186788618918
51,0.8579893024074741,0.12597304381280178,0.014942629383349683,2.50945220070887e-05,0.0002926298381831294,0.0007773000361842284
52,0.010905611388297029,0.022045540122707586,0.8039450858630266,0.0017332871996833764,0.0018682392173266695,0.15950223620895873
53,0.0025907733704265004,0.00857093013898962,0.9027237555739192,0.0031749075384453385,0.0033474692125392267,0.07959216416568016
54,0.006697418369790338,0.0022328104750228847,0.03139079455732283,0.0005519442802299753,0.02460680631419367,0.9345202260034403
55,0.005061374060016914,0.007855025122917211,0.05267860308304841,0.0011119084242964161,0.008389404329299195,0.9249036849804219
56,1.644317892027306e-05,3.7372805798977543e-06,0.004912294417136694,0.07095164483349767,0.9237198074203705,0.0003960728694948896
57,0.0009940933688643164,0.009373447043904276,0.8510166082689947,0.0031905891632821094,0.0036940896506816555,0.131731172504273
58,0.004920428790499016,0.014434620462496797,0.8986632704101177,0.0035264311577155086,0.002055721034431588,0.0763995281447393
59,0.0030334425676633355,0.060605618984763715,0.910784781301029,0.0026796160360472257,0.0016922987710521822,0.02120424233944445
60,1.9784454782195907e-05,0.00014607913628261241,0.0057609998884735735,0.7736549428023237,0.21302470294174225,0.007393490776395562
61,1.8032340811743442e-06,0.015270931504935815,0.0073953073577795,0.6537160290045145,0.2954850740364363,0.02813085486225272
62,0.2103428307807759,0.776767827438269,0.006750313143862807,7.18150702324172e-05,0.00023086190705542592,0.005836351659804496
63,0.32857780562564237,0.6506463177398679,0.013790325852567863,9.116766096673298e-05,0.00041174629248465043,0.00648263682847041
64,1.8187323952047187e-06,0.058612959398755805,0.012100900552666514,0.8390327088831331,0.022594572613966142,0.06765703981908326
65,1.4304190757872057e-05,0.0010297811011544746,0.017828015421117633,0.19257292867386816,0.7569072162695268,0.03164775434357507
66,0.06859120462654891,0.9236868985827332,0.0026545085110728337,0.00013829108238480202,0.0003791185940336326,0.004549978603226609
67,8.434918874267815e-06,1.4506619687349181e-05,0.0030243328182253866,0.3437632795198158,0.6522819863753752,0.0009074597480221408
68,9.056999604188846e-06,1.286938982729716e-05,0.0010038148089923575,0.009698069487604101,0.9884723591970536,0.0008038301169187017
69,0.11212299701884766,0.8640420804199531,0.016700474575805545,0.0001236027699840964,0.0008363885681364636,0.006174456647273095
70,0.0009235822009673729,0.0013415550208757834,0.06739994444810132,0.00524156164007917,0.011568642931645313,0.9135247137583311
71,3.3165666585020518e-06,0.005002737867286479,0.01588294341454634,0.7608492394152332,0.1858977688528862,0.03236399388338921
72,0.011833996766189507,0.05275974440121985,0.5371899688065588,0.001387909904455869,0.0026661010797647254,0.39416227904181134
73,0.11105639130555008,0.8449154065013788,0.01175070139817433,0.00016796134437890533,0.0010252178153543562,0.031084321635163663
74,0.1897207161665002,0.8022545963870298,0.004931505185083607,6.283784537131965e-05,0.00047091656231265796,0.00255942785370258
75,1.5952574785194517e-05,4.8997256313872205e-06,0.005007194808634169,0.2617422076140988,0.7288644653849917,0.0043652798918587905
76,0.9151687312731908,0.07348257025615436,0.008375581012913073,1.5508698058506027e-05,6.301508807817769e-05,0.0028945936716048555
77,1.0497367701034662e-05,1.1315705061464837e-05,0.002227930230937609,0.16289615156536658,0.8328720879244089,0.0019820172065243796
78,0.7853436883652016,0.20818857709899913,0.0007166383846693083,1.2212334881866492e-05,7.646605274264525e-05,0.005662417763505556
79,0.01963657749216483,0.902124403439315,0.002440559806690903,0.00022561969518244084,0.0006057910713130069,0.07496704849533363
80,0.8724610306936388,0.1221796674845138,0.0019887463611749203,1.707593248652093e-05,9.012239681152223e-05,0.003263357131374381
81,0.9579127662750067,0.028755615882513946,0.010356011199633705,1.4685408253718379e-05,8.784292638662647e-05,0.0028730783082054003
82,0.905567466434361,0.07989010159320194,0.010077216219788845,1.4822462857910343e-05,0.00023437529145193766,0.004216017998338399
83,0.9546761542122152,0.027748597963124344,0.014722292373274078,1.3392655389248917e-05,0.00010709987210823417,0.0027324629238889286
84,0.01216659860199231,0.002679282859055221,0.017375680995251396,0.0003502630392355156,0.02246213983085729,0.9449660346736083
85,0.8295831902494354,0.15960972532544568,0.008523484192747545,2.2178020824116418e-05,8.544510595440418e-05,0.002175977105593052
86,1.6490981941013773e-05,8.014900839761415e-06,0.005230855901258966,0.48506592501528345,0.5066035351477006,0.003075178052976295
87,0.003942333662577059,0.0008892020434390501,0.09661103911003663,0.0011010568512135018,0.019020988528194855,0.878435379804539
88,0.2285294275016258,0.7574569754093952,0.002966854244628728,9.931938055769334e-05,0.00046506911018263214,0.010482354353609818
89,2.520757288249736e-06,0.01135896319497511,0.005195877296924838,0.748297172423006,0.20415056023734826,0.030994906090457644
90,0.6497691353172572,0.33756367128397713,0.008803801399199252,3.430344950114267e-05,0.00023286858525020554,0.0035962199648151075
91,2.5363519608036422e-05,0.00031038914873448805,0.021575157179298005,0.17324420914668293,0.7748700734345201,0.029974807571156427
92,1.2581241974989584e-06,0.062390505448398734,0.021845586356136943,0.8375196896915427,0.024420020409607415,0.053822939970116654
93,9.787289815955263e-06,0.012883396292783095,0.00843056101767818,0.8671695417652171,0.023641857531475515,0.08786485610303033
94,0.9111295131694498,0.07139955423514778,0.014738930517004981,1.3916679687839282e-05,6.631432465208251e-05,0.002651771074057443
95,0.019517100828522732,0.4214444975007814,0.37657924967182327,0.0015067340199862657,0.002639167890676847,0.1783132500882095
96,0.19751810361014505,0.7930291645053282,0.0025513591884594377,6.447522980229875e-05,0.0004557428799142958,0.006381154586350639
97,0.1437441776398764,0.8415383793549808,0.007954582132823185,0.00010203589968627476,0.00030376536058664453,0.0063570596120466295
98,0.02102584745157027,0.034795876544329286,0.7537615135104285,0.0009289507190143493,0.0021136998533459747,0.1873741119213116
99,8.511464917925747e-06,0.001473352515578251,0.022111379463742458,0.31191255636005116,0.6495625715627064,0.014931628633003837
100,2.4473603144268363e-06,0.013874119660261811,0.037862245269472135,0.8958972383147065,0.019902930451417215,0.03246101894382782
101,0.0006315600557311427,0.0013016019561179373,0.8120831361550506,0.013267353534721459,0.0038982906258330494,0.1688180576725458
102,0.26452666166527733,0.7266214545343862,0.005416426609271099,0.0001409807394425669,0.00017780030632852742,0.003116676145294154
103,0.0018318940113928497,0.0025971633048641873,0.11179607624898776,0.0027861095469824022,0.006591814947841212,0.8743969419399316
104,0.003226481043350651,0.055435043781479454,0.9187968847240053,0.002289671836956272,0.0023830197294830357,0.01786889888472542
105,0.0071751359997688025,0.029633914650064066,0.9458494137684377,0.0018132348279705965,0.0010488886032500853,0.014479412150508837
106,0.002541700717246492,0.046019677408892734,0.8844021854756524,0.00342958144989924,0.0017375987124849965,0.06186925623582418
107,0.004699955362044848,0.005213673925446705,0.7505486574436591,0.002555012583175722,0.003457107793800272,0.23352559289187355
108,0.8435329983267636,0.13222113578343614,0.022054098474129216,2.009702029633774e-05,0.00021282652323452556,0.001958843872140103
109,5.615712759740668e-06,0.007682988906660899,0.007496376181533325,0.7870679187424162,0.15571956003524268,0.04202754042138706
110,0.006036161131278924,0.0530153792507405,0.014595210472348174,0.0006897736229199782,0.004344582817968014,0.9213188927047444
111,0.003389061539793848,0.05794861211512419,0.8540946461086444,0.0029526166752143037,0.00236180096403277,0.07925326259719045
112,0.0009904188004401721,0.016311302135536745,0.09373907880743546,0.0017517921241949985,0.013653893389335403,0.8735535147430572
113,6.67878000095603e-06,0.016874493395443207,0.024518309694124364,0.7533478568274409,0.1082458954753459,0.09700676582764475
114,0.06685284969620256,0.8978391763169956,0.001941252854504068,0.00011891252139759986,0.0013279024930175295,0.03191990611788258
115,0.24702239537683174,0.7429466276723933,0.003833167611626671,7.0546411615821e-05,0.00037040803129559586,0.005756854896236901
116,1.5476169342193748e-06,4.249535440210939e-05,0.011472097912867331,0.44014278887058594,0.547189930102668,0.001151140142542304
117,0.01150638479867638,0.009092036855178735,0.916698356187734,0.002702510490557236,0.0014258744818468525,0.058574837186006805
118,0.518718722273281,0.4723414549800723,0.0034867640741446026,5.157993397902067e-05,0.00018622361731646786,0.005215255121206563
119,4.504550776946769e-06,5.4342765133739145e-05,0.006919127917540699,0.0010076090781082027,0.9905798574645046,0.001434558223935705
120,0.001747839478390409,0.01781981172097935,0.9524630697047454,0.008627380641382692,0.0024618209180165035,0.016880077536485714
121,6.374094720016745e-06,2.639583509192669e-05,0.0025958314638584515,0.1824474109327524,0.8132818203006953,0.0016421673728819156
122,1.2168405945643988e-05,0.0012938626116847992,0.01618067755355814,0.07553038994055027,0.8519349972755644,0.05504790421269676
123,0.004198240807648565,0.012316259515665649,0.8500346768330559,0.0031170074851842207,0.0016077530140379854,0.1287260623444076
124,0.8779379776647874,0.10252308417044305,0.01594337533586126,1.901377233066347e-05,0.00011198503706068606,0.003464564019516912
125,0.9165276436628772,0.07392957053456789,0.004409507919664555,1.0701456592265195e-05,7.441588958202383e-05,0.005048160536715911
126,0.1897207161665002,0.8022545963870298,0.004931505185083607,6.283784537131965e-05,0.00047091656231265796,0.00255942785370258
127,0.39581247671906217,0.5377384999046808,0.010515542282697176,0.00014927241997702754,0.0027231712826111944,0.05306103739097159
128,0.15787516512870853,0.8323814251089775,0.005970022764414243,7.293056119899603e-05,0.0006928658480741692,0.0030075905886264324
129,0.0594334310198383,0.926894928644527,0.005054037118590698,0.00015029266967805775,0.00035911372803998414,0.008108196819325935
130,5.3819035316640445e-06,0.00030345361985361404,0.026029774046601978,0.2889858530064012,0.6826433749735561,0.0020321624500555325
131,0.06694293925195204,0.9220443118224083,0.0032176719719536335,0.0001226888110269766,0.000367539939646978,0.00730484820301209
132,2.4068422672218982e-05,0.0029147871943625264,0.0015382222931337776,0.0989913167156286,0.8796867350025896,0.01684487037161321
133,0.15932953923772086,0.8289504694688352,0.001958130833485133,6.864534234055712e-05,0.0005184403537483772,0.009174774763869941
134,0.8430445332803487,0.1400868334723317,0.008902407533186083,3.859775671475861e-05,0.0002532054738165115,0.007674422483602294
135,0.9737822613184252,0.01137960468996257,0.006762257688474716,1.460553929240592e-05,0.00011282886347835217,0.007948441900366837
136,0.8251324108387829,0.15974355711156288,0.010250320045211782,3.4202135493146815e-05,0.0003800781359002545,0.004459431733049186
137,0.0020943973150409365,0.03267807333459846,0.028363925354703466,0.0011926202101836185,0.007487445697915258,0.9281835380875583
138,0.37245384784466723,0.6080773860115991,0.0004883160588173851,3.926225674078023e-05,0.0005481830055754653,0.018393004822600204
139,1.5172826858802757e-05,2.173752610366542e-05,0.007175718991693172,0.799755344132725,0.19270134396676436,0.00033068255585508294
140,0.0036648370325608973,0.0031585633092538726,0.05775473166442371,0.0009064452550869478,0.016174883614172582,0.9183405391245021
141,0.9239817628177499,0.06447246952827354,0.007771344784516913,1.405960060748386e-05,8.214564269002547e-05,0.003678217626162287
142,0.8786583002178323,0.11009372210970511,0.009356624860842955,2.0389961870204773e-05,6.99355219310901e-05,0.0018010273278183603
143,0.8015886311590719,0.16793691726765508,0.029722860985117373,2.8283515399391815e-05,8.94408871997365e-05,0.0006338661855565027
144,0.9644017500958466,0.028435672661288585,0.003951919652197813,1.1753114500386922e-05,0.00011318226563318206,0.003085722210533474
145,1.3616952074993724e-05,2.2638266532690815e-05,0.004686291447061668,0.23336217756741232,0.7615113584976917,0.0004039172692265766
146,0.0028957552006891093,0.01075483959125708,0.6822765459948583,0.004466684545706373,0.0031346831443663198,0.2964714915231229
147,2.377841258153293e-06,0.0013483011044682581,0.006992012665091034,0.9547521937209449,0.030671869976594338,0.006233244691643383
148,0.002066250771370682,0.0010286894748766852,0.12241600740220263,0.0014265459950484347,0.012573923435774115,0.8604885829207276
149,0.005749939380704026,0.005437858179673137,0.04487765562110784,0.0006652568734377411,0.012714414125449176,0.9305548758196281
150,1.391409025962289e-05,2.917555063848389e-06,0.0012368529585087787,0.0013311820177414441,0.996729904471497,0.0006852289069292646
151,0.9628402611527717,0.021741019549190506,0.01086730200825326,1.4969685483050082e-05,0.0001375496484769718,0.004398897955824552
152,1.3443757325513292e-05,0.00016534395144006953,0.0014807824727184333,0.07112782327132679,0.9247449957120505,0.0024676108351387735
153,0.9545836185568202,0.03273433529264428,0.008871725991635134,1.6450981458637062e-05,0.00010846504131058149,0.003685404136131221
154,0.922873715191239,0.055410933960103194,0.018464961012224758,1.576512486563452e-05,0.00012940634493176722,0.0031052183666356336
155,0.9515273955085439,0.024287310774565384,0.020953634444477388,1.595254301315717e-05,0.0001482736423288731,0.0030674330870712127
156,0.002851459580235005,0.004875862377089465,0.7780008060993908,0.0031612826774713616,0.0050010590847207595,0.20610953018109263
157,0.0021431008239206207,0.0010284196049302676,0.09711158514255402,0.0015322850866702304,0.014511552882467109,0.8836730564594578
158,0.017139764673936256,0.35610626886438973,0.4175841105628095,0.000945318157769277,0.002443349312902344,0.20578118842819296
159,0.12037674750537757,0.8713740978976343,0.0019701620516665752,0.00012768300455488817,0.00023264690973784585,0.005918662631028932
160,0.004575814061640365,0.0021229404339218223,0.08375518928055857,0.0011625961645831287,0.011193715425644799,0.8971897446336514
161,1.8138739586591942e-05,1.4439035281383018e-05,0.018517614880556452,0.0005324646608834547,0.9806112686004367,0.0003060740832552743
162,1.535144197894708e-05,0.004006408303298991,0.027820654721614445,0.7675205983347594,0.08616933077363761,0.11446765642471043
163,8.435450916395658e-06,2.3441450889152222e-05,0.0023260612216238867,0.658692127291394,0.335580281782333,0.0033696528028433837
164,0.0034060635335193185,0.023787449293829782,0.014694772140094669,0.0007818334521852284,0.015475934786689237,0.9418539467936818
165,0.9074578061104683,0.08323254665187398,0.007291791628429395,1.3072584490446222e-05,0.0001238205038203276,0.0018809625209175206
166,0.4752345124938253,0.5160963805668402,0.0014591667756264058,5.3639852018185306e-05,0.0009734473071695087,0.006182853004520198
167,0.006292429011738466,0.037494042911699485,0.8921908724749589,0.003531073548159171,0.0013319339884245143,0.05915964806501948
168,0.016889514047026245,0.2722392540721423,0.44552715325162917,0.0014998837339986952,0.0029186906895379916,0.2609255042056657
169,0.0017873393416021686,0.009103555579964409,0.41112165811472917,0.0017602994355029767,0.0029460616357776326,0.5732810858924238
170,0.9448156906873169,0.04440125812850062,0.0069877158625937,1.8658981421807442e-05,0.00011459892973220243,0.0036620774104348984
171,2.5246751511857744e-05,1.5517493400450638e-07,0.0024625347318545108,0.00707964268025441,0.9900223119119921,0.000410108749453057
172,0.0009128263260805978,0.0004746409116239603,0.10076110126074338,0.004162735777420885,0.03424481278731888,0.8594438829368123
173,0.9262630347730598,0.056919946075893034,0.012337955844774038,1.8199362315221587e-05,0.00016171763693393804,0.004299146307023876
174,0.02390229052071249,0.13090224281321583,0.29495741126328107,0.0009796937558290842,0.004041180239378007,0.5452171814075835
175,0.005959263476311616,0.038111006971385995,0.9050763647004666,0.0015061555325845187,0.0016895918928288458,0.047657617426422536
176,0.004875176819152595,0.0547124028547741,0.01655545270758301,0.0004970944334979425,0.009235705745668248,0.9141241674393241
177,0.003603270248220033,0.014506588879319689,0.014399319183861047,0.0007168326566943637,0.01150881363974172,0.9552651753921632
178,0.005472095208848147,0.05500691462432355,0.014356073095172426,0.0004272693984020921,0.009140044459927993,0.9155976032133257
179,0.0027036623269177176,0.008999120601402847,0.8050005925346069,0.0024929022620075614,0.0024528238621514624,0.17835089841291352
180,0.00925480680979305,0.008407494471038817,0.02157022939862309,0.0010094343519405655,0.006069462062567423,0.953688572906037
181,0.002894293594994745,0.007355638203320259,0.022769024775095258,0.0008774831764850968,0.010907085183005165,0.9551964750670995
182,1.4157038982940442e-05,1.892962417223303e-05,0.003216762098236427,0.12898769337571278,0.8667900076276123,0.000972450235283329
183,5.823753388137821e-06,0.0001237681977442752,0.021088591664325397,0.0057967069649413686,0.9714619054834593,0.001523203936141523
184,0.011352698677450965,0.03449645478812396,0.5725364056986145,0.0008827259893039486,0.0023567006953387998,0.3783750141511679
185,0.00914954511466379,0.011939597959412622,0.012213914590101306,0.000284779272705675,0.010373561059864613,0.956038602003252
186,7.257976523005152e-06,0.00011716742649999564,0.025028231164373672,0.7153310922310024,0.24294303900544964,0.01657321219615127
187,0.034486437723131876,0.9395435442355154,0.004920804885494279,0.00026516713262547974,0.0005407083114591409,0.020243337711773796
188,0.006313087174211484,0.007491068819494496,0.017964665287940603,0.0007533629569871584,0.008158729601298837,0.9593190861600674
189,1.383213617284391e-06,0.0039871539155024,0.010995836471451111,0.9388480663915724,0.0104803444725524,0.03568721553530432
190,0.0015166535893964062,0.004086650516928772,0.9413058790347043,0.011351903544677707,0.0013807700179112737,0.04035814329638151
191,7.050226389411015e-06,0.000102111989826872,0.0047331742578922776,0.48640200781496745,0.5041550824567251,0.004600573254198635
192,2.6160610470649565e-06,9.478664352076806e-05,0.0057049452638992856,0.062482225997198486,0.9280897116619328,0.003625714372401587
193,0.8288084157969314,0.14750626924130839,0.023173142098131917,1.0197254043175972e-05,5.788243964206255e-05,0.0004440931699430357
194,0.008563288104074732,0.013413718310080237,0.9694046478232389,0.0008776267423045845,0.0017488492332762237,0.0059918697870253584
195,6.391657413063053e-06,0.00023316509639532024,0.0037879910924031343,0.004474857903942709,0.988322717560704,0.0031748766891417303
196,0.9534658599699216,0.02979525070873847,0.01408272208479546,1.4704253209174045e-05,0.00013863520554156705,0.0025028277777938476
197,0.9311266820536118,0.048969791564714836,0.016566626671502722,1.8358024025124463e-05,0.00013462640965485444,0.003183915276490525
198,0.0015166535893964062,0.004086650516928772,0.9413058790347043,0.011351903544677707,0.0013807700179112737,0.04035814329638151
199,0.9482682109007213,0.026445840618142417,0.016944899515810033,2.2929093756394135e-05,0.00045612942573075316,0.007861990445839068
200,0.17655499597878663,0.7958173464920656,0.0003297030556914032,8.494623637656257e-05,0.0004060711058760818,0.026806937131203693
201,0.9356178781754708,0.05514911787821809,0.007454670197371078,1.1359061541017815e-05,9.279669874446906e-05,0.0016741779886546373
202,0.005608601436627017,0.004598499300748881,0.0388804159828244,0.000797510377315322,0.015585835052150105,0.9345291378503343
203,0.9365181317727408,0.030623836096326077,0.03060337264846521,1.576035576403957e-05,0.00011351128104446989,0.002125387845659563
204,0.9409953652643064,0.03971468847046357,0.016686813138136632,1.7741487302851867e-05,0.00010335332358990049,0.0024820383162006475
205,0.004538007562425152,0.0036708334737524722,0.03862845491360481,0.0008055903620784469,0.010192117516561083,0.942164996171578
206,0.0010396784756477563,0.0037154185733878128,0.7862718710659325,0.00442467596179288,0.004766537401047174,0.19978181852219173
207,0.011572239767655906,0.04839608439237754,0.01971307347769116,0.0005973653121942017,0.01449971440125069,0.9052215226488305
208,0.0027858902367417274,0.033884017597303875,0.9301215460946803,0.0027074181456051365,0.002704627321997638,0.027796500603671188
209,0.12492160180820715,0.8640753654189826,0.006212303375178073,9.667640319737827e-05,0.000495843326797837,0.004198209667636885
210,0.0040133264986513826,0.020569328111524742,0.952302547380972,0.0017254892779029738,0.0020642572756627803,0.01932505145528617
211,0.7232939442290071,0.2409912821537019,0.023770242230599356,7.527522256388337e-05,0.0007181731855220637,0.01115108297860578
212,0.002361160579690716,0.03814324664112661,0.033210351326872514,0.0013199717293724844,0.007194452125994375,0.9177708175969433
213,0.9411481687526129,0.04850347310762465,0.006379104920902589,1.8129313458833185e-05,0.00013111503197231331,0.003820008873428659
214,2.5090317138656606e-05,0.0011377650356931893,0.007290415912726908,0.13043456936790204,0.8506347431857795,0.010477416180759811
215,0.2969928041855908,0.6847946499429941,0.008773798747217716,0.00013861473503655968,0.0002849378802986558,0.009015194508862016
216,0.005814836334722112,0.003132774201631938,0.024619735005475533,0.0006295987992677453,0.013534269088734424,0.9522687865701683
217,0.08398197688779224,0.8937105403917531,0.0016642040101058591,8.898031335097472e-05,0.00037099938935840164,0.020183299007639457
218,0.0055936060014136054,0.00349842204347447,0.016967108577069737,0.0003345098854384043,0.017195193630477227,0.9564111598621265
219,0.0023825391350519908,0.0012659609978052705,0.0677597826633801,0.0019180561473160892,0.011989242618694699,0.9146844184377518
220,0.9118808463763302,0.07108594898584433,0.014932509657640035,1.3788436353668609e-05,9.439694273488756e-05,0.0019925096010968905
221,1.1772319978745011e-05,0.05715486857991945,0.03808658150352675,0.6727259320588346,0.14825359204533398,0.08376725349240649
222,1.3779078948143322e-06,0.015924146051689732,0.007731630177966309,0.9263932147435308,0.017795083593285282,0.03215454752563313
223,0.015908637848718165,0.05257096992047095,0.7900395710086194,0.001097789592899259,0.0018918599111377398,0.13849117171815434
224,0.6792892622333909,0.3134946797438495,0.0038646920650876474,3.0783601418876946e-05,0.00021200486242961358,0.0031085774938236473
225,4.483684874964085e-06,0.0008782653331598132,0.04731906632777857,0.7586122705711973,0.18805395283590726,0.005131961247082077
226,0.005338970632118516,0.0016630442093022984,0.08641487439048508,0.0007993317626546974,0.015500759557163745,0.8902830194482757
227,9.829790090771803e-06,1.2305647543443066e-05,0.005792820189543722,0.005661349084842608,0.9857744090874376,0.0027492862005418497
228,0.05045259024808381,0.9381320286562852,0.0030822655465396935,0.00012680624893273072,0.0006418986342652371,0.007564410665893373
229,0.0012066757519479964,0.002063684168612644,0.12856678961316484,0.0018607778628311471,0.025044131723255716,0.8412579408801877
230,0.002280730682685115,0.012449865418854861,0.9248144951305326,0.003139455397026171,0.0028053197046421464,0.054510133666259085
231,0.002575091351334883,0.004825832658890754,0.03712552249915529,0.0007790520183322255,0.015914082658294023,0.9387804188139929
232,0.745759704109325,0.23872360449389246,0.011977299421511474,2.12823476918205e-05,8.80507176156171e-05,0.0034300589099633878
233,1.996120761086053e-06,0.10664673259229142,0.010532439665018205,0.816881278420115,0.006013712926537746,0.05992384027527642
234,0.0015278552664531589,0.028116024030718903,0.8455895959259787,0.004873509923402088,0.002369716263034271,0.11752329859041283
235,0.15097913106305977,0.8300060857604943,0.011048340381466308,0.0001237069721583457,0.0003330911556162175,0.007509644667204963
236,1.1801262883222164e-06,0.05086485782157583,0.01580197940904273,0.8750481319868489,0.0037925793975938193,0.054491271258650366
237,0.9356365560228057,0.05100459374834217,0.009972907501131724,1.0613543178744088e-05,7.541574298098645e-05,0.00329991344156049
238,0.002874013236620855,0.0010031081519699427,0.17273469359041418,0.0016777737908427266,0.010805847405340886,0.8109045638248115
239,0.007338451338454581,0.02281421854291106,0.015030879978965645,0.0005418368367787307,0.014987611221992882,0.9392870020808971
240,0.9648760611240406,0.02534425333452167,0.005419990321589882,1.2006114873288543e-05,0.0001539749351673526,0.004193714169807309
241,0.91244616140616,0.07947750929202854,0.005009469105928434,1.0885481369836392e-05,5.66031749067424e-05,0.0029993715396064435
242,0.12225092972101387,0.8496704581377548,0.0006725384413765725,9.641054581037813e-05,0.000595232286736639,0.026714430867307726
243,0.018449757536475462,0.6588339093428044,0.29464806422342266,0.0004961553304399089,0.0016970592007659962,0.025875054366091475
244,7.050226389411015e-06,0.000102111989826872,0.0047331742578922776,0.48640200781496745,0.5041550824567251,0.004600573254198635
245,5.3819035316640445e-06,0.00030345361985361404,0.026029774046601978,0.2889858530064012,0.6826433749735561,0.0020321624500555325
246,2.0209772703664067e-06,0.00020508973506839443,0.006221678332300854,0.5492095277669514,0.4389413388660834,0.005420344322325712
247,0.9433751839759204,0.03779246561847334,0.015992314067873426,1.568202218570604e-05,0.00010648318434861799,0.0027178711311984538
248,0.39271574307092777,0.601117479632498,0.0009259984119878836,3.9880521733201216e-05,0.00019942201077013868,0.005001476352083032
249,1.63047911108234e-05,2.194531751915563e-06,0.004666191756758345,0.0010404814265446978,0.9857366559678127,0.008538171526021559
250,1.2950964817409772e-05,1.1247383043159783e-06,0.0007991609330216962,0.14385877255231136,0.8543647608921455,0.0009632299193997094
251,0.0050557781800985805,0.013034304569595,0.9163521046058622,0.0019281225726605008,0.0018441294600168262,0.0617855606117667
252,1.968486459071556e-06,0.015165060457216719,0.01962177578973121,0.7112487877291782,0.22694759744277992,0.027014810094634953
253,5.1301703481013424e-06,0.0013998341725717915,0.0027988221913463275,0.12173613338473104,0.8441269275273404,0.029933152553662384
254,1.8275711437090128e-05,0.0019814679978328808,0.018639871979838425,0.0852076316206424,0.891753838111488,0.0023989145787612466
255,0.0027340022163191736,0.016311872261455893,0.8297863140041938,0.0024628529681231274,0.004407463759834144,0.14429749479007387
256,0.008808440188995268,0.011691380664053348,0.9182487716481061,0.003157713399105637,0.0015374400697071296,0.05655625403003243
257,0.9173624833478419,0.05013545143379625,0.03107727685082159,2.229182967453986e-05,0.00015939030409025794,0.0012431062337754113
258,0.2778674774596413,0.7153120251226761,0.0009552027436083971,5.48866556884949e-05,0.00021012412158081845,0.005600283896805137
259,0.9254901884714436,0.062255765199584125,0.009160045099681428,1.919850350202672e-05,0.00014798595205875765,0.0029268167737298667
260,2.3511710517073197e-06,0.002588686483775102,0.009494990617984858,0.2404815989630855,0.7351504044069782,0.012281968357124745
261,0.016307152648905695,0.9453077810993741,0.004179905718565328,0.0003280319321074377,0.000651557000084788,0.033225571600962595
262,0.003167242534570424,0.002731588503933363,0.02405638103141741,0.0007377783193800296,0.01710561664081025,0.9522013929698885
263,0.9480572664207353,0.0384603888236343,0.010791774460020484,1.7092329917359665e-05,0.00016098565790102954,0.0025124923077914554
264,0.005792287068143288,0.016508359255936234,0.018202626687996822,0.0005235202507524189,0.01503224861517625,0.9439409581219951
265,1.0902976992166416e-06,0.0014472003043748058,0.008689305060380997,0.9375450953249729,0.016712759008167766,0.03560455000440428
266,0.008628970374423109,0.4464936085816629,0.5039447235167779,0.000576836401897612,0.0015751624923599403,0.03878069863287847
267,0.018877369457953524,0.012801118534123001,0.01818830095191763,0.00030404345698790145,0.011228935434441678,0.9386002321645762
268,0.1968088740074638,0.7877470939127836,0.002538245590069166,0.00016776923704475062,0.0005191308260820052,0.012218886426556852
269,4.0542050779634626e-05,3.019646857794533e-05,0.002580820769711414,0.6563812997602125,0.34083133183606384,0.00013580911465458566
270,0.0020058228157294905,0.0010387756757184792,0.12100435309532782,0.0025092697229747063,0.012475723200449592,0.8609660554897999
271,1.6939920902756462e-06,0.06680457644996367,0.03230911706172074,0.862945200744139,0.008312446958507762,0.029626964793578552
272,0.0021228341456497,0.004982684908034648,0.9326910961777448,0.0023368521148475555,0.004171442852450513,0.05369508980127281
273,1.1860517283781298e-05,4.0514500227782816e-07,0.0006912223209279985,0.13935881000241754,0.859746575089955,0.00019112692441340087
274,7.5009883726220225e-06,0.0013499130000730222,0.00225098025706544,0.9337678190815821,0.058409656158589916,0.0042141305143167775
275,1.198329275946616e-05,8.862083198508702e-07,0.002003791122261728,0.47611117469020664,0.5210019130782684,0.0008702516081838697
276,6.609054119254187e-05,0.002827652776617921,0.22172546049942257,0.7726517105896431,0.0020297512018620074,0.0006993343912618849
277,0.8982778330956881,0.08838325917069163,0.011600722127062538,1.409701916418892e-05,6.833111440113935e-05,0.0016557574729925404
278,9.760097791382291e-06,1.0659284401356787e-05,0.00139407804246175,0.0019078085160041931,0.9950202320882274,0.001657461971114061
279,5.223194336674106e-06,0.0020409007877888402,0.017327959219613446,0.5968749731376581,0.36176792648154643,0.021983017179056333
280,1.0903059650378153e-05,0.0009634628541767122,0.006427486839188362,0.07344458517156818,0.8971481708866674,0.022005391188748998
281,6.900610279368939e-06,6.329763780594752e-05,0.03212443986895242,0.4286079352961966,0.5278872700882696,0.011310156498496175
282,1.5855369499340342e-06,0.020017651127722438,0.01020342267575609,0.8078780287608636,0.09772186129617792,0.06417745060253001
283,0.005287854021364281,0.022715268433897363,0.9364577797757303,0.001738889173973726,0.0014604120158963102,0.03233979657913808
284,0.363374056160983,0.6317371715347887,0.0017102134809051403,4.6223638931385455e-05,0.0002463333086224407,0.0028860018757693798
285,0.20298550652353126,0.7877994854990549,0.0030906845744239062,6.111725563801235e-05,0.0004590556035283036,0.005604150543823625
286,1.4032796152762514e-06,0.012987783331256306,0.025278804425746586,0.9006116695516672,0.04747367339614486,0.01364666601556984
287,0.0030175370721611697,0.008367087484648487,0.8936995298122448,0.0017926432576640203,0.0030405366752000603,0.09008266569808143
288,2.581014977258653e-06,0.12035153799218547,0.0401230284967419,0.6252258687996798,0.19293837192590077,0.021358611770514794
289,0.33310326501686083,0.6546377744083174,0.008748851939668352,5.7064210273269304e-05,0.0002926521242740006,0.003160392300606121
290,0.013010432855207494,0.06004830416365141,0.869002591691522,0.0009825463140590938,0.0016205538939735884,0.05533557108158625
291,0.0810124368532331,0.8952487008236555,0.006801989253296462,0.00012220924553275745,0.0006955313780493034,0.01611913244623296
292,0.11758068266338854,0.8653628617467384,0.0061476169863577,9.802684640633898e-05,0.0002970913390895897,0.010513720418019524
293,0.005539385012519444,0.020425486863677577,0.93901267106176,0.001732832610009512,0.0016626548858071904,0.03162696956622628
294,1.323869941175696e-05,1.2239480579307653e-05,0.001899148454198825,0.28832230931323655,0.7069843440158996,0.0027687200366739114
295,0.9576365281744359,0.02229074647157036,0.01656154335142642,1.5232517618268254e-05,0.0001282374077159737,0.0033677120772330513
296,0.00197363966010082,0.01743797599806789,0.767187944025616,0.002905067319861995,0.004745026153207937,0.20575034684314533
297,0.009809241225475622,0.1599663223083206,0.3588233777422623,0.0020745688201605247,0.004230080672064503,0.46509640923171636
298,2.044156048767743e-06,0.03101915245088172,0.012347086704406268,0.8962053610378167,0.020954551513545142,0.03947180413730158
299,1.4988683561457864e-06,0.0009902162547958783,0.005133067346067887,0.1895791837177644,0.7919721502518084,0.0123238835612072
300,0.0386287065555254,0.9441264249011164,0.0019531702072416233,0.00016957510564969837,0.0004510637233158272,0.014671059507151078
301,0.08227965637812694,0.8981060997556234,0.009223728286376883,0.00013640188592829088,0.0003586826843065691,0.009895431009637858
302,0.0025664623333890575,0.0028399393347738333,0.02312550457528693,0.0010171239785465914,0.012031799687601808,0.9584191700904018
303,0.0018720593651043239,0.0023353815421771253,0.0746403927545139,0.0025382526206348607,0.009578851025887302,0.9090350626916825
304,0.23906795978018514,0.7280874175135381,0.007165756256579137,0.00011773021372783092,0.0016054918790581456,0.023955644356911557
305,0.0027154933278341706,0.00689533024994323,0.030614967950884725,0.0006562094661186149,0.01615483885854383,0.9429631601466755
306,0.8535165001746797,0.14032915082163783,0.00457756688545749,1.640192020706722e-05,7.812943410102558e-05,0.001482250763917078
307,0.4183032573900378,0.575148482120148,0.002924586382756148,4.0949658983266e-05,0.00025607388960514703,0.003326650558469566
308,0.6538462526968766,0.3303429671400904,0.002265232559622609,6.298868302586113e-05,0.0003894874471511489,0.013093071473233357
309,0.3614412162374256,0.6135404260661368,0.019145948904448415,7.396776883043106e-05,0.0002716968916663985,0.005526744131492146
