,proba_0,proba_1,proba_2,proba_3,proba_4,proba_5
0,0.018743274622945914,0.030780789776277694,0.0861039833137615,0.034025466355670594,0.014269394729766429,0.8160770912015779
1,0.00034131535165935243,0.007538170927790828,0.04588400881634473,0.02832136920054594,0.015433603587428952,0.9024815321162302
2,8.757881153348186e-05,0.01785487393894367,0.9633537539351521,0.011457369223945137,0.002101242244031799,0.005145181846393853
3,4.349011390851032e-12,0.01223660758011195,0.0036796429827537017,0.42522430722503174,0.5537224825483248,0.005136959659428845
4,0.0002549995101582703,0.019096832541791342,0.9613195804951123,0.016278355621803922,0.0013909166440169646,0.001659315187117095
5,1.1950977642754131e-06,0.007215163160323324,0.019311875188261437,0.009547369016222284,0.043344073552047495,0.9205803239853811
6,2.9226743102479276e-10,0.011486698022877875,0.005753112147039077,0.1001102913830111,0.874437873402573,0.008212024752231572
7,2.0858881234642227e-05,0.011657428257369857,0.9731129265411569,0.00963950669775852,0.0019400258673329643,0.003629253755147191
8,3.257080637549559e-06,0.004738211796322063,0.021625494246811084,0.013158044098406698,0.03107426689735637,0.9294007258804662
9,9.131357790337602e-12,0.04121652574484015,0.002815379450543609,0.16049611060088273,0.7829370705710924,0.012534913623509667
10,0.8882062490429948,0.09869831297794794,0.007792965205914011,0.0026103971311499915,0.0009658643730723566,0.0017262112689208548
11,0.0001796715713408343,0.01690345223171812,0.9698345111790102,0.008880424770266775,0.0019206258807117028,0.002281314366952257
12,0.023877031014328996,0.9394855297051223,0.019551997501387985,0.0056226290771592665,0.008659268140828768,0.0028035445611726403
13,2.0234260605813347e-05,0.021539507999629937,0.9579709411732971,0.015767484643105983,0.001777285458323977,0.0029245464650372237
14,0.18856460631767,0.7840661292205323,0.011853253320791577,0.005388775838962269,0.005704047126115958,0.004423188175927804
15,6.83674461198803e-11,0.0009667774303308364,0.00648263981813721,0.8050012380922283,0.1785620858434147,0.008987258747521579
16,4.930664878607333e-05,0.02083872358424277,0.9661893971880273,0.009680246512611408,0.0012833079046533395,0.0019590181616791877
17,1.89364365739667e-11,0.041103234421452264,0.003908302373202289,0.5550367779360189,0.38376925560728675,0.01618242964310354
18,0.424259305947182,0.5594374113460442,0.0076361569131957775,0.001789170827880347,0.004547042862791399,0.0023309121029064044
19,0.8878443330002403,0.09593163296739055,0.010479680003650538,0.002731611487461535,0.0010674243395343375,0.0019453182017228243
20,0.8867641421800455,0.09882309648436155,0.0073385900059581574,0.002999183066846594,0.0010068710805629006,0.0030681171822252717
21,0.0002779072673065265,0.013892464458648036,0.013281900647327486,0.021313797762138195,0.02042665200989314,0.9308072778546865
22,0.44603343729309575,0.5314939784324269,0.013559660809081017,0.0030630723686944916,0.0039890280394099574,0.001860823057291878
23,1.3028018352996736e-11,0.04565921198281765,0.006882621271627805,0.15305651080069554,0.4896403331340146,0.3047613227978165
24,0.8738415495686869,0.11338109986740999,0.006415346895137346,0.003337640762589547,0.0008849936384958871,0.0021393692676803496
25,1.4985647438284238e-11,0.02992381291486229,0.0036250272491821414,0.2560522923045011,0.7028632243355634,0.00753564318090539
26,0.860982118670261,0.12111920295915603,0.01081232032305959,0.0035043479780413546,0.0011243777493359615,0.002457632320145856
27,1.601901240094033e-11,0.0053346209466905775,0.004928134856605448,0.7213393590593192,0.2638891638470743,0.004508721274291546
28,0.0010648475311287378,0.018168016001943302,0.027048933701359062,0.020584785563473356,0.018055031283341925,0.9150783859187536
29,1.8955600286726292e-11,0.0773825461314181,0.004550324430329457,0.4197547405924497,0.4763467079988588,0.021965680827988453
30,8.008024329595794e-05,0.005495261362095526,0.021324733063045935,0.02669088348556946,0.02488439208300187,0.9215246497629912
31,0.00014376346742205084,0.008259049710014617,0.017133748076682363,0.023337957003223855,0.022106398107137517,0.9290190836355195
32,9.596949184220511e-11,0.01036013058408289,0.01017129375212413,0.6818300488472002,0.2955432766092002,0.0020952501114228825
33,5.751387052266634e-12,0.015258771597700914,0.0052062466222608525,0.1267703910933213,0.8290048948889183,0.02375969579204733
34,0.37994598013374914,0.5864698415161451,0.01459770122861837,0.010605739718622612,0.004799304157603131,0.003581433245261567
35,1.946588156266112e-05,0.015365383485485053,0.9727284849394713,0.0076487830960098036,0.0016027288382837789,0.0026351537591873214
36,4.8903191905191e-05,0.009869982304814258,0.057336972046584,0.01582516668075847,0.022958588025068588,0.8939603877508695
37,0.054401456685874386,0.916485443423971,0.009658646620414194,0.003515679631259692,0.01211763313969879,0.003821140498781978
38,4.254500830288038e-11,0.0027995974622430594,0.008539841926820392,0.6231440054665527,0.3559913856468827,0.009525169454956035
39,5.887087659573003e-05,0.0036463313361253186,0.031534767374367036,0.029900733675490135,0.024488159969829094,0.9103711367675926
40,0.23349293132806853,0.7300071185870284,0.024910155567197265,0.0042573249527530915,0.005147414803114618,0.002185054761838135
41,0.00033452837252043063,0.020600432908430593,0.01768383517015545,0.02127506643208137,0.015984509903345084,0.924121627213467
42,1.817031489282817e-11,0.0008318556426474822,0.004536897468273854,0.8079955065273269,0.17118057944683582,0.01545516089674573
43,1.6716449537695653e-05,0.013674170681132481,0.9690105129249739,0.010721809609980931,0.001958613961197691,0.004618176373177426
44,1.3057642348167736e-05,0.0060219040497775265,0.023432903979598192,0.011935827838410846,0.043762185904693364,0.914834120585172
45,0.9022656295686706,0.08478267524905155,0.006116453015928437,0.0033616399621474126,0.0010909852854573067,0.0023826169187449644
46,1.7344417623754662e-11,0.0350807431578828,0.0032610218300639666,0.338978998369383,0.61737317266885,0.0053060639564759034
47,4.723109474048711e-11,0.0026571710293791647,0.005222441765987914,0.7684057120216892,0.2107807080812208,0.0129339670544919
48,0.7955458118727079,0.18177036948582972,0.00928826771494746,0.004944023813436814,0.0047712982100808436,0.00368022890299721
49,2.893232560816564e-11,0.008994087995936591,0.006801201032697627,0.7039696793781881,0.27641987537459417,0.003815156189651109
50,0.04273021015079602,0.9109255585181587,0.026900673144365374,0.004658632075753155,0.010598400790481678,0.004186525320445182
51,0.7530880819401717,0.22620143698780643,0.008662546710555944,0.006745799548276353,0.001381421451113154,0.003920713362076495
52,0.00045509136459126145,0.022467940545700105,0.966110756524205,0.006680346176021556,0.00246840415469342,0.0018174612347885756
53,1.4548438243008759e-05,0.0216796406799315,0.966691466938543,0.008169507577652151,0.0014856538130883213,0.00195918255254193
54,0.0007988974930250008,0.012595358703069184,0.024002275734341123,0.023746538912736422,0.01640111459313428,0.922455814563694
55,0.0006462642991776206,0.014572185811886802,0.04068957517012942,0.022498039937469606,0.015948756672520714,0.9056451781088158
56,1.3528428669268082e-11,0.03667972524795804,0.004589674523944981,0.12445162276462787,0.8267907582827997,0.007488219167141122
57,0.0009007749480264902,0.02324019103970313,0.964835691609351,0.007769967331381814,0.0015660100521411723,0.0016873650193964063
58,2.5807604863930104e-05,0.02659880633099049,0.9491312179987923,0.019991966826069067,0.0020258796503489335,0.0022263215889353964
59,1.8120118485678614e-05,0.009599016648908682,0.9597736153041587,0.022601063687240203,0.0028953105486715456,0.005112873692535213
60,1.3090815952907738e-11,0.010226179862462815,0.0032339318721795055,0.14769598914240206,0.8341197320349564,0.004724167074908286
61,2.6679618471361926e-11,0.011771234712393164,0.00457368296115915,0.7028813765423401,0.27482893775142575,0.005944768006002079
62,0.4036595112723537,0.5756083446330988,0.012780924960439928,0.0020077751972020865,0.003925066792214121,0.0020183771446913635
63,0.44746560478823294,0.5310267150732367,0.0111146311248125,0.004319077888502451,0.0030773651006803272,0.0029966060245350005
64,1.2730091191339308e-10,0.008700261311571018,0.010750977970716197,0.7757878830991972,0.20175846014942453,0.0030024173417901945
65,2.447488734069113e-11,0.0013667053623013295,0.005399192223361202,0.7668934652532886,0.2125329861773349,0.013807650959239142
66,0.029879711076377324,0.9420114278558156,0.011292200011730308,0.005240151024999935,0.008145095258848826,0.0034314147722278657
67,3.18672427160844e-11,0.013335038092871065,0.0052799582506288315,0.12195772699391813,0.8543362799617295,0.005090996668985257
68,3.582238157914177e-11,0.024264516520671627,0.015205551460820844,0.15349166743571926,0.7768118757546385,0.030226388792327325
69,0.19809752105664413,0.7704863822324262,0.014729218525763591,0.008077515877311403,0.004916920179840946,0.0036924421280138983
70,0.011459451612578863,0.03499453630227539,0.02626439922942693,0.021589966544227138,0.013879192963537618,0.8918124533479541
71,1.1052779693662184e-11,0.004191288055518764,0.0027631111073590934,0.7971940394174416,0.17941383298217284,0.016437728426454867
72,0.0001572432153342929,0.01958225763618558,0.9654742754062084,0.010040098838774623,0.0017372221840713103,0.0030089027194256796
73,0.08262411038833128,0.848743391386464,0.054356171534370036,0.006310624726091719,0.005184473477965555,0.0027812284867773573
74,0.09800602344852825,0.8554690263633175,0.028748531780465644,0.00900348374473851,0.0054170044717753215,0.003355930191174804
75,5.117865761978061e-12,0.020258632347355265,0.002612673601591319,0.207905572248075,0.7620784692967578,0.007144652501102762
76,0.89278265272386,0.09416714610108771,0.006043606338401675,0.002749165598897209,0.0012724305769112852,0.0029849986608420647
77,6.255983041036901e-12,0.030004895318938504,0.0022962117896087094,0.18086690315686627,0.781492826459574,0.005339163268756498
78,0.8412096142358106,0.13962120395611843,0.008628802580495436,0.0034810632666096206,0.004014743259520559,0.00304457270144525
79,0.07160722791867563,0.8764414110324862,0.02322514136535015,0.01131349218965983,0.014257006590450115,0.0031557209033779366
80,0.8415419449778343,0.14111381752188584,0.007138409434355222,0.003294477508067907,0.003025625820071833,0.0038857247377850415
81,0.9013416092328818,0.08274632758319964,0.010553349685187513,0.0022243081387547875,0.0010668664274671945,0.002067538932508973
82,0.7841337278590014,0.1986676528537795,0.008775472294164135,0.0049354373977842265,0.0015105843200920687,0.001977125275178663
83,0.8762872080720192,0.11056698716671336,0.005458336505520102,0.0040489150891362125,0.001149954506464087,0.002488598660146839
84,6.359943134460362e-05,0.009176910274958554,0.025241208594648703,0.02063801236305996,0.023318477548784293,0.921561791787204
85,0.8754186696469057,0.10932927618640384,0.008663941940638577,0.0027041077219356387,0.0013643477138003618,0.0025196567903158617
86,5.566517636730192e-11,0.016550356332033635,0.007337818659696251,0.11433760251464481,0.8573321475912975,0.004442074846662669
87,0.00035580512428437055,0.01432076300925106,0.021002322350896264,0.020221933217516867,0.018166931629143682,0.9259322446689078
88,0.1302760478468453,0.843441362837808,0.011374921554706575,0.004489654646281521,0.00721775947745218,0.003200253636906369
89,3.476607186995456e-11,0.023299857097219136,0.005787794871371568,0.7016861888827389,0.26341338705054157,0.005812772063362628
90,0.6893839400328926,0.2921315279075039,0.009975345875250525,0.004343224528787224,0.001806271150378103,0.0023596905051878263
91,4.502888439186489e-09,0.009864113297139017,0.02595785851326144,0.5892481860074865,0.36232212993430524,0.012607707744919405
92,1.9360920495038621e-10,0.005655575019784465,0.013467127203907369,0.6566684528826003,0.32054247689583965,0.003666367804259014
93,5.134811369067808e-11,0.04735974667534475,0.009169208071469207,0.4593726434993232,0.47602494775301873,0.00807345394949614
94,0.8915458055942013,0.09604047511469048,0.006121418689012434,0.0030395215488617545,0.0009506137587402097,0.00230216529449394
95,5.392638584892637e-05,0.029514740730636865,0.9552297460006945,0.010048799741324874,0.0023708005427415346,0.0027819865987532134
96,0.17453301483914588,0.7933527798123592,0.017544991586306787,0.005682977554206697,0.006025206016492998,0.002861030191488493
97,0.20144349702328707,0.7730175649712094,0.015776060433921033,0.002568894442922578,0.00496634387227468,0.0022276392563852165
98,0.0005537966067147804,0.021666959405860647,0.9630424407609888,0.009194745592115423,0.002215339759594931,0.0033267178747255198
99,2.0636953398721578e-11,0.008225429513575562,0.0036157485565500897,0.06312871534918675,0.9121675829981889,0.012862523561861712
100,1.5659331322205011e-10,0.004430646181979204,0.020957928916281697,0.6165038326034542,0.3548900515951153,0.003217540546576228
101,0.0005958696940401625,0.029149289017258054,0.9504919705035164,0.01567727894450016,0.0017859782716109405,0.002299613569074247
102,0.2931763638700777,0.6761253669845464,0.010099061812227826,0.003095853523809082,0.01030700683940198,0.00719634696993702
103,0.035166580577566116,0.03441222786705028,0.10883046209663057,0.04222757591631347,0.02230984401842835,0.7570533095240111
104,5.3678812200259844e-05,0.025479233957823838,0.9621374475580399,0.009443903254706036,0.0010079419345175766,0.0018777944827124452
105,3.099637131298305e-05,0.016179497419696386,0.9687108900302718,0.010504792030148383,0.0014888562264732269,0.003084967922097254
106,1.5569098092762716e-05,0.02443551527290743,0.961123202997774,0.011137766456719793,0.001395378987014674,0.0018925671874912412
107,0.00013377390662348658,0.009100839297317172,0.9684573686732556,0.018169655854733412,0.0011673529181421276,0.0029710093499281678
108,0.8019169833094277,0.177667103064317,0.013605550021369383,0.0035149308544149827,0.001361528511828416,0.0019339042386426611
109,9.029537542245322e-11,0.07986845174771741,0.0018556901839791955,0.7049821447557759,0.18259598178046374,0.030697731441768135
110,7.212077405820762e-07,0.014564637109085522,0.009391709753949805,0.008295210109849002,0.04299723801766473,0.9247504838017103
111,1.4414716886457394e-05,0.005534686945834065,0.9472950958194395,0.027427496699270953,0.007436892853197537,0.012291412965371605
112,0.0008894349168316919,0.015805148269802272,0.060280619192185726,0.024240539121588946,0.013948920559779952,0.8848353379398114
113,1.1210690178621735e-10,0.002413504012699988,0.004452717606539915,0.8609382760657097,0.12771420776453316,0.004481294438410275
114,0.04712462439559004,0.9006475179422424,0.019753919637316524,0.01031694110285589,0.017104089695978823,0.005052907226016373
115,0.17037162006549375,0.7995962806698378,0.01526556883024988,0.006920945506534817,0.004541285871606161,0.003304299056277523
116,4.013725142418607e-11,0.012550467761361926,0.0037486147499081585,0.5997584526962638,0.3587402805213811,0.025202184230947885
117,2.8467910159623823e-05,0.023403628724797475,0.9641783693673996,0.009163551946592846,0.001262123182219608,0.001963858868830761
118,0.4090223270998575,0.5662926055489681,0.012830432434321453,0.005394651699798631,0.0031171980229495445,0.003342785194104843
119,1.6619817005891282e-12,0.01660850403480887,0.0014473232641264578,0.13001095181168099,0.8084237653866811,0.04350945550104047
120,4.931498100818262e-06,0.00806669323962146,0.7409025690958116,0.22580369405341366,0.0034951733530059225,0.021726938760046458
121,3.6764962528549534e-11,0.019031489881371943,0.006380694073738808,0.2755018923624977,0.695468300545191,0.003617623100435464
122,2.499798927754241e-10,0.012989676798970026,0.010412891300743443,0.41911598028444,0.5288779715579116,0.028603479807955082
123,8.622090890859086e-05,0.013803996541890141,0.9715900919947812,0.01127789135867969,0.0017255513510145524,0.0015162478447257794
124,0.854459830617423,0.13405312113760398,0.006067529655664951,0.002653761890936468,0.001044342626642187,0.0017214140717292737
125,0.8793464369363834,0.10756790394054612,0.005691156954327692,0.0036694158979688075,0.0013101493760698613,0.002414936894703988
126,0.09800602344852825,0.8554690263633175,0.028748531780465644,0.00900348374473851,0.0054170044717753215,0.003355930191174804
127,0.27436526542880624,0.6889321955797248,0.018292342930361267,0.006901632170613542,0.0080122017515715,0.0034963621389226766
128,0.1276566693560326,0.8319326681414885,0.02072487491350288,0.010238093014407009,0.006493480732550519,0.0029542138420184786
129,0.09555282966331623,0.8842264611208157,0.0070757667843105625,0.00234469473138004,0.0072365754815765446,0.003563672218600944
130,4.757578386747398e-11,0.015018831447485252,0.004798835089842824,0.4459540481866315,0.5311900686186992,0.003038216609765333
131,0.07455230754684013,0.8964973185057534,0.013778260105182415,0.0036095297077522867,0.0073639497441848395,0.004198634390286879
132,2.379163291561706e-09,0.0050322740666108555,0.0482436995205048,0.3244736946342906,0.5983840906760449,0.023866238723385527
133,0.11171614591679632,0.8667203443590842,0.00788537157768234,0.002535251371725046,0.008055384838872602,0.0030875019358396656
134,0.8210259785147745,0.14897177495159042,0.02027557850717349,0.0035537722891889586,0.0018394929708828484,0.004333402766389725
135,0.912263417596868,0.07365576894609521,0.007844870830670805,0.0027778655826842073,0.0012172167766621971,0.00224086026701933
136,0.5376711879496217,0.43814905912195695,0.00995969372307107,0.007317261617647266,0.0027589707851158533,0.004143826802587218
137,1.0940307764968087e-05,0.013422027580126382,0.018573424053315895,0.010815218917046537,0.025841335849690516,0.9313370532920556
138,0.44249867135433923,0.5198514307893877,0.02166066545691905,0.00560901254783181,0.007600675603286933,0.00277954424823542
139,3.8634043110491393e-10,0.006315340923081746,0.011788854532714351,0.2067571312432023,0.7578572829160396,0.01728138999862156
140,0.00031549068174023445,0.008334024341929166,0.024442584069380723,0.028520371264990806,0.015259251359449142,0.9231282782825099
141,0.8929074310721877,0.0944576712815481,0.006513997644877636,0.003015646453207051,0.0011087407035151062,0.0019965128446643526
142,0.846668015912088,0.12752205541357475,0.014510753687808596,0.0050822368722675875,0.0019643786841339805,0.0042525594301271305
143,0.8279572465519979,0.157918441373328,0.006867522099955664,0.0031100482058189997,0.001121777438070215,0.003024964330829169
144,0.914409106079495,0.06953734812561446,0.006889042343544359,0.003919045554073463,0.0013702225351256304,0.0038752353621471477
145,6.518707713792266e-12,0.016625033550661222,0.002370190537494672,0.12077485512264967,0.8542525214269083,0.00597739935576727
146,1.3289733997214377e-05,0.012378960467791177,0.9639465669195122,0.0189610300542406,0.002104105459265268,0.0025960473651934985
147,3.099858431619877e-11,0.007388444643280443,0.003866481606319358,0.6995593164700763,0.28419457969291934,0.004991177556406121
148,0.00015827282916663327,0.010444900774376504,0.031378729968634146,0.022249072999449733,0.027170807039233396,0.9085982163891396
149,0.0003887114885466356,0.007629039783416531,0.03913880962786253,0.034244716858127834,0.018937030565322314,0.8996616916767242
150,2.9542099045052813e-12,0.015190775666503708,0.0037498442690226124,0.06757362193832836,0.8674130282586607,0.046072729864530405
151,0.8925919585625598,0.0919421183495249,0.008100642101243612,0.003283688696051454,0.0012162878454145727,0.0028653044452056006
152,9.401438584888857e-12,0.05615929357053236,0.0022080933501107984,0.30053393687611496,0.6358204575578358,0.005278218636004721
153,0.8890239150602477,0.09374942056481865,0.009583204955649316,0.002952647138380314,0.0014651283098039856,0.00322568397110005
154,0.873519450625648,0.1101632460874592,0.009760507680649236,0.003410518657932501,0.0010722051470228283,0.0020740718012881563
155,0.8777909380094296,0.10613491661344235,0.010382900586020481,0.002675150748131253,0.0011158521281602154,0.0019002419148158656
156,3.2784455611355565e-05,0.014001839053614113,0.9499096449556991,0.029856004405496624,0.0026640665375515294,0.003535660592027345
157,0.0012171733122478092,0.013790524063807912,0.02857366813480888,0.02364789347522554,0.014570319274686539,0.9182004217392232
158,4.174952824570885e-05,0.02829548061785292,0.9589603580131066,0.008262046106415911,0.0013285634028103823,0.0031118023315684948
159,0.13123420245320006,0.8393691366044446,0.013145639450592323,0.0028727413651189063,0.009673151113391202,0.003705129013253
160,0.003899307722385434,0.018481003256593055,0.04410137727231929,0.03198501666715426,0.017602176504415774,0.8839311185771321
161,1.1970493444582323e-12,0.006184943274627716,0.002276933747432583,0.08493036432999268,0.8851976421737415,0.02141011647300838
162,3.4006468732269616e-11,0.0011043681461857904,0.007620657487505692,0.6300621680596362,0.3372733970857311,0.02393940918693467
163,2.094455014453085e-11,0.010573166037819163,0.003226138937251845,0.07773491131588957,0.9026437061674298,0.00582207752066509
164,4.910316641478065e-05,0.01634732947990932,0.02417137083068994,0.012760540525278863,0.021989291537978097,0.9246823644597291
165,0.8709078297762857,0.11488922089942971,0.00854754982865504,0.0027809806994377895,0.0009575204646905307,0.0019168983315010074
166,0.10337668939998032,0.862933663939936,0.008183854467713315,0.005166468225821466,0.011736954749141902,0.008602369217406801
167,5.1714980033821525e-06,0.038926138443162984,0.9417599288693045,0.013930592933753358,0.0034623940234166863,0.0019157742323592112
168,4.517905774786318e-05,0.01821048007756847,0.9675237089737526,0.009462739208081373,0.0018026920357630226,0.002955200647086617
169,9.235840034655492e-05,0.013018295818912553,0.9698206936876971,0.010552121481872283,0.0031471094637941567,0.003369421147377387
170,0.9040686546053,0.0827682162612029,0.005681347498489757,0.0034468839434444115,0.0011971981575707588,0.0028376995339922198
171,2.32287442083627e-12,0.021564260269914256,0.002040684439760256,0.07181093009515141,0.8910285015695725,0.013555623623278796
172,0.0005232034012392094,0.02172378307612659,0.015307495660299989,0.016621006403481648,0.011737892195395127,0.9340866192634575
173,0.8861800288789821,0.10079621329437023,0.005953770141331399,0.0035673367543757077,0.0012413722522249574,0.0022612786787155658
174,0.0003906742222442672,0.03805186693097074,0.9487679310802465,0.006317809326543772,0.002532521194170521,0.003939197245824251
175,0.00030683379390395897,0.021930506182943565,0.9640195432390606,0.010899580146287875,0.0011973712916224855,0.0016461653461815257
176,9.918104690922492e-06,0.011272881077356682,0.027170498251254883,0.013026321883128836,0.027516155666514157,0.9210042250170546
177,4.808694343282635e-06,0.012485635619481317,0.01296553977380825,0.014888759842047534,0.04450038431954636,0.9151548717507733
178,1.6366687205719754e-05,0.00865085812483666,0.03829562561310512,0.016194426323713144,0.026272056525141026,0.9105706667259984
179,3.889234491098727e-05,0.01431171679549663,0.9719736975854427,0.010207596354076398,0.0016846996729220445,0.0017833972471512055
180,0.00022463081931430392,0.009772624930802614,0.04724608756375312,0.018461795229934238,0.019674881721603296,0.9046199797345925
181,0.0010174690342219267,0.021376504306669455,0.03834017265157996,0.0203847971777217,0.013836870677530517,0.9050441861522764
182,1.0188984173595937e-10,0.015124398387840209,0.00970074593334786,0.461956502610371,0.5084705225306161,0.004747830435935017
183,2.2424757454134786e-13,0.045136171349445246,0.0009842290050346269,0.11168539451190433,0.8224706329897933,0.019723572143598364
184,0.0015279927857769758,0.02820127055568501,0.9543714676699623,0.00828739813112672,0.0034132890563455085,0.004198581801103484
185,2.6048836832136547e-05,0.0039184943716905,0.0409034293246438,0.02293184321833286,0.02783850217809625,0.9043816820704045
186,3.02059400873323e-11,0.0010751070176112105,0.003240029890812708,0.7240767929330737,0.24699725677721066,0.024610813351085822
187,0.019627674084217273,0.9288270065248535,0.0321703997259422,0.006300949754913415,0.00980241002015311,0.0032715598899203755
188,0.00011332550462518756,0.009094185998491964,0.03233681152281174,0.018207053416910195,0.022256318823563683,0.9179923047335973
189,2.087191004752036e-11,0.008649333705445517,0.007067533422621573,0.5621570916568386,0.4169782918698454,0.005147749324376995
190,1.946588156266112e-05,0.015365383485485053,0.9727284849394713,0.0076487830960098036,0.0016027288382837789,0.0026351537591873214
191,1.7344417623754662e-11,0.0350807431578828,0.0032610218300639666,0.338978998369383,0.61737317266885,0.0053060639564759034
192,1.3677891722122635e-12,0.043413209113292675,0.0019119712185098597,0.1894845030640122,0.7522171050634776,0.01297321153933994
193,0.8516259990719037,0.12726827102387234,0.01452265415762236,0.0031139340800228022,0.001076052381855389,0.002393089284723371
194,0.0005665803743429627,0.018450512219439667,0.9642301162928,0.012465669008271866,0.0020356045502523106,0.002251517554893203
195,1.0295018857943678e-12,0.08700673521692247,0.0018143035059412205,0.09354061689774236,0.7882275774088787,0.029410766969485667
196,0.8565293182700295,0.12777340087476013,0.006890218623043023,0.00444787730054414,0.0012253733453348728,0.0031338115862884403
197,0.8723005836563276,0.11260057513830216,0.008882137466394949,0.0029540149790612705,0.001144307618641734,0.002118381141272306
198,1.946588156266112e-05,0.015365383485485053,0.9727284849394713,0.0076487830960098036,0.0016027288382837789,0.0026351537591873214
199,0.8346169389199313,0.14757795992716635,0.00829544398274393,0.004428383203774857,0.001347449975020766,0.0037338239913629443
200,0.20415721272825196,0.7286605889366697,0.021842764090079073,0.019165220405748612,0.017256111485930047,0.008918102353320542
201,0.8639016502515374,0.1214313756747378,0.005712580515414354,0.004535291196741804,0.0011644755523554037,0.0032546268092134892
202,0.0016723785143150788,0.024237022810161175,0.029749219499791413,0.018567192424741794,0.016348691212812565,0.909425495538178
203,0.8735479360046152,0.10600497131003249,0.015139253136402743,0.0026290163252111285,0.0010915016306809132,0.001587321593057666
204,0.8926766919310825,0.09389378481532602,0.006675311985957427,0.0037331409830225286,0.0008544863951232566,0.0021665838894882813
205,0.0008177854930445052,0.012235031592167062,0.035431267884868736,0.02415105414233395,0.015548287946012313,0.9118165729415734
206,3.73588727036045e-05,0.013210502880629405,0.971053626554063,0.010941705684463994,0.0021747003669498528,0.0025821056411901824
207,0.00014617290774544367,0.01951491041517324,0.04212261987245916,0.015257539038689748,0.015463717629699647,0.9074950401362327
208,1.0731773107013552e-05,0.008931789189927332,0.9678001704236769,0.01697760332080107,0.0022763317822136796,0.004003373510273962
209,0.1699038382821469,0.8117359588202291,0.006503685756227413,0.0028709971848527634,0.00533989031371059,0.003645629642833232
210,0.00031289527578848953,0.03395319742374596,0.950495534384409,0.011470178183339619,0.001761615378578204,0.0020065793541386777
211,0.48468352881515064,0.4799610715313948,0.01587685013616298,0.009097719859421843,0.006355406772027079,0.004025422885842749
212,2.432313878831869e-06,0.009078891657175514,0.01704269070120988,0.010044438938758764,0.0354436760857503,0.9283878703032268
213,0.873126113866214,0.10894678965151987,0.010795956013862459,0.0030106297408495756,0.0017382020158119705,0.0023823087117419237
214,9.504052868144698e-12,0.006780750493960537,0.0038060630156387,0.07345762187094199,0.9097411897032138,0.006214374906741039
215,0.3258480668714701,0.6452946359024914,0.015854988776793984,0.0037992844701206807,0.005176370462858906,0.004026653516264863
216,1.7621323842372033e-05,0.005180050240736637,0.012931118337949151,0.02083234967897498,0.03167645083839323,0.9293624095801036
217,0.11907766662841665,0.8546866089642642,0.01399857355847556,0.0022578502829788062,0.007930268752672097,0.0020490318131927737
218,0.0003212058801668089,0.010432063006945835,0.03573265467312678,0.025703374780459434,0.01912670808176851,0.9086839935775327
219,1.3999459077624257e-05,0.006844491392082678,0.005937116709401945,0.02263161483759741,0.018784752247372152,0.9457880253544682
220,0.8893778851983067,0.09818233487827768,0.0064901991264148485,0.0030746516898816825,0.0009554308342771467,0.0019194982728418328
221,1.0828608144287883e-10,0.032367833131423204,0.017618332174783542,0.2934898024724043,0.4729105583811679,0.1836134737319349
222,4.148685146685844e-11,0.008406139191225357,0.0059627266524061445,0.7448487270386225,0.23688362378922445,0.003898783287034692
223,6.249546450856707e-05,0.02260674693769009,0.9650461452576312,0.008882079292089229,0.0014104699806753683,0.0019920630674054363
224,0.59002981191548,0.3902311581822813,0.008204395655699595,0.006021621698510187,0.0024976399534657927,0.003015372594563024
225,1.1068179887905478e-10,0.023721191287708422,0.0167180195817913,0.322146688962183,0.6138083505951865,0.02360574946244912
226,0.0004994101738808286,0.008693477826900706,0.03620478017564302,0.031069887723902012,0.01670949371527644,0.906822950384397
227,9.433179795362217e-12,0.005863826171361149,0.009450316257794425,0.07388363812046729,0.8787318686938256,0.03207035074711827
228,0.044847735055659546,0.9296895510346097,0.010392178590240017,0.004626750298635754,0.006987831087819533,0.0034559539330354526
229,0.00206326163676134,0.05394074643569351,0.015632562595910886,0.01950792240369795,0.015288831631507545,0.8935666752964289
230,1.129543379842042e-05,0.011880575363743503,0.9752648797481231,0.007160091271996655,0.002082103429687469,0.003601054752650823
231,3.333269504370467e-05,0.013263934119644619,0.019071864975706364,0.017446019229398927,0.0352361832434879,0.9149486657367184
232,0.7952943517428261,0.1875128408495865,0.011783119444155596,0.0021825094477024203,0.0014606252872589709,0.001766553228470374
233,8.878615016814476e-11,0.023025469339973664,0.007675063383623361,0.8342129138258618,0.13033457578753743,0.004751977574217483
234,8.406970522954119e-06,0.0018659169784683608,0.9128592484203741,0.07039071333961623,0.0034365299677057235,0.011439184323312656
235,0.26120867425245115,0.71865419543064,0.011057652473588418,0.002285782427571578,0.004245258461426178,0.0025484369543226806
236,7.876135220149082e-11,0.007025484627548016,0.007796211146430299,0.6930048085496302,0.28964532634225487,0.0025281692553752737
237,0.8893948619239654,0.09765667981565541,0.007150942974070217,0.002968900214462436,0.0009132443569554769,0.0019153707148912708
238,0.0004462135160565583,0.009586054106619373,0.044820099521837437,0.0263822491821477,0.017707134602390873,0.901058249070948
239,0.00016093048489343887,0.024512011000861814,0.049192780579742725,0.01445405954466239,0.021097138202943934,0.8905830801868958
240,0.8670533997888257,0.11563462584553015,0.006828689633823776,0.004636816546710799,0.0017330361515491238,0.004113432033560522
241,0.9070482816414774,0.07908261821400922,0.007768841711794895,0.002337112194937386,0.0012785371905133125,0.0024846090472677345
242,0.2581277428993213,0.664360409429006,0.031241231852950326,0.018348083467829967,0.01997378801185926,0.007948744339033312
243,9.719249995786841e-05,0.03670993881541385,0.9533413237132492,0.006645170402348009,0.001327932352607561,0.0018784422164235303
244,1.7344417623754662e-11,0.0350807431578828,0.0032610218300639666,0.338978998369383,0.61737317266885,0.0053060639564759034
245,4.757578386747398e-11,0.015018831447485252,0.004798835089842824,0.4459540481866315,0.5311900686186992,0.003038216609765333
246,4.649049127150361e-12,0.019946845970838453,0.0029080019344592278,0.5562037612078724,0.4074604521689094,0.01348093871327141
247,0.8684765974387884,0.11608162824243627,0.009835462707935727,0.0027316423491739843,0.001006919304272499,0.0018677499573931924
248,0.21511281183381167,0.7618838436158034,0.009981457157385383,0.005340865125127759,0.004463426800048845,0.0032175954678230175
249,1.1601997433788257e-09,0.016510192225766804,0.030037106646777886,0.3605493608485256,0.5845223890062831,0.00838095011244677
250,6.024973939642753e-11,0.009860607661082061,0.006573656508103779,0.1402048968422986,0.8349538730275652,0.008406965900700608
251,9.553225177959495e-05,0.012478328642899843,0.9724892918474273,0.010811770803641254,0.0022554013262555675,0.0018696751279964475
252,8.016410967832793e-11,0.13412655927332268,0.008303957648686092,0.5968037166077281,0.25598135317892423,0.004784413211174706
253,6.880382963613476e-11,0.010949981746582092,0.014855938016525693,0.45668321867764516,0.5086730454927766,0.008837815997666601
254,7.551302370264713e-12,0.005523803162094242,0.0029037033492842522,0.06808587548243639,0.9161754197411646,0.007311198257469255
255,0.00013050976374262384,0.010420775579964854,0.9707824202863762,0.014697720427659247,0.0011607994574391652,0.002807774484817924
256,8.020207114089116e-06,0.011856558545811977,0.9550001207130968,0.025294764418649102,0.00268879611158371,0.005151740003744409
257,0.8508136392602026,0.13047920845037875,0.013002722374246515,0.00303837852523514,0.00104618891036122,0.001619862479575801
258,0.10504234363328234,0.8696331951473454,0.007845662455195933,0.005569722058545856,0.007462298372925102,0.0044467783327053
259,0.8686129633647123,0.11619431277420167,0.006192282546735997,0.0036789690535212302,0.0016933210663080342,0.0036281511945207155
260,1.2372871167894878e-11,0.011278416060652184,0.004357621851940931,0.7030302539483466,0.2742350468052343,0.007098661321453065
261,0.0328869891035901,0.853809450902668,0.041051545020229244,0.04685709594002481,0.019299904759861305,0.006095014273626407
262,2.6689977884326514e-05,0.006487645812249521,0.017976179435186902,0.018940099133403603,0.02700055523005705,0.9295688304112185
263,0.8833655630882925,0.1007960376182511,0.007305982339922748,0.00375732160890484,0.0011520275977613492,0.0036230677468674635
264,0.000185426761511286,0.02173540899577012,0.03501516068877352,0.01243700117571,0.021302803929461704,0.9093241984487733
265,1.8167982235538582e-10,0.00909012149124287,0.01195354775006234,0.5365741294715036,0.43068184054686987,0.011700360558641461
266,2.9514716599366037e-05,0.02750470122825315,0.9616830297288622,0.007952323451421241,0.0010801658885038364,0.0017502649863602065
267,7.188494587780877e-06,0.002845124850813611,0.023442457786375853,0.0391878796001639,0.03547587160755978,0.8990414776604991
268,0.14584658027758896,0.8203103262015508,0.009867662107478139,0.002971901916080439,0.014578358311083568,0.0064251711862179485
269,4.7702399938654434e-11,0.03221029898179618,0.006133202656628735,0.10843442962785445,0.8313730858508668,0.02184898283515138
270,0.0017797144421573343,0.012326793748990868,0.032578712799758096,0.03732684216978589,0.016237685869935854,0.899750250969372
271,2.2989546145191099e-10,0.01823505596346389,0.017593318954333904,0.6735195608300837,0.28856672942045636,0.002085334601766567
272,9.993092072010849e-05,0.011926627597292534,0.9719240802747534,0.011574458440446293,0.0022643310342757056,0.0022105717325120403
273,3.00977604300118e-11,0.06759826476043942,0.0065486556418434365,0.13358596114871213,0.7770964382650349,0.015170680153872258
274,1.8955600286726292e-11,0.0773825461314181,0.004550324430329457,0.4197547405924497,0.4763467079988588,0.021965680827988453
275,1.0516310467018634e-11,0.048962132551170136,0.0043874577779854105,0.2802642975161791,0.6610572866260547,0.005328825518094404
276,3.683665179601507e-08,0.046892545795825816,0.007348372952712026,0.03093724472806328,0.634307513605678,0.28051428608106904
277,0.8907101031117796,0.09303553641032065,0.009245194219854095,0.0026771235624765983,0.001203643169379139,0.0031283995261900586
278,1.6723485818912195e-12,0.05889804611423872,0.002194859479626297,0.13742045436782666,0.7945425464754838,0.00694409356115213
279,2.2526673556725947e-11,0.008366197100983935,0.004635408816260123,0.6155231928648109,0.36749230362672847,0.003982897568689852
280,1.3728201859539533e-11,0.018005608585362126,0.003222190673234774,0.41181457439893304,0.5640771541896799,0.002880472139061885
281,2.5659128520979513e-12,0.0037665802973772286,0.0032443432968172975,0.5996582679178999,0.3767351259951489,0.016595682490190878
282,2.3653140691682257e-11,0.01695009091884497,0.005708776562896054,0.583569229311603,0.38898633730423754,0.004785565878765097
283,2.1668044875720212e-05,0.009545943866947237,0.9498538838149012,0.031001731833774374,0.0015881173861962438,0.007988655053305186
284,0.1836718392086545,0.7894263267510522,0.00660138502074076,0.006309835303414728,0.007008442490023557,0.006982171226114259
285,0.11332723196570742,0.8537470648770107,0.01912050377394066,0.0046693341698538495,0.006502267896348458,0.0026335973171391714
286,6.230726883697423e-11,0.009884588492519348,0.004144539145894501,0.7143589649811241,0.26237232255910786,0.00923958475904697
287,0.00014588992411598871,0.013941734078918867,0.9711083684466855,0.011061420047210401,0.0018548251391894701,0.0018877623638798168
288,1.8305927005399302e-10,0.032000909971024,0.008631153810521281,0.7921207331890716,0.1641775600566006,0.003069642789723224
289,0.5058563288350307,0.4733612892923966,0.010017092572041184,0.004386426075543743,0.0027314317771964225,0.003647431447791337
290,2.6973133441594628e-05,0.028453635378497114,0.9575912324950991,0.010459103472988989,0.001669659010200544,0.001799396509772708
291,0.1800591900597867,0.7898118309091677,0.015897964341771775,0.004433729749833111,0.005557209213209265,0.0042400757262314424
292,0.17488700049261252,0.8061082247389988,0.008346382716173942,0.002536040965512985,0.005317320074508846,0.0028050310121928773
293,0.0005645559500561017,0.022912043198316245,0.962732799885872,0.011133121977447443,0.0012416547466814504,0.0014158242416265983
294,5.795193784686103e-12,0.04475228190155602,0.0029538340858564875,0.19863143187825977,0.7439919501671417,0.009670501961390852
295,0.8927709671405026,0.09263947806451107,0.008042630280508806,0.00343823751936142,0.0009108549417732693,0.0021978320533429276
296,0.0003268767861324259,0.013620445882418763,0.9614295264319782,0.018141446963243643,0.0018628915474506794,0.004618812388776384
297,4.5907823153180946e-05,0.01878588848339405,0.9646382010742632,0.010296200924505191,0.002535774685260104,0.0036980270094243294
298,1.461633827518403e-10,0.0058226317827253975,0.010514077603340666,0.7911106789739307,0.18951529229997152,0.0030373191938682493
299,1.5529370508804622e-11,0.01795813042403439,0.004337482561809954,0.4018312238055217,0.5705146721049746,0.005358491088130011
300,0.035182452758683536,0.9322503291291536,0.01595293622172006,0.0028900226019811744,0.010784520241449902,0.0029397390470117537
301,0.14811839471445393,0.8311439777587665,0.010665857264959425,0.002434980328565342,0.005010432488938112,0.002626357444316662
302,0.0047153859537853995,0.014430116350224701,0.0455946013381256,0.033141069605857346,0.012014555173520956,0.8901042715784859
303,0.017811586182055188,0.028549223528488512,0.0828293374016862,0.041008798645440034,0.014816101390511602,0.8149849528518185
304,0.24912930514897474,0.7027975978116547,0.022427145123088518,0.011737317387097471,0.009563079384608484,0.004345555144576006
305,3.2392739397325604e-05,0.009069343988689636,0.023959574998030232,0.01681008351633345,0.023744161750197022,0.9263844430073522
306,0.8747641085991935,0.10424650943216057,0.01145107786643177,0.004129646629114204,0.0015787207068519828,0.003829936766247944
307,0.4246075594875943,0.5488335426104949,0.014091400626605678,0.005181537767512447,0.003909701111845308,0.0033762583959475066
308,0.5050721128529313,0.4322864213134689,0.03223423856563545,0.01260676119414014,0.007357591977679354,0.01044287409614482
309,0.606150672102802,0.37367510234238127,0.013424377527364528,0.0021403864690751483,0.0030111835739120322,0.0015982779844651372
310,0.2213823774079656,0.7544675143699812,0.013955667951037531,0.003801253687367913,0.003518567102484515,0.0028746194811632812
311,2.8584043086604106e-10,0.00042100551336839663,0.008935215547048203,0.8399256003675258,0.13876590475868167,0.011952273527535518
312,0.8861810349426165,0.09919270656495989,0.004932919885116191,0.0047869590232188786,0.0011708609628500865,0.003735518621238402
