,proba_0,proba_1,proba_2,proba_3,proba_4,proba_5
0,0.17831667333940693,7.764276429162844e-05,0.04668717156887157,0.0029757591467117765,0.009350028911259523,0.7625927242694587
1,0.04821228881025964,3.018903806789751e-05,0.07558493104229683,0.0029500447151439998,0.010829877326301104,0.8623926690679307
2,0.00027845531278465575,0.010580950018877561,0.9456252442113209,0.004523720689274392,0.0021814258081877046,0.03681020395955498
3,2.334224654004523e-12,0.003787684939769938,0.004943133528746238,0.4517683646282255,0.5352023772564252,0.0042984396444987584
4,0.00021025637932009365,0.017846857850278973,0.9573999715843732,0.00742771471722987,0.002112975132532884,0.015002224336265003
5,0.0047757783118717095,7.290873886826824e-06,0.037794688501441805,0.001940849729506622,0.01676304566708315,0.9387183469162098
6,1.3386621267504613e-10,0.07360479911259794,0.005152293700975828,0.33016305142530544,0.5875608357446191,0.0035190198826353823
7,6.394937560459514e-05,0.010427809147668976,0.9738056672768688,0.006587022788815723,0.001209009247043874,0.007906542163997962
8,0.008075953380315014,4.095898227381379e-06,0.05963819305929711,0.002662286176302237,0.01026265841456885,0.9193568130712895
9,8.627557484345176e-11,0.007440035550386528,0.002000562443627613,0.12669931421923766,0.857268928979094,0.006591158721378558
10,0.9090438551979879,0.06613581664398835,0.010974341931647456,0.0028108147253735143,0.002416972361719539,0.008618199139283352
11,0.0002801007702195672,0.010978649230212061,0.9629077703350535,0.006795571341872635,0.0015641599912684266,0.017473748331373894
12,0.03979011811362764,0.8991788731341418,0.02967547048856455,0.00800080187726991,0.020399696240133987,0.002955040146262124
13,4.346754041326317e-05,0.02935886256903186,0.9480367106006431,0.006014564882313187,0.002104748867385857,0.014441645540212662
14,0.23723110244006312,0.7161274799316751,0.016820673384609894,0.005884218158950144,0.017320550833561918,0.006615975251139841
15,4.999031149312616e-11,0.01429959126664268,0.012807299045662983,0.7901061479363206,0.17925851589925426,0.003528445802129231
16,0.00010887702689036841,0.021258002526623267,0.9592822023364244,0.006189867942596872,0.001358853327359626,0.011802196840105588
17,4.2130948970379347e-11,0.02071206491085376,0.009235106982656373,0.3331587059139745,0.6309152512600394,0.005978870890344894
18,0.4730964253386168,0.4939156314448067,0.014928562458071915,0.0031087120462012937,0.008916167647051207,0.006034501065251991
19,0.9054694444801468,0.0711994135504163,0.010794526467348776,0.002826101581706992,0.0019284364296757147,0.0077820774907055
20,0.8765073780039339,0.10035998916591708,0.008333546397279562,0.0024262623720375538,0.002672081859315706,0.009700742201516075
21,0.14154855019982548,4.651878561071462e-06,0.011611039939092188,0.0026873506770360538,0.009981956078609857,0.8341664512268755
22,0.4612174158200993,0.5050681935839845,0.018595006286482887,0.0037426285764152116,0.00738697249528154,0.003989783237736705
23,3.08310897038336e-10,0.07118235422733804,0.022866973948437102,0.326139536342896,0.5602705699903637,0.019540565182654228
24,0.8669240316578872,0.11216527977962447,0.00836147999520968,0.0027452927065603197,0.002552024719877396,0.007251891140840813
25,1.9449114259471246e-11,0.00676806118953757,0.002756427070127518,0.15049708172741036,0.8316015549678377,0.008376875025637758
26,0.8541277657597663,0.1186434481826207,0.012092727512280467,0.0032245045787411926,0.002843763466023245,0.009067790500568275
27,1.1553402875860438e-11,0.006278715134353582,0.007160986108227587,0.6939964858052735,0.2886304886632886,0.003933324277303125
28,0.11289464176121705,2.685331807016139e-05,0.027066842042679555,0.0029346129102466555,0.011322016878749204,0.8457550330890374
29,5.862562815585517e-11,0.009984690644962213,0.002297696098467655,0.038076805374780774,0.9423578736633623,0.0072829341598013445
30,0.0141251527152994,4.12140530186976e-05,0.04500870105244809,0.0035567914806569154,0.02213803709035817,0.9151301036082188
31,0.06919083490005443,7.590940978327837e-06,0.023165687112907323,0.0027219143969401194,0.013437167386419131,0.8914768052627007
32,2.0501591205904025e-11,0.012806989815998655,0.015376527577502401,0.749081334195435,0.219895417551453,0.0028397308391091484
33,1.568436230116043e-11,0.021853763274013203,0.003061661349936052,0.0905616203878585,0.8803382643196178,0.004184690652890116
34,0.5200832359695489,0.4167810352498501,0.023508540359772925,0.01241464986724753,0.01619642730462207,0.011016111248958257
35,2.4742829770633383e-05,0.019612836341226212,0.9653956658696247,0.006259051655726181,0.001454979537975345,0.007252723765676938
36,0.02989209096365871,1.3196231786255103e-05,0.09539724210943458,0.0023901293307242383,0.008489579519371295,0.8638177618450249
37,0.04973760770316389,0.8916152740345555,0.017256892133253102,0.004726262414599224,0.031685972286774694,0.0049779914276535985
38,9.825068625925593e-11,0.011291910223056404,0.012333993158707084,0.7565573116163027,0.21615563700725313,0.003661147896429933
39,0.01400939092860293,1.3915385311702742e-05,0.08117138840118553,0.004235916733803131,0.01221463285336023,0.8883547556977365
40,0.3092432003717778,0.6456507674889217,0.02872718055818725,0.0064284883112655155,0.006752945137858614,0.003197418131989143
41,0.13628716572740127,1.3242647131269869e-05,0.015508188439564705,0.0021389607051777878,0.011537444014313968,0.834514998466411
42,1.782802413913562e-11,0.005328367650280147,0.011697547467255648,0.7069630608067274,0.2716453998008373,0.00436562425707142
43,2.4467783386649727e-05,0.013927498237807286,0.9711005964281186,0.007373747648307157,0.0013640143981819394,0.0062096755041982895
44,0.034802714366767566,2.4156671236085354e-06,0.044162215124910253,0.0032593128642864613,0.008779294383326574,0.9089940475935855
45,0.8912879659214902,0.08532053713154285,0.007910644390831098,0.002860612362509182,0.0032875566951945353,0.0093326834984325
46,2.662571831381125e-11,0.00368125163217857,0.0022602433670623453,0.13816193351323572,0.8472139564933293,0.00868261496756842
47,3.502272354295558e-11,0.0054225664657422505,0.006324774756518769,0.7317011431714923,0.24912480008596918,0.00742671548525469
48,0.6989149310093999,0.2649179398203179,0.010360713108147184,0.006014684568773656,0.009162917447446073,0.010628814045915503
49,1.5503892133802266e-11,0.010775855024685232,0.010268156300679399,0.747419575871893,0.22769139118409826,0.0038450216031400853
50,0.04550243261213021,0.8793095626053552,0.04174488768474379,0.00605989578769808,0.02202735654033293,0.005355864769739847
51,0.7422551283860858,0.2324726662737011,0.009206920631218867,0.003742292781385746,0.0054489524978695945,0.006874039429738895
52,0.0005968021429821073,0.008076501287583035,0.9634254633705147,0.00826550875427849,0.0018170394042354258,0.01781868504040615
53,3.133468729110541e-05,0.02632209829887078,0.9568062458279072,0.004685216446873585,0.0021534410762407835,0.010001663662816532
54,0.1475482024437631,1.4870317777560764e-05,0.02392517697690098,0.002627346898664566,0.01003139838106036,0.8158530049818336
55,0.06480680704175112,5.229937306146471e-05,0.04498207875851518,0.002550631636048111,0.014497494562902962,0.8731106886277212
56,2.3169609190008324e-11,0.013914404259810208,0.0035866124807878387,0.16732571635273752,0.8113874493025964,0.003785817580898374
57,0.002019089072376651,0.004468087756672011,0.9599904778909677,0.005284202390564373,0.0016522481130950622,0.026585894776324094
58,5.206928939294419e-05,0.028143444480146957,0.9477302850697805,0.00430480527276426,0.004336806226827798,0.015432589661087626
59,4.3714894602474126e-05,0.012166627646615549,0.970665367168099,0.009870259501589254,0.0021752547263769254,0.005078776062716758
60,3.0630680931861396e-12,0.0489113390486358,0.002345926797421754,0.3695684671341824,0.577561756741276,0.0016125102754210308
61,3.8337101784154574e-11,0.017776065981236166,0.010493055289524893,0.6626708948545008,0.30561536568820963,0.0034446181481914227
62,0.49809301623097413,0.4611792655333233,0.024392163719419043,0.004108815881521403,0.00644380721690379,0.00578293141785839
63,0.5468152894262506,0.4203197159733575,0.01353537407682602,0.004592010319461837,0.00863336756990473,0.006104242634199472
64,3.0629097699995994e-11,0.021995203871864658,0.01717827228732066,0.7659058927389966,0.1905956006366288,0.004325030434560136
65,3.0227101515726195e-11,0.01124469819492784,0.008857061094367616,0.8183376721654835,0.15767194390708603,0.0038886246079080297
66,0.03998567810101507,0.9043869484184223,0.01913841816545941,0.006111148670274434,0.026836587560779904,0.003541219084048826
67,5.487691595747593e-12,0.1065881179455636,0.005618707597002465,0.12735903261118117,0.7592457495508325,0.0011883922899327153
68,1.4447500798151478e-10,0.017321776141369257,0.012500294132396193,0.06132436141846874,0.9027223113151436,0.0061312568481472025
69,0.3797597876205125,0.5741900815314335,0.014711428730560212,0.005549218180305998,0.01806887120074488,0.007720612736442725
70,0.23897744540958604,0.00011265637462505721,0.01768037964334383,0.002286490537378667,0.011167064101886327,0.72977596393318
71,6.225661707138254e-11,0.004015387415088384,0.01842683905033838,0.8435766938019081,0.12939161785491288,0.004589461815495682
72,0.0003958394987432203,0.008753834315687735,0.9568582182002182,0.004975413641742314,0.001671333512433762,0.02734536083117477
73,0.1856790119784241,0.741695131170232,0.04932209483711479,0.010403141941183643,0.008309220153677467,0.0045913999193680595
74,0.17965744594306937,0.7424031218071714,0.042014154628496225,0.00992465737364143,0.01792400234810436,0.008076617899517406
75,6.091520862745496e-12,0.021890026874477105,0.0018346140293312495,0.1279470863027726,0.8453262746343139,0.003001998153013813
76,0.866796817355962,0.11206247059299934,0.007254948797983587,0.002168002271079804,0.0030150430503248257,0.00870271793165014
77,8.019860449065756e-12,0.012697729931784226,0.0016981354543651474,0.08104705718228197,0.9013709746069016,0.003186102816647182
78,0.8078416072279595,0.1617800216673036,0.009377378175120887,0.0037852229530789478,0.006724759680001671,0.010491010296535382
79,0.11245641676317591,0.7954142128947995,0.030598620774863486,0.012073037796839279,0.04081592819511515,0.008641783575206771
80,0.7904228283989269,0.1828191560765756,0.00827120965840992,0.002970511476625583,0.005719982042146712,0.009796312347315273
81,0.9132704671653435,0.06098129932285682,0.011744103218210228,0.0025630755408139225,0.001990667681795907,0.009450387070979794
82,0.8306109485418874,0.1447512861663403,0.010314788737641188,0.004187456877714985,0.003673958264561614,0.006461561411854528
83,0.8418543248367296,0.13626666443042273,0.0071754618185317495,0.0028001767215869965,0.004234126789169493,0.007669245403559479
84,0.08262625150281329,4.406056171560653e-06,0.03147024398963519,0.0028341960536949714,0.008935669463403881,0.8741292329342811
85,0.9105117508964145,0.05924300124750464,0.010939721319578223,0.0029793497196949903,0.0030239645352099173,0.013302212281597737
86,4.762528818560802e-11,0.030116822102418655,0.003975073249440632,0.0662094659645914,0.8973738820093159,0.002324756626608226
87,0.08469168334612846,2.21112653021671e-05,0.024188745599207067,0.002489563485757848,0.014052527408518927,0.8745553688950856
88,0.13735806628859654,0.8220293383252416,0.01588673151916757,0.006374356481036984,0.014926773385613348,0.0034247340003438313
89,3.143839178071213e-11,0.022489946588955114,0.007991516183402119,0.6410892175350185,0.3244602871162274,0.0039690325449585374
90,0.6811301210045991,0.29314465672219564,0.011084274970546051,0.00395419097410874,0.005135877514008477,0.005550878814541728
91,3.473055722372833e-09,0.02711840003909779,0.02291314501078323,0.6985576963068048,0.24326229818546816,0.00814845698479048
92,1.3708217943667894e-10,0.006859647666316451,0.016662122398462802,0.7949398971893735,0.17739270100510238,0.004145631603662714
93,1.3313914547163506e-11,0.019399380945129253,0.010392412064905963,0.5325782352351002,0.4317755655688101,0.005854406172740644
94,0.8963362210030984,0.08042492975802444,0.00856131739006012,0.0026238622996221147,0.0026720328746694067,0.009381636674525528
95,0.00022423445017603007,0.012408541882120953,0.9578320905185901,0.0056014563928538435,0.0018971865987867877,0.022036490157472347
96,0.36583923415141306,0.5682659197300628,0.030031505862922414,0.00971571128252497,0.01696852843628391,0.009179100536792733
97,0.2153121113007294,0.7442352918643771,0.02415766416638333,0.0034494947392938037,0.009974421498321522,0.002871016430894752
98,0.0006931666332564151,0.010935840201426359,0.9482701341764097,0.005519749901419624,0.0033788729576300475,0.03120223612985795
99,1.1676715978490116e-11,0.0675106627122567,0.0024047655034740998,0.1975898503436137,0.7295869403670205,0.0029077810619582926
100,8.920740487331468e-11,0.007055118912931487,0.022027197500843376,0.7710999989246021,0.1956919901645893,0.004125694407826072
101,0.0009393673477020142,0.005685047827939122,0.9646303633336397,0.012205544955620345,0.0017097646002140153,0.014829911934884735
102,0.3276531098930694,0.6260851168284681,0.015076328629528226,0.0034332520663874293,0.01724742587923986,0.010504766703307028
103,0.09700277694748972,0.00027017056558650447,0.058263283450759144,0.004911655913541369,0.014484630258497595,0.8250674828641258
104,0.0001316231814645538,0.019862816425800626,0.962011448621001,0.004912606051140162,0.0013011560884948277,0.011780349632098884
105,7.467051293718763e-05,0.013774717689443923,0.9708390330783871,0.006245983340922766,0.0013358037597338214,0.0077297916185752
106,3.720351619717765e-05,0.029348811768571365,0.9524295961647408,0.008134897895000638,0.0018421045250874568,0.008207386130402651
107,0.0001714751207012314,0.010556006456695487,0.9561329773761827,0.004427012098057698,0.0029855160039081678,0.025727012944454685
108,0.8458215147360976,0.12767349580388687,0.014952069204356508,0.003804509969777241,0.0021585696642749466,0.00558984062160696
109,1.892716414383593e-09,0.0025791074325495493,0.006106587097853233,0.34866726448853774,0.6084557863593617,0.03419125272898141
110,0.01117179893926694,2.0171566846784496e-06,0.013106141622267064,0.002013878641472035,0.011563944499059665,0.9621422191412498
111,3.097781215788061e-05,0.005383293986368617,0.9745987814172868,0.012241079871640451,0.003381980251742663,0.00436388666080352
112,0.1046683397917031,2.544080587038822e-05,0.058473635812437794,0.002214578534107076,0.009546577009772756,0.8250714280461089
113,2.571131544876768e-11,0.028033274839995487,0.01457454660892884,0.706178033746687,0.2480042650806662,0.0032098796980111637
114,0.10987093054938826,0.7423420630756676,0.04718432262250244,0.025837201729028876,0.05531457508303666,0.019450906940376114
115,0.22867923030906032,0.7277473863715405,0.019371350007640228,0.007111262931733992,0.01281838014204168,0.0042723902379832165
116,3.178031135229814e-10,0.0022382473929266657,0.004997490619426401,0.5643491212916935,0.4122152888332499,0.016199851544900345
117,4.0050644693593884e-05,0.03318159905503296,0.9509406961313899,0.005087672986795127,0.0018384801367393284,0.008911501045349166
118,0.350058565839573,0.6121740149223274,0.017951813949472168,0.006219218952741714,0.008542839897064333,0.005053546438821322
119,1.2731871971302412e-11,0.012263797901315035,0.0007943054821512247,0.07782888903521461,0.9015452498989167,0.00756775766967059
120,1.3220780461561548e-06,0.04474862925560507,0.9139223128835988,0.023552293333827922,0.013328350494594283,0.00444709195432785
121,3.986664606862946e-11,0.006595728294486477,0.004177894028257436,0.06504494466716063,0.9191487893669782,0.005032643603250606
122,1.7990306609015914e-10,0.0017975062772534458,0.009808033207468213,0.5187818891434338,0.4502351509547762,0.019377420237165384
123,0.00011129945572414773,0.009382293368466157,0.9686369262778576,0.007192910388068392,0.0013493017067684615,0.013327268803115319
124,0.8867338184768478,0.08945576030673111,0.010009474568633832,0.003062706125959439,0.0028470027273791365,0.007891237794448638
125,0.8574872990283665,0.11980811702405011,0.007617563605215771,0.0031618032542757427,0.0038984776494278817,0.008026739438663912
126,0.17965744594306937,0.7424031218071714,0.042014154628496225,0.00992465737364143,0.01792400234810436,0.008076617899517406
127,0.4330327582746923,0.47718530984076796,0.03736477293410518,0.015951738896741584,0.022514703840079853,0.013950716213613218
128,0.27137330221585015,0.6486314384036141,0.034859638504273455,0.014320481449728521,0.02160023479790997,0.009214904628623547
129,0.098046289718419,0.8620669995593884,0.013092198252955062,0.0028654589482713403,0.02106083890500427,0.0028682146159620956
130,1.2057260625956259e-11,0.005262122206924391,0.00897940462054979,0.5087994267440379,0.4737258099746938,0.003233236441736858
131,0.06520574433468002,0.8859289396510177,0.02154342386117991,0.004459030652087143,0.018930259690655277,0.003932601810380052
132,2.2269543322765387e-10,0.07643319242924432,0.021814576108067984,0.04252328698788931,0.855699217917371,0.0035297263347320125
133,0.0975093089202126,0.8595541551029982,0.014465820735690702,0.0033702789017967098,0.02144125284031212,0.0036591834989897036
134,0.7659854527320015,0.20029839853449294,0.018470384972851764,0.00302160064463857,0.003508145834080462,0.00871601728193485
135,0.9047230201533607,0.07117884853089508,0.00913669318759238,0.0027920372834296064,0.0027609919621839614,0.009408408882538336
136,0.6220867623534174,0.3421456462876615,0.011748400590008848,0.00628318785934409,0.00870459611725842,0.009031406792309852
137,0.07031761063524573,1.6101783329939358e-06,0.022055592018380383,0.001773889653829126,0.007494705694432368,0.8983565918197793
138,0.6448716541479846,0.29105327128391106,0.027043400399620686,0.007159972928088992,0.017226977181186705,0.012644724059208027
139,3.2561798696251744e-11,0.22044515556764877,0.0072623344858438734,0.3075871702845997,0.46316055841126375,0.0015447812180820672
140,0.097927589633539,1.561736876317973e-05,0.03080975894326907,0.0024865579614449782,0.011994674390708195,0.8567658017022757
141,0.8773287952676821,0.10260150377709458,0.008090821293582472,0.002737977733329958,0.002633844147861834,0.006607057780448975
142,0.8038455571391175,0.1510328739310922,0.019801020330353022,0.005041700848593878,0.005297524583612385,0.014981323167231027
143,0.8187788736162331,0.1577882250892081,0.008896108154483103,0.0022960707418456286,0.0035835029667408967,0.00865721943148921
144,0.8704449450124266,0.10378161627147976,0.007273492869529785,0.0030104351276544683,0.003932519161671961,0.011556991557237346
145,2.7728667693027534e-12,0.09818767095208487,0.001660371563699227,0.12381319464909578,0.7747819414576296,0.001556821374717768
146,2.2913738424062005e-05,0.014221294210334787,0.9596994458115713,0.005577985865226539,0.0031835603046678315,0.01729480006977553
147,2.0109505669390813e-11,0.0024508145722092903,0.006209859150867494,0.6642682654541398,0.32119833303758866,0.005872727765085358
148,0.020985145630074635,3.191090762886314e-05,0.04807388041836407,0.003954345668207609,0.017561957379967075,0.9093927599957577
149,0.03280508366148989,3.85187696506673e-05,0.060557920281482,0.004271582645275057,0.01502269024008772,0.8873042044020147
150,6.670862159666282e-12,0.07203609857288999,0.004595154214326674,0.2946269735479526,0.6245690738197893,0.004172699838370639
151,0.8857212238392737,0.08968506701991948,0.00846436018109735,0.0029999886453696114,0.0029794488526938942,0.010149911461646077
152,6.269844149756857e-12,0.005697071555787555,0.0026379772549110113,0.05260152140376795,0.9345835040370303,0.004479925742233373
153,0.8606617624838363,0.114522216502335,0.00989416856938634,0.002864835908710668,0.0028050019103167236,0.009252014625414891
154,0.8946160833269057,0.08034890266775946,0.011193395674706976,0.00360273233799712,0.002369347240301311,0.007869538752329696
155,0.8932315639049667,0.08220423648747197,0.011425346203384847,0.0029107809129795712,0.0022201726812259995,0.008007899809970836
156,5.964841511763185e-05,0.01914832898283472,0.9405184495238778,0.004270572009332122,0.007898734037873053,0.02810426703096482
157,0.14366893429218433,2.319373414924095e-05,0.02746663869748778,0.0024084507867878227,0.010969374740894093,0.8154634077484968
158,0.00019190964779527907,0.01645928998035872,0.9591540312291683,0.005279241977080432,0.0011554162529343861,0.017760110912662875
159,0.12284852939010434,0.8276114000340619,0.02192688898965036,0.0038723560221600897,0.01919067820561727,0.004550147358406124
160,0.0741087131553816,8.333072299556072e-05,0.04035696463520331,0.003978062849427082,0.014851207424163335,0.8666217212128291
161,2.1250017790301897e-12,0.018713598041094362,0.0012398049874818584,0.17093671233906965,0.8058840450662433,0.0032258395639857126
162,7.846114955055975e-11,0.006613108355697038,0.00956057040892726,0.7602375167512172,0.21894111366169866,0.0046476907439986755
163,1.9456238916692136e-11,0.07451128852482733,0.0016320071845611086,0.08766719460140969,0.8340754201658832,0.0021140895038624045
164,0.159141676465876,2.1424863678199262e-06,0.021037615372004676,0.0017220015238456326,0.006008395351894513,0.8120881688000113
165,0.8932344997509244,0.0824609863629135,0.010902998379957233,0.0029362653122263858,0.0024545063387841617,0.008010743855194272
166,0.09166588643954326,0.8350848337231045,0.012582156444601712,0.005233036732514179,0.04136309749613911,0.014070989164097015
167,1.118061480562682e-05,0.05249854894782679,0.9274400173276725,0.005764862845160209,0.005701340011391712,0.008584050253143181
168,0.0001530285736538782,0.009663704627025385,0.9630721488799631,0.004911403675908997,0.001328811733240748,0.020870902510208005
169,0.00014562503911171813,0.0057878125752315965,0.953259216325931,0.008551570475216581,0.0023414535008243966,0.029914322083684657
170,0.89037366729824,0.08441941675618078,0.007280811628545235,0.003057122885302561,0.0038414506884834696,0.011027530743247894
171,4.876671440746789e-12,0.054309437148168944,0.0010360044455760234,0.0471464733690475,0.8949606698442242,0.002547415188106722
172,0.10649932356444214,3.0105223050099875e-05,0.016458528868851866,0.001468116254217628,0.014760881730840598,0.8607830443585978
173,0.8655593814606267,0.11197491991405147,0.007861847017119587,0.0025044804645783336,0.003981696111753304,0.008117675031870384
174,0.0012614603830871799,0.009033949962923683,0.9454100158336319,0.004987348928002475,0.002423630530532557,0.0368835943618222
175,0.0004095971288702414,0.007155136372184076,0.9715323279769941,0.0055711811720471245,0.0013892688847792491,0.013942488465125283
176,0.03970333602722476,2.175702322438753e-06,0.05301806140045885,0.0025270380088275543,0.006845972334911119,0.8979034165262554
177,0.008291822770780582,9.508310472938878e-06,0.021457128339543875,0.0030723274075914225,0.016288447652565704,0.9508807655190455
178,0.02091863556786079,9.083995832232747e-06,0.08208775269477729,0.0023205100653341474,0.00910927750699548,0.8855547401692001
179,7.724799394383905e-05,0.010418215011472835,0.9698801509987581,0.0062060138469085795,0.001402183381886695,0.01201618876702989
180,0.032563813460222725,5.237043263120084e-05,0.07350258934981496,0.0024733336870540095,0.015814378878132338,0.8755935141921447
181,0.11371078504329434,3.1240535058141604e-05,0.03571430463278748,0.0021540158219606432,0.011268700090441492,0.8371209538764579
182,5.503527466579434e-11,0.006714485836391705,0.007296754787749124,0.09205831860734942,0.8873075832268703,0.00662285748660421
183,1.1339705918008707e-12,0.01764401583752644,0.0006795590046774902,0.12283209018564162,0.854899864105475,0.003944470865545504
184,0.0022717496749305906,0.008183711569867757,0.933355717959238,0.006785139361942499,0.0037259151992881817,0.045677766234733
185,0.009177793592520921,1.0629061721257707e-05,0.1166492187493645,0.004219017009571834,0.009664361638174879,0.8602789799486467
186,3.905453345383326e-11,0.003673104246751965,0.011522013025828963,0.8505279893110496,0.13063433803802135,0.0036425553392936357
187,0.032674964827969936,0.8935658916561202,0.04175273406372331,0.010814854729539006,0.017749647971124397,0.003441906751523148
188,0.03800035286640849,2.456973263903081e-05,0.054002517116215315,0.002402041888938435,0.014216024897018223,0.8913544934987806
189,1.303193086544582e-11,0.007507827663735632,0.007757620250713185,0.5525507450532469,0.42857356547933045,0.0036102415399420634
190,2.4742829770633383e-05,0.019612836341226212,0.9653956658696247,0.006259051655726181,0.001454979537975345,0.007252723765676938
191,2.662571831381125e-11,0.00368125163217857,0.0022602433670623453,0.13816193351323572,0.8472139564933293,0.00868261496756842
192,3.826981852228662e-11,0.0034518450680430927,0.0010757457058387476,0.04766110061115257,0.9404138791416831,0.0073974294350127355
193,0.8912486244978433,0.07651409345442121,0.01625973324636017,0.0026900628306147922,0.002259021531100681,0.01102846443965979
194,0.0006945283086146628,0.012211889633096515,0.9678625500720104,0.008077148864104756,0.0015387683636598946,0.009615114758513874
195,1.7425243442178362e-11,0.015779346804645582,0.0009545323971931546,0.032652441374832496,0.9450717627883475,0.005541916617556028
196,0.8324907143395277,0.146127588630416,0.00829524777642622,0.0031535228801506023,0.0034465577508357623,0.006486368622643879
197,0.8836276021625324,0.09390574513691734,0.009267867268401368,0.002751318465707455,0.0024537021239998237,0.007993764842441301
198,2.4742829770633383e-05,0.019612836341226212,0.9653956658696247,0.006259051655726181,0.001454979537975345,0.007252723765676938
199,0.8592308979439558,0.11685030138466043,0.007612541961470578,0.003012806430642051,0.003685689962918914,0.009607762316352074
200,0.09818317997884525,0.819721648292916,0.02718482773735813,0.010170834515230324,0.03588328321052057,0.008856226265129682
201,0.815696906404811,0.16111394426755907,0.007105871104273535,0.003034608026209988,0.004320136072799625,0.008728534124346798
202,0.2152513953253666,2.0048272332021837e-05,0.021470156032650102,0.0021925264150462116,0.008082045290622264,0.7529838286639827
203,0.9076802666002727,0.060279340585169316,0.017941245729459328,0.0030366728619424773,0.002070822204928525,0.008991652018227665
204,0.8720882433490306,0.10708095494930013,0.008159016900965935,0.0023266164122769384,0.003086581527686155,0.0072585868607402265
205,0.09567009027692536,2.6539729311468132e-05,0.037877936371052044,0.002694747758934037,0.011736382003682483,0.8519943038600947
206,0.00010169722928644631,0.005845483715419513,0.9734362117111635,0.007427599801985258,0.001354763158696055,0.011834244383449231
207,0.07816004503105853,2.5514728546319834e-05,0.04718214384615176,0.001738857025637914,0.010854049735429219,0.8620393896331763
208,2.276412204663002e-05,0.013459652556044128,0.9685935465442675,0.008990313759019578,0.0022622790897769305,0.006671443928845221
209,0.14069878966846916,0.8253018897182076,0.010894497331806122,0.0030294061798720635,0.016951863488774907,0.003123553612870258
210,0.0006103044434871884,0.014415011992126196,0.966278478791706,0.008106966538575958,0.0012638596774862936,0.009325378556618349
211,0.5644987259359179,0.3882422262314407,0.0179191936868806,0.011561527938882547,0.010812869104362308,0.0069654571025159345
212,0.0120091598548436,3.6109427180342724e-06,0.0320967296761619,0.0021120846342255173,0.009484414887895459,0.9442940000041554
213,0.871197065457259,0.10499263463823516,0.010723761730309724,0.003090961579397079,0.0028263847412137388,0.007169191853585277
214,7.1624530091285634e-12,0.04829999345968544,0.0018541496690004718,0.24159935182904377,0.706435458260854,0.0018110467742538513
215,0.3105244122737552,0.6498602183984268,0.020639467713383996,0.004351622967916679,0.00969209483703307,0.00493218380948425
216,0.017373100908164723,6.895730410166367e-06,0.024295595742230912,0.002677121096296185,0.018304349341697355,0.9373429371812007
217,0.20073452865475322,0.737217618298734,0.03463924729892929,0.004896764374501803,0.01584960129457416,0.006662240078507538
218,0.06422926541208931,1.0633872767820701e-05,0.044831226902184974,0.003264525577062889,0.010375675176951805,0.8772886730589431
219,0.027735556234312314,2.783028156884034e-06,0.006082997943420542,0.0016145916703701223,0.020846958373932602,0.9437171127498074
220,0.8979241951452251,0.07859347375164881,0.009276483347352342,0.0027876676155819424,0.0028031694954302787,0.008615010644761355
221,1.1966117948472848e-09,0.06809251669935698,0.030950125436010757,0.46945784113715516,0.4204881354141746,0.01101138011669055
222,1.012192253637108e-11,0.00913062738203548,0.009773760283706112,0.7816987571084845,0.19617364664793407,0.0032232085677180496
223,0.0001688369910407053,0.017257002319102373,0.962194757558629,0.0055467310578899975,0.0011828970409127081,0.013649775032425116
224,0.5435596773697614,0.42490862499722876,0.011382420075040724,0.005528974990334339,0.008725152916571497,0.005895149651063245
225,1.0409805385595956e-09,0.0040574023858829375,0.01349761692448553,0.5398899004217441,0.4156582231012892,0.026896856125617607
226,0.04797317312296838,2.520526725604896e-05,0.047876352695722074,0.003595734131698514,0.013200131008284202,0.8873294037740708
227,2.914406631316368e-11,0.02777198982442301,0.015028350774875911,0.5300877229747948,0.4235163415381558,0.0035955948586063875
228,0.0582706627552933,0.8972702643922221,0.015744491114842253,0.005296763479993623,0.020495784580517377,0.0029220336771313693
229,0.20164280696135847,6.161422986082865e-05,0.01209780690618387,0.0021964859283263903,0.015119572167523694,0.7688817138067467
230,2.8826744878136146e-05,0.01476851139062496,0.9692396281560003,0.006831876860936556,0.0015488166182997757,0.007582340229260165
231,0.02536337212949479,6.823862603603018e-06,0.03487455780719731,0.003858093306540662,0.012578980621696503,0.923318172272467
232,0.8336194610383746,0.13881240058980512,0.015298931331598932,0.0023524233258727647,0.002599344447988648,0.007317439266359888
233,5.1052861562248063e-11,0.03899494951044343,0.023218354708246843,0.6860604203997543,0.24712214963264784,0.004604125697854825
234,7.3522504320603965e-06,0.008189614672468684,0.9711369149103926,0.012369647080930328,0.004441479494461855,0.003854991591314607
235,0.26498539080590006,0.7046884083639935,0.01610042930401717,0.00323159846598702,0.008434088918965412,0.0025600841411367336
236,1.858959756036923e-11,0.009680598552411317,0.012847767425247347,0.7728821915391128,0.2019355463119111,0.002653896152727837
237,0.8913547724360729,0.08740201602581682,0.009023531174485892,0.0029670132018039326,0.002099851609339062,0.0071528155524814
238,0.02902581781406409,5.899573250221634e-05,0.06073282527208676,0.0033094493091867985,0.017078658827269465,0.8897942530448907
239,0.11081352772167329,1.195415980173793e-05,0.04147362111381384,0.002179857248282383,0.007591252757490678,0.837929786998938
240,0.8063297124408436,0.1676571271904625,0.007743319761956323,0.003777260191393361,0.004831827163848721,0.009660753251495647
241,0.9091674096502269,0.06598555582626911,0.00922631088930788,0.0022440391816656237,0.002602347842181697,0.01077433661034867
242,0.17315392372483543,0.6183401327814025,0.07821764495074124,0.03335319844651876,0.06135739774866522,0.03557770234783677
243,0.00038037199353849156,0.013521294332952707,0.9666585521352982,0.004816207793051088,0.001112194910490308,0.013511378834669192
244,2.662571831381125e-11,0.00368125163217857,0.0022602433670623453,0.13816193351323572,0.8472139564933293,0.00868261496756842
245,1.2057260625956259e-11,0.005262122206924391,0.00897940462054979,0.5087994267440379,0.4737258099746938,0.003233236441736858
246,1.5858799189285942e-11,0.005045434664591163,0.005734278859827502,0.5740976618912103,0.4094816332931707,0.0056409912753417005
247,0.8952606614044988,0.08184290321547719,0.010968540473638825,0.003194303079977581,0.0017564534105472137,0.006977138415860422
248,0.16500671346030976,0.7956760088411675,0.01699588575559674,0.005836950447768309,0.013041581821112097,0.0034428596740453516
249,3.021632238222258e-09,0.010939672966001407,0.015345047879054332,0.057919982495555127,0.9029268894385726,0.012868404199184343
250,2.795010504934084e-11,0.031004014857420818,0.00419389950474571,0.054598533228001456,0.9078004691552776,0.0024030832266043497
251,0.00014096396078717294,0.0073476868417923285,0.9702921945774761,0.008135190780474127,0.001400635683340533,0.012683328156129863
252,7.569721668726069e-10,0.01286460834690298,0.013723947587915807,0.8072618399151529,0.15933443579869766,0.006815167594358423
253,1.1306764210299695e-10,0.005026856396646244,0.00484274480811521,0.05344458863856442,0.9275070260397087,0.00917878400389784
254,5.553275944880022e-12,0.03338069344767111,0.0019266180805651504,0.2926860517540797,0.6698937668952657,0.0021128698168650295
255,0.00018003684476854712,0.008650053602846132,0.9601856135663658,0.004508237291091654,0.0019122710355381877,0.0245637876593897
256,8.747408543738305e-06,0.019493845118752528,0.9615730649962467,0.00919287768647179,0.003970693681405904,0.005760771108579302
257,0.8933449831949734,0.07739370296131878,0.015770938369906735,0.0032972185078928673,0.0023634047198274823,0.007829752246080755
258,0.07315856803863546,0.8800761972016501,0.013858293211670588,0.005734332962927929,0.022809005445629336,0.004363603139486599
259,0.831073841841333,0.14512995341365628,0.006595583890727755,0.002474237311633629,0.004837161466038771,0.009889222076610485
260,1.1680210363067989e-11,0.004840951772049018,0.005762089962090205,0.7072669287407117,0.2762164063380832,0.005913623175385649
261,0.03969814287564745,0.752187627572336,0.05901548946100677,0.039851049760812204,0.08410582024178441,0.02514187008841289
262,0.02191469687351791,9.64369364949529e-06,0.03589813766559512,0.0022615041754800906,0.01590206533103351,0.9240139522607238
263,0.8537042626757392,0.12477927186020249,0.007337682853412221,0.002557465549472256,0.003240071556245687,0.008381245504928081
264,0.09002051575981194,1.2232772195129395e-05,0.04003316405371365,0.0020281181302739676,0.009537054572241428,0.8583689147117639
265,4.4541756305695823e-10,0.00541597887731934,0.012679151401608298,0.5988501898001743,0.373292358612218,0.009762320863262371
266,0.00011260138109511979,0.015483503839881627,0.9670156438856298,0.0049231037940431705,0.001256446040294499,0.0112087010590558
267,0.0013254645287763996,1.731463141648297e-05,0.10406158457440749,0.006921200297324521,0.018595231091836945,0.8690792048762382
268,0.1241151452340988,0.8084534831029652,0.01687417082800964,0.007573708112392848,0.029477055257241338,0.013506437465292323
269,5.133031756322762e-11,0.09818941738236725,0.002329952992924026,0.03630467266520514,0.8600344445232039,0.0031415123849693376
270,0.04952939023042175,9.498990438118227e-05,0.03610608745603188,0.0041342092639384855,0.020335403993053128,0.8897999191521736
271,1.4919569963027682e-11,0.0419355267123114,0.01953265492917599,0.7376192539508731,0.1985046697358558,0.0024078946568640396
272,0.0001753689421184814,0.008285386348696263,0.9700926744915421,0.008140340803644352,0.0015733943669868971,0.011732835047011737
273,2.823818165667796e-11,0.033474094511644764,0.005772924756942536,0.026214397651076176,0.9315240263337593,0.0030145567183391805
274,5.862562815585517e-11,0.009984690644962213,0.002297696098467655,0.038076805374780774,0.9423578736633623,0.0072829341598013445
275,8.12156562350647e-12,0.015264426878004767,0.0036130761951780484,0.11471306582060539,0.8619290048772863,0.004480426220803997
276,4.249338335544375e-06,0.003468462608254726,0.02909074566968225,0.4991333917705092,0.2413737526449692,0.22692939796824907
277,0.8697804636093649,0.10506834255853657,0.010304775854839207,0.002206234080739706,0.002607911286130718,0.010032272610388797
278,3.01130103101834e-12,0.010319122654137832,0.00247914464528451,0.1409071941517839,0.8438171603352411,0.002477378210541291
279,4.395059372002995e-12,0.00348837200079243,0.008371524844432984,0.7006896347554703,0.2839459687107223,0.003504499684186944
280,2.2736022595799075e-12,0.0019954486101793263,0.0056343221226864615,0.5871732900334365,0.4002424862772089,0.00495445295421507
281,2.744555673471414e-12,0.0048650062266217264,0.00796769276272817,0.759130034407477,0.22384628032308845,0.004190986277340014
282,1.1947768332149826e-11,0.007932010755316642,0.007414185625888167,0.7407557843053403,0.2402406174811547,0.0036574018203523683
283,3.624400667025831e-05,0.019815627963340646,0.9644978380605775,0.00939990725860861,0.0016874088420275116,0.004562973868775392
284,0.1469622360283643,0.8006983150900372,0.011824602101132778,0.0048578109431625695,0.026455480666545843,0.00920155517075738
285,0.17657470140593218,0.7577804958730462,0.0337075146833936,0.008915807669311472,0.016646377473119093,0.006375102895197444
286,3.391153702331521e-11,0.007813501051387749,0.007046353761029325,0.7363526236356389,0.24392802835913305,0.004859493158899509
287,0.0002335014743056051,0.007944771396493225,0.9703470752333002,0.007472412711392084,0.0013516493280690519,0.012650589856439902
288,1.3585041549102826e-10,0.032860852997743654,0.014648882111518484,0.7777612819565426,0.17040257723421373,0.004326405564131044
289,0.48233632561373424,0.48856772166186224,0.011986574823641905,0.003748386200722847,0.007928576025050904,0.0054324156749878385
290,7.063459124368484e-05,0.023946801564970123,0.9581178147864652,0.007453668704092426,0.0016870533698814514,0.008724026983347122
291,0.32111063927366046,0.6346051582041932,0.018818669145921632,0.006083123598980521,0.012700381967360605,0.0066820278098839525
292,0.18673242615632737,0.77950561751248,0.014270006320022016,0.0028965685524544246,0.013848165725284264,0.0027472157334318876
293,0.0006585891023527738,0.010400083703013483,0.9647660404832938,0.005703620078050649,0.0017337283522583056,0.0167379382810309
294,5.87316744563838e-12,0.012373449664169707,0.0030412576806252796,0.11065853440119042,0.8700650152681421,0.00386174297999943
295,0.9058388799705026,0.07132652712815919,0.008761788897312753,0.0028319479602195922,0.0023747388679081086,0.008866117175897671
296,0.0006204774876266009,0.008365680603353161,0.9337159013661741,0.0055994421822393855,0.0038829229221745676,0.04781557543843221
297,0.0001465656330134127,0.013655499435645604,0.9545547870940176,0.008603890235124105,0.0015352317944851688,0.021504025807714013
298,3.118321839615138e-11,0.012410004060030436,0.014197372234905602,0.7909943834935622,0.17903863646614637,0.0033596037141722327
299,5.299746084612606e-12,0.004522938678665839,0.005936249804109283,0.5368609101921843,0.44731236627195553,0.005367535047785381
300,0.040847289324698416,0.9006348359239669,0.027852266252039126,0.004702287946223901,0.023296289359622493,0.002667031193449077
301,0.17024615458825115,0.79615173578046,0.01657105248312085,0.0033468155874221547,0.011420206126939782,0.0022640354338062233
302,0.12923731036975072,5.231235827468309e-05,0.037830738855213784,0.0028124175662595148,0.012311822622258226,0.8177553982282431
303,0.11588770998866822,0.00013818133698299207,0.0541581741724231,0.0036740495104317897,0.012958705460867855,0.813183179530626
304,0.3873588035288601,0.5016179226214058,0.04574786143021348,0.022410575174378482,0.026957712506556555,0.015907124738585743
305,0.045978211707361605,4.809086728820718e-06,0.03940677861933009,0.002147861265325897,0.010158016991540243,0.9023043223297132
306,0.8114977918945784,0.1583670705773834,0.013127588166444533,0.0036127410253665245,0.0036857257594217117,0.009709082576805295
307,0.5006047309603613,0.45215418397355,0.02130222751170923,0.0063244714067412725,0.01129470812296147,0.008319678024676876
308,0.3951127268043613,0.49483860820049236,0.05289787039298503,0.012725216202988294,0.020871024060556284,0.023554554338616595
309,0.7965134912878291,0.15648550269717101,0.02715936104518853,0.004177251229268531,0.0051683755760590245,0.010496018164483686
310,0.2616180210796292,0.7056151026267206,0.017372603835888227,0.004416676328601252,0.008093575034026374,0.0028840210951346142
311,5.186113154856314e-11,0.014507418374276214,0.017758647737645756,0.8385852328972578,0.12533817299382372,0.003810527945135441
312,0.8150298654273456,0.1625388761992298,0.006118202996578014,0.002960769328130066,0.004934279424208122,0.00841800662450844
