,proba_0,proba_1,proba_2,proba_3,proba_4,proba_5
0,9.777117218843172e-05,0.007730901901513433,0.03633926426473385,0.01849571772980997,0.0737074656864203,0.8636288792453339
1,0.0005516331112773657,0.007422312747285111,0.0701276228716252,0.010689492816684859,0.01653222894506912,0.8946767095080584
2,0.013718689906251212,0.055877194311820255,0.5411272854817585,0.001990845411746709,0.002029662697696208,0.3852563221907272
3,2.3445968386227285e-07,0.0038017074805101313,0.0013108719265498825,0.4179696159402684,0.5732964603299624,0.003621109863025427
4,0.008000793042910287,0.00033829719636243655,0.8885829693916648,0.0035951382767097414,0.0013432562470724445,0.09813954584528017
5,0.005807800875039709,0.01570605838764104,0.03478766468300199,0.006439875334791591,0.008662788313964595,0.9285958124055611
6,3.7192987844244486e-07,0.003419246169236944,0.006029899677076688,0.8610270901921013,0.12096992012902802,0.008553471902678569
7,0.0017842099388684903,0.002722862693224716,0.9443622344215399,0.008376991477186792,0.0029186076769834213,0.039835093792196845
8,0.0061345680041281474,0.020847763939947694,0.05077255882757543,0.004022212579661723,0.005497320339332461,0.9127255763093545
9,2.762530606769195e-07,0.0025280959401925715,0.0001253868664309455,0.09649979258476139,0.8980682204690201,0.002778227886534157
10,0.8363797426399627,0.13817682545534496,0.020989711413448242,5.248694201527449e-06,0.0003771536829765275,0.004071318114065928
11,0.010229861608062853,0.00953063659488512,0.8578360197655189,0.0029604202444750106,0.0012525588927062134,0.1181905028943518
12,0.11277711564530692,0.8166166092381244,0.01895726602076479,0.00020283240556780372,0.011612586745955887,0.03983358994428021
13,0.016012693950496152,0.002390616382528432,0.6162355768420603,0.0055640299920539996,0.001748075069715771,0.3580490077631454
14,0.10301468445712647,0.8675532963380772,0.009996181712217623,5.567646088397247e-05,0.00412811308205014,0.015252047949644644
15,3.0162697287862226e-07,0.058819669912151214,0.013808261493369736,0.7358039462385314,0.1387635098121934,0.052804310916781394
16,0.008926684056172394,0.006970989528483917,0.8460179776086103,0.0035521074597704124,0.0017852756954226656,0.1327469656515404
17,1.7902711865714413e-07,0.0006046569523201306,0.04145992523408625,0.9473748712472302,0.00344404028158146,0.007116327257663039
18,0.30140559745637746,0.671865338329012,0.009746934853757992,1.8536952098659874e-05,0.0022219842233765037,0.01474160818537756
19,0.9113214791261749,0.06761014907471771,0.017651413400150397,2.833489523545115e-06,0.00030665727642995,0.003107467633003261
20,0.8884847208856085,0.09721597022870165,0.00988647786235517,2.892282596286531e-06,0.0007168806607084741,0.0036930580800300108
21,0.00018471321032724673,0.003304075546742802,0.07552811889716518,0.019929684354126585,0.02337940080627706,0.8776740071853611
22,0.36294304422761237,0.6078555196077575,0.010319714095028203,1.550778466562206e-05,0.004851748171508045,0.014014466113428098
23,1.8445982579516693e-06,0.11965824257066107,0.01535593037913379,0.650990956419763,0.09483729920629186,0.11915572682589229
24,0.8776393525219834,0.10210612614145739,0.017140828852974306,3.00388686904255e-06,0.0005500669634148017,0.0025606216333008956
25,2.6892618568059525e-07,0.0031464488298513526,0.0006924103955237435,0.5156612250636068,0.47551740500809725,0.004982241776735323
26,0.8545198724372473,0.121513073812374,0.021667138168599765,3.814524359663961e-06,0.0005315201962470946,0.0017645808611722916
27,2.149999736960752e-07,0.010364467191479815,0.012165973966549372,0.9109819582459345,0.05386167805964922,0.01262570753641336
28,0.00019635590695368023,0.009162110131963344,0.07107487269414013,0.020198041002830142,0.022887020345693898,0.8764815999184187
29,4.195685231618078e-07,0.00722910596720744,0.007799012780079077,0.8973025180355274,0.08281536068504895,0.004853582963614108
30,0.0019554003838192194,0.004374463482389004,0.0682809263366485,0.004988443276287289,0.010646159513892483,0.9097546070069635
31,0.001203584600839993,0.004330568138706882,0.04376068433069214,0.010901869222813896,0.014095140318766788,0.9257081533881804
32,2.76141796687812e-07,0.016108775982251536,0.052764886983598124,0.8930960010979436,0.007539784071231785,0.030490275723178077
33,3.448597079713667e-07,0.023037887608461757,0.00010536101097335731,0.011446178789216124,0.9501848563801358,0.015225371351505017
34,0.30212121986574186,0.6425061960623899,0.032586142738234965,0.00011167727803942029,0.00460222829472506,0.018072535760868747
35,0.0007169302138310732,0.00038044449349829883,0.8653020311138067,0.025572926034780098,0.0028121093287141485,0.10521555881536986
36,0.0018904277465913726,0.031049248347599565,0.06402896863390202,0.005914475793661447,0.009400713281266553,0.887716166196979
37,0.04325754725599738,0.8919457966996877,0.0030267618534142067,5.59879236053754e-05,0.01804377530262972,0.04367013096466555
38,4.610667313001594e-07,0.06825320191768933,0.012146540277102243,0.5891870414608541,0.2584135740110241,0.07199918126659897
39,0.001708662442438087,0.0014764573819965638,0.0579257130864098,0.008463755693515483,0.010771935736949645,0.9196534756586904
40,0.2615374120821407,0.6894480941627056,0.029054177703070755,5.18078618234274e-05,0.003364961478035526,0.016543546712224043
41,0.00023393674725586243,0.020002491049655777,0.08320733263552765,0.018884912101316254,0.024493852060637637,0.8531774754056068
42,2.738889998088366e-07,0.006026416161008088,0.030922467074556915,0.9274753510134381,0.01580679407552538,0.01976869778647187
43,0.00444785500000837,2.1825346510918973e-05,0.9243464194332145,0.012906250137492203,0.000821506935119148,0.05745614314765486
44,0.0004457624675073281,0.002490115933088575,0.04846189268932111,0.016027762948295426,0.027615498178465023,0.9049589677833225
45,0.9010812374932017,0.07909360880220838,0.013326355530553056,5.464849914942089e-06,0.0007001021556612504,0.005793231168460948
46,1.8468336915495883e-07,0.009820007781757324,0.001840822060096219,0.43149034667368596,0.5475872074061038,0.009261431394987463
47,2.1362074252056328e-07,0.05790683066465499,0.002717472786462235,0.4178221420974063,0.5042121483186006,0.01734119251213321
48,0.9527910828522933,0.015990451418391196,0.0008603876907257895,8.22446567680829e-06,0.002732934148891519,0.027616919424021353
49,2.6539823249769504e-07,0.0313750445330649,0.028921664410164413,0.8835604976542587,0.029804214397380565,0.026338313606898867
50,0.06018834148149066,0.8762059380209621,0.03652703294580296,0.00012297969160758788,0.005558055396665721,0.021397652463470945
51,0.7301970057833972,0.25440747027614724,0.010551776626969234,5.916406727843213e-06,0.002495947550263684,0.0023418833564948158
52,0.006605691206923161,0.012614086768122512,0.9364823901777867,0.003375459785281145,0.001178863202147177,0.039743508859739256
53,0.0023346689534211734,0.0010428609283408242,0.8774676735522704,0.006496134677305006,0.003937226837557713,0.108721435051105
54,0.003329416614700118,0.00783681797010529,0.06376243622000231,0.0060920658437761295,0.009555454969522354,0.9094238083818937
55,0.0016743706208220178,0.024785961540024697,0.035030616793836726,0.00421212571046627,0.016131820405021334,0.918165104929829
56,2.47041863814194e-07,0.0023910213460075305,0.00043277298031662415,0.09269442720655145,0.9036036240679126,0.000877907357348065
57,0.00047629684878612523,0.0022703354432706897,0.7867601064924312,0.009300292449278479,0.007906788726236631,0.19328618003999684
58,0.003836011070264669,0.0038798718019272755,0.8361342615896765,0.0058224467997307384,0.0027201570559057344,0.14760725168249492
59,0.002649356567395916,0.008652129007850635,0.9550039583265835,0.009152932677061775,0.001803559577013075,0.022738063844095126
60,3.414299311835015e-07,0.0017081003942322566,0.003460551816653931,0.6801913336028517,0.3057640154149988,0.008875657341332064
61,3.1884985282827923e-07,0.10315449895119,0.02187660403740051,0.7219097771239485,0.1339922075975555,0.019066593440052536
62,0.24881857723343556,0.7212838311588181,0.016797882055678424,2.1221711178523592e-05,0.002761250048438603,0.010317237792450829
63,0.3325958987517348,0.6271755556792942,0.02771130974233924,4.0547753656781876e-05,0.0026560728990833735,0.009820615173891505
64,2.3802401408729454e-07,0.062074104517764156,0.05814429567592134,0.8060630651309962,0.02903053279738661,0.04468776385391777
65,3.302182552375867e-07,0.11145808850970174,0.00745212575758274,0.3322667402647124,0.48568524415016917,0.06313747109957886
66,0.06626319846757023,0.8933426528057081,0.009218765421324585,6.806268874327786e-05,0.013835379668067624,0.017271940948586327
67,2.4503276314492404e-07,0.00031355124999034735,0.0007936248210206793,0.47090128620837385,0.5251708330740767,0.0028204596137751435
68,5.770011706370213e-07,0.0032353701760570773,0.000465544419736611,0.0502528926936414,0.9427183231903662,0.003327292519028038
69,0.14399462665891824,0.7800679375696546,0.05370492454996224,9.902456978308139e-05,0.012613555786368668,0.00951993086531301
70,0.00011399904149982633,0.003897807921524966,0.018233065347746845,0.014639234766803916,0.09399943759845197,0.8691164553239724
71,4.027441967921629e-07,0.05750232370569333,0.01317126626444112,0.7319450200264808,0.15531211841126552,0.04206886884792247
72,0.012060689718316964,0.02974894826512961,0.49534000970256187,0.002985177790439171,0.0024685899352160905,0.45739658458833643
73,0.1304550898835558,0.7506941028720198,0.08820710390914126,0.00016562534276867691,0.00172144487022214,0.02875663312229231
74,0.18127743203467167,0.7731116930606676,0.024370411854846657,9.930851577470843e-05,0.0033201526582589146,0.017821001875780337
75,2.496751639328735e-07,0.0013911600583958658,0.0009307398385133119,0.3732117282864626,0.6106902089675429,0.013775913173921354
76,0.8896205307412928,0.1002591872817238,0.00680349522012244,1.3891263168252288e-06,0.0006217957595345687,0.0026936018710097083
77,2.069266672380903e-07,0.0035649554785672243,0.0007376908964288884,0.26634276527504563,0.7243056956897218,0.005048685733569166
78,0.9359044301462711,0.0421962672581275,0.0008175237818412262,4.812988871945677e-06,0.0022023481299462988,0.018874617694941864
79,0.01874984231648011,0.818093100820756,0.020978002372532122,0.0003027557268560477,0.005723817141561432,0.13615248162181423
80,0.922787808586486,0.06298314949572394,0.0023030624102133124,3.3048393971090633e-06,0.0012845140663179076,0.010638160601861837
81,0.8741887907835055,0.10901470057937727,0.01258127927790837,3.3032043658414083e-06,0.0002949007680804069,0.003917025386762333
82,0.8632711739779008,0.11098950875777373,0.019283089630486878,7.479831829088014e-06,0.0007947252688588702,0.005654022533150587
83,0.9235302930232531,0.05510589821068633,0.016115585693904394,4.762752471451435e-06,0.0009987519624426763,0.004244708357241922
84,0.005087911661871427,0.008094250428768957,0.053031151174876646,0.008052935240822854,0.010294281376557274,0.9154394701171029
85,0.8271566356122904,0.15287069773773923,0.013726344970850778,6.572849820694209e-06,0.0006709988959588138,0.005568749933340158
86,2.9831204695280644e-07,0.0012160547017989697,0.001394046995959282,0.49795726583536154,0.4933620437219035,0.006070290432929805
87,0.0013682775674736208,0.017418478092625284,0.07879999161454544,0.0066667062558053705,0.01153897795764551,0.8842075685119047
88,0.2546164174139125,0.7026091885946493,0.007259981400079438,5.2877055213420914e-05,0.011314761088519306,0.024146774447626047
89,2.8848024508145354e-07,0.02203600576198503,0.020051794558724797,0.8510255475763323,0.08395977946710119,0.022926584155611614
90,0.7594510541252019,0.21201943708385423,0.021413304233945454,1.831664498474078e-05,0.002550832208671145,0.00454705570334262
91,2.748176620524539e-07,0.030042011612209717,0.0033192659944998805,0.20619022231192746,0.6358229141878302,0.12462531107587088
92,1.6912406676795983e-07,0.10678563406872707,0.07032333677678312,0.7436846252424555,0.0326344730197455,0.04657176176822214
93,3.3375978974066585e-07,0.011748728426403869,0.042192514717386484,0.8130198695182685,0.09080691576089019,0.0422316378172612
94,0.897640848756209,0.0763343721661823,0.02209711036899287,4.600235100058565e-06,0.0005204327541155742,0.003402635719400125
95,0.0212164599901938,0.2211160720628793,0.5385413936094094,0.0014877375032366458,0.0014333826970784492,0.2162049541372023
96,0.19304183223563606,0.7721008405459814,0.01175145828607036,7.556276538899775e-05,0.002261474148009931,0.020768832018913157
97,0.16174780696470184,0.8058747515234687,0.01880406005173602,2.2609413661575798e-05,0.004035689305981599,0.009515082740450426
98,0.014927846681453182,0.026775824972974326,0.826719545451329,0.0019176898022503302,0.0014374600298647775,0.1282216330621285
99,4.011367887347388e-07,0.013572161308455484,0.018552199303539817,0.5144268441736605,0.43234608918807516,0.021102304889480384
100,2.5164597082312677e-07,0.028646821370073686,0.03824797152457414,0.8460070859561548,0.04599662475411965,0.041101244749106786
101,0.00018341751786409696,6.275135981762757e-05,0.7080254056315961,0.041387697991249056,0.010205822742728599,0.24013490475674448
102,0.29874518865457955,0.6691125176240251,0.003259228189868542,1.1832597150445002e-05,0.015126643655353962,0.013744589279022081
103,0.00036733648642458514,0.00524113645468884,0.016021533415648822,0.005160420925734941,0.0844230023652263,0.8887865703522765
104,0.00314833031302697,0.014813279326113232,0.9284539154208431,0.005103567111183283,0.002613343918540887,0.04586756391029257
105,0.007658205794412023,0.005055995761466002,0.9716708182419247,0.003611255987693032,0.0009999802751097398,0.011003743939394572
106,0.0024826077205704344,0.004878959183660956,0.8703207954407883,0.008541837201552695,0.0022757401447711574,0.11150006030865642
107,0.006432517279480429,0.006498809437103978,0.7427967599014694,0.005271228506172091,0.0033129227817656165,0.23568776209400838
108,0.8314318455695011,0.1273101401575399,0.03815464328400095,5.526842691352626e-06,0.0009142672911116025,0.0021835768551549365
109,5.394362146579055e-07,0.011603056307262504,0.06522628328994241,0.8410570349977885,0.06056468412922806,0.021548401839564
110,0.0018260411326762036,0.042773062163065,0.05207389540252902,0.007127103091746085,0.011212398772035136,0.8849874994379486
111,0.004703954441668724,0.022633300585017287,0.8303325628939483,0.008164815278044274,0.0019332381933436686,0.1322321286079777
112,0.0002840063742793451,0.025967275599909127,0.0949834556142683,0.012507998022766677,0.024263300068569728,0.8419939643202068
113,2.6206788586970365e-07,0.0602843013389109,0.05555195636160747,0.6868966654172742,0.08602330616310427,0.11124350865121728
114,0.04375230910094114,0.8739210041374319,0.021604355618812132,0.00041697199415804243,0.005480126102006771,0.054825233046650136
115,0.31492316250375013,0.6508809806847863,0.017129451822702264,7.164834553375584e-05,0.004827850388310307,0.012166906254917415
116,1.6684181997935195e-07,0.019057979704203656,0.0010849517139762863,0.47580389084297575,0.49047348942634406,0.01357952147068019
117,0.012497344554911001,0.0027039685089406203,0.9299193288767028,0.0038280608597933033,0.0009539809780729666,0.050097316221579445
118,0.5885233483490323,0.39170874935026306,0.009736547772915211,2.9103295826716926e-05,0.002738381791965457,0.0072638694399971395
119,4.1919813293188463e-07,0.06659865445443487,0.002392068818144137,0.019113118001949442,0.9062273879828256,0.005668351544512829
120,0.0016514443048047116,2.0249831585575908e-05,0.945772953758283,0.017838758080332716,0.002229028477451763,0.03248756554754223
121,2.3785075443256542e-07,0.006202351211587825,0.00034134672777717443,0.22168257229081095,0.7664922048026855,0.005281287116384028
122,8.616922338354835e-07,0.04238349888789596,0.006352019239190005,0.18348460349826193,0.676523704030065,0.09125531265235336
123,0.003316712988579369,0.0034983841031433153,0.858729783290651,0.006620933581116268,0.0017813746531421463,0.12605281138336794
124,0.8038788269462255,0.1578596099660042,0.032618408998700825,8.752862085088237e-06,0.00049773711627151,0.005136664110712854
125,0.8856292341568766,0.10292117016499872,0.007498573232739966,3.866506170714025e-06,0.000752966821435744,0.0031941891177782937
126,0.18127743203467167,0.7731116930606676,0.024370411854846657,9.930851577470843e-05,0.0033201526582589146,0.017821001875780337
127,0.2034298552399639,0.7187561966183604,0.032112680134123474,0.0002225599843424823,0.0023518375812482313,0.043126870441961555
128,0.09584787079154622,0.8508188671424646,0.02656320979152685,0.0001282390656716483,0.0049119457941242855,0.021729867414666492
129,0.053341766452273585,0.9126315405446487,0.007198738258043404,3.1222835008047136e-05,0.014358004653091767,0.012438727256934437
130,2.4221643129126073e-07,0.01317199872491611,0.002830088382947915,0.3456628457489651,0.6211521899687269,0.017182634958012526
131,0.0808154255806389,0.8924111662809193,0.013380035899449982,4.542079268045213e-05,0.004206505488947158,0.00914144595736422
132,6.349439982509117e-06,0.0008084540432788907,0.010378125677873658,0.5661359160378028,0.40386729662412474,0.018803858176937378
133,0.11991189089667234,0.8488894049908952,0.006982592564695411,2.9425783280911134e-05,0.005863127084269344,0.018323558680186838
134,0.6990353051586369,0.28531450465274105,0.012163764958628547,3.704363815251011e-06,0.00029800304574739017,0.0031847178204308115
135,0.9225703466246727,0.061785553938655965,0.00837345636914271,4.07019503347071e-06,0.0002941826242703832,0.0069723902482248775
136,0.7976292682581797,0.1712663218976796,0.023612721967584897,1.8019692948591613e-05,0.0027487981076223175,0.004724870075984927
137,0.0007168764195070811,0.042291115696082224,0.07020313380430934,0.008288685887526764,0.010378527292271806,0.8681216609003028
138,0.3693647016184956,0.5895364997082416,0.0025204210292535407,3.0978819941984556e-05,0.0011596297981384077,0.03738776902592882
139,2.8588534427017066e-07,0.0008840468224147866,0.0007001472599573741,0.49039983792541963,0.507432354714041,0.0005833273928230508
140,0.0014035232287478627,0.016621498086624383,0.07655070576232473,0.006667039867270714,0.010376342855301476,0.8883808901997309
141,0.9083463231305777,0.07861392270396265,0.008729296955070274,2.2785659375499383e-06,0.0005648230262340771,0.0037433556182177754
142,0.8662712146434945,0.11641234727876575,0.012401991914382762,5.8557950320135336e-06,0.0015235537194249141,0.0033850366488999933
143,0.7743329553314197,0.21127067888920195,0.010474644504812714,2.7972194433354903e-06,0.0024382780842210445,0.0014806459709014977
144,0.9183892363780355,0.07166975597016412,0.004076011365864522,2.895526266090197e-06,0.0008678221827667495,0.0049942785769031125
145,3.076197548918517e-07,0.0013388455732134433,0.0006303517888352947,0.23338270997091778,0.7623104971841241,0.002337287863154469
146,0.0012969656125992933,0.0013753697139453481,0.4975834741249114,0.00998430376402394,0.0031200044778973255,0.4866398823066228
147,2.6736324696238407e-07,0.0038935495075798914,0.006730176270735883,0.9427228506998371,0.03484430934804447,0.011808846810555752
148,0.0009605741801697732,0.009809001872307177,0.07408582349002213,0.007509107012015769,0.010165842688656203,0.8974696507568288
149,0.0018836396729763627,0.008935080307417928,0.05494838739208178,0.004631271365565247,0.009486570286588584,0.92011505097537
150,4.0369177563510204e-07,0.0020460745927116286,2.1330478184647363e-05,0.0022727614541035728,0.9901006079369715,0.005558821846252929
151,0.8675366313022075,0.11392820738567841,0.015229182029037811,3.595483952305968e-06,0.00039030797767196113,0.0029120758214519027
152,3.8087891913677115e-07,0.015076676383473389,0.00022863257959834584,0.061865793802313815,0.9056893669604081,0.01713914939528724
153,0.8955003280303881,0.0877560383278152,0.01325008700637135,2.57406801764257e-06,0.0004216111901636668,0.003069361377244003
154,0.8516256362440161,0.11125825145316698,0.03418053006583346,6.7889308000861825e-06,0.000493965485944739,0.002434827820238714
155,0.9140104684930052,0.05738397856435844,0.025713917400451914,3.77217357928468e-06,0.00036299641708953926,0.002524866951515742
156,0.002312991855581419,0.007808622987659662,0.762861634560958,0.0072947614110417,0.00573108437138725,0.21399090481337205
157,0.000523932896325845,0.007813523008757895,0.06957605683389319,0.010047292397961467,0.018861777327656957,0.8931774175354047
158,0.020503683611725453,0.07686007514544403,0.4636920592843146,0.0017981397100230803,0.002124791169628892,0.43502125107886386
159,0.13981383112639537,0.831625829656366,0.004877775669289556,1.9426696338548878e-05,0.004601886784420373,0.019061250067190207
160,0.001623693189708603,0.006570759839533781,0.04651706505409194,0.004510910552695451,0.018300686573265047,0.9224768847907051
161,3.8871631306072217e-07,0.02945975028268915,0.001705494065964849,0.008652752992551091,0.9593447378660939,0.0008368760763878698
162,6.280196644015267e-07,0.049588074202981405,0.015067179656194385,0.6717364629771198,0.15622781341067174,0.10737984173336833
163,3.001866067619971e-07,0.0003687487568098289,0.0010344800871000567,0.6845652926167665,0.3062292708361987,0.007801907516518339
164,0.001140402385802421,0.040502831480025425,0.048265210482643824,0.01208899340878732,0.012206376184935277,0.8857961860578056
165,0.8475070278571655,0.13799745773826078,0.009222318279817742,4.196022773700062e-06,0.0005257174017627214,0.004743282700219662
166,0.30753619967073575,0.6618223500632554,0.001971280458365446,1.5816959021657517e-05,0.011486403457014084,0.017167949391607755
167,0.005390761884044021,0.009061756149001038,0.8731795398954562,0.0047548895385018984,0.00174385899837502,0.10586919353462196
168,0.016674289196418442,0.106575494986282,0.5588584943151224,0.002106351207878584,0.0014885877220847939,0.3142967825722138
169,0.0010230187596746159,0.0008870863547308056,0.34004409160309074,0.007911547683857649,0.0035208338369544993,0.6466134217616917
170,0.8939627331688853,0.08630306954779599,0.008748772904550773,6.732295234444015e-06,0.001077899295175907,0.009900792788357659
171,3.595230553821579e-07,0.0036656659877031877,1.5517572492357533e-05,0.005888593751105726,0.9849449796897345,0.0054848834759088725
172,0.00012486750644088423,0.007645578850125167,0.05619507011769535,0.03285649125143593,0.040659866870815,0.8625181254034876
173,0.902346599063147,0.07464924477459343,0.01556023378271693,5.583771321181868e-06,0.0009350978805962828,0.006503240727625305
174,0.02503024873179864,0.09532041248997555,0.4849935017726149,0.001565161032954781,0.0016974974262506353,0.3913931785464054
175,0.004110315810047164,0.003287274539732699,0.9272518248795274,0.004768380530368391,0.002286314915419471,0.05829588932490474
176,0.0016473615745665562,0.05628068452822756,0.06574417020025573,0.006432184694639672,0.008758118010675688,0.8611374809916347
177,0.0011271671455375023,0.017722302998623343,0.04789144526851042,0.010482085828699096,0.011759258966613933,0.9110177397920157
178,0.0017202998519431614,0.05591871722589048,0.05969889176916771,0.006551884130974751,0.00983324346966177,0.8662769635523622
179,0.002095779901891156,0.0024156162132260937,0.7913713176480675,0.008301438235309292,0.0030748153041199873,0.19274103269738593
180,0.0035492641140603314,0.012193728362503884,0.021506348126037068,0.0042752182206611845,0.01581678239319775,0.9426586587835397
181,0.0004578788399059622,0.02035268271667991,0.04441713488086164,0.011922986835995656,0.02599986059729339,0.8968494561292635
182,4.108201748028731e-07,0.0034512433800573112,0.0007086461136736642,0.26299288082949246,0.7303759082347124,0.0024709106218893727
183,3.1181397155235965e-07,0.18390571948384485,0.0011108167721492947,0.021328327469728032,0.7902917146371977,0.0033631098231085713
184,0.006216638146529748,0.008265553341108794,0.6663250201700364,0.002134628672863031,0.0020666209435206647,0.3149915387259414
185,0.002824883219785478,0.00339783290545966,0.05604524902047659,0.006399588866314696,0.009429158984809616,0.921903287003154
186,1.9747578402883676e-07,0.03005420813405735,0.003181324852465868,0.5254892750912065,0.4160308001389455,0.025244194307540865
187,0.048293872036946135,0.8580768890393489,0.04596085262125488,0.0003254311782394168,0.0044711257300626755,0.04287182939414793
188,0.0019511809085455028,0.017111208386647436,0.037667403512315324,0.0071282208657974565,0.01109386862775964,0.9250481176989347
189,2.6327594520005517e-07,0.0070193312907703255,0.02446815938922943,0.9406331828703984,0.008782100199867322,0.019096962973789332
190,0.0007169302138310732,0.00038044449349829883,0.8653020311138067,0.025572926034780098,0.0028121093287141485,0.10521555881536986
191,1.8468336915495883e-07,0.009820007781757324,0.001840822060096219,0.43149034667368596,0.5475872074061038,0.009261431394987463
192,2.111570632510561e-07,0.02461957968149036,0.0029094945815456817,0.3353144172851011,0.6280977589597521,0.009058538335047517
193,0.8043347602544537,0.16104528612808547,0.03329718336533968,3.0562044260700588e-06,0.00032957065576408713,0.0009901433919309128
194,0.005149742038459198,0.0008560562644860525,0.9856447135020212,0.0029230616427461356,0.0013535367161846869,0.004072889836102682
195,5.530613463020054e-07,0.07333645690973985,0.004321434902602802,0.10734589821029736,0.8078191587873061,0.007176498128707548
196,0.9190206036789477,0.06548896209578613,0.011455262860657421,2.8395188984971976e-06,0.0009793711138894841,0.0030529607318208448
197,0.8954806710556164,0.08315352596018126,0.018342528230906995,2.836139284636868e-06,0.0004638699218569644,0.0025565686921537266
198,0.0007169302138310732,0.00038044449349829883,0.8653020311138067,0.025572926034780098,0.0028121093287141485,0.10521555881536986
199,0.8416270067603435,0.11808483690253961,0.034880584009445284,6.270549266628764e-06,0.0005768202234111002,0.004824481554993787
200,0.18951977656803667,0.7565426136499567,0.0015474362972332611,4.720637243741621e-05,0.003456120520688352,0.04888684659164756
201,0.9058058248127419,0.08075820689104116,0.009566761529087848,3.891373562865097e-06,0.0011448245822888979,0.0027204908112772696
202,0.002554205135934533,0.016276272838336932,0.054515648642945905,0.006829606516017689,0.013836502842307582,0.9059877640244574
203,0.8340288807272918,0.12490468751543167,0.03866943866933403,4.6103202817678615e-06,0.00026857945703897667,0.00212380331062183
204,0.8898041617138301,0.09258702193994815,0.014266000281700506,2.363578917167638e-06,0.0006510544188156999,0.002689398066788269
205,0.0012719034516695063,0.007748240915730407,0.052359566578028004,0.006924263613270509,0.013182888695100746,0.9185131367462008
206,0.0004841246327522191,0.00020559558966902936,0.6588020465740497,0.013831069800511929,0.008526342193503596,0.31815082120951355
207,0.007106039430359147,0.07313023479294657,0.03052352759049825,0.0047391218616937725,0.014282592382264507,0.8702184839422378
208,0.002956852736579682,0.007983044419005806,0.9493379139200431,0.008305161915133228,0.0023542305237878283,0.029062796485450296
209,0.09850397005819052,0.8764819133397964,0.006012720101089801,1.8450479014559017e-05,0.012037687621723837,0.0069452584001847995
210,0.0018361680575862786,0.0006772566897038052,0.9736696387004176,0.005500260856134877,0.0026946478277348343,0.015622027868422603
211,0.7184571728376089,0.19382444899882603,0.06913959569227497,6.40484538507538e-05,0.0061121667931071325,0.012402567224332304
212,0.000558755752601124,0.03356427514399667,0.05994088674021531,0.01029629141436278,0.016190888139846867,0.8794489028089771
213,0.9067754730696879,0.08058460025256849,0.007364903231470319,2.4882308196614203e-06,0.0003556587706569266,0.004916876444796897
214,4.940997671702343e-07,0.00803461243918455,0.006048461808501509,0.24882373869917324,0.6989912654273668,0.03810142752600681
215,0.3465853305072881,0.6160027483019844,0.021701989579190492,2.8943418208981965e-05,0.0030557301495619292,0.01262525804376599
216,0.001620839263250737,0.005011436761770265,0.05907941404202295,0.00805474166452877,0.011362108132330724,0.9148714601360965
217,0.09537276798353361,0.8646508253990307,0.014993163431342313,5.684743301368716e-05,0.0018894379397995605,0.02303695781328001
218,0.0015532531598328122,0.004500547378709793,0.06736981740168174,0.0089713189968436,0.010714004005299762,0.9068910590576322
219,0.0006244979430467877,0.0038247003301056493,0.08541429850100704,0.013143674096958515,0.01207115429611984,0.8849216748327622
220,0.8682750331972473,0.10646919018212672,0.02110350157092974,5.288861128418858e-06,0.000668681214456072,0.0034783049741119094
221,1.0202667666966898e-06,0.12187884126046554,0.007331215921941758,0.38335836421470615,0.38299108254315034,0.10443947579296951
222,2.1151793498831677e-07,0.018911131082527947,0.02562973146959082,0.8909331863187017,0.027532492004879908,0.036993247606364854
223,0.019832313042157136,0.014256786337650889,0.7976370630916231,0.002175706158319984,0.0016051630313539253,0.1644929683388949
224,0.6884559302419373,0.29464491029256157,0.007727660747564898,1.8346448754906096e-05,0.004128130054424801,0.005025022214756604
225,3.2839166450443305e-07,0.009213559452588723,0.025628366320186186,0.7217345214716807,0.23794701753197797,0.005476206831901925
226,0.002594622452113363,0.004896085834902414,0.07267957154110545,0.005317018459580163,0.008420720974483693,0.9060919807378149
227,2.298961111532754e-07,0.006313736122011341,0.0002140625858081595,0.013314070834014901,0.9649341505592547,0.015223750002799895
228,0.05011850469817994,0.916656939899767,0.009638104792014265,8.80428789226398e-05,0.008473347734280087,0.015025059996835989
229,0.00021595710514826357,0.02757936288914306,0.06033979756004859,0.01180594101683536,0.037891284547601906,0.8621676568812229
230,0.0015732511886260914,0.0017283369675795647,0.9099224492979988,0.010733186977571377,0.0032576171620745773,0.0727851584061496
231,0.0008922264186904111,0.021861792246814744,0.07050113777248408,0.009687257411022946,0.009518522303371297,0.8875390638476166
232,0.7964423440932333,0.17938246804255573,0.02091420055835839,3.420679157730222e-06,0.0004383440401968299,0.0028192225864977364
233,3.236406906679393e-07,0.03998208887411965,0.07608851493964439,0.8391807456037739,0.011866764380427436,0.03288156256134388
234,0.0007586408228433615,0.0016705647678065029,0.7530299087101253,0.018437392001815666,0.0034570143552345445,0.22264647934217463
235,0.17295048004560384,0.7915732042390696,0.02420288845950018,2.844750458081026e-05,0.003307784939579006,0.007937194811666508
236,1.9165187687568283e-07,0.021230688315062286,0.05897870622597956,0.8687668419538859,0.010256147849072887,0.04076742400412244
237,0.8970015669513738,0.08097439539435704,0.018763369309674816,3.190313171602809e-06,0.000396931382134951,0.0028605466492876907
238,0.0009264955358877186,0.008903829496462411,0.07343286383129767,0.0066260795766082455,0.02092123228397485,0.8891894992757691
239,0.002107923543855985,0.030907956608664626,0.06589841335776285,0.010104455853303756,0.018079702385340634,0.8729015482510721
240,0.9404853005277012,0.046083288365974924,0.0073314979462374835,4.559495370939225e-06,0.000956031138730318,0.005139322525985316
241,0.8633933383224498,0.12384498559576929,0.00960008447816483,2.295785768665568e-06,0.0002804031909946713,0.002878892626852841
242,0.06813003130437646,0.8360969169700677,0.003223638113409098,9.57516037424561e-05,0.006180597829912049,0.0862730641784923
243,0.030209683215412474,0.2894779244138371,0.6348681501638727,0.0007097742512731492,0.0008351455997737622,0.04389932235583082
244,1.8468336915495883e-07,0.009820007781757324,0.001840822060096219,0.43149034667368596,0.5475872074061038,0.009261431394987463
245,2.4221643129126073e-07,0.01317199872491611,0.002830088382947915,0.3456628457489651,0.6211521899687269,0.017182634958012526
246,1.883309872383957e-07,0.016941183216410905,0.001464331783709155,0.6035700389019364,0.36035803513708786,0.017666222629868486
247,0.8474418424160142,0.12765542881444758,0.02212915212456382,2.5168022944697715e-06,0.0003167567781641787,0.0024543030645159183
248,0.3844230001487941,0.5972358512239571,0.002487132050783976,3.148667869292655e-05,0.004700221473830668,0.011122308423941452
249,3.6507151267744806e-07,0.03369066550683817,0.0006175463285694487,0.01509242642904524,0.9382998010124071,0.012299195651627437
250,2.415792374474073e-07,0.0006290498990446067,7.830546433571575e-05,0.14375533019898337,0.852203717003277,0.0033333558551219217
251,0.003625345997081312,0.004295482544024391,0.94436077352576,0.005172162778583809,0.0017563806081010254,0.04078985454644952
252,2.1053663344269316e-07,0.03679757451022306,0.02936578463536847,0.7999543962978657,0.10141059194182844,0.032471442078080975
253,5.257088806632194e-07,0.008524949020737095,0.012337309398107248,0.4453469270315099,0.5018444823917327,0.03194580644903246
254,5.280238392845453e-07,0.04174199133169964,0.012272241822439887,0.18886064952011386,0.7500819395974195,0.007042649704487806
255,0.001116313491136684,0.00401388835761835,0.6410729191122768,0.008443184924287537,0.004206496909471039,0.3411471972052096
256,0.014677024721009676,0.0016489013767884506,0.9328020294001128,0.004649807076057678,0.0010113456005459093,0.045210891825485475
257,0.8155450130655243,0.14886923346928352,0.032828948856181255,5.404649167030643e-06,0.0005443776209558708,0.0022070223388879497
258,0.3418976913446657,0.6283530735232595,0.001998136336791727,2.2562583069795735e-05,0.014373598431517079,0.013354937780696291
259,0.88781652584747,0.10023816539095683,0.006773460410155532,2.2439996639104132e-06,0.0009883751828301778,0.004181229168923758
260,2.109101295437471e-07,0.11897600139630711,0.008401682252583129,0.4656106798351552,0.38110872132225104,0.025902704283573965
261,0.007896937799930141,0.8694969636301378,0.02493773029856724,0.000600363978111596,0.008053390975222813,0.08901461331803034
262,0.0007886431285232563,0.011093220284966065,0.06466835862090323,0.010644633486855438,0.010653215297643313,0.9021519291811086
263,0.8646183994491217,0.12241058779873744,0.009786294062039238,2.1084816132985214e-06,0.0005899519477299139,0.002592658260758373
264,0.0018646858640502494,0.04589808282930069,0.06234731886893237,0.008158062514501921,0.010224540542662041,0.8715073093805528
265,1.7304222576303694e-07,0.002576887727823231,0.02227639589239787,0.9458173713784845,0.011790445551517812,0.017538726407550703
266,0.014520215255934617,0.11996211816317741,0.7307942544808782,0.0016044490934403915,0.0016342779750016547,0.13148468503156782
267,0.00591114986192093,0.00113371029208454,0.07593330410692709,0.005125829497679665,0.004965242197871992,0.9069307640435157
268,0.11748651117322842,0.8076384220942051,0.004457586888321287,6.99840001053485e-05,0.015175482254976313,0.05517201358916337
269,4.5209917054701826e-07,0.000850221623248511,0.0001034681126922236,0.14872895341518497,0.8490655821856938,0.001251322564009804
270,0.0005340860120046275,0.0023622138809022237,0.03705426285313531,0.008752054517820816,0.035310139232432695,0.9159872435037043
271,2.3190883151207272e-07,0.0325673438963626,0.09815435788885564,0.8347738551216513,0.011797816809501966,0.02270639437479715
272,0.0012357266220987882,0.0016232900389014256,0.9553492421236605,0.009387251319567802,0.004054706158358881,0.028349783737412697
273,4.3714288028362673e-07,0.0007193698302528477,2.103351930726404e-05,0.1123648076058531,0.8829058432254404,0.003988508676266109
274,4.195685231618078e-07,0.00722910596720744,0.007799012780079077,0.8973025180355274,0.08281536068504895,0.004853582963614108
275,2.3991560641865344e-07,0.0008130054105828659,0.00017547572580668138,0.40001568172442137,0.5967869676070865,0.002208629616496042
276,0.00011533950721105206,0.006821385654367365,0.0028199621888457317,0.16659692619637637,0.634309576657603,0.18933680979559642
277,0.8429224839746969,0.13566683915074867,0.018710368908385396,2.3307994161054003e-06,0.00037560229169078226,0.002322374875062055
278,2.534815210484849e-07,0.0262837149428559,0.00011971664053857809,0.012038312541775361,0.9533223684652906,0.008235633928018477
279,2.7486765394097275e-07,0.03249128746327273,0.009839945240673253,0.7145199144888675,0.1832569817486419,0.05989159619089052
280,2.711189091718021e-07,0.03469296105936985,0.004038087936345469,0.3153416966756054,0.568591729959818,0.077335253249952
281,1.7583601070010182e-07,0.028882170876382805,0.0019277849964402566,0.32189234537569195,0.6031185206993669,0.044179002216107446
282,2.2143717939109897e-07,0.07834437353699426,0.031210433217982322,0.77197074554929,0.06447900871393206,0.053995217544621964
283,0.004474885170319488,0.000346170414081083,0.9423854855356352,0.005355333533639783,0.0013391514393464202,0.04609897390697813
284,0.33599193441347475,0.6383296944964555,0.0015741824963073623,9.905124246106317e-06,0.016937020163726793,0.007157263305789532
285,0.1763618371728717,0.7755449965951933,0.021084906666871205,0.00015248439712371365,0.003528116186317104,0.023327658981622888
286,2.0373578646766215e-07,0.043359168984050234,0.05250655050674618,0.8419270190132874,0.05005947874318376,0.012147579016946127
287,0.0018061304888059245,0.001232263979024811,0.9455905057237239,0.007573041144505493,0.00309749992976679,0.04070055873417306
288,2.3254493016706357e-07,0.1573764053522438,0.04598984385486362,0.6553516512347267,0.10662804455727425,0.03465382245596138
289,0.3548713773765254,0.6223632924488088,0.014806630387412204,1.8007961811023918e-05,0.00290523089118869,0.00503546093425404
290,0.018147152128049366,0.009535426732886553,0.9132555634788027,0.0020061334838021713,0.001135376279015957,0.05592034789744331
291,0.07730744312825968,0.8801695748678897,0.023250454822991186,6.507504711752059e-05,0.0021273689670039016,0.017080083166738008
292,0.11518695536168663,0.8540442705996196,0.013313723623063965,2.2651106349117034e-05,0.00586621533378919,0.011566183975491386
293,0.0036694877351869278,0.001625974136820045,0.95364787102308,0.003860582500959546,0.002106280198656426,0.03508980440529707
294,3.774404848601299e-07,0.0042745808403427225,0.00044636291422385694,0.31382850483258395,0.6751944497308764,0.006255724241488227
295,0.8705460461920768,0.10199434825785877,0.02397126831990725,4.249258053907591e-06,0.0003928650306302809,0.003091222941472987
296,0.0007662990967387064,0.0015310857338077211,0.5276881274630255,0.007608255127785163,0.0067348986908384876,0.45567133388780445
297,0.0075076395057192095,0.04995146731188225,0.43779575458210274,0.003499614004618981,0.0020470781397140935,0.4991984464559626
298,2.688358389649873e-07,0.054486661560113385,0.05066012862084726,0.8460860285271511,0.027667564501589272,0.021099347954460036
299,1.703269803871557e-07,0.023067891060686883,0.004629966187718235,0.5441967929452866,0.39154518276157635,0.03655999671775144
300,0.04272114810687645,0.9056066946578774,0.007994234506913117,7.011012266934157e-05,0.006486137615384147,0.037121674990279394
301,0.09462507746075191,0.8676704096605703,0.021540611428379167,3.823730955473495e-05,0.005346013499512691,0.010779650641231082
302,0.0003801373396797645,0.0033891563402052237,0.03393772399795234,0.011043636877779737,0.04253642682655119,0.9087129186178318
303,0.000297610511597584,0.005853415659882102,0.022079896405824903,0.008520236760177873,0.05946372342576675,0.9037851172367509
304,0.1093596255587216,0.7934109242464935,0.039356968734902215,0.00028263347145553424,0.003391492182710764,0.05419835580571646
305,0.0007158268621860432,0.017069414741292168,0.0749606320645837,0.0095914972791111,0.011147123159674774,0.8865155058931521
306,0.8041100446195291,0.1873249564922896,0.005218574632441297,3.6567938083243224e-06,0.0008384884717939398,0.002504278990137786
307,0.41120231063865725,0.5683037322840154,0.00849240108605558,3.3104685468505735e-05,0.002573107247588961,0.009395344058214338
308,0.5149106624852053,0.4650011337408858,0.006633767057642953,2.739893446391117e-05,0.0020469429763484764,0.011380094805453551
309,0.5328297581005418,0.3799832635057788,0.07042756286754139,4.791908517514496e-05,0.0031021363595261737,0.013609360081436697
310,0.2435845981716909,0.7245959639451417,0.021474143173696062,3.233501068922025e-05,0.00323392436410876,0.007079035334673307
311,1.7534893766404882e-07,0.05518164558581173,0.028156381126714862,0.7273197266815425,0.16102086798473048,0.028321203272262653
