,proba_0,proba_1,proba_2,proba_3,proba_4,proba_5
0,0.7549349161811584,0.09948721803921003,0.01176337706189117,0.01386984360829802,0.09631732929574394,0.023627315813698462
1,0.8030984316541727,0.039576653621668734,0.03876675621484229,0.020895280165655054,0.0477199796845598,0.04994289865910149
2,0.7879409816683843,0.08388418253869154,0.01966100421001271,0.019455779324083128,0.03772437194495667,0.05133368031387171
3,0.46047321931063767,0.2711100923432637,0.023443904919025094,0.065743986168594,0.10790048428268592,0.07132831297579381
4,0.6975703255093847,0.04653489026258707,0.020300740275646743,0.03599732881669165,0.09313107463397055,0.10646564050171926
5,0.8456413479902172,0.03727754439853386,0.01656902280200401,0.019450633862026997,0.05420062472092925,0.02686082622628864
6,0.5438707755367712,0.2904713206497248,0.015185536048870556,0.040750149760623605,0.071983466354072,0.037738751649937875
7,0.6408171022337352,0.21425758911895645,0.016088917990373507,0.028599296060334817,0.06993260332240218,0.030304491274197768
8,0.7473772241885744,0.14603983137957136,0.013216604116957019,0.021771542935949722,0.05644674568290316,0.01514805169604429
9,0.7074999914660349,0.18379713415479984,0.018390868748772028,0.0220876052563487,0.032509666620007684,0.0357147337540368
10,0.7508065806368129,0.07603694480431598,0.017220246189734414,0.02901239014590066,0.05994633339916506,0.06697750482407092
11,0.7593538641039111,0.05863621064970501,0.015841319720702813,0.02519350209373489,0.04355493281760658,0.09742017061433955
12,0.7789527709540064,0.11994551454695217,0.008821379907440469,0.01240166969830942,0.02811764496022946,0.051761019933062015
13,0.7711845704657287,0.12523637714986682,0.013237032274649984,0.018722225755672284,0.04684228784868872,0.024777506505393353
14,0.5912115567235434,0.21717113772843347,0.019981296549222323,0.0258468671684883,0.06551508286406511,0.0802740589662475
15,0.5860342559471572,0.14215587614137623,0.040295714396537945,0.05549702351297827,0.08308004512336499,0.09293708487858537
16,0.7818905936402719,0.10241036446647048,0.009517651992611245,0.022230936993910624,0.03523002764318076,0.048720425263554995
17,0.7488860251713576,0.09842142084354552,0.055676700704517114,0.027053565465882883,0.04299892272265,0.026963365092046828
18,0.6918509563671732,0.14531525040128926,0.04084012220543099,0.036638668703996326,0.043444465392143916,0.04191053692996616
19,0.6664331586473473,0.1902458945241253,0.031451224334897304,0.019426792287566903,0.047592437955225754,0.04485049225083727
20,0.6076813984479437,0.1981430853496581,0.03336998977524716,0.06430543962927356,0.03992907270223444,0.05657101409564317
21,0.6835526429109019,0.06639809560644676,0.026173578007224127,0.040558418862423895,0.07186682231545787,0.11145044229754544
22,0.6969487092657198,0.12187792312157239,0.033530879139459846,0.03672311225550516,0.06517656924038058,0.04574280697736227
23,0.7206202561235855,0.1584024066722523,0.006788805733729073,0.018870571521092665,0.05586991837006677,0.03944804157927376
24,0.6180042839776002,0.21255342320904344,0.02819450253071477,0.031737873741034144,0.086259583184908,0.02325033335669941
25,0.7065619023527293,0.061905303569991084,0.07923525575969617,0.05701280567932953,0.038576663811186254,0.0567080688270677
26,0.7821436508036598,0.07507771483019782,0.010673930595720112,0.027154121655617817,0.04200936498406913,0.06294121713073521
27,0.7553331201645014,0.11823659443875018,0.019006678913328023,0.029054466738247287,0.049557848344925555,0.02881129140024769
28,0.767958466651857,0.12866696602171107,0.02740144935015099,0.011638837725274222,0.025608885771246422,0.038725394479760436
29,0.8086189205634035,0.05812756434322749,0.013559432005258117,0.02189808250337346,0.04267242528158189,0.05512357530315558
30,0.8460680092956482,0.05683199880658999,0.007505808341256899,0.017072100888585434,0.023022102613148947,0.049499980054770645
31,0.8272622288379848,0.0751438876229209,0.013272126650090636,0.02199970916481234,0.035876132751647194,0.02644591497254407
32,0.6830361750659073,0.09836630507149463,0.02516076622735678,0.03158276246749258,0.1027260804228751,0.05912791074487361
33,0.7015289387024022,0.06836584654572089,0.02847172029591097,0.027311903594532783,0.10899453021169599,0.0653270606497373
34,0.6979690658037778,0.1159154986307911,0.03452508987110765,0.028539938986429515,0.06774542162304434,0.05530498508484967
35,0.8062493885940923,0.05486081977819993,0.02299626168718178,0.021949137293643176,0.06270258145800565,0.03124181118887708
36,0.3984584295994474,0.23520801760379165,0.06611290369655086,0.028051816777146635,0.21600350275912047,0.05616532956394304
37,0.7366342042411089,0.07351077732359133,0.014138634304131918,0.033902775953809215,0.08355211583322013,0.05826149234413842
38,0.7054822859052733,0.1490153116014364,0.02195480902043464,0.02003913608682027,0.05735576099533653,0.046152696390698814
39,0.6660602839346769,0.1033469391382458,0.025630276112020935,0.016180658653621158,0.10186688407469946,0.08691495808673576
40,0.5896262131694372,0.2572248072497459,0.016896936151351714,0.03190797840458862,0.07436662041129483,0.029977444613581764
41,0.4643216557966718,0.20163559185236854,0.04694154197082582,0.07065405529299043,0.181120281821083,0.03532687326606045
42,0.595887780328398,0.2681746095326972,0.02508462061643525,0.014151318645698688,0.06069767390988966,0.0360039969668814
43,0.6468149254246796,0.06852862455125182,0.030628420495122922,0.05787580452709731,0.06517260040882979,0.1309796245930186
44,0.7287547641614234,0.10176614298347358,0.022635130583924933,0.04894164464821063,0.031292163672349986,0.06661015395061749
45,0.6704276898958205,0.0970442293630629,0.01635054688285517,0.014107145805118881,0.16062122255779657,0.04144916549534602
46,0.702672866560134,0.13954400170816023,0.013107449972664918,0.02386897314034094,0.08351835524168967,0.03728835337701026
47,0.8094255485713092,0.04677478350518186,0.028728481398823114,0.017029823443077977,0.07865260029165838,0.019388762789949405
48,0.7832642804037274,0.11363572957183288,0.02437068423117033,0.010042525324087226,0.039125569380222665,0.029561211088959618
49,0.8247209200934756,0.0712793405546745,0.011824544408924696,0.014156899709602322,0.054683105081356494,0.023335190151966282
50,0.13474425396128664,0.7603482211529087,0.019980287387536867,0.01623274401470849,0.03397743120872193,0.03471706227483733
51,0.09035189835288295,0.8163966851685575,0.016567371824882608,0.013968405998283926,0.03466848547579822,0.028047153179594914
52,0.18506554559241475,0.6688347405670979,0.017239295377962476,0.013134646501874073,0.0855206073469352,0.030205164613715724
53,0.07333331346713709,0.8078449225904322,0.022050670521852417,0.023414977488207103,0.04132381885050542,0.03203229708186571
54,0.08209679296534306,0.8137737513282587,0.01633296505198243,0.017241885082627053,0.029825611613648637,0.04072899395814017
55,0.07267046282336383,0.8268591502043816,0.011524208942326001,0.016318217840693466,0.0387634130175027,0.0338645471717325
56,0.05823653469647688,0.8202800844242983,0.02126368288777454,0.015687312873627797,0.05507192112156231,0.029460463996260153
57,0.1682059955796203,0.7340124671548615,0.018974730448099306,0.026373400428440177,0.02676611317931292,0.025667293209665758
58,0.11592968019758934,0.7665449370661349,0.0118720243181274,0.007348615604340241,0.06142273656820399,0.036882006245604115
59,0.13941342818653754,0.7568661622433582,0.02018705299230637,0.016595567001575266,0.030628912031565897,0.036308877544656865
60,0.10938466812425857,0.763071806930739,0.027954395897355034,0.0241063176436718,0.030572558857638755,0.044910252546336744
61,0.13197599227934548,0.7591236892746802,0.016304022469179565,0.010740682800936905,0.0475119835964582,0.03434362957939967
62,0.11200232547761087,0.7921663704550873,0.013239328208912883,0.014284411992719313,0.04198633167835841,0.026321232187311177
63,0.16163951089408948,0.721367855040077,0.009376163495586851,0.0121949072012389,0.06986223471136553,0.02555932865764251
64,0.14993592171177791,0.7213779895221408,0.01845876104310391,0.016606987430555872,0.05760867361671787,0.03601166667570377
65,0.09694423372676925,0.7718270141356811,0.017458013149827208,0.017622175523929143,0.05167856775797874,0.044469995705814634
66,0.07453995680512018,0.8311344637066561,0.015695979115973462,0.016049222716204764,0.037613415975047686,0.02496696168099782
67,0.14358432400345275,0.7581360308677694,0.011049687653098796,0.010033235900830462,0.04899659096733067,0.028200130607517918
68,0.16501989292247843,0.725890820275063,0.013767947797384269,0.010031716045950457,0.06103515023440188,0.024254472724721955
69,0.1259126338209876,0.7799205822281315,0.010428372562647024,0.012318994011938299,0.04386113242091893,0.02755828495537656
70,0.05406760787043798,0.8227327572988576,0.02415244611123052,0.017482015807023188,0.03885867326957581,0.04270649964287488
71,0.10654287131203298,0.7894414636383907,0.025472702448872873,0.013686194176365038,0.03824327605109662,0.026613492373241596
72,0.1707632752821952,0.7187848179374865,0.015518341658881257,0.012780940052065488,0.04795144567600794,0.03420117939336365
73,0.09703123072674544,0.7960038387504538,0.011230671536698164,0.009899621350173514,0.04482259587408462,0.0410120417618447
74,0.19195889346786218,0.7169598976400033,0.010622094970604299,0.010863683647534265,0.047306192892779285,0.02228923738121654
75,0.09191613785646104,0.7958048122754632,0.01617079104204848,0.008510134152840038,0.04668110295976806,0.04091702171341894
76,0.11673949755620523,0.7814742915873443,0.011234126449563515,0.013090631244995165,0.04898011788587945,0.028481335276012296
77,0.10687601721268224,0.7879448226864093,0.011472336769791886,0.010942981646731227,0.046036392639827,0.036727449044558276
78,0.11651114280413669,0.7946371563974746,0.013831925418222228,0.014168007510389267,0.037500939894966535,0.023350827974810813
79,0.10985322590808771,0.783315520459744,0.015821293812724214,0.010006301110166723,0.0427581957983548,0.038245462910922456
80,0.09275760636459499,0.8049100277544593,0.019640490848674162,0.01790859650111528,0.02862130509101565,0.03616197344014076
81,0.1453528925755851,0.7420481060080912,0.011379952397281323,0.012167399405250674,0.05860017707441619,0.03045147253937549
82,0.11842619282348966,0.7681186260094964,0.015809191050804323,0.011887279409912408,0.058665525257604864,0.02709318544869236
83,0.09802892690524363,0.7875322151297504,0.018832460850360652,0.019380650156888994,0.023686371022316785,0.052539375935439656
84,0.1674879476139907,0.707362508231638,0.014438651190942217,0.01333843016557746,0.07857230047887509,0.018800162318976563
85,0.10236159653450574,0.8114147218211614,0.0134844700351603,0.014940561028751529,0.030342564246155397,0.027456086334265675
86,0.12076454387014685,0.7816443338484158,0.009965512855728127,0.012391664631898888,0.04533912401300767,0.029894820780802515
87,0.10049174519258108,0.82107925628798,0.012117559243068322,0.014342696417312673,0.029401154850809394,0.0225675880082485
88,0.07675392144188602,0.7996490248042383,0.019448404989237226,0.031538550697797714,0.03196708523065077,0.04064301283618986
89,0.05662562863266893,0.8274883307129709,0.02160641434683729,0.032552875410290255,0.0244296492536159,0.037297101643616784
90,0.07772488336162038,0.8100029617036604,0.020941170264363426,0.022780205064937765,0.018100307394286537,0.05045047221113139
91,0.10782569925760138,0.778150145926043,0.010726408379266514,0.01024336622846973,0.050691708286309416,0.042362671922309934
92,0.23950405401855893,0.6490603067555367,0.015106170109690063,0.012255082729733342,0.051467321184475966,0.03260706520200519
93,0.13182737565394484,0.757518476142528,0.015510978380048867,0.01139601178911154,0.05755991006633716,0.026187247968029605
94,0.1379123368132812,0.7147050362590166,0.015001169778573466,0.026933150387238435,0.059763151863104755,0.045685154898785614
95,0.056591017744883246,0.8352033708763532,0.016945287958585197,0.02002907617586982,0.029945894172353042,0.04128535307195538
96,0.12522222249564613,0.7337203381811793,0.02114061279275484,0.01807109698179111,0.06779304414722373,0.03405268540140495
97,0.0815041209327218,0.7951803155921092,0.014157977611071335,0.023942386589699296,0.027294827227402268,0.05792037204699608
98,0.07305078348721629,0.8237353452362448,0.017015948226172962,0.014746326965627263,0.029931883848333105,0.041519712236405555
99,0.12048016039432428,0.7675101596002915,0.017180238627225255,0.025871379720153864,0.03683647023765442,0.03212159142035072
100,0.060432278324575074,0.031138688876836334,0.5897033175531613,0.027937296639322522,0.24543863975469418,0.045349778851410574
101,0.01125379789316543,0.006945943659992548,0.6784469373392222,0.1128987465161339,0.16257042332612004,0.027884151265365795
102,0.021698439548445213,0.021227923345391354,0.6213801747991821,0.06536342816089837,0.23537893345471442,0.034951100691368725
103,0.024512174597970306,0.021479635583683997,0.6100620244786309,0.061376626464741534,0.24829537244515168,0.03427416642982153
104,0.01104048685332954,0.012791155746955803,0.7016976678660478,0.06833961531879898,0.1696692587808661,0.03646181543400165
105,0.02926748382558329,0.02254805433188833,0.5725145705080676,0.11213874209784305,0.20937752045951766,0.054153628777100095
106,0.07907340278985704,0.041478632920661666,0.6036028881743689,0.060168575546010794,0.19037615778812925,0.025300342780972294
107,0.0066937523739771946,0.008975682441405366,0.7070132029992251,0.07111574459793434,0.17860632989096137,0.027595287696496697
108,0.02427541565978839,0.016720782244801113,0.6157450584210151,0.06330069311988923,0.25528628399508435,0.02467176655942181
109,0.011262072343679524,0.010730724420088596,0.6056716446662345,0.12940157465227572,0.21589972121322687,0.027034262704494993
110,0.20892038191810686,0.08378679420941249,0.3997313938829819,0.055704300193212444,0.17743678765311596,0.07442034214317032
111,0.03353621413828837,0.014317289009546506,0.6983813219923074,0.10637277844672696,0.12805543593326868,0.019336960479862168
112,0.019782475254951557,0.009533307548046108,0.6227617338112159,0.10550659232988593,0.21087546911731608,0.03154042193858438
113,0.02322354278131303,0.019802224452125802,0.615470307947796,0.07277031004366674,0.2390401477639679,0.029693467011130546
114,0.01435000554848293,0.007911375628388645,0.6279459831729161,0.066649077984289,0.26480648456962863,0.01833707309629482
115,0.024410192307079078,0.018083485993190086,0.5996651697619407,0.1063694487925534,0.21155690234383928,0.03991480080139743
116,0.017757156242862455,0.01623672900532647,0.6505299985887162,0.0993014332635588,0.19414751764942964,0.022027165250106524
117,0.11550999561620881,0.03981660619291112,0.5629372513541812,0.05074688580921431,0.1693708152246634,0.061618445802821116
118,0.01736329040030522,0.009205502301115972,0.6847923147317386,0.10083818203645835,0.16411599728035664,0.023684713250025278
119,0.03157089981360964,0.02432642621109449,0.6452900550019615,0.0701863604447868,0.18570692575439135,0.04291933277415623
120,0.034984062959262145,0.00965602705203056,0.709157035424438,0.07307538090138371,0.14197099143299458,0.03115650222989096
121,0.03720431230400361,0.006906237158040932,0.5317118498056876,0.12804582552010899,0.26557868828369474,0.030553086928464226
122,0.01266988420281078,0.007480325824658222,0.6520745088485327,0.083082495500052,0.21763886516999337,0.027053920453952905
123,0.03153640424459009,0.03181815333616521,0.6100476370614635,0.06195198459737572,0.17396676457773452,0.09067905618267086
124,0.22564427034150236,0.03559934163970081,0.44018528412663244,0.08166750960067724,0.17135902016345161,0.04554457412803556
125,0.07076449987022743,0.04380219436703331,0.5960793428930109,0.06621619711855842,0.18689794938280124,0.03623981636836864
126,0.02174144766184394,0.010045821427572182,0.6341500984022953,0.09573447103160566,0.21520997604135075,0.023118185435332117
127,0.21993851836920908,0.025179398123128627,0.49677468710740136,0.07796730233560188,0.16260257667623668,0.017537517388422276
128,0.043404637099025825,0.017554016438369017,0.6591208598029237,0.046017128318061915,0.2007971958673509,0.03310616247426874
129,0.049279756769031624,0.015119986583332697,0.628860413056415,0.09926663867711948,0.18266341016007576,0.02480979475402556
130,0.01807693996228206,0.01067202118885155,0.620798117876378,0.1008974149314549,0.22216885668900255,0.027386649352030952
131,0.00948850937217428,0.011362767518175733,0.6504361572556884,0.0998969470836263,0.2071270039178947,0.021688614852440526
132,0.04418427641535907,0.013420514868293171,0.5326617908174976,0.0963300106368761,0.27131325894836955,0.04209014831360445
133,0.03268966703454607,0.01226363497747631,0.6474489824014196,0.1314682162755108,0.14484854348206155,0.03128095582898562
134,0.021555632975674848,0.014312685256421688,0.6277939080879859,0.12511109517032543,0.18745852664198673,0.023768151867605607
135,0.08357428916236634,0.022085311148537734,0.569165790296749,0.05410391670870905,0.19708480507921092,0.07398588760442706
136,0.09560547663410063,0.06820470055448428,0.5158931728032635,0.11343678193415524,0.16295307011565305,0.04390679795834331
137,0.0654128407243684,0.03391466312447609,0.6855753806656338,0.09284456103526824,0.1034031298164398,0.018849424633813536
138,0.01107040014627957,0.008163072417398519,0.6606535675743023,0.07021958957096797,0.22134925258328864,0.028544117707763154
139,0.021455285421941014,0.03134323799390854,0.6253301400313827,0.058970115294920834,0.23280611623511138,0.03009510502273565
140,0.05158905218475176,0.014583833641567807,0.6162741106500678,0.09090760786200691,0.20026287677618093,0.02638251888542484
141,0.020078107868224383,0.015327228751992139,0.6433605950525063,0.07555935046481616,0.2193393014568027,0.02633541640565824
142,0.0646175602052549,0.038765599885371906,0.6560918671089305,0.05312608505007308,0.16678210887499487,0.020616778875374768
143,0.014878033924506248,0.012778533486193698,0.6779887961241786,0.07770479176676627,0.18091197126919256,0.03573787342916251
144,0.03117472941618537,0.03677056011758041,0.5641471617516538,0.07053322344312885,0.25406230994492146,0.04331201532653006
145,0.056306175490323934,0.019004942559396453,0.6858695951781293,0.056243872744224745,0.15405731445969975,0.028518099568225843
146,0.05525639202373592,0.013602020479241481,0.6602339030489802,0.08320318203443443,0.14997803319371775,0.03772646921989017
147,0.0920244464824559,0.010998133648381609,0.58980233563465,0.08558879999286978,0.18781797708894454,0.033768307152698136
148,0.0681567841051115,0.019493657172995903,0.6583993241455977,0.06430512635882739,0.15776407038737125,0.03188103783009638
149,0.01764957463394901,0.010095381724348235,0.6308025024634482,0.08124083109155467,0.2392214033885036,0.02099030669819644
150,0.08938548528196001,0.056296961180828504,0.12204943414946237,0.5383141056298039,0.02870760246620088,0.16524641129174444
151,0.017240781538062248,0.015369303396611588,0.14289095542161004,0.5920449226726802,0.03162800890675465,0.20082602806428124
152,0.045959083198961644,0.016637291924970016,0.06995110376410921,0.5429216056320822,0.043565220603034756,0.28096569487684214
153,0.020837195807031257,0.01609761782974076,0.10531168566563887,0.554763082954502,0.02580285921404446,0.27718755852904264
154,0.016021605321375906,0.006358289368957225,0.11372602864667708,0.6389533600665382,0.021471813228568132,0.20346890336788345
155,0.020493931805277817,0.00830674420388374,0.10208629563305846,0.5787817917938468,0.019283913239861544,0.2710473233240717
156,0.0325370620178181,0.014247636179138734,0.110238041269108,0.5466784717924454,0.026922887633757626,0.2693759011077322
157,0.013676988835852758,0.010272973669657414,0.12017795892575227,0.6252706667105541,0.02690385017064808,0.2036975616875355
158,0.011970085343550155,0.03851251894958144,0.06808958730928094,0.6220059642798517,0.012647302305731438,0.24677454181200437
159,0.01986304017715059,0.011780347685420424,0.0764306737573496,0.6725536876724172,0.018450427190233976,0.20092182351742813
160,0.03829708201844572,0.016511918483658464,0.06869229192698681,0.6545001974884669,0.0315974876556028,0.19040102242683932
161,0.08835346585078527,0.033232545938400256,0.10491514886301785,0.6138668851235211,0.024716852512056707,0.13491510171221893
162,0.01598278582611969,0.015041909321051244,0.07016090143087637,0.618776336928302,0.023950495975628816,0.25608757051802183
163,0.022441385920508858,0.025339861068073524,0.06944488215556222,0.5656388922385641,0.029695079362765192,0.28743989925452595
164,0.04614673832367521,0.02672175440519918,0.08676289845533816,0.6464161331031909,0.027804979868781932,0.1661474958438146
165,0.03521420303896096,0.015367244547933192,0.09001878009135444,0.7231906792888144,0.021323260952645293,0.11488583208029174
166,0.12787791517415295,0.018943237963094904,0.056114318667955805,0.5436805556129553,0.02673361330674352,0.2266503592750976
167,0.022452023805549875,0.014204578234135436,0.10649793565497417,0.6213273237713721,0.03178385414932378,0.20373428438464447
168,0.011508453135070675,0.013208919768979806,0.08121234982310534,0.5754501365675413,0.016323139663346108,0.3022970010419568
169,0.01574400064001396,0.016985362173883346,0.08464609223672048,0.6582822687285395,0.023390958237928198,0.20095131798291468
170,0.016167994594058085,0.007889121180014844,0.07950998040744342,0.6260150258388893,0.021822664854233127,0.2485952131253612
171,0.023460620528040363,0.007391599123415402,0.0754308018600759,0.6721287539939699,0.018360115765894438,0.203228108728604
172,0.061371664585172375,0.02129046263756137,0.04797966923230635,0.35165852693543764,0.04833352066599147,0.46936615594353087
173,0.04400014721112688,0.007287146928798107,0.07760291359926282,0.5301436234770323,0.027610766060380435,0.31335540272339946
174,0.0214669664397856,0.009121653080086743,0.08626825564574012,0.5494822495364581,0.021567637958809723,0.31209323733911976
175,0.018246525020469757,0.014388764022012281,0.06936781774821767,0.7011609019716394,0.01935095581148756,0.17748503542617344
176,0.03397757405433452,0.014145144008403424,0.11595429693850615,0.57643563241045,0.0331401890483914,0.22634716353991452
177,0.009803000406322343,0.013851762266773935,0.08676073970496229,0.7008837375877034,0.021198867650202475,0.16750189238403557
178,0.013252908139626752,0.004680453113343824,0.11137837572865128,0.6486779839351133,0.01782117275154186,0.20418910633172282
179,0.01976584352349572,0.020217478463887502,0.0652739542187517,0.6314945931432759,0.03462946303429249,0.22861866761629668
180,0.2766993598169743,0.025632526642144236,0.06923265098520359,0.3365314464754136,0.05335247301702634,0.238551543063238
181,0.043012046927626287,0.020902545444850377,0.09254760221418551,0.6016283731314579,0.029570594639943038,0.2123388376419368
182,0.1679593199436048,0.03851648396536045,0.06676997394775155,0.5526412613597128,0.03597242009419273,0.13814054068937776
183,0.014241051995648547,0.010723059488786177,0.07205242125557704,0.5758190998637774,0.022587608162946343,0.30457675923326444
184,0.020361723084846732,0.009034099859460153,0.08721678305383218,0.6674409604378194,0.024353498051844197,0.19159293551219744
185,0.028251224331651243,0.009645711455743368,0.09544783067287836,0.6020904127531732,0.02677223417299297,0.2377925866135608
186,0.012421913499067289,0.01097210763693538,0.09066911722092418,0.6369862801642053,0.02301321133357444,0.22593737014529347
187,0.14547613429100087,0.08413370976020582,0.05211972045077945,0.532209285372058,0.05446871645796507,0.1315924336679906
188,0.06373852427748002,0.017159307955567055,0.09531269307748878,0.5921428249752168,0.026832867951080284,0.20481378176316714
189,0.021239625690694867,0.009970415539641148,0.08832492239600051,0.5934782669866127,0.021733589443460724,0.26525317994359005
190,0.013891843426974002,0.015237969529291746,0.10742952784001399,0.6507688337021215,0.02164591145849724,0.1910259140431016
191,0.035561130413217144,0.016191250703985298,0.08628752399822891,0.680397121292955,0.030018486244023545,0.15154448734758996
192,0.013243821619648126,0.010440449309521023,0.11496881596678171,0.6350526107269765,0.016472716753552347,0.20982158562352007
193,0.01329341853877015,0.0066098124212898065,0.13650748380852412,0.5695350843508306,0.016083609257116754,0.2579705916234687
194,0.11770254710788512,0.04416296405429971,0.10381707436152708,0.5581002578103244,0.04025898153339517,0.13595817513256872
195,0.049889596599332856,0.018350297371401914,0.08740679903208745,0.620547625346935,0.028867084803085547,0.1949385968471571
196,0.03412105402502192,0.009222150564460999,0.1100347105013567,0.6508937306642886,0.03524895109197518,0.1604794031528965
197,0.03643884001044518,0.027859868364878984,0.07446714653180452,0.48049720305215515,0.04494005240115426,0.3357968896395619
198,0.008101114473339183,0.007335964775158496,0.13688126941852016,0.6273720719840011,0.019332831299315303,0.20097674804966573
199,0.02501381192710921,0.024723025175008,0.0832071196473373,0.6706566432734403,0.026286874936204338,0.1701125250409009
200,0.06891653112733043,0.06772762369082842,0.15205609195894093,0.02738801053030814,0.6477785139872635,0.03613322870532847
201,0.03435379956624131,0.03322359898980059,0.3012063447794988,0.03271009165202512,0.579281411030875,0.019224753981559005
202,0.0672796670773672,0.030298011139186013,0.20285450243983078,0.05921360420686412,0.5905419602753122,0.049812254861439684
203,0.028984824752303122,0.024960002286276293,0.20482161973228516,0.02316825185776783,0.6895977766533139,0.0284675247180536
204,0.04693456502596806,0.020424383232354154,0.3157233063441346,0.03315354550059846,0.5644650833282229,0.01929911656872171
205,0.02845673060487642,0.04598490646293165,0.13430937817706767,0.022093626485951697,0.7449940557544567,0.02416130251471589
206,0.034293292448980356,0.02878116826180498,0.14339759360246243,0.0204810079313949,0.7429407283469784,0.030106209408379006
207,0.054657878336448626,0.01797118083505206,0.21075084756451373,0.036719660133906463,0.6595250723215453,0.02037536080853393
208,0.030975975849966395,0.03558577551510149,0.14654216712997772,0.02597800333840411,0.7330731992280696,0.027844878938480668
209,0.1010239692528301,0.04912304171584197,0.14666121130823606,0.03137643997056485,0.6444058139427747,0.027409523809752222
210,0.06558143998772407,0.03047641005742261,0.17264503698320224,0.024192307660265495,0.6892111638562254,0.017893641455160248
211,0.024381597604807348,0.0315356636841949,0.20960073903443216,0.023093591143693883,0.6878627726140243,0.023525635918847494
212,0.0437131808212464,0.04927275938199204,0.1294805151707807,0.015493219335040874,0.7375869076200696,0.024453417670870344
213,0.13750738997638295,0.028058503999466643,0.31269297529957396,0.1048027240807674,0.3650997737146972,0.051838632929111776
214,0.08390180430461205,0.051659766413760244,0.19722723878066262,0.04672932024507633,0.5770872010358442,0.043394669220044625
215,0.21731109184889116,0.03708633545666111,0.26173489084211576,0.0646333837243132,0.3407846321774649,0.0784496659505539
216,0.02955907909653546,0.05453539838594518,0.24264581981487057,0.029258542188076452,0.601897442700413,0.042103717814159294
217,0.15165727059647935,0.1058066681876503,0.15256527217670623,0.026521301619701787,0.5276782175872219,0.03577126983224052
218,0.32004932478311865,0.09905717332325474,0.10603602555124562,0.04571958528268452,0.4064757481454088,0.022662142914287645
219,0.10328564165081701,0.03513601667446387,0.2545115282934883,0.03553917897019817,0.5479808408684317,0.023546793542600933
220,0.1926086221717981,0.0938572804946941,0.17262476855700276,0.05659945203922565,0.46000869976490133,0.024301176972377866
221,0.059902102617282106,0.0209647096802729,0.3499288954295924,0.0858765291068598,0.4182891703676961,0.06503859279829675
222,0.09418050249608598,0.04266681195638243,0.14469216066781962,0.03936439387235595,0.6508461414418195,0.028249989565536687
223,0.05130408201862109,0.026202953919587327,0.1487977771727328,0.028536143424209046,0.6820324633859505,0.06312658007889928
224,0.037329435734673365,0.033249170607924775,0.21028042862146182,0.02723370228267061,0.6596286321992223,0.03227863055404719
225,0.09935224397263631,0.05944785860972994,0.19102702664911878,0.04081771322687933,0.5935236970032455,0.01583146053839012
226,0.1767661886870082,0.05773661468582822,0.13466524651221556,0.03639883165850982,0.5581367295067547,0.03629638894968344
227,0.02310429589466206,0.03003017468501185,0.24502930172765988,0.02774966525266557,0.6570326756461083,0.017053886793892255
228,0.028184237939240308,0.05622732316213639,0.16409739513181812,0.038039292750754614,0.6838276926421398,0.029624058373910838
229,0.03785257701960103,0.04348874836767105,0.19132914381101354,0.022604666161141256,0.6673674977705525,0.037357366870020586
230,0.07122161276653412,0.03401119370298781,0.1579469938987499,0.03421212040910301,0.6562074308463319,0.0464006483762933
231,0.026212548346662732,0.02559702760477937,0.27760674696733934,0.02015323808186786,0.628256082987911,0.022174356011439765
232,0.04783692778614133,0.053267767603364616,0.1663253258681808,0.028795172051978807,0.6813609966146067,0.02241381007572761
233,0.03714271666746333,0.06123794602676223,0.16963673209793587,0.03236301935353618,0.6645263134030949,0.035093272451207594
234,0.03530337424414315,0.03285809559528873,0.18158697627434414,0.03862607154998871,0.6839108333291687,0.027714649007066484
235,0.17597823970073007,0.045132286613987646,0.16925977044937834,0.04743807074942147,0.5234568655154803,0.038734766971002144
236,0.06522885555516302,0.03947565186786093,0.15806429736537503,0.03449308489890143,0.676754688012829,0.02598342229987067
237,0.02367063164823775,0.047492814427280025,0.1481424939241466,0.017690746896623477,0.737334503528177,0.025668809575535266
238,0.04598965781964318,0.08030568295955233,0.1762660855998602,0.03202503555062659,0.6347792847059407,0.03063425336437703
239,0.10009712159904047,0.031246830997574745,0.4704397524730565,0.1036347087937504,0.2709571967355581,0.023624389401019734
240,0.028346987513174746,0.07851347878754265,0.19119502468368751,0.0326905046644754,0.6476389668063983,0.02161503754472144
241,0.049717806222161154,0.02320494330428717,0.2621819658009784,0.037524011974613566,0.602365919347593,0.02500535335036679
242,0.026487640684612894,0.02346879111777475,0.4257751422270512,0.04607604744610347,0.45621979882165353,0.02197257970280404
243,0.04027483800776935,0.045419784940381125,0.1794011139562763,0.026670816485548695,0.6841435229093196,0.024089923700704844
244,0.022448573900926617,0.029281388130599037,0.3225512426683832,0.04108713831204206,0.555019333316511,0.029612323671538102
245,0.050238951932329454,0.03729257870271869,0.14232023284836684,0.029383379123148583,0.7108727439228745,0.02989211347056189
246,0.07644283946701605,0.029841926897287242,0.11961572575760117,0.02326193218594745,0.7288872602372298,0.021950315454918313
247,0.06251411418986409,0.06230801070697528,0.15890145857669954,0.033804648985255155,0.6638255880055086,0.018646179535697218
248,0.054407739277357065,0.03099978657419011,0.20940279058552394,0.02217275799611439,0.6573082370984035,0.02570868846841096
249,0.05825438095017621,0.06068707323434109,0.1259446321013919,0.028915736862763344,0.7069559723395233,0.019242204511804074
250,0.042880746655933416,0.030467170144522056,0.02234667744290008,0.14897709814359789,0.027886524423546243,0.7274417831895003
251,0.08680904750868171,0.03240703786342953,0.057583642081623206,0.27436783193947384,0.03558790016304967,0.5132445404437421
252,0.06713754821981403,0.026091250485838293,0.05465514999218363,0.21530253723361592,0.024463078142025547,0.6123504359265225
253,0.08632297275294891,0.027994286346872493,0.035663335042501874,0.16499788072162622,0.029511510145443776,0.6555100149906067
254,0.07841774992840962,0.022427603446228933,0.03453392352965674,0.15373908383051108,0.025929825621372037,0.6849518136438217
255,0.07240739076692869,0.05480075951838854,0.04543866703467647,0.2150359768662853,0.03048912321967943,0.5818280825940416
256,0.05045771947246619,0.03607506258907868,0.04615651909299054,0.23297581099750758,0.04551016318477079,0.5888247246631862
257,0.030661973579615833,0.014743851018568658,0.026335155418883045,0.202040748658847,0.016807987676705913,0.7094102836473795
258,0.07416251496277103,0.014505165128870212,0.08665833739530591,0.2626126352933288,0.04730580563607171,0.5147555415836523
259,0.05140522528195256,0.02576051734200323,0.045876423780329544,0.17626249096807353,0.05465385883672045,0.6460414837909206
260,0.039543953741222056,0.01945687894538249,0.03084375105839953,0.19892063427227108,0.023894552673243797,0.687340229309481
261,0.2592800062034372,0.04218205045982977,0.051499058035935165,0.13169893114796705,0.047651166909542686,0.467688787243288
262,0.037660719897709465,0.022972068021315753,0.03349718704583431,0.3350327773624973,0.020221665915332598,0.5506155817573106
263,0.04067319637358521,0.038623540869679465,0.038508264449690556,0.22436824150133128,0.028795445945045035,0.6290313108606684
264,0.05576562481547214,0.041050404179789106,0.10164535571657402,0.32429527019833676,0.04924609703171696,0.427997248058111
265,0.14308633410198163,0.031350355121929165,0.04582653869709474,0.2759087834932317,0.02927225016336343,0.4745557384223993
266,0.022362038010223767,0.03064406396928709,0.025760690827548272,0.19558629220290072,0.029825747903510846,0.6958211670865292
267,0.04638837257462936,0.035914190785088694,0.0506021684536797,0.20716082774927622,0.0344439084853643,0.6254905319519616
268,0.04717884622082135,0.028772724410773883,0.034323848271111936,0.29206548269125626,0.023950405508871106,0.5737086928971655
269,0.03096196185214072,0.03993449631604845,0.02943071524563413,0.21577165725243644,0.021934130793144217,0.661967038540596
270,0.04276798471795362,0.024804971611252287,0.028190061801174993,0.14079567135929458,0.03466031301361466,0.7287809974967099
271,0.02866686381613373,0.019233794491893413,0.03474682030980867,0.21907365711318344,0.032340861517705474,0.6659380027512752
272,0.14474762868293398,0.05978382858772529,0.03478557326657539,0.22700988756707166,0.03833315021731478,0.4953399316783789
273,0.1340442929033967,0.04467970543032637,0.0532473165546174,0.27750619434648394,0.043529039391763925,0.44699345137341173
274,0.06153817021784256,0.017213859421293404,0.04758071120083085,0.3799161410275939,0.03063443843918942,0.46311667969324993
275,0.05199232158252037,0.014688817609213537,0.043638286161404055,0.2538181153917537,0.023220160132657028,0.6126422991224514
276,0.09013757827502018,0.019577989180224818,0.05154649846548735,0.20914339598342874,0.015689191332756567,0.6139053467630824
277,0.039612162164271145,0.03888353064338279,0.07350959317404285,0.2816818022645472,0.04002778060114575,0.5262851311526101
278,0.09639819692886877,0.044209339020582335,0.07240971137757461,0.4634186701789875,0.05550067561676654,0.2680634068772202
279,0.02098257696715839,0.015351569467219037,0.0452281295009111,0.381381367115405,0.020250182694336486,0.5168061742549699
280,0.06720640414274952,0.017431817337004458,0.035164353159650365,0.20343695557671868,0.03674568152942586,0.6400147882544511
281,0.026211871840198412,0.026608990312666052,0.03496021191511176,0.19552688954106415,0.02213143680809276,0.6945605995828668
282,0.07064580919864313,0.042872188141577935,0.06675400580692614,0.34582287218533675,0.01673873026351943,0.4571663944039966
283,0.041289201987089665,0.02677877342732426,0.03818882462847408,0.2266141219290646,0.02301958373841661,0.6441094942896308
284,0.06369675526915636,0.01588093653393049,0.037106520747024876,0.22799854309655904,0.016310524328771312,0.6390067200245578
285,0.030184500084782975,0.016089836393637126,0.040861910571076264,0.2021987512834612,0.017286338703735162,0.6933786629633073
286,0.02156640718036612,0.03362404278387629,0.02748395848136724,0.191667378178731,0.02982706343745316,0.6958311499382062
287,0.04345585284390235,0.024757104156017336,0.0444589043013283,0.5199288913107293,0.029856946223341153,0.3375423011646816
288,0.04319904470851814,0.018378847087032055,0.04637605892551237,0.26171375266327224,0.02591514106805946,0.6044171555476057
289,0.04922284771949278,0.02889021475811482,0.021026287116600265,0.18309633420539223,0.027643503678963382,0.6901208125214364
290,0.0530545241743334,0.02369458270609801,0.048443100078341995,0.19221506247350645,0.023520562097047913,0.6590721684706722
291,0.033692760944857694,0.034270397354666145,0.021533355062057134,0.22748708425138373,0.030445556604250707,0.6525708457827846
292,0.0779214087966725,0.017586132152691357,0.04244645132878998,0.21815725322685606,0.0233800686335997,0.6205086858613904
293,0.07284427402274661,0.026036034697521755,0.0371908303127279,0.44646271123769665,0.02170918965100722,0.39575696007829975
294,0.026296604329662927,0.03462922973379019,0.0223946250709221,0.25152325949089227,0.021274503847735153,0.6438817775269973
295,0.14880989102859546,0.02055557451409247,0.038666948074565034,0.19483480172939305,0.03065929638493381,0.5664734882684201
296,0.05857171523914249,0.02944025042165209,0.029485156042980312,0.2148271708524413,0.026765335404069012,0.6409103720397148
297,0.08443194800711588,0.03266533685925685,0.06260060673250928,0.2780360865729056,0.022935692703943904,0.5193303291242686
298,0.06116049123200409,0.04696790108682856,0.05556974807157304,0.3734703211350358,0.043463748134329204,0.41936779034022936
299,0.04220065981818457,0.01505304900933443,0.032791913940341116,0.16605942367813895,0.02516804246125286,0.7187269110927482
