,proba_0,proba_1,proba_2,proba_3,proba_4,proba_5
0,0.9723834447678154,0.012051240322433779,0.0035522960691496525,0.0025400652169249656,0.007108611291200995,0.0023643423324748425
1,0.9447237686581369,0.007923025092886482,0.015478311582442804,0.008788806102833247,0.012865424272739227,0.010220664290960886
2,0.9684469633166918,0.009798205035625075,0.005369478784062433,0.005538584494094256,0.005053129282491284,0.005793639087034821
3,0.6136978060603983,0.1668853648627613,0.026238490203345753,0.0543623327940553,0.07313982045638395,0.06567618562305524
4,0.8265003400942714,0.0188722904818391,0.01879487973304284,0.03370343715982525,0.04664510256659937,0.05548394996442232
5,0.9859860011820071,0.0024547693416147208,0.0035363112663976915,0.0027948076267921905,0.003282325010126275,0.001945785573061679
6,0.7322890409641051,0.18174477109223833,0.012348748003677123,0.022424965501694982,0.028272950848162885,0.02291952359012166
7,0.8758690127125544,0.07987724501055163,0.008723835922924328,0.010830938555220763,0.015202916039311423,0.009496051759437601
8,0.9640434561731965,0.022413859430062643,0.0034895545958515436,0.003215602843851264,0.004742496674715106,0.002095030282323276
9,0.9328234399451512,0.043489561618429186,0.005771171638531108,0.00661790537647026,0.0053995642041671215,0.005898357217251014
10,0.9459877823253184,0.012971626325066475,0.008004666802512553,0.012457491399470185,0.00935495673855023,0.011223476409081853
11,0.9408086116130869,0.010220836244091314,0.0062838018874974075,0.012189089075636535,0.010094520779478056,0.020403140400209633
12,0.9808683335187212,0.011659839475439223,0.0013998937516663471,0.0021693678735025903,0.001510806091939062,0.0023917592887318082
13,0.9715614935221759,0.01648772978354787,0.0031943249041454153,0.0032769632228978334,0.0032495228500954393,0.0022299657171372476
14,0.8108037593454729,0.09525542746863529,0.01390085181705333,0.019146246003563457,0.028474587155073932,0.03241912821020083
15,0.6827597389501888,0.06289499974543174,0.03701367554959057,0.053885910353037164,0.0800474767101501,0.08339819869160177
16,0.9756443070629149,0.011004096817054141,0.002138155683109511,0.004519881924404218,0.0026623375663519305,0.0040312209461654995
17,0.9306648335578843,0.018889101950623738,0.02194772167817461,0.00925678185855709,0.012363295705690102,0.006878265249070348
18,0.881130819475568,0.03963703379101193,0.020208544936717514,0.01752365874356599,0.022502199799366702,0.018997743253769413
19,0.8681423067207681,0.06288278480533414,0.014062744667535897,0.010154983428494075,0.026101394928054366,0.018655785449812917
20,0.8236074707741445,0.07351838064322946,0.01970906778718945,0.036204127786517395,0.018648758669176143,0.028312194339743305
21,0.8301601627314134,0.023861324412720087,0.021429869982895554,0.03707794577545707,0.03507225561461806,0.052398441482895755
22,0.8671256122738005,0.034310616677639745,0.020103872990952194,0.01940907396180144,0.03513405629497549,0.023916767800830532
23,0.9538773129985718,0.030912798745748475,0.0022058556181749366,0.004391426906938573,0.004329341515825422,0.004283264214740355
24,0.8222902252068325,0.0927024137270341,0.018534297027688898,0.014177531405326023,0.03847537856498108,0.013820154068137408
25,0.8145684199495492,0.024141743105280368,0.05552498796783267,0.04299990009314509,0.027204299375776328,0.03556064950841624
26,0.9682877143308916,0.008715282484114734,0.0032154988766567335,0.007484112817876073,0.004625445725248431,0.007671945765212206
27,0.9544533266352516,0.018355681672544134,0.006369641874887556,0.007070296006910972,0.008056702576599465,0.005694351233806329
28,0.9685110113797839,0.016481704709241707,0.005060316277237287,0.002803151461232398,0.0036580640761758967,0.003485752096328792
29,0.9761291668948759,0.005711951826818754,0.003717476568364786,0.005660641411755703,0.0038145542989129746,0.004966208999272124
30,0.9943964194874555,0.0017613789358044002,0.0006284253282585818,0.0015288074212881269,0.00048280656305139204,0.0012021622641420295
31,0.9857398488706067,0.005296678462942994,0.0025055965291845557,0.0029438700119245867,0.0018394830625573805,0.0016745230627835776
32,0.8482222841837624,0.030294750087740636,0.019125830970583364,0.02030347101286371,0.051847398602300386,0.03020626514274947
33,0.8679266872026056,0.021856280241633257,0.022915868787972554,0.019477886044628547,0.043192791972508214,0.024630485750651184
34,0.904938197205557,0.02815083443655757,0.019018640648143858,0.014981337990434485,0.01871547473314583,0.014195514986161381
35,0.9673382852248407,0.006129872701607212,0.007064339898689853,0.005044018710642967,0.009504935264526362,0.004918548199693614
36,0.5104265211310273,0.1470314229394344,0.06961156548963471,0.028483815247471105,0.20006697756970732,0.044379697622724965
37,0.9154558656661426,0.015999689595556376,0.007947125057933494,0.014937797246007278,0.024745757235196644,0.020913765199163308
38,0.9221514150224809,0.03644486140269811,0.009354553394142826,0.008342302629554932,0.013594581440832847,0.010112286110290525
39,0.8786557739014065,0.030113059336944446,0.017471757818258545,0.012710852213906405,0.03688949653745647,0.024159060192027293
40,0.8032441619569024,0.13074060116891115,0.01182509190055259,0.015122492667569187,0.024311532950461116,0.014756119355603347
41,0.5499038936557973,0.11377712781408751,0.05465067117943242,0.050249150733698865,0.1826379049353907,0.04878125168159317
42,0.8162109426317027,0.13703043410354165,0.01274327649012902,0.007993350427081785,0.01652028891494882,0.009501707432596256
43,0.7089715412393063,0.030232125090177753,0.02747606227656254,0.06325626146306437,0.056757312976952155,0.11330669695393694
44,0.9154068200591796,0.021486588720171784,0.00967874648549756,0.02243632717887661,0.009880854474251773,0.021110663082022668
45,0.9248940871220321,0.023137899780261005,0.01056181130825079,0.006524495165933799,0.027035089218953024,0.00784661740456931
46,0.9226786535090826,0.032478010050172416,0.0064100780798426946,0.008176589758588088,0.019467183360776567,0.010789485241537848
47,0.9705885425494998,0.005499528357240869,0.009214834662882867,0.0033684539980464046,0.008936010526154314,0.002392629906176018
48,0.975904669048797,0.011523582620001778,0.004413198651077204,0.0018632599259080299,0.003992412440750398,0.002302877313465424
49,0.9889809852072746,0.004170523197718269,0.002023799911940392,0.0015806543286886634,0.0021079939026553635,0.0011360434517226614
50,0.023170168529867127,0.9328662844008696,0.009576673491575174,0.009545910029238215,0.012315282432189418,0.012525681116260496
51,0.008677186796753148,0.9664126646394917,0.00569088027660838,0.005391161636336837,0.007260128132692685,0.006567978518117256
52,0.064225763540927,0.8692415761111161,0.014056695469066946,0.010481359665863332,0.027669397023378714,0.014325208189647831
53,0.01174862636720778,0.936888354384409,0.010212758240976168,0.01076978012331176,0.016452688268217774,0.013927792615877847
54,0.00938076864408642,0.9571963319469419,0.006308287527301587,0.007841730560555,0.00853459256799689,0.010738288753117851
55,0.005629578810869475,0.9702697068524859,0.004205640069909626,0.005665488073836071,0.0068733685937238526,0.007356217599175455
56,0.00881541041845949,0.95009821538929,0.009444156161565562,0.00714918964061809,0.015016486992023388,0.009476541398043764
57,0.03161225501547018,0.9209056284556948,0.009236853310758497,0.012344872991594213,0.012570226248032721,0.013330163978449508
58,0.015679497985332132,0.9579148640739261,0.005755079890723457,0.004368685273080121,0.009369589635290151,0.006912283141647977
59,0.02464793042413108,0.9308494464675979,0.00945936382380957,0.009689785905793401,0.012200793115217162,0.013152680263450872
60,0.024053852151107245,0.900820672610164,0.014825945945626346,0.01611813881187915,0.020326859720781142,0.02385453076044205
61,0.022900410274711062,0.9415670285840111,0.008257152463850918,0.006662317232969456,0.011375832694062867,0.009237258750394288
62,0.009859500934738512,0.9648222971071088,0.005165519148984299,0.005392025642466981,0.008008223009423237,0.00675243415727784
63,0.03509650748344765,0.9329832458906075,0.006317356010371135,0.00669655222881879,0.01133443502470019,0.007571903362054902
64,0.05012607257913971,0.8899464058294128,0.013145895136168722,0.012544878799581358,0.0190377239687298,0.01519902368696747
65,0.01899845676210408,0.9227674716095363,0.010583278660602,0.011533372744643753,0.018642656358739025,0.017474763864374836
66,0.005734351219763046,0.9710639616648625,0.005109405773631738,0.0051518305563591086,0.007026103325915303,0.005914347459468059
67,0.014996046491773852,0.9612722895725088,0.0047968898118443985,0.00450617480325193,0.008098335468297944,0.00633026385232299
68,0.04682971202951002,0.9218495693666614,0.008000034776249814,0.0061353535312875,0.01061320864928886,0.006572121647002518
69,0.011171622434654211,0.9666746813616385,0.0042536220126752075,0.004779047550568196,0.006984022608754493,0.0061370040317092105
70,0.010989021060505219,0.9389875907705353,0.011295581866819329,0.010127125891777323,0.014478436564478609,0.014122243845884624
71,0.011551274497114548,0.9526316381087725,0.008887320910442727,0.005980481118153335,0.01237425904965771,0.008575026315858844
72,0.05260604679236649,0.905431859895686,0.009495618681941528,0.009052234452424575,0.012465596493971864,0.010948643683609321
73,0.010010033509941316,0.9656124746523806,0.00470497858083072,0.004952451130329119,0.007236959824048356,0.007483102302469783
74,0.03478874560930313,0.9404499940439517,0.005339862582527486,0.005272899765453008,0.008127480457468852,0.006021017541295637
75,0.009451477458013434,0.9623515718030078,0.006301180479465445,0.004629914173839669,0.009359672920608516,0.00790618316506506
76,0.012243299936858585,0.961650637015159,0.005046140217493736,0.005487541044516772,0.008517745854755308,0.0070546359312167305
77,0.011468084049339817,0.9625189592976965,0.005021005193369528,0.0053102329180120264,0.008007610176766593,0.007674108364815476
78,0.010373490963169467,0.9670782822793343,0.004831225614554023,0.0049198231257735585,0.007030609449284629,0.00576656856788429
79,0.01161767827337346,0.9588575157495375,0.006307185483201989,0.005268337471533763,0.00945224445682061,0.008497038565532628
80,0.00967705069385124,0.9553405222642145,0.006884078524578828,0.007707925767984433,0.00947832533741946,0.010912097411951675
81,0.02558368621958696,0.9408584917628178,0.006616110943842462,0.006773812064380463,0.01138831439702088,0.008779584612351428
82,0.01715399077316977,0.9481683252177342,0.007884715855661273,0.006102908543555274,0.012680637384488425,0.00800942222539106
83,0.012849867312246828,0.9423772578109252,0.007393049981865302,0.010323853657232767,0.010318114689253205,0.01673785654847657
84,0.041792559768210516,0.917682932847818,0.009464826135830566,0.007244238635965222,0.016252459955228817,0.007562982656947114
85,0.005774503445333032,0.9743603203969299,0.00390023325494892,0.004556480250458363,0.005584017321754117,0.00582444533057557
86,0.010484425115448106,0.9667720925052532,0.004091610434468792,0.004828490155925415,0.007275589719595775,0.006547792069308724
87,0.004941486844079976,0.9800244950231076,0.0030723148914510493,0.0035864131704336816,0.00425124423490998,0.0041240458360177305
88,0.017880142731981467,0.9202841021996914,0.010603454239692783,0.017109344930311507,0.01476839825333976,0.01935455764498368
89,0.01046104537529725,0.9394344805091812,0.009157107693435857,0.014421296594824433,0.010804964137414809,0.015721105689846727
90,0.012201289700887043,0.9448336316867778,0.007858914481195708,0.011844768483048166,0.007947983483980016,0.01531341216411103
91,0.013309360710970405,0.9582298536728768,0.005193051841795661,0.005660705314774889,0.008850668043736158,0.008756360415845656
92,0.10592826033067268,0.846653919606452,0.010664033327454135,0.009952171839864618,0.014849830263848287,0.011951784631708335
93,0.01577793985201622,0.9511540969373202,0.007177547904620927,0.005455828401242245,0.012630828271706935,0.0078037586330931994
94,0.08351841236246313,0.8423010261478109,0.013891225991034378,0.022115022881069816,0.018207392529698375,0.019966920087923574
95,0.006304094605598118,0.9598416455394704,0.006117746660627476,0.008243006444544787,0.008467491750824254,0.011026014998935213
96,0.04866293860505251,0.8836326318350203,0.01620058890863826,0.01397144181798137,0.022204532285835733,0.01532786654747151
97,0.013244275335672816,0.9374928023717706,0.006714497393212296,0.012906661384327372,0.01049557177358215,0.01914619174143493
98,0.006487345665618263,0.9647925133876667,0.005573707332463496,0.006222331871628256,0.007637852664059198,0.009286249078563949
99,0.02243479788661716,0.9252368653812364,0.009591128844684691,0.013475291719979854,0.014201126229792789,0.015060789937689044
100,0.011925939230643282,0.007082828470102024,0.6540223802253287,0.00893219575879801,0.3020983068814372,0.01593834943369101
101,0.0016018802589848335,0.0014060630477563919,0.9580301273505514,0.010935200802058407,0.023106066300837096,0.004920662239812056
102,0.004038478515708927,0.004045930497608182,0.8308079474848296,0.011009678685194218,0.13919977323181307,0.010898191584846078
103,0.005746710743648158,0.00493766277367491,0.83582137111438,0.01148586779583056,0.13157098993197422,0.010437397640492077
104,0.0018713413116966187,0.002261279220752316,0.9508593628128115,0.007187159251642224,0.03200481699165596,0.005816040411441614
105,0.008179628411370099,0.006011461275032308,0.8039292179915445,0.034570409726417596,0.12052306678263122,0.026786215813004045
106,0.026953516912443617,0.013220415933598571,0.7394685130350337,0.017116898853881655,0.18795261783805178,0.015288037426990857
107,0.0006784610324109906,0.0011213430101529463,0.9689753538157582,0.003830189894047599,0.022641550441453984,0.0027531018061763488
108,0.004944632021152852,0.0037218155536314166,0.8608587901493541,0.008954552536533798,0.11474885034152693,0.0067713593978009565
109,0.0016208665703949623,0.0018353877523600024,0.9018845414202082,0.01632647227997606,0.070147627371758,0.00818510460530293
110,0.1269745568802004,0.03772889764897213,0.4280191846161048,0.04605859209376075,0.29649427394109756,0.06472449481986432
111,0.0070235466253810545,0.003944372646017297,0.9393832142811515,0.012563376629170533,0.030992261308812045,0.006093228509467665
112,0.0038123288600917576,0.0024271295067019413,0.9147096471415985,0.01661797109076124,0.053955246139337734,0.008477677261508752
113,0.005812522059762892,0.004849080905834375,0.8637018798592143,0.012403618143350599,0.10417678432886533,0.009056114702972264
114,0.0014005887960291186,0.0012382483056349752,0.9171573065707361,0.00448416748202304,0.07284507754417854,0.0028746113013981517
115,0.005411915143318777,0.004316537541323363,0.8485591525675614,0.022994070812919182,0.10246747976883516,0.016250844166042347
116,0.0026170948483139095,0.0028220151055138197,0.905073410022336,0.010652880651469753,0.0724162954054997,0.006418303966867056
117,0.04890781681672198,0.016045758816419044,0.7015198466503832,0.027912340490374235,0.16937499447972312,0.03623924274637837
118,0.002200715447396644,0.0017691807444532109,0.9499474345474963,0.008769259722617684,0.032510588478447226,0.0048028210595889445
119,0.008163409936391825,0.00617506269936418,0.8551334877202695,0.016212827008409227,0.09901254725327806,0.015302665382287124
120,0.005560312250568047,0.0025446395113314113,0.9443150160594203,0.009256299313204333,0.031539665164852335,0.006784067700623669
121,0.006495908649116544,0.00225981484153172,0.8479620933051424,0.026077596652119808,0.10490061662974051,0.012303969922349323
122,0.0016917724796068163,0.0014236668552921792,0.9448342787760144,0.007558359842672579,0.04005187050350345,0.004440051542910118
123,0.00996299554853343,0.008331535451934402,0.7847690871473363,0.026594616597308364,0.1307451281603271,0.039596637094560426
124,0.14480072805841354,0.022142481386568505,0.5850173166709797,0.053910468604430516,0.1558395381730965,0.03828946710651141
125,0.024070242532643435,0.013483418648496465,0.7340174756019807,0.021483740557354112,0.1854452732152816,0.0214998494442442
126,0.0034204318093603234,0.0023072212888380975,0.917489686848821,0.011064431081870149,0.059879812539664484,0.005838416431445906
127,0.08633902766232394,0.013542888838316391,0.678520067797864,0.028531621702600943,0.17498456404635027,0.01808182995254426
128,0.007651688171446597,0.004177789470771317,0.8598666032667348,0.008190304014792642,0.11097406666480719,0.009139548411447132
129,0.009919966406738992,0.0042999316556692905,0.8718703034562101,0.017047610304376005,0.08634523525323756,0.010516952923767767
130,0.0026223074465513353,0.0020598629304264355,0.9012037419719817,0.012699000538510821,0.07385718670943461,0.007557900403094789
131,0.0013362600329217423,0.0017739791648952927,0.9374434238944974,0.008158229897578457,0.04699126773850058,0.004296839271606502
132,0.010492835891647819,0.004285945155365327,0.7946694982590663,0.02612510714920793,0.14619684403724972,0.018229769507462672
133,0.005954389943941588,0.003126844876282705,0.905109603628539,0.02298443273425876,0.050030006788586205,0.012794722028391789
134,0.0035931642008619146,0.0029357426083625156,0.8952278714824066,0.017345676423507553,0.07212804807553862,0.00876949720932258
135,0.026686992646677333,0.008351144963861547,0.762720956183002,0.025436618331347156,0.14354495155232705,0.0332593363227852
136,0.042640665484640884,0.023185434343805978,0.6322991549312506,0.04949824557207306,0.20827937593415297,0.044097123734076545
137,0.01973804209657715,0.010543356041117183,0.8769559654857958,0.017688153035938636,0.0635659088067552,0.011508574533815995
138,0.0012622582396770196,0.001303379251061905,0.9422145748123703,0.0057397804818177306,0.045353490836375236,0.004126516378697672
139,0.007879656000919597,0.008363051629409984,0.8567383561899055,0.011607560426911242,0.10610932260842022,0.00930205314443356
140,0.010747215846928239,0.0044093000796831365,0.8633480619295695,0.016479915886580456,0.09429834060682905,0.010717165650409663
141,0.0032758295368996047,0.0029590316806517667,0.8870069639749416,0.00927250256831262,0.09054803178736824,0.006937640451825959
142,0.02121744958003282,0.011710782669057857,0.8207857896114734,0.01206623460036871,0.1238294420610064,0.010390301478060722
143,0.0021111185384484585,0.0021871564704971655,0.9287696454046118,0.00913323663405841,0.05026534817063809,0.0075334947817459336
144,0.009634624845594814,0.009071695474200323,0.728343640242381,0.020017527328745507,0.21318173065860127,0.01975078145047667
145,0.011534885595077057,0.0052595220424962565,0.8878248284054538,0.00997373600536521,0.07606662899895676,0.009340398952651012
146,0.011339429124264718,0.004190877644396848,0.8927188441568022,0.017712564975715505,0.06011954385989161,0.013918740238929382
147,0.02379399303814625,0.004968454442512838,0.8538441681414538,0.023003483834653102,0.07933649699242021,0.015053403550813992
148,0.016206496571361324,0.006166614016620971,0.8649972677961736,0.014245065946239232,0.08563018267382241,0.012754372995782519
149,0.0024166709210217225,0.0019256586702471141,0.9118738404848882,0.007872387836897766,0.07136078072525602,0.004550661361688658
150,0.03761901883819992,0.01835978367975993,0.049269904531248285,0.5473707951693262,0.024783133259851754,0.32259736452161397
151,0.002767930932171739,0.0028641859791542577,0.037711698288010034,0.6480873979338448,0.013604257265394245,0.2949645296014248
152,0.01009508751985779,0.00447274447447657,0.022759305178690688,0.5959350574209398,0.01537894809747574,0.35135885730855937
153,0.0037111489757911415,0.003235025442464061,0.023662079643705387,0.6192280339614176,0.008872457723623207,0.3412912542529985
154,0.0023983950123427507,0.0015100386869258773,0.02268333517168882,0.7603319555332508,0.004714124425444622,0.20836215117034715
155,0.0030270921487138983,0.001851852064074093,0.018972436111018332,0.6808017323083372,0.004913670328177362,0.29043321703967895
156,0.0059974501675836575,0.0034040497527787327,0.02775150188144214,0.6129166206708477,0.010175582580042603,0.3397547949473053
157,0.002358060205015507,0.0021719099833318856,0.0279108370069903,0.7208830825822982,0.007509254726742358,0.23916685549562175
158,0.0032409322524178793,0.007076000456061968,0.010045434059784406,0.6613762304185216,0.004062872645452055,0.31419853016776256
159,0.0027948433544198337,0.0021998332099487906,0.012453866780459748,0.7364639688958144,0.004103508389467858,0.24198397936988922
160,0.0075672483703151895,0.003979572225306628,0.01856239515296356,0.6854736040947151,0.010123360335094363,0.2742938198216055
161,0.029776202238147212,0.011095051602981309,0.0369286443166343,0.6310189084942354,0.01745944829735742,0.2737217450506447
162,0.0027770332695377614,0.00278477360172206,0.013591288648398949,0.6748083660043892,0.00566630405832574,0.30037223441762667
163,0.004371924833765736,0.004595231747924424,0.01582272465303431,0.5740586467964309,0.010289002112529708,0.390862469856315
164,0.011214455703013755,0.006892264030122243,0.024820111937437064,0.6612169565766043,0.013104021257915158,0.2827521904949075
165,0.007039445886331456,0.003917714917311606,0.02073880311454489,0.7747841773355577,0.0071915142856038144,0.18632834446065055
166,0.04058414545509914,0.007538221800510154,0.02018596871008688,0.5960048605665997,0.012424071005546867,0.32326273246215737
167,0.004071015772455533,0.003068095104786036,0.028184886062306846,0.6779879689516507,0.010792446245529844,0.2758955878632711
168,0.0020246182392182734,0.002492075527563195,0.0124893596294402,0.6756049121120128,0.003632936666172407,0.30375609782559293
169,0.003454391465667947,0.003648401040667265,0.018292025812611048,0.7290493674129521,0.006168264751088402,0.23938754951701327
170,0.002293011479195952,0.0016226638637906318,0.014344384299137923,0.7231312504691858,0.004204261550793349,0.2544044283378962
171,0.0028739032806583092,0.0015390239179546219,0.01193697352217916,0.7565714623934418,0.0035068280998099685,0.223571808785956
172,0.01352972349789758,0.0054817532681835975,0.015800645844300538,0.4193031690304983,0.01824493553947877,0.5276397728196413
173,0.008319499406311976,0.002270752371412198,0.019906527956155818,0.6400389393099755,0.007106538083765314,0.3223577428723793
174,0.003524806351046919,0.0020991440981139677,0.016887824584181928,0.6496073911332583,0.005242947497047769,0.3226378863363506
175,0.002715372095543964,0.0026081732774215147,0.011379572778765825,0.7576417197589871,0.004263044195358964,0.22139211789392282
176,0.005586787242305391,0.003315674133458614,0.03160786993252443,0.6304308069391272,0.013826995696320574,0.31523186605626363
177,0.0015834742526889573,0.00223664759193942,0.015033251359522841,0.7750438213021845,0.004364758343688285,0.201738047149976
178,0.0013548487455647704,0.0009144490390331356,0.016761726694674,0.7790468723876954,0.0031386533539112726,0.1987834497791217
179,0.004227808978333343,0.004171979882442059,0.017030508750609078,0.666759314363803,0.00986187101424593,0.2979485170105669
180,0.16550525902247648,0.015610872670472224,0.05134567099394762,0.4326659708369446,0.03379450085966859,0.3010777256164906
181,0.009823025925510598,0.005193348689326675,0.026421277855329477,0.6315923098912674,0.012515576787455856,0.31445446085111034
182,0.07403050102166986,0.016234347585075623,0.03574055476575746,0.556684993572275,0.027969268302849695,0.28934033475237236
183,0.0020491500004004336,0.001949265325618112,0.012388235405512059,0.657427393535348,0.004765212232743719,0.32142074350037747
184,0.0032442577125827523,0.002055741387074175,0.01810734335830076,0.7531997721035215,0.005489053874923393,0.21790383156359733
185,0.004913228806954548,0.002436436985358472,0.02302728026785724,0.6832311426425866,0.007598666920262391,0.2787932443769812
186,0.0017961169947099977,0.001925418815365615,0.016512050315111906,0.7190814946974633,0.005223629953619667,0.25546128922372924
187,0.13796969272954243,0.0442874409713754,0.04287458309893675,0.5137356846294208,0.03615029223730185,0.2249823063334231
188,0.013545069778922177,0.004906562289573654,0.026769653733525262,0.6351848557750626,0.012220548349757339,0.30737331007315905
189,0.002926501878660108,0.002004535714532621,0.016334657758406854,0.6707958799466937,0.005509572192074974,0.3024288525096316
190,0.0024113867255651567,0.002896061623439697,0.0209424441994745,0.727812045113275,0.0063737618949433784,0.2395643004433021
191,0.006006536506993775,0.003626022329952666,0.0219212737917436,0.710951282695662,0.011042116373767652,0.24645276830187998
192,0.0019197891894179508,0.0019513605827053708,0.01881823990883104,0.7349826024956644,0.004168606400249177,0.23815940142313205
193,0.0017558674714891176,0.0013546402255056867,0.02345712293476495,0.6999125529966876,0.00415738598284646,0.2693624303887063
194,0.04985174357441044,0.016494778996650198,0.052027277323841804,0.5680761354081846,0.03324759503123081,0.28030246966568195
195,0.014001311326417527,0.005734511873537213,0.02680181342121438,0.6771611263596508,0.01105884400076813,0.2652423930184116
196,0.0052970289730874,0.002376897175622629,0.03150174063711634,0.7154224923443767,0.012017446047657185,0.23338439482213968
197,0.008006414756241023,0.006142890106320725,0.022955633768506192,0.5132267600168806,0.01940203420186431,0.4302662671501869
198,0.000898229946159205,0.0011307862507563635,0.021690066517468052,0.7472485379097606,0.004413571349229408,0.2246188080266263
199,0.005305556502350625,0.005189323010933091,0.02007758487522413,0.6927147601125866,0.009781727103654806,0.26693104839525067
200,0.016826283450141474,0.014198701974308241,0.05634333863186274,0.0086786289776648,0.8923849566396356,0.011568090326387335
201,0.007954128172982912,0.006228377529185576,0.2279279095304335,0.006921538236020754,0.7449172702562545,0.006050776275122971
202,0.009534544252658437,0.004850019933987037,0.11148746438746057,0.016614921542858853,0.8361815899600336,0.021331459923001242
203,0.00471728415299503,0.0036296198666856093,0.1071026267943954,0.004622490647658952,0.8748708288933968,0.00505714964486785
204,0.008713096137774807,0.004101459023204511,0.2649854706224861,0.006825944632841152,0.7094798206008872,0.005894208982806186
205,0.003819890614699675,0.00528619529587535,0.032217152102195064,0.0032892083881694355,0.9517590789611307,0.0036284746379294662
206,0.0036938618197939485,0.00311914882122648,0.03902484847262028,0.00316311160006442,0.9471001997130822,0.0038988295732123703
207,0.007245846744164103,0.0029934378155703884,0.11646560990670562,0.0064910328615698145,0.8616669920734713,0.00513708059851884
208,0.003918141406993016,0.004150097072222,0.04447386209384009,0.004113182170801826,0.9387844540555662,0.0045602632005767784
209,0.01820810292574459,0.009011837571901243,0.047696739295491446,0.007703387316084648,0.9081834238516231,0.009196509039154907
210,0.008762207249616344,0.004480389576527904,0.05762709569963717,0.003981504667934156,0.921297331264203,0.003851471542081417
211,0.004704700118061311,0.0047703632789308685,0.10913984338540705,0.004477618803801941,0.8725102830014027,0.004397191412396348
212,0.0035378139755459287,0.004516525886799414,0.014975793750989615,0.0019321382235907931,0.9723838640778216,0.0026538640852523864
213,0.032426973328617825,0.008351551017915501,0.34420485329357875,0.044804916672447306,0.525116301989907,0.04509540369753348
214,0.021064352357870245,0.011616514049007686,0.11704159580168155,0.01641241854693713,0.81405778271848,0.019807336526023626
215,0.08339560732212366,0.014549314116026876,0.2970080889244496,0.044567556295741856,0.49688883079039553,0.0635906025512627
216,0.004311819409207145,0.0066674121320406685,0.09273622122053152,0.006609510972819049,0.8792371774903499,0.010437858775051646
217,0.04882703293766217,0.029295657625786096,0.05706524328183321,0.011783260966087977,0.8344232447720706,0.018605560416559575
218,0.2030433840462604,0.04705484001349374,0.08460200878236497,0.025342245489299083,0.6144360158961845,0.025521505772397216
219,0.021352406461817578,0.007502308207307288,0.15322468127276725,0.009462258037939758,0.7985167251697426,0.009941620850426007
220,0.08320345616671686,0.032298173019045424,0.10183867466716298,0.02304039699923567,0.7380278808635033,0.021591418284335775
221,0.01590964606249304,0.006329596418213482,0.4798570606018017,0.037183434983602714,0.4235626394116515,0.0371576225222375
222,0.014667061744403614,0.007164072572100226,0.04836912820847369,0.008660940485738903,0.9114762009868119,0.009662596002471071
223,0.006681431334786079,0.003724938113792795,0.06128187550520458,0.008178540709903228,0.9055118255957066,0.014621388740606327
224,0.006054349662391293,0.004807860630043992,0.10118192386629743,0.005983476255645532,0.8746367269595995,0.007335662626022094
225,0.033657468412346285,0.01604182272045717,0.11438823757160503,0.011409755360011913,0.8155707029102096,0.008932013025370222
226,0.0805189877991529,0.021981736998167415,0.09579716875399635,0.019077171357963628,0.7612550441526899,0.021369890938029833
227,0.0025951976292357174,0.0030678802328175064,0.09291284657726712,0.0033310437325218714,0.8951451372202089,0.0029478946079491922
228,0.004949605738715967,0.007569667528009134,0.05746765027960398,0.007353363835290664,0.914954089180873,0.007705623437507425
229,0.009577913279875094,0.00881131819368875,0.09884360957019814,0.007055219225563443,0.8670044759812472,0.008707463749427135
230,0.011660320801875073,0.005823148453912709,0.06969643826430841,0.009704667935648812,0.8893168688845143,0.013798555659740403
231,0.004743473859989556,0.004020098380306483,0.17310314614114736,0.003962640604517422,0.8100184801022433,0.004152160911795717
232,0.005124983611934638,0.0056288599012707325,0.03559624992299153,0.003987072217423152,0.9448994473440414,0.0047633870023388375
233,0.008116504517776223,0.010653109668198366,0.06951122306535899,0.008387639779874443,0.8934131518720061,0.009918371096786066
234,0.004970931184019569,0.004293433224853322,0.07872327770903925,0.006727043110851423,0.8984481289118621,0.0068371858593743295
235,0.04085667885425317,0.011331836311603614,0.0855381235125649,0.017374048887738074,0.8229542065249337,0.021945105908906918
236,0.010363596723872407,0.006486860594510482,0.05638213753797356,0.007178492853286588,0.9123411774098487,0.0072477348805089666
237,0.001598890638643003,0.0032813222429957257,0.018027392431244182,0.001719059170042778,0.9730696300526318,0.002303705464442429
238,0.014006867944125395,0.017268851399198336,0.07868139680581265,0.00995145894942354,0.8688466982719175,0.011244726629522727
239,0.03809318360715402,0.012281695074494257,0.6713335627564041,0.030962441364016744,0.22883147777709098,0.018497639420840126
240,0.007646891149234765,0.01410822433556624,0.08056664723038662,0.007366290783853102,0.8831682625656873,0.0071436839352720955
241,0.007476816757747779,0.003881837969134288,0.1680107187048197,0.007721329191893982,0.8055331506768582,0.007376146699546164
242,0.006236688530024013,0.00483064408682569,0.5049966705829558,0.009083648395643826,0.4672530418075247,0.007599306597025984
243,0.005623769599316315,0.005973124796750348,0.051524184140714996,0.004609041523871342,0.9273263856458576,0.004943494293490078
244,0.005706494557353025,0.005645272402085012,0.3136494346672582,0.010051281274240575,0.6556042525212603,0.009343264577802804
245,0.004637821110555323,0.0038781504244757457,0.030621540935576577,0.004307941514815582,0.9511692577018034,0.00538528831277328
246,0.00534319198371382,0.002983909596307723,0.01810019797707256,0.0026879361652138423,0.9677729788893638,0.003111785388328
247,0.012146597314724481,0.010782204786719625,0.051672277933861505,0.0065986713067662595,0.9124724257042163,0.006327822953712016
248,0.00677593888957471,0.004181786368420961,0.075996823533523,0.004130713595695065,0.9037935599079592,0.005121177704826861
249,0.007680310689038788,0.007805111734991746,0.024898894211669808,0.0043270801839960325,0.9506408834293177,0.0046477197509857725
250,0.01105843196232052,0.006948090488066081,0.00534800702782844,0.22353358669589987,0.007673561209251425,0.7454383226166338
251,0.02413034381687385,0.00876350006113148,0.01837106755338233,0.3446151463728953,0.017755873060326895,0.5863640691353901
252,0.011030327993517894,0.005048115868639073,0.010467825127278552,0.26028468603629484,0.010168468324092652,0.7030005766501775
253,0.016964281306322954,0.006274462237824391,0.008499121645764149,0.22452782489667514,0.012069607721907502,0.7316647021915057
254,0.0179548109800845,0.005819689234026488,0.008385929354362874,0.23801506568062913,0.009525921464405545,0.7202985832864913
255,0.016720036416085486,0.011099036900919963,0.01134756029579796,0.2449637134742608,0.016322350465164583,0.6995473024477713
256,0.009902662390094703,0.00693842109332051,0.01236356816428105,0.2783770328227716,0.019687510444637252,0.6727308050848945
257,0.004307996216128613,0.0025387971322136816,0.0029726463824108628,0.25329458345927053,0.0028229432250589034,0.7340630335849173
258,0.011795399005900922,0.003598631824013745,0.027261521264295086,0.34447265236150315,0.02287855844636164,0.5899932370979255
259,0.00999860226249555,0.005464466614599364,0.013517355396188748,0.24996349312679023,0.02248817661640324,0.6985679059835233
260,0.0050365155964819915,0.00309915804135825,0.004264041187699794,0.23634716757011834,0.005562996781769682,0.7456901208225721
261,0.1300865772402559,0.019145122748402656,0.033218376244031136,0.229828606426617,0.04155326311732018,0.5461680542233729
262,0.005929567759971077,0.004255977674756151,0.005184206355226286,0.36584222869248983,0.005652408428372249,0.6131356110891846
263,0.0143771018721904,0.010262819886230495,0.01075890832947525,0.3211702309142883,0.010599846606105353,0.6328310923917101
264,0.01411963762002066,0.009230015538986032,0.036338841286612966,0.37357780381706185,0.030322104304838123,0.5364115974324803
265,0.0536905090293082,0.011771356049278795,0.017645564000093726,0.3680172624036301,0.015951573719916446,0.5329237347977728
266,0.00454343745722512,0.00525700927526166,0.004639652965810741,0.24888221437178307,0.006902000330513899,0.7297756855994055
267,0.007611436292882241,0.0059482643141198915,0.010565992792457315,0.24063946029161878,0.01436960485745427,0.7208652414514675
268,0.011131923324371754,0.006715994840813614,0.007457518632278809,0.3565012846665557,0.00801391053123959,0.6101793680047404
269,0.007580074581946598,0.008087287297979903,0.0055952713684649736,0.2738102214502682,0.006808476978936843,0.6981186683224032
270,0.006956710358783395,0.004348594172735598,0.005426226389602476,0.19379838128114613,0.009274871967845448,0.7801952158298868
271,0.004722173963392749,0.003512505410871251,0.006483321648885845,0.28445812514919167,0.007882031927709253,0.6929418418999491
272,0.07133719619424775,0.02301737533722409,0.017608472396972524,0.31117952007568017,0.02361055629251303,0.5532468797033623
273,0.04491855353257147,0.0138083611293807,0.021966942340184675,0.33658768450594345,0.027927608105858245,0.5547908503860615
274,0.010600628362394558,0.004094661385999484,0.010991775429816808,0.4376792688240042,0.010495264682375393,0.5261384013154092
275,0.007107608514810457,0.002929545345472322,0.007129344945137158,0.3116262219607949,0.006653544635075247,0.66455373459871
276,0.013047522540946018,0.004034367507980632,0.00780725133016628,0.2557115259870115,0.006386476549389365,0.7130128560845064
277,0.005257523580399632,0.0055052394280796215,0.015581469985626845,0.28348299750007916,0.021005490640197057,0.6691672788656174
278,0.024683248680272902,0.011602022001225726,0.028900393809896372,0.461489182290574,0.039183261336113294,0.4341418918819177
279,0.0038560306225666,0.0032067512437675247,0.007280488068421469,0.47319367379107935,0.004565322352779635,0.5078977339213854
280,0.009990641762089207,0.0036796390996245137,0.007797416015872742,0.2651727691859675,0.012053251737706444,0.7013062821987394
281,0.0024279164348382674,0.0028167672293330213,0.003370763203965294,0.19225469220052185,0.0048168937791707635,0.7943129671521707
282,0.016142244195918126,0.0095510797156415,0.012891920626343345,0.3737568822215711,0.009349317940797785,0.5783085552997275
283,0.009354782296442467,0.005920575406941334,0.0074341894553426454,0.3037449615545419,0.007356562636206263,0.6661889286505256
284,0.01052223284200932,0.0033972393375545666,0.005713142270173686,0.28187620652797135,0.004508726736311282,0.6939824522859795
285,0.0035861471637970983,0.002330380665815521,0.004340190829553393,0.23643189402840334,0.0034402316065144834,0.7498711557059162
286,0.0041789474018115,0.005470880120151368,0.004747327717148824,0.24066217642845605,0.00737769845262339,0.737562969879809
287,0.009536215675803851,0.005818667700193817,0.010930671295645301,0.5450013548085206,0.009828400922570868,0.4188846895972654
288,0.0061842652841093545,0.003314959465924523,0.007943643806210737,0.30965998328787775,0.007747139351899254,0.6651500088039786
289,0.010141504268245052,0.006020669870640471,0.004540252237856327,0.2378345842264329,0.007509475342629942,0.7339535140541954
290,0.006049611086189924,0.0034772930320037657,0.0068192525923567926,0.21252810934185673,0.007847572447265425,0.7632781615003276
291,0.006558842658201272,0.006354796012967239,0.00435761337908315,0.2671572507466945,0.008204112091081243,0.7073673851119726
292,0.014906830317985254,0.004348318953136895,0.009090013402208646,0.2936953121472691,0.008116233916121434,0.6698432912632787
293,0.014656253968596999,0.006390857074200992,0.008126843699580458,0.46822155920776853,0.00848669370061297,0.4941177923492401
294,0.005742293911904059,0.006489931904307279,0.003926298063476291,0.291673110538102,0.005305098553484256,0.6868632670287259
295,0.02692463530436403,0.005606649989509077,0.010691749343465009,0.2594720269634276,0.015890883043855678,0.6814140553553781
296,0.01162368785578729,0.006298066029099273,0.006318996484864493,0.26649224475796435,0.009000812809374245,0.7002661920629104
297,0.01658589090520961,0.007249162513091073,0.013394127530695474,0.3214862706663338,0.012107540711924195,0.6291770076727455
298,0.014085316699619623,0.00984551058663835,0.016746291871711724,0.38071742661952895,0.02323681991001075,0.5553686343124904
299,0.006454489035043848,0.0028797688149430328,0.005279828170167498,0.23335313453340456,0.005571478149793115,0.7464613012966482
