,proba_0,proba_1,proba_2,proba_3,proba_4,proba_5
0,0.9616527680125802,0.006211341700108895,0.004544012871679232,0.0065564068412700596,0.007415543216063383,0.01361992735829854
1,0.9092462867573685,0.02010499707999049,0.04477989817800106,0.0027599166832333885,0.01974777161389287,0.003361129687513941
2,0.948915368718584,0.013002966316129988,0.00822247549769261,0.006543010942322942,0.015026406633934666,0.008289771891335897
3,0.8707883848124837,0.028887525139808,0.007112485070362591,0.022632939150992126,0.014835293936440766,0.05574337188991293
4,0.923616605002904,0.014583483906885245,0.005832272295064692,0.007451283891585086,0.029696299395889164,0.018820055507672146
5,0.9311475881936302,0.01381997322655232,0.02233698809720814,0.0026155778166320706,0.026627200258684234,0.0034526724072930933
6,0.8558394049873957,0.10008097278191658,0.008106540069487777,0.008767044356671258,0.016239274859923193,0.01096676294460524
7,0.9440295893298677,0.021839090803635417,0.007059321123172538,0.008015599092852788,0.009636516806124559,0.0094198828443472
8,0.9156340342113828,0.050747036237996215,0.010904713749557166,0.002948222967051608,0.016359070186831807,0.0034069226471805263
9,0.9359339496127695,0.02556635289888027,0.015234454634782202,0.0018007764610000702,0.019261524596566357,0.002202941796001604
10,0.9188110719816672,0.022364554828080564,0.004834203810546334,0.015107277745685595,0.010286228082365885,0.02859666355165445
11,0.8986253274800415,0.015329591167582323,0.023760113830084528,0.00694819350447061,0.043523338301952555,0.011813435715868648
12,0.9411716142562804,0.037748138298344884,0.0059480909336155205,0.003790930845712067,0.006742874600638423,0.004598351065408698
13,0.9172051186919279,0.04943058705559378,0.013963488482482682,0.003192107917527652,0.013045934540229166,0.0031627633122387195
14,0.8947633089502068,0.030293999747701035,0.02006058369225447,0.003912518800985022,0.045115858522197815,0.00585373028665462
15,0.8907187529811418,0.03371031337447993,0.007478067745328675,0.011914271261007341,0.028361064996010394,0.027817529642031977
16,0.8714845688222842,0.09875527938386815,0.004556899862342922,0.0060989839321203354,0.010539421275499268,0.008564846723885251
17,0.8586150718582952,0.10084301312582238,0.017374457273108733,0.0035286056119115685,0.015743947168240312,0.003894904962621807
18,0.9759581581461206,0.0059178163578323,0.002391078449437358,0.003278037124018507,0.006874898303065557,0.0055800116195253565
19,0.9285979153547307,0.029753003619145627,0.007155160268263808,0.0052082576017469205,0.02092903914446338,0.008356624011649756
20,0.8077086547933828,0.07212671625686747,0.013664724611465928,0.05268160469009144,0.01349582643842469,0.04032247320976791
21,0.9222242837264154,0.014967921732416857,0.005468461068745529,0.015244987721576545,0.010850234943767944,0.03124411080707778
22,0.9386967342543528,0.02380247874717272,0.006308450248933291,0.002495260487759684,0.02467954005539889,0.004017536206382696
23,0.9489180971389425,0.02351472326751778,0.002743475698313791,0.007509098471770668,0.006504265734809933,0.01081033968864549
24,0.8312211589761133,0.049034155216803564,0.047724464695396096,0.006957957879734172,0.053311452143034795,0.011750811088918567
25,0.7725853893409584,0.0386420384956465,0.07971072838727461,0.007439358075889861,0.09042366751838389,0.011198818181846714
26,0.9666373049047586,0.0046302420627702895,0.010471090556429925,0.00453021599389082,0.007944761120023706,0.005786385362126805
27,0.879697279482091,0.03896816516324998,0.007897090569739588,0.022373068409757894,0.013793799163649917,0.03727059721151158
28,0.8951756018741918,0.05857012971441817,0.013080071436587045,0.009621211356185008,0.012348494759253955,0.01120449085936428
29,0.9092038456453331,0.01569531605064085,0.02296709526622187,0.00328515699590613,0.044430678185169,0.004417907856729134
30,0.9747834435123507,0.005408444619873232,0.0035777521162022852,0.003423239970755376,0.008209583789845787,0.004597535990972496
31,0.9805036963536911,0.007212084594601889,0.003078417801128005,0.0019529985521540502,0.0050348490309803035,0.002217953667444593
32,0.8447177950321323,0.0308350652233208,0.009713827571840675,0.02834296961107627,0.021226068159630154,0.06516427440199972
33,0.9087638142170996,0.019400612010978705,0.01117155995338508,0.01630505316986818,0.01900813869169037,0.02535082195697773
34,0.8696374395659089,0.03935771620775681,0.05176976900827266,0.003160266079763349,0.032002779892249825,0.004072029246048283
35,0.9656148705723587,0.011273358071359096,0.0026536145040333362,0.004984837612280415,0.007508565427965849,0.00796475381200254
36,0.6717110013978398,0.04392736440812102,0.04547153693727345,0.005631176039057282,0.22535510764567887,0.007903813572029402
37,0.9450901208628041,0.015161768003635195,0.004072353591127948,0.006379083927110778,0.013698334176882465,0.015598339438439055
38,0.8657080379292172,0.04515321018318308,0.031331502668330014,0.003281242655658335,0.0502839571245753,0.004242049439035909
39,0.7731185025304793,0.02440837709526733,0.05802821505286528,0.00607482790888777,0.128772949006638,0.009597128405862307
40,0.9260119267243845,0.03608679431970489,0.004536409433107331,0.00934866868262396,0.010988211377107784,0.0130279894630715
41,0.9588682840499275,0.01459821873593324,0.006319444028493735,0.003812864879945221,0.010196426710876814,0.006204761594823364
42,0.6059375345517345,0.2967095005577861,0.03435549192767723,0.006923192640023259,0.04700695332189684,0.009067327000882001
43,0.9293372351671275,0.011814903330725275,0.006314862348198578,0.012453356064473217,0.016061225272840866,0.024018417816634368
44,0.9559973496782621,0.015645164653125786,0.00537225692515824,0.002478272919552198,0.017344460651553723,0.003162495172348008
45,0.8837558087783441,0.03501814857261496,0.02049540422829814,0.003908041918326455,0.05113328789650097,0.005689308605915176
46,0.969539426251015,0.010316256603282828,0.0021531389315557685,0.003312930192338203,0.007061491414175562,0.007616756607632809
47,0.8511451234171014,0.02140436420202707,0.04666806095659172,0.00461985811194389,0.07011453529958055,0.006048058012755584
48,0.9192792792601733,0.06231147549200199,0.0048035397361140784,0.0030276027010802597,0.006719938465960578,0.0038581643446695267
49,0.9685521873809213,0.005710984918150197,0.007910722140379073,0.003372527453410793,0.009249872876438322,0.0052037052307005146
50,0.008683437702718342,0.9622335202425749,0.007096962262228842,0.005858357384688938,0.008389366915830877,0.007738355491957805
51,0.003319140617328981,0.977858130934971,0.0054107178849086765,0.0037741236582967083,0.004515099902088828,0.005122787002405908
52,0.08349840039080551,0.8437343140858775,0.013842250399584435,0.01402654632474686,0.023469696066672686,0.02142879273231321
53,0.02146796525470705,0.9249643941066678,0.021900900788115543,0.004727234625059009,0.02080290621818827,0.006136599007262055
54,0.022628506183446827,0.9427999923078964,0.009640633544279057,0.00455897729417119,0.013479157105320579,0.006892733564885549
55,0.004400700199282499,0.9756343250782094,0.006190529038102228,0.003411888242231344,0.005801084099970432,0.0045614733422041035
56,0.009983054862963817,0.9349666090830049,0.02565321862835783,0.0038762203247246843,0.020272882883109355,0.005248014217839308
57,0.08539619740351909,0.8534749520484264,0.0140658703001593,0.010376294947774358,0.020770024537045045,0.015916660763075605
58,0.01413371413589225,0.9439421133323174,0.012158793107743803,0.007704554627648513,0.013049834625311897,0.009010990171086489
59,0.02919821344235937,0.9193627219757804,0.018814183414348987,0.005842243283047958,0.01773369176044439,0.009048946124018985
60,0.14127966278612228,0.7849448932318722,0.016451402774529517,0.0117148941676759,0.026364329398656,0.019244817641143774
61,0.005441443131214056,0.9675978111822829,0.005600588893436698,0.0063395638007575856,0.007510417168249806,0.00751017582405889
62,0.003457802763310658,0.9771168522051759,0.004823783580993232,0.004088997254056597,0.00560920662243417,0.004903357574029479
63,0.06127978863933758,0.876972932304643,0.014085505904806594,0.013127109042344876,0.017697233697986554,0.016837430410881638
64,0.05444959314976079,0.8963698539461066,0.009083537421884487,0.011280493274306181,0.013102629046715863,0.0157138931612262
65,0.010746427192265,0.953065308749676,0.010946294646464573,0.006965774363962815,0.010518957419816729,0.007757237627814975
66,0.004118172526566282,0.9706850905697691,0.0109094218951735,0.002632144610714092,0.008320067933893983,0.0033351024638830352
67,0.012864739262061393,0.9478906449817066,0.008627499432483983,0.008253027435596631,0.01113672573560073,0.011227363152550546
68,0.055450291766483153,0.9020482375992144,0.01611879898215064,0.005272830415803272,0.01474854378808371,0.006361297448264715
69,0.003879526277060553,0.9741389893298038,0.0056875557915472405,0.004214576872760598,0.006881441635370925,0.00519791009345699
70,0.062029962676217514,0.8760533195465583,0.02100984896670092,0.006711211030422402,0.024833529620445167,0.009362128159655753
71,0.02160623159920462,0.9251927582028596,0.02117887419086239,0.0056871463847385775,0.018977695288207957,0.007357294334127107
72,0.07841756675784084,0.8706660106843257,0.015096073873715287,0.009006439835408019,0.015391737489671388,0.01142217135903892
73,0.010779709058816435,0.9537893639012027,0.007705951967064799,0.007770767106953536,0.01024326273670877,0.009710945229253976
74,0.023476188934734483,0.9393911688979748,0.009173196048867063,0.006944536058835174,0.012103063609889358,0.008911846449699641
75,0.002358697441966588,0.9745462253135598,0.00648954947327773,0.004762644943223289,0.005537716731612785,0.006305166096359816
76,0.0026221156721393216,0.9757977049194544,0.007624748412920906,0.0033676786664461112,0.006192901975559789,0.004394850353479457
77,0.004225850615284419,0.9720024443529424,0.004988884399271156,0.005175162911181561,0.006876237948460389,0.006731419772859992
78,0.004381760000182728,0.9719554019630468,0.009996513095271489,0.0030731548021655044,0.00674129924546958,0.0038518708938639346
79,0.028407716215862376,0.9207344816599622,0.009479920765854292,0.012541461276683865,0.01367940058035732,0.01515701950127956
80,0.012740749485373284,0.9568114381199448,0.009216138628638156,0.003562262644297227,0.011994761680441019,0.005674649441305495
81,0.060974242821337975,0.8846579859332336,0.017312241619632948,0.008748285355486114,0.01714685820351109,0.011160386066798433
82,0.007245049760664678,0.9650517280650356,0.006085567987925633,0.005360390873838887,0.009031427150299021,0.007225836162236428
83,0.07949581981944491,0.8421153540536795,0.022136628323277875,0.013150705216087041,0.024522056495458796,0.018579436092051396
84,0.07714155633567849,0.8636352048130126,0.018398654401823093,0.008896351844199762,0.020360513879716585,0.011567718725569429
85,0.0031381813491693417,0.9663338079670227,0.009190240137448177,0.007760469649103416,0.005994890061888088,0.007582410835368183
86,0.0034374128750701504,0.9725907393412943,0.0060175248517213755,0.005272947756880216,0.005709256836744967,0.006972118338289131
87,0.005243038849747802,0.9717368170157042,0.010718486720210514,0.0023382726034286766,0.007041808104871434,0.0029215767060377503
88,0.06795476978301815,0.8756783040206731,0.01226500135535333,0.010611040130851545,0.01798117788609438,0.015509706824009553
89,0.013822184325963572,0.9552575856136378,0.005874759109943961,0.007408333609766092,0.007114364385428603,0.010522772955260051
90,0.07815658677309047,0.8688652604995049,0.015180346395543921,0.0064261131382734515,0.02174829884501892,0.009623394348568666
91,0.00887753311191079,0.9614916821415379,0.006696613920238911,0.006515992485329978,0.008512661616496794,0.007905516724485395
92,0.09176889560068176,0.8579859151421083,0.012249893865181934,0.00882876277383363,0.017358535932898187,0.011807996685296545
93,0.005654068683736666,0.9606877664499162,0.011239915412442463,0.005511674839192244,0.010710326018516599,0.006196248596196284
94,0.3115529226301253,0.5943672964358065,0.011022535280061254,0.027718445987398272,0.017382519030854693,0.03795628063575456
95,0.009842809125756264,0.9608714714738099,0.007878462125631374,0.005175344909504438,0.00882319454320037,0.0074087178220978295
96,0.15554765300132067,0.786343855511317,0.014247647375382456,0.009451620977809837,0.0223000288866298,0.012109194247540147
97,0.06669499846066852,0.8733231283842874,0.01457559850237013,0.009248973013277508,0.022840741848249718,0.013316559791146501
98,0.01331535919945495,0.9545228567623584,0.009591829456485252,0.004680732152381142,0.010387296936101197,0.007501925493219399
99,0.009559084618201612,0.9494782859668754,0.005457972545733611,0.012386115256644912,0.006795837573156,0.01632270403938858
100,0.06096025894167455,0.020943869648468613,0.6943818900585973,0.00696543536056711,0.20686759111485445,0.00988095487583818
101,0.005442446202079644,0.004053799930876514,0.9790863749871436,0.002657922876086109,0.0051818026249862955,0.003577653378827995
102,0.0034304710856801917,0.002714254984335973,0.9019716595090813,0.002995622588411056,0.0847755734635296,0.004112418368962209
103,0.0034856420889431425,0.0037601141377852304,0.9845535537727284,0.002406290026643161,0.002768077195090189,0.003026322778809976
104,0.005800280831144273,0.003969697896177317,0.971340614710254,0.0020293285922515698,0.013844510754913452,0.0030155672152594997
105,0.00781842858412573,0.004716552049455045,0.9410964829050071,0.0036609940742161613,0.037643986440474515,0.005063555946721324
106,0.026722803657038028,0.014129807367152067,0.9299926614554785,0.006172292756218836,0.015463815527129963,0.007518619236982503
107,0.0041096965953692464,0.0035947226082994905,0.982077054770801,0.0027450279851152473,0.0038864304266936936,0.003587067613721429
108,0.007905579173725212,0.004578494284010245,0.8679040546611566,0.002890049390097472,0.1124915424892815,0.004230280001728883
109,0.0032576461448942206,0.002700871776361515,0.9738742240786309,0.0023266257152045095,0.014774997995167762,0.003065634289741033
110,0.15851375648558153,0.027714714406353713,0.4048356622105198,0.007828710139651954,0.3903291387994858,0.010778017958407195
111,0.04312297955942939,0.017289035846085266,0.8768766658801348,0.006417589239522083,0.04737874276548493,0.008914986709344217
112,0.006631566791036974,0.003895050797897795,0.9273479242820527,0.002872376433026094,0.05540427937513654,0.00384880232084994
113,0.002818827180466407,0.003154948838577306,0.9873207664612464,0.0017110834713561938,0.0028105275302552973,0.00218384651809841
114,0.01322976800893881,0.007647046621896221,0.9638251987214325,0.003139291212384002,0.008010562412905497,0.004148133022443077
115,0.014006950149073372,0.008370100064449496,0.932392326242579,0.004578552693020896,0.03457144812787556,0.006080622723001972
116,0.007887801414313644,0.006603079140457263,0.9746935880335269,0.0033819832176943134,0.0032460283666653333,0.0041875198273420835
117,0.05838688853600646,0.029182389673232067,0.8681108919168786,0.007467706980379528,0.028124586280373128,0.008727536613130166
118,0.005273761746165885,0.0038090734463982106,0.9707071986745613,0.002838606413350342,0.013491690336266347,0.0038796693832574315
119,0.01655361064864669,0.01028324025173416,0.9498516839436878,0.004755364544402754,0.012643954148700004,0.005912146462828752
120,0.019292453334235928,0.010762515178711397,0.9450461382018172,0.004977981715107435,0.013234514484695406,0.0066863970854326785
121,0.0031946374180878475,0.002058814962635234,0.9453131900606622,0.0016044431629630479,0.04554031622438672,0.0022885981712649404
122,0.0038944705752564793,0.0028593133631595056,0.966774404112185,0.002980641118822683,0.019481722191195334,0.00400944863938105
123,0.012361142452888723,0.008792960950515861,0.9568124663816926,0.0054580889612199455,0.009917003924523597,0.006658337329159069
124,0.14453651655356486,0.030812908057325214,0.48064420056222934,0.01052002150875887,0.3201731817574193,0.013313171560702386
125,0.0628258628856202,0.02614186727590672,0.8419104487446429,0.006861063274033675,0.05339162114125042,0.008869136678546094
126,0.00507723739458368,0.0035006429410233326,0.9663434337824223,0.0022153817159851113,0.01979635390958585,0.0030669502563998416
127,0.32545856126992523,0.054598374080564706,0.43769617478796147,0.011327966346303788,0.15548281161826233,0.015436111896982442
128,0.05091876106494822,0.022709261487526326,0.8873781023086927,0.007714608630012089,0.021633012982463593,0.009646253526357826
129,0.038170325077618646,0.016659269550519416,0.9097052221309735,0.006417681348125286,0.020368717578388727,0.008678784314374664
130,0.004723092798779779,0.004421197111519513,0.977344206264462,0.0032087888527744996,0.006114454553612805,0.004188260418851471
131,0.004752617314125188,0.004582982555130415,0.9811402361235139,0.0028355674331080336,0.0029816732258412886,0.0037069233482812046
132,0.005835102474893214,0.0028088959102685568,0.7997851942477481,0.002018614762418724,0.18641799279969487,0.003134199804976498
133,0.013426867335621952,0.00793494536493107,0.9570018400014111,0.0043751027780031355,0.011448141996291402,0.00581310252374159
134,0.005631867296616169,0.0034987814588771384,0.9487615780076073,0.002987618568456573,0.03514986992218278,0.003970284746259814
135,0.009815320252218806,0.005210150949817171,0.7047516858572289,0.0031287840738681454,0.2729837082709066,0.004110350595959979
136,0.11073462458004603,0.040286968578226376,0.7547257450686328,0.011157730266934505,0.06963997641885908,0.013454955087301447
137,0.11142254436473881,0.038576660338671444,0.7713136965550609,0.010716204555472324,0.05384586550584321,0.014125028680213016
138,0.007185811587659082,0.004859281369435679,0.9753392821997514,0.0035987354932599004,0.004478044303596451,0.004538845046297303
139,0.021666532302206866,0.009636454762339472,0.9481859072081344,0.0037971673091051097,0.011808817379648088,0.004905121038565893
140,0.007844567357241383,0.005219402869128381,0.957771560142137,0.0032340892623779855,0.02171604977050718,0.004214330598607867
141,0.010059187374812005,0.00765586908982959,0.9613075711196547,0.0043756661803067195,0.010849892551583497,0.005751813683813273
142,0.07876749583673895,0.027098516677152858,0.8146458936591146,0.012563914164014254,0.05130071805294891,0.015623461610030448
143,0.00796955861462722,0.006413705559613378,0.9757071129180432,0.0025505527079018606,0.004067976886338584,0.0032910933134758266
144,0.032249097752629914,0.01350715900957912,0.8541790359025215,0.005723823669258609,0.08666633262705722,0.007674551038953987
145,0.020208650364489884,0.012737497081833518,0.9411176514547144,0.005151239855504038,0.014396997755847518,0.006387963487610613
146,0.02846703440741892,0.012015038090159963,0.930777493890937,0.004968489875207409,0.016946406506054015,0.006825537230222551
147,0.04304187751839077,0.013705839483692238,0.8668765248866517,0.006132800403014193,0.061640612254448515,0.008602345453802746
148,0.03644300854559784,0.014469584414430213,0.8722825752589108,0.006446596675360001,0.06178735375691623,0.00857088134878496
149,0.006106897507632668,0.004481789030153197,0.9771539149803534,0.0035873135089118592,0.004191559677787793,0.004478525295161155
150,0.025795108344497275,0.018913127768724697,0.006390491948676492,0.9210503624822484,0.008587686056203917,0.01926322339964902
151,0.004728585705311663,0.004295253294902138,0.0024779871456830564,0.9790401214537584,0.003509518278801912,0.005948534121542937
152,0.0077536997551751795,0.004576938036942643,0.003389333548557337,0.9325920383116201,0.005076671193016089,0.04661131915468842
153,0.007689626091020468,0.005063972268265026,0.0032206565919751604,0.961034221500727,0.004908371065733301,0.01808315248227891
154,0.002643562171503046,0.002105669924878639,0.002041852655034491,0.9888084797596208,0.0028599862161896197,0.0015404492727736536
155,0.0022943803940748664,0.0020380820858636314,0.0020525234063379213,0.9890070980387099,0.002810722818938823,0.0017971932560751508
156,0.004152964021555217,0.003508554553306164,0.0027099742846541804,0.9844303455920935,0.0035664109779406073,0.0016317505704504824
157,0.0030976563386002423,0.0030577115621822594,0.002645812701780548,0.9870487916831326,0.0034369909146417708,0.0007130367996624668
158,0.012278859214750847,0.011022366634127834,0.004555222393786144,0.9617628396863699,0.006452486019050935,0.003928226051914119
159,0.0032529695904347333,0.0028898905238992725,0.0025890441991908244,0.9856501991881306,0.0036267745794322814,0.001991121918912442
160,0.003558055025576504,0.0034051772598848794,0.002755656128177706,0.9848156565188949,0.003751100916799441,0.0017143541506666863
161,0.027509854657759125,0.01893617320479584,0.006812740935683786,0.9041840823992536,0.009480063379026507,0.03307708542348172
162,0.003615552793983153,0.0040553944550357,0.003140020784291397,0.983869025384883,0.004086417411408825,0.0012335891703979616
163,0.0073585301238863554,0.006509524703529965,0.0034872430568591455,0.9747749394998019,0.004718623138753976,0.003151139477168694
164,0.020756697198838298,0.012953363004680528,0.005611201189171064,0.9366228615309556,0.007903938230963232,0.016151938845391147
165,0.01684902235741096,0.009461144266373156,0.0062875278539112735,0.9525660255659938,0.008798420297156984,0.0060378596591539
166,0.017494118022687067,0.009632595245605962,0.004744231422670701,0.8097926449468555,0.006958124396248256,0.15137828596593256
167,0.006151327126633441,0.004252596626950796,0.003455332444339146,0.9680452022980135,0.005216304249970345,0.012879237254092627
168,0.0033839791956713308,0.0024468398487726825,0.002604813429791835,0.9744313702938219,0.003726446366237884,0.013406550865704414
169,0.00409696793652698,0.003501991578631195,0.0033299098553728522,0.9783996302363301,0.004659966880710539,0.006011533512428195
170,0.0020533957976652142,0.002081014565813471,0.0020265140662059436,0.990482406666156,0.0027355866007834325,0.000621082303375915
171,0.004698214334264792,0.0036814609691682974,0.0027800077050394506,0.9800759714937086,0.0038511995298351662,0.0049131459679839515
172,0.005478784986476288,0.00319417959818694,0.002402351072637869,0.6124451295178979,0.0035416869106906952,0.37293786791411054
173,0.002660226610456784,0.0021119385639700055,0.002044780291482873,0.984304886521319,0.0028019874772438383,0.006076180535527508
174,0.0026809850823190052,0.0021710795580346066,0.001859282318554895,0.957818335056768,0.0027652912353228047,0.03270502674900055
175,0.007161692401956173,0.005472232274525247,0.00400306497270645,0.9746347185960811,0.005541315134955074,0.0031869766197759036
176,0.027378690027641935,0.016080746804320315,0.006649255613760596,0.8866119035950704,0.010879471158315019,0.05239993280089144
177,0.0025264171706300006,0.0031424962371652044,0.0025814653804751542,0.9881712822800058,0.003125275321264239,0.000453063610459427
178,0.0015826952886632694,0.0013769313439791987,0.001816166336098612,0.9922421231797363,0.002516234968806965,0.00046584888271545367
179,0.004013115091228821,0.003734475768006331,0.0031246574328202383,0.9830930821235428,0.004213879234827565,0.0018207903495738012
180,0.0645395754916042,0.021548912600796034,0.008272125469330946,0.32397829217292895,0.01353298584663396,0.5681281084187062
181,0.00748592532482509,0.006422499609734318,0.003453662224183665,0.9732070555672236,0.004769430806959838,0.004661426467073402
182,0.020074099852259168,0.018175448890360556,0.006403782039479813,0.9369761942568966,0.008372031844542377,0.009998443116461437
183,0.0017854733524590846,0.0016430967499090762,0.0017246460884516774,0.9908347151835505,0.002374230136281911,0.0016378384893479157
184,0.004658717225010126,0.0034913897724259827,0.003131938072890805,0.983197269203881,0.004260072563397863,0.0012606131623939996
185,0.0031142521981787673,0.0022786983883104363,0.0022601798997901696,0.9821751086829021,0.003202569534120529,0.0069691912966983564
186,0.0011746462052298291,0.0013276521616340533,0.0015181385526532646,0.9937842172671304,0.0019330680006740331,0.00026227781267853715
187,0.08713052943075386,0.03648125099725402,0.010881734507014481,0.4951589237559555,0.01530278803501532,0.35504477327400674
188,0.021103137498464375,0.010799154169757654,0.005861603347295004,0.9157155223074189,0.008498830059482746,0.03802175261758152
189,0.0027997042530075564,0.0023799164946830377,0.0018033912826855027,0.9857873365418786,0.0026126336791928747,0.00461701774855223
190,0.006009453548493981,0.0048376731029773565,0.0034821727727279562,0.9789729502921067,0.0048038552438138355,0.001893895039879938
191,0.012417512612613852,0.00839407786927989,0.005198495471732947,0.9575186836248514,0.007758917734753599,0.008712312686768331
192,0.0019475950784179578,0.0019700835019821113,0.0018361595533184563,0.9887743255482171,0.0025543468442092926,0.002917489473855104
193,0.0011965828388380575,0.0011931012631151484,0.0014673476021168218,0.9934097104925368,0.001950565394249938,0.0007826924091432599
194,0.03995860399027874,0.028873152669547972,0.0066403359913818245,0.435703441504749,0.008850910656468513,0.47997355518757406
195,0.012443446064946613,0.006923436433528402,0.003954026717413114,0.9248274387347314,0.0059373247536735835,0.04591432729570701
196,0.011420605000741742,0.006728288608959612,0.004041779649436688,0.9451492926859066,0.0064482562990028905,0.026211777755952733
197,0.010871772218615397,0.007467497592889959,0.004162545935242566,0.8295908278777018,0.006121882040209701,0.1417854743353406
198,0.0024988315522406985,0.002259096586139759,0.0019908021751695705,0.9890365913114715,0.002867554800235356,0.0013471235747431725
199,0.007712225812942428,0.005711105271177156,0.0036687134998377563,0.9715813038919278,0.005101972954983932,0.006224678569131289
200,0.037849981678247505,0.011396626496971157,0.014937502402825984,0.0095499088900319,0.9120242514375816,0.014241729094341838
201,0.01767148505389731,0.008353558824354939,0.04291384717080984,0.0031760392115425065,0.9230685907992697,0.004816478940125612
202,0.0030446298441554895,0.002486225301613788,0.002069311087683817,0.0016619478833288888,0.9883346938424078,0.002403192040810412
203,0.003881661710026853,0.002272573034818247,0.0029931178674359807,0.0011387369743223353,0.9878892452954808,0.0018246651179156443
204,0.021437409719193973,0.00925323347399344,0.026976203358671298,0.004295762118980249,0.9308948160107663,0.007142575318394864
205,0.0013212662715112585,0.0013556890926656395,0.001329040167318472,0.0008947042938801974,0.9938473471897065,0.0012519529849178066
206,0.0012212173142782075,0.001035424982400492,0.0017570373791720019,0.0008604040126494508,0.993911928813488,0.0012139874980121041
207,0.0016399301166494253,0.0011352276086590088,0.012284565895541303,0.0015523240063797258,0.9813760681811295,0.0020118841916411763
208,0.0010546610549046645,0.0011698654721840405,0.008591318420876475,0.0009791417528312249,0.9869202582643065,0.0012847550348977744
209,0.0047839535386618596,0.0035941739148402456,0.01647197937439494,0.0036775738374118985,0.9668027023148041,0.004669617019886688
210,0.0023107034901422023,0.0016954424786061132,0.00704670828519428,0.0010265327879876004,0.9865238952945444,0.0013967176635255236
211,0.002263577703736024,0.0016030961271987947,0.010252216546333365,0.0008224096322103738,0.9839200518752682,0.0011386481152534063
212,0.017440109287477027,0.009880600770186572,0.019912655055722733,0.012665393930648732,0.9214316094231916,0.01866963153277329
213,0.012303884146773013,0.006729152234981484,0.047207647880082526,0.002149411124070289,0.9286580615913442,0.0029518430227484438
214,0.009997231330650965,0.004857567657301886,0.06406806739740467,0.0037937788575320847,0.9125367545437768,0.004746600213333764
215,0.09226770076693006,0.02133028964294123,0.19859385706940752,0.0036869478078182826,0.6791716922364236,0.004949512476479542
216,0.003808465357558197,0.0026569549825710063,0.008611010609361824,0.0013683678171237514,0.9815525512897235,0.002002649943661581
217,0.07090523846501313,0.01811567827662684,0.051738208863180306,0.010798121762933011,0.8346638183884241,0.013778934243822533
218,0.17375670488235823,0.019846786821338617,0.039074374444337485,0.011879556847172448,0.7378286202106201,0.0176139567941733
219,0.07321574203054557,0.017798135832750004,0.03051322685560832,0.0055003515879192555,0.8644219027869409,0.008550640906235868
220,0.10456830517678671,0.024340705750745376,0.40825839576416056,0.012450436027628584,0.4353276349723741,0.015054522308304803
221,0.010174561828581345,0.004145945162256518,0.24879159077434135,0.001983966768457246,0.7317878938731565,0.0031160415932073504
222,0.00577749456793147,0.0030269908392406247,0.016997033264119322,0.0035935075357726013,0.9660349831172081,0.00456999067572777
223,0.0007784084367142564,0.0008419938674946017,0.006615516957667674,0.0010140793221490496,0.9893810389443501,0.001368962471624262
224,0.007394342868370833,0.0042386759449643905,0.006382856680033039,0.0013985200872174393,0.978577423401415,0.0020081810179995844
225,0.04922032792581453,0.013212309734671834,0.022913683791522713,0.004761656694138637,0.9027942218623339,0.007097799991518408
226,0.048658520014811635,0.012272104636424737,0.0443895004229304,0.008053912153599492,0.8766456562106536,0.009980306561580204
227,0.004822793051970231,0.0035126455437904246,0.0035751439221585494,0.0016965784376315092,0.9837973758197254,0.0025954632247236673
228,0.0016580222379974168,0.0013813456698857187,0.01064149507060061,0.0019690004052276516,0.9819543952791279,0.002395741337160831
229,0.01664819182571146,0.007562398280020955,0.15017457964271708,0.009711635366319834,0.8031142755447241,0.012788919340506733
230,0.0017443406489385637,0.0018218709337185029,0.022083763779335647,0.0013603223515144842,0.9712667005540265,0.0017230017324659187
231,0.022580365548455196,0.008670478256946992,0.010425431361571499,0.004232197090286274,0.9467924781258179,0.007299049616921974
232,0.005636916628957367,0.004164893900180501,0.007120806488915983,0.001247309588510697,0.9802195745715814,0.0016104988218537933
233,0.006593745392623554,0.004893178365586367,0.0049305681638666336,0.002902995789770472,0.9769792574751587,0.003700254812994266
234,0.0011297516233710954,0.0009316447338882793,0.0027922143911995496,0.0010533662358757018,0.9926490524344765,0.0014439705811889211
235,0.01626640797855777,0.006275546255074388,0.00993120578820986,0.0076336306103816295,0.9489043887749,0.010988820592876264
236,0.013913891079818306,0.007833973732421375,0.015832142211512128,0.009645436755851049,0.9403994636425475,0.012375092577849646
237,0.0011896275051316316,0.0014574685931906383,0.0010324939817122941,0.0013108862801155129,0.9933204349318041,0.001689088708045818
238,0.006089510561552378,0.0036420139749628465,0.10441034697928211,0.003167114314277524,0.8789129042365417,0.003778109933383486
239,0.10142344836210583,0.02641729899781463,0.5106841718472964,0.006512996038743022,0.34558691467899644,0.009375170075043815
240,0.001812519302650995,0.0019688449890817926,0.016650201212187427,0.001476616953310863,0.9763042986695931,0.0017875188731759104
241,0.003317796033763223,0.0020494396745347554,0.014963802303753116,0.0011283368416004815,0.9768633648851085,0.0016772602612399623
242,0.029461321043898085,0.011537639063829968,0.10511566243674239,0.0033813223197459927,0.8455475405289601,0.0049565146068233324
243,0.0043082229074485456,0.003055676629415204,0.005726252410247937,0.004109108446175207,0.9774461299027483,0.005354609703964496
244,0.0028306045294964484,0.002039712997748147,0.12441835442734057,0.001077948722253892,0.8681370693978357,0.0014963099253253228
245,0.001220321282452391,0.0012687098506470893,0.0029292393896056773,0.002221604524992467,0.9894464209862947,0.002913703966007912
246,0.005991534020323786,0.003544250847167266,0.005890402482943055,0.004645609688988239,0.973793845753579,0.006134357206998478
247,0.006389003704707611,0.0038317812008730905,0.06654215298212435,0.0015943294301242832,0.9196392622144377,0.0020034704677325496
248,0.025503568926768586,0.011101642034283508,0.009479110692608728,0.004626801616266882,0.9416428850524926,0.0076459916775800186
249,0.005638937944023629,0.004262918904903419,0.009808839472399532,0.0015677959300063528,0.9767156810657345,0.0020058266829324142
250,0.0017211638525168767,0.0016055806207036264,0.0016503719947133053,0.006285883040299238,0.002124791072596006,0.9866122094191712
251,0.012430995434869868,0.008280085660179135,0.005025498813385594,0.0780047972442297,0.0068571649824309645,0.8894014578649042
252,0.009413530857821572,0.007881163785889015,0.004496247368860618,0.028305426981814086,0.006319723811002368,0.9435839071946126
253,0.02060109787772513,0.008585871646819688,0.005575867558159776,0.005800568588334636,0.009867927441453211,0.9495686668875079
254,0.0036092458677306127,0.003218284962168635,0.0018515860895972577,0.007596458468809313,0.0026119211008915947,0.9811125035108026
255,0.02057749121763667,0.014477655829071175,0.008086850485786118,0.024329605948611367,0.011102749665323298,0.9214256468535713
256,0.006093427118934381,0.004791286290475413,0.0025591605657320237,0.007494198579479575,0.0035919632797483396,0.9754699641656301
257,0.000671818312829839,0.0009623899348098107,0.0008336386500796781,0.0016573617259233622,0.001198233021700778,0.9946765583546568
258,0.00810807838466189,0.004454069681723377,0.0031511429169901353,0.11295289863898171,0.004643528196815252,0.8666902821808277
259,0.001991087893018735,0.0016287130576749624,0.0015019742333218502,0.0038272925206505153,0.0021763278967753884,0.9888746043985586
260,0.0022560583831158815,0.0017872935630642137,0.0021896369932930047,0.00258606772746799,0.0031770170869764784,0.988003926246082
261,0.05724874961874611,0.021169017782044414,0.009122966347016554,0.021282308306105602,0.01607406332254508,0.8751028946235422
262,0.009828471017859346,0.005978282279400111,0.005336056355512903,0.25930835221449433,0.0075730534930714315,0.7119757846396618
263,0.0037849499914968917,0.0032247980269152574,0.002340033815222916,0.011388543802622197,0.0030221307185898665,0.9762395436451532
264,0.02112402096915847,0.014085869624847577,0.006554752094067762,0.11097131894665378,0.01003198946164993,0.8372320489036222
265,0.012165529821461647,0.005784397427955486,0.0036589278810590883,0.01958547541478093,0.005741112139629063,0.9530645573151136
266,0.0011443211579351994,0.001453160965762592,0.0014335229579276812,0.0022470272869617855,0.0018670993512567911,0.991854868280156
267,0.014979264231812821,0.010214472654851176,0.004539997110165719,0.05023556562226208,0.0064553139735379,0.9135753864073701
268,0.0038523717276608515,0.0037544361904960025,0.0023843969100395875,0.042386673771130076,0.003044796047332239,0.944577325353341
269,0.012672198767104369,0.007616016715794512,0.005873817106313601,0.015566050000777518,0.008734191410072353,0.9495377259999376
270,0.0021448287835851743,0.0021077123562994577,0.0016344761628534518,0.0018906298152783386,0.0023420508012460253,0.9898803020807375
271,0.0009125093886131399,0.0010553516582848166,0.0009237087482264445,0.019392219908742864,0.0012057943202306864,0.9765104159759018
272,0.06812930842870793,0.02453696448666797,0.010616158440269367,0.03276210428237183,0.017477802684608985,0.8464776616773736
273,0.013146021041840117,0.008458936560267555,0.0034540171183443063,0.024476491607207575,0.004988460096657358,0.9454760735756834
274,0.0021672285164441303,0.0019705974945434615,0.0017974760938643379,0.024008546789258654,0.0025921971194235176,0.9674639539864658
275,0.0015722621528650729,0.0014727917843552112,0.0010776135238788568,0.022274951976955084,0.0014289754618329522,0.9721734051001127
276,0.008854643147106206,0.00746264326786668,0.003681850175833165,0.00565703474433622,0.0054045080097614,0.9689393206550964
277,0.005188514160694893,0.004135226081984007,0.0030713186284048424,0.005153584697413964,0.004496428779914993,0.9779549276515872
278,0.2864327865304028,0.06610129360439676,0.021534373790260172,0.09564326673281609,0.03895710044868226,0.49133117889344213
279,0.003751351962742071,0.002684360580276608,0.00218139444357812,0.5693557080424548,0.003299452650681494,0.41872773232026705
280,0.0035689147268566706,0.0027623591493371492,0.00230615521493675,0.0028368627446119237,0.0036353239931932292,0.9848903841710642
281,0.001986541198428671,0.0020189749934518605,0.0018909996186053353,0.0004633326279180911,0.0026393152084846923,0.9910008363531114
282,0.010350745470329338,0.007655876077166403,0.003465859358087969,0.008666639107049961,0.004906525077661987,0.9649543549097045
283,0.003427116235548194,0.0028982021513026426,0.0021367217116934865,0.012942179426995418,0.0029985607797934142,0.9755972196946671
284,0.011956098948778268,0.007076211594745664,0.004374407970593287,0.035588975836903694,0.006619039983364771,0.9343852656656142
285,0.005483944457500135,0.005590070423677498,0.004180231191332507,0.00965510243065893,0.0057770867997163815,0.9693135646971149
286,0.0031069586745325166,0.0031256561875866525,0.0025040329785473736,0.0035921966629442422,0.003411281781666949,0.9842598737147225
287,0.01660187292322514,0.009399332504489703,0.0059807768989197,0.06180518881515182,0.008849915743308248,0.8973629131149052
288,0.0050921739753673305,0.004137855930250652,0.0030433158107306376,0.01576940272876186,0.0042291201827004835,0.9677281313721889
289,0.00785408599912905,0.005580628994268706,0.004267207991903388,0.0030187130182978135,0.0066106719849547855,0.9726686920114462
290,0.012556725571581833,0.010814070390061247,0.005644432678989633,0.007985593504460776,0.00786138544225815,0.9551377924126485
291,0.029738064692181012,0.014683059946616304,0.008558412892435927,0.03624946025979009,0.01369110450657552,0.8970798977024012
292,0.003103115012415553,0.003005968530366423,0.0021113632308399468,0.1339063032739064,0.0026417833700511035,0.8552314665824209
293,0.03021600983169585,0.012604109240646375,0.008260753552297065,0.052291257099258276,0.013921610691455094,0.8827062595846471
294,0.008873062593908883,0.006990922326974258,0.005474935239593672,0.015477790971067197,0.008030507268455403,0.9551527816000004
295,0.03163781550850497,0.013111821337143493,0.008471576707320447,0.011597891999070704,0.014284133500408434,0.9208967609475518
296,0.006296036659698045,0.004564278994796826,0.004070918333989882,0.011557674599255614,0.005697316709905297,0.9678137747023544
297,0.021045935146121835,0.012940278822513591,0.004856689802961488,0.009305729617139153,0.006837134154287372,0.9450142324569767
298,0.03170934487187486,0.016882214350276523,0.007382603758234041,0.257996499419059,0.010589479694527011,0.6754398579060285
299,0.001726092578860494,0.0016631165348033824,0.0015997677653716755,0.0013031209637347325,0.0023649322739298655,0.9913429698832998
