,proba_0,proba_1,proba_2,proba_3,proba_4,proba_5
0,0.9629627776146519,0.009943551825560823,0.0036870518312451745,0.007380103965334154,0.004949746736671515,0.01107676802653651
1,0.9247198472682966,0.019414487084573075,0.028438265969880527,0.0030374060490519312,0.021051728558783504,0.003338265069414262
2,0.9619764892992207,0.01217540120139619,0.009667490185704447,0.004704056132741243,0.006566138147100355,0.00491042503383702
3,0.870843708252055,0.02062524583712929,0.017286162157408858,0.023817682712014263,0.023627188689487082,0.0438000123519053
4,0.9328203414604086,0.009072540976242095,0.009384229992920353,0.007928058697056399,0.027704229322220192,0.013090599551152347
5,0.9661876078281384,0.008564146531705041,0.010180753905251083,0.0016997424181567544,0.011563344005713405,0.0018044053110353217
6,0.9356566379213549,0.04022908123566171,0.006464356728138988,0.0044090149049336004,0.007838479751887652,0.005402429458023308
7,0.9362262650904242,0.018280381392268834,0.0070151676621047244,0.013029256183401302,0.008972815906519374,0.016476113765281436
8,0.9573196230451441,0.02680473273332505,0.005569826656616942,0.0019539703799435833,0.006111064900938854,0.0022407822840315892
9,0.9833244329653299,0.006618525570333726,0.0030958293795582334,0.0009380184442624563,0.004930156174535398,0.0010930374659802108
10,0.9444206271130058,0.007285970501992841,0.004956842950609189,0.014131854701263819,0.0096979171538367,0.0195067875792919
11,0.9572476409293552,0.006234378079552454,0.011414878705961428,0.006860447941472571,0.010164088704003552,0.008078565639654874
12,0.9595621933996265,0.010096463602877526,0.00784363129726113,0.008921984314019095,0.005647484553573049,0.00792824283264306
13,0.9529742885739992,0.021144813808489746,0.01088127909666351,0.002356864141003841,0.010272434606380955,0.0023703197734624066
14,0.9580817882209699,0.009401619111558448,0.01179741721567595,0.0026392573593862364,0.015241407048212164,0.0028385110441970693
15,0.930432474704368,0.015767076064823235,0.008927016476983983,0.006408253493692958,0.02763779414319106,0.010827385116940874
16,0.9063367805394534,0.0705438318774743,0.007225986294351313,0.003907985764145232,0.007634491946309846,0.004350923578266245
17,0.8722027838359732,0.09940480469519303,0.007435813398171099,0.0033392699549811204,0.013922242514650273,0.0036950856010316024
18,0.9778395017168402,0.005004497575265381,0.004049195962108487,0.0024561946418380784,0.0076116571176460274,0.0030389529863014833
19,0.8172213031611856,0.13797586392310365,0.011705769458003208,0.005192315497086286,0.019878163084992306,0.008026584875629334
20,0.7274884650947129,0.16270574491381512,0.011921017863565624,0.03135747015669329,0.012828158802431272,0.05369914316878185
21,0.9505902851599414,0.00688610576289232,0.0034775048172259,0.013134461209334279,0.006773465809803381,0.01913817724080299
22,0.9671846106532681,0.015180255343019033,0.004468857599016731,0.0014762946324754697,0.009528435853436639,0.0021615459187841607
23,0.889515883152142,0.08477071352971904,0.005056008905614786,0.0060343300459697585,0.006962786306386438,0.007660278060167584
24,0.7952968565073832,0.05407505654012105,0.044961334807385275,0.00819079310883417,0.08512201120365556,0.012353947832620301
25,0.8658118865861553,0.027480026082861157,0.06720794647287436,0.00947336661143685,0.02183043880401615,0.008196335442656726
26,0.9814578148596144,0.0036509157841965044,0.003317877418674564,0.0029928588054594883,0.005142621681382976,0.003437911450672399
27,0.9189969005809218,0.025727673052644284,0.009780530225854659,0.023769307552978965,0.006760764381470176,0.01496482420613003
28,0.8519982932712583,0.0743639372560937,0.029382795216492626,0.015031830283707887,0.017022824746344856,0.012200319226102737
29,0.9535419507235234,0.007242693527220281,0.011354514190247172,0.002135444076847696,0.02291335872716882,0.002812038754992508
30,0.9709549813576346,0.007288893321410527,0.007309051278464367,0.003266304469000432,0.0074774173788241804,0.003703352194666367
31,0.9740122770782891,0.01576028482363167,0.003088721264728504,0.0019837354117881417,0.003170273634850402,0.001984707786711975
32,0.8657961106888872,0.06938995568503593,0.007216049291503102,0.015252803270445326,0.013457070579157524,0.028888010484970868
33,0.9017106050019345,0.019139308696808088,0.025013215021082086,0.021627442308742015,0.013438503692444684,0.019070925278988453
34,0.9296054099070645,0.03248883310620993,0.020950046262043245,0.0024185010983064506,0.012359463520614608,0.0021777461057613523
35,0.9652681847520899,0.012449511964911205,0.0044451860991765275,0.005126729878309703,0.006571021741943344,0.006139365563569521
36,0.6536499358567226,0.06139342036183231,0.05419556565398857,0.008724971292737988,0.20976592111172632,0.012270185722992393
37,0.9667637490668755,0.006578217590025575,0.003088751042651686,0.006929619217429349,0.005940657500145111,0.010699005582872671
38,0.9317988419256907,0.01634018933955876,0.014582624999990138,0.00257705999328424,0.03140981848677343,0.0032914652547027007
39,0.9126365597531146,0.04490234386212813,0.016429954729809855,0.0022598892100950847,0.02107255355083806,0.002698698894014257
40,0.9003786264245885,0.07640330899343742,0.0037682556573609394,0.0054027062895429835,0.007835826018655151,0.006211276616414938
41,0.4544315511104302,0.49889762230098883,0.007749975220295968,0.010231204372317042,0.013106685482618197,0.015582961513349772
42,0.7449109640370919,0.08606581532101155,0.08175092273940382,0.00842897081415781,0.06919121753803424,0.009652109550300624
43,0.9616408606627065,0.019343327071657104,0.003848418882271668,0.005052374237606631,0.004455952669663867,0.005659066476094431
44,0.9493846869250034,0.011463695867251385,0.013123304510480977,0.002124799853191693,0.02131236277584454,0.0025911500682277706
45,0.8480934734546284,0.02694374678312664,0.046112079733056956,0.004309873595492729,0.06916272258942927,0.00537810384426577
46,0.976757310939842,0.004705766184842058,0.005400002823054429,0.003832872882906875,0.004792420776726267,0.004511626392627912
47,0.868413411580195,0.022022404597059383,0.04964421519715178,0.00553088422528551,0.04751281390567497,0.006876270494633238
48,0.9756017229273406,0.008700357920324229,0.0025554276299789985,0.0038122652072458013,0.004452668021069366,0.004877558294041194
49,0.9691168072354946,0.013447571090124587,0.0036042354099381914,0.004562906702171782,0.004288530534606374,0.004979949027664577
50,0.0198669069079483,0.941035715702038,0.007218315799096205,0.007328041253205523,0.014783405688688635,0.009767614649023718
51,0.009317141856338779,0.9551435800882522,0.008234277377192118,0.006044749219810737,0.012641631156302874,0.008618620302103475
52,0.04798136543090948,0.9046788932437693,0.013192109214302876,0.0049723239905421325,0.021922030899656164,0.007253277220819547
53,0.029362711202769114,0.932929505349977,0.01124229613182205,0.0051502217228158445,0.014768292385691459,0.006546973206924406
54,0.017718716331256223,0.9545239887937715,0.0039414200372998075,0.007375012367630594,0.006547015327365277,0.009893847142676312
55,0.009146548506877105,0.9517502061539189,0.011179855649932619,0.005776773076439087,0.014431933178089336,0.007714683434742721
56,0.018248267125787778,0.9120710106583809,0.023211351102577108,0.005770159676689443,0.0323268276094017,0.00837238382716314
57,0.17624846197040936,0.7630127112028317,0.009333260410909901,0.016301466252709805,0.014648450808380368,0.02045564935475897
58,0.030702505271649805,0.9295971176582767,0.014021806056975944,0.004367611514275262,0.015910063458865097,0.00540089603995711
59,0.1364626740502506,0.8184486911715793,0.008945859218590197,0.008496562100912639,0.015134860388323323,0.012511353070344235
60,0.11971955439470383,0.8153484254205825,0.007698441147494508,0.018601302095861773,0.012319948046747159,0.02631232889461022
61,0.008945136172424385,0.9417629560367011,0.020015067694207755,0.004768429171659241,0.018767810922763622,0.005740600002243784
62,0.026043152405033586,0.9495860785319274,0.007207613441523522,0.0030597617995754877,0.010355613679583556,0.003747780142356729
63,0.034684814338534466,0.9233882695563557,0.011866717681808098,0.005344335412372824,0.017296936341861375,0.007418926669067343
64,0.02517660822416275,0.9405598776065607,0.00679790623044118,0.005665011674831186,0.013227839469447555,0.008572756794556661
65,0.011747846484014517,0.920275523116411,0.03423048475146466,0.003892568286211913,0.02487797198351647,0.00497560537838132
66,0.008179128078853693,0.9625865847251391,0.008878112374417161,0.004363431113642223,0.010866818046994695,0.005125925660953213
67,0.01092423675860537,0.9489556755667777,0.012069423414956523,0.005596755932005527,0.015383363734536807,0.007070544593118169
68,0.01590374703235659,0.9629318695643646,0.006473731685014531,0.00291618455837062,0.008061059732582714,0.0037134074273111914
69,0.011089422452504067,0.9647852450929089,0.007633136991730449,0.0033486284889401347,0.009144113196112046,0.003999453777804176
70,0.030492949969089907,0.9271316766697407,0.010338465189660577,0.00929073897095679,0.01317052492179155,0.00957564427876063
71,0.0944131952816751,0.8475457363316881,0.018798992315939456,0.010629233801604694,0.018311969597974213,0.010300872671118273
72,0.029277167355494675,0.939169560228537,0.007360853023802766,0.004875880381591288,0.012336537410842442,0.006980001599731741
73,0.013500272894716682,0.9579131379287565,0.008784590521163023,0.003392312283529439,0.012007409144205382,0.0044022772276289595
74,0.01785710683303349,0.9619275747357678,0.006791012649129318,0.0030916817281499724,0.006738362852308602,0.003594261201610732
75,0.01028298502013016,0.95050126213259,0.012462548780251319,0.006752616021519516,0.012189811714966099,0.0078107763305427244
76,0.023088299216525613,0.9354381554910349,0.012234150497116306,0.004343240197069935,0.018527804277909267,0.0063683503203437975
77,0.008358214425644503,0.9628078459093343,0.008146581329809383,0.004232274144335239,0.011512557996962127,0.004942526193914481
78,0.021329348693952494,0.9214793131506065,0.02476268579187365,0.006261685535159981,0.019440783284123905,0.006726183544283373
79,0.014704368592885944,0.9538959500420959,0.010272192605921673,0.005011193139832075,0.010530357032760087,0.005585938586504232
80,0.04735945893075557,0.926894638682238,0.005435284930260456,0.0056621804808189916,0.00776716538585991,0.006881271590067381
81,0.01708282300346998,0.9553668255370534,0.009125608425874242,0.0035886496719136456,0.01013678776660132,0.004699305595087309
82,0.013160980694739479,0.9575488908379763,0.00951325926045519,0.00278666231127387,0.01343378862389829,0.0035564182716566347
83,0.09921720923949451,0.8143220125175596,0.018106293740956833,0.02651275517556345,0.015960146794082104,0.025881582532343524
84,0.03642692398967344,0.927191144863395,0.008668402777038465,0.004918959689241666,0.015720771325082747,0.007073797355568472
85,0.020712542965325702,0.9391572177097847,0.013697033631539297,0.009242306046318495,0.010497944837435685,0.006692954809596166
86,0.02199221670267806,0.9353169075694501,0.008606206231832425,0.009128810002135194,0.013590909360478543,0.011364950133425837
87,0.026833429064988285,0.9474755671916438,0.0069370720063192115,0.003222376582986653,0.011427849970738143,0.004103705183324336
88,0.029266615309906083,0.9098910059025782,0.010593252200202088,0.01904102592364256,0.012691130096547577,0.01851697056712373
89,0.014125978687605605,0.937234512536168,0.005624743341292621,0.01418154446490117,0.009273353792107936,0.019559867177925253
90,0.028672706011047697,0.930375328817966,0.009269832342744498,0.009611980851253983,0.010632689912756095,0.011437462064231617
91,0.03447792395426575,0.9365386190626854,0.009545406014271235,0.0030642515446380387,0.01222397349524855,0.004149825928891025
92,0.039131907115964974,0.9325065668609935,0.007956467868099348,0.0035206638638453614,0.012097663935318168,0.004786730355778804
93,0.008210417892369105,0.9452047710702861,0.023305367344754788,0.003566859144895685,0.015390989435755705,0.004321595111938446
94,0.12488958061924148,0.7943009211909531,0.014229856301672755,0.01953079828732555,0.019555967706395585,0.02749287589441181
95,0.007145739111295214,0.9632872139298813,0.003961468292111399,0.008668031806152117,0.006657071339309234,0.010280475521250852
96,0.011393332638073163,0.9595597023926561,0.007031621391837814,0.0038850580014440014,0.013013925366436474,0.005116360209552565
97,0.03290386845739042,0.9150090105661496,0.009911282222006924,0.01563985339446261,0.011889043178107732,0.014646942181882727
98,0.03147440525438334,0.9316530029608538,0.008262002061900031,0.008233252640607312,0.009872291251152254,0.010505045831103156
99,0.04165658060735108,0.9005622636001069,0.009927018905672052,0.013170275669751833,0.017385674190412648,0.017298187026705217
100,0.015231575036491996,0.010858649646838432,0.8060120259023792,0.007449665946603581,0.15004135419337747,0.010406729274309435
101,0.001731077209540872,0.0010641282038615894,0.9899759943496177,0.0024061074764256613,0.001411229909678151,0.003411462850876279
102,0.004602582173063456,0.002692134119162395,0.9817302293855297,0.0025148489118420876,0.004945141205947726,0.003515064204454526
103,0.003917674295256321,0.0031754766226982484,0.9855233278546023,0.0030122003716019125,0.0008190715039126455,0.0035522493519288124
104,0.0026110585547919184,0.0015327417707848986,0.9897858805364983,0.0022989291266799906,0.0010540100571647547,0.0027173799540799737
105,0.009804909538252596,0.005306394868735788,0.9698058413107309,0.004513818666710552,0.005594666850495889,0.004974368765074356
106,0.0368527233524045,0.016729523258068202,0.9097002939734532,0.009990063198782772,0.01734670727933352,0.009380688937957904
107,0.001563551448032484,0.0011711101904885862,0.9907809353696646,0.0029811573990884965,0.00041439762590507245,0.0030888479668206644
108,0.004558463485315747,0.0026092430534602083,0.9811556903955451,0.002979909259695813,0.005154358129070496,0.003542335676912485
109,0.0015458215629725318,0.0012299935252948879,0.9908645969790393,0.0020184147943534225,0.0016796118388740706,0.002661561299465677
110,0.18651867522341176,0.05577643700637878,0.27636485362545826,0.008434908458736493,0.4628070370849474,0.010098088601067048
111,0.029374261100074215,0.013207254316836628,0.9226867208371051,0.006670922783123478,0.019677779890081248,0.008383061072779302
112,0.0030988029600570945,0.0022883753042340286,0.971906184459575,0.003033220078021502,0.015627076127692638,0.004046341070419384
113,0.002423817255496687,0.0018453612614504659,0.988787158798876,0.0020004915482580558,0.001963103703540709,0.0029800674323783587
114,0.0037037966390761497,0.0024964861344436793,0.9860704344849007,0.002906632922784939,0.0015239063269577367,0.003298743491837049
115,0.002885250331043339,0.0020163830285955197,0.9876710602151104,0.002781095565839827,0.0009234784607999034,0.003722732398611204
116,0.004090579639682608,0.0036459150675916593,0.9840590972670371,0.003634345925651502,0.0010444689101762237,0.0035255931898610943
117,0.025892824712834904,0.014071556517839548,0.9250216097024565,0.009141657122267595,0.015438005677256445,0.010434346267344581
118,0.002311541487018946,0.0016064098913253395,0.9893884814452591,0.002314936749171331,0.0014298824014457813,0.002948748025779631
119,0.007010648463791851,0.004841677568300672,0.9730340310665658,0.005172227518119758,0.0035506441862591,0.006390771196962492
120,0.013672136077343423,0.007334029004121077,0.9628704979464792,0.006219882518516769,0.003953015323787555,0.005950439129751704
121,0.002329112521455364,0.0014142230416292118,0.9171020499303585,0.0018969980859133773,0.07456284952192177,0.0026947668987217788
122,0.0017636361938893734,0.0011979284372876915,0.9896660851741135,0.002899542141126493,0.0009113442670068215,0.0035614637865763943
123,0.01728691700373609,0.010498209676224762,0.9437413885526892,0.009888632765483445,0.008887982312083617,0.00969686968978279
124,0.23377614356288368,0.0681241949065556,0.5433762840062729,0.017512543405657863,0.1210236148536808,0.016187219264949333
125,0.04623895783226903,0.024567626942999143,0.8366696209717119,0.008505343184422514,0.0745099428615636,0.009508508207033875
126,0.0019756502224097332,0.0014504062034717742,0.9898235362950255,0.0017909517823221832,0.0024046250317182674,0.0025548304650524103
127,0.2342468905607432,0.07155426645212776,0.5231267594216417,0.013815633492493148,0.1406949400710742,0.016561510001920226
128,0.020129291159231805,0.011206849966985762,0.9498155425777189,0.007694516712752445,0.004377443174890618,0.006776356408420476
129,0.025002264851396432,0.011513829668922282,0.935000970022501,0.008359873564420342,0.011729099663285808,0.008393962229474009
130,0.0017109675998735706,0.001613115942725844,0.9897294167699865,0.0029385256531502353,0.000588841278573832,0.003419132755689974
131,0.002316916112887802,0.0018146891460268592,0.988689272347799,0.002899738777696272,0.000668787582303051,0.0036105960332872443
132,0.005363326320251794,0.002644647775338091,0.9342946799592154,0.0024926878329687287,0.051688066942010356,0.0035165911702156978
133,0.00894937307179644,0.004959829628035709,0.9734886583187001,0.004985515088998152,0.0020530373021715414,0.005563586590298429
134,0.005145912295600406,0.003175704031051805,0.9543335800508211,0.002649943589740028,0.031127468551474084,0.0035673914813124682
135,0.01238076301217119,0.006838629243941306,0.8293472452108748,0.0037858735617253597,0.14258905081308737,0.005058438158199975
136,0.0690131168832065,0.03458942578543179,0.8183405688692666,0.012157642155065556,0.05097449728728864,0.014924749019741187
137,0.07824755194992081,0.02841206101382422,0.8067169979557447,0.01127829717292258,0.06176770267261714,0.0135773892349707
138,0.003684206202128545,0.0025556941804248923,0.9823916528181676,0.004062578611278726,0.0023770574457074476,0.004928810742292764
139,0.006411551442728587,0.004608745345798251,0.9528256776116591,0.0038945716938885017,0.027139091123005832,0.005120362782919624
140,0.0074434549376854574,0.004973940700804799,0.9754317099435867,0.003208961825027194,0.004719882652346148,0.0042220499405496445
141,0.0065538600462764956,0.0042684004230204575,0.976522503853122,0.004742798583303155,0.002065985373603697,0.005846451720673977
142,0.04095052227072189,0.02612211053025816,0.8896168879713111,0.015102005327270195,0.014693807730024629,0.013514666170414212
143,0.004106662121372706,0.002676296069737452,0.978032807956044,0.0027059568797124893,0.009257219367025405,0.003221057606108109
144,0.01571892423828897,0.010230148129020863,0.9481725996468645,0.007063474919741431,0.011877792476268892,0.006937060589815161
145,0.014601208573330627,0.010242004356568423,0.9440510410323069,0.006599069131467017,0.01563379656552584,0.008872880340801316
146,0.02208853824053762,0.011558282050655703,0.9209176598573312,0.005225330852080453,0.03320923314032871,0.007000955859066511
147,0.017021664887255473,0.008933461281188528,0.8440445874125047,0.004888818640838543,0.11845160166081113,0.00665986611740193
148,0.020522308058180196,0.011309452632207763,0.9429224311230412,0.007773716692947761,0.008771204346561529,0.008700887147062117
149,0.0022365838942772142,0.0017566308854946417,0.9872655548122249,0.0037941032665680906,0.0008641321960802488,0.004082994945355154
150,0.019350921701328398,0.012684569476891136,0.007617784826803055,0.9018456991585675,0.007691192176332059,0.050809832660077756
151,0.0029656999443807273,0.002453720520016876,0.0026143367534588683,0.8895810152201762,0.002445953297594055,0.0999392742643733
152,0.005588571941176503,0.0037377470586706773,0.003484615805093468,0.9595362979793517,0.0032456902435816994,0.024407076972126136
153,0.0072247756605148105,0.0041390485615921645,0.0039802648929728925,0.9139181474030404,0.00409559120383974,0.06664217227803998
154,0.0016688828025172896,0.0011665933469955764,0.0021642422937211223,0.991622251696968,0.0015978531276660453,0.0017801767321318003
155,0.0018326223371855348,0.0015139226952640048,0.0025703006137897397,0.9827779575324601,0.0020004407703114765,0.009304756050988816
156,0.0035064064036278457,0.002732942359010687,0.0037569269552349244,0.9850688076725532,0.002803490274671892,0.002131426334901514
157,0.0019841233956921283,0.0015781114236204966,0.002982028108126288,0.9909892843323371,0.0019969895844306252,0.00046946315579345815
158,0.010031544753461227,0.006724549192943637,0.005631832128085621,0.959585986360763,0.005092690484749303,0.012933397079997137
159,0.0037342439306915624,0.0028958396700871514,0.0038589549732606465,0.9854165620448199,0.0025107117270317704,0.001583687654108765
160,0.003564433684028962,0.003203927036126798,0.0029390670592547652,0.9801497964269675,0.0026815546313071616,0.0074612211623147524
161,0.02531995372724981,0.0179070891182078,0.008334012095149777,0.4841847541078964,0.010417057115387852,0.4538371338361084
162,0.004382378337334307,0.003090550998798991,0.005401384622464891,0.9803083360676534,0.003510877657047226,0.003306472316701396
163,0.005629251079107953,0.00403489049564111,0.004514368015507938,0.9043055759552063,0.0032209333438702843,0.07829498111066611
164,0.027298991795624047,0.017591339654281193,0.01092515900358564,0.9252626972719076,0.0084847924340359,0.010437019840565573
165,0.016271500767201776,0.010519374524850952,0.00925756959078255,0.9498437466699771,0.007747828132996404,0.006359980314191361
166,0.025691263152118036,0.013090106244307117,0.007919343950358315,0.843979192322485,0.008262833774196031,0.10105726055653559
167,0.00547439838050197,0.003398759955639677,0.004422888168006431,0.9549821365124713,0.00404823331873475,0.02767358366464584
168,0.0030715912002645695,0.0021795928939919197,0.002527241683500162,0.9736107716394858,0.0027784513503617946,0.015832351232395493
169,0.0030852798872403543,0.002395464404321286,0.0029371874590256746,0.975624800817657,0.0027963754736244685,0.013160891958130909
170,0.001676229045936493,0.001276440004107986,0.002462361904170602,0.9917801050206042,0.0016348665849490796,0.0011699974402313218
171,0.004191616628602258,0.002890035439673665,0.0034779141995129868,0.9847896200278685,0.002494582663170137,0.0021562310411723513
172,0.004487281233516707,0.0034035725495740366,0.0021457142718336957,0.3915532345140403,0.0027869532272664873,0.5956232442037688
173,0.0030626117227890042,0.001963790982120485,0.002439264672696593,0.9815922376593156,0.0018367982296783312,0.009105296733400018
174,0.002379493688425945,0.0016358601323283569,0.0023013589070785398,0.9813883753991031,0.0022237267758109295,0.01007118509725311
175,0.005990869508336759,0.004661113182001184,0.004515502057578027,0.9786485958434811,0.0032251818126133426,0.0029587375959895766
176,0.023259926716052582,0.011135463778815736,0.008744696338172438,0.816872047294065,0.01010057059548112,0.12988729527741358
177,0.0016823728985288977,0.0015255515377031418,0.0029094582821081365,0.991614080942479,0.0017650122338235925,0.0005035241053571946
178,0.0012660054573575138,0.0010104108725244544,0.002039829707274276,0.9935160548752453,0.0013347494007140506,0.0008329496868845149
179,0.003937375257429006,0.0028051424320343532,0.004496632951298828,0.9827358201547374,0.0031529760190594025,0.0028720531854413874
180,0.042551760344574176,0.01657862057450814,0.009348888887611434,0.03632169278282712,0.016044745490461868,0.8791542919200173
181,0.007040334655257791,0.005171621324732113,0.004551197143895408,0.9355529650321333,0.0038042961316397217,0.04387958571234173
182,0.0328408711970545,0.018250500422949918,0.011147218322003175,0.5793740038221182,0.012415531308858481,0.3459718749270155
183,0.0011970914030662292,0.000930619917900846,0.0020180033111704635,0.9922440979550892,0.0013686535141342513,0.0022415338986390672
184,0.0023982739735617375,0.0017414192630377406,0.0029468519399112963,0.9892205854521819,0.0020921523262153524,0.0016007170450921396
185,0.002487130090863827,0.0017057017208291579,0.0028925544585600826,0.9679408725448022,0.002714228516458003,0.022259512668486626
186,0.0018294706995187087,0.0016884100808019634,0.0027019691697305307,0.9895469174341414,0.0017217447093492255,0.002511487906457922
187,0.10271690693421832,0.053185180219269795,0.021005344852858775,0.7430116173711548,0.02036206753247653,0.0597188830900221
188,0.015604121965299422,0.009675280555237139,0.005763132270424339,0.6775330182445788,0.0060705244039903,0.2853539225604701
189,0.0019088809179375929,0.0014161540467340684,0.0019461158763110938,0.9558663073049821,0.001876763200325649,0.03698577865370971
190,0.007000924329537267,0.00480241752501274,0.004541593582611431,0.9744278780582896,0.003518726946994784,0.005708459557554245
191,0.008786615062028517,0.0062664253626060415,0.005975789976839798,0.9709084191823188,0.004293743084559734,0.0037690073316468844
192,0.0022098599430491676,0.0016759666271038403,0.0023486060948133907,0.982098554391696,0.0020549074306574562,0.009612105512679681
193,0.0012081140920946853,0.0008953072370458455,0.0019490720462621456,0.9865451890845922,0.001483506514366947,0.007918811025638213
194,0.04504242775310989,0.03253281166485799,0.00887887476973503,0.5138369032020326,0.013442621777027356,0.38626636083323723
195,0.009995871522800936,0.005867016258918549,0.005005141665758097,0.9319888034360341,0.004891587462618903,0.04225157965386945
196,0.008867720073111297,0.005212427363466781,0.005974013393736804,0.9470613467940058,0.005483601200479081,0.02740089117520016
197,0.008605876657044242,0.006274979484547644,0.004328999723386049,0.9725794676280426,0.0033134843180051654,0.004897192188974128
198,0.0024860079783874584,0.0020019494638896162,0.0030777986601375636,0.9838165867656745,0.002182183232432987,0.006435473899478153
199,0.005701086648015082,0.0036560574637618274,0.005304175568223389,0.967468870307374,0.0045183681282509455,0.01335144188437467
200,0.013846281070734635,0.006582464379837097,0.011134259145148283,0.009085217274601988,0.9470660948550613,0.012285683274616646
201,0.007390870978138214,0.0077159505508622075,0.18457318151297858,0.0029116160452439146,0.793041222920442,0.004367157992335142
202,0.005200169727911732,0.006041505420284628,0.004448359929107638,0.0009662375643719373,0.9821141184442912,0.001229608914032518
203,0.0025710467308889566,0.003154328113247819,0.0020871735426116356,0.0011643644805316728,0.9892770307930537,0.0017460563396662905
204,0.012117043996292876,0.009165084778281561,0.05980546808043569,0.0036868934831749676,0.9095900921257041,0.0056354175361106795
205,0.0006931957465718232,0.0011782136815465048,0.0006419926253682884,0.0005962082160545766,0.9961027736047063,0.0007876161257524001
206,0.001019386159707621,0.0016071326305047648,0.0008793957847791464,0.0006871368880208223,0.9948939456371627,0.000913002899824704
207,0.0014581520859763826,0.001339486042606261,0.0019992008028146668,0.0015324744431075743,0.9918231704001339,0.0018475162253609404
208,0.0010865094517429883,0.0016649713984116844,0.0038746983834481116,0.000789765025839763,0.9915810554986727,0.001003000241884462
209,0.0027418977572272124,0.0020997198390553607,0.023171252177335427,0.003553754703571325,0.9642341051366867,0.004199270386124084
210,0.002233738537413525,0.0029973552223779413,0.0027965334328186003,0.0008482697014930733,0.9899684355969631,0.0011556675089333748
211,0.001319858949594443,0.0016420931455415045,0.005415938998347582,0.0007997032477465441,0.989781214435085,0.00104119122368451
212,0.007577272065335897,0.00516861450800249,0.03517332478125853,0.017452272693272288,0.916644986674798,0.01798352927733246
213,0.015671810595870157,0.0137289815103024,0.021965542631640914,0.0016918872095921772,0.9446552794181924,0.002286498634402047
214,0.012762939787742669,0.00771804911870153,0.1355084489520832,0.0027731972581257094,0.8381497282847765,0.003087636598570817
215,0.10567956175078132,0.047797536218787955,0.057852327956990184,0.0059119940020792554,0.7750008134004673,0.007757766670893896
216,0.0034065553441069924,0.004654098750527739,0.021137412794351364,0.0010910137589860386,0.9682655641584293,0.001445355193598756
217,0.029302017731553016,0.013684281303710348,0.019691918238070264,0.01150987077386963,0.9106854714801023,0.015126440472694513
218,0.19114112118810775,0.04546383087837195,0.05060861155882243,0.015476793076352392,0.6778971090448268,0.0194125342535186
219,0.05464057872181471,0.027918951796738298,0.18700555677704428,0.005819590930234299,0.7162952545549061,0.008320067219262713
220,0.10581129381043812,0.04695929744497548,0.40833321381675475,0.022460181259154596,0.3898432961817938,0.02659271748688303
221,0.006478921685006912,0.003936636319104062,0.49933512639169836,0.0021606491666014546,0.4851049005257691,0.002983765911819599
222,0.003910032092526011,0.002993928424162879,0.0034594429381128674,0.0027791100727537306,0.983453178575482,0.0034043078969625126
223,0.0007590114383501111,0.0009449382047941083,0.0007865842239120868,0.0011047859607519312,0.9950130214048182,0.0013916587673732815
224,0.007852166840929549,0.010081726781852846,0.011164497068904863,0.001724788162297548,0.9666425924263171,0.002534228719698321
225,0.029678254096834732,0.02434700381324509,0.09326230261309221,0.004109880837914188,0.8424991845767504,0.006103374062163232
226,0.031507767355519786,0.012620450845553107,0.014977555986630265,0.007385618315851605,0.923744331652851,0.00976427584359444
227,0.005592192164885132,0.006998244295680051,0.012962941690347164,0.0019175786426098122,0.969668367224692,0.0028606759817859217
228,0.0013724675712218292,0.0021216605638363323,0.0021407615191650076,0.0022859136402856137,0.9892085214244066,0.002870675281084577
229,0.006997063194322007,0.005255385265889913,0.046294589681355455,0.01097235875380956,0.9170666956513451,0.013413907453278208
230,0.0022047687798601293,0.002766156614206133,0.02304858570200789,0.0012407347408384965,0.9691908577710847,0.0015488963920027349
231,0.009485732377920879,0.00835384918088052,0.030806139210149814,0.0043067557190723605,0.9403560167870574,0.006691506724918902
232,0.013340483337665248,0.013676578108431717,0.10441620164605181,0.002016669834895849,0.863884479524667,0.002665587548288537
233,0.003102807835859193,0.0029657680986283907,0.019686423558241337,0.0009452518180877519,0.9721657012880345,0.0011340474011492525
234,0.0014323712762915085,0.0017295989412066627,0.013111649373596632,0.0012184916262664622,0.9808944047484216,0.001613484034217545
235,0.007407593824913653,0.004593381798999351,0.004744316292575586,0.007071953669987619,0.9666677342839612,0.009515020129563035
236,0.006743692571266882,0.0033182623497748725,0.008714609149151627,0.007683492922352588,0.9641321223902195,0.009407820617234575
237,0.0016986441472844678,0.0018533870669411585,0.0015983730283162733,0.0011615663566697733,0.9923021132885314,0.0013859161122569846
238,0.009233403491524579,0.008418669665724379,0.06407169676636809,0.0038514495102813543,0.9096494406563687,0.004775339909732794
239,0.07501168825196698,0.036541918770645575,0.44155412660962523,0.006321331995855362,0.4316858065305687,0.008885127841338061
240,0.002587450997077423,0.0036452005492991876,0.002812488931495814,0.0015253581633188774,0.9874058428962823,0.0020236584625262675
241,0.0025817204890927026,0.003049805088914858,0.011403432714826115,0.001074376275574312,0.9804202184946372,0.0014704469369546688
242,0.014285492670163057,0.010479019261479882,0.08027186789389863,0.003805801086575236,0.8855519811306881,0.00560583795719486
243,0.001162204741947803,0.001165671197073999,0.00355175896728141,0.0040147208791516086,0.9850409952258271,0.0050646489887177905
244,0.0025946986747064755,0.0037931899733069452,0.12657715160690106,0.0017655028396130075,0.8628121704253665,0.0024572864801065
245,0.0009941100023621676,0.0007869602461510963,0.0011120854297557842,0.0022017812563817625,0.9922058973417892,0.0026991657235602173
246,0.004031391928159906,0.002238630700220613,0.004917489467794192,0.002780113441779354,0.9828069718195575,0.0032254026424885724
247,0.007170755926570914,0.007924301481837039,0.015901478010166625,0.0013889015041700715,0.9658086358958948,0.0018059271813608516
248,0.019752476117945082,0.016107567841562823,0.04190475212212424,0.005217548799056869,0.9090121118971425,0.008005543222168354
249,0.007876573624001456,0.00923013779716166,0.008551301192787061,0.0015339833262693837,0.9706874525157569,0.0021205515440238546
250,0.002489621610663526,0.001846018198653692,0.001579027314859753,0.003039266637356937,0.002680149260776087,0.9883659169776898
251,0.018140095344404344,0.011676585763506131,0.006299538746964976,0.19215946722774926,0.008070705507842722,0.7636536074095325
252,0.014024631188638005,0.008045663815860318,0.005768471589430469,0.11128757566247936,0.007690498332772864,0.853183159410819
253,0.020186520893523126,0.007532689100514514,0.004982360675465194,0.005744730617655753,0.007956967897750038,0.9535967308150914
254,0.0032223161314738234,0.0020143194359831256,0.0018557180750715324,0.012497555840148092,0.00262130990316781,0.9777887806141558
255,0.03928225297340861,0.02296786961566854,0.010539543305524587,0.13703920815668852,0.013289477262239826,0.7768816486864696
256,0.004096806244193373,0.002880836730321588,0.002028288709052436,0.037987591885377106,0.002445467863310532,0.9505610085677451
257,0.0006462917384845848,0.00047526485796562696,0.0007167935903477575,0.0012408321145907758,0.001118634951342315,0.995802182747269
258,0.005168587234002991,0.004142543762998215,0.002580472903392129,0.06353464473754473,0.0032057001645889433,0.9213680511974728
259,0.0017472217246356665,0.001511800756594653,0.001413251904255758,0.029173332401583492,0.0015317882042671692,0.9646226050086631
260,0.0013289357605232813,0.0009483657872778443,0.0013278533313494587,0.0005463999539287873,0.002306572778519199,0.9935418723884013
261,0.02624135103367771,0.013358761851431483,0.006716605722553411,0.025959566093741247,0.008881561277988406,0.918842154020608
262,0.0063361113595455905,0.003947320254987392,0.0030379177398088164,0.28915769387551554,0.005674245261514698,0.6918467115086282
263,0.002005744571708804,0.0016027641431203467,0.001517224635480563,0.010160162142242624,0.0019922365988796634,0.9827218679085683
264,0.02934196222973537,0.019687162194115992,0.008552670592466645,0.15208213880104815,0.012031684474901798,0.7783043817077322
265,0.025975263439215666,0.014903368449793529,0.005569429260613926,0.15677748227095814,0.008034648048059947,0.7887398085313588
266,0.0014748731378186914,0.0012346584541752588,0.0012132968517534245,0.0057028802850881116,0.00210739742268445,0.9882668938484803
267,0.011811793552917765,0.006134133052863786,0.00477141620314988,0.09613634059868695,0.00633189645394214,0.8748144201384396
268,0.0019344413348918218,0.0015670048343285118,0.0016834258753024949,0.0021542821871111634,0.0028642707603499695,0.9897965750080161
269,0.007780588461819591,0.005911691363825397,0.003798008397797802,0.04136734522708742,0.006140592822980312,0.9350017737264897
270,0.0015082772629615763,0.0014023850481280728,0.0014672293368433306,0.01440366555431757,0.0016326086726697572,0.9795858341250795
271,0.0007668386931941467,0.0006563531168988004,0.0009319213768071523,0.04207967103923855,0.0012315076664834777,0.9543337081073776
272,0.06799990825539055,0.030189822192552004,0.009799174575041482,0.05995793432708671,0.01555465263928244,0.8164985080106464
273,0.014842533722271177,0.00992739199224223,0.004572107575743087,0.10069037720168277,0.005853204573683754,0.8641143849343771
274,0.0021275824415060347,0.001727982921060171,0.0014515954602545944,0.043821196761154646,0.0021650416141413627,0.9487066008018831
275,0.0010187213786685557,0.0007730325157067531,0.0010818764610885947,0.0016517165918739736,0.001598446116134851,0.9938762069365271
276,0.005638023995669854,0.0037578306167557855,0.0029232950051616296,0.010439007864091023,0.004426664856110192,0.9728151776622114
277,0.004370936066198704,0.003611020788678509,0.002011758029071888,0.09301694970319892,0.0023005813594806353,0.8946887540533711
278,0.1257653048929286,0.04469741372473232,0.013739159836310263,0.20167964543820316,0.02551877530151078,0.5885997008063151
279,0.0020455297768692464,0.0013499324404842813,0.001488907073720094,0.09570729764735429,0.0024456927390010277,0.8969626403225711
280,0.0020760717698779614,0.0015824722814112566,0.0013454367521316007,0.000527413694374182,0.0022656320918389354,0.9922029734103662
281,0.002141130525799218,0.0016846752273118873,0.0015725569891443935,0.0023649170774649128,0.0017879147011867263,0.990448805479093
282,0.011584778827471966,0.010624115494650263,0.0035975979755046754,0.016131239075954,0.005058144883788227,0.9530041237426311
283,0.0018309393570866302,0.0012031996732747945,0.0013895004506063629,0.0018532451693117806,0.0023125360679502518,0.9914105792817703
284,0.009252908423832775,0.006137157757174605,0.004531887824754479,0.060891710236092425,0.005699815054632437,0.913486520703513
285,0.0066561843384516355,0.004614079690592103,0.0046132926106249965,0.07306657370065595,0.004832680645535153,0.9062171890141403
286,0.0007892315215182761,0.0006350513880484019,0.0009090852739489418,0.00035373857293610067,0.0014668784440325722,0.995846014799516
287,0.021915133576322167,0.01109544375721016,0.004901106111069086,0.5180208037876801,0.009613666619446534,0.43445384614827226
288,0.004383411083474196,0.0032787673837294117,0.0025837977231272045,0.05742882979835629,0.0032717694909540013,0.9290534245203588
289,0.003089877064926484,0.002095505437203477,0.00203550689115435,0.0016072896127158,0.004002556256220692,0.9871692647377794
290,0.01936067438753549,0.010520098957987736,0.0108508385118098,0.32365875719317755,0.009823464564985493,0.6257861663845042
291,0.01258427555556391,0.00717645687042692,0.00476620476471265,0.11611861968359985,0.009063187150725545,0.8502912559749713
292,0.003273035539298258,0.002275155606471842,0.0016929558105842533,0.16393200714803016,0.0020959022513010596,0.8267309436443141
293,0.019398352853194818,0.01051620926195727,0.00616569972611842,0.07385191976377696,0.012482059017885254,0.8775857593770675
294,0.005647103892865898,0.003922238632187874,0.003487773716839937,0.038628308902943616,0.006266279458187473,0.9420482953969751
295,0.017863616182044198,0.00857109326492444,0.004544730283090159,0.004813086177589352,0.009629883102233892,0.9545775909901177
296,0.004511751072753339,0.0027613596057964956,0.0024668709066488844,0.004816766081530584,0.00464085529670566,0.9808023970365649
297,0.024251397608795976,0.01429688131507484,0.0041950260830334995,0.1520417272948143,0.005727155715577688,0.7994878119827036
298,0.02250419235428662,0.016232904707599374,0.009240174570088815,0.35095280862755013,0.007851428872543092,0.5932184908679317
299,0.0017699239500680113,0.001408127466370472,0.0013384469572220333,0.0021725853325694684,0.00170998306046942,0.9916009332333005
