,proba_0,proba_1,proba_2,proba_3,proba_4,proba_5
0,0.7556968388470678,0.08619899548405852,0.008880474350145995,0.013479618415896674,0.10464687995237536,0.031097192950455547
1,0.8037800772226659,0.04829144697506308,0.055241026454344,0.015771452461241977,0.04113912779161566,0.03577686909506936
2,0.7924090116686475,0.0842334792187371,0.021199027668511974,0.01698775265895698,0.034271879553954755,0.05089884923119159
3,0.5268333153677557,0.23997705311751458,0.025933336974333657,0.05966057136395526,0.08721469532834741,0.060381027848093266
4,0.6380654011824806,0.07519114724049915,0.026885297430551586,0.026868840012755732,0.07780047519271573,0.15518883894099736
5,0.8341027830802802,0.05477992956940595,0.011508911531365998,0.01810166184467285,0.04963754422759908,0.03186916974667594
6,0.5599382870365948,0.28083580635649436,0.014466468498450766,0.04285387190570006,0.06517114556985097,0.036734420632909014
7,0.7101935704309084,0.17214228560183362,0.014787242826027076,0.027861246332497033,0.054936797407195766,0.020078857401538346
8,0.7503834977617044,0.14518103096793675,0.009969053704798263,0.018474644763795366,0.057005578213420956,0.01898619458834433
9,0.685940360532842,0.18810402415438054,0.028305867464119356,0.01805361286578181,0.046356293413797864,0.03323984156907849
10,0.7867112579238704,0.07789570486890339,0.017624329002304494,0.02258974986577783,0.02862297174930221,0.06655598658984173
11,0.7509615480754629,0.06229990383687583,0.01751134251323175,0.025589452004103504,0.039887450625854845,0.10375030294447124
12,0.7573956803172242,0.14090598076420727,0.009109757052804016,0.0112655324315398,0.02686198577702676,0.05446106365719821
13,0.7937030097379192,0.10868089564357243,0.011107628942454211,0.018655465818369122,0.03966758318764501,0.028185416670040132
14,0.692610760337351,0.13817574635098143,0.023817582402996022,0.02358992583355976,0.04913931452521026,0.07266667054990165
15,0.6017320594465658,0.1416410723010235,0.03583315183890248,0.04587935381917145,0.07980489478695968,0.09510946780737692
16,0.7488172644238049,0.11316377578439143,0.009252578232411213,0.018542179676325477,0.03415975996685588,0.07606444191621108
17,0.7951667460301898,0.07984747412653978,0.05244012081630991,0.022777960247240915,0.029741485723686942,0.020026213056032638
18,0.7290240616379741,0.12268954152474405,0.028535460585383664,0.038178668183841524,0.04261856340095472,0.03895370466710208
19,0.6706724437898607,0.18073225660650152,0.028899472811578727,0.020140998303643378,0.036603062505353993,0.06295176598306162
20,0.6388331756569785,0.18883332268145808,0.023034915747065003,0.059058968210339194,0.032168355774753236,0.05807126192940582
21,0.7100107404881181,0.06242152433388402,0.03082623626784785,0.03292689869536467,0.06560974089948816,0.09820485931529732
22,0.6253693956747829,0.1918711862993504,0.0338015633174208,0.03048522837882077,0.052402932309117585,0.06606969402050764
23,0.7469541103007431,0.14949087746091147,0.0076293611627172644,0.019317057563787297,0.042175028836975735,0.034433564674865226
24,0.6165259675033229,0.24585136807889918,0.02747528445982604,0.018684568093910368,0.0640219373751192,0.027440874488922285
25,0.7509061971513973,0.058824009057751765,0.07626158305278738,0.030689309188038225,0.017387200341387903,0.06593170120863734
26,0.7806273994036947,0.09434599439705978,0.011263466831210354,0.017833449056340128,0.03462863326726384,0.06130105704443126
27,0.7654055322234126,0.12039696451768746,0.01646288591458714,0.0283477512793535,0.038120040909970905,0.03126682515498851
28,0.7704618834612919,0.12796311722501005,0.02188560313680867,0.012289764037747782,0.02177179226259482,0.0456278398765467
29,0.8204550871912362,0.048617493504784885,0.015361864284241949,0.02024084818977433,0.048333020298771706,0.04699168653119094
30,0.8521013331863931,0.0657606118107285,0.008600760665918573,0.01112237485095337,0.022634699396988277,0.039780220089017965
31,0.7988093948629089,0.09274207531089727,0.012424089459042477,0.01680583601055188,0.04081629983869166,0.038402304517907965
32,0.6777638261391746,0.11322431210853498,0.0230597058207278,0.03449215376045946,0.09887862592730655,0.05258137624379662
33,0.7322037627896151,0.06520801298446302,0.03208748306581271,0.025332748138159382,0.0833567659619802,0.06181122705996979
34,0.7429406212147048,0.08996429031565707,0.029623318822431757,0.023243100168051988,0.05113717442602927,0.0630914950531251
35,0.7996717035006164,0.06418435189097055,0.02101730514365475,0.020441411585775823,0.05473422646648155,0.03995100141250108
36,0.41734245416544913,0.26911440075859044,0.04843480171465176,0.028418832508570458,0.16100514756718964,0.07568436328554846
37,0.7319028452566391,0.0959161126356262,0.013351165643443389,0.032440210682863194,0.08146631555022127,0.044923350231207
38,0.6907672183633476,0.1591739611207049,0.024922621846269893,0.024920668173089775,0.05723941720543918,0.04297611329114861
39,0.6824474818133391,0.1260665002674351,0.023210210078634948,0.01405850559421279,0.07589213066239997,0.07832517158397805
40,0.6207205782516142,0.2398201024001392,0.023405037411051845,0.02263302013551854,0.06087408659892582,0.032547175202750446
41,0.46349842226123583,0.25135808098086926,0.04373882270173187,0.04232345550016139,0.13712355807936963,0.06195766047663206
42,0.592604819273199,0.25481948918913566,0.02569119286186728,0.01781382443694224,0.07529285689563534,0.03377781734322051
43,0.595521540451371,0.07972549252966932,0.02508854510381049,0.06905981552565697,0.08366612078498233,0.14693848560450992
44,0.7447955184585958,0.09031141642778939,0.020414043478819414,0.04421430447743956,0.027523368801152234,0.07274134835620356
45,0.6863729910996696,0.13629352577710352,0.01035084182928151,0.009745657616200682,0.09737881135814333,0.059858172319601215
46,0.6940706994709731,0.14334507201533897,0.016090256137957608,0.0179729771851498,0.09579944634438844,0.032721548846192085
47,0.8078405103129922,0.05960328180224335,0.01905011041610374,0.018128471941506005,0.0639364885583124,0.03144113696884237
48,0.7554675631367196,0.1307444515738805,0.02139581759997402,0.011800950203204624,0.04777130751189479,0.03281990997432637
49,0.822687612143915,0.0687687634879754,0.01443536579543131,0.01607808834980796,0.05461663358635454,0.023413536636515884
50,0.12375064259974197,0.7713802333697161,0.023048571736431295,0.015022325361877364,0.0336411994689611,0.03315702746327221
51,0.1078242632958929,0.796225003283695,0.013443674760213528,0.0132947635749101,0.04201352354347358,0.027198771541814937
52,0.16708225539400803,0.6778464455848237,0.017186502804083886,0.011788864270135072,0.09304446659474964,0.03305146535219968
53,0.0778665502077647,0.8120011794348839,0.015326339302269568,0.023500976227979743,0.03823647494615604,0.03306847988094585
54,0.0996199272364862,0.7952876987549835,0.009472322460494849,0.016213243425263653,0.02348400625091539,0.05592280187185633
55,0.07045863037412761,0.8295007509552007,0.010937400767212451,0.01414551826965256,0.04566729642190283,0.029290403211903692
56,0.05800898585795507,0.8257465131806424,0.01751899686741816,0.015333678512531822,0.056070161271047025,0.027321664310405513
57,0.1441244576292951,0.7602288660329197,0.012241377679255925,0.02572092827928423,0.027916611238151073,0.02976775914109382
58,0.13537751379299057,0.7576686981182987,0.01676346644655108,0.006560533602857512,0.05248252667176628,0.031147261367535806
59,0.15377337696770724,0.742343445231554,0.013390082906418868,0.012560111625428201,0.027246009887621117,0.05068697338127044
60,0.13170573984671707,0.7465096422440217,0.021898986428272878,0.016470317506508056,0.02414460455252358,0.059270709421956586
61,0.10876308522091746,0.7869257765826072,0.019284163544125252,0.009114328946830896,0.041861060607634046,0.03405158509788506
62,0.07989350206165656,0.8221921903277738,0.016234608727012687,0.011388738323165833,0.04894336995119364,0.021347590609197668
63,0.16639884026426563,0.7306403404680402,0.009742251023015503,0.008514718056500718,0.05469212308945958,0.030011727098718466
64,0.14161628551283134,0.7270250826989242,0.021721716142196416,0.013506294097172761,0.05103465008312302,0.04509597146575221
65,0.11190706159842782,0.7665002353414793,0.0177726269930169,0.015591208813942855,0.050437385172355235,0.037791482080777754
66,0.08644669545621295,0.8195540074995225,0.014264165026339275,0.013816961032838432,0.043899590352572584,0.022018580632514165
67,0.13004020798150234,0.7720752077775839,0.013445263200691431,0.00986346598322287,0.05087203958331418,0.02370381547368544
68,0.15890121774985508,0.7442569273941403,0.015875912642360167,0.00788462574658605,0.04761401208536344,0.025467304381694953
69,0.112780892267716,0.7960787701855905,0.012561930377885108,0.010474897037457026,0.04279557264074071,0.02530793749061074
70,0.07324613778438802,0.8149194174050012,0.016603625440286405,0.018619902193284223,0.0336719131998063,0.04293900397723379
71,0.1368478932672177,0.7628096449568305,0.01934698665888023,0.012995493331934583,0.04315541045858816,0.024844571326548874
72,0.192271101250932,0.7051689294268852,0.014688816423847794,0.010362944758061661,0.038563775689503296,0.03894443245077004
73,0.12962494737503866,0.7736449893244404,0.01261797979215159,0.008703730329290196,0.03565108974294219,0.039757263436136926
74,0.15417985917719562,0.7595792135216658,0.012652612923885464,0.007191718043920694,0.040000749378591265,0.02639584695474115
75,0.10718048855358873,0.7857229882086719,0.018247523004322933,0.007485559322483927,0.041653851827214095,0.039709589083718355
76,0.12603499644720662,0.7789823306063781,0.013192037839229164,0.012542919955678104,0.04595472279196931,0.023292992359538637
77,0.09449453287198728,0.8014528010002079,0.01426241777917955,0.008603860228256916,0.04455315532203,0.036633232798338314
78,0.1147879228844629,0.795267160451213,0.01518582573709591,0.01079456916356142,0.04520476657402409,0.018759755189642697
79,0.1277659798493871,0.7737958435691631,0.01919080832257206,0.00886456713526903,0.03777132846662821,0.032611472656980466
80,0.10970899901900509,0.7903333476974292,0.013544161601091207,0.016357997958857846,0.028616844160942848,0.04143864956267375
81,0.13979618156179083,0.7528227322228856,0.013115716715211988,0.01040187589235139,0.05237084678907408,0.03149264681868598
82,0.1287127111904189,0.7626656765274817,0.01833073143197996,0.010248395141883405,0.05261685461336239,0.027425631094873573
83,0.10844436144155167,0.7765539574499157,0.015876461240631187,0.016303915507862875,0.028442232931834413,0.05437907142820427
84,0.1681156247555068,0.7152416922186162,0.013672342926596462,0.011118040749063252,0.0703372106975074,0.021515088652709752
85,0.09814154357823086,0.8185718305309398,0.018252164643402,0.01086505818497662,0.030839641745853043,0.023329761316597558
86,0.11584947615994058,0.7858366593922343,0.010564334479048417,0.011386350807809491,0.0483068809495714,0.028056298211395728
87,0.11413673500134984,0.8098573888571772,0.010718082550745923,0.011938198273505818,0.031777924535657795,0.02157167078156348
88,0.09144380429311354,0.7905178618641435,0.014714752613143032,0.028898587087368224,0.03169055777066801,0.042734436371563676
89,0.06164148476174223,0.8226841332217535,0.01936728847956607,0.026075527497147845,0.030968852324961566,0.03926271371482894
90,0.09660098766644046,0.7957149746844127,0.01560951241843638,0.02007069026832456,0.017295135156123794,0.054708699806262195
91,0.10771028002049948,0.7818671580064833,0.01247169087904828,0.009053231999636114,0.04839537016352709,0.04050226893080565
92,0.23005643543770404,0.6650772951703846,0.012778761840149953,0.009368485007407034,0.036415663374830064,0.046303359169524425
93,0.11730720371660003,0.7709937153076601,0.017590667636783776,0.008816591538434851,0.0572396499774242,0.02805217182309697
94,0.1576539870667863,0.7033788538057069,0.014579909041281432,0.02372227651093522,0.04137309083676372,0.05929188273852656
95,0.06966408428155506,0.8233848277549358,0.013141662957586644,0.021011237524922205,0.02879231625371014,0.04400587122729011
96,0.13252057400355138,0.7405122662537273,0.021250481366394555,0.014533465685044456,0.049965194427146406,0.04121801826413587
97,0.0916399489092546,0.7989329681234819,0.011907413835621395,0.0204041540913677,0.023124320668573357,0.053991194371701315
98,0.10120889338515988,0.7930860825163488,0.01286216077828977,0.011788339575136628,0.0312938360646162,0.04976068768044874
99,0.12112403193337368,0.7714760450178664,0.01866320427336973,0.02239671987435696,0.03612454233320192,0.030215456567831266
100,0.04458239282946352,0.03500931891356258,0.5734658714064604,0.034029621954996994,0.2775246247461395,0.0353881701493769
101,0.009616952961314242,0.006519705090940664,0.6983547722198099,0.09891098232414491,0.16496209919549643,0.021635488208293883
102,0.026177178980136506,0.02373251683780909,0.6335209059944619,0.06941164022839656,0.20525518987380864,0.04190256808538724
103,0.026873381508370164,0.018400745096926876,0.6135636757570294,0.054512996109467665,0.26023260155364336,0.026416599974562596
104,0.014721788434602697,0.010363788933344394,0.6768341685193996,0.07552054224141191,0.1763383276172526,0.04622138425398886
105,0.04142411439647825,0.02442149672840219,0.6170929687871097,0.09432940759908352,0.18555114491421373,0.03718086757471271
106,0.06585348308872799,0.05096992701588434,0.6109790621531442,0.07053074656604436,0.18243146422432371,0.019235316951875515
107,0.005764579470364243,0.008990793646606906,0.7013604959091659,0.0743668324433324,0.18640855874014836,0.02310873979038198
108,0.027433408774713973,0.01579418356339542,0.6071969824550381,0.06804391462119554,0.2552109210203506,0.026320589565306432
109,0.01057404570109664,0.009280623066127478,0.6605616516888841,0.10771318590308658,0.19600595502010731,0.015864538620697855
110,0.20596300674782705,0.07330873349372082,0.419766114896973,0.06118600373827942,0.19510599922766617,0.04467014189553337
111,0.05434614167109479,0.010800027478287422,0.6861744120865262,0.10373942787537029,0.12440050781275157,0.02053948307596977
112,0.01913985933935305,0.008219996074879344,0.6465099336834358,0.1048157103248409,0.20309540728584177,0.018219093291649096
113,0.01930438729040934,0.01781374132215202,0.6159875094307999,0.06652222472135343,0.25754899014365445,0.022823147091630733
114,0.011604854831893371,0.009463554212337365,0.6321930879561234,0.06475771658545977,0.26568479781771703,0.016295988596468955
115,0.026163332484117775,0.016084921708635704,0.6251188490637641,0.085239124932884,0.2110115169776478,0.03638225483295048
116,0.015730264844344862,0.015652376622536712,0.6772372771774859,0.07297091751941662,0.20029548145058812,0.0181136823856279
117,0.08617701810520449,0.05020510079014757,0.5777290258340512,0.05941564320708974,0.17835141802127064,0.0481217940422365
118,0.016862392130684016,0.00719943178229922,0.6833451318587183,0.09698729451959841,0.17589866984004493,0.01970707986865519
119,0.028670762166530635,0.029660309638681395,0.6681032453734229,0.05996073503037791,0.17812874966748127,0.035476198123505866
120,0.03358979335913056,0.008629552911919244,0.7100770565208482,0.07067056618854047,0.1491480443719205,0.027884986647641066
121,0.02325321304885472,0.004708733269613842,0.5564362231279956,0.1144940409192555,0.28604697568314297,0.015060813951137269
122,0.013314059734043737,0.0077456145619169,0.6868290266547619,0.06659017947503047,0.2044742415332608,0.0210468780409862
123,0.026444445054080768,0.04076479541370247,0.6680685049181186,0.05265815219107737,0.14664450556846215,0.06541959685455859
124,0.23379107950233008,0.0387364737043126,0.4457937502652632,0.08734990803062531,0.15806069437679854,0.036268094120670266
125,0.06042763995453506,0.03497005990733772,0.6306868637950643,0.05162254627974353,0.19687644665076223,0.02541644341255721
126,0.017806397732318405,0.010041445577853974,0.604815091050168,0.10350224317929908,0.24239903162696555,0.02143579083339509
127,0.1902039225005214,0.022762372299622753,0.5379649325820597,0.05792719398372566,0.17034438004926708,0.0207971985848035
128,0.033759117811225335,0.02489296543756674,0.6456673793853078,0.04636973425068168,0.21741375758775333,0.03189704552746498
129,0.0697458858681785,0.012555760841955546,0.6784459401736407,0.0734887794517773,0.14539754946189867,0.02036608420254929
130,0.017027924739364517,0.010948613276053065,0.6603906271550752,0.07295087045507764,0.21839080409235134,0.02029116028207829
131,0.010235450563792214,0.014829500875184198,0.7034192723609018,0.06717075130331843,0.18495720729078313,0.01938781760602006
132,0.04090032600519305,0.009749879042560146,0.552755388263062,0.11337303231494311,0.2578034092389254,0.025417965135316377
133,0.032356906469396526,0.014087147713828204,0.7185016781158206,0.08668574725926272,0.11906918009920817,0.029299340342483847
134,0.025301938661775165,0.012444685877276129,0.6289037853403054,0.11175608598862508,0.20297386305573054,0.018619641076287816
135,0.057682073268853266,0.024173256172056862,0.5677742647245123,0.06526563763073076,0.22517407936154535,0.05993068884230156
136,0.1045723325321515,0.05228373122094186,0.5949001208348824,0.07288282665744016,0.15039861969289076,0.02496236906169341
137,0.07714693964643307,0.028331886690945423,0.6940356207031009,0.05709812864398854,0.1266914428399792,0.016695981475552815
138,0.010955770553332553,0.006600886280838447,0.6736996968620006,0.07108326067573843,0.21755342432304997,0.02010696130503989
139,0.020287014563349488,0.02967375486411747,0.6361328182824041,0.0624960040959556,0.23197596910408966,0.019434439090083744
140,0.04401115052332768,0.014484931355480074,0.6771104007061821,0.07713306569299923,0.17148663174203674,0.01577381997997421
141,0.02031176126078492,0.017553758173293993,0.6802622288922797,0.06584518220244555,0.1907067748107906,0.02532029466040525
142,0.08014487636927209,0.03742525836569041,0.6678757999948794,0.039609006882181066,0.15242980780986687,0.02251525057811002
143,0.013684569949438077,0.010240073001957204,0.6874818997349009,0.08253330118684155,0.1823830357760407,0.02367712035082148
144,0.031752049558288115,0.030918841374760028,0.5900161623627302,0.06752967694243737,0.24928366853568318,0.030499601226101177
145,0.04300899017714315,0.022413248905778293,0.6805847996158058,0.05388789787870748,0.16852630460890938,0.031578758813655836
146,0.049944651208172125,0.014143237668260823,0.7177502277633058,0.059238149384162844,0.12755083106778406,0.03137290290831442
147,0.08028162930313723,0.014494203599623535,0.6267639530993377,0.06433357662908991,0.18903614967042068,0.025090487698390906
148,0.06694648847435317,0.01953285018831137,0.6471524207682297,0.06309773375346378,0.17093783067641524,0.032332676139226794
149,0.017449802585173667,0.010615324460101858,0.6454447205230907,0.06726091004683071,0.24149236476332483,0.017736877621478273
150,0.07330275808340993,0.05024257413071869,0.09549074156705423,0.5977797837218062,0.030268147100975067,0.15291599539603595
151,0.015991970616047988,0.017194486031358418,0.12209539877438631,0.6206744741733331,0.03498085618155169,0.18906281422332238
152,0.040883810056398545,0.01749052820692596,0.07094041484991583,0.5153056351212981,0.05697976241033333,0.2983998493551282
153,0.015916348315246447,0.02002586601041151,0.08279302564664857,0.5351221964410212,0.027592531324475852,0.31855003226219636
154,0.017034586140467246,0.0054872303514883385,0.09242455311813763,0.6489612771650748,0.023281132048467663,0.2128112211763644
155,0.01602447672453899,0.00820902848141028,0.09662404452102051,0.6215154660362807,0.024957764127441346,0.23266922010930827
156,0.01992966711316302,0.01123721984481202,0.06944121964313109,0.5976877170957735,0.03575163391256933,0.265952542390551
157,0.012364797018841746,0.008154428369040257,0.0722886575925769,0.6626940685906548,0.03210196832351055,0.21239608010537578
158,0.01976354511713143,0.02703389238076259,0.03979406331207341,0.6438568411199472,0.014386272671098169,0.25516538539898703
159,0.019150820455899185,0.01095013843059404,0.07312642003352961,0.7231704593039371,0.02667897794467531,0.14692318383136474
160,0.031076873196792962,0.01738393989814026,0.05683833589483782,0.6611317003817577,0.03968140378218302,0.19388774684628815
161,0.0830093001645481,0.035584069579356434,0.08655634381253838,0.6508573906407454,0.026716748805130724,0.11727614699768094
162,0.013330429083506441,0.01573895522197709,0.07875946680467225,0.6905938463655513,0.030811822930361117,0.17076547959393176
163,0.013445816354066855,0.0352960323258826,0.06849970213670137,0.6009207514546934,0.03546069341317484,0.24637700431548096
164,0.04450402136365555,0.02089303088877848,0.05605005134422698,0.6774618938013663,0.03363724520041574,0.16745375740155702
165,0.03176230257085662,0.016690837505094935,0.058159831522177734,0.7324011566629379,0.021014110501534497,0.13997176123739824
166,0.09441674213893009,0.022068082491249846,0.05424621102305642,0.5639150429276907,0.03171422450965154,0.23363969690942152
167,0.020065987391498428,0.014036543937791135,0.08024342692623986,0.6410508338022289,0.03516467542776068,0.20943853251448097
168,0.012693081302562735,0.010557833719217907,0.05659206187712554,0.562029742708944,0.019304005152832867,0.3388232752393168
169,0.01736050692909499,0.011984928332048485,0.06701472387854046,0.6620940214939558,0.03136794314961821,0.21017787621674194
170,0.01717340344358196,0.0068592116720012615,0.09403590130871146,0.6557179654727028,0.030116433907793286,0.1960970841952092
171,0.024342524500050672,0.006788443181904855,0.09823323045503853,0.6857202390431201,0.02559363465972287,0.15932192816016294
172,0.05971505171927657,0.02773736267216975,0.06003565675450852,0.34998675062964835,0.050499956538808434,0.4520252216855884
173,0.032126869726964026,0.008827034436143757,0.08894037976637331,0.5374747780277577,0.0377137453539977,0.2949171926887636
174,0.01714894739109972,0.009588445500997191,0.09010375285736104,0.5453576022135599,0.022818007445157364,0.31498324459182475
175,0.017479773732590024,0.011986748090602333,0.054414526884205366,0.7317020754885636,0.024312670431996117,0.16010420537204254
176,0.03920244548294243,0.011854358332457479,0.07286955907892927,0.5987625910444175,0.03521220234413517,0.24209884371711823
177,0.0075700278259912285,0.011551143797389009,0.07940707675436502,0.720919150773329,0.027511538610913534,0.1530410622380121
178,0.01013804388329493,0.003819885689443311,0.10577711269300695,0.6992473994998212,0.02871096054602381,0.1523065976884098
179,0.01913804387542907,0.018341435757469004,0.05399194081575954,0.6466927544565844,0.0407151106467925,0.22112071444796552
180,0.24569368793584845,0.020471339774307717,0.04484963287404887,0.38939532947691224,0.057487060636339446,0.24210294930254322
181,0.03421783784092384,0.02358034426605196,0.11178779009055106,0.5928287349001434,0.034670580051609,0.2029147128507207
182,0.11848671070948831,0.040992975495018985,0.06706366185335744,0.6054408789940748,0.04799665283763454,0.12001912011042587
183,0.010186506406462036,0.011367783557703705,0.06982082792106535,0.6021664492350061,0.03047853961652924,0.2759798932632336
184,0.018061698949527916,0.008590700139544834,0.0765933192102542,0.6700948522726244,0.03130419033744879,0.19535523909059985
185,0.023519289226940715,0.00765822514785361,0.07860684069940968,0.6163454612136995,0.03697389077111343,0.23689629294098305
186,0.01102995270516215,0.00983614299107246,0.08812843181716347,0.6699433806537735,0.02788873989457765,0.1931733519382509
187,0.21434663891204472,0.061123150563323486,0.045757963218556165,0.49490524034740563,0.06312594615642249,0.12074106080224765
188,0.04345137735591307,0.018749556780275893,0.1084328521549825,0.6180069898860782,0.03674627420887251,0.17461294961387797
189,0.02050339735095859,0.01021955304822673,0.0884460148729032,0.610341557317803,0.02711790902236449,0.2433715683877441
190,0.01645701218789216,0.010137146390807374,0.06753962316465548,0.7010814694435478,0.025646897320488873,0.1791378514926084
191,0.031816556542955496,0.01399142728838397,0.07708986267320367,0.7322515896698647,0.03572093397085432,0.1091296298547377
192,0.011000949228268945,0.008871082806177905,0.08298320707090531,0.6559222400582702,0.021489337719997087,0.2197331831163806
193,0.010321966218761844,0.005773707621951231,0.10992043705796807,0.6136873809986034,0.01829039894650324,0.24200610915621212
194,0.13930281303789857,0.054300719612450796,0.10826030299289395,0.49397140326154654,0.050819133389725386,0.15334562770548482
195,0.06731438096136827,0.016413299426207943,0.07397384293148833,0.6243217654850433,0.03983150495997872,0.17814520623591343
196,0.027722490732634695,0.010494985269183214,0.09548079307571697,0.673809072225745,0.04709511833361186,0.14539754036310815
197,0.027156281087051693,0.025266367344340925,0.06745646909859104,0.5182540721695996,0.04756406919991548,0.31430274110050127
198,0.008467706048145745,0.006627708605460989,0.11405912423944144,0.6892769187951889,0.022718517560918087,0.15885002475084495
199,0.020596393821041545,0.020708619563499352,0.07553622481546465,0.6987985696152421,0.03559350961515395,0.14876668256959844
200,0.07326751362957855,0.09837534477847144,0.14104978519138342,0.03203200054986353,0.6270735222593075,0.028201833591395498
201,0.025383089293879967,0.029450761869911586,0.26253719929842045,0.042864698892272284,0.6197964855429828,0.01996776510253291
202,0.041602888376606716,0.030008886355808822,0.20613780012021063,0.07099120439862464,0.6085529114138366,0.04270630933491255
203,0.01673530507076353,0.019770934184149404,0.20306835399424417,0.03397623033163239,0.7060724570136812,0.02037671940552922
204,0.03629917132953807,0.018336589582725417,0.2818197881233763,0.045386793109471094,0.5966964941418538,0.021461163713035372
205,0.02695350511426139,0.03874184986588227,0.1342559099082404,0.034868473807740726,0.7478054927929502,0.017374768510925134
206,0.03050139355995671,0.02285222964705524,0.16094337428681774,0.03029699686686016,0.7365131089657209,0.018892896673589475
207,0.03118555028258411,0.0257602695551441,0.19794264364186215,0.03707891152544404,0.6898818508339712,0.018150774160994167
208,0.028636509172492365,0.027876857849868257,0.15680923446887274,0.03438405578068829,0.7336494295287597,0.01864391319931862
209,0.05180966802920636,0.06499774075890698,0.1351573557419621,0.035119754879886986,0.6934721450696795,0.019443335520358027
210,0.04106862859130746,0.02661336704552587,0.15535617670834226,0.03441639160816314,0.726902773611911,0.015642662434750293
211,0.021061934922107728,0.02057338234065121,0.21949786221273018,0.03351027244760679,0.6907624085469876,0.014594139529916545
212,0.024232201861487158,0.057979060921570055,0.1296356061070591,0.016784585609864615,0.7551647497399261,0.016203795760092884
213,0.11023923501089622,0.024878048235204144,0.329290738754505,0.1082217218068488,0.3798917775515075,0.04747847864103844
214,0.0632280979934091,0.048367288681751434,0.18364780306302572,0.04414177835807778,0.630407465309452,0.030207566594283957
215,0.1736629945637762,0.037687010346102355,0.30518555416975907,0.06905936645852162,0.35477366880779926,0.05963140565404164
216,0.028551975384481443,0.041034248782134713,0.1998868841312899,0.041902970930019365,0.6468937402165504,0.04173018055552414
217,0.12417883223260308,0.10422748568315456,0.1662687785680179,0.027203152824649985,0.5566008143375668,0.0215209363540077
218,0.2550754403349711,0.0916664344576375,0.08831163972875881,0.03844204994133439,0.5042087312375143,0.022295704299783895
219,0.07492011002667474,0.03040414682185431,0.22427402971669516,0.05313467317581694,0.593847084836384,0.023419955422574783
220,0.11147373234560463,0.12852756621707745,0.16280843711168796,0.041717822550491224,0.5396832044800294,0.015789237295109355
221,0.05430490694487225,0.019975729091220588,0.2955144115531053,0.10353706586640321,0.4332224205424545,0.09344546600194412
222,0.07257036970212546,0.04016893440635303,0.15017572363374063,0.043666586754264346,0.6731505147374572,0.020267870766059317
223,0.028715880663929404,0.02513130979329375,0.20046451397203033,0.03505083739436779,0.6797174766840274,0.03091998149235112
224,0.029119200147786874,0.027413491353899613,0.19906829136360765,0.03600391748341022,0.6827761424425871,0.025618957208708486
225,0.05796990716033464,0.06826296744544234,0.17043312365975335,0.04247172012767744,0.6419708832400732,0.01889139836671901
226,0.15046807586743408,0.052109849907765654,0.13701572434105155,0.03338936314014292,0.5987430887183908,0.0282738980252149
227,0.017020828182150664,0.025117165655420912,0.21581349156628102,0.03905276174624176,0.6868150518165176,0.016180701033387965
228,0.019168546402332457,0.05316109373635961,0.2062977583420814,0.03510353115880793,0.6726881035073846,0.013580966853033973
229,0.026346132587230328,0.053069076996322156,0.21175783536651419,0.022192688202623007,0.660936511778941,0.025697755068369337
230,0.0549054801314363,0.030097480148999028,0.15407552186875417,0.04466938662430127,0.6854595387033098,0.030792592523199446
231,0.02253012555952809,0.02105099255159424,0.23853373725000868,0.0354640549156639,0.655347041188721,0.02707404853448421
232,0.03863301148793364,0.04602073153067557,0.16066219549490796,0.04341030121993005,0.6949407929197099,0.016332967346842763
233,0.034755170726903845,0.0535687547571768,0.14066537407108737,0.04101060464582885,0.7008062710325966,0.029193824766406425
234,0.022143363223474453,0.02579139506744483,0.22334110480542196,0.04143408126259843,0.672692456212245,0.014597599428815278
235,0.11845964201019711,0.04362573169913967,0.16517184521465425,0.05927745275812074,0.5888640048806806,0.024601323437207733
236,0.07369393412984462,0.0335349171890866,0.19212924983009805,0.0368652457247826,0.6521052129432908,0.011671440182897213
237,0.02502313649051207,0.04939410683136678,0.10735458537734287,0.03152297556271653,0.7621590748787028,0.024546120859358787
238,0.04965453075395375,0.08318193482384523,0.1836577720634589,0.03289829465090546,0.635537857590027,0.015069610117809709
239,0.10864926567737956,0.033513583561080855,0.4489130660145475,0.10682918766830835,0.26508365292195557,0.03701124415672809
240,0.02135952794631033,0.0781235859320766,0.18697441021321684,0.0334397902293378,0.662784815799967,0.017317869879091573
241,0.02962261737821645,0.017704127940754488,0.22776744920442799,0.045751017206372306,0.65086018927657,0.02829459899365872
242,0.02458442834338025,0.023228520442665008,0.4413553453871931,0.05489872211349259,0.43316883112997384,0.022764152583295182
243,0.023399087333263124,0.04538005292260156,0.18259453137109308,0.028239447844617835,0.705964026353724,0.014422854174700383
244,0.01410280782861649,0.024904129727039134,0.3037828778045061,0.05091727810755892,0.5811589915656349,0.025133914966644477
245,0.03801364736849866,0.03510891767706756,0.1629656056483571,0.03367255290687349,0.7118669121071739,0.01837236429202932
246,0.058457980480531795,0.034854831062690265,0.10896967760130313,0.025987789840115363,0.7561882145605714,0.01554150645478824
247,0.04205056638493371,0.049758638559457065,0.15541528424155976,0.03672283599775732,0.7007118629794161,0.015340811836875762
248,0.030869500889671695,0.03389037468516648,0.16558420105548752,0.03209627401714628,0.7061202781853874,0.031439371167140545
249,0.03897680123966575,0.05859687527521589,0.11791557141968129,0.036192462658759646,0.734323239321198,0.013995050085479516
250,0.04338982944660979,0.030277175238977782,0.019805864802139885,0.15174946675091722,0.022851156820341337,0.7319265069410141
251,0.0758047122706347,0.037462052155717754,0.08524151182652799,0.31674701024375274,0.040972053965170334,0.44377265953819656
252,0.04376223023190414,0.028132459288641682,0.040384287444131514,0.24597093366796896,0.02363775090735257,0.6181123384600011
253,0.15398202557413976,0.018499684639670395,0.03561262185846774,0.16154741684456583,0.019931410370648432,0.6104268407125079
254,0.08529647698174979,0.02525479020805472,0.033589339602343164,0.15888739421259282,0.02021518038782676,0.6767568186074328
255,0.06838144503440492,0.06705564793048678,0.032199801435034425,0.21737196304169537,0.02336511165891691,0.5916260308994615
256,0.042028663662594126,0.0414303170929877,0.05037514306231164,0.20509923652793946,0.045620851895912064,0.615445787758255
257,0.03085474683595856,0.019038976142852583,0.025416704865766745,0.1784327598735083,0.01293362048397807,0.7333231917979357
258,0.06755848163731627,0.013317324615217176,0.08694112301664321,0.2867721938882862,0.05120944228255203,0.4942014345599851
259,0.05521224628249636,0.025430724349995448,0.03657729409894781,0.18408783140987384,0.04860953274208067,0.6500823711166057
260,0.03873122306816586,0.021581613622715098,0.030534454421750946,0.17664123653900612,0.016950374566893862,0.7155610977814681
261,0.2565563419548661,0.04278375162204114,0.028432064457134067,0.14567271051523706,0.04036691152361298,0.4861882199271087
262,0.048795965983516626,0.019910958963811332,0.03105666072415161,0.31398993848616263,0.01591526618893788,0.5703312096534199
263,0.0623176715243271,0.03249113307886102,0.03830412869506653,0.20484491488532783,0.02079227732007444,0.6412498744963431
264,0.047425768065757594,0.055917592837548505,0.07335961805606257,0.3412109918648793,0.04680072731569957,0.4352853018600525
265,0.20769243313894192,0.033087791897707323,0.042071935968615755,0.19118233168587703,0.022044218635577775,0.5039212886732801
266,0.021438618695884745,0.036205697112867946,0.025297391891041777,0.1684677417112941,0.02685264994025356,0.7217379006486578
267,0.039599369738621056,0.045994602947951574,0.06350543306276063,0.19966797470169007,0.03427648160703494,0.6169561379419417
268,0.06790188363933337,0.032965979336456834,0.029282536280682298,0.25318370189918216,0.01752485118986719,0.5991410476544782
269,0.03976491646388776,0.04189347030045321,0.025408419759319872,0.18472441003540518,0.015657174251169925,0.6925516091897641
270,0.041291324033001627,0.03168215136873562,0.026724136654430134,0.13764307012167634,0.026419880900496566,0.7362394369216596
271,0.03291454883495415,0.023824702213704606,0.02808504500294391,0.20024036782061067,0.022613662867744355,0.6923216732600423
272,0.19060699476005583,0.06280870025133684,0.028156701967559303,0.1810176392846038,0.029072071615116067,0.5083378921213282
273,0.10834851580934367,0.04606255068803997,0.055610957223178006,0.2554071758437623,0.05515762015848233,0.47941318027719365
274,0.07611481449971512,0.014152583626232508,0.04825286534665448,0.3774213156796884,0.030613031217774263,0.4534453896299352
275,0.05191567166262772,0.020134798048413758,0.0397653476073464,0.22636439737573127,0.01993706512908013,0.6418827201768006
276,0.083417811391702,0.023527386585253645,0.058824909505190086,0.1982790576887516,0.016221770616410662,0.619729064212692
277,0.057252309677444234,0.03952347005772351,0.08753866646392276,0.2670505212830919,0.03939028255172929,0.5092447499660882
278,0.10755636066465467,0.03715386089086374,0.07702855038938726,0.42856160175290675,0.05962594647442333,0.29007367982776444
279,0.027143966950550675,0.01543096537616679,0.03426782102628772,0.35960569366812073,0.018785397705438665,0.5447661552734353
280,0.0760434497884967,0.016443412809961443,0.03012356754595395,0.18998849589083322,0.028625015430297385,0.6587760585344572
281,0.0380274307623233,0.033041565701594194,0.041806503549833125,0.16490038015956257,0.014870969984287727,0.7073531498423992
282,0.0707044568802172,0.03366135898462486,0.06418373092855852,0.30340311890412586,0.017718240136230187,0.5103290941662434
283,0.043714375120654556,0.039325278098776416,0.029599756313072018,0.17686933455701334,0.016838107820810088,0.6936531480896736
284,0.06673555443817765,0.015118378324286379,0.04233828274155805,0.26326220307508863,0.01787739550675423,0.5946681859141351
285,0.02711451950852906,0.01662312804187941,0.03670087095694607,0.2327879289422274,0.01312784741066123,0.6736457051397567
286,0.02575860311684521,0.03351944562893,0.021265296418333867,0.18581768246708014,0.02081359198161887,0.712825380387192
287,0.05808634507810333,0.019892198006008447,0.046080114363098355,0.45112329419040675,0.03942165848438835,0.38539638987799474
288,0.04370773311616409,0.022674533192830738,0.055062474464939816,0.2551101376523782,0.023965981084282377,0.5994791404894048
289,0.041090545560946934,0.029621822314803332,0.01675789073598493,0.16182362788430768,0.02171087483775959,0.7289952386661976
290,0.04417954262892728,0.02836261708643114,0.05157032279864916,0.24112437877700818,0.023248632309332103,0.6115145063996521
291,0.0417275014278218,0.03501244876949909,0.016310603723706494,0.19671247759091198,0.02100659612107219,0.6892303723669886
292,0.04942632417103168,0.02499415721615664,0.04264722579191622,0.19522332771039638,0.02253179456271707,0.665177170547782
293,0.06724757411848882,0.022319746296422298,0.03451601182571919,0.3812328366024264,0.03194778144866644,0.46273604970827675
294,0.03038152231226465,0.03556927499107513,0.019747162022213906,0.21364966214524397,0.016225956996883666,0.6844264215323188
295,0.1268048254110752,0.025032671565106645,0.0317154939489477,0.17176367373411797,0.024861258134541698,0.6198220772062107
296,0.062118429702411194,0.029785227744552265,0.02492260683716679,0.1688435074862544,0.020186490743105485,0.6941437374865098
297,0.08511988865363891,0.03979540517360922,0.06122868470171559,0.2520835938972173,0.022159739544612676,0.5396126880292064
298,0.03699053913069339,0.05147591436071723,0.04980047698233593,0.34670835365392877,0.044945753079926015,0.4700789627923987
299,0.04671602040866296,0.019844040856248323,0.030841939093830456,0.15483652286029387,0.016621587887177092,0.7311398888937872
