,proba_0,proba_1,proba_2,proba_3,proba_4,proba_5
0,0.7685569281534108,0.08291709024050274,0.009523398156384737,0.014354243142466536,0.09518286865758306,0.02946547164965203
1,0.7706397425647912,0.05260490817344716,0.045009544636017786,0.01812246862739746,0.07198774392955909,0.04163559206878742
2,0.733216163663418,0.10541251479170462,0.017143615715521518,0.010710122025241785,0.05974739684061597,0.07377018696349816
3,0.4601029199786088,0.2598799782743532,0.02586196205430419,0.058734562476588356,0.11589713705709982,0.07952344015904564
4,0.6995417105712961,0.06023657465882862,0.022265457080963485,0.020251250482738542,0.11472692981553623,0.08297807739063712
5,0.8274376717370412,0.04867295919532468,0.011765704142978183,0.01828090929573011,0.06131161876450566,0.03253113686442026
6,0.5203722902244985,0.29215244282793285,0.015513996557032464,0.03894271957621469,0.06608193203326425,0.06693661878105717
7,0.5379960990436453,0.3304543572007691,0.011108354784602547,0.021805751719042196,0.0657665950793511,0.03286884217258958
8,0.7559353945420785,0.13866089672697954,0.017007001201846672,0.017368474848006726,0.04994799187051773,0.021080240810570944
9,0.6895161795059078,0.19774650917767259,0.025806366140545975,0.022029354130720095,0.036656697322565136,0.02824489372258848
10,0.7819253220611103,0.06463945733126442,0.012542817022591846,0.023750841338980495,0.052759112620071984,0.06438244962598105
11,0.744944536920845,0.0717561879880106,0.016297607347653915,0.0314784052281046,0.04909475886090788,0.08642850365447811
12,0.7440028237324877,0.1658292509789505,0.005809046052152543,0.012067793573473144,0.030604197316215588,0.0416868883467207
13,0.7384878540731977,0.15251495803883064,0.010505955752978855,0.018762517015463907,0.03920297729301941,0.04052573782650948
14,0.6420953704264671,0.15821102799651687,0.014915789554208591,0.04586531661350596,0.060015602364502374,0.07889689304479912
15,0.634093602555327,0.14454032706968414,0.03552048087248191,0.03477271531055285,0.07513806496366653,0.07593480922828735
16,0.744932795875758,0.11549427869330439,0.008881429526878943,0.023613173878247712,0.03908534121223205,0.06799298081357884
17,0.7706869600119545,0.09935451741166848,0.03981467342878306,0.029516245858353395,0.0413861773577304,0.01924142593151015
18,0.7230174094006718,0.11627588814873177,0.024847530342364407,0.04155595735858691,0.04807900771613439,0.04622420703351064
19,0.579388975072324,0.2310569308940986,0.02480057333553556,0.018118286168565978,0.08131902881325945,0.0653162057162166
20,0.5444950320755273,0.24904672712256254,0.03128996426591343,0.052802632767718995,0.03771567145183443,0.0846499723164432
21,0.7239062350718669,0.05581403195626539,0.017462587625973205,0.04580774777552215,0.06546423325818072,0.09154516431219174
22,0.6565064121860513,0.1491544818944661,0.030903479050758197,0.025599139721916582,0.07196740406505689,0.06586908308175085
23,0.710469486109142,0.15349436075258535,0.007916841399575245,0.01860173531840877,0.06967761529773327,0.039839961122555285
24,0.651842810302124,0.2022134254227825,0.026186051543597936,0.01846723028169886,0.0775523969107941,0.02373808553900246
25,0.6804844669599375,0.08230493788973124,0.08526188642845123,0.041353803103654725,0.040794308474264664,0.06980059714396064
26,0.6910693067562984,0.1207201848958139,0.007325970561779242,0.01915822463768178,0.04602855771114847,0.11569775543727817
27,0.761402538821587,0.1212716949800738,0.015915408679150655,0.03846209633173222,0.02712900719040824,0.03581925399704805
28,0.7426729149268523,0.15689246243989802,0.01671552184211036,0.010411969236992885,0.031557872204680995,0.041749259349465405
29,0.8078494861778446,0.04845613226388054,0.01927210237375786,0.01722518476393781,0.05751357091742065,0.049683523503158605
30,0.8375598374082763,0.07748856006282413,0.007826573502440521,0.008919974288278886,0.028744308479315885,0.03946074625886438
31,0.8293238098196993,0.08215271712661484,0.01059258358710954,0.015933884109540903,0.031056085457558485,0.030940919899476917
32,0.6484393933393784,0.10122793358119529,0.022128527792477353,0.032114562043826435,0.11608682736913638,0.08000275587398602
33,0.7147362840455298,0.05839832795413179,0.029556014500181825,0.0209183439186838,0.11332957969990964,0.06306144988156308
34,0.7377371558611386,0.09540200253422289,0.022476772256519974,0.02306764881026789,0.08128032806305019,0.04003609247480045
35,0.76242015069782,0.07106108211736174,0.013146233877322363,0.03087546819575913,0.0880879175294491,0.034409147582287684
36,0.4570457380687465,0.21960205602875724,0.042818529477570824,0.021365588968821913,0.19124401894925525,0.06792406850684844
37,0.7264845283045787,0.08325109370867648,0.011150623484731812,0.031877803566051494,0.06966910066627449,0.077566850269687
38,0.6779614475795761,0.14665138243706036,0.01848516768046628,0.022225339862112923,0.06607188925002662,0.0686047731907577
39,0.6107824876809648,0.12168122930312482,0.015402359732089912,0.012527076388534055,0.14043825627357387,0.09916859062171261
40,0.540802847467495,0.29843108682387065,0.027459966355516032,0.024695170818649036,0.07027376550972714,0.03833716302474216
41,0.46390316698006984,0.279785433503535,0.04371621081503841,0.04644020673490879,0.12200330097169695,0.0441516809947509
42,0.5768224154675647,0.27853779783623517,0.023881649458429143,0.014982264601559867,0.06632973343875849,0.0394461391974527
43,0.475381220585723,0.0872885040708575,0.021535789895614617,0.062389534930952416,0.14595834768227037,0.207446602834582
44,0.7044902066228492,0.1066712024563082,0.016231694422052082,0.037756927290070165,0.03586774532458872,0.09898222388413179
45,0.7094772689063104,0.10344533207965546,0.011875142665591922,0.012264590713983354,0.10443571861791293,0.05850194701654592
46,0.6847245184074842,0.1393487116752919,0.01721089490737377,0.01928720765373642,0.09199473444378498,0.047433932912328745
47,0.7451104339372107,0.0939773495046171,0.015471637058619371,0.017437694017272423,0.06988692106780278,0.05811596441447783
48,0.7169143835265375,0.16100650160222285,0.020629963389735488,0.01768023015571515,0.04283749016528179,0.040931431160507264
49,0.8227919584918149,0.06744132618547305,0.016610041858116063,0.01789574309256204,0.04974359850678683,0.025517331865247274
50,0.15671065082233124,0.7485364288147365,0.0187620220104697,0.020023253041963618,0.024400009939859562,0.03156763537063962
51,0.09556082446193163,0.8147852660779643,0.016276162380215658,0.014455780246140445,0.028162051414208758,0.030759915419539166
52,0.21747490990462415,0.6575333854566578,0.016236319050560617,0.014098644630195492,0.05438101023672555,0.04027573072123647
53,0.09824733237406305,0.7783382524207021,0.02133818018521261,0.023390049299004127,0.05277593733397644,0.025910248387041698
54,0.12716722213516873,0.7747561823532084,0.013178211438319178,0.020963767143177648,0.030744440155890312,0.03319017677423578
55,0.07874003563396187,0.8233149448739391,0.012600554670953775,0.018811935679498827,0.028360098277365457,0.038172430864280925
56,0.0710481127433282,0.8118751805398081,0.025711256369535196,0.015740668157313207,0.047679531670032964,0.02794525051998236
57,0.17276948154931948,0.7174473472754412,0.017530215225405137,0.030141821574121458,0.0390305345801195,0.023080599795593234
58,0.1464025975919104,0.7543413771858193,0.012953362073557484,0.006672014897271161,0.04009414832154188,0.039536499929899625
59,0.198217674183392,0.7041643250678066,0.013317023655487755,0.017973873896376977,0.029923787342412633,0.036403315854524
60,0.10908985071625334,0.756093998765882,0.020787999155341436,0.03234410278445629,0.029461688693058718,0.05222235988500829
61,0.128197770218577,0.7713411464704611,0.018257348924180943,0.009067263604402067,0.03742812001210843,0.03570835077027053
62,0.11608891158928271,0.795921250554223,0.015756924142415477,0.015019440252967831,0.0349000940126197,0.02231337944849127
63,0.16207680272289957,0.7379632503506574,0.01057539200608425,0.009094464947958566,0.04613050575692393,0.03415958421547642
64,0.15083685520234283,0.7307349816764779,0.020497985698086165,0.015656838579673298,0.0365800730458505,0.045693265797569396
65,0.12073223862493103,0.7624054891835116,0.014834507926747535,0.019249904128165247,0.035379402147791034,0.04739845798885353
66,0.0948078251215333,0.8098105266303463,0.019192317980305035,0.01393379036440179,0.04006699301871917,0.02218854688469433
67,0.15227941095481864,0.7628831846190938,0.011641153127556153,0.011383418051341517,0.03499047278349157,0.026822360463698323
68,0.20300474978545294,0.7144392376080988,0.013925866235710375,0.00998431424572438,0.034756388356752745,0.023889443768260733
69,0.13561829707822523,0.7806926209983163,0.010477999848851631,0.014783544578381118,0.032450907339548564,0.0259766301566771
70,0.07238031003883538,0.8063401390995962,0.022631768892729127,0.01900592524701578,0.049620740489488835,0.030021116232334707
71,0.13369849118757327,0.7582546039237361,0.026403141277409174,0.01702159673341029,0.043560576054793944,0.02106159082307714
72,0.20027508466907074,0.6981765513794379,0.013094773108058634,0.011150321335761852,0.03471683151910027,0.042586437988570605
73,0.13519672501592786,0.7712581409184489,0.009974291600417125,0.009963641527941875,0.029385213300764514,0.04422198763649964
74,0.15435082960698762,0.7636692146202082,0.010992657214777428,0.007948567027549397,0.034231971727407294,0.028806759803070233
75,0.10934387847920618,0.7931830808021492,0.018907966925372634,0.009419711131952866,0.03433258859263086,0.03481277406868844
76,0.1101426145645418,0.7973963754964487,0.013079970410282851,0.01488586850141838,0.03416151481776858,0.030333656209539733
77,0.11933311448439289,0.7825334139163664,0.013024769405614575,0.014107152775211752,0.03577442969046464,0.03522711972794969
78,0.1347051239159636,0.7815353677598507,0.017924352633526586,0.012105752826676629,0.02966088739715289,0.024068515466829588
79,0.13398552201845124,0.7730862627048956,0.015271647987080443,0.009984745726781732,0.03444857631148421,0.03322324525130676
80,0.1535343184269448,0.7517492237232941,0.016208572259543606,0.01936741094549793,0.027213434245876782,0.031927040398842726
81,0.14071052139619658,0.7621856370389206,0.011659374232756618,0.011755589980795678,0.039320937378211074,0.03436793997311967
82,0.12454477614773284,0.7800805075742208,0.014124401879278757,0.014262688090237566,0.03740537270284389,0.02958225360568619
83,0.11622121277580513,0.7700245104211026,0.012915172026088545,0.022240695973914322,0.03189963362325314,0.04669877517983613
84,0.21387660264413139,0.6890104723096513,0.012579266757310312,0.013950865808260446,0.047403399858998746,0.023179392621647674
85,0.11626763928447477,0.8004903842723661,0.017301736861967475,0.015308412681178706,0.0233564367537961,0.027275390146216886
86,0.14871763186803114,0.7562317602176986,0.013018034845382756,0.01221743049559633,0.04101360007989929,0.028801542493391914
87,0.10097374233191467,0.8239929656043313,0.013975554783219199,0.012599615679420861,0.0267364364071241,0.021721685193989752
88,0.09003603732174548,0.7934258049008746,0.01754816021107301,0.03691605392648539,0.03192999938028042,0.030143944259541276
89,0.08587084125303718,0.7985173631127283,0.02193754976734089,0.03555876757387147,0.02697577616890113,0.031139702124121097
90,0.08369566301159867,0.8041190650630483,0.02287180515594683,0.02062144227847438,0.024526366718776088,0.04416565777215567
91,0.11785731330822795,0.7820778219731118,0.011402536340862763,0.008095670601021688,0.035447009591318315,0.045119648185457266
92,0.3132591627652221,0.5965148829182063,0.012508071436201341,0.009767547966670672,0.030354461760788036,0.037595873152911546
93,0.13222102586440712,0.7651162598585405,0.016291805740344355,0.011148948569587076,0.039806898092913545,0.035415061874207364
94,0.16129050271791034,0.7142059436095508,0.011264906278933205,0.020612182605030723,0.035648434237355656,0.05697803055121914
95,0.06562704746670538,0.8225163018258598,0.016257773825672898,0.023466959463696355,0.03252917664789488,0.0396027407701707
96,0.1708916737568402,0.7140611243079861,0.021830287840295264,0.014683914211783911,0.03906970868981804,0.0394632911932766
97,0.08834341473988512,0.7984630015529286,0.01630238852456925,0.022268422530259485,0.03569799081612805,0.03892478183622966
98,0.0999239661530268,0.7984428309879826,0.014905405418734783,0.020461595278392444,0.024586534046368073,0.041679668115495234
99,0.1061286057079873,0.7826844590889467,0.019874157571563925,0.030101399827912854,0.02511620275770438,0.03609517504588486
100,0.05191525713870139,0.03228210931804969,0.561213209693204,0.04332608745759453,0.2804488645882186,0.03081447180423177
101,0.00898867392021077,0.007349605725178679,0.6830339141967686,0.10361175921596835,0.17742713421889714,0.01958891272297649
102,0.030704174191172745,0.024125129827220423,0.5507313399150128,0.08717148231808974,0.2772388394859124,0.030029034262591982
103,0.02644568090254808,0.019112970098522343,0.5917536665369397,0.05181635616064775,0.2870741857546432,0.023797140546698802
104,0.014638190759518515,0.011378836609719582,0.627082603616706,0.09316604516860102,0.22132156475983508,0.03241275908561971
105,0.05289904050932321,0.03284015302616432,0.5616387996337028,0.07588555050526082,0.23626431561780056,0.040472140707748225
106,0.03739835512524456,0.04826397513050064,0.6312331122488897,0.09194722339520082,0.16593807031256383,0.025219263787600366
107,0.005473113742137545,0.008570698923750222,0.7088380432711312,0.09552895542218365,0.16274502987636205,0.018844158764435404
108,0.024437778329345846,0.015050418417250865,0.568066949331141,0.08411060851238276,0.28782466316875466,0.020509582241124914
109,0.014449784968064127,0.009474092220275317,0.6463960575393012,0.1063896251175819,0.20471695242492624,0.018573487729851183
110,0.1924404483173404,0.051627020752835824,0.39055393509276265,0.06433067256932717,0.25259404525941426,0.048453878008319615
111,0.03601456565556743,0.014930082173149275,0.6520536901186209,0.1414840133462241,0.13689729820345603,0.018620350502982205
112,0.01606263369047714,0.010899281989137206,0.6333489949170982,0.08499693013956346,0.23787890377392773,0.0168132554897964
113,0.02361537682250237,0.018195122486039862,0.600701329220495,0.06334311798195591,0.27155384504999014,0.02259120843901668
114,0.011470667244543759,0.010086324340467679,0.6287306324867785,0.0938319945938089,0.24021680145422783,0.0156635798801733
115,0.034010134389525985,0.017080406651917658,0.596325495521774,0.09773666115771165,0.22110704883473312,0.03374025344433768
116,0.01975492665900635,0.016013323994831574,0.6710062312171775,0.10392949841861047,0.1702925945458369,0.01900342516453713
117,0.0595063766234435,0.0669885786256142,0.5655034534565241,0.07928522896855293,0.1798139613403474,0.04890240098551773
118,0.02221871595182774,0.007204803698031025,0.6704525872956303,0.12449587103177133,0.1551019900221361,0.020526032000603593
119,0.023059826264077488,0.02518347249154158,0.691754403040786,0.06489081076717129,0.16981982719616048,0.025291660240263202
120,0.024417376849485695,0.009779014596776166,0.6939693552671301,0.09322187553991608,0.15179826977214717,0.026814107974544744
121,0.023950545726794167,0.0065411582913707505,0.5730076514667077,0.08164064620782763,0.298783270697384,0.016076727609915808
122,0.010572447997288374,0.0077557491421873705,0.6878910616407024,0.08380486597853579,0.1881552914079729,0.021820583833313284
123,0.017172775692304867,0.03989079663172048,0.7152847177815707,0.062171807937107415,0.1281576056330899,0.037322296324206604
124,0.1748032492158919,0.051062013910633225,0.43695747701157134,0.10056890974740527,0.19708405387802194,0.039524296236476235
125,0.043530557183093815,0.045063231311095624,0.5928229669231718,0.07495492062292429,0.22080837871195752,0.022819945247756913
126,0.024793667722374846,0.010034600600671288,0.6323400707982939,0.09756009878115995,0.21510338686617372,0.0201681752313263
127,0.1329754504434522,0.02894517927298244,0.4561995519150577,0.07881908445298819,0.2820238565136883,0.021036877401831147
128,0.02603927428165962,0.028257555343303317,0.6449198050259621,0.06682505578540694,0.20679249204400854,0.02716581751965937
129,0.030504502263334708,0.024697461234208188,0.6705861527364003,0.07530269791681697,0.17756502298303542,0.02134416286620463
130,0.027670225674728956,0.010547467968591235,0.6152965692803537,0.10285794036169597,0.22207383343385026,0.021553963280780013
131,0.009314830899018437,0.015818291113549484,0.6573971567575021,0.08446703049382132,0.21668920750557633,0.016313483230532375
132,0.03390613370880619,0.010861654278692961,0.5616861775726475,0.0703612774116812,0.29865804280197117,0.02452671422620098
133,0.024117004475187814,0.018832564467052625,0.6877440245801332,0.0917308018303301,0.15516967947958968,0.0224059251677067
134,0.02499641627858308,0.014767981660213977,0.623343320859653,0.10509260026364566,0.21372012346924352,0.018079557468660586
135,0.044214608882028626,0.02182814603823817,0.5280603751816875,0.056719651008037865,0.30293963438022564,0.04623758450978216
136,0.09178954127142933,0.0682507000691311,0.539343060545874,0.0925074433701687,0.16916005695614844,0.03894919778724844
137,0.07470443664415556,0.02718410416344993,0.6536046510561578,0.09497398513758105,0.13481449807550624,0.014718324923149485
138,0.008774936354567374,0.0079624719734909,0.6855843935480043,0.07771591914679901,0.20179270452277862,0.01816957445435976
139,0.019627816342008234,0.02630766277806096,0.6315419360997548,0.07418798733006017,0.22438820123949005,0.023946396210625772
140,0.03793895054027667,0.016071291348275226,0.6687062695260736,0.09358243105870837,0.16508219814622296,0.01861885938044309
141,0.013503210562842096,0.017534462232758882,0.6471137638400104,0.09318646896162455,0.20866517596074785,0.01999691844201608
142,0.03863292868327733,0.050997349122270344,0.6300365761133424,0.07485836177747726,0.1859403008694787,0.019534483434153923
143,0.009487748647685219,0.01233023585897888,0.6828256856129379,0.10186915146038986,0.16957115967142067,0.023916018748587387
144,0.037589722174166756,0.03441267178202142,0.6202070486160277,0.06523860885790521,0.2210270922942881,0.021524856275590896
145,0.0322271968992979,0.027219281196435983,0.669067825115949,0.06379692973344933,0.1819243221051631,0.025764444949704667
146,0.032186608110641377,0.014899909600258051,0.6820727381237904,0.07189905218597288,0.169049562781549,0.029892129197788248
147,0.06509646349655314,0.015941131110891904,0.6054243506319676,0.07332223472113314,0.21474521603775243,0.025470604001701713
148,0.046309632491655185,0.0221298516886326,0.6346278435417666,0.08281947831359888,0.18871837708378472,0.025394816880561995
149,0.013515886114272247,0.011051369667571942,0.6285785658867954,0.06852062635320304,0.26324584238074183,0.015087709597415467
150,0.05702911272498833,0.0464930948637743,0.11711426942020955,0.5745794292199112,0.02265916427183242,0.18212492949928427
151,0.013322221088932967,0.017301748044707327,0.137024051022557,0.6341593074730735,0.019081637349058475,0.1791110350216709
152,0.05389537731000992,0.020820928898368316,0.07443719477502489,0.5047961871343346,0.039835008844673295,0.3062153030375889
153,0.020293743191079777,0.01720752130707152,0.07128744718785339,0.5518016019994556,0.019572130278124673,0.3198375560364151
154,0.01633624388070908,0.005833831234389326,0.09049081172870403,0.6457761431324928,0.013180796374099432,0.22838217364960545
155,0.019647300311702743,0.007797140863054377,0.09389485226698238,0.6298072443114812,0.011216366912258592,0.23763709533452088
156,0.015515940359214489,0.010573620372310176,0.09474642731440425,0.5806846988674932,0.014081990671358522,0.2843973224152193
157,0.012732561069153134,0.008502526650802507,0.08489688918879375,0.6456258387475708,0.01830951379306086,0.22993267055061892
158,0.02427750306898309,0.03365267929421795,0.04141905207857344,0.6224189376533791,0.015924243565473662,0.26230758433937273
159,0.018818481941563454,0.010001420884213463,0.08138914882624172,0.6790596541592886,0.012318794574571305,0.19841249961412138
160,0.04062935288266148,0.02015300390372244,0.06599513739270373,0.6474403457419405,0.024429832380440664,0.20135232769853112
161,0.06353228767675109,0.03550334691830762,0.09209094545480213,0.6487424593091454,0.01683217972524168,0.14329878091575213
162,0.01548022981503517,0.014885253320562241,0.09726156244618354,0.6720117506459935,0.019519239354214804,0.18084196441801073
163,0.016543270647252622,0.027383334968345076,0.11160316125782412,0.5934012690061254,0.019643992827806878,0.23142497129264586
164,0.05475773211417739,0.023485345266627006,0.05438496702774539,0.6609316850260051,0.025613728300854052,0.18082654226459105
165,0.049233683448747075,0.011742754492624694,0.06389950755297082,0.7089552862861896,0.01506731586281838,0.15110145235664957
166,0.1309755533656644,0.018862104595221564,0.061462371667543925,0.5373562066044361,0.018166402961811663,0.23317736080532242
167,0.02692947530211749,0.013055460585189096,0.1050462641642802,0.6353240374047834,0.015117902631704622,0.20452685991192524
168,0.019148184202434523,0.012015949847433696,0.07135933580603175,0.5239091398426997,0.013743550675453929,0.3598238396259465
169,0.020276025142304827,0.01329102743794086,0.07822882137059815,0.6146818071705153,0.021412176526220593,0.2521101423524203
170,0.013156314106518944,0.0065433440181148,0.09620037028930883,0.6186018557114045,0.016161679206607254,0.24933643666804572
171,0.02314547504566193,0.007683713733889527,0.09853083161048673,0.671120231877364,0.016755333175330074,0.1827644145572677
172,0.0548832181255331,0.027437930535919728,0.06111886875478156,0.3800828492654896,0.03904831125912437,0.4374288220591517
173,0.03142137322527539,0.009139526673528698,0.08767773991445393,0.5833763947726113,0.019685289296654446,0.2686996761174764
174,0.019772121749268165,0.010379085738810672,0.08849680258743857,0.54493325549739,0.010924163670644001,0.32549457075644844
175,0.022433177138076268,0.012798742272736339,0.06295867665854012,0.7053711982107314,0.021124077292386367,0.17531412842752944
176,0.030432085525722418,0.015772522885901363,0.08156060789108206,0.5638680409913964,0.02260483914074829,0.28576190356514936
177,0.009416193885140258,0.011998067414815138,0.10267620056664127,0.685932690119147,0.015384575829237381,0.17459227218501883
178,0.013873176912729115,0.0036354605473282835,0.1066425896670368,0.6640968904696095,0.01441058164874885,0.19734130075454742
179,0.019610234890521407,0.019483277461471625,0.06755514844565857,0.6400982798786098,0.03105631428365633,0.22219674504008233
180,0.20629652283422942,0.01584335133563899,0.054365763446708376,0.3415315145463111,0.03484131591246852,0.3471215319246436
181,0.025983076433502342,0.02298422369049923,0.11999062771229159,0.602234045159008,0.021250784595825377,0.20755724240887347
182,0.10631490663765637,0.033109156184474166,0.0831532394895555,0.6052976418903891,0.018816863869092645,0.15330819192883224
183,0.01022398008439008,0.011830272254051788,0.08020376625331603,0.5770368625467076,0.01569194904342204,0.3050131698181124
184,0.02285824887039654,0.008243451227322268,0.08133469840811329,0.6373724441831973,0.021531931096744842,0.22865922621422585
185,0.024786714901930268,0.007255527225583427,0.1095929082488717,0.6091413981922177,0.017609757371331015,0.23161369406006593
186,0.012669027731635573,0.009975873621913295,0.08379673389955758,0.6639326637746766,0.017644992032259027,0.21198070893995782
187,0.24175373202306297,0.0681564950764795,0.047424735021329247,0.41806259353891473,0.041854575310319705,0.1827478690298938
188,0.06836644772345622,0.01938275355243302,0.09473660573275881,0.6446947167310108,0.021748010608475296,0.15107146565186583
189,0.01874198508195842,0.011049114126254133,0.10536271079727594,0.5967647209788093,0.015424582677673734,0.2526568863380284
190,0.021654900626756252,0.011527545467588145,0.05239923505324414,0.7077823424758954,0.01826317020136346,0.1883728061751526
191,0.030680422374264747,0.01268094759002358,0.07630547127683182,0.7064774782124985,0.020104598411450528,0.15375108213493074
192,0.008482069510019319,0.009806257155996038,0.09768602903381793,0.599054937296535,0.013313612039576954,0.27165709496405477
193,0.008910651762762727,0.004750009582147015,0.13228284807502066,0.5793922650287006,0.008621054861785223,0.2660431706895838
194,0.1255181010520146,0.05802489298940475,0.0954740402949768,0.544646236736876,0.030273764841305364,0.1460629640854224
195,0.061586586971655415,0.016459210377282586,0.06917537714534623,0.5977290129246697,0.0253407793986636,0.22970903318238262
196,0.0298586593484715,0.008447944847032917,0.09080517337524222,0.6700891067978436,0.02162222090452198,0.1791768947268878
197,0.04405712715934113,0.021494909905253646,0.05658308039563306,0.5594510322234769,0.03220829671195335,0.28620555360434186
198,0.008545708638896714,0.006170703454809827,0.117553026445424,0.67224535365708,0.012811927298149199,0.1826732805056401
199,0.022927129518282133,0.021599527588571026,0.11090063331193968,0.6438711056067045,0.026279013683718253,0.17442259029078455
200,0.09130396505773025,0.0845408535046535,0.18064447425973298,0.02157327631024043,0.5911625800508713,0.03077485081677148
201,0.03316223213241797,0.022178277384282727,0.2452519670052651,0.03593832244668561,0.6495524189232144,0.01391678210813421
202,0.07902668042008812,0.021374367110537917,0.22549451867439035,0.05916375806319447,0.5841161092687961,0.030824566462993096
203,0.028465675929901967,0.01627159271319687,0.20515560223825588,0.026741877911740913,0.7082514740220216,0.015113777184882778
204,0.03624555200225089,0.017965395092012497,0.24780841674956364,0.039408983217601126,0.6402494227757348,0.018322230162837176
205,0.03294680559809085,0.03187107118539926,0.14695709569371357,0.024095844607732925,0.7467940943557251,0.017335088559338258
206,0.03219301952038276,0.018524793015963246,0.1890226378988481,0.019707794827581147,0.7241213129167953,0.01643044182042954
207,0.04765669726694028,0.018254769998758556,0.23267029848066711,0.03020590584648184,0.653021540708152,0.01819078769900024
208,0.04331462827038793,0.022366902596926,0.17426402390919118,0.02361616701135246,0.7191172574537061,0.017321020758436147
209,0.07702968903173037,0.05285425172435083,0.15893472507789141,0.02256398367127631,0.6679075797263336,0.02070977076841742
210,0.045968580987638036,0.020475828898814948,0.1840912592294801,0.024550083020427042,0.7106952399446143,0.014219007919025733
211,0.029735679821166223,0.017872308662823598,0.2259570449245442,0.02419487353735763,0.6900886920923507,0.012151400961757708
212,0.03461387399215917,0.03911462944565837,0.1884671930352992,0.012642477164611237,0.7116929057618173,0.013468920600454612
213,0.10431080178731864,0.022216408555163887,0.3185333084493118,0.08873031102748721,0.4157499985666153,0.05045917161410313
214,0.09512435569717916,0.03573671472398162,0.20179390617082849,0.03652597131109008,0.6044925952431837,0.026326456853736975
215,0.12795980153814324,0.03202646067515318,0.2811132151183724,0.04455393404921161,0.4644980817788786,0.04984850684024094
216,0.04050996648796498,0.03364682827758842,0.219616931198274,0.030746751590914587,0.6432938858522099,0.03218563659304811
217,0.1474477271080068,0.10300008346698128,0.1914451235968302,0.025340626309110915,0.5055366608011018,0.02722977871796903
218,0.25508072902983625,0.09621405656981197,0.11846661537328093,0.020540526186749286,0.48959465792770795,0.020103414912613627
219,0.07963621955340995,0.02488615045517471,0.2013296168466739,0.045693932535173815,0.6311664848873404,0.017287595722227173
220,0.10708887608623158,0.14253801456901014,0.23229071662208486,0.029273391159285903,0.4707232784926788,0.018085723070708836
221,0.0650338385980588,0.014401155177244935,0.3038601002602729,0.06849591658034594,0.46178746379464447,0.08642152558943308
222,0.0784717500324475,0.03869502854525681,0.16308662232177315,0.027920660970595174,0.6703867373467948,0.021439200783132557
223,0.03531769879669945,0.019575210710865047,0.21015798411623535,0.02498243264263403,0.6755690783072654,0.034397595426300616
224,0.04109966275431691,0.021700008404188554,0.19008003171862178,0.030707747436885712,0.6961704261815301,0.02024212350445688
225,0.08076315482930661,0.052518466339302065,0.180487517950576,0.041858387952848665,0.6299315643817381,0.014440908546228405
226,0.1668549945404003,0.04590479795263481,0.14205254338673115,0.022030877877194665,0.5969659637409415,0.02619082250209762
227,0.025554348127218587,0.020363699540945895,0.23333888173896317,0.03175304916431358,0.6754557976234791,0.013534223805079784
228,0.02455958227627619,0.052787117342687005,0.21624692888155164,0.02178687099889709,0.6705859161132026,0.014033584387385518
229,0.031527223111611956,0.042580460950581545,0.26819328295738665,0.015961460567717824,0.6209334448902105,0.020804127522491587
230,0.06569899554793744,0.022359541724396664,0.1741153305103443,0.03214976179934728,0.6706461252550747,0.035030245162899674
231,0.03876520529843935,0.014748733515739269,0.22128831330055293,0.033289813443132546,0.6746502542234751,0.01725768021866074
232,0.05337186607665329,0.043522990779745946,0.17788095336888812,0.043173112161312005,0.6654701915684686,0.016580886044931898
233,0.08292001276858042,0.03350864015595758,0.1500028910433193,0.03450755268358839,0.6760128198821064,0.02304808346644791
234,0.03218867125571266,0.019921947387272453,0.2432925551644916,0.03366586104396567,0.6565163968089652,0.014414568339592341
235,0.0751636161517447,0.04300384300209299,0.17446564651333024,0.020662535072199787,0.6557391359598448,0.030965223300787457
236,0.09202351729238652,0.025448379986706283,0.20608059900102219,0.02779969764887924,0.6274383552649422,0.021209450806063637
237,0.030873308884093974,0.034120691444926604,0.12632433731388695,0.024932861446851456,0.7597537315968715,0.023995069313369602
238,0.060604329646059926,0.0710188378552262,0.20746924749485196,0.022741207612794433,0.6211010962707313,0.01706528112033614
239,0.10940541803973453,0.032442659807048815,0.41855115629170836,0.0963735377199458,0.30972385397412483,0.033503374167437684
240,0.0315871805439735,0.06347158192877808,0.2032774591045953,0.030758760391571802,0.6559396713985189,0.014965346632562196
241,0.034360185487747406,0.015006948103998247,0.23122897942251644,0.04175978721339591,0.6525672341987835,0.025076865573558524
242,0.030962920562312195,0.021303694100246795,0.38282693543782664,0.056929568096161835,0.4929685884007049,0.015008293402747694
243,0.0397984264091025,0.03296237576686966,0.23095250804608058,0.018103150844420143,0.6641747919247364,0.01400874700879075
244,0.03303304616493943,0.017744739696656377,0.30688503999343547,0.046113399053896664,0.5801779122616295,0.016045862829442648
245,0.035904034457255984,0.030000878868891797,0.20222320847738975,0.01786162003627159,0.6916639856496807,0.022346272510510034
246,0.06589326175189329,0.0233434244805449,0.1117134411269333,0.018185909597848948,0.7562507151666317,0.024613247876147677
247,0.07580946608823326,0.044762209483374595,0.1832631539418996,0.03293444192705473,0.6519637646676856,0.011266963891752427
248,0.046486726715451905,0.02326148701991057,0.1595605310921103,0.030455427714545596,0.7194668872186104,0.02076894023937138
249,0.049089904349934266,0.045848030750607456,0.1379433963975571,0.022450511760868392,0.7331362423120529,0.011531914428979826
250,0.05718055208278646,0.03139794759590963,0.01735966633346332,0.16043329320614838,0.017494495623517722,0.7161340451581746
251,0.0851446140700299,0.036749448722525335,0.07232604804122757,0.3705134077718781,0.024266859557418762,0.4109996218369204
252,0.062138757498018525,0.02673958429427239,0.0403256417925466,0.32085956160087553,0.015888904036727894,0.5340475507775589
253,0.08581281699004674,0.03162706613172808,0.03219720113056256,0.17473969984613347,0.026100806337320048,0.649522409564209
254,0.10802833505878724,0.026309924157650454,0.025696101287912852,0.1818040063615612,0.02675878529232659,0.6314028478417617
255,0.04405564336143063,0.055769954290183464,0.03256003834572371,0.30240237359755306,0.025767355257192388,0.5394446351479167
256,0.06498839846693487,0.058927802673130934,0.042422773931838416,0.25803012612489973,0.04849406759634019,0.5271368312068557
257,0.04018632712412972,0.01702900837604169,0.023938073133848752,0.20158910458500257,0.012054176278786861,0.7052033105021903
258,0.08334019393626187,0.014242252878839949,0.08231329252109472,0.3505721469346436,0.042866573854773174,0.42666553987438666
259,0.06018066772368412,0.025823774334446048,0.02946296073174086,0.19605879455960087,0.037716969528199105,0.6507568331223289
260,0.04329877707121671,0.01735428847614043,0.027698794687529518,0.19234446435190905,0.021664777855046037,0.6976388975581583
261,0.22179455762966066,0.03172405885253193,0.020784448242983873,0.21241694654630505,0.04020026372214741,0.4730797250063712
262,0.0647651180470117,0.017918848158801123,0.03145088781378308,0.27034128522340223,0.019525545725091794,0.59599831503191
263,0.0718479752491156,0.03654298268506545,0.0276339543928994,0.29445059482471997,0.01940640635247208,0.5501180864957275
264,0.047351930168391704,0.0525414893276209,0.07478833878324387,0.4024978070343832,0.02959555267257573,0.3932248820137846
265,0.2125717153688189,0.03740393542922152,0.04670860395091525,0.2787536531719879,0.031131101434476276,0.39343099064458026
266,0.027930056369183463,0.040245448343233195,0.01942601031425445,0.21225600280495197,0.025334652423227553,0.6748078297451494
267,0.053164639727975846,0.04054316150708032,0.05213382799913503,0.2682458482699643,0.021460289958933915,0.5644522325369107
268,0.12532169619123612,0.026294771273522873,0.027993036403288526,0.25404528077456856,0.013416178949747668,0.5529290364076362
269,0.07234224015838983,0.03363260854152471,0.02964943943265978,0.15913566537554666,0.020231650813387084,0.685008395678492
270,0.0828495684338388,0.020783609627818667,0.022066308634527066,0.1772253430841448,0.02260670454335488,0.6744684656763159
271,0.03913718722592672,0.01694624418373968,0.023796461040061126,0.251134060904202,0.02136821999759225,0.6476178266484782
272,0.2372387557927363,0.08408003865360333,0.032493018208648895,0.15964232450982457,0.050020619551272814,0.43652524328391407
273,0.11603065012411967,0.04072786661207134,0.03541742457151843,0.32712292018282074,0.03763117477943226,0.44306996373003765
274,0.0495858808049947,0.016267588581227607,0.0504727015460914,0.3508492002572227,0.039523293236442804,0.4933013355740207
275,0.05660390907268551,0.015089669559687102,0.0301603200652415,0.2892275470230309,0.01524521621089911,0.5936733380684559
276,0.07707672548801929,0.03464064755892162,0.05383117828806214,0.21963580087652732,0.02089999716822663,0.593915650620243
277,0.04035638363475338,0.06567545098855727,0.07204678576828956,0.28524074645669384,0.03153391014032848,0.5051467230113774
278,0.10252919329887272,0.043753320488798084,0.046555280823149504,0.41097194804786913,0.0419119002487862,0.35427835709252437
279,0.03480174537323136,0.012942257737711058,0.03503808790156595,0.3766959635493661,0.014678100162617176,0.5258438452755083
280,0.07711456983695887,0.016827203538937067,0.02896748902385392,0.21630553542114572,0.02932204922959323,0.6314631529495113
281,0.03752135647500942,0.03284895172767606,0.03322009713772773,0.19145916550325917,0.020742570170411413,0.6842078589859161
282,0.07054867990380244,0.051675184366256025,0.06349868304727262,0.3248095653269939,0.02211951503739981,0.46734837231827514
283,0.04142824095941654,0.031586399992334376,0.028266616540834563,0.20905028929133487,0.018037841411182618,0.671630611804897
284,0.05149022980309056,0.01423621937203451,0.032191616440865135,0.3356513973221234,0.01205016929093664,0.5543803677709499
285,0.03416939767434563,0.015638486685972192,0.0316581010736716,0.29935255375802944,0.013386925699080163,0.6057945351089009
286,0.03139146491905788,0.028297901522864065,0.019505726075563737,0.20130329327873914,0.02112306497129301,0.6983785492324822
287,0.05594265740790865,0.019285823176609845,0.04535056527064455,0.4213968237385949,0.05072688746146733,0.40729724294477465
288,0.0463470204969295,0.02102652443706182,0.04662650232991552,0.335815926385402,0.026656044187715826,0.5235279821629752
289,0.05319266042009974,0.025010931223548895,0.018093996567849827,0.166069071851317,0.018823648350324133,0.7188096915868604
290,0.03214669882192678,0.022074729977309793,0.05241820035876903,0.30745712708951345,0.01755229945665366,0.5683509442958273
291,0.05860446008947996,0.030863056445531833,0.01929596885037693,0.17839132572032898,0.01842229573669363,0.6944228931575885
292,0.04839546834284809,0.021273242211569177,0.045291849561074925,0.2487353526893057,0.021183493439077928,0.6151205937561243
293,0.08104441230048703,0.020939324502371737,0.04043744115751397,0.3046261597806679,0.038628991758645405,0.5143236705003139
294,0.04850834000223093,0.029824824986702546,0.02100531189246006,0.19396544042882172,0.01970231853028694,0.6869937641594978
295,0.15072983839239296,0.022776376617266073,0.030538447891158085,0.1684717396414314,0.02419825441514416,0.6032853430426073
296,0.08336465561972034,0.029107688682358485,0.023532553357303525,0.17646776077741883,0.029528588803243355,0.6579987527599555
297,0.08314227575632377,0.045675658590571794,0.052880493035492235,0.26855800668971713,0.026584647038831188,0.5231589188890639
298,0.05014242345248028,0.04303251339303458,0.05645811816080196,0.392608039573706,0.03558779926136878,0.4221711061586085
299,0.06344824352676985,0.013504425797137539,0.027156827766865083,0.21190444896953772,0.019484614284620002,0.6645014396550698
