,proba_0,proba_1,proba_2,proba_3,proba_4,proba_5
0,0.9594144575110436,0.011672422980159145,0.00224127960381458,0.008344234322664977,0.0044026671520175815,0.013924938430300194
1,0.9577225971023668,0.013350624732553355,0.00970832450999191,0.0025232345098036646,0.014108549468560827,0.0025866696767233885
2,0.8889806246752912,0.08385705675354659,0.003901447218575288,0.00881758287559371,0.005396982908081951,0.00904630556891101
3,0.8823203541116645,0.032689834291430166,0.008390940757433253,0.022827561054897933,0.01311041966923367,0.040660890115340485
4,0.8934558743515258,0.023399843836474195,0.012343368670455719,0.008385002386077995,0.04589453464792302,0.01652137610754336
5,0.965609764614278,0.010651465382376385,0.0057871201138941985,0.0025032154052215608,0.012172645792734312,0.003275788691495565
6,0.9042118786277363,0.06928695749926998,0.0057997177788518825,0.00576686158513931,0.008387625638547813,0.006546958870454548
7,0.9043119672070435,0.05196107453019631,0.011023800898345364,0.009104462271070032,0.013668323617228112,0.009930371476116636
8,0.9438409945332173,0.02883372674933769,0.005812871083617526,0.003403233084214731,0.013292235430907962,0.004816939118704408
9,0.8975888037227799,0.07972276522108375,0.006534432688510223,0.002709157411172328,0.010194127055781838,0.0032507139006717287
10,0.913896191313632,0.03831101571869704,0.004336706949176687,0.014942583532152552,0.00713651921982595,0.021376983266515808
11,0.9340007285036097,0.010952798771314875,0.01444407778508632,0.011479959246048006,0.015753315328945937,0.01336912036499537
12,0.9374951948670972,0.0400210477290428,0.003105930991051829,0.005830822158859301,0.005715817182648021,0.007831187071300818
13,0.9129566411927428,0.0590893703913747,0.0079293113211334,0.004714212706601926,0.010079864347656469,0.0052306000404907
14,0.927637260248452,0.01801450625358853,0.015733072446207218,0.00482224908757251,0.02779532089734801,0.005997591066831712
15,0.8869578063101721,0.024092218306240316,0.014653066523764153,0.006800995614913359,0.054778755317409555,0.012717157927500625
16,0.9176811488033129,0.04831425587914991,0.004864772849647753,0.008164727887928037,0.008737794900117878,0.012237299679843234
17,0.913122885187206,0.06153635553666882,0.006319237900157678,0.003067810863969819,0.012180555131517477,0.0037731553804806997
18,0.9321642368948692,0.04052825236599911,0.0039971172805586454,0.004568009947864335,0.00973086039398621,0.009011523116722693
19,0.9379944404876465,0.029709236882407973,0.005959093911693641,0.004049208264778513,0.015553320195737637,0.006734700257735397
20,0.7378798764270462,0.062114278907236316,0.015496553983211645,0.08556380338692486,0.014647385321389038,0.0842981019741918
21,0.8961285786008677,0.04758885186604307,0.003998390578276193,0.015900822412548178,0.007743117025443629,0.028640239516821136
22,0.9202394970561292,0.053719559253423865,0.005309167561246649,0.0028007287124108657,0.013314566534917638,0.004616480881871272
23,0.8908273654143863,0.06871235787352467,0.0027360557078401774,0.010953679647453815,0.0055059423123127475,0.021264599044482153
24,0.7163578080902777,0.16688786644071457,0.03763897607424845,0.007896080577460662,0.06086055023136342,0.010358718585935317
25,0.8298906922302692,0.030750453454536895,0.05125940411726133,0.009740388740844567,0.06643371091462824,0.011925350542459702
26,0.9726706439813513,0.013470417142161399,0.002749631151863257,0.0028231777567890863,0.0048602787533427155,0.0034258512144923993
27,0.8753325090641575,0.03127209248924561,0.008558679025561218,0.04174349758831446,0.009278963082469158,0.03381425875025202
28,0.8662189702982663,0.08072642085342109,0.01362802509594595,0.014705714534689721,0.010520466778745933,0.014200402438931089
29,0.94165194592876,0.013440526828305443,0.009995561876050713,0.0036507447629165937,0.025978306269936597,0.00528291433403093
30,0.9521205324748484,0.02359734162273999,0.004195769435450433,0.005784120602778763,0.0068357230397662495,0.007466512824416003
31,0.9665969345596621,0.015789331960338313,0.0034893709484978505,0.0032881167650472666,0.006651624436587982,0.004184621329866705
32,0.9237594593715514,0.020703473107760426,0.0059923847782853345,0.012496232874456118,0.013808863559070877,0.023239586308876042
33,0.8917387791057667,0.027689006157890078,0.0176931037281938,0.011670706089034972,0.034223604203019425,0.016984800716094928
34,0.9456633750166415,0.022995799812094722,0.007973263149660207,0.0037332252041152435,0.015156131966166119,0.004478204851321993
35,0.9657440701748152,0.018179014310526636,0.002859392176357959,0.004514711683478358,0.0038832311828435073,0.00481958047197883
36,0.8607355130861658,0.03299108726752625,0.025882564390167333,0.006656014758062018,0.06476436137200933,0.0089704591260695
37,0.8922170632801794,0.06985940489836738,0.004676515563209285,0.00820579597946292,0.010099914005955323,0.014941306272825356
38,0.8954166278305444,0.05602430566091211,0.015154060269135116,0.0036186472993379928,0.025267213510189877,0.004519145429880552
39,0.9135786505041681,0.017899739580453763,0.018056015020246143,0.0038266661723368725,0.041826359874101465,0.004812568848693593
40,0.7845074940638458,0.1675743022768627,0.00902011593171473,0.012713975087690493,0.011786475528836321,0.014397637111050292
41,0.952155595577456,0.014213057426130807,0.005693383744833254,0.0039883786022951884,0.01712289739724587,0.006826687252038585
42,0.7706573691086147,0.12331043274570117,0.053617652735611365,0.008105545698214707,0.034789884201125915,0.009519115510732146
43,0.935016168719234,0.021860877241226023,0.003491733792081533,0.01123313389549218,0.006690924270891007,0.02170716208107523
44,0.9395178602189477,0.020963630479811063,0.008246268726469604,0.004454035165520214,0.019876572919196957,0.006941632490054129
45,0.8149116191768705,0.08278193629925922,0.03869141780157614,0.0071050075928363494,0.04778943232358068,0.008720586805877749
46,0.9474133387117448,0.029521911761470482,0.0036805272661195906,0.004040907102356482,0.00868803369363717,0.006655281464671423
47,0.8768916262077819,0.022093747259574453,0.0272245118805862,0.006357221267452211,0.05899065431998258,0.008442239064622851
48,0.778482834357116,0.19536677450305742,0.004450500571149184,0.006186749500580399,0.007628737029353215,0.007884404038743634
49,0.9526309351674681,0.022532848088697616,0.0037630676434139585,0.004812039302521359,0.009300526258709071,0.00696058353918946
50,0.0030240239764034427,0.9663267023401176,0.006024784357789119,0.006467658468846552,0.008891744523758875,0.009265086333084314
51,0.001218681062855853,0.9774218879700738,0.004567993073453731,0.003999901880294485,0.007046157455230297,0.005745378558092251
52,0.10215634953256168,0.8348011816611485,0.011983141179004758,0.01078238974220169,0.022862605159622507,0.01741433272546065
53,0.012923070493898355,0.9489670889554223,0.009975471385271264,0.004563733756099571,0.016470873150798905,0.007099762258509548
54,0.030119112583649313,0.9380850464893044,0.004669321770263551,0.0069076492312901625,0.008552770015589031,0.011666099909903476
55,0.0013709560968378869,0.9743801110546173,0.005443579780640129,0.004465477850933366,0.008093116185079338,0.00624675903189179
56,0.004687924853661605,0.9523388365696861,0.013899418099549045,0.003980013376750844,0.019260180768340452,0.005833626332012324
57,0.2021000501729602,0.7445654995579335,0.0065136622056071606,0.014007107745889131,0.010229035618653005,0.022584644698956918
58,0.007948027172973557,0.9582102772393399,0.007437663149011945,0.005976842463309986,0.011563627832304451,0.008863562143060309
59,0.014999383452327894,0.9499906509349042,0.007489890662102664,0.0055514874713846135,0.012747570918922651,0.009221016560357991
60,0.0778417481615669,0.8714737046899288,0.005926862736446299,0.01489765184517792,0.008713253048013191,0.02114677951886711
61,0.01359615916014725,0.9355140962929437,0.011228651315753268,0.01010903204978178,0.014669667413065312,0.014882393768308596
62,0.003791258285756717,0.967877242280074,0.006948079618779465,0.004482705686399411,0.010478244316561034,0.006422469812429402
63,0.07433060411856657,0.875491445766746,0.009762231280336969,0.009189424288253568,0.016969519142081356,0.014256775404015614
64,0.04948120705569687,0.9104280974379583,0.005627844601700012,0.00963870872591147,0.010110584300392439,0.014713557878340694
65,0.011332680969734972,0.949244625512921,0.01025756978096009,0.006316177223521549,0.013739827929919278,0.009109118582942903
66,0.0013541503131690967,0.9765554752655857,0.007183537872755056,0.0029436936798244674,0.008417584258291104,0.003545558610374513
67,0.007841631254580176,0.9547196921743992,0.007779699596171794,0.007603785967265035,0.011138615519378742,0.01091657548820466
68,0.05064454108330158,0.9185055485539807,0.006985630412955747,0.004754924771053817,0.012387688781801022,0.006721666396907517
69,0.004263115080012471,0.9671064246905018,0.006517110718459152,0.004908476567977648,0.009980251664227485,0.0072246212788213745
70,0.06943975908367667,0.8899559763098034,0.007672894280353716,0.006855883112421819,0.014009004802492852,0.012066482411251517
71,0.023328864321629512,0.9282528965872541,0.012762999614937478,0.00693714572504335,0.018288248503492848,0.01042984524764264
72,0.041691335936907714,0.9253545743489124,0.005349215567497131,0.007640351328622703,0.009067838352189272,0.010896684465870497
73,0.006550321061916098,0.9612661571665422,0.006052192353923838,0.006913811007313734,0.00918610220237432,0.010031416207929734
74,0.018795256381510132,0.950636231089153,0.005511489554634735,0.0078588228232371,0.0072839498923169335,0.009914250259148216
75,0.003612806104433564,0.9643868712610786,0.007876331320944055,0.006183279601854753,0.009540921712358997,0.008399789999330238
76,0.00389975248675049,0.9550476368270058,0.012207579457114821,0.005121207273072687,0.016255824074974154,0.007467999881082196
77,0.007490973684562547,0.9566846381680859,0.008544992116350604,0.006725804599988818,0.011211897372154335,0.009341694058857486
78,0.0036437836308752126,0.9562263727096265,0.01427310912023051,0.004376123068380077,0.01574000564220668,0.005740605828680777
79,0.019261814120109987,0.9288877071463222,0.007004357184862764,0.013595560044648564,0.010708100099348363,0.020542461404708154
80,0.0016226885122795304,0.9800794117312226,0.004185587226448858,0.004109640561148259,0.005247913896331817,0.0047547580725687605
81,0.034495941391621224,0.9315769338245373,0.006930825524182039,0.0062243509259163115,0.011657748285915405,0.00911420004782752
82,0.005188891704124135,0.9650282974444913,0.007184896746062136,0.005106495506633531,0.010284068734007555,0.007207349864681449
83,0.309886014304955,0.6253768352207767,0.011036541225056554,0.013659525131431781,0.01727620499835046,0.022764879119429135
84,0.13513554122624205,0.8229219607386079,0.009345177823031596,0.007530282429456232,0.014993185034261874,0.010073852748400492
85,0.00795537853578882,0.9493475470161414,0.011134171239835212,0.009646498703996541,0.010409302354586286,0.011507102149651888
86,0.001348216858861407,0.9758883878598911,0.005368018003083178,0.004006471919896635,0.007917238081118964,0.005471667277148573
87,0.0010671285604536625,0.9806276247760827,0.0046071426743928825,0.0026638968611082106,0.007316945187677006,0.0037172619402857463
88,0.03281272362601648,0.9212154369571741,0.005373314320729144,0.01183116090471427,0.008810039793759411,0.019957324397607015
89,0.010493473975739112,0.9512280329012808,0.0036497570046367805,0.010085905448345816,0.006552483352043785,0.017990347317953577
90,0.03737161102868696,0.9286727434033534,0.005708827725259598,0.00698394022923055,0.009675262677777751,0.011587614935692173
91,0.00936333822480982,0.9597018681949705,0.0062001791735232644,0.005723502972395498,0.010227916599804522,0.008783194834496797
92,0.104888574102491,0.8539285109430392,0.007185348583287223,0.007822307064000148,0.013906608477856438,0.012268650829325673
93,0.010814863612026708,0.9499326853507352,0.010405000809208571,0.007666474143062786,0.011608029927930065,0.009572946157036487
94,0.6146945502563719,0.30845117761890123,0.006562050266704547,0.022158360049861384,0.010769197133085853,0.03736466467507502
95,0.0022033657528770225,0.972673504885058,0.0034937145968283313,0.00710410000063793,0.005122436730163538,0.009402878034435113
96,0.20146345624756196,0.7501648723536553,0.00792895065986546,0.008254548817494173,0.017685918429254596,0.01450225349216822
97,0.17679253560107677,0.7762306920972507,0.007768838396939831,0.00919031805220216,0.013989374995283209,0.01602824085724695
98,0.0018083909832218854,0.9751488417650364,0.004491689321848819,0.005102964294767798,0.006398091574414525,0.007050022060710267
99,0.004346049926279489,0.9550867063354458,0.007243341665854324,0.008548388470406692,0.01130792540860446,0.013467588193409121
100,0.020908104638206075,0.009949738429400652,0.8832794864108262,0.005447186012510454,0.07358242648305884,0.006833058025997682
101,0.0029003877795410887,0.0017439324954999463,0.985594591590866,0.002249443696326537,0.004762741196597479,0.002748903241168607
102,0.005744461813920069,0.0030515595985569225,0.9391200707806168,0.003116273724215877,0.044852197224466366,0.004115436858223896
103,0.005963749431230456,0.003916271622174321,0.9702007130656061,0.0033076562955204683,0.012450646707995108,0.0041609628774736855
104,0.002679380805266069,0.0019777122475171886,0.9894724910491436,0.0021937580065910264,0.0012757863534509568,0.0024008715380314477
105,0.011874778562858186,0.0061492189413223635,0.878326258265444,0.004153279670255234,0.09401961611130775,0.00547684844881282
106,0.034748455654218,0.01729055423922747,0.9087778369974957,0.0077527923361364465,0.0224625177579218,0.008967843015000723
107,0.0026006190623476502,0.0017129589532174716,0.9888990848792024,0.0026867224663950974,0.0009481486504619401,0.003152465988375153
108,0.00407125748461654,0.002319614081476869,0.9632928934146204,0.002399458190767644,0.02498702029327213,0.0029297565352463346
109,0.0026625847557274606,0.0018534320981767446,0.9770435119728674,0.0025734793738913316,0.012231479860141243,0.003635511939195906
110,0.13118491566242452,0.03966126640248051,0.2924463611854754,0.009868533196999884,0.5143188775184857,0.01252004603413422
111,0.030488968547907384,0.013140690855237466,0.9176058778502743,0.006543957379159858,0.024693877476021933,0.007526627891399347
112,0.003058411654731424,0.0019212137490291251,0.9832044309148626,0.002607430168146704,0.00592688000974848,0.0032816335034814618
113,0.003315374602440127,0.0025542001549722065,0.9839619986544182,0.0024369127163645413,0.0047653511719106655,0.002966162699893664
114,0.004434935393930149,0.002569904125861887,0.9824189252685641,0.003176125332974547,0.0035942094113359086,0.0038059004673334455
115,0.0053344858264291065,0.003754702105318633,0.9783436683048947,0.003129082664704845,0.005567950020169947,0.003870111078482188
116,0.00561298542817933,0.0036923095937874658,0.9773902195837367,0.003572015430255583,0.005364865256525838,0.004367604707515116
117,0.028919031354270285,0.014469011833503602,0.9253119698089954,0.0072179280684473565,0.015670432987792127,0.00841162594699108
118,0.0036586024826566342,0.002438768359568912,0.9813533487247751,0.00292118349211673,0.005978646190061725,0.003649450750820741
119,0.010693893429183896,0.005796346980970596,0.9668779199587235,0.004668470019541501,0.006087861133857247,0.005875508477723353
120,0.013871218544832656,0.007060288237335366,0.9601345395476243,0.005186524926718491,0.007783181843922073,0.0059642468995672404
121,0.002237514810683978,0.0014552703090125157,0.8557126483786939,0.0019819135407607344,0.13583570564850564,0.0027769473123434416
122,0.002552691394949597,0.0019120798608000004,0.9871491922203981,0.0026079090472552464,0.0024209923135155367,0.0033571351630816903
123,0.01253176338366195,0.006464720264329528,0.9524604382944061,0.006193393861326559,0.014061868818284856,0.008287815377990781
124,0.22741148627968036,0.05234489717658598,0.5317529611775504,0.014423703591208552,0.1570612407072705,0.017005711067704203
125,0.05049103069559736,0.020238186503597804,0.8236541690330695,0.008361003664847889,0.08726640468127267,0.009989205421615101
126,0.0023660499717308436,0.0015950612235493351,0.9847967028776059,0.0022530646704229124,0.006138933391322278,0.0028501878653689207
127,0.22276498223993801,0.05293816875233069,0.43039959675037887,0.012670511404985811,0.2663650299217176,0.01486171093064889
128,0.02669305962121053,0.012638637269918995,0.9326095819610325,0.007687470652695161,0.011219159899125327,0.009152090596017315
129,0.03816502346964134,0.013810105236448182,0.9100737151688136,0.009985845490148646,0.016057207498671157,0.011908103136276724
130,0.0027061291447198345,0.002063468618487135,0.9866689255947839,0.0028570061519563018,0.0020954198169426566,0.0036090506731105304
131,0.003358074733680219,0.0021774597346955133,0.9861862891944593,0.0025403250390541336,0.0026672721760258125,0.003070579122084755
132,0.00454201125358332,0.002582355209660933,0.9135304315281559,0.0024993282430248154,0.07364276374622451,0.003203110019350436
133,0.016621672486355647,0.00864697628658549,0.9521397760302676,0.005253152955791347,0.011112017470126722,0.0062264047708729155
134,0.006296108622860715,0.003752708075565706,0.9164944937813699,0.0035000501257463216,0.06527344841645365,0.004683190978003691
135,0.014510571289527737,0.007516546138104861,0.651244999918689,0.0034085340603393047,0.31914848120639194,0.0041708673869469215
136,0.10141914645171406,0.029750817416977025,0.7214715602724855,0.011867003334247493,0.12114485714720089,0.014346615377375105
137,0.09282438394938829,0.03098178767287161,0.7979181610355504,0.011850713893880732,0.05256484363204799,0.013860109816260647
138,0.0030815791267494743,0.002366795725023118,0.9861107460358329,0.0031790897731272054,0.0013155449890282158,0.003946244350239434
139,0.007401665577627761,0.004934695722464922,0.9712488181589972,0.003987973841938748,0.0077069561331264205,0.004719890565844953
140,0.010610899250881404,0.00582437689750561,0.94884569263498,0.00400706340166694,0.02564613216987686,0.0050658356450891005
141,0.007607184951848994,0.004722908941255189,0.9757516715915716,0.003927580260426986,0.0032819515931136137,0.004708702661783751
142,0.0829169874103089,0.0307745698052429,0.8140490785174214,0.013839317914811432,0.041450206767643924,0.01696983958457132
143,0.004344451650235651,0.002814514673091894,0.9808770965271999,0.0027664336514477595,0.005939654666261431,0.0032578488317634457
144,0.012956394646604405,0.00718212728608148,0.9476376577443801,0.005231734825382116,0.02048090169016125,0.00651118380739057
145,0.01848233782125205,0.009845720130846426,0.9381150594551311,0.005885359247046794,0.020176327933828106,0.007495195411895415
146,0.022230043472912665,0.010334591647525605,0.934503419312409,0.0059929870456509925,0.0194704590050372,0.007468499516464588
147,0.031836228315020094,0.011590540561803671,0.8719722050144864,0.007207910908303005,0.06836866791943541,0.009024447280951588
148,0.03143696870892604,0.014419510588853527,0.9090075863816595,0.007250433933426967,0.029113093458403815,0.00877240692872997
149,0.004470875268094768,0.002707292952448669,0.978335237677408,0.003542465418862026,0.006099442458295386,0.004844686224891146
150,0.019820112117230816,0.018127809471733994,0.005211706962613913,0.6803641639636578,0.007305016520064386,0.2691711909646994
151,0.003781866328663989,0.0043741344115227655,0.003095835804023685,0.9501705334449372,0.0049205853199859985,0.03365704469086611
152,0.0058583035624520195,0.004377556934394691,0.0028846178790671202,0.9226440541227975,0.005204217991468529,0.05903124950982031
153,0.0054720394927011565,0.0047919919650812924,0.004282622910740945,0.9633487647959699,0.00608914986880816,0.01601543096669872
154,0.002210988055183406,0.0019406548717486938,0.0018267616244667794,0.9902828981725736,0.002468624045738462,0.0012700732302890344
155,0.0020502125565946606,0.0018411074268883884,0.002242542235173679,0.9892812945642311,0.0027923158761599016,0.0017925273409521087
156,0.0027692716401733182,0.0028192743172458503,0.002686771575043211,0.9860435643326678,0.00361071353826068,0.0020704045966091944
157,0.0012415687691281708,0.0014267831680736772,0.0022597063511308082,0.9924234623053699,0.0023447571042790986,0.00030372230201838906
158,0.008407793673710402,0.011052238859497876,0.005524433669333861,0.9687192888396617,0.004072722437112375,0.0022235225206834798
159,0.003150438056296138,0.003318373512142421,0.004012283274018095,0.9849087466528482,0.003560275595150399,0.0010498829095445597
160,0.003689820947778378,0.003840015034756419,0.0028189056305168328,0.9835551833933192,0.003450432978214421,0.0026456420154149455
161,0.0285316964367461,0.02685262571236986,0.006770131231566874,0.7939770256270312,0.008945242969189525,0.13492327802309662
162,0.0031026641222839883,0.003554212209621512,0.004608735963806058,0.9834461823577184,0.003941628889563789,0.0013465764570062635
163,0.009691487376906257,0.006738370991636587,0.0055369959150111244,0.8988516018403557,0.008178738910975994,0.07100280496511441
164,0.011312146510233538,0.012975923710636205,0.008599228896237019,0.9587516586902162,0.005354621665386411,0.0030064205272904566
165,0.011970419218386836,0.008486122000082962,0.005770051264423256,0.9615304676879944,0.006212606180417633,0.006030333648694734
166,0.022169987623242585,0.01214582613401461,0.004506422120295119,0.8508927474947069,0.006991369094503897,0.10329364753323708
167,0.004838610698663474,0.004325990852133516,0.0034889254899798973,0.9797823433933001,0.003847580215750878,0.0037165493501725086
168,0.0026136980112898894,0.0022368873713860945,0.0015607720179940993,0.9842219296654134,0.0022909949176235177,0.007075718016292957
169,0.002762223514056884,0.0030375859066144517,0.002292809635537601,0.9877567622921485,0.002762079197325589,0.001388539454316883
170,0.001454637955623811,0.0014777696649751104,0.002471441925902178,0.9918803472940109,0.002459151697551272,0.00025665146193676075
171,0.002714191748531648,0.002540758713254978,0.002555053654263309,0.9872805903228435,0.0035314868810264123,0.001377918680080053
172,0.006768312322884224,0.004187084628491613,0.0021356172876234665,0.27000898296938536,0.003567415632717493,0.7133325871588978
173,0.0037806074889916957,0.0033660563062364287,0.0028480008740154965,0.9767428549729199,0.0044786478926357575,0.008783832465200736
174,0.002473035490623265,0.0021300609851979636,0.0018369850509195244,0.9699438018597034,0.00324887868392237,0.020367237929633297
175,0.004612853597894128,0.004099811382065433,0.00379081036361242,0.982528042009802,0.0037792485002109506,0.0011892341464150252
176,0.014336814375951999,0.00818746305657811,0.004064695147892493,0.7161132633434459,0.005731953838355663,0.2515658102377753
177,0.002200863876864151,0.002522669421948018,0.0027801348989942958,0.9885084188100651,0.003140294720049757,0.0008476182720785852
178,0.0012787975479404859,0.0013918591894228735,0.0020230102920039215,0.9921757716445196,0.002548456763725346,0.000582104562387866
179,0.0034556291991431703,0.003467141091853776,0.0030208268773815328,0.9844716896134933,0.0037201846199094598,0.001864528598218411
180,0.054300276298825056,0.024162100004301135,0.005967789981274476,0.10524919760199598,0.008378211014414352,0.8019424250991891
181,0.01079070437855519,0.006972161472967174,0.004907892064757004,0.9401489031182664,0.006936586368653648,0.03024375259680053
182,0.035813812284618336,0.03307906839829769,0.010532634380439991,0.7186338501801475,0.01156841522598376,0.1903722195305125
183,0.0013530674722567605,0.0016166273590749714,0.0018560260954430484,0.9911615943309712,0.002330896019884073,0.0016817887223698476
184,0.0019234919432077919,0.002046139814501227,0.0026807973304482564,0.9900318983644629,0.002828265930045465,0.0004894066173343796
185,0.0033700082695223587,0.0031066065838474006,0.0024014857956934296,0.9549359496086524,0.00385526087529927,0.03233068886698513
186,0.0020788679350037986,0.002345321116155866,0.00273450954028006,0.9877620396053005,0.0034931929542147844,0.0015860688490452884
187,0.07683485368987045,0.03536629411853366,0.010871999092555712,0.8013556156506204,0.013321082611730008,0.062250154836689976
188,0.027801566433146168,0.016285325775861278,0.006909532134302791,0.768561108145984,0.010085141799366358,0.17035732571133944
189,0.0026588132571935806,0.002378908942131585,0.0021650338134508607,0.9750640966082947,0.0033536532253919875,0.014379494153537144
190,0.006338687237334436,0.005774400127081384,0.004544916930428865,0.9770741726131567,0.004272870807481076,0.001994952284517876
191,0.010483475533937572,0.00823554234280838,0.006427095244848247,0.9628170877159589,0.0065319941298547235,0.005504805032592309
192,0.0016983372282299953,0.0021488728330412597,0.0021207324926028064,0.9905109994578956,0.002346227286609398,0.0011748307016209703
193,0.0016523748748954936,0.0016796093991114523,0.0018515976364352124,0.9830161069010986,0.0030739033357043643,0.008726407852754855
194,0.03490868051161107,0.021478168873081856,0.006207479471930311,0.731433535807919,0.0091032930011984,0.19686884233425933
195,0.011962863515012426,0.009704873421663086,0.003640034907369318,0.8261701893477834,0.00575657780678858,0.14276546100138324
196,0.007128112063366656,0.0066028739928617654,0.004936547717307813,0.9713254042156245,0.005239308210548694,0.004767753800290343
197,0.008383486045812323,0.007325427458206355,0.004851462793799125,0.9693180771572845,0.005693804232395281,0.004427742312502649
198,0.0023506604616562003,0.002428665484050325,0.0028804234630344016,0.986596079229028,0.0037047965154885353,0.0020393748467427745
199,0.005584494128544567,0.004254630299746865,0.004311796507738706,0.9772726652520951,0.004395666985074045,0.0041807468268009835
200,0.03257106443319066,0.014527653014864653,0.024914269295378755,0.007243366782119092,0.9087362306048055,0.012007415869641103
201,0.005006483422954396,0.004109270701339713,0.28788904972185725,0.002131394674863823,0.6982262834285782,0.0026375180504067198
202,0.007137780268235787,0.005457110311417963,0.008134222059738393,0.0023364313170892753,0.9734406185289236,0.003493837514594963
203,0.001966686272181734,0.0018082316772618987,0.0360061934859441,0.000935675535909552,0.9580609050393242,0.001222307989378561
204,0.0054922586970436406,0.0042408317981244645,0.12207653669764637,0.002249236148622102,0.8629600052359476,0.0029811314226159185
205,0.0019216247851659405,0.0020259886345686466,0.0015647922862571217,0.000943495520332931,0.992083798103713,0.0014603006699621765
206,0.0016604545547501213,0.0016472229549834704,0.0018577372911896763,0.0008098941424750226,0.9928652404552237,0.001159450601377862
207,0.0033340569991321175,0.0030722278371600837,0.012432038216502671,0.002305411810170137,0.9746977481523458,0.004158516984689109
208,0.0017511072473963452,0.0017966410418562306,0.007670515812279156,0.0009668026241779188,0.9863528233426953,0.0014621099315953602
209,0.0061565549969929785,0.005117661624586005,0.014499117547945101,0.0036487672314766168,0.9640755908059534,0.006502307793045993
210,0.0030588147272359286,0.0025672302722003575,0.007828185131755249,0.0010060280330585045,0.9842579842836063,0.0012817575521437122
211,0.0012187259747627344,0.0013003035174047864,0.017617705619874094,0.0006600461629380724,0.978346125537661,0.0008570931873592315
212,0.009288127483486678,0.005999802570339922,0.03368036955357269,0.005106099143627924,0.9356378607391543,0.010287740509818614
213,0.01782762407877812,0.009739807945380522,0.02009690666109033,0.002623244509304814,0.9464250604916125,0.0032873563138338066
214,0.010801075639305765,0.006873825199787462,0.02457216709758462,0.003994676683606462,0.947556284587029,0.006201970792686533
215,0.10124033759002998,0.034100715552902644,0.05729680836690251,0.007513307925985744,0.7911210958416618,0.00872773472251747
216,0.0030082871338845845,0.00283093344305319,0.014658082859665926,0.0012577693095738086,0.9765883097891984,0.0016566174646239142
217,0.07898353498072877,0.02729279006549829,0.0660405124772651,0.011903445910272755,0.7963021184907463,0.019477598075488992
218,0.2736219016875097,0.05971982629297991,0.06802391309074343,0.017701823844905713,0.551258293757299,0.02967424132656208
219,0.04581822754226476,0.02002380674729534,0.16290424235728673,0.005394830978070886,0.7597284851583805,0.006130407216701811
220,0.08864744728227326,0.028275397279734864,0.18246345431270347,0.012876477788832434,0.668482201569796,0.019255021766660146
221,0.006014713041118526,0.003662687519720539,0.056307853970780274,0.0016467248396281906,0.9303046996790122,0.002063320949740257
222,0.006600360129305154,0.004820775490964526,0.012090613377843005,0.0038255960602965383,0.9659027711987122,0.006759883742878621
223,0.0015121919668836953,0.001735106733049331,0.0015861321976552805,0.001192164187684234,0.9917239775879758,0.0022504273267517894
224,0.004652926764002874,0.0034477778250160745,0.059682085678585226,0.0016197281580607077,0.9287314094440045,0.001866072130330416
225,0.027376409411482894,0.01325435358146601,0.1732916401771165,0.004741454488279919,0.7758784910364102,0.005457651305244504
226,0.03239987123766617,0.014703570774688052,0.017272539459994508,0.006419859881555685,0.9180023538203758,0.011201804825719766
227,0.0023091512042775993,0.0021728969083373495,0.024496791666741662,0.0012292562023176851,0.9682255453580846,0.0015663586602411817
228,0.002504934768155539,0.0026087620377668033,0.003398987011782348,0.0022294743471773367,0.9846639572714648,0.004593884563653632
229,0.007925559102148054,0.005467723365475301,0.11897684651081462,0.0048886444561705,0.8533500370721311,0.009391189493260664
230,0.0048347218495647,0.0036658521858591777,0.006209084998093876,0.0020729275407569904,0.9799643274951517,0.003253085930573429
231,0.004023670859896532,0.003947688532058297,0.07291060778093657,0.0020097106100317756,0.9144347627307775,0.0026735594862993873
232,0.011845585011431339,0.006999035182273489,0.015364171627050416,0.0022595163554974145,0.9609494551959123,0.0025822366278350855
233,0.005429609925325204,0.004563718853098004,0.01135610327240045,0.0020323152726546305,0.973305427718228,0.0033128249582933668
234,0.002925796884069727,0.002415343600071134,0.007572912343665031,0.0013466264391174558,0.9837609908483517,0.0019783298847248767
235,0.013466263378506751,0.007582363199097525,0.015487780187036603,0.0060104044337398205,0.9454344898916921,0.01201869890992712
236,0.012517603071679631,0.008104432308746962,0.019498677142931756,0.005268973983415391,0.9448251760528307,0.009785137440395502
237,0.003907930656299636,0.0029267041193614405,0.0022378578704094153,0.002149924790900782,0.984955028319405,0.0038225542436235074
238,0.008416741967082086,0.006673321138910162,0.025665850024216907,0.003480677586853673,0.9501017974162547,0.005661611866682461
239,0.0748684641091736,0.028942289483786108,0.33603679722235347,0.007110021371056378,0.5446230713450321,0.008419356468598678
240,0.005991813043191695,0.005021622661875699,0.02750829920960268,0.002303028680344726,0.9554847991002345,0.0036904373047506943
241,0.001722720460038103,0.001730224437006781,0.019396991780142668,0.000942292427720587,0.9749297034164198,0.0012780674786721064
242,0.006216205088988348,0.0043855310503724,0.05529043372793534,0.0018195528216907498,0.9300563844949674,0.0022318928160459696
243,0.0033749062035881494,0.0030067067834124634,0.004521829214585784,0.0027068855383824606,0.9807483211990038,0.005641351061027512
244,0.002137730821082846,0.0015406364729659314,0.15225903466691879,0.0010167598326161487,0.8418289502783411,0.0012168879280750203
245,0.002670811050179986,0.0025729130585894922,0.0017512211784020855,0.002649371814574334,0.9845442453406804,0.005811437557573434
246,0.01027476964941793,0.006323611723773115,0.00842890831757289,0.004721694164629991,0.9619603395814093,0.008290676563196929
247,0.015290352080897844,0.008230908564669686,0.11309767340593797,0.002630948625359596,0.857766818592171,0.0029832987309641543
248,0.011602448104395978,0.006777809007075593,0.0647002361186414,0.003367624394995864,0.9094304858620474,0.004121396512843807
249,0.006432221867007765,0.0053882538221398865,0.010097274927749244,0.0016006937681267487,0.9744710198383318,0.00201053577664474
250,0.0029508356450100174,0.0030967366657978818,0.001296087366459898,0.00545627627537018,0.0022378795274775177,0.9849621845198847
251,0.016389825421348606,0.010280758600940779,0.006184422337889022,0.04665895933434897,0.008728318195547966,0.9117577161099252
252,0.008221862414045015,0.00813280014708281,0.006939019231767163,0.025378303360164323,0.008853137080238726,0.942474877766702
253,0.04324161317673333,0.012555422484490986,0.003958342762858337,0.012498877722621822,0.008174527865194528,0.9195712159881011
254,0.00757962444191945,0.006022105419665316,0.0027329011626620165,0.0039947718981950256,0.00466521733578749,0.9750053797417705
255,0.035788786692089805,0.02391485556279711,0.016960339927080133,0.14127498347386772,0.018648080633512164,0.7634129537106533
256,0.006258977375110415,0.0047767359760675894,0.003029656296933417,0.006169124369276329,0.005077589901033625,0.9746879160815787
257,0.0012608299469619199,0.0017598135551578791,0.0010917601750924971,0.001314347773875907,0.001942206048807958,0.9926310425001043
258,0.006767058412648405,0.004243013463732929,0.003990472154292009,0.020520063014183944,0.006135426336556517,0.958343966618586
259,0.0027969314608984742,0.0027441336547599426,0.0018358527862410896,0.001972455926912277,0.0031118756110692356,0.9875387505601191
260,0.0023069060826565956,0.002235747563392469,0.00127348904769731,0.006097431105228355,0.0023890495437787463,0.9856973766572467
261,0.06929868902894208,0.022144652008250044,0.006664143076467456,0.02285127038006755,0.013561261174720665,0.8654799843315525
262,0.006552054142461616,0.005566801463647251,0.002436893336195336,0.057615969228645446,0.0036263258075150168,0.9242019560215355
263,0.0056351737494867455,0.004331452263150787,0.001985965015266301,0.08313789622009997,0.002957411575244507,0.9019521011767518
264,0.02084241293393001,0.012841654867654559,0.008264276303828167,0.019917390589744476,0.011106272174181355,0.9270279931306616
265,0.02794250391089166,0.011097271942286685,0.0035286063256369507,0.16015794719531445,0.005570889227061935,0.7917027813988081
266,0.0017118574396249968,0.002219068539459001,0.0010293002009898022,0.008440479176255032,0.0017098652835574207,0.9848894293601136
267,0.010000718221180191,0.0076168490350071736,0.005905418486925204,0.006313773622291157,0.008587541380126261,0.9615756992544702
268,0.004080935744001903,0.0035081820939363443,0.0015968632884032852,0.10232579410481758,0.0023839888999182103,0.8861042358689228
269,0.006772028855189452,0.007614946358386388,0.002705689317243406,0.007329527844265056,0.004140001627553476,0.9714378059973621
270,0.0045400934261537775,0.003487791305257613,0.002422811112824047,0.001833368860840471,0.00418211893185936,0.9835338163630646
271,0.0010051526376952983,0.0014019269117227758,0.0012296263794954881,0.0036960117262469926,0.001983428686723873,0.9906838536581156
272,0.05446678124263629,0.02916969283034168,0.005264722233161988,0.08437552499144334,0.008045438924811984,0.8186778397776046
273,0.025839265000915372,0.01375841976971649,0.004428055419395453,0.01637886654073324,0.007217114560462604,0.9323782787087765
274,0.0025307746902859117,0.0018595138455475863,0.0012315522762792709,0.054282667353103685,0.002048763015969034,0.9380467288188147
275,0.001655215319090759,0.0020603080174473533,0.0014690774208406512,0.000577805563848039,0.0026776247804336756,0.9915599688983391
276,0.007947225691593672,0.006907414932308686,0.005978432089524992,0.0050681435991988145,0.00886470172433888,0.965234081963035
277,0.0068469239134778545,0.005150950311712221,0.004363203348689304,0.016689089346973298,0.006358767836094589,0.9605910652430525
278,0.10827129448469533,0.03850551167977971,0.009609445886152099,0.08226880265561227,0.014456002507225498,0.746888942786535
279,0.0029129955783919674,0.002223569370404655,0.0011513629886236577,0.3054414540298001,0.0019438390211256931,0.6863267790116537
280,0.0034082996048046803,0.0031567942491489,0.0013295408135072125,0.001588554505958469,0.002519199028822853,0.9879976117977578
281,0.005661254918006076,0.003930373829748035,0.002898790823938179,0.01034856069934282,0.004347686444682865,0.972813333284282
282,0.02476137697173074,0.011506737809816968,0.0032849583363391247,0.021946109409429475,0.005590845645534843,0.932909971827149
283,0.0027679776795587548,0.0033556311704319923,0.001455473876999522,0.004005034568207805,0.0023930310913505997,0.9860228516134513
284,0.009674381872624609,0.007035033291261802,0.006553047386380793,0.006728966534818944,0.009313007816873543,0.9606955630980403
285,0.006634299595669845,0.0063413454778725046,0.007454140676873877,0.01910933261952155,0.009069041523598356,0.9513918401064643
286,0.002562717590978602,0.002903607671890129,0.0014430030005140816,0.012894664931435179,0.0024114877221246976,0.9777845190830571
287,0.015829327811573056,0.009582159282090504,0.003055984085176999,0.09207908738187184,0.00459900213879994,0.874854439300488
288,0.005568783318007816,0.005423205047816852,0.005480525045143208,0.05785993176257328,0.006715208803529488,0.918952346022929
289,0.0043644136079939635,0.004639688437784778,0.0020504762795210763,0.006985611578857885,0.003425052716916136,0.9785347573789264
290,0.015599360811883966,0.012148005884687377,0.01014273087627802,0.013707254715661468,0.014970804349946906,0.9334318433615423
291,0.007308311050225934,0.005718709478593717,0.003649614145764298,0.023345747762210513,0.005286245374310249,0.9546913721888955
292,0.005243089295230779,0.004448586583630624,0.003458593570287355,0.10131135718610083,0.00472378027112866,0.8808145930936216
293,0.01373208026528255,0.010084035850070588,0.0035305335903196046,0.013665176491504925,0.005283237165216818,0.9537049366376057
294,0.004870027022718347,0.0035994413064048174,0.0027068310200066364,0.03764731130876998,0.004069171201497701,0.9471072181406025
295,0.02032484674959558,0.012368826359176568,0.0037401022541089747,0.008458472385178563,0.006225250881233354,0.9488825013707067
296,0.005523144215072907,0.004643717939416619,0.002076085800608515,0.013317248250393685,0.0033874581322896214,0.9710523456622188
297,0.037808147630561964,0.016116425756206487,0.0052803423504903454,0.075460402980681,0.00803696775173914,0.8572977135303212
298,0.04383630346649209,0.02000932218426193,0.013516904111007606,0.77158437487359,0.018199644732762362,0.13285345063188564
299,0.0034047701433183144,0.002716374937272722,0.002751813524542665,0.003555191655192056,0.004259658810324174,0.9833121909293503
