,proba_0,proba_1,proba_2,proba_3,proba_4,proba_5
0,0.9760337838301151,0.004415171059069454,0.004582391160154882,0.004451073842848632,0.007291234405594278,0.003226345702217646
1,0.9635275264173199,0.005275216525763614,0.00883853071256736,0.006566760445191436,0.007533087337254742,0.008258878561902838
2,0.9692646765097009,0.009123441916514846,0.005143124816208308,0.006061726976785852,0.004647306641950666,0.0057597231388392435
3,0.6393784135061565,0.14335152088709677,0.0297019530422783,0.05525914275781777,0.0775205457570406,0.05478842404960996
4,0.842775343288915,0.02336419706494844,0.017289387528003932,0.02370132070024185,0.04795888767968654,0.044910863738204326
5,0.9848480692693969,0.002204962189803913,0.003948853216710406,0.0035381636682214365,0.0031577347727607718,0.002302216883106181
6,0.7678228312239659,0.14393127499065325,0.01333712708194908,0.02144424676084279,0.03535849573701588,0.018106024205572956
7,0.9152399248356446,0.055623123572833624,0.0063008827272267465,0.007462812099400999,0.010133334482551474,0.0052399222823426815
8,0.9753172013017138,0.011682449928773854,0.003639782028618678,0.0030933875708817164,0.004640975941089634,0.0016262032289220375
9,0.9777749942483573,0.008148903296067978,0.0036623735866434205,0.004367870893168459,0.0030880158766156515,0.0029578420991468396
10,0.9658700376871663,0.00732234564587991,0.004332784392777544,0.00991116366250739,0.004469046336158044,0.008094622275510959
11,0.9199851377161562,0.011972778793936802,0.010483563125410546,0.016568065010824452,0.01477650135702281,0.026213953996649466
12,0.9909670286331282,0.004808572089861301,0.0007198136753970206,0.0012184335321476618,0.0011631425138786244,0.0011230095555873024
13,0.9680405845823395,0.021543756323831924,0.0024531759522859143,0.002732665984633031,0.003093074618036188,0.002136742538873398
14,0.8597371671718314,0.05264382265634295,0.01368547691319262,0.017847183301576315,0.02462438470207733,0.03146196525497923
15,0.6988002116269608,0.049112412005233815,0.03381280476861964,0.06531751264012238,0.06684091948692922,0.08611613947213405
16,0.9810754516943555,0.008886273665315808,0.0017942464955987576,0.0034629013374176862,0.001992663334741695,0.0027884634725706104
17,0.9481615033277766,0.01346248087791025,0.016033269016390506,0.007345092201205843,0.00962806941478327,0.005369585161933808
18,0.8848553496216274,0.040507185134552225,0.019956034674213783,0.01547786754353449,0.022564508080987977,0.016639054945083838
19,0.7944338833454145,0.1212895679320282,0.014631070752972392,0.011935026354632079,0.03229857903377692,0.025411872581175877
20,0.825661912816611,0.08770965181827009,0.015016195353869076,0.03085191847511676,0.014299929827436322,0.026460391708696587
21,0.8389560596424382,0.020557962246799483,0.01901001086938461,0.04235125727920423,0.027627377264802754,0.05149733269737086
22,0.9028946073042655,0.02435858735477376,0.0156401472708552,0.012583030249406341,0.027609915324045692,0.016913712496653476
23,0.9760414331277341,0.016091987228212576,0.000994473812664732,0.0025296889327787535,0.002061943085572032,0.002280473813037554
24,0.8010888820881709,0.11935245182914637,0.017265881968577344,0.011756708708956893,0.03689583330475418,0.013640242100394138
25,0.8366877106814804,0.02874767660634927,0.032092334626201084,0.03869251980207982,0.016940966836365312,0.046838791447523676
26,0.9775895183592591,0.006588118403751391,0.0020248682340137467,0.005292501804275617,0.0028492417337593026,0.005655751464940256
27,0.964267087783242,0.015173309640765709,0.0041026983106679455,0.006267565183235857,0.004579727843114353,0.005609611238974111
28,0.9616037998980266,0.022061764699205236,0.003679261280436871,0.004368581077376835,0.003159088468585699,0.00512750457636888
29,0.9827302675686772,0.002227669296041421,0.0037604481827206476,0.004896962617593084,0.003698842108802714,0.002685810226164976
30,0.9969381355839877,0.0007443397971724254,0.0003915397623981649,0.0008411330550979453,0.0005213018985483393,0.0005635499027954181
31,0.9938324887704999,0.001458584871097936,0.001174642310778876,0.0017005513644098883,0.0009021382808748991,0.0009315944023387318
32,0.8424638439941454,0.03365922049918041,0.019055392652049665,0.023735368979775007,0.04616884931715177,0.03491732455769776
33,0.8853301124150058,0.013941220905186173,0.024374125559974466,0.01542539555430549,0.04475794907618298,0.016171196489344997
34,0.9100764632098695,0.03013286084685602,0.01712004917788481,0.01177699352170273,0.020862292905771025,0.01003134033791618
35,0.9715606734371103,0.0062488840744696775,0.00589683712297365,0.004507458998326448,0.0074589962486651,0.004327150118454487
36,0.5928882944870442,0.12396116836895904,0.06201284645591013,0.023257425633789297,0.15835465951334035,0.03952560554095669
37,0.9156629267409568,0.014703518584986511,0.006780722388754994,0.01696836042878036,0.018725424627435722,0.02715904722908572
38,0.9187093354744362,0.04176200493265495,0.007998804532836525,0.008099593590228032,0.014295376358873232,0.00913488511097128
39,0.8794820194079662,0.028340114134377977,0.018283567658741385,0.010598474835150409,0.04214846479102368,0.02114735917274048
40,0.7946476335316427,0.1456443559802369,0.009934976246151151,0.015482361875673133,0.01948458417067101,0.014806088195624909
41,0.46940460161277275,0.2144336968382079,0.0500288999208393,0.042112727890296874,0.1697025781624628,0.0543174955754201
42,0.9519517049709927,0.02900933870235238,0.004012810946509625,0.004241067826623696,0.006528558649526904,0.00425651890399498
43,0.7544125128696955,0.017846291427746512,0.02775446176220438,0.07981526678644345,0.03940927916950843,0.08076218798440174
44,0.9231421704268679,0.021068724881283262,0.00715356697301089,0.019212713975469045,0.0083987532637594,0.021024070479609427
45,0.9404199754784407,0.015636309053854873,0.010409873774947322,0.007381415023767477,0.016468398475521177,0.009684028193468504
46,0.9512126256326796,0.009639983329136787,0.006246016319836181,0.006420515147489748,0.020412919599514415,0.00606793997134316
47,0.9727029149382597,0.004996468198022398,0.008109549504927514,0.004102751781823578,0.006729789235961427,0.0033585263410049184
48,0.9792445104643794,0.006974696950779809,0.004901003438221682,0.002543449042307652,0.0038488249320912664,0.002487515172219937
49,0.9874845991809343,0.003189472425339002,0.002357791163415683,0.002578846102705904,0.0025243123757708735,0.0018649787518343912
50,0.023517471719461776,0.92756167103428,0.009497454312435006,0.011540626916994354,0.013046314325180127,0.014836461691648685
51,0.008929144504702903,0.963921563510064,0.005018657144964075,0.00696503478786562,0.007527834470772365,0.0076377655816306025
52,0.13400317007191548,0.7864541152860658,0.016214664315471413,0.014812854086237271,0.03067957867852329,0.01783561756178693
53,0.009153094229167926,0.9444115590194163,0.0077817355727881725,0.010114312760775342,0.013688026528261312,0.014851271889591256
54,0.009809466573373221,0.956298482354577,0.0061447848711444555,0.008491750670903839,0.007952837583484626,0.011302677946516433
55,0.0065593254595396255,0.9657649162385619,0.0038468553690512958,0.008067747723812737,0.0062975571372481665,0.009463598071786304
56,0.009355035457277335,0.9432855570301573,0.009650927319392525,0.009501895529506216,0.015511466572839154,0.01269511809082772
57,0.019278116435318998,0.934650682002352,0.008043077281566368,0.013033093894279748,0.010773546567218174,0.01422148381926474
58,0.023708239500251402,0.9465483381419683,0.006078481996937328,0.005488722996210012,0.010002630131914554,0.008173587232718675
59,0.021041235820650893,0.9345557473658843,0.009012413578777936,0.010158698977450404,0.012113375086343662,0.013118529170892857
60,0.018845928932684206,0.9200742129464552,0.01061936661809211,0.01399745702603714,0.013781483140265912,0.022681551336465128
61,0.026189308409758975,0.9372578621205973,0.007397491443171064,0.00795399207022207,0.010947044570930788,0.01025430138532025
62,0.008231930522861468,0.9661265390024051,0.004739553910545383,0.0058061360036672045,0.008164274780479354,0.00693156578004154
63,0.07008487473407204,0.8941060307757349,0.006136560672648932,0.008729614808200331,0.011128811027666056,0.009814107981677358
64,0.06347964518382802,0.8749907850396479,0.012925452907873471,0.012579053826136688,0.020174015934438117,0.015851047108075875
65,0.04019246905976069,0.8932402491317192,0.011035729056212395,0.016430790577853568,0.01881061770876493,0.020290144465689417
66,0.006370120705581489,0.9684452951745525,0.004541522634122571,0.006314829774641366,0.007492868066164227,0.006835363644937693
67,0.013290669456164295,0.9621878456350808,0.0048039323146999435,0.004990096637859672,0.00843214649283199,0.006295309463363406
68,0.05575115753250928,0.9137328559411024,0.007390209905131639,0.0063573738755664175,0.010033712110372184,0.0067346906353179135
69,0.011787670806288156,0.961717035004902,0.004761239708943656,0.0059733073465789085,0.008910824435539245,0.006849922697748132
70,0.009512799739529362,0.9421480830720022,0.009562213758015489,0.010533876089846052,0.013376841407663384,0.014866185932943716
71,0.010420559665566083,0.9471905801994571,0.009225063672303122,0.008721079368810152,0.012818965578101785,0.011623751515761668
72,0.06544433884860155,0.8914044617519631,0.009654762482453862,0.009785141330493128,0.012928026231989766,0.01078326935449856
73,0.015116227196956414,0.9579575150730958,0.004924914130966233,0.005810521113530722,0.00846671356774993,0.00772410891770104
74,0.04841787820621728,0.925378222623092,0.005171715476981293,0.005866118777756546,0.008476692289046846,0.006689372626906387
75,0.014492768168723016,0.949614053893192,0.007140137313155454,0.007057889352689595,0.010604228384009724,0.011090922888230267
76,0.013638599437638494,0.9590373365981357,0.004734004963444403,0.0058845820201525985,0.00930208903725784,0.0074033879433713
77,0.016612509400731296,0.9517671360568092,0.005701548831073818,0.007269266515386403,0.008851225077384051,0.009798314118614964
78,0.017631889399730327,0.9532734203137446,0.005205749200000717,0.007509856097994081,0.008115616503398692,0.008263468485131443
79,0.007463137626254937,0.9671262577043643,0.00453445227512923,0.004907494970178482,0.008245999864990477,0.0077226575590820514
80,0.011497606858434742,0.9530964430349148,0.005527908232131472,0.0091273734976677,0.008177118259953462,0.012573550116898147
81,0.028962912632805503,0.9340216642655614,0.0071563415023014896,0.007230612338218859,0.013586258709398315,0.009042210551714325
82,0.02545056405404769,0.9350269785394572,0.007918924575280423,0.008176202223916127,0.012869352516931307,0.010557978090367655
83,0.00811168568974719,0.9493438828014352,0.006623960824897835,0.009850568062149113,0.009956643584810571,0.016113259036960002
84,0.05943780708843307,0.8982969964079697,0.009247380816533453,0.00767868925126453,0.017004565928105345,0.00833456050769419
85,0.0074862070613174354,0.9671352293791257,0.004544375356748561,0.006543345572872127,0.0068448261605791585,0.007446016469357206
86,0.012681230244083989,0.9603655195418176,0.004266458528743083,0.006442196538152755,0.008317228533210427,0.007927366613992237
87,0.004306039755456424,0.979694746363446,0.0027188887183817166,0.004228488495396273,0.004420012071757697,0.004631824595561935
88,0.011309577871623554,0.9362172655439549,0.00829388696888156,0.015397441902608494,0.011659734916299982,0.017122092796631575
89,0.008079148067693095,0.9458733341454698,0.007687707070699991,0.014006419348801407,0.009070659794850236,0.015282731572485404
90,0.010994739754952418,0.9521839544548918,0.006014678645349248,0.010364370744843535,0.00674750583963999,0.013694750560323297
91,0.029268464968973965,0.9339209572026707,0.006543850272465313,0.007893095865129308,0.012298794242128226,0.010074837448632539
92,0.11301932119972011,0.8453768432973405,0.008350655252135202,0.008789961416637364,0.0129496657678396,0.011513553066327018
93,0.014206076798315878,0.9500833273920378,0.006977017797674704,0.006270679277162225,0.013806204836580316,0.008656693898229238
94,0.11668016683816217,0.8279824844775469,0.00924170716541757,0.016762659368453618,0.012262762317828786,0.017070219832590758
95,0.006944439492210663,0.9558318273385502,0.006108597704793254,0.009835746959929047,0.008719095125270946,0.012560293379245739
96,0.09192760237990866,0.8399721229830085,0.014593694371095135,0.01616856306068282,0.01932329147432602,0.01801472573097885
97,0.011792499175702955,0.9410690383833316,0.006567156924217368,0.012827084851217762,0.010095857402219589,0.01764836326331076
98,0.010789241767535443,0.9567737065127812,0.005338906196320251,0.00851427880555446,0.007168060135255659,0.011415806582552472
99,0.015012666425883121,0.9440745821370249,0.006261614078858775,0.010789780590080268,0.010963429872356326,0.012897926895796778
100,0.009640650917867321,0.006316159386956121,0.6464830475481672,0.008228155728499399,0.3181068678485094,0.011225118570000815
101,0.0015137386196197894,0.001336198936182299,0.8948449341558447,0.013998639160676478,0.08279686014030221,0.005509628987374543
102,0.004971913534414831,0.0034109628466013502,0.7845712740066326,0.011992098108758313,0.1844260225240768,0.010627728979516058
103,0.005004741783767238,0.0037081359612884334,0.789021203119594,0.01105068158421201,0.18397453330811803,0.007240704243020097
104,0.0023426545109921774,0.001854168776036026,0.898424077455597,0.01227401365861578,0.07718130029673781,0.007923785302021211
105,0.00940448880240815,0.005905413273442907,0.74122005482212,0.03680814274513502,0.17790887722020338,0.028753023136690564
106,0.027221691228735183,0.00965896062999094,0.7283226562696197,0.021764115739329147,0.19651208923967234,0.016520486892653178
107,0.0008317436584634565,0.0009508474224659178,0.9222313129961764,0.007004329015195316,0.06527264545161413,0.003709121456084665
108,0.0053223906747551205,0.00324591710647989,0.8200173821640359,0.012697189321219795,0.15065188227592471,0.008065238457584346
109,0.0015028233706528157,0.0016536302831890264,0.8299868295828332,0.015463610091264379,0.1446914618519525,0.0067016448201080246
110,0.14129978634989784,0.027490737092792945,0.4262322341532231,0.0504862957287054,0.29085162767775674,0.06363931899762393
111,0.00569881630992583,0.003416278106702965,0.9092362288580863,0.013113073258501867,0.06313642668151276,0.005399176785270194
112,0.005009504643330462,0.0025206611389974763,0.8283274683701083,0.01700012985698445,0.13957641816070973,0.007565817829869866
113,0.005892418567449047,0.003775390528611467,0.8027506173836338,0.015395065230491915,0.1634230569156689,0.008763451374144637
114,0.0013232533235333491,0.0013871741446493727,0.8604300420778944,0.0063289215241319535,0.1272697252903464,0.0032608836394445867
115,0.005366857220462438,0.003680930495047036,0.8236558096371984,0.02360268150217573,0.12789522017089167,0.015798500974224552
116,0.002693346181025165,0.0026898958144118863,0.8359224331914925,0.011120332779422086,0.14177691078174368,0.005797081251904814
117,0.05597281551086214,0.013521510631121576,0.6733080210487146,0.03737260016249409,0.17520102563322895,0.04462402701357852
118,0.001967447883085913,0.001327259657448663,0.902479192523223,0.010841563315969648,0.07849810180178812,0.004886434818484531
119,0.009166899280300553,0.0053803988288493605,0.810407363616774,0.016223508867360598,0.14557553643724094,0.013246292969474396
120,0.005581592593535306,0.002076970863845509,0.8906198787443355,0.011801634757229014,0.08386849438272757,0.006051428658327036
121,0.006026600607457046,0.0019225080361685244,0.758235196266533,0.025513288283908257,0.19896609961979456,0.009336307186138707
122,0.001387284778093645,0.0011018529131634949,0.9104428821466783,0.009449485175114295,0.07332813574131354,0.004290359245636947
123,0.016882134560200636,0.009301565668265175,0.7037475384597421,0.040965534870095625,0.16447135330172336,0.06463187313997289
124,0.17104908332773897,0.0231294768775798,0.5180909512602246,0.048004747136621506,0.20304728324322488,0.036678458154609864
125,0.025532289724049247,0.012092082078573924,0.6743252953361066,0.027170001596851043,0.23513513405363493,0.025745197210784044
126,0.004166903017960853,0.0024323497025063893,0.8403552366475431,0.014895265168265948,0.13105478777373086,0.00709545768999316
127,0.06561240819017984,0.012774604252331886,0.6690123472576307,0.022486986383446823,0.21485967698073147,0.015253976935679156
128,0.00965741235800751,0.005153287175943741,0.8113077978387947,0.01087363782061595,0.1527767510129297,0.01023111379370854
129,0.009958506110065032,0.00478776478334479,0.8121741218206444,0.019941080135170288,0.13995635631243236,0.013182170838343311
130,0.0024603715943659153,0.002273637735972274,0.8480395490746372,0.012983429175897131,0.12717349579741125,0.007069516621716085
131,0.0019462507559775135,0.0022111490506621545,0.8841901270660344,0.012787573218646993,0.09131835113894982,0.007546548769729369
132,0.008722481675979431,0.0036080398223151326,0.7298338810589476,0.026630952519939258,0.21490456709266298,0.01630007783015563
133,0.005359966833478701,0.0037771706468321805,0.851676573365173,0.02048402178769782,0.10654675297186121,0.01215551439495704
134,0.0044272621553579075,0.0030338730769579993,0.8246028294513086,0.021752402068626542,0.13541149781515716,0.010772135432591947
135,0.027345536225170698,0.008262412916352409,0.6533077393625245,0.026256735570945995,0.2556964679927063,0.0291311079322999
136,0.03316222713777818,0.015360318456317607,0.6655040099158939,0.04055322913467811,0.21107848118791417,0.034341734167417794
137,0.02584918450709244,0.010237894508388112,0.821776998595767,0.025450269727551426,0.10015568309293495,0.016529969568266283
138,0.0012086137049416947,0.0011357263769440045,0.8770920457548923,0.007392091964445618,0.10948943852354792,0.003682083675228588
139,0.011717842109265846,0.006034848968735011,0.8093974235708402,0.01651882813552009,0.1441188468713556,0.012212210344283447
140,0.011990073352778187,0.004002551859826437,0.8130800756800309,0.02218441403259612,0.1361860243051823,0.012556860769586037
141,0.003184541391294269,0.002958115984664881,0.8286715024739758,0.010511775151267702,0.1478602601436158,0.006813804855181411
142,0.017577218704223557,0.009655528102919279,0.7684761206761468,0.012609648109283196,0.18100882760280632,0.010672656804621292
143,0.002266289243331374,0.002376710864525962,0.8508393548603049,0.01224420074481304,0.12350965270458739,0.008763791582437262
144,0.013257281862511515,0.009233111873701065,0.6302686235100273,0.023162089624592017,0.30139784246559975,0.022681050663568226
145,0.015149900487134492,0.007382971902170481,0.7949678980647722,0.01273414365112953,0.1586012682533561,0.011163817641437023
146,0.013247176308615128,0.004337758092968955,0.8451486553262854,0.02302551493294277,0.0952139940824667,0.019026901256721185
147,0.026571851854066308,0.006045759776393935,0.7711098393346834,0.02208829946586702,0.1586545188783672,0.015529730690621885
148,0.013203228700670444,0.005078957008241315,0.8017635163121597,0.011772969156127286,0.1596841908942496,0.008497137928551429
149,0.002435218089605504,0.0019098967565852555,0.8496035649730607,0.010082056501022268,0.13130774748055934,0.0046615161991668975
150,0.026468105745450516,0.0160034249881641,0.03423368419219865,0.557575631028561,0.02036813751116532,0.34535101653446026
151,0.0034736016859169922,0.003520912543814969,0.03562625913020053,0.6351812511566166,0.018499694478086956,0.30369828100536367
152,0.012228612066069516,0.00587258293642621,0.02776979204919281,0.5827694413247854,0.019445505321008052,0.3519140663025179
153,0.004116149623950935,0.003525687454444865,0.015063133102353061,0.5686428949502721,0.007552513610051383,0.40109962125892773
154,0.0022993340845198244,0.0014171633610075166,0.022633942963516885,0.7452961496648557,0.005696809634820777,0.22265660029127896
155,0.0036775604321755547,0.0017097236852709977,0.017661101672906628,0.6865275839527171,0.005993666663736013,0.2844303635931938
156,0.004660998642486294,0.002523838064035423,0.02774349194282436,0.6665663222265481,0.010878883868021825,0.2876264652560837
157,0.0024829253561626323,0.0019324195966520543,0.023201629016985824,0.7087890753209557,0.008196084011337075,0.25539786669790654
158,0.005623081053538453,0.007143123905032611,0.009703710343124094,0.6440278588665459,0.0058454102038484465,0.32765681562791044
159,0.003261175452067848,0.0020643255668997868,0.010330833416545592,0.7205508487544456,0.003925222573450523,0.2598675942365902
160,0.008788999541745385,0.005185158238075439,0.01698260238686397,0.6544522674309973,0.01205343419959642,0.30253753820272167
161,0.03294999332551586,0.010614527271303515,0.025263476209926555,0.6253185128813995,0.012965360033400401,0.29288813027845473
162,0.0035502619023109767,0.0026588933841444153,0.016210345104405728,0.6953586559816898,0.008060067783061139,0.27416177584438806
163,0.005392482111753762,0.005189046787709052,0.012695999812770361,0.5830071961772079,0.011172311300839743,0.3825429638097196
164,0.01114033569872735,0.00783974042304282,0.029678140104455828,0.6401929156822773,0.018669053717322498,0.29247981437417425
165,0.006728741508542518,0.0032354029770695638,0.016447182130188778,0.725746360921936,0.005663627956274659,0.2421786845059886
166,0.03652963740406261,0.006668158959155203,0.019663648000078953,0.6022390799029288,0.010028464632548266,0.3248710111012262
167,0.0031493337411005757,0.0023550287539666243,0.021118537657476052,0.6759917807449427,0.008383449090441336,0.2890018700120725
168,0.002829146034773207,0.0019059588977849843,0.010801166048339063,0.6773213002578466,0.0031937568148394163,0.3039486719464163
169,0.003454456755665032,0.002723152749653225,0.015127609406611672,0.7154086494561751,0.005943381976859777,0.25734274965503495
170,0.002461246882020312,0.0011364127140538584,0.014122436319039934,0.726727224058071,0.003931399185036789,0.2516212808417779
171,0.0026650922715795765,0.0015509908621472099,0.01799695209175726,0.7458946326100447,0.005483370606292432,0.22640896155817875
172,0.015579447041719558,0.005136826823225056,0.014810772364715686,0.466660815402635,0.01620419863943704,0.4816079397282679
173,0.010679801307779919,0.0026828090737116305,0.025879082444102152,0.6388082699017757,0.01166685293776932,0.3102831843348615
174,0.004249115600742805,0.002322251807616776,0.0217319751481567,0.6574121196069297,0.0069139978216467435,0.3073705400149073
175,0.0035718607842047463,0.0031190531941315634,0.014897999929159612,0.7327775667818214,0.008730552031669047,0.2369029672790139
176,0.00643546205552974,0.0033153990453659464,0.02248837449104601,0.6265872335659141,0.012667477121543395,0.32850605372060065
177,0.0016345130041036824,0.002083860596908206,0.015337074141479345,0.7579040072904403,0.006032491775839017,0.21700805319122943
178,0.0017265958389659523,0.0008317736815314897,0.022807668915808384,0.7725597799135276,0.005466942360904256,0.19660723928926216
179,0.004629043789961821,0.0035057259798258983,0.014298074544974459,0.6794100554453532,0.009690554556277304,0.288466545683607
180,0.09661026614728971,0.010295823471162813,0.03180084355411436,0.4855276674212572,0.019791677757453444,0.35597372164872254
181,0.010143312567787596,0.005339344337720115,0.031281688360819924,0.635420725410687,0.01703795670236456,0.3007769726206209
182,0.06598884654584984,0.013279543390110577,0.02825615557861524,0.5721133325566948,0.02469207392280938,0.29567004800592034
183,0.002113730859361411,0.0014603080937934893,0.010919465578851921,0.6715678601747375,0.004363466018095425,0.30957516927516043
184,0.003426412810409275,0.001628942012816538,0.015846070875606556,0.7401522576538966,0.0048888005557571985,0.2340575160915138
185,0.005288988206686474,0.002133875032946092,0.02443386021274826,0.6836961378121554,0.011699733516004795,0.27274740521945867
186,0.0023006388462416608,0.0019204049902496662,0.01870784157173387,0.7111784969588981,0.0077070924968102045,0.2581855251360661
187,0.14065121170234174,0.026286244305636107,0.02922938100261023,0.5091943362662467,0.022615697375989098,0.2720231293471761
188,0.015754297669560102,0.0049553335718636755,0.03333637588743339,0.6321642578660651,0.01875559577842516,0.2950341392266527
189,0.002928589063655431,0.001968424092818984,0.01854881126038136,0.6547551354292322,0.007776708055359687,0.31402233209855274
190,0.003710223583632334,0.0021801389683595226,0.02333748653483512,0.739078174778123,0.008072569823160382,0.22362140631188965
191,0.0061039951684351505,0.0032130471492631,0.014960952428229956,0.693703306782882,0.00845015775559531,0.2735685407155943
192,0.0018618310858093858,0.0014495401824027338,0.015681138046559535,0.7258979380085419,0.004114377507176776,0.25099517516950925
193,0.001958355498569095,0.0010334683935413105,0.02290192350225926,0.7185434739764351,0.005093005109590564,0.2504697735196048
194,0.05154247555927324,0.016683357990098673,0.03517120347367228,0.5547549427592926,0.02656724533533823,0.3152807748823246
195,0.01866287778265257,0.005222811146105475,0.025481436998043602,0.6753826596808943,0.011055134722315292,0.2641950796699888
196,0.004934611878885465,0.002038877680308508,0.026791103155622623,0.7015896492820983,0.010521390361762598,0.2541243676413225
197,0.010807996743979796,0.005453436214973989,0.036845542255328635,0.5400045009172655,0.03214273032293192,0.37474579354552
198,0.0012017900774351485,0.0011005766037994484,0.027576259910744944,0.746025696433326,0.007654149355302701,0.2164415276193918
199,0.003797440837526002,0.0038213680982602614,0.017350192964808515,0.6953435863355744,0.009643406010258116,0.27004400575357274
200,0.03400913022857481,0.02246146227086465,0.15916316587902868,0.015573203577198024,0.7451029697701442,0.023690068274189596
201,0.007075424294431894,0.004742906437404697,0.34712375237082616,0.005232214134620805,0.6312218662221869,0.004603836540529335
202,0.008663869665196985,0.005512287204818835,0.21588889094065358,0.01330620738912549,0.7402655442196697,0.016363200580535708
203,0.005218337733549629,0.0031481415144094544,0.21867901472420448,0.0038438960277721746,0.7653148574548869,0.003795752545177261
204,0.0085941328590906,0.0033747699633128667,0.39056344728496467,0.005699720054910694,0.5866350757699582,0.005132854067763282
205,0.005836669418077228,0.00558183902787011,0.11853764136325913,0.0035966081947514062,0.8624590235091343,0.0039882184869075524
206,0.0050598102224999,0.003118895983457457,0.14661020632135455,0.0036809482109151975,0.8373125507453218,0.00421758851645151
207,0.009468803638339162,0.004338647788617281,0.25750550109224113,0.007502616436949807,0.7145478214264692,0.006636609617383128
208,0.005590131941018103,0.0032127609963096223,0.14814261767738718,0.0038056043426103717,0.8355661960752807,0.0036826889673943334
209,0.02220532728201679,0.013320707853047684,0.14786143203470356,0.010712131409816143,0.7921973270348622,0.01370307438555351
210,0.009101593326728885,0.004118936255767505,0.18684738108755428,0.004550345942736149,0.7910972854814518,0.004284457905761583
211,0.005176953067456946,0.003292484563786484,0.23597424218694824,0.003911606324770292,0.7483916503776317,0.0032530634794063987
212,0.004579990636766024,0.004028138284876494,0.07867917147357877,0.0023615187651621844,0.9074206614779085,0.0029305193617079335
213,0.01699632693710742,0.006480099022587335,0.42719849081904554,0.03115976441365823,0.48706998942565005,0.031095329381951534
214,0.023764295497026265,0.011797389248381841,0.1893206439185789,0.013519077624701331,0.7441064308950679,0.017492162816243478
215,0.07189420867057864,0.013623950923441284,0.4045122264796092,0.043712089762616355,0.40233707691818493,0.06392044724556949
216,0.005575024066819098,0.0049030362223566855,0.20425253499699053,0.005590828744206394,0.7716722749958516,0.008006300973775757
217,0.054982754727874755,0.025099150355389573,0.1921322277531885,0.01803381760053278,0.6791919216814647,0.030560127881549826
218,0.1983225752772701,0.050990478978040626,0.10956590762524418,0.024287608816979174,0.5899037806426252,0.026929648659840544
219,0.02276861834680514,0.007364714040384151,0.23567060125453707,0.008317333876115718,0.7167839183835414,0.009094814098616379
220,0.094904553310604,0.039461899466708424,0.19074686645379355,0.029064265154023265,0.6139544202041137,0.03186799541075746
221,0.014140436504827995,0.005572325195703414,0.51683783317048,0.032150612331257836,0.39826124792075357,0.03303754487697713
222,0.013150381563589986,0.0063203563394909285,0.11507198183737274,0.00633052640653528,0.8526318389479788,0.0064949149050323885
223,0.008866239692702293,0.003841438926785931,0.18990880522827736,0.00834726826734192,0.7760228478385107,0.013013400046382061
224,0.00750121673194679,0.0040594432640453796,0.23183911605953994,0.005479048280682357,0.7450203892259828,0.006100786437802813
225,0.04003526277293373,0.02088836153254921,0.22295742684028377,0.011849064438396301,0.692246935772523,0.01202294864331377
226,0.10563399066894708,0.02352520630763925,0.1493596951618306,0.020345971062000114,0.6780326630731337,0.023102473726449257
227,0.0033035605308340352,0.002983148689402998,0.22216732035928102,0.003300731068488346,0.7653234652109039,0.0029217741410897374
228,0.006310237482185095,0.007456903211033053,0.13518377765996265,0.006408524703387053,0.8373831150269808,0.007257441916451372
229,0.01400086310342213,0.00922823578107646,0.17897229758237018,0.0067024689821584636,0.7832037319222352,0.007892402628737328
230,0.013915836522094986,0.005995634468585748,0.18302992291996434,0.010213502162071892,0.7730330176089962,0.013812086318286674
231,0.00537237753145922,0.0033203085591158015,0.2821178844208474,0.0030389435789703835,0.7029067138482304,0.0032437720613763153
232,0.006585349986701922,0.006272290070088865,0.11681479064793063,0.004495608501717859,0.8595446920864458,0.006287268707114864
233,0.018439626739188825,0.010002469767148664,0.18386890802818912,0.012656773331068056,0.7590460563835457,0.015986165750859368
234,0.004524449504614698,0.0034544923164930314,0.18614987549169124,0.005297204733688945,0.7958987835714753,0.004675194382036719
235,0.031709964934924624,0.010383698076605748,0.1494693229014909,0.016898386346488405,0.7716776093168063,0.01986101842368399
236,0.01506292576750394,0.006488266978733576,0.18547785447232684,0.008609445860249313,0.7767057374051667,0.00765576951601966
237,0.002453145823926575,0.0036329261531577767,0.07877035447640988,0.0019660515290030782,0.9106636572143008,0.0025138648032021807
238,0.021850430314976185,0.01789269637523148,0.19866288473111693,0.013069250705708916,0.7309373842583078,0.017587353614658845
239,0.03697264610137379,0.012051372258693144,0.716778758259532,0.026186841117169932,0.18830919603394627,0.019701186229285128
240,0.010926437276251639,0.012443463016918822,0.17250477261497194,0.006475447820065642,0.7912623404618875,0.006387538809904532
241,0.006902826762250884,0.0029441240628804294,0.3378442082272715,0.007129696978124163,0.6383840983558291,0.006795045613643721
242,0.006660052215938588,0.004712103876161036,0.5230202851150146,0.008125056830570658,0.4496317409594805,0.007850761002834645
243,0.005928240013842447,0.005434674297690362,0.1532656885714413,0.005004429989209461,0.8258468914947769,0.00452007563303962
244,0.006821702273210363,0.0044108408344380795,0.40429881015657204,0.008545488447295519,0.568432627775936,0.007490530512548102
245,0.006565708985734019,0.003925973767053287,0.13331802004579277,0.006276579950219853,0.8423949500383433,0.007518767212857149
246,0.006578520717188929,0.003858732754996819,0.09979156480837915,0.0037425268651739697,0.8815342923841751,0.004494362470086214
247,0.019869345036009373,0.010317294907004013,0.1543077679114077,0.009229415703896618,0.7954995006568844,0.010776675784797858
248,0.008378867493696018,0.004911554330233899,0.17322347961875217,0.003960663002849566,0.8039720766290354,0.005553358925432857
249,0.011739473490942037,0.007570507270856391,0.09982494691617629,0.004648392983972981,0.8714131976907343,0.004803481647318039
250,0.02255908702243194,0.0069461309778573125,0.0063995614579028404,0.30439296543999583,0.009329310388446985,0.6503729447133648
251,0.031143319584314263,0.01012594175988932,0.025934235488112873,0.4061666293715734,0.03194768680994515,0.4946821869861651
252,0.01536187866348737,0.005590103160077785,0.007789517016213204,0.31698624382076745,0.008945715647709669,0.6453265416917444
253,0.01954087282499559,0.006533050487253421,0.010193138665021742,0.3145520430306787,0.012547118230541682,0.6366337767615088
254,0.02339796082747312,0.00882541109333253,0.008939992524679674,0.2892861060194201,0.01306215346045871,0.6564883760746361
255,0.020843538173127958,0.014644483512361901,0.008644205699114721,0.2795778257084889,0.014307102972378428,0.6619828439345283
256,0.01788666760115981,0.010385037567246347,0.012975242300908461,0.31138276721939473,0.02230068823049298,0.6250695970807978
257,0.008753563610550257,0.0035428950913674183,0.004196165384623412,0.3180770634963675,0.004456795257079541,0.6609735171600123
258,0.015427320412600396,0.004514883582714377,0.03949199480944073,0.4097837181010716,0.03794810131544543,0.49283398177872756
259,0.013974804941264615,0.006791770695202264,0.015432407953324814,0.2985887667335822,0.023043660248817915,0.6421685894278083
260,0.0056165513459650275,0.0030009684634649723,0.0036119942846728425,0.3021522051359357,0.004570862930707763,0.6810474178392539
261,0.18778010377084295,0.022089261341644836,0.0348279250931498,0.2332290979409464,0.04093195911311356,0.4811416527403027
262,0.007122486697774856,0.0039207917790245045,0.004823749701277224,0.4285549518852747,0.00491369495696216,0.5506643249796865
263,0.02550542012447381,0.012017349772480307,0.011262642964315889,0.35781530972708153,0.013438203080329333,0.5799610743313187
264,0.02340899692652317,0.010705791570413885,0.036124533348921614,0.3954701753324381,0.03245231502623081,0.5018381877954725
265,0.06374722962180666,0.016365945903421938,0.016732210598599792,0.35818471652351336,0.018487655771541434,0.5264822415811167
266,0.008940988020649129,0.006333550987005178,0.006371792510175647,0.3231575286192632,0.010058480373197039,0.645137659489709
267,0.008011474948363151,0.00668455790000135,0.009550165914313128,0.27792077549766847,0.013185940176701449,0.6846470855629527
268,0.01602459786299623,0.009274858679491203,0.008205958141953065,0.3779419715976793,0.010296231054420358,0.5782563826634601
269,0.012376272459296666,0.00806480216610021,0.00488891037528739,0.3255400197344419,0.005718750266735659,0.6434112449981377
270,0.01249344090596221,0.005485872682045363,0.007048563191261065,0.25664986766761394,0.011695208260601496,0.7066270472925158
271,0.0094324096187808,0.0043724531052042725,0.008480084845246639,0.3391659313877276,0.011673566290081374,0.6268755547529591
272,0.1059193112111871,0.024440400706343488,0.01605617687239286,0.32586643268594684,0.022362321741954974,0.5053553567821744
273,0.053054140997331266,0.014896966620641085,0.031137416806666943,0.37282284986961883,0.04304616696573657,0.48504245874000546
274,0.010473633140669554,0.004122557191226349,0.012571690917353927,0.4940244842213364,0.013030467635071263,0.4657771668943427
275,0.01104335194842225,0.0037427690830993585,0.00814984250502288,0.3537482609683728,0.009144997380522083,0.6141707781145607
276,0.015903606846152912,0.006961526291293086,0.009539868702231986,0.2954048984874503,0.010066100406098307,0.6621239992667735
277,0.005482996954253727,0.007490883740763326,0.014694577238974901,0.3035054065007718,0.021419087265406613,0.6474070482998298
278,0.02325542202783564,0.011627955789497761,0.03697456966639138,0.478311546045481,0.04462253060187424,0.40520797586891966
279,0.005641092084648583,0.0033579351521967706,0.007070747828075613,0.5050956905557239,0.0056929410034196335,0.47314159337593553
280,0.0123618185705111,0.004346927265876082,0.009068073629381732,0.33800261375480817,0.013965665469198755,0.622254901310224
281,0.0039039763280663453,0.003633611198810756,0.0037070497812962608,0.24430753540946618,0.0057110148802927765,0.7387368124020676
282,0.023075595118367265,0.00874747537164744,0.016237067239448604,0.42051716136311784,0.014721638741497485,0.5167010621659215
283,0.016417331833343745,0.007695438889484175,0.006997119863261263,0.3312543272494451,0.00779786159026549,0.6298379205742
284,0.013272240258413222,0.0040266650934704315,0.007988596379018626,0.3705582292145424,0.00662795681813368,0.5975263122364212
285,0.006403613474194672,0.0032852760252817417,0.004961337740549573,0.30408764557905293,0.005253965095450219,0.6760081620854708
286,0.007294091873491549,0.0053768616656244194,0.004861358154607942,0.3084925655160179,0.006447055773949031,0.6675280670163091
287,0.009114083062467493,0.004939055863048251,0.011950754658286761,0.5725594701954057,0.01119614689827625,0.3902404893225159
288,0.009578854847090534,0.003982779737277337,0.010169242547185013,0.38216665211337314,0.011120653827674578,0.5829818169273997
289,0.011203871125334202,0.004392084039120942,0.0040189269079853,0.3164519057521459,0.005052809382453025,0.6588804027929608
290,0.008038827324042035,0.003752298626075627,0.006119222208057343,0.30665539540507364,0.008077324381452883,0.6673569320552981
291,0.008736015440748321,0.005405069933309276,0.003922087030214941,0.33172935089278494,0.005473887716779917,0.6447335889861625
292,0.014592177740249498,0.004642863908226927,0.008800036658603757,0.3452711743086584,0.007532757806839215,0.6191609895774222
293,0.014833473248015287,0.004202472886266243,0.008762967496323139,0.5576500682644282,0.00770524586287239,0.40684577224209423
294,0.00901997331299107,0.005682247909355605,0.0037130668860113846,0.3529190470887657,0.004488452800914179,0.6241772120019622
295,0.02814103242675967,0.006090872591770207,0.009404003853039447,0.3225526625344835,0.01452441377171249,0.6192870148222346
296,0.01230166375154303,0.007109825012253788,0.0067508140375661255,0.33023155697114476,0.010300068890185712,0.6333060713373067
297,0.01895704087588359,0.008452521848255911,0.010546508953567823,0.3392302311418329,0.00991997150343553,0.6128937256770238
298,0.014236538681483796,0.00841384671682616,0.015286588572777059,0.4172373023318206,0.019008603026804308,0.5258171206702881
299,0.011357718049925584,0.004128927815547816,0.006273265720859643,0.2818579523471325,0.00793015125153227,0.6884519848150026
