,proba_0,proba_1,proba_2,proba_3,proba_4,proba_5
0,0.9887213469392736,0.0036769544127236704,0.00012785672234761773,0.0008056469936249761,0.004079975176156272,0.0025882197558739235
1,0.9150464983440263,0.0004493770409713644,0.0006132296269502958,6.066824086001072e-06,0.08174532038639937,0.0021395077775665616
2,0.9916523663627184,0.0020243683267718547,0.0007425289215669266,0.00042316737961326206,0.002279767242965124,0.0028778017663644378
3,0.9781642818485367,0.004024834619466009,0.0082159897668498,0.006541706549046526,3.802889665999103e-05,0.003015158319441119
4,0.8545534672329164,0.00044035011886214,0.0002555245535840061,7.252112714161862e-05,0.14376734856753592,0.0009107883999599558
5,0.9857091723682647,0.00039600151252115767,0.0014630667935496056,2.472370077433028e-05,0.00744353831191541,0.004963497312974708
6,0.9141055155129231,0.07682223966560278,0.00039167634115137634,0.00012063998472199288,0.0021695190857568243,0.006390409409843851
7,0.9537599708754293,0.035859406847058385,0.0054447810251604875,0.0032480348118272212,0.0001312949022458352,0.0015565115382787003
8,0.9746411833172677,0.014164941611072573,0.008092800921454204,0.00037937384919635984,0.002582526735033874,0.00013917356597525308
9,0.9870269753330092,0.006887560277482094,0.0009332402295182522,0.0001308067591439152,0.0026335493626780857,0.002387868038168402
10,0.989291402429294,0.003058004127352735,0.0005402976700199554,0.002585018726115418,0.00044459716990539626,0.004080679877312452
11,0.9295478266709214,0.003377751545310644,0.0628864027457176,0.002209643380617963,2.9809720692092767e-05,0.0019485659367403099
12,0.9940213862258898,0.0015546390154669223,0.00035083393721268983,0.0011567632030006143,0.0005914068829128712,0.0023249707355171463
13,0.9689977838579156,0.023873717419882194,0.005952531402888792,0.00021419282024660952,0.0008181602277536378,0.00014361427131316486
14,0.9831352364603425,0.009642868364004336,0.0029662439777567483,0.0006600833426516632,0.0030826031699951206,0.0005129646852495108
15,0.9656626590824632,0.002941583339775599,0.00023468910532113216,3.526954965071761e-05,0.018893729842370324,0.012232069080418958
16,0.9734894389029187,0.007184195375561927,0.014040952968201896,0.0046209398483565535,0.0001022517443830212,0.0005622211605778401
17,0.9851023293359665,0.002358707597857632,0.0029602264589071955,0.00014030213855210436,0.00912191607147989,0.00031651839723666387
18,0.9951486310927693,0.00107518668971723,0.0002964383137255978,8.039311047839755e-05,0.0017584078919409443,0.0016409429013686258
19,0.9617295277421588,0.002013734247165137,0.0001623115802050924,6.472290310994462e-05,0.02630424079156753,0.009725462735793416
20,0.9847579810560086,0.0019775883034293005,0.0008168493545748713,0.0064526406383092014,4.156729791281082e-05,0.005953373349765091
21,0.9250216671278775,0.003424132061328358,1.8016098299207856e-05,0.00048520716028134633,0.06335593036804389,0.0076950471841698105
22,0.9395334365297363,0.0013316122814594285,8.56349205765963e-05,2.4587308371931028e-05,0.05676614964874691,0.0022585793111089014
23,0.9776125176056838,0.010059038190738476,0.0008993364857886829,0.009489947382839004,3.720467541898792e-05,0.0019019556595310644
24,0.9335540733815401,0.010090144170426947,0.05571779716215802,0.0001928037862998271,0.00038129762749550467,6.388387207974866e-05
25,0.9335906262098916,0.0021985052840105667,0.06161676636815351,0.0008143143487029556,0.0015260741267374759,0.00025371366250382825
26,0.9958852962268281,0.0003388651642699458,0.0005082846476640147,0.00012181926024688105,0.0012899262997688855,0.0018558084012222369
27,0.9650102025689189,0.008253372710648636,0.007026903390444933,0.018976017861591078,0.0001851119166514458,0.0005483915517449664
28,0.7824814438250518,0.16549770851805481,0.044844230260042056,0.0069868701547606575,5.780470612110904e-05,0.00013194253596962558
29,0.9900524714432013,0.0002660326877546452,0.004288838440463927,1.8244673232260457e-05,0.0037008024013921786,0.0016736103539556127
30,0.9805133596213524,0.0020732891303248896,0.012688849035110524,0.004425986651166187,0.0002057101487277286,9.28054133180039e-05
31,0.9914181603046118,0.00031512813993622425,0.0011014727922745333,0.00010398149421561825,0.0013420499064791876,0.005719207362482344
32,0.9753939810149006,0.0014715702469997238,0.00043941681891178613,0.0007522946725596533,0.0007480530502618594,0.021194684196366526
33,0.992131688121306,0.0004185038513185337,0.003899831867354438,0.001252127983371491,0.001249675543640324,0.0010481726330091466
34,0.8828306292335907,0.007439651178704133,0.0004359411362873818,2.8223687978516252e-05,0.10783982233847172,0.0014257324249675068
35,0.9572202586772706,0.0031956353480076132,3.911268554047215e-05,0.0001467749306800607,0.006527678757106555,0.032870539601394876
36,0.9674096955805672,0.005141794667476227,0.008767791268738917,7.31838143518422e-06,0.0168231468734343,0.001850253228348132
37,0.918375343314936,0.005841089439234863,7.199592327670172e-05,0.00048071016089486836,0.07439298408211377,0.0008378770795438856
38,0.8564735706998835,0.12566486790015366,0.003714634963908412,2.2642481143939538e-05,0.013269197096053216,0.0008550868588575035
39,0.7705169584347666,0.000830730176665528,0.0004511877141517542,7.185560182621121e-06,0.2269357006563641,0.0012582374578692242
40,0.9620949610057449,0.024264681652689288,0.0005249457117290481,0.0021345525424648387,0.01050464375567647,0.00047621533169551664
41,0.9555655178480553,0.0031122712950395893,0.00047172119156747323,0.0003697609105292794,0.0370170540999967,0.00346367465481163
42,0.9387519396921257,0.012994756388920734,0.04746739191351915,0.0001524169022428175,0.00011968459034979237,0.0005138105128420281
43,0.5002402382382071,0.0012670164243839446,1.2725106036335883e-05,0.00011040624642812319,0.09434485275614159,0.40402476122880304
44,0.9846386086206375,0.0008905332138786899,0.0006342439407280347,1.3260353045808742e-05,0.010850912173673573,0.0029724416980363836
45,0.9695035417058602,0.00020441504647479377,0.02839313897906326,6.646910576006148e-05,0.001216346930684745,0.000616088232157084
46,0.9818067629441741,0.0016248333742163914,0.00022232580144400157,4.6300123918291014e-05,0.006529387154445724,0.009770390601801323
47,0.9281759993868053,0.004447455813569565,0.06651321707260313,0.0001625737344954779,0.00045135416846056657,0.0002493998240660114
48,0.972754629245332,0.008764113920141219,0.0003409017274678717,0.00010131899663553381,0.0023679917447951187,0.015671044365628328
49,0.975057177483963,0.014237855283646787,0.0004196780441686381,0.00017104770623860809,0.008416301374868268,0.0016979401071147771
50,0.026364706821717595,0.9520058853351588,0.000338263933076106,0.00013861229064701878,0.000687562288039778,0.020464969331360532
51,0.061011146834402466,0.9302430620972736,0.0025231645333973584,0.00015913962176703958,0.00017947297991960782,0.005884013933240021
52,0.04024410237782557,0.9505070102329769,0.0005057559607717005,4.711292305398512e-05,0.006114770419611866,0.002581248085760012
53,0.00890095865288099,0.9836269500115232,0.006427810687036606,0.00011657500373205736,0.00031281356809892847,0.0006148920767281276
54,0.2542597213019899,0.7420434847603473,0.0007009439370395811,0.00018094710280543716,0.0002765614419888228,0.002538341455829087
55,0.021990585704212758,0.9694309379675289,0.007166662167134342,0.00018194592736811002,0.00020347719254395772,0.0010263910412118891
56,0.005364368913528554,0.9759056642459135,0.01781257198334188,3.273274601244749e-05,0.00016898424504047384,0.0007156778661629651
57,0.14537979960117098,0.8492297951284768,0.002990735739253186,0.0016368513362083254,5.015102116089883e-05,0.0007126671737297852
58,0.007148367024899256,0.9845235990507436,0.001216279945100784,3.416653397601161e-05,0.0007430338430264072,0.006334553602253932
59,0.14529319977408658,0.847220841647099,0.006175950808992803,0.00040926041616703475,8.481095627126162e-05,0.0008159363973832815
60,0.25038233019169626,0.741936499336113,0.003880774465190171,0.0036518175326461606,2.6591188625645885e-05,0.0001219872857289677
61,0.008019712797658077,0.9812345932457759,0.009238782476426483,0.000470751459139577,0.0001352301120672148,0.0009009299089328179
62,0.00433923107786879,0.9898743776710026,0.0012613270826102349,8.900163766259228e-05,0.0012580160187006632,0.0031780465121549854
63,0.07057918442479676,0.9221399346352666,0.0047828075692422055,0.00014465288436190516,0.00011429309772130789,0.0022391273886113415
64,0.0747277763844604,0.8855699467013036,0.00017305626002316253,3.068917553444432e-05,0.00123851266886249,0.03826001880981578
65,0.01596420264605994,0.9730614180352797,0.009995760340365764,8.8880628498195e-05,6.255276521520725e-05,0.0008271855845812886
66,0.007399491314904787,0.9863610990328782,0.004194291560735907,7.371574395026396e-05,0.00048660599247892666,0.0014847963550517372
67,0.002869703310545638,0.9911288748601512,0.0031004409592235408,0.0005084516378701684,0.00014996205889680625,0.002242567173312751
68,0.04240475588131803,0.9350552054826987,0.0001243139286224437,8.233590029994775e-06,0.0038267694427594314,0.018580721674571175
69,0.009441550105368622,0.9783355373265151,0.00037004721477114453,6.995269707344658e-05,0.001654072281539825,0.010128840374731772
70,0.09364257422794375,0.9018166874385257,0.0032298405718713106,0.0004023858934853024,0.0003596218317504241,0.0005488900364233682
71,0.03277290034713247,0.9350868217538449,0.03142484434130251,0.00044773466978625796,0.0001206590851892406,0.00014703980274475677
72,0.034871345555329766,0.9563387110417565,0.00016756718713122006,3.639176956602501e-05,0.001569185682486564,0.0070167987637299815
73,0.009234700634923446,0.9846107249623659,0.004588535112386951,0.0005168063786457974,0.00032418636185611253,0.000725046549821713
74,0.11286397431381737,0.8836401715313894,0.0011710385677663696,0.00014694715432956334,0.0004171209577009643,0.0017607474749962663
75,0.0043832375850468095,0.991441032351825,0.0008781340251055982,0.0002206730266515872,0.0010084774344610555,0.0020684455769100782
76,0.008333601277961115,0.9844903891505387,0.0029020628856921203,9.286780364436029e-05,0.00042761846377305023,0.0037534604183906673
77,0.00310329550296915,0.9917213149502557,0.0004906201114329847,0.000234704706273116,0.0012883061832484675,0.0031617585458204446
78,0.05051571405493409,0.9264783625115625,0.021818072905805255,0.00022016034047318077,0.0002928950593393384,0.0006747951278854662
79,0.0035361754905957332,0.9886704632052254,0.005389956927415863,0.0019435911594541892,0.00012490227941191944,0.00033491093789672687
80,0.13523438673208418,0.8573841312790185,0.00019979150695857497,3.514450656284322e-05,0.0027328614403368235,0.0044136845350392665
81,0.14622119095926525,0.8487477072987188,0.0004385584295261748,5.956188899460986e-05,0.0004180310159851515,0.004114950407509888
82,0.004192246133476397,0.9879305619556601,0.0022037859373446266,0.00019044297450420458,0.00023067010110955184,0.00525229289790514
83,0.19291782918044836,0.7435306527769457,0.04284752656069808,0.02066908927858265,2.5101597497202274e-05,9.800605827930634e-06
84,0.3215401456051898,0.6755038163503081,0.0006655705431477156,6.09219964747366e-05,0.001629001808264647,0.000600543696614973
85,0.0037703129614689696,0.9899488193207613,0.002917343658375553,0.0024905753172360435,0.0007551894208384398,0.00011775932131971721
86,0.012807527790815322,0.9815410259786247,0.0005095448196829623,0.0002589890541264282,0.0014800962666747784,0.0034028160900756777
87,0.039388567663861104,0.9545693717788357,0.0013177094394742155,2.848038486992665e-05,0.0015081187114196798,0.0031877520215394493
88,0.06992978453832732,0.9256295965471472,0.0015493984960542892,0.0019800399860788738,0.0001428102329976658,0.0007683701993948443
89,0.017995009424304088,0.9764164062988454,0.0018901025358528734,0.0006836173951797427,5.1338434614525963e-05,0.00296352591120329
90,0.11275317319298626,0.8822663613655913,0.0031713608083040598,0.0005297483251237335,9.85761091620854e-05,0.0011807801988324312
91,0.006976496135754497,0.9821645003507075,0.0005229611602186139,1.8488456897007865e-05,0.0013571541800330557,0.008960399716389511
92,0.25546355021096756,0.7411513549291572,0.0008888749611928176,6.804368622373909e-05,0.0004082735859813589,0.002019902626477364
93,0.01598932334446039,0.9804606230650834,0.00181262322222988,0.0001364568498739874,0.0011383784797837837,0.0004625950385684756
94,0.0973637819774137,0.8890688277929816,0.000245395458289363,0.0006384015241918848,0.0002850989033451555,0.012398494343778283
95,0.03684455563867159,0.9572434906579609,0.00045294567509240186,0.0001856681389441667,0.0009432212928623977,0.004330118596468543
96,0.030962134956208347,0.9576108766804331,0.0002507288621595778,2.031545148126696e-05,0.0032019724866182066,0.007953971563099753
97,0.10744190403213238,0.8884704291743395,0.0025677898019456627,0.0009670831092097529,0.00015835428759564276,0.0003944395947772319
98,0.07224137979333178,0.9224962078804624,0.0009003252355734368,0.0002328119319742623,0.00043371061437991296,0.0036955645442783348
99,0.049507238299133526,0.945290002316907,0.0010738021908613077,0.001033781549881889,0.000623750193987203,0.002471425449229051
100,0.000524719853444899,0.0019645950114316802,0.8086239358778164,2.945111955985875e-07,0.18887012518349847,1.632956261279364e-05
101,0.0010340605639136973,8.637597084806204e-05,0.9923640427194519,1.1536094065023349e-07,0.006453456936121727,6.194844872409084e-05
102,0.000751700170400851,0.0005496859092226853,0.9857644057468424,3.100952048032063e-08,0.012636653713984597,0.00029752345002903065
103,0.006621961575934211,0.00041575172677502646,0.9758780798243646,2.904929532906172e-07,0.017047575742151,3.634063782194222e-05
104,0.0022075009851876258,2.6215361780030605e-05,0.9871416092136671,4.620554008879639e-08,0.010465696596966927,0.00015893163685823028
105,0.014922649743577052,9.874816444272014e-05,0.9800392834862954,2.6435233802567825e-07,0.004770687579338613,0.00016836667400827943
106,0.0022439805570135894,0.005996888742006194,0.9835102611064303,4.365885273550146e-06,0.008062021589260481,0.00018248212001607667
107,0.0010751239106537246,5.634764228418345e-05,0.9966678679710591,2.0205122734913913e-06,0.002193677450142322,4.962513587080423e-06
108,0.0008976793137755914,7.124218700837692e-05,0.9580401476177327,5.0360176989357245e-08,0.040768743263260306,0.00022213725804604682
109,0.0005949670661967958,9.610734586831948e-05,0.9018627493019304,5.5361662658485975e-08,0.09741450379296895,3.1617131372751015e-05
110,0.24727538174766325,0.001510286850736769,0.6548533816061929,1.3405061997568204e-06,0.09627351163308745,8.609765611974199e-05
111,0.05412415350599191,6.606777284566185e-05,0.937675323648094,3.273501064851443e-06,0.008093330681284983,3.78508907184391e-05
112,0.0005069329550033487,0.00017545322038206796,0.9599929897233973,2.4536800271525784e-08,0.03916852131011355,0.00015607825430343463
113,0.00011241674388166012,0.00018008747563494798,0.9897229276133337,7.628889770127836e-08,0.00987426078966412,0.00011023108858773622
114,0.008353408585365811,0.00017254568624218048,0.9147226424760072,9.756687665352293e-07,0.07674786889232629,2.5586912917814968e-06
115,0.00034395625534553467,0.0001974240674572514,0.9924287187255405,2.0880395120691363e-07,0.006978909005419969,5.078314228572269e-05
116,0.0017323513203969302,0.00028639816912890423,0.9658971899507298,1.3117137980837997e-06,0.032076473844859156,6.275001087194163e-06
117,0.0012428976884770525,0.008165976037421559,0.936351674643114,1.2564881290202396e-06,0.054059936564728725,0.0001782585781296231
118,0.0006847181494398317,9.75183059340409e-05,0.9731054591120796,7.483840612006433e-08,0.02592990586412738,0.00018232373001310137
119,0.0037386326917496437,0.0009241206559099886,0.9465127761260073,5.3597290219352e-07,0.04880126338826775,2.267116516317014e-05
120,0.003751898369340455,0.00011965102387240459,0.9881832831201247,1.4007404758303343e-06,0.007904471685724978,3.929506046164242e-05
121,1.0109610563764086e-05,2.0400123267035174e-05,0.6405228166219641,6.816866955576399e-10,0.35884037541891434,0.0006062975436040616
122,0.002760514305296015,2.9628320582535675e-05,0.9965694181062628,2.848663978042397e-07,0.0005143568469538313,0.00012579755450688575
123,0.001334761640601923,0.0021691976132681393,0.9820861738184359,1.3577301123237196e-06,0.014354441164243233,5.406803333842816e-05
124,0.2966787867234916,0.0003190514818156821,0.4862286876337472,3.321031370401799e-06,0.21624906385663334,0.0005210892729419326
125,0.025395855803473154,0.001025281852534997,0.8216937707272931,7.999117514212472e-07,0.15150573304470363,0.00037855866024373927
126,0.000592521634725958,0.00013275096627764386,0.9932281322277812,3.3463055635063535e-08,0.005921021103607887,0.000125540604551639
127,0.5870125756703616,5.3905750891586106e-05,0.4036729649976921,1.7728003359104336e-05,0.009209605789284505,3.321978841103027e-05
128,0.0113449626236456,0.0002571924664188236,0.9388157279194858,3.553506561186168e-06,0.049557174525072495,2.1388958815995305e-05
129,0.06511939575631875,0.00034052329319652556,0.9239330885893953,9.080268772247705e-06,0.010594771265424947,3.1408268921636487e-06
130,0.0013808313367089148,0.0001614706517219466,0.9670748824993107,2.158204157046412e-07,0.031361171026688395,2.14286651543606e-05
131,0.0010024852182399036,0.00015965498407953817,0.9942150868741352,3.557172438554555e-07,0.004595973315108973,2.644389119250933e-05
132,0.0003181374484000705,3.688584202934397e-05,0.9389563666519873,7.111891524174642e-09,0.05950994116490305,0.0011786617807886676
133,0.05007442494077222,7.767505692261226e-05,0.9450075754952202,1.8219215611878806e-06,0.004799391045406837,3.911154011695294e-05
134,0.0010668803985430316,7.845583749152237e-05,0.9775853918385553,3.3283158392319964e-08,0.02093622992810959,0.00033300871414196717
135,0.0048078618230848755,9.904512517257296e-06,0.5876282490196014,1.0129870520648857e-08,0.40604755223086375,0.0015064222840620472
136,0.0516926612846579,0.001197295103217733,0.543028437144867,3.0519546295860827e-06,0.40329331010723124,0.0007852444053964943
137,0.07039843722638185,0.00017232041813217342,0.9159864368628122,2.02600778002963e-05,0.013411745153204941,1.0800261668740788e-05
138,0.0003296801139286879,7.964982258330305e-05,0.9796719424535124,3.8541360879215995e-07,0.01989110889832042,2.723329804638121e-05
139,0.0006206106277406809,0.0003349171785451274,0.9754289355612303,7.056635495140334e-08,0.02351453920029011,0.00010092686583879861
140,0.00030099667807202663,0.00023463636246176745,0.9128872068612952,6.098652584347635e-08,0.08636105214409286,0.00021604696755223263
141,0.002071083956223752,0.0002986897173769286,0.9918804109747844,1.2785838270452085e-06,0.005730563920181988,1.797284760593325e-05
142,0.22741482528899143,9.353977686368266e-05,0.7282147764646075,1.5946744357504622e-05,0.04421143314064974,4.947858453016385e-05
143,0.012934355616172821,0.0001274393720571991,0.9603131066349236,4.4167766927003636e-07,0.02661776529614705,6.891403029763237e-06
144,0.0006755815431186507,0.0023213435948691223,0.7243837697370054,5.393140514800216e-07,0.2726059331754858,1.2832635469463083e-05
145,0.001910322259558268,0.0002740711241024518,0.9800822369714675,9.466375873988973e-07,0.017685738546084195,4.6684461200123775e-05
146,0.008697675609201436,0.0002489912213480113,0.9683040139624577,3.7365248002248985e-07,0.022693545593755273,5.5399960757555384e-05
147,0.057011283295782866,0.00013215576951378796,0.9035322653682785,4.420616390335018e-07,0.039265794478620414,5.805902616536547e-05
148,0.010386091285954573,6.937470223411448e-05,0.8278936485116895,2.7113647795828226e-07,0.16154190861100215,0.0001087057526418177
149,0.0010534248931484255,8.059127484187268e-05,0.965671880552875,1.8451660859879842e-07,0.03315824290692441,3.567585560184498e-05
150,0.0029782669503789745,0.026164465091555775,4.904736130273098e-06,0.7626370324284677,5.52157345799018e-06,0.20820980922000926
151,0.001777239685274112,0.00041127125573873016,5.845254734935462e-06,0.8844823153912122,6.7276663040973645e-06,0.11331660074673595
152,0.0022378788714136747,0.00017490056124592774,3.179318569487865e-06,0.7315825438339288,7.387867825917081e-06,0.2659941095470162
153,0.043789138701954985,0.00012384420992599864,6.361929438415955e-05,0.9061918107172424,4.556498283799663e-07,0.04983113142666422
154,0.0051234714514053125,0.00013188383756889305,1.2210149850112154e-06,0.9463442092694123,4.2484903256326205e-06,0.04839496593630303
155,0.002365697223854976,0.0005904613895100311,3.6749381574775165e-06,0.9915301206311894,2.7686941288465223e-06,0.005507277123159109
156,0.0009671597647644585,0.0021169099335429484,4.908782763166794e-06,0.9781345988213426,1.3427362955522269e-06,0.01877507996129125
157,0.0006010540204503656,0.0010551900491713394,4.51135716549972e-05,0.9959074688671083,4.917867035323058e-07,0.002390681704911503
158,0.0036459793433609652,0.0027478482385608727,1.1566864297475238e-05,0.9554774794233362,6.711312383866125e-07,0.03811645499920623
159,0.002094570183269129,0.0019627198646375785,1.8943251899432558e-05,0.9884369256674145,1.6892596228873523e-06,0.007485151773156628
160,0.00014202246787430742,0.00415831110051688,3.258132758479298e-06,0.9401253478498102,3.227286337563452e-06,0.05556783316270268
161,0.004501129672420474,0.00898302035934084,3.4414996812553957e-06,0.8980020686894863,3.6126933950220623e-06,0.0885067270856762
162,0.0004943979474756968,0.011521744523047127,0.001682020480445856,0.9830558286542597,1.810085134159747e-08,0.003245990293920231
163,0.0011052302442611359,0.05170713948374782,0.0002570692712074517,0.9110718985130998,2.47308200453375e-07,0.03585841517948341
164,0.006241719389991316,0.0007833125210835142,0.0001275288237304037,0.9716041560474071,2.1806072872334758e-07,0.021243065157059003
165,0.004080513586542317,0.0011900175753381112,4.448836201542458e-05,0.9889534190165972,3.49742983510789e-06,0.005728064029671793
166,0.16054389783373374,8.230231949099083e-05,3.671802506031428e-06,0.819219299927348,1.1382081288127407e-05,0.020139446035633047
167,0.015806601106736467,0.0010918388435097947,4.1481570652878675e-06,0.9786642873540526,5.837959413778022e-06,0.004427286579222092
168,0.0021543717178561027,0.0004051735157909531,1.3467025209437645e-07,0.94146669495589,4.3081047259165876e-05,0.05593054409295172
169,0.0006393328365278602,0.0005821796408289916,1.9195065127360372e-06,0.989300424855048,9.125374676300061e-06,0.009467017786406113
170,0.0032992633688232764,0.0005821709945273266,3.9466953388363385e-05,0.994445318407042,6.066341454212416e-07,0.0016331736420736086
171,0.08584633776996622,0.00019972426872348498,4.813383756870888e-05,0.90853367276906,5.200453542401049e-07,0.005371611309327338
172,0.004883872091031066,0.00014864810571324892,5.8493337400316934e-08,0.5876266358635127,0.0001181017174658454,0.40722268372893977
173,0.0020271747886163533,9.308346343268791e-05,9.073718209961294e-06,0.9599558679850987,3.859303828418634e-06,0.037910940740813796
174,0.0009738206550490449,0.00012172221701567726,1.09677979789404e-06,0.8301766210570274,8.22590817474126e-06,0.16871851338293525
175,0.013428153478668168,0.0004891855403523949,4.009942346517382e-05,0.9788685635741101,1.8548978843319456e-06,0.007172143085519906
176,0.038913795121089105,0.0007505105930664321,9.052122443025382e-06,0.9258076072882714,2.1557552921498857e-06,0.03451687911983782
177,0.0005009894224907177,0.0025952711919370007,5.4739526969130156e-05,0.9930759236462449,2.8603455217830385e-07,0.0037727901778061013
178,0.003977734556098971,0.00010472957913806085,1.4391853089337148e-05,0.9903396658982887,9.851902138351657e-07,0.005562492923171097
179,0.0011726564269057857,0.008870052425855276,4.6011557993556834e-05,0.9794023492944507,6.461884697353989e-07,0.010508284106324789
180,0.03152852265356594,0.00011030702476095582,8.215887424599221e-07,0.06701624092515467,8.472875071360119e-05,0.9012593790570624
181,0.0004230322123126437,0.004065138637250189,5.053835854570313e-05,0.9621939671783643,1.811245768552288e-06,0.03326551236775864
182,0.0014788918010526012,0.010518053501026131,0.00019652642674018362,0.8124258073813674,4.2202391115920605e-07,0.17538029886590256
183,0.0013797731438954344,0.0006133847198131125,8.63066139479974e-07,0.9818884008522802,8.25794869056004e-06,0.016109320269181104
184,0.0016429344673882583,0.00026095611469844043,2.220541000508391e-05,0.9929419287077051,6.300586011616217e-07,0.005131345241601948
185,0.0024787347771344373,8.024683022082774e-05,6.752585745670973e-07,0.7659624276959679,8.614362953164974e-06,0.23146930107514915
186,0.00012846044611762036,0.00029516323593078677,2.0959239933274495e-05,0.9611023829987791,5.233238454174396e-07,0.038452510755393784
187,0.28782262907290157,0.004979352113728206,2.1094658998905194e-05,0.701457289050361,7.017029472839595e-06,0.005712618074537521
188,0.025925159557526178,0.0011500917331499266,2.6628773293568878e-05,0.8971289512755698,2.6859942341963615e-06,0.07576648266622635
189,0.00258700847952604,0.00023924738873653804,1.0329610916450866e-06,0.8974804575446146,1.617041908183529e-05,0.09967608320694936
190,0.0013447437918202043,0.006605015897957434,0.0001627205833216946,0.9817362157008374,9.934796839493e-08,0.010151204678094824
191,0.07956302859423622,0.0004145586741021075,0.0016924867112863822,0.9154542165269121,1.0031068604626613e-07,0.002875609182777304
192,0.002992275759722209,0.00042276688540009535,1.0128869183720781e-06,0.9704592199446329,6.371692577197504e-06,0.02611835283074937
193,0.0038595883856872896,0.000242521509117279,3.4310780758478307e-06,0.9814189960696053,4.960929640427068e-06,0.014470502027874085
194,0.002616741916192788,0.007020185801231417,7.5050611260139576e-06,0.9104661396475555,1.981730046863935e-05,0.07986961027342578
195,0.022111048790671006,6.912362592779187e-05,1.400670690644562e-06,0.8285196161236027,1.1006740342757535e-05,0.1492878040487651
196,0.014447554416189704,0.00015371032780447529,3.3924005836071226e-05,0.9787662824540799,5.906659558137642e-07,0.006597938130133805
197,0.00291419148805772,0.00043579906091221826,0.00017738423530184227,0.9939629262234568,3.0145558106238457e-07,0.002509397536690297
198,0.0020268420039745317,0.00017402037856338397,4.094915487045619e-05,0.9851699006717671,1.5480578451626984e-07,0.012588132985039963
199,0.016552180202354147,0.004933567868526552,3.338764468224811e-05,0.9677431333633955,7.01056533710802e-07,0.01073702986450792
200,0.007295929181613049,0.0012982091854069947,0.02549732400778662,1.0223939799730698e-06,0.9657859560446262,0.00012155918658705235
201,0.001087664212857316,8.0732552724849e-05,0.3844897986388763,7.920059545495557e-09,0.6138089338887526,0.0005328627867295059
202,0.0002732940032393657,1.575790608657076e-05,0.049696685524035576,8.161767664084384e-10,0.9484759516373871,0.0015383101130745148
203,0.000494129077721451,2.7283385772681482e-05,0.07115787749577229,2.069191045574348e-10,0.9240131938963753,0.0043075159374392795
204,0.02474471740235289,6.435310599584968e-06,0.18812423542701193,3.2128932915596623e-09,0.7849284550695999,0.002196153577542446
205,2.2234832984765533e-05,1.606949134255573e-05,0.004532121931394516,2.7715153963359905e-11,0.975979445331575,0.01945012838498812
206,6.110205361729128e-05,2.1297878978612144e-05,0.008704858513026433,1.5198984322414208e-11,0.9806467307650486,0.010566010774130177
207,7.510644235420717e-05,4.2167620820977056e-05,0.009275670765322337,1.2338982765526512e-09,0.9900118682131612,0.000595185724442894
208,0.00032737784767318935,1.6923249144117518e-05,0.023362359242680403,7.636564696991569e-11,0.969662561358258,0.006630778225878803
209,0.0013585624088448829,0.00029240016367899116,0.026070677690055437,7.10682836515069e-08,0.9721382462738315,0.00014004239530558517
210,0.0003639914225787984,1.1034893238071696e-05,0.040103069997979364,5.533687793689299e-11,0.9445509373575509,0.014970966273316028
211,0.00016423210469473676,6.540520049359212e-05,0.045001192335332396,2.2040854006983486e-11,0.9344668690176207,0.020302301319817813
212,0.0004158989062857565,0.00020387667518095682,0.008388016426058797,3.2731403235394537e-07,0.9909576230152681,3.4257663173862065e-05
213,0.001313027853343006,4.341658966935564e-06,0.02347189642704555,5.637701536834456e-10,0.9634168298499342,0.01179390364694034
214,0.0001029282536357661,0.0005197333719560935,0.06089442528311354,8.537763816125495e-09,0.9383373256658047,0.00014557888772604325
215,0.06324773984474044,4.162566810208497e-05,0.03147677715012108,1.1427333603435866e-08,0.9040849333887692,0.0011489125209335524
216,0.0011121827400744253,5.063114072977614e-05,0.0744647300385757,2.3414886897287794e-10,0.9209454853799257,0.0034269704665455224
217,0.005095675372422987,0.000729438595850065,0.027664952304020034,5.432932173579101e-07,0.9664723507032312,3.7039731258299494e-05
218,0.20429961246721512,0.002446175051240578,0.01024712164669386,8.515890135232524e-06,0.7822499019314537,0.0007486730132615469
219,0.15650163965453232,3.449400808944462e-05,0.2987734042755823,9.439964033294095e-08,0.5443552749520864,0.00033509271006928885
220,0.02079377531211454,0.0012252691216791548,0.0154635061024848,1.1490768541364062e-06,0.9622508408988925,0.0002654594879749732
221,0.005596904403566337,8.627941472570552e-06,0.48108913090670247,1.436081364010059e-09,0.5112621082001793,0.0020432271119981272
222,0.002064458380614714,0.00014344250198126076,0.047824971564335614,1.1984172845412805e-07,0.9499314342098294,3.557350151056276e-05
223,3.978280664832126e-05,2.975977171432723e-05,0.027673446141742233,1.6814424653952182e-10,0.9711559059833839,0.0011011051283670178
224,0.00120182941120494,1.1430086257952232e-05,0.053889278629333834,9.896736148473838e-10,0.9432470029591917,0.001650457924338184
225,0.10792798649240115,0.0008886342214068434,0.6150747740909985,2.401186210854778e-07,0.2760007723576638,0.00010759271890854235
226,0.013766595482501628,0.0005435237897301782,0.018593537963811163,1.5965497850848765e-07,0.9666195763707276,0.0004766067382509726
227,0.0037457126287762936,3.662206361782018e-05,0.046430163456662656,3.0387607385313457e-09,0.948914617930924,0.0008728808812585534
228,8.907151509068365e-05,9.801312470889008e-05,0.007229131653968112,3.030440982159423e-09,0.9921505050576399,0.0004332756181513416
229,0.0016604676873332915,0.00020284442653547842,0.027671998379887333,2.3914825752756007e-07,0.9703645459990706,9.990435891590481e-05
230,0.0003083019830903122,5.926017020203626e-05,0.05791091495292145,3.992417732514404e-09,0.9414977184500799,0.00022380045128863273
231,0.0024375004378481067,1.2307726499263793e-05,0.10056209491177524,4.3702225265573435e-09,0.8957222626352924,0.001265829918362344
232,0.01539540182341149,3.1849864126371945e-05,0.01312740968165635,1.7034069482894015e-09,0.9702037009142763,0.001241636013122506
233,0.000873171652497817,2.2598325531961623e-05,0.021659524777025416,8.224114489387152e-10,0.9748528300391328,0.0025918743834004786
234,2.7948028038028358e-05,2.8067021624587718e-05,0.06080567125854396,2.2281833775081507e-10,0.93751981111453,0.001618502354445148
235,0.013310421937642588,3.2803796332093777e-05,0.002889324766589039,1.5633328248481586e-08,0.9819283418975147,0.001839091968593314
236,0.0017778663437528184,0.00031556044946539795,0.016379283400609967,1.7763592915740707e-07,0.981472460075672,5.465209457055246e-05
237,5.3438418689899834e-05,0.0001359094907244008,0.005879741866124258,6.131436981349539e-10,0.9937040615843776,0.00022684802694014205
238,8.205706137616288e-05,0.0006258589233481924,0.014955202090293178,2.8032167810589664e-09,0.9815091021168905,0.0028277770048750904
239,0.08719950315362616,0.00026078172315681196,0.10464497483547866,6.128431925836539e-08,0.8051149241469076,0.0027797548565114474
240,4.781618124547847e-05,0.0001500851359364242,0.012868808031955123,1.8166812592131196e-10,0.977387580024904,0.00954571044429082
241,0.0011640570789278285,1.111835574425857e-05,0.04217456341146595,1.3552658409767777e-10,0.9480620618095311,0.008588199208804175
242,0.0028440050103384924,0.0020883161264614674,0.11356443562322527,2.230238642349319e-09,0.8752386317961584,0.006264609213577756
243,0.00044125520571479144,0.00015459888208154137,0.00872905943746749,3.780594118408915e-08,0.9905648692182154,0.0001101794505795906
244,8.482088734584602e-05,9.279484500285719e-05,0.27266030099988736,7.250089642705678e-11,0.7182914985298777,0.00887058466538543
245,0.0001011773454550095,8.60761486630559e-05,0.003974398848027268,1.3769358894731162e-08,0.9957285903172188,0.00010974357127699484
246,0.0003391238429941293,0.00016038890753392192,0.01355473685088201,2.2388164592452627e-07,0.9859292571712109,1.626934573306649e-05
247,0.0034595946059281907,3.575910151939592e-05,0.05836461320032642,9.50558565226702e-10,0.9334508850591812,0.004689147082486362
248,0.028995602380965685,1.4168088661772201e-05,0.12516718797766815,3.100680782249811e-08,0.845509920089275,0.00031309045662170803
249,0.0002968649129098854,0.00011583469538481821,0.019325835342727617,1.824886192461902e-09,0.9776632441731192,0.002598219050972242
250,0.00012696103717828178,0.00010410703811192389,2.092900194769229e-11,0.01673098547898141,0.007860949904867387,0.975176996519932
251,0.005819390370588465,0.0002164722806890752,6.802924761236197e-05,0.17850431261286162,3.1918129009253046e-06,0.8153886036753475
252,0.0017417900575359662,0.00018479405617060545,0.0013066612851010614,0.11094293647812693,7.085931844371087e-07,0.885823109529881
253,0.0008715778615328689,0.0009278388013783541,3.849229158541686e-10,0.002935978612920065,0.005617058015525446,0.9896475463237203
254,0.0004537460985358756,4.497310252114939e-05,1.3094564708251085e-09,0.0019623951563690067,0.01359026785377204,0.9839486164793455
255,0.004153364750550462,0.0015329960175348499,0.002166547354335349,0.07302846932222658,4.392027565973507e-07,0.9191181833525962
256,0.00015634427282878657,0.00019323198333078307,5.797925203849551e-07,0.13001477913725798,3.2448017488953365e-05,0.8696026167965731
257,0.000403828598362168,2.3244320832872442e-05,2.0236534841050138e-10,0.013020513519812859,0.003587203964871696,0.9829652093937551
258,0.017509405973010785,5.796085868999401e-06,2.4254600748381502e-06,0.169634608526718,0.00010639514277828805,0.812741368811549
259,2.6546768011223807e-05,0.0005298285994139487,9.93940434492203e-10,0.003996903262543062,0.0014219328252594995,0.9940247875508317
260,4.584087225015765e-06,0.0006773026679692109,3.718894245937633e-12,0.0032654148543586154,0.014396859300727288,0.981655839086001
261,0.0023980913257971815,0.0002200080592912467,1.6384686778169846e-07,0.0026971533233177943,0.004089442392075945,0.99059514105265
262,1.8499181319825575e-05,0.002405976153786503,7.2360250081260775e-09,0.07277975424764213,0.003524737522041428,0.9212710256591851
263,0.00017444967939225504,0.00015430507900202528,9.484103613121599e-11,0.06008418348491145,0.005314562828040022,0.9342724988338132
264,0.010785995572592605,0.0001016323672233802,0.00010035196549992314,0.04503833002404823,5.163270298364327e-06,0.9439685268003375
265,0.032977830449745185,0.00026462901907794127,9.979030846397473e-09,0.2011457457910262,0.0006699714795065546,0.7649418132816131
266,4.312407515617945e-05,8.732386510038716e-05,1.408862203755202e-11,0.017742376136376598,0.014030581265419237,0.9680965946438589
267,7.940698656388098e-05,0.0022679774845712156,0.00017383176841416026,0.01582233639428202,1.5047084436282513e-06,0.9816549426577251
268,0.00023878877590436916,0.00012766947706300524,3.7882447669726686e-11,0.02068612302582152,0.0039070758575389716,0.9750403428257898
269,0.00010268960826119622,0.003105328383543842,2.644638721527803e-09,0.00889097125436502,0.004554394419851862,0.9833466136893394
270,0.00041830531439648096,1.6577771965750398e-05,8.427129347970887e-09,0.003956319926992131,0.00022631676205588991,0.9953824717974605
271,0.00020856306581732803,0.00012181704478656212,6.694018968208466e-10,0.038544877025500475,0.0009586765607014328,0.9601660656337924
272,0.0033928176244788903,0.0039101573235459835,1.8030433061940842e-08,0.021329928157684353,0.0010539530447965671,0.9703131258190612
273,0.001880832723301026,0.0001594832023776345,2.39574000765908e-07,0.12320421245594465,0.00014323205426127348,0.8746119999901146
274,0.001326973293211198,3.076123463588126e-05,2.165534635925426e-09,0.25993448079360393,0.0011461495741936292,0.7375616329388207
275,6.476775502772129e-05,4.802738661198187e-05,2.5275713227631233e-10,0.003574517529876264,0.0018804966496857505,0.9944321904260411
276,0.00022384904428831992,0.00022285575973323294,1.0254584009841706e-05,0.01137882092133872,1.129910736732031e-05,0.9881529205832627
277,0.0006008301017189188,0.00032047203458097006,1.7214630850263976e-05,0.05437311437788473,1.4307600799623013e-06,0.9446869380948851
278,0.04948859711611774,0.003282895019202987,1.6383312356011405e-06,0.034888739224347654,0.0002507189714997975,0.9120874113375963
279,0.0003605841772202907,0.00022597412489033894,4.969121662978654e-10,0.10903133214376644,0.0041297675332224466,0.8862523415239882
280,7.387716964594047e-05,9.794051511422839e-05,5.2736298453279484e-11,0.006649986354910576,0.0015299038254617734,0.9916482920821311
281,4.9823464539609254e-05,4.226828032369451e-05,9.112335750589475e-08,0.035714203027309405,3.66453604407455e-05,0.9641569687440291
282,0.0003288995258725644,0.0007740412406926405,6.3287120253788e-08,0.05934464703430001,0.00022870597413138658,0.9393236429378832
283,0.00031322873922278745,0.0001334238009742344,5.7765423298953897e-11,0.005938442790669931,0.009752212555077659,0.98386269205629
284,0.005273109006159243,3.0762218699655304e-05,0.0004015633787703451,0.07424830826797202,3.9086488028083845e-07,0.9200458662635185
285,0.00022095170369330636,0.0001835755236729846,0.002987672202421212,0.03497901814515458,6.991111815035718e-08,0.9616287125139398
286,9.981902872676904e-07,0.000623037378396007,3.3441485054565627e-12,0.0026537494009720923,0.016747760016738444,0.9799744550102619
287,0.003588911270306621,0.0019576175782824515,1.948772806898573e-08,0.3562102874474736,0.0004246341619476455,0.6378185300542617
288,0.002440721885512967,1.4520029839954778e-05,0.00018502520860961337,0.15901811808564723,6.210609070919494e-07,0.8383409937294831
289,3.2274192418224484e-05,0.0013342853970450786,4.2004968386747286e-10,0.005226408699670398,0.0055998923689912624,0.9878071389218254
290,0.00011654851316260514,0.0006313547228811118,0.0017403276418173647,0.010578046002666687,1.0029557038142966e-07,0.9869336228239018
291,0.0002895430921658468,0.003176370595387574,6.321986026965777e-08,0.10710653341064252,0.0004099147125385705,0.8890175749694053
292,0.00020813539538278895,0.00016342841025481614,2.9028387916588873e-05,0.29895278906085615,3.086817178090267e-07,0.7006463100638719
293,0.0035124803495069383,0.0011906117835207494,1.0125201130149747e-07,0.07606732092909671,0.001094773350322224,0.9181347123355421
294,9.737610916579396e-05,0.0010951510436958936,5.848919484284093e-09,0.05067091227716654,0.00129546884912726,0.9468410858719251
295,0.00015890038262591586,0.0013545174711688745,9.692337769635325e-10,0.001361034238553267,0.004336600377587408,0.9927889465608307
296,2.2317970385508198e-05,0.001107478676132755,1.7995151911112015e-10,0.004336464334858981,0.005405606964004407,0.9891281318746669
297,0.001398714089326123,0.005134182145670788,3.8015250544371287e-06,0.17637278958619082,1.653693957476407e-05,0.8170739757141832
298,0.00014828186596773168,0.0004853731967934448,0.0008901254804849754,0.8394160973938708,2.99483461775602e-07,0.15905982257942128
299,0.00011838299672315397,1.7776695140383976e-05,2.3104279298268143e-08,0.0069545977524435795,6.490054313002243e-05,0.9928443189082835
