,proba_0,proba_1,proba_2,proba_3,proba_4,proba_5
0,0.975514870110289,0.007642472371772931,0.003581102007814489,0.0024766288604636906,0.008727705002147463,0.002057221647512397
1,0.9690428911069731,0.005185249930499024,0.008853229982813876,0.003861555946060386,0.008922671067724118,0.004134401965929185
2,0.966217657320107,0.012050322731383466,0.0050966498599312885,0.005366892490159711,0.0050859509460096115,0.006182526652409195
3,0.7701792361979689,0.06905828631685601,0.020213924286734013,0.039478937607893096,0.059484426800241394,0.04158518879030618
4,0.8349532198155615,0.022669514061510427,0.01749996304240086,0.025893786035090825,0.04681404259922204,0.05216947444621417
5,0.9823858798810711,0.0030136533910302956,0.00461907237398469,0.0035186750354103545,0.004035265103329083,0.0024274542151743244
6,0.8056703762726225,0.12949000158889518,0.006914458801806741,0.01977803974763284,0.01780166160717214,0.020345461981870528
7,0.9044461192485952,0.05875970014811782,0.007343693239805558,0.008158601366139532,0.014609614703581335,0.006682271293760189
8,0.9610654020812298,0.024205014991606596,0.0036987855466851403,0.003429117586837587,0.0052238079649318415,0.0023778718287091726
9,0.9619394486014385,0.02356200120744923,0.0040913820065494955,0.0033983158494642236,0.0038838371064940274,0.0031250152286046635
10,0.9639141643554473,0.011475131448620269,0.004409523527318644,0.007256095328738482,0.00556839433216704,0.007376691007708302
11,0.9215028209060458,0.014447357098662947,0.007127428680792165,0.015312887414780946,0.011747039233186147,0.029862466666532275
12,0.9819679681168856,0.010537661474433486,0.0016959971976441741,0.0019315042192274245,0.0018000915672684028,0.0020667774245405317
13,0.9743502565201229,0.013553964747091331,0.003036329159009981,0.003588131991450477,0.0029293681969882746,0.0025419493853369355
14,0.903328424441953,0.04189924758534057,0.00836870919574037,0.009925256554472479,0.017278829305703916,0.01919953291678973
15,0.7195751665951047,0.05261608627871484,0.027484852579572536,0.055919053057336326,0.06490893424883257,0.07949590724043867
16,0.9822519669655907,0.005426984939725752,0.0020187968457034988,0.004012818483157833,0.0024936127372373515,0.0037958200285848494
17,0.960410567408681,0.007546977034020543,0.014462846757410792,0.0051516951923706545,0.009070002781173111,0.0033579108263438787
18,0.9180996602706357,0.017434343793873285,0.015023995367973563,0.014227537678090789,0.021529732052452084,0.013684730836974938
19,0.8237210375467992,0.10042387671613373,0.01353217608595339,0.01040187943338512,0.029576262199873207,0.0223447680178552
20,0.865743720927027,0.05648049596591823,0.01532874588163004,0.025710929884648438,0.01733138598091351,0.019404721359862945
21,0.8732937427142998,0.01928790559440081,0.012259984814100679,0.022810984738317087,0.025004784617619024,0.047342597521262325
22,0.8488787705722403,0.03435440318851654,0.025111191899179392,0.023195340710595973,0.03936612903875783,0.02909416459070996
23,0.9775542828669268,0.01252231937713271,0.0015731756854350458,0.002724672127700861,0.0027478998486156533,0.002877650094188441
24,0.7345604242627528,0.16920432897342347,0.018011915893353984,0.016760853129691635,0.04376366362314138,0.01769881411763686
25,0.8514683769455708,0.02084660324525473,0.040210058922131656,0.03088322617179171,0.021231630753830565,0.03536010396142045
26,0.9755837907256193,0.0062312870767244856,0.0025728664204556608,0.005484224939747826,0.004024841917402732,0.006102988920049489
27,0.9641238525051871,0.015886069672708458,0.0043432039031357185,0.004631465545720182,0.005874670788192629,0.005140737585056184
28,0.9700357844712985,0.015992346463051966,0.004129742049834517,0.0027489896784711975,0.003282845602767309,0.003810291734576506
29,0.9775755978265038,0.00420014111399109,0.0040515615797883636,0.005576776379874892,0.0038429465919186303,0.004752976507922691
30,0.9947644668360321,0.00205574117096685,0.0007037576053574055,0.001075234514935672,0.000629926095539445,0.0007708737771685098
31,0.9869359591572042,0.006856340802474435,0.0018872675870275932,0.001694430322185211,0.0015743938235648293,0.0010516083075433203
32,0.8427203093598761,0.03186718553300607,0.017970143745664812,0.02184935003290202,0.05140753299654935,0.03418547833200155
33,0.8820405656722573,0.01734652513388416,0.019999888830726092,0.01807775605831045,0.038912987258243124,0.023622277046578675
34,0.9203240318972262,0.019380908280447213,0.015912676363531598,0.012213802024239748,0.021722921191633597,0.010445660242921475
35,0.9651337785967569,0.006817087133952016,0.006287046707346468,0.005175591381921201,0.010392297508394752,0.006194198671628925
36,0.6751154432725172,0.11650882590369485,0.03817086115228015,0.018662316552422602,0.11721182188014281,0.03433073123894242
37,0.9412906737815394,0.010317026555884025,0.005163713754559178,0.011607218268556702,0.01460752481285266,0.017013842826607947
38,0.856314416570385,0.09743492761488533,0.009734504067859025,0.009983206214645254,0.014083842810711232,0.012449102721514048
39,0.8735651808526522,0.0377827837358651,0.01734294246357603,0.010472705944070354,0.04197013174687296,0.01886625525696351
40,0.7186589502364163,0.19404679971711,0.01586783062165613,0.017388742910148698,0.03329163249189004,0.020746044022778867
41,0.6150462922976438,0.10451769015572149,0.036182108644733015,0.04017158768714695,0.15459548913040017,0.04948683208435502
42,0.8591091471951796,0.10078382638780693,0.011052289369239082,0.005884487114722471,0.01635658693789664,0.0068136629951558
43,0.7206045283233687,0.028162136017037466,0.018908834833701565,0.061733520581311575,0.041166973888073166,0.1294240063565077
44,0.9326226674027375,0.018230072743748178,0.006531351983219666,0.017131107407986366,0.007752548685226978,0.01773225177708136
45,0.9267816563179846,0.033145351677725525,0.00828334619612672,0.005163977463379233,0.019808097030723306,0.006817571314061039
46,0.9100829747124696,0.03618464523005818,0.006906532735320678,0.009773626099195154,0.02529699049379159,0.011755230729164892
47,0.9711054540569721,0.006260148615688573,0.007651516588648254,0.00392050244671889,0.007893298547518239,0.0031690797444538193
48,0.9738175698263781,0.008835220681867642,0.006816210553937132,0.0022681487734488737,0.005804530856389444,0.0024583193079787675
49,0.9905476188193646,0.0019886584847133154,0.002542576245465106,0.0016101898675796081,0.002253174605859496,0.001057781977017924
50,0.02443621068341154,0.9288829196970171,0.010786566930691958,0.010307939940947865,0.012665607164230524,0.012920755583701114
51,0.007350461881694387,0.9647827996494607,0.006830243825621325,0.0060561535742067185,0.008616135745626662,0.0063642053233905664
52,0.06917755744995764,0.8578877404714299,0.014931843339680012,0.012179453817040416,0.02990642768497431,0.015916977236917644
53,0.010924000097119914,0.9380024650744462,0.011330654583287011,0.01061280585957417,0.01652736596679834,0.012602708418774226
54,0.011507411598119263,0.9514712643005728,0.006861250924288134,0.008741723141590163,0.009120822528397464,0.012297527507032198
55,0.007293192402117994,0.9634884536513656,0.005564055959799672,0.006913555934000067,0.008929891647616171,0.007810850405100226
56,0.007087779088809838,0.9531582353669812,0.010289763496499307,0.0072738022406504494,0.014239813608661145,0.00795060619839803
57,0.02862735261378379,0.9218868251333785,0.009960144349158184,0.012771558179031606,0.013380352767989689,0.013373766956658288
58,0.015074665873844952,0.9585952111579176,0.0060732452329378675,0.004380251021315126,0.009244488656362295,0.006632138057621979
59,0.03746464454825362,0.908341790629102,0.010226639558155507,0.012603677260060142,0.01461760474714456,0.016745643257283914
60,0.026509691843742442,0.9073194642993268,0.011174249015877354,0.014528769338942782,0.016168773989852173,0.02429905151225874
61,0.023630267239577896,0.9370448820440709,0.00983248154867022,0.0076904423818031096,0.012032012164360168,0.009769914621517441
62,0.009242557620955822,0.9624439348197205,0.006474992451545522,0.005727192018411966,0.009475342859454885,0.0066359802299109745
63,0.038870769456340715,0.9326697057231259,0.005445284255000312,0.006362735035518797,0.009326453352379454,0.0073250521776348915
64,0.047112451671512866,0.8876369761079803,0.014645282201024895,0.01389117498394386,0.021421466722836572,0.015292648312701678
65,0.030327714738443354,0.9082724435645897,0.010530282433854593,0.013299375083735323,0.018362857755354157,0.01920732642402271
66,0.0058538976784424735,0.9673273476900865,0.006782905225481117,0.005572743355762105,0.009191218790770742,0.005271887259457004
67,0.015163447644965607,0.9581840214610968,0.006070610585193561,0.005064719607710977,0.00923079927877255,0.006286401422260581
68,0.023226950899481947,0.9516143364782927,0.0069316717711804905,0.004865863322497895,0.008389246131080962,0.004971931397466049
69,0.019521162227351063,0.9500086004740214,0.006189245680137929,0.006554605272625227,0.009906535680912099,0.007819850664952247
70,0.011176416852383405,0.9377600825557606,0.012382051190407738,0.010490419455072892,0.015491428008620313,0.012699601937755253
71,0.014240965996997378,0.9447694479902992,0.01085699725844332,0.007250134058780458,0.013983185238888812,0.008899269456590858
72,0.056870063847168854,0.902842046916016,0.008896526634377854,0.00907599442989211,0.011698611705523292,0.010616756467021917
73,0.01446679368385272,0.9604740763342764,0.004741763640269343,0.005457258422728796,0.007443364371311917,0.007416743547560695
74,0.015551163951128044,0.9649739593281922,0.004443755032535661,0.004086241800946768,0.006195063232485644,0.0047498166547114695
75,0.015710595249952986,0.9505768654614465,0.008440753227906295,0.005500581039676951,0.01154558292164786,0.008225622099369303
76,0.014517962227183283,0.9568172511134709,0.005853420533304141,0.005976416100322086,0.009959468655558691,0.0068754813701613045
77,0.02498523239550218,0.941601251563212,0.0072267276827920855,0.006741924779661489,0.010492853476039773,0.008952010102792696
78,0.013796494952231972,0.9583814572612761,0.006938025833260255,0.006011704034431161,0.008697059423425796,0.006175258495374971
79,0.010962725261353778,0.9589833422442898,0.006856646076843593,0.0052436752610332624,0.010223727243051928,0.007729883913427589
80,0.00965155910411434,0.9506608815233593,0.00783365910934889,0.009335899161609323,0.010618997396445298,0.011899003705123095
81,0.019178102951694292,0.9511660013153378,0.006013054583230373,0.006274843099989565,0.010045484301743072,0.007322513748004751
82,0.021312424188814044,0.9376370729124085,0.00955527430309481,0.0072126752038071664,0.01530239785417376,0.008980155537701578
83,0.011683011233828828,0.9420481175906448,0.007218758760180741,0.01061690904181187,0.010775958826382888,0.017657244547151254
84,0.04388704544241268,0.9156309748003969,0.009173379300023937,0.007266300630269959,0.016632415873584293,0.007409883953311936
85,0.007118741337568231,0.9683841886335826,0.005384804605397982,0.005415815205947766,0.0071213001694255896,0.006575150048077646
86,0.013333181417496297,0.9586236012912792,0.005748244181032997,0.00581235479885517,0.009624831626640533,0.006857786684695799
87,0.0032454782134427955,0.9821744475883921,0.0034563050156896226,0.003099253855563335,0.004777478423657904,0.0032470369032539356
88,0.018937471178892502,0.9119885620377157,0.0133098452826919,0.018953065765197834,0.017641812586656223,0.019169243148845477
89,0.00788770492867987,0.9445721444102375,0.010102273544985435,0.01321482686057213,0.011186543442722808,0.0130365068128015
90,0.014403296007131652,0.9394708537699127,0.008881018906501139,0.012527573870168238,0.009120052286185521,0.015597205160100614
91,0.014423038769112185,0.9549208349628483,0.0061816140673489626,0.006246803934459791,0.009944279389361486,0.008283428876869349
92,0.10547657715463518,0.8558211446424745,0.008116109057480383,0.008970887424855042,0.01064105456391785,0.010974227156636969
93,0.014779204962102874,0.9502395105008609,0.007646374157726616,0.006189677624697402,0.012980733832967387,0.008164498921644751
94,0.0767656659707007,0.8678219761249305,0.01041766826452362,0.016662888947892036,0.013275333534608556,0.015056467157344537
95,0.0055828767290853915,0.9587957371196864,0.006787194432517941,0.009048119010267315,0.008692179943527178,0.011093892764915599
96,0.04231152405710649,0.8958427908671622,0.014860707548431515,0.013309186976157537,0.01909959147400226,0.014576199077139824
97,0.009916069753405855,0.9438088136787299,0.006820836572389805,0.011976162178584814,0.009952980963297688,0.017525136853591906
98,0.009793498595105598,0.9528219446638075,0.007393699407335628,0.008498267128188193,0.009916713124375746,0.01157587708118691
99,0.026063641288384978,0.9123929618406164,0.011559234491107942,0.016021443606335763,0.016561584483159517,0.01740113429039558
100,0.011886393947269269,0.006698398098610097,0.5837496560258374,0.0111287468002922,0.37215354245171794,0.014383262676273188
101,0.0016008155260528783,0.0012044836500005106,0.9132880098872795,0.012959309863298381,0.06595830170144018,0.004989079371928255
102,0.005570304738233142,0.004907132874589923,0.7187541532015778,0.018056834235592276,0.23654171588626943,0.016169859063737586
103,0.006349256447558197,0.005202135430450607,0.7661752007986546,0.012642152592515362,0.19977815574760321,0.009853098983218171
104,0.00242857691454444,0.002144634127931127,0.8807836804424519,0.014128410413943427,0.0910281375999243,0.009486560501204718
105,0.012388520764254136,0.006635559568007963,0.733142592728726,0.03735013163226695,0.1889672505991205,0.021515944707624232
106,0.03180079876733592,0.01595332682375933,0.6523937270497857,0.02163595718508934,0.2610341294773638,0.017182060696665717
107,0.0006359556763320313,0.000982297615134596,0.9280387365782444,0.006141624100643687,0.06078712001246974,0.003414266017175862
108,0.006469311628538814,0.0038326213653298658,0.7554122204286405,0.014121081568354005,0.21031303922073938,0.009851725788397039
109,0.001485392214308853,0.0013462902451690064,0.8547938750406316,0.015277213117162822,0.12140951103711654,0.0056877183456113525
110,0.13270082575331404,0.023287267100339078,0.4080171072397581,0.037667812369833784,0.3598202073590357,0.03850678017771939
111,0.00906700460646882,0.004159795652256818,0.8659193286290586,0.01462992901017919,0.09972318850915672,0.006500753592879504
112,0.0045359064379380185,0.002578802487353495,0.8512280159148631,0.015243499576096949,0.1195030196881637,0.006910755895585103
113,0.0075790590403799485,0.004539720165796937,0.7923234726062055,0.014843582464200073,0.17204732409475332,0.008666841628664546
114,0.0014357020996499997,0.001330679065442896,0.8588990818432289,0.005983817426707558,0.12892670893632616,0.003424010628644555
115,0.006326062942066998,0.003979197026620016,0.777714306314594,0.024599117788591363,0.17429866528130852,0.013082650646818997
116,0.003199392566534261,0.0033844989964203413,0.8308827850203204,0.013224924089036092,0.1424820334384713,0.0068263658892173725
117,0.06559138670340123,0.019012128115734283,0.600547451413601,0.032224418852277927,0.24862350302813863,0.03400111188684669
118,0.0019107570917057132,0.0015189739621798203,0.8919141152261467,0.010658829737980043,0.08927502523052036,0.004722298751467056
119,0.010587493379848809,0.006055497175026049,0.7873491319213635,0.019308278415898147,0.16225174822950816,0.014447850878355959
120,0.005601850605973898,0.002242478893170834,0.8697948853454839,0.01062201536545519,0.10547961790877579,0.00625915188114049
121,0.003978243102927349,0.001703311516800865,0.7873903436657526,0.021691942163378584,0.177448542604549,0.007787616946591637
122,0.0015130513386444333,0.0011223759792066716,0.8937737976477315,0.008026644291637164,0.09202133609679589,0.0035427946459841183
123,0.015650486695443066,0.01110076573760472,0.6764430697180002,0.03445026531791222,0.22559417020646216,0.03676124232457752
124,0.1859331586719774,0.022864697074156337,0.471312804882474,0.04914820453788454,0.23824487207202233,0.032496262761485616
125,0.030325827312278543,0.013676516076434317,0.6129255086840983,0.02309215935418864,0.30152439600465036,0.018455592568349735
126,0.0037462140963130147,0.0023535544058541744,0.8401292955902615,0.01557589876358426,0.13180671020917695,0.006388326934809905
127,0.07284387625676747,0.011588011288977369,0.6057854126754886,0.02492579462478405,0.2705086200304458,0.014348285123536551
128,0.009321900031415305,0.005842994525344756,0.7540018641407377,0.011191045097602784,0.2096588762539666,0.00998331995093311
129,0.014817507509118479,0.00503972154366285,0.7626817324114052,0.024054448060353714,0.17974648460451423,0.013660105870945566
130,0.0028737547136476476,0.002135985634954348,0.8337580379099205,0.013034105273260389,0.141534657271152,0.006663459197064988
131,0.001751781801766001,0.0022088246843879064,0.8758567463038097,0.00970164451790033,0.10532890905890953,0.00515209363322697
132,0.011171769438333848,0.0034608170563839454,0.7089838220914724,0.02635808256915344,0.23670058221831128,0.013324926626345513
133,0.007012567727985564,0.0045028390288067485,0.8250398331622435,0.026571724652654366,0.12251952538399781,0.014353510044311594
134,0.005271576415548073,0.0033560142037626205,0.805133412636827,0.021030254097147295,0.15508057675491557,0.010128165891799623
135,0.04640583170196066,0.011837979741062111,0.6180263191876514,0.034313740843905434,0.25159224169558897,0.03782388682983167
136,0.037478147663110986,0.017231512433340028,0.6190496384263017,0.04617945431998854,0.2443889698716824,0.03567227728557633
137,0.02592200020938067,0.011186850580873667,0.7833063064276642,0.023768900117063764,0.14051284629700678,0.015303096368011132
138,0.0010828966483115016,0.0011269060942425242,0.883914717463355,0.006635059480234762,0.1037507610566611,0.0034896592571951788
139,0.010078320645699126,0.00716005378145035,0.7862099466614841,0.013291927804759596,0.17522091195470024,0.008038839151906318
140,0.009821414205093398,0.004530946118875503,0.8114340235935006,0.015608649643612428,0.15048467035637836,0.008120296082539955
141,0.0032636211074798254,0.0029376768781212248,0.8030256697918053,0.01131971074898211,0.17234670514236455,0.007106616331247038
142,0.024977709205353554,0.010801606604951615,0.6902009243937014,0.01646117024430997,0.2444123865491238,0.013146203002559687
143,0.0026685022432772886,0.0019057483780793192,0.8577541125215118,0.01036978726112405,0.12081795176709388,0.006483897828913775
144,0.015533006708555742,0.008651763129115628,0.6101499823369206,0.020853106939695536,0.328582313111502,0.016229827774210608
145,0.016029521346330785,0.006319827350868795,0.7960476554870467,0.014821372702009835,0.15532697592885591,0.01145464718488833
146,0.012376118879244367,0.00493442501050539,0.8245988366510378,0.017951466954330305,0.12803844488368737,0.012100707621194251
147,0.02970985452719846,0.008510986742863332,0.750581808254902,0.02530901455404809,0.16877036064807321,0.017117975272915188
148,0.017969391112525292,0.006614302380338386,0.7616144067955172,0.018134297792912903,0.18313402856348546,0.012533573355221038
149,0.0024415253436514384,0.001990563921198008,0.8405791405018488,0.009884574447246521,0.14050496019636313,0.0045992355896918285
150,0.03767497618199865,0.017734718588881506,0.05056434554970566,0.5623442979168674,0.03247122137866545,0.29921044038388156
151,0.00423661681316656,0.003769350245832811,0.03981487895025743,0.650524871260933,0.02153270655301208,0.2801215761767979
152,0.009703179794800579,0.004626969360200751,0.028330362034791518,0.5910832407660307,0.023220898441304767,0.3430353496028718
153,0.0060660911407301255,0.004540189415980668,0.02435476610530371,0.5845153868482764,0.012360961989059342,0.36816260450064947
154,0.003176302639518311,0.0019133476758882628,0.02593002929563131,0.7565665786515999,0.008343242258666292,0.2040704994786957
155,0.003983129228304412,0.0023954476740054875,0.02460976052387819,0.7059813171811318,0.008466270372678872,0.25456407502000117
156,0.004941795238663301,0.0027236253989617637,0.025430759124767333,0.6716858713581132,0.011351747919770533,0.28386620095972387
157,0.002475263199514993,0.0021838804429179697,0.022908862152944402,0.7407101315683094,0.008726217866090489,0.22299564477022282
158,0.006284938591471879,0.008287237127231898,0.010967091782882837,0.6373984613988518,0.006940601840125608,0.33012166925943587
159,0.0035589229344908774,0.0021458875156907383,0.013798108435432332,0.7698251252056997,0.005659432878492621,0.20501252303019363
160,0.008387814934202127,0.004699481933924627,0.018464656484122512,0.6882076169786497,0.013198463238587305,0.2670419664305133
161,0.03108415401459699,0.012932385767978288,0.039295555333832895,0.623502081050602,0.021632454210214945,0.2715533696227752
162,0.0034248999949239227,0.0036293911035886824,0.020770079772934002,0.7237986638002507,0.010318546513302449,0.23805841881500006
163,0.005972151583856488,0.006265457298795402,0.021363682932879758,0.5805365772322174,0.01698538482042349,0.36887674613182725
164,0.014019392350155731,0.008361150840934974,0.02310939462414515,0.6641411229891075,0.017424337096793165,0.2729446020988635
165,0.009245593660369408,0.004272119882049372,0.016604430740222536,0.7605715378513208,0.007357839745350803,0.2019484781206871
166,0.03945591348221069,0.008376276236136636,0.025082554336129742,0.5785593636399672,0.01823486432759826,0.3302910279779573
167,0.0048769946061901805,0.002975872543530476,0.02234780640667344,0.6858082879405472,0.01145872905108637,0.27253230945197254
168,0.0031459159262767424,0.002290665175454517,0.014736694863463684,0.689489869567478,0.005218662022985818,0.2851181924443412
169,0.0045339607070813805,0.0035936294235339276,0.019681008907449678,0.7407484317241487,0.009585067565165088,0.22185790167262115
170,0.00241006571098713,0.0017144880474671326,0.0201363701409481,0.7560808896191519,0.006503116209552847,0.21315507027189293
171,0.0031463734324057324,0.0019010859174276855,0.019644768638107383,0.7791071212806389,0.006840347156320188,0.1893603035750997
172,0.01921071673322648,0.006504324926140388,0.018379828782717832,0.3892556186241644,0.020252277969188815,0.5463972329645622
173,0.010626815225997323,0.0028704412393904238,0.028709596111652982,0.6464802648789724,0.012267940041440724,0.29904494250254593
174,0.004608792325000833,0.0025641649074783337,0.023871417262829528,0.6675062235559892,0.009652971930182988,0.2917964300185189
175,0.0032996276063569524,0.0029387469068468844,0.013089574523444393,0.7648551366957127,0.006253185096335051,0.2095637291713042
176,0.008832539014148752,0.004117923687412084,0.027527649476915075,0.6158800945668488,0.019508865272810264,0.3241329279818652
177,0.0016417595638514235,0.0021058665911108717,0.016201875026863308,0.8146544894425561,0.0063961923486881,0.1589998170269299
178,0.0015422458145113488,0.0010034418336970182,0.021655212284803035,0.8178377357711816,0.00521131407742145,0.15275005021838536
179,0.005492661882006399,0.004039915769946108,0.020193972430048803,0.6817379640579619,0.014759663895069806,0.2737758219649669
180,0.18213496706060225,0.019471866070386024,0.04184506978502723,0.39660776759383815,0.03672544371235277,0.3232148857777934
181,0.009652839267054186,0.005484716933202154,0.031927348366611576,0.6380272475793165,0.018850005265256972,0.2960578425885587
182,0.058707250853918175,0.018667247376231735,0.03932538117498343,0.5780094596570196,0.03336250708063985,0.2719281538572074
183,0.002173202452151771,0.0021886833399804655,0.016847754343297983,0.6865627944789505,0.00709039418922428,0.28513717119639476
184,0.0029411284642345686,0.0022763687603724048,0.020828033728381157,0.763488468011231,0.00742656449622213,0.2030394365395589
185,0.004867454946062605,0.0024073899903965267,0.025380751214785714,0.6962179775715257,0.010980225901097096,0.26014620037613245
186,0.0020490081894676076,0.002087537409185663,0.023733773484958226,0.7584834349637481,0.009135344173094974,0.20451090177954526
187,0.17550021866393148,0.03415127730642233,0.03570764793870851,0.5130785962583692,0.028344631348101217,0.21321762848446735
188,0.015121152062860597,0.006690625968705003,0.03674125375755689,0.646310306095377,0.021527018852384713,0.27360964326311554
189,0.0034198146722304247,0.002848456157535845,0.01939284602015396,0.6610736236649841,0.007788901604676534,0.30547635788041916
190,0.003203418082981103,0.0024594078449136753,0.01854732460309471,0.757143987471347,0.007422910316252097,0.21122295168141106
191,0.007697105426937288,0.0039440818254812635,0.025078039003407358,0.7448503761824737,0.015913796548418804,0.20251660101328145
192,0.0021503927558389636,0.002162572597497029,0.020734194620115914,0.7595054692685804,0.0064777176096655915,0.20896965314830174
193,0.0019826446187609075,0.0013161465183669277,0.025063736734336532,0.7389830514130985,0.005861988063946843,0.22679243265149043
194,0.06434479281482879,0.023195770104110124,0.04546119149000504,0.5196931105313229,0.04057989010428544,0.3067252449554477
195,0.0175791153525594,0.005526147781364059,0.028725978292887023,0.6963043337443399,0.015223917081523734,0.2366405077473262
196,0.006337009924766035,0.002660844354373701,0.03245185709628992,0.7292025388038955,0.01587575479880286,0.21347199502187195
197,0.011936110494031194,0.0067787022966701955,0.025318622359687598,0.520978833881338,0.025486681727008745,0.4095010492412647
198,0.0011730713520709485,0.0011425041207111617,0.023289765213906504,0.7912291315099359,0.006570835566694395,0.17659469223668117
199,0.005154709534079948,0.0052290001449574845,0.02458783539036337,0.7154923503970998,0.015173831184213353,0.23436227334928642
200,0.02722323882027422,0.025998928782072328,0.08374696580556398,0.009190210216924878,0.841900051782843,0.011940604592321637
201,0.00734925676065564,0.005759953745586311,0.2473146506275701,0.006410591435294484,0.7271632674039221,0.0060022800269708436
202,0.010536281822618664,0.0062813526928357346,0.13957506710358003,0.01711205569822942,0.8036366371392603,0.02285860554347586
203,0.004972603421417892,0.003133282310067301,0.1523693413926251,0.004402314952371719,0.8306703132851041,0.004452144638413709
204,0.007800199190335538,0.004221316279162989,0.2823375616321028,0.007248135949864372,0.6917258272548685,0.0066669596936659165
205,0.005066213250772877,0.005399781407630288,0.06295778349058398,0.003985262772804944,0.918258842333189,0.00433211674501937
206,0.00440188774704863,0.0028921683971489423,0.08148226254992195,0.0032039364495823506,0.9044835452925577,0.003536199563740712
207,0.00814858814918587,0.0044699962648008995,0.17612352660732944,0.007187988644480411,0.7979756810386326,0.0060942192955706345
208,0.005292308851351304,0.003968197572251031,0.07920737002804147,0.004074432729571676,0.902635832624136,0.004821858194648549
209,0.015951657857493768,0.011432117914451801,0.07784735546285988,0.006611259293269745,0.8814230824615873,0.006734527010337424
210,0.0085523094046619,0.004824971837130792,0.10541382979074854,0.004348433970919333,0.8724341549228602,0.004426300073679077
211,0.005713684839658547,0.003807641089666734,0.1648860644648207,0.004352357701583222,0.8172824151380269,0.003957836766243829
212,0.004180369696115979,0.004549141930720733,0.04426686225432041,0.0023290334308643506,0.9418122840828983,0.0028623086050801466
213,0.03223242816064812,0.008888453320551559,0.2917200155487057,0.04255514067751084,0.581976128175673,0.04262783411691056
214,0.026113519499663302,0.012370316959800499,0.13115328213557917,0.014577673198909043,0.7985222740792284,0.017262934126819552
215,0.08823669716545107,0.017107804797244486,0.2956507718266821,0.04353740887854706,0.501836444403618,0.053630872928457175
216,0.0055818686577160485,0.006364743587178205,0.12520450918621692,0.008261264661776681,0.8419280461718713,0.012659567735240773
217,0.05282175382893568,0.03150360866874943,0.092697389115431,0.0117798337948275,0.7936841112183978,0.017513303373658244
218,0.217767985246512,0.047077273959492225,0.08476073983636978,0.021820705304608112,0.6061660495490357,0.02240724610398247
219,0.02351954326542973,0.007266552114691526,0.1612957408952194,0.01039212052811135,0.7859587763886697,0.01156726680787819
220,0.08686380912924428,0.06456748422732092,0.10635637980043225,0.01887543462069965,0.7064141776280162,0.016922714594286806
221,0.017662407449666587,0.006285601168678168,0.40655354071656197,0.05165747890424629,0.464155044923592,0.053685926837254996
222,0.014184592745584484,0.008638403293925904,0.06545540677498317,0.007116948166282903,0.8971114608608216,0.007493188158402442
223,0.00763915069112566,0.004290199866771236,0.14511449427044942,0.008577532498546451,0.8222215766517824,0.012157046021324742
224,0.0077308878643367425,0.0043434240159180145,0.14043806045699142,0.006514484659981328,0.8326870745010535,0.008286068501719186
225,0.03465093447220421,0.018582624701498383,0.13547517837448944,0.010645476314637197,0.7918302529378436,0.008815533199327444
226,0.08020274311684915,0.025007799458066342,0.12098552848969547,0.015844650727929826,0.7415129534683067,0.01644632473915243
227,0.0030704974160498597,0.002967779685978374,0.13438129736692322,0.0037339266393046923,0.8521607512990582,0.0036857475926853392
228,0.005918050805139421,0.00798709040085968,0.1023008987920118,0.005831811007966386,0.8730144539656328,0.00494769502838979
229,0.012748397988161258,0.012629726598279538,0.14824431932841214,0.007229443554078617,0.8116190119841955,0.007529100546873098
230,0.01548848460409361,0.00597643189813936,0.11887583585860566,0.012169874998913168,0.8327802949973467,0.014709077642901549
231,0.005437369862658288,0.0036169548878203206,0.21281330195483958,0.0044712894402122085,0.7687942936270449,0.0048667902274244865
232,0.007124007224859121,0.006007438487259675,0.07184620835860166,0.004917746286168728,0.9032705407432855,0.006834058899825188
233,0.017494250597706672,0.01364870711859743,0.11358424593013786,0.013163662226410345,0.8256549723194055,0.01645416180774194
234,0.0060621509186938516,0.0033449844012564474,0.13343515528884453,0.006859541371598376,0.8447372026622355,0.005560965357371133
235,0.027751259901052264,0.011673435939650438,0.11698083828484535,0.01542784957744483,0.8103768736837839,0.017789742613223497
236,0.010346923176091743,0.007376769950206902,0.10063206825384845,0.006408266154559269,0.8693734638585827,0.005862508606710838
237,0.002842011050714977,0.0031785905870736417,0.04032862056928615,0.0024333961500928067,0.947759789076748,0.0034575925660844703
238,0.02789413553749962,0.02133442031116151,0.12236769808869966,0.010037968494585627,0.8097862263735333,0.008579551194520214
239,0.0392514712336942,0.011001379536362363,0.6121843934731123,0.034761282567458515,0.2823919719555228,0.020409501233850345
240,0.010182129214216039,0.015629585340681422,0.11205546142363387,0.00773420176363426,0.847215577008368,0.007183045249466238
241,0.006203370111026151,0.0034811937757640104,0.20917546168724574,0.00853312382365499,0.7642390398444209,0.00836781075788849
242,0.006860638393563825,0.006597109373317565,0.41356689078344244,0.009533449050468774,0.5536858818411972,0.009756030558010227
243,0.0059508227093764765,0.005744293794859064,0.1050358429730392,0.004893346238859579,0.8739493038305304,0.004426390453335314
244,0.008119599653675527,0.005686199305345706,0.3296591476599264,0.010946931637337709,0.6355494930361407,0.010038628707573995
245,0.006709361490033716,0.0048313331583351065,0.07285834267114571,0.005011420154546368,0.9044925759238152,0.006096966602123725
246,0.006266155168934438,0.004239500682409766,0.047252361878097345,0.003576608352747063,0.9341659290921055,0.0044994448257058796
247,0.014073694210241868,0.009544956225459358,0.07177823237069636,0.005994633007807408,0.8924609968977081,0.006147487288086804
248,0.007785122959646949,0.005214983334759514,0.09828968379918765,0.0048307820942730855,0.8765951212721464,0.007284306539986382
249,0.008385551931650363,0.009943015663763205,0.04533891423724402,0.004366320050538202,0.9270057526397683,0.004960445477036188
250,0.012671786053790123,0.0062322443237975015,0.004980450997119505,0.1823789962366039,0.006114784910342678,0.7876217374783461
251,0.03696490330683901,0.009890926905119436,0.026454418358964827,0.3396101781561391,0.029404087548307225,0.5576754857246303
252,0.012238111738430316,0.005233933359829241,0.00908393081761209,0.20175874369012436,0.008942620537123545,0.7627426598568803
253,0.018489811938408773,0.004900127678131817,0.006816560410516247,0.1827378594141338,0.009377654155595973,0.7776779864032134
254,0.02232705399431721,0.006909348622391467,0.00624879201640301,0.1667717230713071,0.006884795302587505,0.7908582869929935
255,0.019172696172478933,0.010141805993757762,0.0068577703819338205,0.17318171939860358,0.010439644292332422,0.7802063637608931
256,0.01308573920334244,0.006981233056309448,0.011571307036557867,0.2212919568008641,0.018339176393943283,0.7287305875089827
257,0.00729405038238953,0.0023771199544329307,0.0034708341963446284,0.2001125398216691,0.0026642241233855515,0.7840812315217783
258,0.014461574830663522,0.0037028131436930866,0.03376282608049715,0.33190792491925586,0.03601376094018722,0.5801511000857028
259,0.010865942003422346,0.005409262257237734,0.008980568415894404,0.17909765538564443,0.01378347440467366,0.7818630975331279
260,0.004539278585140138,0.0029366459971772946,0.002942797686994066,0.15552601087383297,0.0031864339237262507,0.8308688329331292
261,0.15991366153665984,0.019551704877841823,0.019181138145775618,0.1795335085877524,0.025086521688402152,0.5967334651635684
262,0.005764276326583622,0.004334118005585248,0.00441343528074292,0.2810904646105269,0.004100036938848618,0.700297668837713
263,0.02144889185705569,0.009048050543404917,0.009441581986406542,0.25664236402930196,0.009401599252903686,0.6940175123309269
264,0.022545542953002325,0.009420999927841867,0.03396262906366347,0.3599776688789533,0.029481244427157282,0.5446119147493818
265,0.07520256322323175,0.011315782014127152,0.01443056132723862,0.2848859020857615,0.014325484707504317,0.5998397066421362
266,0.006728187311123883,0.005652393171941308,0.004632832313356993,0.19573676446887006,0.006091123010056842,0.7811586997246511
267,0.010930134300335386,0.006317998063387601,0.009662945815940158,0.17248502033668991,0.011322942438929758,0.7892809590447171
268,0.014313167805566617,0.006799669753906892,0.006633724591445207,0.2736107221251826,0.006767715838779265,0.6918749998851197
269,0.008864612314475273,0.007886108361001115,0.003965944854185971,0.16993698618141434,0.0042313784749373196,0.8051149698139862
270,0.00871465911722586,0.00413351993765735,0.004296186464065235,0.13463122943339073,0.0053644294010773376,0.8428599756465835
271,0.005127735650461738,0.0033127927689093903,0.0052539545724120205,0.2117119493286492,0.005807852934868138,0.7687857147446991
272,0.11088729907445283,0.02497822658038667,0.013318465267517886,0.24843610140793612,0.019083765885320684,0.583296141784386
273,0.056871226092559936,0.012564854899333514,0.016560224405965194,0.27908693712677224,0.027332001002711475,0.6075847564726579
274,0.01240429476315364,0.004168806546112052,0.010165406439290512,0.38936001699120376,0.011572443458795477,0.5723290318014448
275,0.007426334958301303,0.0037891893224338102,0.005783260334275291,0.2181672663306761,0.005362072859360948,0.7594718761949526
276,0.012634904317991026,0.006721091266913352,0.008420713534408096,0.1864600298148742,0.008151100195457376,0.7776121608703559
277,0.007394302325573597,0.005808499255361077,0.014141927236046096,0.22526819913346888,0.022390080760092933,0.7249969912894574
278,0.03007324104964137,0.011393525906416888,0.028656507403355878,0.439435745283993,0.04750824641620063,0.44293273394039234
279,0.0063157047556796,0.004272914320968432,0.007301789851921369,0.39423926010067745,0.005333294338851406,0.5825370366319016
280,0.011178789024760504,0.0035580446270342277,0.005625160398411113,0.1879476328273571,0.00800401411153372,0.7836863590109032
281,0.003184450198468154,0.0025078665422851223,0.0026293558822789373,0.12013210669177112,0.0030655135155143406,0.8684807071696823
282,0.024465070870061962,0.008833738667950298,0.01270455381282252,0.2990967602570734,0.011268408447552712,0.6436314679445393
283,0.01246886595299158,0.00632259553759442,0.0052039206610172695,0.19304417351594635,0.004603626242673469,0.7783568180897771
284,0.01096634664928507,0.003111635081171891,0.007712741348758695,0.26717945798534104,0.0058774025443949895,0.7051524163910485
285,0.0048121893554380745,0.002267814953479289,0.003873281679893464,0.17423305547815873,0.002788224967629315,0.8120254335654014
286,0.005483165112840607,0.004678605857065341,0.0035993892877070957,0.1661950178658044,0.004258158092069648,0.8157856637845129
287,0.013175094963048693,0.006137563566985497,0.012005066945269413,0.5055491105312447,0.014409533011137976,0.44872363098231355
288,0.009154026411031276,0.003624982709305215,0.009507296407719778,0.24892474061649852,0.009146475040394685,0.7196424788150502
289,0.010970015148835614,0.004592834585090872,0.0032427774987020827,0.17560311769905274,0.0042738631014094435,0.8013173919669089
290,0.0060636825756733865,0.003118931471624008,0.007907893897891646,0.18732194050179451,0.00818331898814588,0.7874042325648705
291,0.006784320851903764,0.004828490919205999,0.0034017226027576795,0.20436113702506548,0.004946486311778269,0.7756778422892889
292,0.013925592509685723,0.005101311913669144,0.008758619225085008,0.22093705912210823,0.006929233552812922,0.7443481836766388
293,0.014588442907403984,0.005691620950316791,0.00849176101003667,0.4296300474858935,0.009135110292689567,0.5324630173536593
294,0.006089453810083615,0.005086072027285138,0.0032250600868807618,0.2159691729750282,0.0035203737805608215,0.7661098673201614
295,0.022466040597669837,0.006569850166886624,0.00600823372704275,0.15495620215245096,0.009782742573804615,0.8002169307821451
296,0.010114180023371298,0.0065514578265476265,0.005050974367872126,0.19084094425019302,0.007234501316071237,0.7802079422159446
297,0.020920068806077503,0.008843044255087936,0.01253342394841217,0.23919742194680413,0.01252273049120319,0.7059833105524149
298,0.012145028201181572,0.007516817853051991,0.013300868548022158,0.3316417732804851,0.016622608250115457,0.6187729038671437
299,0.00921455902764675,0.003943999412696133,0.004558528416588413,0.14525881492539156,0.004503173530967832,0.832520924686709
