,proba_0,proba_1,proba_2,proba_3,proba_4,proba_5
0,0.9571860820109368,0.0010932814700291829,3.5372891526430465e-05,0.00015944885190434893,0.017194935280500347,0.024330879495102996
1,0.9502590732429717,0.0014989832031229709,0.042749533840006466,0.0012213303884303398,0.004268935975632287,2.143349836383978e-06
2,0.9826189373614715,0.005967908686766686,0.00652857658490705,0.003730030234248251,0.001138789009625126,1.5758122981420468e-05
3,0.9687333393378125,0.016473937531819593,0.006620062780699581,0.00014570916853537172,0.0016769857595290694,0.006349965421603873
4,0.8828056439213866,0.002066254670565657,0.0008882491538635333,1.9285085023526105e-05,0.10276230418904382,0.01145826298011692
5,0.9749701430324812,0.00026508610668283644,0.0022053774090181003,0.00017083967646326002,0.020671869749204496,0.0017166840261500906
6,0.8375650949589195,0.15316149120593606,0.0007641356299748746,0.0015255422545529976,0.005109026767795937,0.0018747091828205714
7,0.9602980016536201,0.026726992362421337,0.0019471284423055169,0.0005492797150227462,0.004224404582218174,0.006254193244412114
8,0.9781358996271994,0.00904076498347086,0.006031851981271206,0.00019620012374509877,0.006272581659004513,0.00032270162530859576
9,0.9769508816159843,0.008836657052250022,0.004569490062600446,5.8803100456432255e-05,0.009312300555413974,0.0002718676132949594
10,0.9896079791674903,0.0012823021717187973,0.005203648753683217,0.0017180497408186685,0.0015332200680295872,0.0006548000982592762
11,0.987742832888009,0.0008949504010931596,0.0056216936208683945,0.0004638143018295152,0.0031312179939575833,0.0021454907942423337
12,0.98138325844296,0.007823090387492147,0.00230555068631009,0.007676922894027521,0.0006070301523592973,0.00020414743685093025
13,0.9596266522904519,0.024037915977390342,0.0005309680189222884,0.00025792444933009064,0.01491854290564208,0.000627996358263239
14,0.9773673898211456,0.004191686010959248,0.0017123741708530802,0.0002968492225907952,0.015945880325452744,0.00048582044899849434
15,0.7312491076498907,0.033430570427637474,0.0010069497400668848,1.4499027562873343e-05,0.18404477828943844,0.05025409486540376
16,0.9724708404133287,0.017408152490093348,0.00599371024290419,0.0030943905237450823,0.0008647025605461969,0.00016820376938244874
17,0.9633654224718387,0.004681938149675508,0.015809338053337316,0.0004385517536543667,0.015240163604014504,0.00046458596747957643
18,0.9847536129033032,0.0025288055322510786,0.0002535647795383143,9.785711038256223e-05,0.010653287780049269,0.0017128718944756682
19,0.9861869343913552,0.004101899857991465,0.0009078674250663112,0.0004014568114736433,0.004030941603081956,0.004370899911031391
20,0.9685866957745932,0.006030413096321803,0.013537405610005491,0.009831713377999035,3.906020928899501e-05,0.001974711931791527
21,0.9905520526497084,0.0033374259784284955,0.0005787673668863325,0.0007755996855198943,0.0005462630806638542,0.004209891238793115
22,0.9784973020297846,0.010638319951385162,0.0032677657931638312,4.742433314378944e-05,0.005027519755014821,0.0025216681375078475
23,0.9918611353599645,0.001351324067299688,0.0008863808392818914,0.0027964825530415794,0.0030473344947096583,5.734268570262649e-05
24,0.8641734385422409,0.11054769625261963,0.012583234561899066,0.0015497748280455946,0.008122198018680115,0.003023657796514766
25,0.9237170255263744,0.003432364703063962,0.026675084542465144,0.0013014590993031322,0.044771726436482195,0.00010233969231139995
26,0.9952358481484088,0.00013472790506646078,0.0007792641941798243,0.00029109330872005286,0.003059040129306215,0.0005000263143185974
27,0.9783235664556656,0.008973037084543398,0.001481472542642293,0.008808409649363245,0.00021289885738022928,0.002200615410405121
28,0.9823647323150906,0.008813700475445238,0.002892704303482782,0.001654792557715934,0.0031274372328132295,0.0011466331154521856
29,0.9856382002777457,0.0037015885853054287,0.006444552630973756,7.387764383773798e-05,0.003789655056439212,0.000352125805698151
30,0.9936040879979612,0.0007179376931728812,0.002938650191230677,0.0015039378779660327,0.001107565519285085,0.00012782072038432896
31,0.9915880390957821,0.000659558916187145,0.0008445520795765754,0.0015950295728192608,0.005234168371385138,7.865196424984992e-05
32,0.8126782032603928,0.004177071653738919,0.00013519020439844767,0.00012749899040517517,0.0031745430773422343,0.17970749281372267
33,0.9797368654044667,0.0024587439199472184,0.003256732871234757,0.0018541725478730033,0.005717166778847657,0.006976318477630754
34,0.9893870663421774,0.000633019620491724,0.0015665552207678078,0.0006464620294322745,0.007615357002916658,0.00015153978421413464
35,0.9915309848943323,0.0006621770658392412,0.002121457219706589,0.004750854766126734,0.0008918896910738764,4.2636362921098884e-05
36,0.6420875006391833,0.0023153571181855313,0.0008309940511110006,9.635921402043995e-06,0.34534978790189,0.00940672436822812
37,0.9401615415965563,0.032236582896701116,0.00036154942563156305,0.0009368650325542516,0.0196728511685761,0.006630609879980541
38,0.9614675728456231,0.009263140170250156,0.002789013461522555,8.249351335478854e-05,0.025664063367563404,0.0007337166416859045
39,0.9500422800577012,0.002802527604185474,0.0021940612239327454,6.191209983067298e-05,0.04289312960430124,0.002006089410048694
40,0.9091233052743523,0.049843521766945245,0.00027029074607953156,0.0005209963355379573,0.033727756588352246,0.006514129288732819
41,0.9649872488080936,0.005691739392477367,0.00010692557691580637,0.0011266504270912951,0.02676109057976117,0.0013263452156608356
42,0.6146380139895177,0.32935978579966624,0.030562219665713167,0.0018566124062729063,0.0231199861734514,0.0004633819653787381
43,0.9948522220394965,0.00033761947110623464,0.0004838155938269038,0.0003952202119651827,0.0017612941056310543,0.0021698285779739937
44,0.975460624533335,0.0014021469517616148,0.00660435225026465,2.164773634664293e-05,0.016114129663460038,0.00039709886483203213
45,0.939269229348956,0.0016829862677483834,0.017464442130935846,8.418125600418198e-05,0.04132688088262771,0.00017228011372804824
46,0.9683629884968514,0.0028542263189599614,0.00016260357112247975,0.00014995939325557743,0.012399609259404568,0.016070612960405968
47,0.9661410034239235,0.0015574277487328566,0.022303270779276102,0.0001656310981176024,0.009737380496257058,9.528645369316829e-05
48,0.9585179871917325,0.009520305738486076,0.0004633017099053276,0.00011621738985881232,0.029917483848986865,0.0014647041210304312
49,0.990414626145709,0.00034108710583092536,0.0007306584994037632,0.0009867828691446717,0.007471066021277581,5.577935863437026e-05
50,0.01796698900729603,0.9724454720368669,0.001241101504621057,0.00019384573483991385,0.005269481453134618,0.0028831102632414433
51,0.013250663397653325,0.9782477144215252,0.005537585591416715,0.0004440208433654681,0.0006131392603329437,0.0019068764857061978
52,0.008820113794269573,0.9823559921616649,0.00027040503140990054,0.0007922437642460834,0.0027934316267354833,0.00496781362167396
53,0.00840555799455989,0.9760292062048538,0.004915563873965378,2.6921017522290024e-05,0.0017814167841056269,0.008841334124993187
54,0.0300435886701817,0.9624268238287268,0.002189603753163514,0.00027567646716285813,0.0005691431383922073,0.004495164142372971
55,0.0344907535087912,0.9580006443180388,0.0043285196273855344,0.0008035275618605044,0.0018894335421591824,0.00048712144176482717
56,0.002844481186431242,0.9762240981169245,0.013037569572747511,2.906757296526653e-05,0.0017484487016383521,0.006116334849292851
57,0.03727915995908815,0.9542481448765683,0.004899005557962655,0.0026212504256825394,0.0005274310578946927,0.000425008122803539
58,0.010005870419486201,0.9823826478218556,0.0019707649679065005,6.36900094520249e-05,0.003934445964335852,0.0016425808169638688
59,0.022645726750598182,0.9662753482980848,0.00877983124553987,0.00018447869785155653,0.00043838638515069153,0.0016762286227748667
60,0.023399708172443974,0.9687895673784377,0.0023906492699205814,0.0012263219634657612,0.00020794934290487715,0.003985803872827231
61,0.006507209861379088,0.9840633382549451,0.0016033217626684815,0.0002094968051566694,0.004985277162712149,0.002631356153138222
62,0.004256805947208991,0.9814602589957728,0.001083872373022222,8.92008831502013e-05,0.011412308285271714,0.0016975535155742017
63,0.017016568221180486,0.9773296979620789,0.00039348530396770935,0.00016427112886238345,0.003445883064642435,0.0016500943192679885
64,0.04333848059261342,0.9506127563820057,0.00022207745711338376,0.0004653307825770486,0.0038614487221585976,0.001499906063531879
65,0.0013917470265876735,0.9853636348090118,0.0010883481230595973,0.00011744024857648934,0.008399362827319819,0.003639466965444662
66,0.00427221085301343,0.9795836980748543,0.014706785800966349,0.0006906615673457617,0.0006518034620191151,9.484024180081785e-05
67,0.006045840846724368,0.9879538926161882,0.002810518420657566,0.0011185156452386733,0.0017030352468562209,0.00036819722433490445
68,0.1909019415223455,0.8012755821773525,0.00011226217447730143,0.00015118613077020986,0.007285113888586659,0.0002739141064677716
69,0.015143387909830084,0.9779764936539029,0.001309739884038722,0.00020761850762059263,0.004477649472338982,0.0008851105722686293
70,0.03707347468179099,0.9533065521706414,0.007645616372566208,0.0009949195402983722,0.0005672214171872676,0.00041221581751580105
71,0.0069144155079920305,0.9779130692151435,0.011796202750705788,0.0008225722868082509,0.0013175742742087759,0.0012361659651416892
72,0.08643483367075414,0.9070754739366627,8.051522942436865e-05,0.00026342102911010827,0.005793179039288014,0.00035257709476088596
73,0.01111181185424439,0.9795068110967146,0.000786707882719305,0.00010459386790471769,0.0056076233872851084,0.0028824519111318664
74,0.005784862794841558,0.9846829987170346,0.0004081177906251496,0.0001084602764775524,0.00805200520731801,0.0009635552137031553
75,0.010662009604269988,0.9812113958905123,0.006144233732921619,0.0007836939832695568,0.000817310216023149,0.0003813565730035731
76,0.007488748994227659,0.9799803910129329,0.008181336743232041,0.00010825319560352331,0.0032820357466250487,0.0009592343073789606
77,0.006868124373389289,0.9859670740284837,0.0016010397718003242,0.00034528419436989763,0.004783925134007486,0.0004345524979493139
78,0.01592422180498144,0.9455454946625309,0.03698094809771337,0.0007613386197394107,0.0006755013659383885,0.00011249544909636287
79,0.015390073959647577,0.9767978194602909,0.0007795173266491721,0.0004695481587234677,0.0034755892431385968,0.0030874518515501075
80,0.18449771306430254,0.8105577168622754,0.0032616676251144994,0.0004631755444486827,0.0007979347101588534,0.0004217921936999046
81,0.02647069936799397,0.964218464016768,0.00011336961928997196,0.0002852263426160282,0.007137664524635131,0.0017745761286968914
82,0.013375076685448746,0.976673895078604,0.00238855922591385,7.371753096579723e-05,0.003283142467720805,0.004205609011346716
83,0.035228519445050906,0.9362290532147519,0.01907606718711743,0.007236796661717729,0.00018450852714506637,0.0020450549642169196
84,0.03685628141886315,0.9554467527735667,0.0002581595942155887,0.00015176699917147457,0.006564963516429117,0.0007220756977538898
85,0.0009437241496311345,0.9881073652919727,0.006116373107482918,0.004096707064702249,0.0006716012053502555,6.422918086070285e-05
86,0.00311714293048623,0.9879150722299774,0.006247226821221789,0.0011792890864644964,0.0012205052446216996,0.0003207636872281964
87,0.044004013734479666,0.9474632673370508,0.005892483611094882,0.0001423734410173066,0.0008432039302120378,0.001654657946145303
88,0.046697229107152856,0.9457785686083757,0.004126122453865543,0.002526377026401941,0.00035005702663224917,0.0005216457775716598
89,0.042206601353779634,0.9499412495474949,0.002390173925995838,0.0009881840057474052,0.00026872421621259446,0.004205066950769652
90,0.025579131831198115,0.9683428755057496,0.002589768150143356,0.0005144718079528344,0.0008629951455841307,0.0021107575593717954
91,0.0033717589430425606,0.9781800079578411,0.0001565513099557207,0.0001001552260691258,0.013687597916376588,0.004503928646714989
92,0.03510354413044997,0.9569619585987994,0.00013596357001354172,0.0002133791743385543,0.0060363172441419265,0.0015488372822565937
93,0.009650830411801268,0.9828391325080702,0.0009372681275233209,0.00034108251948327875,0.005905920843402935,0.0003257655897187832
94,0.046399533301191696,0.9470802461260786,0.0006895096148443759,0.004549473319612873,0.0009260865406788283,0.0003551510975938517
95,0.026103094722215614,0.9686744084375105,0.0017915767245919659,0.0007889297996328871,0.0010345775066237229,0.0016074128094253626
96,0.08273922649203994,0.9011520421935577,0.0002339000575977528,8.297126668156822e-05,0.014293919023057232,0.0014979409670659448
97,0.05440993416105548,0.9374121460658116,0.005760548751827098,0.001564258373925861,0.0006964322235299329,0.00015668042384991133
98,0.01033795894632055,0.9832880906505854,0.004086569947836555,0.00017844396539134697,0.0007735535137810381,0.0013353829760849696
99,0.003297430381034111,0.984522527503491,0.0027548196602130343,0.006567105150836365,0.0007865866299123473,0.0020715306745133655
100,0.04480946945306889,0.0006609228144796992,0.9462426582975062,8.371531127736121e-05,0.008202488190371003,7.459332967941329e-07
101,0.0041097479108922535,0.0010925793889457417,0.9922893986950228,6.7326939011393595e-06,0.0024984971884797966,3.0441227582260095e-06
102,0.0010314544893525554,0.00040220185438134316,0.8233850183786218,9.357244547689189e-07,0.1751406380765423,3.9751476647175044e-05
103,0.0001300476803137101,0.0008257784633784644,0.943093926385241,1.2836694330840241e-05,0.05593111183742183,6.2989393142468e-06
104,0.0031766505583767993,0.0007812357804319253,0.9885259260635708,0.00015179852614380506,0.007364337234013372,5.183746338144486e-08
105,0.0006544460361122763,0.0008902591754418076,0.9101421937426152,5.951409680582626e-06,0.08829740119624228,9.748439907863136e-06
106,0.007043778735415327,0.0035588066725353393,0.973365084640368,5.050037308802777e-05,0.015965134927979175,1.6694650614357968e-05
107,0.001240510846651903,0.00020814865902498022,0.9975798093853759,9.157113043968743e-05,0.0008795449545486021,4.15023959141405e-07
108,0.00022626335409663638,0.00024572960020936727,0.9702707406731933,6.294973639478882e-06,0.02924988282429926,1.0885745617745087e-06
109,0.0002182597860321349,0.0004929555672485226,0.9166366873523832,1.7415202760167946e-06,0.08264791795543636,2.437818623777784e-06
110,0.1653455572562671,0.004454246958865344,0.7348310951347062,4.494220907149677e-06,0.0953181982005934,4.640822866086477e-05
111,0.011229140697360893,0.0009033442297346271,0.978278436400113,0.00023482969807952042,0.00935370211632131,5.468583905778594e-07
112,0.0014942633680506386,0.0007316304867221235,0.9655063504741811,2.0295954729011356e-06,0.03226333356278047,2.392512792767092e-06
113,0.0008660526613634701,0.0005995357780466684,0.9874849621642967,7.769259255507107e-06,0.011039778605404218,1.901531633274445e-06
114,0.0028766784831470464,0.0002947798466394154,0.9859908415735278,9.276956555470206e-06,0.010826193812460042,2.2293276703443754e-06
115,0.0013820713529758008,0.0020325243870362203,0.9783887698905624,4.156006095660916e-06,0.01816353100711626,2.8947356213576982e-05
116,0.00041062037008373394,0.000764749282693332,0.9914911253655904,0.0001446245745255246,0.007188380455441376,4.99951665440271e-07
117,0.004443139337932519,0.005582429493481459,0.9888392831972495,0.00028103769751550736,0.0008491468425689665,4.963431251968616e-06
118,0.0060393041044842465,0.00030638745453232555,0.978142766488172,7.774349979564876e-06,0.01549775543926216,6.012163569701127e-06
119,0.004138832047031183,0.0010984756666612924,0.9873554342678507,5.074842561441959e-05,0.007351416644903531,5.092947939026903e-06
120,0.009905061291563818,0.0009766631154793008,0.9818999960470339,0.00017078463289916707,0.00704734763768385,1.4727533992185903e-07
121,0.0003765140694203977,9.884965961524644e-05,0.8624355958271755,1.7467669645974474e-07,0.1370880616786524,8.04088440110054e-07
122,0.0015269919983293225,0.00039097796544097004,0.9853738973135407,7.29180508236337e-06,0.012695374057722279,5.466859884111462e-06
123,0.0011779842512837794,0.0006197452657655151,0.9809954476856257,1.7614352494240862e-05,0.017182156133084554,7.052311746120071e-06
124,0.5658612851432978,0.00039686079082257736,0.3766889273165709,5.0688028023979506e-05,0.05699355551228171,8.683209002870737e-06
125,0.010790885385200582,0.010446522422484407,0.9568891807116896,3.714380960449275e-05,0.02183265726931536,3.6104017054397235e-06
126,0.00184609643212195,0.00043185917920214036,0.9816251265947609,1.1011123329676748e-06,0.01609175132973829,4.065351844001536e-06
127,0.17137022049285353,0.0061622498735314606,0.8111194911659896,0.006464386164613029,0.004883177627132289,4.746758801524735e-07
128,0.1350891108449117,0.002019095267163999,0.857118865828796,0.00018211138273985881,0.005588821622529469,1.9950538587727455e-06
129,0.24049313582466933,0.0006764960454860558,0.7394862885906046,0.0001314371325234148,0.019208433691022906,4.208715693842755e-06
130,0.0003801212056520338,0.00016648951402631598,0.9853116007368309,4.657939806564746e-05,0.014091575433970509,3.6337114545940537e-06
131,0.0007037332282976156,0.0006652990919147876,0.9915550267168455,1.5602690212206868e-05,0.007057260777959105,3.0774947709615235e-06
132,0.00026027849955919156,0.00010584817607765256,0.6954454123839907,2.983617769236397e-07,0.30416759625603146,2.0566322564024772e-05
133,0.00579834630305948,0.0005713906600496865,0.9808568649504464,5.46068367254956e-05,0.012717530855913768,1.2603938050562152e-06
134,0.0014695000115483344,0.00031312396624253553,0.8576116301403313,1.3397227135927062e-06,0.14058864088819242,1.5765270971863358e-05
135,0.001157454293473019,0.0008050084482374744,0.9314862839553971,9.57606103321449e-07,0.06654635019122039,3.945505568789135e-06
136,0.013555861803417153,0.008975996682849922,0.9478910827399881,0.0005555890634709696,0.028957478569034502,6.39911412391864e-05
137,0.08907675765179887,0.004101320805367144,0.9027401386031964,0.00031088052968337163,0.003755244717787517,1.5657692166612793e-05
138,0.007520636353933339,0.00021229723801706774,0.9881420317430823,4.0003954180937696e-05,0.0040844430575154985,5.876532707797701e-07
139,0.018023749757573315,0.0010411766679628916,0.9315496978598365,1.8112518475561864e-06,0.04937835051761531,5.213945164402989e-06
140,0.0007103197153565603,0.001894973609899148,0.9583374165402685,2.794301097099615e-06,0.03904708865516321,7.407178215550485e-06
141,0.00092643813678736,0.002534754362530458,0.981193646056133,4.166106584117356e-05,0.015302183899703474,1.3164790044910448e-06
142,0.043795468367115446,0.001671381423560433,0.9494296973859175,0.0014257539646917242,0.003673160131379486,4.538727335292466e-06
143,0.0046707340623565775,0.0015140935200634875,0.9923081842224221,3.507968703560911e-05,0.0014718569791283816,5.152899381865224e-08
144,0.0026944762564757867,0.0031567374169718903,0.9571420519432393,5.83592295724876e-06,0.03699220847954686,8.689980808779322e-06
145,0.028654317704043513,0.0009743679809701161,0.9657785440104223,0.00015839712244066805,0.004433426119342164,9.470627813275788e-07
146,0.07173695436584086,0.00045518051276444,0.9164750107623337,1.711738731206855e-05,0.011301528725776135,1.4208245972763952e-05
147,0.08415610322619124,0.0001924953565075184,0.8496975382039839,1.0637146703319043e-05,0.06593798313189946,5.242934714771991e-06
148,0.012869844350599825,0.0020350555898953843,0.9819062428939094,0.00025042485185909223,0.0029377937896495586,6.385240867549352e-07
149,0.0021399066242183064,0.0003722480611414921,0.9857197936753436,1.0671883130629528e-05,0.011754929943620124,2.4498125458555485e-06
150,0.0005197672679191898,0.036807829705482804,0.00043275592484597953,0.9525318316991441,8.889381652357808e-06,0.009698926020955538
151,6.202766416030563e-05,0.0036801527227569224,0.0002460451046033109,0.7667548771662605,1.5439595408982053e-06,0.22925535338267813
152,0.0004143357813218009,0.0009494283334367569,0.000293272978396985,0.8831611450485772,2.4567589549351785e-06,0.11517936109931234
153,0.003463133882882455,0.0018562903433172453,0.0016762525850714982,0.9688709518400592,2.755644818279719e-07,0.024133095784187805
154,0.0004630416272920393,0.0005076727575122419,0.00036540919430098017,0.9838750236801551,1.030445640637247e-06,0.014787822295099028
155,0.0002850134753970482,0.002005618312448928,0.0003982085350221116,0.990168383740973,8.226200343170504e-07,0.007141953316124529
156,0.001216361977444873,0.0003881256347891906,0.0002948333779696782,0.9820127653870602,2.1736641034494505e-06,0.016085739958632866
157,0.00044572374702322293,0.0007606368894576732,0.0005210315955620112,0.9947413663591275,1.2978284743599632e-06,0.003529943580355473
158,0.0005722496249179791,0.0036920774877135317,0.0003570402194213877,0.9503438953785317,2.2526249947013683e-05,0.04501221103946834
159,0.0005216398053742345,0.003032005615105539,0.0016581200834323107,0.9905263559141806,2.0088701310615447e-06,0.004259869711776407
160,0.00039996640928650814,0.002425789181050707,0.00026944374828076793,0.9799316048492792,3.152458587010531e-06,0.016970043353515867
161,0.016876525494223683,0.024743251000326948,0.0011722263358342954,0.9462707182487311,4.850341908760924e-06,0.010932428578975285
162,0.00021106988830667866,0.004066738338819463,0.0030350534628448373,0.948527573366121,4.53544091041808e-07,0.044159111399816944
163,0.0008086413102453677,0.006126287759809142,0.0015513641393403133,0.9477374769445012,6.453006151820667e-07,0.043775584545488744
164,0.020580286153639982,0.0016881725874436954,0.00217635156926973,0.9709259810085205,1.7955207300015133e-06,0.004627413160396024
165,0.0014213695205543763,0.0010478044134538532,0.0003574257892257792,0.9837879145001945,1.4959019106363693e-05,0.013370526757465043
166,0.026266621475514996,0.00044496783721193243,0.00017781464003592076,0.9312173586820255,8.140108115207637e-06,0.04188509725709657
167,0.0006940913561763139,0.0008235586645569876,2.425413764719384e-05,0.7276396512927874,2.092564584317198e-05,0.270797518902989
168,0.001690181156072801,0.0009293180981377482,3.237518595159379e-05,0.9077502523435185,2.482530113952033e-05,0.0895730479151799
169,0.0005576467314838089,0.0009381301981962398,0.0004818211244305479,0.980772959140411,2.6078065833860294e-06,0.01724683499889513
170,0.0005930503447723888,0.0008722442032317654,0.0003461231423690898,0.9773744915783227,7.008999947085888e-07,0.020813389831309443
171,0.005601837580396616,0.00040435256352478057,0.0009846303139669828,0.9794033099913177,3.4988185665524115e-07,0.013605519668937142
172,0.0005639506322832066,0.00022003060058608658,7.413649541444755e-06,0.4781402311790272,6.550907985871001e-06,0.5210618230305762
173,6.679164524065538e-05,0.00047086911848444633,0.0006367767237385444,0.8642429321647161,6.642252609157107e-07,0.1345819661225592
174,0.00044115756541700447,0.0006554778317146309,9.632149927739662e-05,0.9029787966222245,6.872519208106842e-07,0.09582755922944565
175,0.0015962335993311093,0.006142770922014703,0.000994755950875671,0.9899347653509823,2.2211311220072792e-06,0.0013292530456741063
176,0.03440038464795925,0.000412471715989563,0.0001477795287675638,0.8907254686888697,6.227592200502406e-05,0.07425161949640903
177,0.0001761212344668508,0.0033108613067424466,0.0008623073178938718,0.9922202218235774,9.889731375982238e-07,0.0034294993441819585
178,0.00011223012291711717,0.0008335297727348897,0.0005212148555927192,0.9781198234974839,6.329606499707058e-07,0.020412568790621217
179,0.0014890287504817164,0.0023173625933683717,0.001958405636501012,0.9819185078508632,5.255791526360762e-07,0.012316169589633042
180,0.15000009435778006,0.0003440104790231485,0.0003562116539875135,0.8128508578713958,6.851480874396031e-06,0.036441974156939345
181,0.00040557279387412577,0.005445142988252814,0.000993674895313117,0.9121753111227047,1.9166627927786866e-06,0.08097838153706252
182,0.016808456791784557,0.03808405076923016,0.005461312378993411,0.8304070910864114,2.370897334885301e-06,0.10923671807624562
183,0.00016309044263012657,0.0018007379429238269,0.00026718287009393904,0.9619293705434786,1.1564139305371114e-06,0.035838461786942874
184,0.014506788409226475,0.0003082856090543226,0.000481104233808018,0.957869231925475,1.948708883092529e-06,0.026832641113553126
185,0.00209076793149893,0.0002859936332977352,0.0001222306942264183,0.858034786055051,1.3917088705761003e-06,0.13946482997705523
186,0.0001544451619549723,0.0013775017295239282,0.0009648370273185945,0.9050165680851,4.4182574542636764e-07,0.09248620617035694
187,0.26078902439982254,0.0005838939872835634,0.0004632505113206683,0.734400181557113,3.2134255600541764e-05,0.0037315152888597034
188,0.04872529736903462,0.0004519391527427762,0.0002967884504091187,0.699545591038871,4.4197876510785155e-06,0.2509759642012914
189,5.5092378995235796e-05,0.0022090651700889196,0.0001791101872151977,0.9026685860326309,7.970557262945509e-07,0.09488734917534332
190,0.0004378812728283048,0.0016925883756856359,0.0007108217182204971,0.9613461955606271,2.3165577144886348e-06,0.03581019651492393
191,0.010729651769209855,0.0011621068110698486,0.003738453280231043,0.9781706136569885,1.0098269799866392e-06,0.006198164655520828
192,0.0003154288312308787,0.0016879062947238648,0.00010137729657604502,0.88632386964657,3.217482175927313e-06,0.11156820044872338
193,8.278833933947936e-05,0.0014861070203834824,0.0002899949797687738,0.9466674594446147,3.4467551964819793e-07,0.05147330554037393
194,0.00028031115641837797,0.012942145931062146,0.0008396937898132583,0.8530556327912991,2.178291087435066e-06,0.1328800380403195
195,0.010540332665290572,0.0005353281093912381,0.0007473044134498857,0.9698209256944541,1.0062953832458681e-06,0.018355102822030928
196,0.002490882797699492,0.0018571738566178604,0.0005877168199883072,0.9915187822294055,1.8952184431425692e-06,0.0035435490778456796
197,0.0014402339582883067,0.0009855137610251254,0.00024253242506733363,0.8614885461192158,6.414932439362918e-07,0.1358425322431595
198,6.869696802854428e-05,0.0015627374638708894,0.0006927270738041908,0.9567666925025241,7.812834645995256e-07,0.040908364708307866
199,0.0021218500888067473,0.00145554739120647,0.00023654450374620118,0.9732405263077891,5.203402322750184e-06,0.022940328306128775
200,0.014469568505382762,0.0007740245369493405,0.022769412576544787,5.485056093280477e-08,0.9494660363684233,0.01252090316213879
201,0.00047350852097812206,0.006906894579600074,0.4058471501128217,4.3190159988809247e-07,0.5866584417748436,0.00011357311015670206
202,0.000524861713191463,0.0004005547792309691,0.008340071852262324,1.839155799662297e-09,0.989058688437657,0.0016758213785024057
203,7.99123256566852e-05,0.0015958929741641576,0.011639374476734753,2.492118371491821e-09,0.9861585628223227,0.0005262549090033544
204,0.0004167619981784932,0.00285186571059149,0.11976261113302153,9.686393644351134e-07,0.8766287749863781,0.0003390175324659874
205,1.5150985473183104e-05,0.000680301688142298,0.020719887294723374,2.1689005642348997e-10,0.9764737508524152,0.0021109089623558707
206,9.339762147762754e-06,0.00045500062240636484,0.001723940813775367,7.646908267546397e-11,0.9878759783320399,0.009935740393161661
207,0.0010997297199944122,0.00016200902958889146,0.039699698609422046,1.5421065943033001e-10,0.9549404476578354,0.0040981148289486605
208,4.688419444034882e-05,0.0005523547362115203,0.016620403356826914,7.429406920034985e-11,0.9805271998059193,0.0022531578323077505
209,0.00022509412359230247,0.0006340044431341002,0.10483581932160782,2.1052398181052763e-08,0.8930734917949744,0.001231569264293166
210,0.00039741562183144845,0.0005274888775480799,0.032938502626553796,5.203182320133871e-09,0.9658910122619357,0.0002455754089485353
211,1.8940623516668592e-05,0.001585531498139651,0.10783496947682084,7.31594138858589e-10,0.8901933938129486,0.0003671638569800248
212,0.0004984132940531044,0.0003413146499698622,0.004256240051253207,4.5440198943561734e-08,0.9407047016839891,0.05419928488053564
213,0.0006262009891831852,0.0017588188295041285,0.018429684645679643,1.74314211385639e-08,0.9787832336129962,0.0004020444912156814
214,0.00031006968335888906,0.0009257130901041609,0.18789966836513955,2.1283332073245092e-08,0.810296635785066,0.0005678917929993202
215,0.011545579832925786,0.0011245696151157792,0.007452259768489583,3.8728204777644193e-07,0.9797875372375342,8.966626388689514e-05
216,2.723390382813644e-05,0.0119272522695649,0.004004312411404843,4.053500542436648e-10,0.9802715013356653,0.0037696996741866957
217,0.003760792806798908,0.0030038628952138765,0.0158778199505411,3.9563723384002924e-07,0.9672386714261411,0.01011845728407113
218,0.03944509909417632,0.0022008692199699644,0.054278260878717656,3.386792394135136e-06,0.9038038277495151,0.00026855626522690525
219,0.0016275162343594436,0.004511896469169126,0.10084726382159302,2.2711633085096117e-06,0.8929889988249164,2.205348665335714e-05
220,0.017758026920287502,0.0014590864658041629,0.3733628092927076,3.2143719917134684e-06,0.6061543399671512,0.0012625229820577703
221,0.009372400457590559,0.0006108803119225243,0.01196999616216548,1.9078527339054507e-09,0.9752556759523755,0.0027910452080932473
222,0.01121133961010518,0.0001200379589578739,0.10845911781785725,4.977752151180666e-08,0.8798481276347411,0.00036132720081717945
223,1.7196961483518253e-05,0.00022009780697457813,0.09436718270471026,2.1832588779760642e-10,0.9047915198572288,0.0006040024512769205
224,3.89766583463082e-05,0.003040753019516806,0.00945046134898843,7.435704823939096e-09,0.9872141482362117,0.00025565330123194444
225,0.006840848549171746,0.00682797541632347,0.10109025892991631,4.901506221704749e-06,0.8851531337781754,8.288182019140886e-05
226,0.007237716958224992,0.0008413532327604772,0.058008680448817934,4.3153554765891076e-08,0.9310081862043211,0.002904020002320734
227,4.1273054103093834e-05,0.00733408683100763,0.012103380011875853,2.504925054314086e-08,0.9803821220285165,0.00013911302524649742
228,0.00011276838160685106,0.0008398185437651385,0.07018932113896202,3.328183334037403e-10,0.925705472221612,0.0031526193812355247
229,0.002717613433134424,0.0001778308235385297,0.05146221917210368,2.1658563280932134e-08,0.8991182987014364,0.04652401621122359
230,0.0004455645544928854,0.00010980415220746288,0.03768431198105581,1.4427180503675934e-09,0.9614715435389464,0.0002887743305793849
231,0.00048027026263395113,0.0031205729215656015,0.008894197088802708,8.15232233846826e-08,0.9868693458686228,0.0006355323351514342
232,1.861712139550592e-05,0.0016162832443609501,0.01053178496521256,6.848977006677432e-08,0.9877849074130861,4.833876617473545e-05
233,0.00010189049766178342,0.0006788995170383498,0.012327238403105397,2.981275063192591e-09,0.9847652105198547,0.0021267580810647294
234,1.0524388264104935e-05,0.00028697851535932847,0.0881288207178329,2.5654730015555363e-09,0.9113826132788472,0.00019106053422368274
235,0.0008321908843294116,0.0002935050736199436,0.0019622322572395733,6.01130704367916e-09,0.7625886340044058,0.23432343176909834
236,0.00040127807946533777,0.0005599604290439593,0.007460718434772434,2.290369985843726e-08,0.9701916898815399,0.021386330271478474
237,5.1166340758809236e-05,0.0001895202087741054,0.005542007794147383,2.0484522326599209e-10,0.99250919862905,0.0017081068224246707
238,0.0003559048373242309,0.0005373590528203336,0.16185560386238365,1.0606917259445142e-08,0.836792840240077,0.0004582814004773869
239,0.1245147920520185,0.013520563825204621,0.47372447843147963,5.3576797080641865e-06,0.3881709406119444,6.38673996447491e-05
240,0.00010223510711555167,0.000889332073691246,0.223957087474253,1.3988016893716327e-09,0.7749632697829261,8.80741632123906e-05
241,0.00020710201877838312,0.0013207897480518728,0.020496632555216294,1.0465063763814005e-09,0.9768403304695739,0.0011351441618734019
242,0.001203443903455396,0.0067590527099382625,0.1397876817680987,1.719531103436813e-07,0.8516691382246072,0.0005805114407900345
243,0.00029181293675840583,0.0002924702563153774,0.029659696907276642,5.443844375538543e-09,0.9575576296244253,0.012198384831379906
244,6.323134697331506e-05,0.0035202834888921944,0.13121685608693712,2.0939337070473683e-09,0.8647057732474009,0.0004938537358626394
245,0.0005695533175702449,0.00016636611657374663,0.010310138933074468,5.545739192095237e-10,0.9847617482380903,0.004192192840117316
246,0.00026914974745019407,0.00012401009994959756,0.0369112387953266,6.663916530878418e-08,0.9597931285922328,0.002902406125875601
247,0.0006586772507431936,0.0019449316974147414,0.011078121121798377,6.052867997170822e-09,0.9856073793559553,0.0007108845212203392
248,0.0005012517593242336,0.002260142447890896,0.015907716817677997,9.281724214506267e-07,0.981308346090647,2.1614712038523913e-05
249,6.027779762064932e-05,0.0025765812771067877,0.0020741348136848704,1.2766961291148734e-09,0.994234451053038,0.0010545537818536118
250,0.0098281103958096,0.00041402438957671727,9.961280648259932e-08,0.008528634391960829,0.0019421138352428435,0.9792870173746034
251,0.001441553072658231,0.0038060242055500677,0.0012757855337495686,0.06078701091535495,6.209748609999339e-06,0.9326834165240772
252,0.0008156636570666047,0.009943162849675061,0.00998039296256678,0.001167262550095215,5.486567269862404e-06,0.9780880314133266
253,0.21960280770780172,0.0001167908654675445,5.178940682201597e-07,0.001489605201756348,0.002512385606918699,0.7762778927239874
254,0.0004303962901699859,0.0007642465389092953,9.632992438869204e-06,0.04197830082053872,2.3549516615729946e-05,0.9567938738413273
255,0.00015224266343379008,0.019341264582712153,0.006451498469612022,0.0013364225534546902,1.6549185206942515e-05,0.9727020225455804
256,0.0010539596250769112,0.008527517102942112,4.383633071082437e-05,0.015657105888388225,2.77404307950967e-05,0.9746898406220869
257,0.00014595810213601957,0.0014275710577022292,6.325013764912681e-06,0.060298181765614356,1.0391232926684884e-05,0.9381115728278557
258,0.03486449128686685,0.000513068077320821,0.0002504373441244633,0.0034790291232696924,1.4122820478748142e-05,0.9608788513479394
259,0.00017927345046894841,0.0001582286423177259,4.189295597949235e-06,0.11174177319289272,1.448689974728134e-05,0.8879020485189755
260,0.00023246076801321824,0.0002425314839014565,7.865489971035247e-08,0.001371656205024519,0.010175347797494086,0.987977925090667
261,0.027047831330430327,0.0013102657589889142,1.4321000751968079e-05,0.004171286479850048,0.00026563152251405964,0.9671906639074648
262,0.0013447969849243,0.0004464186213281433,2.1490881974592066e-05,0.0570049196809019,0.0025952369869662296,0.9385871368439049
263,0.003776565680543973,0.0010002609043660933,2.3318102121067736e-06,0.2544108090567498,0.00028549962016689395,0.7405245329279612
264,0.0007641257185964889,0.012342443949778232,0.0008073432346221368,0.007771086751406114,1.2937973170338414e-05,0.9783020623724268
265,0.008390541010484096,0.0014307415322859147,2.8192412151386133e-06,0.04425037461288555,0.0003369790810276658,0.9455885445221017
266,0.00016990506162039922,0.0007996769746797331,1.578060047636059e-07,0.0035595939738560095,0.004510803008706764,0.9909598631751324
267,0.016446141232830933,0.006571693085029335,0.001702821776006977,0.004439146236828593,3.7418166411484197e-06,0.970836455852663
268,0.0017989638276603073,0.0005217203238257178,5.674076887183565e-07,0.27927004770201386,0.001158108896056803,0.7172505918427546
269,0.0005161722952826684,0.0007714846418890171,4.137684962683458e-06,0.002742844009960369,0.012710351172837992,0.9832550101950673
270,0.0005652755474632338,0.001159369305594042,2.7848182860861217e-05,0.004446904193952951,9.886304495028887e-06,0.9937907164656339
271,0.00012185277247006766,0.000629557763398646,1.9692764241874543e-06,0.2877040335125397,5.53143865378609e-06,0.7115370552365136
272,0.5490172641331911,0.001260696675770324,3.9848584569052454e-05,0.1317996972468387,0.0020840635313924276,0.31579842982823847
273,0.0036800741274706592,0.0007736117019915084,7.553755065552238e-05,0.13638959207868862,1.718240943518671e-05,0.8590640021317585
274,0.0009646922003813943,0.00027216665609377405,2.3353454745805816e-07,0.0976203140342444,0.0002986818532777522,0.9008439117214553
275,0.00012119862138189508,0.0008313156546537879,1.0641149762275215e-05,0.01845021127112322,9.70263619071198e-06,0.9805769306668881
276,0.002590920807496516,0.007866487816751295,0.0011533455706417897,0.0010396074089042062,1.2933485001375098e-05,0.9873367049112048
277,0.000139540720548022,0.0031713694913497654,0.003144384689315613,0.0012854879163828924,5.1497724433409175e-06,0.9922540674099604
278,0.36697489413467066,0.003958545316793125,0.00010278608997385103,0.0024293350416571442,0.006790158148026919,0.6197442812688784
279,0.00014804485943258273,0.0005803281498450198,8.015796010547623e-07,0.3225658362471999,0.0004194206778829962,0.6762855684860385
280,0.012913374360612882,0.00021489730039740243,1.107329539618846e-07,0.0020187033760184826,0.0031197292901552947,0.981733184939862
281,0.0004276070101123376,0.0026308832449861252,0.000145000222291526,0.019799381361394978,4.6945366651209445e-06,0.9769924336245499
282,0.13954149984653827,0.002445190639139546,0.0001547136343936387,0.07268165516814507,4.6191325206500704e-05,0.785130749386577
283,0.0010174933514318172,0.000651626138877522,1.8037857138385864e-07,0.025464827747024285,0.0012136581532179826,0.9716522142308769
284,0.008116390533472214,0.000923553776316428,0.007174003198303987,0.003572682755707195,3.0583809008877443e-06,0.9802103113552993
285,0.0011144297639009912,0.010765555218358142,0.01252229009400684,0.0008584872661582894,3.301671543906628e-06,0.9747359359860318
286,0.0011395910623542632,0.0004644485228435509,1.9324420391290154e-07,0.005531626324899502,0.006265129835278429,0.9865990110104204
287,0.019454348980320654,0.0017186440949642765,1.7202576067694373e-05,0.7167763389990566,0.0015356132068776738,0.2604978521427132
288,0.005107763317785174,0.001832611890157549,0.004259376784707159,0.00593349078301735,1.7996442754005954e-06,0.9828649575800574
289,0.006182814340653953,0.00010740935248302825,6.592242450314209e-07,0.008080315932666466,0.01599149819256843,0.9696373029573832
290,0.0019586913996094595,0.009336353888553087,0.008692726866232766,0.00042637393847933804,4.00323141626791e-06,0.9795818506757091
291,0.006496342812397336,0.0005193103363212732,1.9692745885120873e-05,0.02681907855111278,0.007055685082595068,0.9590898904716884
292,0.0008282020428945299,0.007924500630720064,0.0004903080272248195,0.01868734288806408,2.712139978852243e-06,0.9720669342711177
293,0.06458896084577578,0.00015781904623809117,1.8255206800781646e-05,0.27917480329758476,0.002468337031901582,0.6535918245716991
294,0.00039290874671595103,0.0006733206333360795,6.98344489317455e-06,0.021629091879323905,0.012085624453543569,0.9652120708421874
295,0.005060901362141419,0.00020137539398061699,2.107098159571799e-06,0.0004916936459905281,0.015566385624427555,0.9786775368753002
296,0.002082182756114578,0.0001559138579325841,1.3873445284735977e-06,0.021386124740466878,0.0027816395139181795,0.9735927517870393
297,0.12069416719298726,0.0050977950084109295,0.0041959398291084166,0.13913364539314071,9.115232961245148e-06,0.7308693373433914
298,0.008854879215046707,0.01358756969372825,0.0054023700776153726,0.4283049563526048,9.15481808807868e-06,0.5438410698429167
299,0.0002667567821101521,0.0020258279191420177,7.272446798924396e-05,0.00394846006640405,1.030778319029547e-05,0.9936759229811643
