,proba_0,proba_1,proba_2,proba_3,proba_4,proba_5
0,0.9810952931079612,0.0032029903152628394,0.0047403184707077075,0.0026821677877898126,0.006238573936290626,0.002040656381987876
1,0.9548254875767891,0.005783329088168074,0.013491537976110062,0.007402008051156122,0.011155498597965679,0.00734213870981106
2,0.9800067076721664,0.0035022285015875562,0.004553743541800526,0.0039035268981617867,0.003836152760908931,0.00419764062537511
3,0.7126053921801815,0.11979008794916542,0.027663960354534108,0.03128072687575752,0.06754518122185055,0.04111465141851114
4,0.9382686307144481,0.009777814787639418,0.01036419097260109,0.007737187058384256,0.020738685220877767,0.013113491246049594
5,0.9818558601500086,0.002494983130683443,0.004822912551804356,0.0031633076627980324,0.005268479943993741,0.0023944565607115402
6,0.7706745422889546,0.1234495940978927,0.019199028121484777,0.02500398932342575,0.03449853810443596,0.02717430806380565
7,0.8970639956531464,0.06950937642738017,0.007863912736059749,0.006139261007717571,0.013928994914717774,0.005494459260978078
8,0.9434430456078803,0.03532748031344763,0.006054812498886219,0.0034868690906003116,0.008555260078784188,0.0031325324104011275
9,0.979321615985589,0.008668414951334871,0.0038338154610479515,0.002260180540790472,0.003937747805991364,0.001978225255246053
10,0.9642349075067285,0.004720790853788313,0.007086524152717258,0.01026258706938062,0.005127963204926495,0.008567227212458844
11,0.932331723219347,0.009471973708867385,0.010173483880862635,0.016074773857371185,0.011604821136056405,0.020343224197495527
12,0.9933564306757736,0.0035466873640420367,0.0006370586268020121,0.0007001204962716814,0.0008652568141712768,0.0008944460229395445
13,0.9789450471749078,0.00792488848678571,0.003261658020713311,0.003432059966170675,0.003603823505984815,0.0028325228454376614
14,0.8144646150205569,0.0992709239556266,0.01432576935170285,0.01973251293673777,0.02238667791103383,0.029819500824341778
15,0.7706782223503735,0.058907073688011215,0.028366440025242225,0.03758199247986321,0.04798679330374693,0.0564794781527621
16,0.9873318259655764,0.00241429495480451,0.0020764105559314856,0.003396557236635531,0.001985381853075951,0.002795529433976282
17,0.94472185855012,0.010200380212095706,0.015360461797404414,0.009680495066470266,0.011583090747250556,0.008453713626659006
18,0.9237096690582471,0.01941819270195099,0.011362287219570015,0.01465479736939044,0.014687537904741357,0.01616751574610022
19,0.91620587838349,0.0433048498130422,0.00773500890099781,0.005435960840898959,0.01736107784472535,0.00995722421684572
20,0.8831834165561736,0.027511953251763095,0.01565204724482524,0.029198564898227943,0.01531251761822639,0.029141500430783344
21,0.8790765717401087,0.011228804302446558,0.013774210619760334,0.03820022096609493,0.012784604610367997,0.04493558776122125
22,0.9106994485413451,0.030070813913668882,0.012377073949956172,0.010744001345994077,0.020133505189266585,0.015975157059769415
23,0.9717987172968318,0.015302737115510175,0.0027103173952655584,0.0028178848644443495,0.0041547729308405975,0.0032155703971074928
24,0.87512049823503,0.06740017215437903,0.013465665823579985,0.008132178697299949,0.02512652455762137,0.010754960532089419
25,0.8330754452806952,0.016702936490171114,0.04091910066619841,0.043783188784930795,0.018291361985573393,0.047227966792431395
26,0.9705575332991521,0.005539920096865409,0.0032250991164849024,0.008459287853681179,0.0030274144003161274,0.009190745233500186
27,0.9516192443845723,0.016930549928039447,0.004332085241291222,0.01010939069940376,0.004056984770734562,0.012951744975958657
28,0.9647820249128087,0.02091961063048178,0.003434637860540052,0.0030434927574091407,0.0036186862963199567,0.0042015475424406696
29,0.9769334606872426,0.0025290674204143625,0.0053060394298158385,0.006157849566433344,0.004391473392661307,0.004682109503432137
30,0.9965908494603438,0.0007417420960499008,0.0004771094714533659,0.0007944970031451144,0.0004352824486002676,0.0009605195204075716
31,0.9960812866759242,0.0003295200151236876,0.0009508488895955542,0.0011415479104148923,0.0006675562373132994,0.0008292402716279534
32,0.8452742051254188,0.02334264123364253,0.028200776891579564,0.02674406216189733,0.039747178558819006,0.03669113602864252
33,0.8552762169659918,0.02540276445084389,0.023164988541660776,0.02990251091018274,0.029591381711501493,0.03666213741981927
34,0.8778638601621908,0.023534778312180364,0.027986142564009043,0.01635008565559487,0.03809450987006174,0.01617062343596365
35,0.9349651462705951,0.011133076101154488,0.01451817179636613,0.008224560488018754,0.023761181049056928,0.007397864294808622
36,0.7017323276862225,0.09242300015153183,0.04343703540045926,0.02300572344494109,0.09494952150722959,0.04445239180961514
37,0.9394221586648946,0.010968032898761469,0.006924800899466108,0.012677528728128022,0.011249198445711914,0.018758280363037977
38,0.9588215631386675,0.010669804929963589,0.006133671492145547,0.00758722555086994,0.007114105278033536,0.009673629610319754
39,0.893684850359904,0.020137045541024145,0.021295661868522865,0.01040892381516647,0.036701432577998225,0.01777208583738385
40,0.8365993588115459,0.10397735048741287,0.013578651487837731,0.011058802872469893,0.020319784262833884,0.014466052077899656
41,0.7397431317518889,0.07487410190449634,0.04723901040584908,0.01967168204877523,0.09458043523004642,0.023891638658944118
42,0.9351272042127793,0.0364012568044922,0.007071682745992817,0.004773628864561655,0.010184747362893171,0.006441480009281215
43,0.5849894813287073,0.030204969358209315,0.05222548143367747,0.11721511443868583,0.0635728960316694,0.15179205740905055
44,0.9405984844560512,0.009606407553336093,0.00700999621292637,0.016322836267289722,0.007071323125711223,0.01939095238468462
45,0.9422237533841284,0.013039638458773173,0.012519977280025173,0.005182915386172156,0.02105925937170534,0.005974456119195867
46,0.9365315745967292,0.012673171041277798,0.012283917898553336,0.006243109903998651,0.026260277075664733,0.006007949483776425
47,0.9640899409808081,0.005417875882955943,0.009394428564384221,0.006483000923201736,0.008450842439831211,0.006163911208818563
48,0.9795909232619421,0.005239568829358281,0.004783455194823073,0.0031875374605273583,0.00422723677912529,0.0029712784742239582
49,0.9905462869373747,0.0015281882148152472,0.0022783665932603293,0.002105070270272271,0.0018881505660800913,0.0016539374181973234
50,0.01334439538536699,0.9431862719418223,0.008187086270305368,0.011187208808185556,0.01006261117264518,0.014032426421674746
51,0.007173586066278166,0.9599634464312562,0.006615325476671005,0.00824486799931637,0.008357249013370758,0.009645525013107427
52,0.04374454401141418,0.8881916238876792,0.01367039679629661,0.012523188159784869,0.025232866679694852,0.01663738046513048
53,0.008974964468080444,0.939976220948116,0.010429902756297195,0.009740424164544754,0.016754842608821333,0.014123645054140746
54,0.00505610933871446,0.9621112702940138,0.006236219041090627,0.007589641012897832,0.00819351812736911,0.010813242185914285
55,0.006460713037072825,0.959965266585648,0.005940893652993296,0.00913526058909347,0.00812670390054503,0.010371162234647442
56,0.006384318411807101,0.9512190444063318,0.009219934285481972,0.008189174333517216,0.01412572771215252,0.010861800850709771
57,0.01251433632950061,0.9459444627042578,0.00826341685761652,0.00930289954498302,0.012813998025403159,0.011160886538238886
58,0.014475460665498967,0.9555337928090587,0.006089152891771906,0.005745551098638061,0.009571977165832473,0.008584065369199926
59,0.015136664138787866,0.9412870734186218,0.00825632338117937,0.010349907500346256,0.011068544700184847,0.013901486860879924
60,0.013520815625742193,0.9272060280608514,0.00996060058740121,0.014160265482659272,0.011817876187132138,0.02333441405621414
61,0.013383162728640532,0.9476662751059772,0.008296780213131304,0.008231184757126848,0.011392915017537263,0.011029682177587014
62,0.004571114431707481,0.9715170176108008,0.0051373199679587925,0.004592955076325929,0.00852596084237371,0.005655632070833504
63,0.023011748901246822,0.9494099922140263,0.0052384589684238096,0.005827136349707604,0.008723391686077149,0.007789271880518322
64,0.04175346412585729,0.8978293506428534,0.012026353682928632,0.01307029331517739,0.018456367965438515,0.016864170267744522
65,0.014547806576234142,0.9274107713955929,0.008948054351127041,0.01504572239672726,0.012542635641667273,0.021505009638651644
66,0.0036938798411341165,0.9693788848319581,0.005773669939131835,0.0057035767172220735,0.008433068861009635,0.0070169198095442606
67,0.0055591637574107355,0.9739579877269635,0.004225245035824876,0.004041511418178348,0.007422177163648146,0.00479391489797464
68,0.025152621710416385,0.9480295362573163,0.0059435280904405466,0.005745084767528733,0.008261112150739451,0.006868117023558754
69,0.007302555991500562,0.9682730704525606,0.004779154834618172,0.005617733093710647,0.007447195670298608,0.006580289957311277
70,0.008086775831274824,0.9423537450940976,0.010459358775679887,0.009986937097625876,0.0146002657822535,0.01451291741906826
71,0.011607563123029135,0.9454553447164579,0.009898455900489466,0.00822778610944374,0.01381053028655002,0.011000319864029676
72,0.03826395177284473,0.9228642483166235,0.007947724431335663,0.008316532474222888,0.011581786928761448,0.011025756076211752
73,0.007884605620964344,0.9664348179283665,0.004661886775011596,0.006180456710621602,0.006818403535582284,0.008019829429453198
74,0.008715295758650567,0.9730120018483852,0.003911867102855602,0.003741500758640114,0.0062257479452794496,0.004393586586188984
75,0.006527170115839687,0.9607166721257236,0.006733919377358144,0.006905420540560652,0.009290796763879837,0.009826021076638233
76,0.007243873843081847,0.9654402107164969,0.005401977382134036,0.005996100809633723,0.008669197600548838,0.007248639648104879
77,0.008384457855772966,0.9649784362764462,0.005547123556005594,0.00526076312560165,0.00916874554047825,0.006660473645695192
78,0.01770925975466389,0.9459986562732249,0.007523397771475803,0.008310000087489831,0.01041841386025988,0.0100402722528857
79,0.008167490038217328,0.9669341074239701,0.004844943265963295,0.005228870932322194,0.007306615397248761,0.007517972942277807
80,0.004937636090878076,0.9666039454967051,0.005375056048570699,0.006766018838858501,0.0073401561243589385,0.008977187400628993
81,0.01254207660411906,0.9629191763691547,0.0047314395755036,0.004812155294294181,0.008866976067181691,0.0061281760897464585
82,0.010175977729870738,0.9544012471049178,0.007413393596440405,0.007498692916256513,0.011404406677877676,0.009106281974636676
83,0.007997180724820634,0.9475152659203085,0.007341852488619607,0.010003437167207557,0.0111507203901357,0.015991543308907747
84,0.041083487740909475,0.9188103854994684,0.008682834653682643,0.0074306429376945595,0.015827030362167645,0.008165618806077295
85,0.004118282396105634,0.9712351256680524,0.004630383929312827,0.006046758612812384,0.006404436108009734,0.007565013285706698
86,0.011249333248821932,0.9587222081657546,0.0058682068571104164,0.006328124343751538,0.01009409026087526,0.007738037123686322
87,0.0018789613887202768,0.9857640619422695,0.0025801401979967473,0.002638737248607854,0.003929519868053184,0.003208579354352289
88,0.01602819070484526,0.916777407470711,0.012281135604852882,0.01716075195730056,0.017056880705699943,0.020695633556590244
89,0.007378637717027526,0.9461636671930075,0.008116762955869236,0.012346366778861969,0.009953471013837192,0.01604109434139679
90,0.0090579519197474,0.9409059885160944,0.009061972107721014,0.012709114091100544,0.009831097223957905,0.018433876141378525
91,0.008844103600986433,0.9642433501342857,0.004915600854378205,0.00569729382063518,0.00787967687699028,0.008419974712724368
92,0.16180617149056276,0.7977135219100996,0.007804575988173021,0.00966434623250269,0.010931387563352693,0.01207999681530936
93,0.007244657347344318,0.9615169042192444,0.00618945702407612,0.006012252038408827,0.01062927630380537,0.00840745306712081
94,0.07721743716043476,0.8644742926958586,0.009489911405935554,0.015239939607097018,0.014284251977354613,0.01929416715331953
95,0.006497200456154674,0.9532998815576539,0.006751848043826615,0.010585017242169977,0.0085334417221118,0.014332610978083145
96,0.02876975159420673,0.9174868116000199,0.011655416232000577,0.011102939199600462,0.01675576790258876,0.014229313471583196
97,0.008567706883568164,0.9421022802430268,0.008800050947404178,0.011379827981359834,0.012263703099820963,0.016886430844820343
98,0.004691165481600052,0.9660738261785712,0.005390415572496675,0.007355393577766193,0.006479250200516774,0.010009948989048998
99,0.02059070734686147,0.9128904907045162,0.011486367234302514,0.018128810797436546,0.014453231635365577,0.022450392281517902
100,0.013118753061023135,0.007228555296689132,0.4695742213050497,0.03926731295926088,0.4438364619594021,0.026974695418575185
101,0.002491733465784741,0.0015568281748693851,0.5796487009416528,0.07832829454339005,0.318126519060135,0.019847923814168004
102,0.006849103838590333,0.004935963151802831,0.486607685652071,0.07180203102148303,0.3989064227048159,0.030898793631236814
103,0.005614950427922487,0.003934224930095521,0.49960568443613906,0.040738859917501834,0.4329763617424274,0.017129918545913694
104,0.0030206748522304924,0.0026592365417264165,0.5328067884344838,0.07649795989709522,0.35705033496951105,0.027965005304952786
105,0.0170823260299819,0.005219957644954682,0.47969811290178027,0.07333516715141943,0.39238003963634116,0.03228439663552268
106,0.02077945091002917,0.011767120655307472,0.4826195785785972,0.07517149872385159,0.3749782414767438,0.034684109655470474
107,0.0020395519722736376,0.0018813093960504386,0.5824639644209222,0.08322412544550266,0.3069195350741232,0.023471513691127967
108,0.005132498513233949,0.002584811422431315,0.5226906375760654,0.042112653505187184,0.41277307381226885,0.014706325170813293
109,0.0023923984010251224,0.0015827635417972228,0.5431814135727806,0.07649918361942704,0.35563866347391093,0.020705577391059327
110,0.14773977906981123,0.02310837684857237,0.34736163263074366,0.08184944030477528,0.3357323734001908,0.06420839774590646
111,0.011704216370872324,0.004422505384924014,0.5231444578772314,0.1264220238407473,0.29482285515198337,0.039483941374241445
112,0.004821166757938877,0.0021563882036975935,0.5415907093785162,0.06876108083628844,0.3629221700779126,0.019748484745646222
113,0.005235328453827929,0.003357650506640015,0.518312738951253,0.05173742692577213,0.40305407357833917,0.018302781584168117
114,0.002312408392834791,0.001742432178688891,0.5400059030716426,0.05868249087227129,0.38106882113564494,0.016187944348917342
115,0.007723909449143034,0.0035539415767199714,0.49249488393144353,0.10101201780392934,0.3604717278494812,0.0347435193892826
116,0.005167731729832009,0.0032567524848848926,0.5283553210282581,0.10008752327167884,0.33243610936550516,0.030696562119840985
117,0.05643300214072675,0.021115476278640324,0.42350893690746555,0.10610511663670572,0.3187203137524168,0.0741171542840449
118,0.0034171827435913868,0.0020559071099749224,0.5569223203694158,0.09397916009847568,0.3193133304147131,0.024312099263829476
119,0.011662031609851511,0.006367859136464438,0.49667542556839944,0.09832442079947787,0.3372727588182312,0.0496975040675753
120,0.008447519456540082,0.0033401816640478126,0.5413493166854553,0.10396557184487977,0.3082543479628209,0.034643062386256064
121,0.0034496067058810836,0.0011599487746577226,0.5425092044372075,0.046450769940868566,0.3955903260556812,0.010840144085703626
122,0.002586217006830234,0.001744551488417713,0.5638728236612885,0.08123835871466607,0.3287388215101621,0.021819227618635386
123,0.016999296091689098,0.011667897105353025,0.4700564442039008,0.1086925014098678,0.31894320545675525,0.07364065573243431
124,0.20419439398469882,0.021489350857694343,0.35791092368420185,0.0893945185506259,0.2795211269920407,0.047489685930738476
125,0.020908697059100242,0.00873859509435345,0.47888904486528633,0.06857289511378693,0.39222501383961395,0.030665754027858975
126,0.003480634022468348,0.0019487914438473647,0.5333896052604294,0.06422971590424595,0.3796105664507717,0.017340686918237327
127,0.09437499863867366,0.01267183411439617,0.40223743997392214,0.046105596071722085,0.4229532985560751,0.02165683264521067
128,0.015194378298493417,0.006319144831690918,0.5034354036899269,0.07380683808579078,0.3659580858561807,0.03528614923791735
129,0.013622289146491943,0.004536590957496625,0.5164809167423109,0.07021098738414212,0.3667062457307894,0.028442970038768743
130,0.004280135504881858,0.002734758420280859,0.5201201903309393,0.09024368996210555,0.3539075733646548,0.02871365241713762
131,0.0026098448604587737,0.0026997630815628667,0.5279524137616434,0.06332599125726951,0.3834832203910236,0.019928766648041853
132,0.00621406647419237,0.001933297262767481,0.5274421765180457,0.04274611937638191,0.408226583079727,0.013437757288885651
133,0.009881747091971899,0.006117770662141111,0.4958269144634136,0.12248648024159248,0.3168891888430145,0.048797898697866195
134,0.005044490193145691,0.002440508339784708,0.5237336337985949,0.05658722725283638,0.3956783507722525,0.016515789643385775
135,0.03819669245018829,0.007491002962404456,0.46793598034614153,0.07984024737204636,0.3531069609984406,0.05342911587077881
136,0.045152111497800476,0.014852051629861043,0.42094591394382264,0.13723606833867075,0.3033026305075879,0.0785112240822574
137,0.034074271885549824,0.007432932630479515,0.48471302786982473,0.08331131940208926,0.3546832086184575,0.035785239593599305
138,0.002258910897409051,0.0015296124117229746,0.568383905298454,0.07991099781801426,0.32601992020471043,0.02189665336968929
139,0.007865898862824194,0.005659521890982034,0.5201363226109863,0.05389978318969376,0.3912329700969275,0.021205503348585966
140,0.009179957057112866,0.0037984961348737647,0.5204144597425667,0.07709973201726028,0.3630145645655579,0.02649279048262851
141,0.003853294782266323,0.0027948291522950663,0.5206469383811938,0.05084890437776263,0.40600639620644874,0.015849637100033575
142,0.034100930771777074,0.013852490341232778,0.47299213469377943,0.06451413370867172,0.38281041110663594,0.03172989937790312
143,0.004405877511755092,0.003320480416695911,0.5412820179786245,0.12023009741452828,0.28956941574060224,0.041192110937794034
144,0.016373904595146697,0.008498669309023064,0.47623603056849473,0.05849967781757506,0.4095603894330352,0.03083132827672533
145,0.017124701153896502,0.007326611194422715,0.4970280195668153,0.07464906860878726,0.36707174329098036,0.03679985618509808
146,0.017153140660194584,0.004957276656887722,0.5005158693210883,0.10392272335386248,0.3310957125765605,0.042355277431406324
147,0.028291327163209284,0.006208232531431072,0.4981560622315826,0.09617237597231043,0.33266400916907146,0.03850799293239503
148,0.015927937304686033,0.005400842703368493,0.49532218481227197,0.08389381886487482,0.3642739271667175,0.035181289148081045
149,0.0028724007398092037,0.0016622194293559596,0.5432479173276556,0.04800976412721241,0.39079617691469526,0.013411521461271482
150,0.03831675499964386,0.014853571447999241,0.08552876587314757,0.4362650387172546,0.03694207195202414,0.3880937970099304
151,0.002795064126402124,0.0029597434408258558,0.06994577378784596,0.5082384552367031,0.020163515882915452,0.39589744752530714
152,0.009019858151864714,0.0036756894514408662,0.06524788764490387,0.4955616615618863,0.024416395541645056,0.4020785076482594
153,0.004428085608999178,0.003217919219207628,0.04110813791333915,0.49787450311706594,0.011969334915179495,0.4414020192262088
154,0.003555515485170091,0.0015240217125533984,0.06862916538885004,0.5584457486269696,0.01393760620066635,0.3539079425857904
155,0.0034930518622837844,0.001634273250858652,0.05969089004032508,0.5358509086195223,0.01217259805433667,0.3871582781726732
156,0.004280040772749121,0.0025910909799172336,0.09170778123501738,0.5188491005672191,0.022135105655019485,0.3604368807900776
157,0.003736938233442457,0.0028421357430504415,0.10085730786227765,0.5321451303125813,0.025786144401673084,0.33463234344697473
158,0.006466983783191572,0.006967550414143055,0.029725160665745824,0.4923732218066328,0.01350741193607976,0.4509596713942069
159,0.004367713325570341,0.0026817850028419566,0.07438275726408666,0.5358383968405279,0.01890576485133911,0.3638235827156338
160,0.012617644745588968,0.0066192502879565615,0.07258803371935382,0.4854286192235441,0.03178814485018935,0.39095830717336727
161,0.03052250401689362,0.009813322212671144,0.07580326429009018,0.47286072986825206,0.02635401227839334,0.38464616733369994
162,0.0043477023754554325,0.003805078251229764,0.0916223482855909,0.508965991335116,0.028457376859304533,0.36280150289330376
163,0.0045324444649703505,0.005560098858008555,0.059348174852075754,0.47860212977134575,0.020651427184839748,0.4313057248687597
164,0.01423567364055869,0.007333640245973126,0.08355003693378195,0.49895523703699857,0.03362891693307338,0.3622964952096139
165,0.014276880307657183,0.003961098067502145,0.06954571706192124,0.5157573373898617,0.022738856449204682,0.3737201107238533
166,0.04145200021466504,0.006229200305390229,0.04324049043978556,0.48105862748211714,0.018579216094263537,0.40944046546377855
167,0.004591324540651321,0.0035478838308791666,0.0806955847670285,0.5049759367782143,0.022515301494876707,0.3836739685883499
168,0.0025530745457622932,0.0017381548505292278,0.030634649143043022,0.51474789167716,0.0075766016604697384,0.4427496281230359
169,0.005301440804145821,0.003282846139507182,0.07037675121671029,0.518798326317757,0.023501211156633835,0.37873942436524566
170,0.0032279690839727214,0.0017851402196592508,0.08003456754944233,0.547161056868076,0.01708953399120562,0.35070173228764384
171,0.005331044355596606,0.0023068650827250325,0.08164955913888605,0.5504246500978206,0.020367502130730367,0.33992037919424106
172,0.015741644956596686,0.007255478696393897,0.028565844590150782,0.4558010784289791,0.015594846825213348,0.47704110650266573
173,0.009535699305330493,0.002590446085362253,0.06862682100685151,0.5161790437144727,0.01828625135917026,0.38478173852881276
174,0.003265133640276835,0.0016405074868062548,0.055269480350262905,0.5335212837388154,0.012012409606265886,0.3942911851775729
175,0.007712410746368587,0.004335703276659408,0.08294313364990746,0.5227522175161406,0.029665094496587847,0.35259144031433576
176,0.00890907882013002,0.0032363807173148816,0.07766543577655569,0.4889458573545548,0.025718476147019404,0.39552477118442514
177,0.0032028495204806354,0.003320842262734261,0.0920193282077727,0.5371932201897538,0.025249679349395694,0.33901408046986276
178,0.0036634933479042504,0.0021152661675867086,0.09301525435881879,0.5711353207108438,0.019384853813843975,0.31068581160100206
179,0.005849631556266697,0.004613510476239173,0.08799747435657226,0.4933307142796409,0.032907373538727,0.3753012957925541
180,0.09837079337499978,0.009427145390107122,0.054177465923454224,0.4165045886733483,0.02349166691380163,0.39802833972428897
181,0.010354458806664144,0.005608231731021582,0.09175049877326176,0.4883084129237174,0.03034767314687552,0.37363072461845953
182,0.0648287167925698,0.011043067847932787,0.06630800087056583,0.4464970018628972,0.028905604569702384,0.38241760805633246
183,0.0019933207873478174,0.0019086024678176248,0.052491257170213225,0.5267952246377362,0.01395966703280941,0.4028519279040753
184,0.005177860569826444,0.0028668208987689286,0.09052488532802762,0.5331725171207357,0.026269930023298183,0.34198798605934344
185,0.003923861987632903,0.0020302578895989953,0.08703540236269862,0.53577133161249,0.020115869392724483,0.3511232767548552
186,0.002869029864180329,0.0022732318253218813,0.08028221307912217,0.5429065528914232,0.020443077405031793,0.3512258949349208
187,0.20593316162876205,0.031309818791036816,0.08562440494683662,0.35748039578340174,0.06427172809641166,0.2553804907535511
188,0.016520328188450555,0.005257617918175847,0.08140733633937973,0.4926868619132298,0.029451509060415326,0.3746763465803492
189,0.003676048799475672,0.002059294348623201,0.0445208836993625,0.5249190358958262,0.011475790301231269,0.41334894695548136
190,0.006330761331675136,0.0029352741138559276,0.06959462929271684,0.5397133199775572,0.02224734322166877,0.35917867206252596
191,0.009379372417905464,0.0037876795935672548,0.09099313065897834,0.5174012148513635,0.029166622579903472,0.3492719798982818
192,0.002040680237853158,0.0015607358776524958,0.052563724399379716,0.5361525119061562,0.01152690863678313,0.3961554389421754
193,0.00157429242391141,0.0011332692872054496,0.059455810475220285,0.5527880592618968,0.010208383822113677,0.3748401847296526
194,0.0900397846380777,0.020651849694866223,0.07760957732022677,0.40897835683984607,0.04590643685011661,0.3568139946568667
195,0.01975547484024533,0.00467868774591332,0.07024773979016302,0.5035954942261364,0.025326980595727012,0.3763956228018148
196,0.006716452866950587,0.0032775846493457725,0.11024407017687511,0.5218791547133831,0.03185395339711851,0.3260287841963272
197,0.009109166078921625,0.0056196536473347245,0.05747055921610457,0.47999443430526917,0.03171774519709528,0.41608844155527447
198,0.0023328551664469994,0.0017773094708414805,0.08523074844975359,0.554671094906608,0.017533868763240437,0.3384541232431091
199,0.007866060559464517,0.004710219354486766,0.09606507880691566,0.49606787456336543,0.03640708688597292,0.3588836798297946
200,0.06999693338366594,0.029761499068275375,0.3284007514242887,0.02892669497995163,0.5169219205110992,0.025992200632719273
201,0.004818249059964022,0.005646940891700048,0.40078320160193576,0.00883305175285136,0.5763519360911028,0.0035666206024463493
202,0.011778863427912461,0.006921062823857216,0.38804370077549444,0.020117135115048708,0.5623434961961385,0.010795741661548779
203,0.003960384241714925,0.003909003683947735,0.39843624058987437,0.006093912501107603,0.5852474797094898,0.0023529792738661084
204,0.005236432286146143,0.004330888816153512,0.4256213432477094,0.012926627583487473,0.5469182038550985,0.004966504211404799
205,0.006408527504651453,0.006960773266974583,0.3617851583514482,0.006901757558589513,0.6147358150290148,0.0032079682893218467
206,0.004434785122698405,0.003917411777537266,0.387450939012215,0.006964817723277671,0.5941816326476097,0.003050413716662648
207,0.00858174581648055,0.005100114462448697,0.40127193573268977,0.010034731854221683,0.5706316521479385,0.004379819986220648
208,0.006545419009039494,0.006323476103108701,0.3691734913453065,0.0075888081795842995,0.606755126345891,0.003613679017069776
209,0.03282747632012883,0.021599755345584816,0.34240093617237793,0.019141226744805593,0.5695064235629479,0.014524181854155084
210,0.010284065153828821,0.006331663025844501,0.3733126722924958,0.008034909188355433,0.5985189525296514,0.0035177378098235172
211,0.0036603634278296942,0.0035684006183218046,0.4073244161388809,0.005759047477788866,0.5776565004414593,0.002031271895719152
212,0.009325323449620757,0.009423444592473969,0.34572271737235843,0.006860746695370362,0.6244167724601565,0.004250995430020283
213,0.03359913917659875,0.005989675810927074,0.4328209254205274,0.055462715128630304,0.44385943062547245,0.028268113837843865
214,0.025387503115355238,0.01436783434376478,0.3709418383904611,0.01934933005419584,0.5576579974227827,0.0122954966734402
215,0.05757756368616741,0.014243179367463292,0.4006465018555353,0.045699571813836694,0.4471825323232076,0.03465065095378945
216,0.0070908393985156075,0.009165804166653026,0.38478974685241546,0.014332842254092891,0.5753770998922427,0.0092436674360805
217,0.08388529117784921,0.05474988355162334,0.29121526367899714,0.03060501034737223,0.5084287723398319,0.03111577890432635
218,0.2728754338598986,0.05893808151882434,0.17785935536250666,0.021852888932838998,0.445791061407451,0.02268317891848013
219,0.01957819675440657,0.009709898293039636,0.384879244148089,0.012232472035560651,0.567586961929209,0.0060132268396954035
220,0.1427548397575238,0.058476577833728303,0.2629167579873128,0.028848575467424375,0.4821027323472808,0.02490051660673008
221,0.011594670271625574,0.004524182678570512,0.4428183872727823,0.05982731109012211,0.44755685356153063,0.033678595125368915
222,0.03125889291428864,0.01534256055408208,0.3308000483408951,0.016620065302095706,0.5948227762367726,0.011155656651865856
223,0.007636905756287941,0.005329303547731906,0.39460420070897395,0.015073491034743996,0.5684656284879315,0.008890470464330688
224,0.006163941845648341,0.0054472870144205605,0.38863412321301294,0.008428990622668659,0.5874971725655144,0.0038284847387353546
225,0.025185295679725984,0.028641047722682448,0.3452471338525598,0.012529058067072335,0.5810855066119964,0.007311958065962895
226,0.09246335878843406,0.02473291026097543,0.329371520853127,0.031008124275986242,0.4989726047682322,0.023451481053245276
227,0.0029246117816353447,0.0038498716047194697,0.39048566532283,0.00619885851548759,0.5942743154707684,0.002266677304558892
228,0.008697863972657418,0.011235570389491344,0.35820958641122663,0.008523597082809971,0.6080585834587676,0.00527479868504703
229,0.01513451017712501,0.013050316209263755,0.39388837195525195,0.013509237863343978,0.5546213745833692,0.009796189211645955
230,0.016100960028097227,0.007940728076996629,0.38874615896103043,0.020141483043633005,0.5548304041479949,0.012240265742247668
231,0.0034725094481278616,0.003484166027150281,0.40585067449892936,0.007538513772813356,0.5769001282949257,0.0027540079580534657
232,0.014010169060228818,0.013983496036228145,0.37287127495782635,0.014053699772065243,0.5769727753118598,0.00810858486179146
233,0.02435082060854685,0.016107727319241767,0.353660120952446,0.018588690483316395,0.573433272732767,0.013859367903681898
234,0.004019372062357843,0.004306269493659739,0.3998693415401666,0.008259914237908065,0.5803139773039171,0.0032311253619901063
235,0.04063411238838912,0.01552443395915623,0.3517593013291622,0.018443211686995666,0.5587361351419141,0.014902805494382452
236,0.021951973508318293,0.007735390597645143,0.3907672217639984,0.01718136956953992,0.5527323430717038,0.00963170148879434
237,0.005588194730824938,0.007072466140827135,0.34771019804848297,0.0074548849170775295,0.6282228462067051,0.003951409956082172
238,0.022792833609819797,0.022685593906412085,0.3682416803499308,0.0177470458822247,0.5545603178598466,0.013972528391766083
239,0.02918051029920361,0.008806560674168865,0.4451300494877075,0.055371196738075806,0.4356575657272296,0.025854117073614444
240,0.012795315206203011,0.018098870261199478,0.3547240083329274,0.01055741343989582,0.5975013400105093,0.006323052749265015
241,0.003983386963827827,0.0031422260838133175,0.4185309847338652,0.011114700865973087,0.558937726472399,0.004290974880121155
242,0.005468925144045644,0.005792087705330011,0.4568222166498093,0.01965623146559605,0.503749168702344,0.008511370332874748
243,0.00850126591739949,0.0065645566620362635,0.38652960107325024,0.009133834699814157,0.5844348678764892,0.004835873771010156
244,0.004763664574165887,0.004180150613133822,0.4486278845418829,0.012538932923114244,0.5250301739649257,0.004859193382777346
245,0.01310853233229076,0.006473703572971994,0.3755399853031483,0.012615395799526785,0.5847663135076323,0.00749606948443016
246,0.02830229114184554,0.008583885659209133,0.34211526410030757,0.01306508620679258,0.6002797860851012,0.007653686806744024
247,0.022303293627250684,0.014828579667192204,0.36355603623513133,0.014770109335308071,0.5768511253677743,0.0076908557673432566
248,0.010347594716476916,0.00959455331653003,0.36549716807500754,0.010206843727861544,0.5986064252922527,0.005747414871871284
249,0.015955240841477626,0.02201990504138529,0.30762315774980364,0.008302185285077444,0.6408271251309391,0.005272385951317225
250,0.013378253807647454,0.009272719509296779,0.008454911741645987,0.39861759739768926,0.004821453792654757,0.5654550637510659
251,0.027183212888778126,0.010301431751972609,0.05702790711236673,0.42484521497297106,0.02899764123028282,0.451644592043629
252,0.011126377091705948,0.006965755675538875,0.014048484939838969,0.41332118790127775,0.005639867452679539,0.5488983269389587
253,0.021996267814697542,0.011244454075940597,0.019332551455204596,0.39433770984931077,0.012453931234414822,0.5406350855704318
254,0.031249276466725078,0.012250467899302772,0.014755050024700315,0.37650047109484797,0.008613573522586265,0.5566311609918375
255,0.02448074561130226,0.026385605029349144,0.024151694573366654,0.36979578537917773,0.01802021028259515,0.5371659591242092
256,0.018102909873574196,0.022634265375112903,0.025049085538202814,0.3903537861068922,0.024655681511340396,0.5192042715948775
257,0.004917388809790361,0.0033036408103447107,0.005426444402681983,0.41135014533418546,0.0019053797930883977,0.5730970008499094
258,0.010492250606067548,0.002942236109338901,0.06763799879281285,0.45534389047812696,0.026727165101822003,0.4368564589118319
259,0.012536311734038172,0.008761939377093934,0.016682010396801568,0.39538008599681995,0.010582692432307802,0.5560569600629388
260,0.005670782810744739,0.004963343307152101,0.009328583918678817,0.40061248608250655,0.004545113098684771,0.574879690782233
261,0.10404865306024333,0.02174968349289116,0.03623651650939635,0.33372584515652015,0.030578230303978503,0.4736610714769704
262,0.006583564408275536,0.004833253244201206,0.014064118367676189,0.4301236586365541,0.0067013803739444135,0.5376940249693485
263,0.018775918431296976,0.012665918168528219,0.013891963354217971,0.42041960961616637,0.007926340570010449,0.5263202498597799
264,0.014312112355860274,0.010451134355851691,0.04979512104422082,0.4303860244657394,0.023726217623527317,0.4713293901548008
265,0.10050296425306073,0.01737245311483356,0.027209964390648645,0.3717420999618571,0.014349039726296291,0.4688234785533036
266,0.008658844083200761,0.010498901437910987,0.009890093446770972,0.40005377884446125,0.006210381610066353,0.5646880005775899
267,0.011506485200266137,0.012937316866647963,0.014843881592929733,0.38677206707814077,0.008169041861835995,0.5657712074001794
268,0.026133901416470384,0.01122933722398478,0.010394839403211573,0.389039972148703,0.005290829303159701,0.5579111205044709
269,0.016176189445840986,0.014579974451685263,0.009847570565946685,0.36554847623230896,0.005677266881689617,0.5881705224225284
270,0.012123111637280002,0.009200416227249836,0.010842075988682554,0.3755582363359881,0.0069100151807194345,0.5853661446300801
271,0.005019453279105568,0.005157565806154286,0.010403736345820978,0.4199426426230358,0.005067512368001444,0.5544090895778824
272,0.19810361307976618,0.04759022774847369,0.03088179695369259,0.2656658788363774,0.03615092263777853,0.42160756074391126
273,0.0480387886437531,0.015469116451720688,0.04953414756049618,0.39079432911738177,0.03857421135832182,0.4575894068683266
274,0.012534724067086254,0.004329245967936403,0.03988955273471482,0.4657661619437636,0.020839687378789964,0.4566406279077087
275,0.00499269740739472,0.00466856959914142,0.01025057385322737,0.42697195649621905,0.004599524109057338,0.5485166785349604
276,0.019482314323417203,0.008522902632871482,0.018059928546817674,0.4023077145789733,0.008358359389437254,0.543268780528483
277,0.012242842458542305,0.01914656136790859,0.02636956938622667,0.39309167880754226,0.02345845927407069,0.5256908887057089
278,0.03326561752312432,0.011537900621438729,0.0478189181018454,0.4329162307887822,0.03381110608540803,0.4406502268794014
279,0.0058162455428578995,0.002919598305697595,0.011125128321034544,0.4634196072815962,0.004010290099019602,0.5127091304497942
280,0.00940318150087041,0.004203974903708322,0.012479338041089883,0.4254861426689605,0.006975831421711378,0.5414515314636594
281,0.005308359230325009,0.00854233583162921,0.009406390092760033,0.38213187304303503,0.0049009128671664475,0.5897101289350841
282,0.020232586595316536,0.01225513329739411,0.029127669266934032,0.43688589384467874,0.017066551272128277,0.4844321657235484
283,0.012668582853039026,0.010221828277606383,0.009115331193286835,0.39582371168775254,0.0044860683848602515,0.5676844776034553
284,0.007578264652990682,0.0034888926879911137,0.018438433693886782,0.45016563383875224,0.005938685572664339,0.5143900895537148
285,0.003981243687716267,0.00428070098990411,0.008812075541290505,0.4107058799844369,0.0029101648624756927,0.5693099349341761
286,0.007287591310434234,0.00796919241719888,0.00801004165468927,0.3896878718320966,0.0044070130119925185,0.582638289773589
287,0.012922397776351123,0.004095073955880578,0.045775390671282105,0.4640851633097317,0.020783304772618603,0.4523386695141359
288,0.011736664176963457,0.006704002423324609,0.023203053846624917,0.42746156923111256,0.012386441258191728,0.5185082690637828
289,0.01231016679369057,0.006948443053208506,0.00908245549637484,0.39323953629286734,0.004758439203876614,0.573660959159982
290,0.0064536273307406146,0.005528730019376593,0.02156933042816008,0.41509407412992144,0.009198889277056936,0.5421553488147444
291,0.011953294163624648,0.008960519428209877,0.009630609341581999,0.39553101825129855,0.006062969616985896,0.5678615891982988
292,0.01399324598883353,0.006410076215758209,0.017174477674004637,0.4280412738403611,0.007237679282125407,0.5271432469989175
293,0.0186091309345503,0.005535174488376006,0.026289847000730504,0.4462557678779823,0.015967474546109445,0.4873426051522515
294,0.00722287245915453,0.008805714855251218,0.008538924243289522,0.394917078098445,0.00464593321510488,0.5758694771287548
295,0.02679275461725647,0.008668987882097192,0.01830857843034469,0.39843463554067216,0.011666129185195481,0.536128914344434
296,0.01617588212923821,0.011540172833115378,0.015532441552785553,0.38898805106115975,0.010630421615181311,0.5571330308085198
297,0.028618261802377434,0.015564333265432257,0.0183562585910754,0.39557959839327544,0.011333729165234454,0.5305478187826049
298,0.015965591356996885,0.015578964774026826,0.036017431504496523,0.4136661871192778,0.027537690327227127,0.49123413491797463
299,0.00897144861767868,0.004334635972773642,0.009784650468921597,0.40404100585110153,0.003853555217277147,0.5690147038722472
