,proba_0,proba_1,proba_2,proba_3,proba_4,proba_5
0,0.9805257501767377,0.0018290113722401018,0.00022792487494250778,0.0007831995152024101,0.0011076768121494108,0.015526437248727806
1,0.9185469493034462,0.062392612591564506,0.0167386425054518,0.00025170347921428245,0.0013647998993064944,0.0007052922210165078
2,0.9852167630535205,0.007993193739960413,0.0006311244363975252,0.001180228003807886,0.0044127194381645566,0.0005659713281494271
3,0.9437474954058936,0.047155640563931824,0.00025196904055205623,0.0016378252683426472,0.004537407448790773,0.002669662272488978
4,0.8209083116576527,0.001543209064272109,1.3631405920998305e-05,8.874703123512267e-05,0.16781364353713213,0.009632457303786814
5,0.993689693620816,0.00020647558119983226,0.0023298068778913293,0.000756961860823927,0.0025761047720610857,0.00044095728720768815
6,0.916451810069016,0.07650340195400954,0.003867740090873697,0.001016755462687676,0.0019287328614989829,0.00023155956191420654
7,0.7336471982344676,0.2617404479429932,0.00042552324805768526,0.0023948079711711614,0.0007199971766414948,0.0010720254266692068
8,0.9730307371337533,0.018148718489422993,0.004887100436852364,0.001687875144654204,0.002135829421443048,0.00010973937387411948
9,0.9640038428330118,0.020222804870163286,0.0005563449069351445,3.586674913479439e-05,0.010596185354560327,0.004584955286194729
10,0.948335651989964,0.0020467022803289017,2.3991090902472027e-05,0.005939265052757653,0.0415645602172044,0.002089829368842849
11,0.9862583440715623,0.004910328340560652,0.0023689723457947496,0.003570931603441285,0.0015577014299509463,0.0013337222086902817
12,0.9788401286149699,0.016338232807823358,0.0016354162092896095,0.002312245626732419,0.00027176932650001154,0.000602207414684554
13,0.9859237717485593,0.008787741083053644,0.0015971738851127378,0.0002723324476234809,0.0012678300295027303,0.0021511508061479337
14,0.9922304573301695,0.0019873227667808625,0.0009663178694854049,0.0019668144554123644,0.0024626363790048976,0.0003864511991469444
15,0.9624199109954564,0.004017928979207359,4.1960065761329756e-05,0.00031796951072368365,0.027591342576079692,0.005610887872771583
16,0.977524262896689,0.014655194111092496,0.0006395601856292867,0.00402420143743713,0.0005497225936425216,0.002607058775509472
17,0.9585303596981386,0.02759144507388785,0.006944496218614466,0.0003297817084825797,0.006338931222329636,0.0002649860785468597
18,0.990475718020373,0.002371460131906706,0.00038233927835656684,0.0015766132190651945,0.001182028421126028,0.004011840929172273
19,0.7782327040823279,0.15078977700690305,0.000166672898059377,6.472296172580588e-05,0.028680821960252064,0.04206530109073192
20,0.9672208953803775,0.01933038572485851,0.0001935028469154748,0.0036949022029508817,0.0003117997794798666,0.009248514065417822
21,0.9640739384261378,0.01640910348199104,4.034804424813052e-06,0.004141908603249725,0.007559257427873912,0.007811757256322823
22,0.8472490788654925,0.02699906327602288,8.827989500682253e-05,1.280162795399866e-05,0.11369618648566353,0.011954589849860059
23,0.9883220735216934,0.004772235289872344,8.047505661488771e-05,0.0014746213913057842,0.0025490447769627857,0.002801549963550651
24,0.9593322170257489,0.013054719659675886,0.01863828698276168,7.164946648203673e-05,0.00796931291385123,0.0009338139514804523
25,0.9545179142752201,0.006672037871592696,0.03268475785318651,0.0010614114408121077,0.004864039348595062,0.00019983921059346413
26,0.9853489869764537,0.009943630339312231,0.0022523323299375535,0.0015993519203875448,0.00014202950175237636,0.0007136689321564193
27,0.8765693177444537,0.0044465679083013545,0.0004579648688594943,0.11682445147401858,0.0016226788198510998,7.901918451595327e-05
28,0.9077511464517457,0.07989186630243654,0.007411248848404928,0.003722399887927912,0.00032030106660749463,0.0009030374428773637
29,0.9842097389718313,0.005553431036429972,0.004679939217356473,2.3913501616908187e-05,0.0034666223404466634,0.0020663549323187203
30,0.9911888052575676,0.0002958064214138819,0.004033801512694262,0.0034837153928538225,0.00031606727691609927,0.0006818041385544877
31,0.9804480332735401,0.010791996349341986,0.0003039086727518956,0.0003039669512735119,0.003138275736372709,0.005013819016719772
32,0.9351033928041004,0.006825782079560094,3.123050384765841e-05,0.00031533155876095083,0.02285190372097764,0.0348723593327533
33,0.980985005915032,0.00445104002318145,0.002102663406040766,0.00719197260413138,0.005101763242294764,0.0001675548093196555
34,0.9907303691973254,0.002641747343083485,0.001852175476244713,0.00047891012509158806,0.004171296266300702,0.00012550159195425761
35,0.9758563479797834,0.015711073499873367,4.1020626906595826e-05,0.00031047631437400357,0.004419104764067075,0.0036619768149955536
36,0.8020845570518986,0.0028592522136248934,0.002492786303514653,2.2318260857958455e-06,0.18202535404017586,0.010535818564700431
37,0.9812448884463261,0.00840034603035757,7.835316754534418e-05,0.003065595526908901,0.005760611081840181,0.0014502057470218413
38,0.9692193989434863,0.02099893221009014,0.004606318932682574,8.912347812018752e-05,0.003432271011950988,0.001653955423669831
39,0.9413745892151566,0.004218143889010776,0.0005996284363347017,4.938470867125252e-05,0.05230905983171469,0.0014491939191121179
40,0.9147048031194722,0.01526964386466652,5.0950530450722476e-05,0.005502760576557791,0.0636634431743515,0.0008083987345012057
41,0.9795954417043043,0.010375499737929334,7.777495188095054e-05,0.0003774622767202335,0.00721880719767498,0.0023550141314901546
42,0.9221270540592896,0.05209799982250856,0.023919632756604223,9.823370646745915e-05,0.0005811981056375778,0.0011758815494925974
43,0.974288013517035,0.001325128769904586,1.1837795527599083e-05,0.010783131013178326,0.012730980732920758,0.0008609081714337688
44,0.9736132780106311,0.002318122256706435,0.00014265168431189473,8.690445465152391e-05,0.023034331557189685,0.0008047120365092468
45,0.9634056421709071,0.014988037338204899,0.016786604360064773,0.0005488715950524633,0.002888838373877289,0.001382006161893582
46,0.9779684473231923,0.003069680475247247,8.198451044126042e-05,0.00031119346236598775,0.003409881477835835,0.015158812750917324
47,0.9404490464399724,0.0013134572089448788,0.05583428973633578,0.0004269462891738283,0.0018686687165674458,0.00010759160900558283
48,0.932649708792817,0.05842571768253115,0.006276733611529402,0.0010992272416268203,0.0006412385454360443,0.0009073741260597888
49,0.9877545837236678,0.0010393971279325234,0.0037164936583391024,0.003882700914315106,0.003197511225519868,0.00040931335022574735
50,0.02098742354638035,0.9697685313627645,0.0008006989709872687,9.810173330554357e-05,0.0018443819251255905,0.006500862461436626
51,0.027965814555359562,0.9590383936839448,0.0010166008860906367,2.2628083682693815e-05,0.0009673661971119119,0.010989196593810606
52,0.15191779237445938,0.834723629145134,0.0012414288258640852,0.0008668995262140916,0.010769495065546196,0.00048075506278222725
53,0.2513002449649808,0.7446428500563395,0.0020541801145307704,9.434353109567617e-05,0.0013561673378635715,0.000552213995189725
54,0.09177151865166114,0.8919296452261526,6.797471095353789e-05,3.593948641122388e-05,0.0023066420625360426,0.013888279862285307
55,0.011664811606965933,0.9819480778041202,0.0009861280451596399,5.445829266664371e-05,0.003219850726066756,0.00212667352502092
56,0.014404787178450097,0.9615747241060153,0.0034931719931751326,2.1746162182235215e-06,0.0035857481069126915,0.0169393939992285
57,0.2489252326781282,0.7417284532177458,4.711174845274067e-05,0.0002653349468266057,0.0014716574337669908,0.007562209975079596
58,0.0020527830248646623,0.9929171023637178,0.0009821985816656435,0.00035360679615201743,0.0022950860463536787,0.001399223187246209
59,0.05718396534679278,0.9174886881067126,0.0006697325887669827,3.0244830663925723e-05,0.0006617678875353164,0.023965601239528588
60,0.08546992991847988,0.8936064281305149,0.0004734346654137171,0.00024383921638920588,0.0007207595466875668,0.019485608522514623
61,0.011106949312796254,0.9829218119872827,0.003615368238947515,0.0005753519623319146,0.0013679953430758938,0.00041252315556576885
62,0.00925229698637885,0.9851413704333398,0.0007445068151610431,0.00019418322634362332,0.002444389716345002,0.002223252822431597
63,0.05396134405011422,0.9350555719502799,0.00806656354412094,0.0025013723618434337,0.0003335788975368122,8.15691961046225e-05
64,0.09791917326269928,0.8885124760804815,0.0005718668674429691,0.00014090745799542393,0.0018650187179860432,0.010990557613394611
65,0.027777606606035673,0.9681973803347487,0.0014725224758084647,0.00014599367643531325,0.0011961253763858263,0.0012103715305862247
66,0.022456486109762728,0.9695947773911329,0.006472999196999341,8.058344227990104e-05,0.0003725694803380747,0.0010225843794868957
67,0.044771893205367716,0.9493537602194319,0.0014970539449846167,0.0007942044657853998,0.0023932340066262505,0.0011898541578040148
68,0.08721888108932935,0.9069058742166581,0.0005786953450823409,4.7529556419850216e-05,0.0018360021103777527,0.0034130176821328246
69,0.021654690545207148,0.9680936223708906,0.00042223748467452616,0.00023298303581665197,0.008612517068496264,0.0009839494949146906
70,0.16288064252114165,0.8284879050513042,0.00011017869962357084,7.09303184906507e-05,0.004702793843385753,0.0037475495660541478
71,0.048555449658679695,0.9475087318085521,0.0016180384954273186,0.00016517024841158852,0.0010859384563998962,0.0010666713325294685
72,0.026760236353569573,0.9653950027706901,0.0013557625530316428,0.00011281075331228348,0.0007256426192224133,0.0056505449501740405
73,0.004237775938130186,0.9916352868743864,0.0010520602292544811,0.00116706467480715,0.0014153782710635927,0.0004924340123578931
74,0.01624908650214508,0.979522634071508,0.0021759397260400254,0.001699665469446797,0.0001112849405252832,0.0002413892903348175
75,0.014290275698051899,0.9757915512890439,0.0029214018394667003,0.00010156510826859904,0.0024102751414241783,0.004484930923744694
76,0.02212122316595977,0.9692808324746037,0.0017958174857473964,7.189702683729986e-05,0.002825859589321114,0.003904370257530981
77,0.005425977830579483,0.9899857201088564,0.0011326362901804374,0.0005610045368614662,0.0014618618907856853,0.001432799342736613
78,0.053494258057363166,0.9322191129951766,0.012890783359257649,0.00015092615702313198,0.00052463690240193,0.0007202825287773741
79,0.007380638489940307,0.9851826175487282,0.0002513475312401878,0.003019355376083549,0.003758798030423328,0.0004072430235845502
80,0.11395312873118771,0.8581798647901505,9.242553355385788e-05,1.4835906089238735e-05,0.007748283980450008,0.020011461058568655
81,0.10415544371023519,0.892143614301933,0.0025093436883919236,0.0005109003269342307,0.00044571052979840956,0.00023498744270701707
82,0.03199885739557109,0.9425390661046744,0.00032562193941878203,7.11023771412447e-05,0.022267351750976248,0.0027980004322182258
83,0.7066116961359689,0.28298739916124555,0.0013314408977041817,0.006533097987730316,0.0016044192026347442,0.0009319466147162587
84,0.11990162626867824,0.8761463504360365,0.0015171655425919018,0.0005509756456986335,0.0009944373557708767,0.0008894447512241041
85,0.007943819069305363,0.9828408519171055,0.003594597928559921,0.004581179303961664,0.0008994454162254219,0.0001401063648418648
86,0.02238630521552849,0.971409921483019,0.0005915267264208526,0.0001552322934264442,0.0036074591855980967,0.001849555096007101
87,0.04780595120129196,0.9425205361647386,0.0010533756972307285,9.57619882386984e-06,0.0023993404844661476,0.006211220253448523
88,0.1254502745886726,0.870246576442626,6.0034796921166815e-05,0.0005543333534646481,0.0021783244814394713,0.001510456336876022
89,0.07027959223547134,0.9032290838152107,2.8241481598081865e-05,4.3555611295396286e-05,0.0015471135223396515,0.024872413334084544
90,0.1099494351772923,0.8823276563177885,5.075974163567852e-05,7.222074964718959e-05,0.0020668388463775,0.005533089167258622
91,0.007945410847008097,0.9879131838717445,0.00046688522469764255,0.00024495743131065485,0.0017049932671274928,0.0017245693581115294
92,0.11772908836144706,0.8783715488209279,0.0026231515394693535,0.0005010264344386367,0.0004228709259868341,0.00035231391773007004
93,0.006730356533951095,0.988287988123419,0.002528582083292176,0.0016830598175329795,0.0006553507858158921,0.00011466265598885247
94,0.4584745343005316,0.5377716186042644,0.0009012397464004345,0.0012212658918810825,0.0003372942324349028,0.0012940472244877227
95,0.04253611104462438,0.9398813455714279,0.00014579866481820387,6.090454789512262e-05,0.004377933813742299,0.01299790635749195
96,0.2101295763074301,0.7841470231615568,0.0017365131422845902,0.00012235599428680124,0.0015435064413972738,0.002321024953044234
97,0.24812299459594997,0.7482454516918524,0.00013944598249724145,0.000814885407156052,0.0018455847301542757,0.0008316375923900816
98,0.052187944624214506,0.9280592090414408,0.0002559364300377816,2.166282210159115e-05,0.0025505926282949017,0.016924654453910157
99,0.003370324712878295,0.9878380964770797,0.00046595723721883764,0.0005784077264372919,0.0039103827297249285,0.0038368311166609797
100,0.014809650891213125,0.0013101866068014993,0.93132195460961,7.169342244934867e-06,0.052491439366901656,5.959918322888716e-05
101,0.005795758283128598,0.0005118851623118624,0.9850380709731562,1.7342163564286753e-05,0.008624940331359637,1.2003086479323165e-05
102,0.014585014524643617,0.0013384188287611563,0.9432204734377615,5.1730985722940746e-06,0.04080173253792951,4.9187572331972724e-05
103,0.004461148983638297,0.0019355074612434325,0.8990007248470008,1.958454479386008e-06,0.0945131107556199,8.754949801826133e-05
104,0.002605157390153416,0.0034213317814624686,0.9838918258652642,1.2557134841134456e-05,0.010056789843302669,1.2337984976132038e-05
105,0.011329188094838143,0.001454990588172759,0.9724917878619859,9.952833434442124e-06,0.014658381448833928,5.569917273500421e-05
106,0.0011730960934403626,0.010311146601779566,0.9764459582026073,4.540996796444253e-05,0.011988495647774456,3.5893486433856685e-05
107,0.004040714445220545,0.0006277448217565032,0.984466546158928,0.0001191831418274794,0.01074356470867128,2.2467235959690067e-06
108,0.0034588222625151557,0.0005634990055247123,0.7682338142599358,9.791930982909184e-07,0.22757964019995403,0.0001632450789720305
109,0.0005298438197870136,0.00014738705770822407,0.9231574682140778,1.0748067767039343e-05,0.0761417737185254,1.2779122134492153e-05
110,0.5246177202911226,0.0002908681453797542,0.4438550838272034,2.8853572503292043e-05,0.029583131584993313,0.0016243425787977883
111,0.28439093635536833,0.0007628065837934751,0.7118888952198941,0.00010541022182342753,0.0028424673104132775,9.4843087073881e-06
112,0.001857231300008081,0.0004623230925667976,0.9254652069277138,1.3672114213372864e-06,0.07215257544909517,6.129601919484771e-05
113,0.0027246825841562663,0.0015632213098564671,0.9836677997287175,3.3524750099709636e-06,0.012006882251510684,3.4061650749159316e-05
114,0.017735910968837303,0.00035576069208352357,0.9510102490540185,7.260592895400748e-05,0.030824131913352162,1.3414427543923834e-06
115,0.019286610905430067,0.0018680495065431801,0.9398595804151101,3.148297401287141e-06,0.038966599988845385,1.6010886669809966e-05
116,0.00918237283410774,0.0009550606945458186,0.9766239180344154,5.187753298099246e-05,0.013185089171118162,1.6817328319269868e-06
117,0.0014574058004259065,0.0023828593179164403,0.9417006146430197,1.6438270176240335e-05,0.05436440782971532,7.827413874651672e-05
118,0.005621867403206441,0.00089920092176299,0.9793996070049693,3.525664003253266e-06,0.014054852377736342,2.0946628321709375e-05
119,0.010499729626226527,0.0010689250683326022,0.9730602969011872,2.989957920384362e-05,0.015333673794496815,7.475030552843143e-06
120,0.013743094180639655,0.0006261481026812259,0.9825685681580428,0.00023119674906226222,0.0028261001000253003,4.892709548735984e-06
121,0.0006494389629937165,0.00015484134225686477,0.9324148406209856,6.033636875428105e-07,0.06665748952299096,0.00012278618708527652
122,0.004935789921011051,0.00041293494924894117,0.9852759271261369,2.1637065967247252e-05,0.00934024965579078,1.3461281845129082e-05
123,0.0005398227251939261,0.00254319095132507,0.8534045171558742,1.0689579899209492e-05,0.14342872421617245,7.305537153516571e-05
124,0.2911811633247105,0.0007852280462043333,0.6697900345789081,1.6850399584186668e-05,0.03801817007135057,0.00020855357924240992
125,0.005081877536654872,0.00812018993547807,0.9558845510732928,2.655188091576932e-06,0.03064120169656521,0.0002695245699175355
126,0.0023402510333308366,0.00012274243419873083,0.9820968506180254,2.273063780927625e-06,0.01535968824706547,7.819460359869849e-05
127,0.5261957134710826,0.000895129431806085,0.47176511861576464,9.212222216496838e-05,0.0010319213337419589,1.9994925439752034e-05
128,0.1668924498079536,0.0002064493562355447,0.8260823915464657,0.00032025775797082354,0.006494722050177977,3.729481196371469e-06
129,0.02425545787037433,0.0005426351166497259,0.955475153489504,5.819178556466096e-05,0.01965901778132697,9.543956580365198e-06
130,0.007674846386438089,0.00048238803287341573,0.9862592126238203,9.697988411954177e-05,0.005485207177633276,1.3658951153557586e-06
131,0.023264960957552906,0.000589968742825103,0.9715272849368275,2.509136560660728e-05,0.004590576679128381,2.1173180595957505e-06
132,0.0038996244672634016,0.0004030054290456385,0.8028745807327725,2.3187413135384074e-07,0.19255458131592393,0.00026797618086324095
133,0.04452744440690811,0.004558270820805207,0.944249252407499,2.2537613772895235e-05,0.0066228481600109695,1.9646591003810447e-05
134,0.0006201671420241535,0.0012290385855091533,0.9185629942083581,1.73280295056285e-06,0.07950564351332086,8.042374783735256e-05
135,0.0018447024863537194,0.0007658059367694576,0.9784498194913851,2.4995356325996324e-06,0.018349345817496723,0.0005878267323623882
136,0.20096181873224706,0.0037750698168539094,0.7653273181763928,0.0001302789284083245,0.02975309615595197,5.241819014590533e-05
137,0.33341908596059533,0.0013174368737897079,0.6646049926791905,0.0001275618981319579,0.0005269820308105337,3.940557482139869e-06
138,0.003804269811244925,0.0005272200610511093,0.9781548238281196,2.0111107104240645e-05,0.017487429085355412,6.146107124744185e-06
139,0.008155433399738737,0.0019202780255483409,0.9533828617833733,4.16196721978927e-06,0.03647338486996587,6.38799541538287e-05
140,0.002791876804695514,0.0013148643051885058,0.9700892707680568,3.0254185206682265e-06,0.025757625282123983,4.33374214144878e-05
141,0.04483267010691255,0.000651120818415531,0.9213795293470592,2.1141268316816946e-05,0.03310722238329212,8.316076003762694e-06
142,0.1588628433623517,0.006141005481683907,0.7344189792013296,0.00014696991757648904,0.10022667094336699,0.0002035310936914871
143,0.006936055023953538,0.0007402079726085653,0.979707237122852,1.6481623357084707e-05,0.012595342119974439,4.676137254319364e-06
144,0.004211296825615553,0.004107537850240812,0.8096155913413318,2.1415202231971336e-05,0.18201588866584276,2.8270114737148783e-05
145,0.0016166218968262861,0.006592289888137704,0.9795717649335977,5.324991877559411e-06,0.01213542568342869,7.857260613208423e-05
146,0.05892920007426516,0.0006464523848085408,0.9129511337833548,7.307949119221821e-06,0.027389120542490042,7.678526596242658e-05
147,0.008895312773230865,0.00023564693426593957,0.953262360791425,1.1841901822772542e-05,0.03754950402161349,4.533357764188384e-05
148,0.06084586037020277,0.0023716506730223005,0.9229189503906177,5.130698843591486e-05,0.013797657865601698,1.4573712119697999e-05
149,0.004763485473401841,0.00018142224151936615,0.8852691818647488,2.352244180240139e-05,0.10975037452405592,1.2013454471721976e-05
150,0.00037386550537480404,0.01591705090540114,9.79574172708991e-06,0.9106156261483265,3.9790135711414156e-05,0.07304387156345896
151,0.0004584076348879567,0.0025372297374455202,1.343254668791038e-07,0.7492736988450529,0.0002513881922948707,0.24747914126485196
152,0.0002227253684593238,0.001397533189003484,1.2048303743457275e-07,0.5855001843929933,0.0004025118313921066,0.41247692473511427
153,0.05170163672665612,0.0003418734595680773,3.1974518180132565e-07,0.9293715021304181,0.0003925303569845901,0.018192137581191283
154,0.0017684364093484871,0.0006393237030586936,6.356528397417306e-07,0.9885198598697398,2.8565087729764278e-05,0.009043179277283651
155,0.002034984759130623,0.00019347426301982335,7.247757789944319e-07,0.9908886927964294,3.651036236224707e-05,0.0068456130432786
156,0.0005692141232228379,0.0012463406599594628,3.8760593148913196e-07,0.9795806685826614,9.271612651652116e-05,0.018510672901708342
157,0.0016340259282765519,0.0002771971970818477,6.077584135353018e-07,0.9947038986468426,0.00020516854995388775,0.0031791019194315475
158,0.017404974114605672,0.003687693048611306,1.3342307579790673e-06,0.9743775185562698,8.847033961712888e-05,0.004440009710138436
159,0.009178699059471312,0.0006912238672404849,7.723539582480467e-07,0.9857020081512863,0.00015103514835591487,0.004276261419687478
160,0.0010054874540123238,0.001240957681383218,1.912501462159702e-07,0.9699514901961478,0.00019038214205866004,0.027611491276251822
161,0.0073386284199463215,0.015512514127011214,2.466405207833155e-06,0.9390458665422501,5.333582621908427e-05,0.03804718867936556
162,0.00990832854726976,0.001181976034788187,1.4674427329418696e-06,0.9859699791025509,3.975620910160625e-05,0.0028984926635565026
163,0.0005941690088671418,0.003219223436187011,3.0568810392189746e-07,0.7067831547474657,0.00017708150746210784,0.28922606561191416
164,0.05713593147059241,0.002362929491427172,9.391207158607836e-06,0.9360345174747677,0.00017477938374101893,0.004282450972313051
165,0.06998487724966804,0.00046369353228839196,3.6754634890206195e-06,0.9254936783870925,0.0001332776137595918,0.0039207977537025086
166,0.020015327580535494,0.0003345340050376777,3.3781660201624265e-07,0.9374049976152907,0.0007901588823893378,0.04145464410014486
167,0.003625208271438981,0.0007183006528075175,9.362816114008522e-07,0.9456742820619057,4.8548593974377655e-05,0.04993272413826204
168,0.0007796050367860557,0.0008635137895664218,1.4241054751033385e-07,0.8943893827532108,5.6818710271530004e-05,0.10391053729961786
169,0.015827400892568927,0.0007545019667956459,7.00688858464671e-07,0.980044752202362,7.123617862118838e-05,0.003301408070793767
170,0.0027715477413254694,0.0007332633464858476,2.710393991313109e-07,0.9910535285488699,7.294462462471285e-05,0.005368444699294992
171,0.04187839649327709,0.00019959859900632273,7.179799229657288e-07,0.949491593128188,7.80414200901981e-05,0.008351652379515394
172,0.00025663450030646026,0.00028994709370681486,1.2065623995468684e-08,0.19692951206910714,0.0010223615863285463,0.8015015326849271
173,0.0010251130854577824,0.0005273097437304548,2.5862331862476233e-07,0.9511626675034122,0.00014414895436233374,0.047140502089718705
174,0.0005953371320887243,0.0005600365728711316,8.39783905741565e-08,0.8842192648414923,6.765798946041559e-05,0.11455761948569688
175,0.03249642881802935,0.0007509017012604838,5.293002927616746e-07,0.9590512889390254,0.0001707418184125166,0.007530109422979564
176,0.06519416032291372,0.00024580947451294157,7.15402066205649e-07,0.8664960954270131,0.0001183546011905256,0.0679448647723036
177,0.003788085470823016,0.003010932726008674,5.85375403979333e-07,0.9861692881684436,0.00011628210394889728,0.006914826155371719
178,0.0009277168006331994,0.00026114061216749734,1.437840446942806e-07,0.992991479097603,0.0002925980478177209,0.005526921657733754
179,0.00547844726439795,0.0010266538461206679,1.1498607563693393e-06,0.9794527704950241,7.840939315167628e-05,0.013962569140549067
180,0.10787791836352564,0.0006454060474392879,2.5242530597565895e-06,0.238260941759408,0.00019817033338751167,0.6530150392431799
181,0.0018979671321048362,0.000280950031083513,3.9248082220713566e-07,0.8855315414868054,0.0002117185690189156,0.11207743030016504
182,0.00124670557837163,0.0904593784596733,2.6417292886710485e-05,0.7241098453609409,5.423453942038179e-05,0.18410341876870698
183,0.0017010353378857416,0.00029588934856807753,2.4602864004048243e-07,0.9938058755051269,4.228251324604871e-05,0.004154671266533152
184,0.015859635253409412,0.0006716594175233859,8.88430554922895e-07,0.9804734681698746,6.706638897638476e-05,0.002927282339661536
185,0.00037052582384974214,0.0003907412116071833,2.2872053220104274e-07,0.898878799754874,0.00020291355312250503,0.10015679093601433
186,0.0015069164533734957,0.00045569857539792883,4.051909424277646e-07,0.9845761625878365,0.0001691709957649597,0.013291646196684838
187,0.1885138240543615,0.0012026550932988161,1.6822826703431696e-05,0.8043405728935824,8.120598503910732e-05,0.005844919147014927
188,0.012799241036461032,0.0008299095261999369,4.4866605783618775e-07,0.919542202124606,0.0003471017802052763,0.06648109686647002
189,0.00024897485172026794,0.000598083071662358,5.1782770484791685e-08,0.8517663122075787,0.00015588480539216137,0.1472306932808761
190,0.016966783191828406,0.0016194978282968392,1.9643537822696958e-06,0.9672063365978675,5.5185384178086846e-05,0.014150232644046955
191,0.007791642407190221,0.0008470635974826079,8.045131818811429e-07,0.9285082582502674,0.0001464372203568825,0.06270579401152097
192,0.0008208403721763885,0.0010684981093202546,9.890204749655319e-08,0.9565930481512948,6.75352607961947e-05,0.04144997920436492
193,0.00014310952607632808,0.00042513061353847455,1.9307550110884796e-07,0.9621762581630072,7.286816340660304e-05,0.03718244045847029
194,0.013896716196539625,0.005046610341076479,4.180299797895376e-07,0.8846054264631379,0.0009655239936894381,0.09548530497557692
195,0.008336896078213502,0.002222175189857245,8.375609918064125e-08,0.838647373945619,0.00010800352990994464,0.15068546750030132
196,0.03250265585164333,0.0003290553952691343,1.1794733973215998e-06,0.9532225600553978,9.877150229415491e-05,0.013845777721998367
197,0.0015890869281575655,0.004419450429112301,2.1762193898317796e-07,0.8338112477656002,0.0007520753642600952,0.1594279218909307
198,0.008981576985145963,0.00016244502033383216,1.9538618128103462e-07,0.9817147604796714,0.0004539339396396137,0.008687088189027999
199,0.002085078783796872,0.0023316023164560674,1.8396333033182196e-06,0.9775944807566398,6.318375791617854e-05,0.017923814751887784
200,0.01779122237896782,0.00062855572763358,0.034560736360663646,3.101604703313607e-05,0.9469235435771397,6.492590856205363e-05
201,0.00026413584826507453,0.006515138069984253,0.14121996782333532,2.2462077431466276e-08,0.8384634783489606,0.013537257447377169
202,3.17676228977796e-05,0.0011392679818085887,0.014879140612139415,2.7040258882049718e-08,0.9819125402492664,0.00203725649362884
203,6.28708678733824e-05,0.0015152889014120017,0.012114844581634414,6.285727932357251e-09,0.9626535953586606,0.023653394004691707
204,0.0020947196868796735,0.0035057920428071855,0.07848816322960775,1.0074200712187306e-07,0.9110126256527276,0.004898598645970571
205,2.9837927441323346e-06,0.00048070482621821004,0.0029963489505321758,1.6179416893941772e-09,0.9781272898998181,0.018392670912745764
206,4.3516944316579295e-06,0.001796383820485799,0.012710856536462969,1.230671572366157e-09,0.957256114007262,0.028232292710686165
207,0.00039246216044687426,0.00016922047878588584,0.011311609269049522,3.3572255099534633e-07,0.9876589751326861,0.0004673972364807391
208,4.115778337294629e-06,0.0011788568498370703,0.009802922332921068,4.896581234271204e-09,0.9828543415511094,0.006159758591213753
209,0.0007615454492280855,0.0002529606105547679,0.04756306308486558,4.0016886801009e-05,0.9513637657684881,1.8648200062378978e-05
210,5.346888153183588e-05,0.0005048349693627883,0.008411077645991973,7.014741679496261e-09,0.9801113520525913,0.010919259435780478
211,2.5248660029131975e-05,0.003054924791112337,0.037465704925613054,1.3149047288213878e-09,0.942301688959756,0.017152431348584712
212,0.03496292184660091,5.438339155771828e-05,0.02455442017490249,0.00012200186575745614,0.940291380351199,1.4892369982404857e-05
213,0.0034099325396801565,0.0002178624975675085,0.02648036179692284,1.3237701911512455e-07,0.9673101511887713,0.0025815596000390343
214,0.012118167730991973,0.0001669738188215057,0.01762982598976986,5.531296816217473e-06,0.9700114354406657,6.806572293472014e-05
215,0.004539040073136894,0.003667915362739258,0.06675421677566916,2.027044489282692e-06,0.9228821706416812,0.0021546301022841844
216,1.1625481791463051e-05,0.005782426005209622,0.010407627398835547,6.21922097990577e-08,0.9826683012158169,0.0011299577061366934
217,0.04606831530151742,0.002215511363556759,0.007342128769756236,4.680628402499901e-05,0.9442926846918758,3.455358926881203e-05
218,0.1752232925963603,0.00019245474424208433,0.00038386950679393457,0.000158276463451885,0.8239347116112862,0.00010739507786559315
219,0.0028880637511041504,0.00184741173862889,0.03504092062777849,7.760116929132348e-07,0.9584300175270254,0.0017928103437700371
220,0.06794389631813068,0.0029010786288119757,0.3111501363679272,0.001830285010589549,0.6161596938602458,1.4909814294735501e-05
221,0.0002619643199872551,0.0005629755462359775,0.3089389092528535,9.454073526091453e-08,0.6890251605809986,0.0012108957591893978
222,0.0010075552888806445,0.00011966497830899146,0.0070073052502129035,1.83226462031562e-05,0.9918175994586645,2.955237772978475e-05
223,8.328040364692609e-06,0.0003207047570785766,0.020872733932180622,1.3587448696484964e-08,0.9733657282320458,0.005432491450881743
224,9.373307498987964e-05,0.001007287547281359,0.03900854913444608,3.9002646394249727e-08,0.9488377084952714,0.01105268274536501
225,0.0025353797235497,0.0014274466976173712,0.01799687216383538,3.1584898951411247e-07,0.9745977892669481,0.0034421962990599563
226,0.011168621166739163,0.0012563983519193712,0.030253341588168465,2.6563574432987437e-05,0.9572015672759777,9.350804276224535e-05
227,0.00021342224632712624,0.0057914347279542115,0.01426729522851232,8.504495661903896e-08,0.9769759483523172,0.002751814399932641
228,6.266511495417999e-05,0.0002029190037381739,0.001877658510131889,3.068008420806566e-07,0.9974481927554715,0.000408257814862171
229,0.004754741986817933,0.00023455022317171883,0.056458303309621656,8.677332423353172e-06,0.9383424034237163,0.00020132372424895462
230,2.064092288617222e-06,0.0008986965031027365,0.012022743335996577,3.020942548904961e-07,0.9865988233028757,0.0004773706714813716
231,0.0022132383420128926,0.0031018151911911865,0.05486838872168628,1.2628800449693384e-07,0.9360620840826019,0.0037543473745031593
232,5.742460647772701e-05,0.000830554218656829,0.007527035398778951,1.1842923283990036e-07,0.9876573014629577,0.003927565883895941
233,0.0005885294161120544,0.00031367183894711237,0.031782790573460534,3.888673970817402e-07,0.9671490232966625,0.00016559600742074442
234,4.151834796654861e-06,0.0006012098469998681,0.03768903409300211,5.061887463577389e-09,0.9397887655579252,0.021916833605388646
235,0.06369146716907054,3.8621531552304344e-05,0.020733724163293922,4.4802936787775054e-05,0.9153946163231793,9.6767876116291e-05
236,0.022403520428249196,0.00018598003234837526,0.010361865642911474,1.0217032683022164e-05,0.9668293821557272,0.00020903470808075568
237,0.00012559029403982563,4.8467763007895806e-05,0.0026706618489792246,1.0615123205753375e-06,0.9970407980225527,0.0001134205590996557
238,1.546390707214186e-05,0.000341068220236319,0.12021058216967452,7.273654268948501e-07,0.8786991167299126,0.0007330416076775172
239,0.27578274539566555,0.0019034716847113806,0.6340882534476061,9.757632097411815e-07,0.08682269827468651,0.001401855434120725
240,2.377621175850562e-05,0.00153754444120244,0.019806695863269986,7.696993944062747e-09,0.9677888544523325,0.01084312133444267
241,2.717580293852973e-05,0.001582456025620057,0.018102490650507046,5.736762990358046e-09,0.9667808954470322,0.013506976337139247
242,0.001270399070563986,0.007774086625041684,0.13734134755566238,1.2449491025256844e-07,0.8503651653338617,0.003248876919959953
243,0.000609424458948869,6.0332930047136863e-05,0.004026841949193927,5.828941340228147e-06,0.9951895295656479,0.00010804215482208653
244,0.00025853805286281265,0.000345595254108171,0.18636050400037713,8.295744808706557e-09,0.8050169514293657,0.008018402967541216
245,0.00016859735476744677,8.031656151299773e-05,0.001551972718773994,7.563509595674701e-06,0.998116005468323,7.554438702680422e-05
246,0.008264508375821818,0.00012023780824357605,0.014871497095623642,0.0001242136771803744,0.9766175548221571,1.9882209737083428e-06
247,2.267216742441579e-05,0.0061090146294386595,0.05641406937098117,5.7608552143408123e-08,0.932277801063056,0.005176385160547572
248,0.0004638274401377948,0.0043195831620091146,0.049234042018102685,6.744756145404094e-07,0.9432504345911664,0.0027314383129693836
249,2.0216444856012315e-05,0.002091508878333751,0.0035987975541404292,1.884363962578896e-08,0.985245481492493,0.009043976786537098
250,1.129028772568838e-05,0.0020048992537129973,1.608292806671655e-09,0.003313043219112873,0.002716042985567454,0.991954722645588
251,0.002584572559153153,0.0013348763822690483,1.8033228628037877e-07,0.07428716860159684,0.004006623681992125,0.9177865784427025
252,0.0002738222554039541,0.0021237442296887397,1.5688297029385078e-07,0.02724147917891308,0.009950191344250113,0.9604106061087738
253,0.006878591304783198,0.00031247210698628414,7.827227983174034e-08,0.001548478252606899,0.00023366353966528452,0.9910267165236786
254,9.613196606622891e-06,0.0011564118836541188,5.639305236126084e-10,0.001001019460428258,0.0195732132922298,0.9782597416031508
255,0.00030182807626402463,0.010578958417530353,7.23548386293644e-07,0.007008603629277958,0.004108865671271189,0.9780010206572702
256,0.00012401965418690143,0.0017060738534886565,5.855514847101461e-09,0.00836610583971476,0.006242210549407925,0.9835615842476868
257,2.3659075971253935e-06,0.0012332090424173184,1.5545093372899857e-10,0.0011892785110519943,0.008427423383861312,0.9891477229996214
258,0.00047446520050592857,0.00017281832496226962,1.3465104590166112e-08,0.018456948549450666,0.011415697510984622,0.969480056948992
259,2.202304712473744e-05,0.00028127753605150356,1.0082531430024587e-09,0.0006627638715459184,0.004317697416927109,0.9947162371200975
260,3.524407392565873e-05,0.0004128264926781681,4.505123160225301e-09,0.0021106942355818303,0.0006073211558531395,0.9968339095368381
261,0.004071090193811466,0.0001237686708895113,1.2602324603436704e-08,0.00642542757960595,0.02123347404970324,0.9681462269036653
262,0.0006233974342342672,0.0007705632173559933,5.542710876117351e-08,0.151505152558765,0.00032290642367066705,0.8467779249388653
263,7.045734761446966e-05,0.0019136729253295742,3.4934207481365717e-09,0.021659290968211693,0.0009555907791714583,0.975400984486252
264,0.0035995775943798375,0.001056669865065844,3.802781096321536e-07,0.06441074715819121,0.010894246532405246,0.9200383785718482
265,0.0035288002548254167,0.0004852601701950563,3.282800216542965e-08,0.009484656880710908,0.0013085151072755226,0.9851927347589909
266,1.693048805322922e-05,0.0015559226669330747,2.223258201062832e-09,0.006588284826850543,0.001268601179793949,0.9905702586151109
267,0.001261581775861626,0.0008158723885523904,1.70562453535415e-07,0.027186025581795926,0.0012763978992064312,0.9694599517921301
268,0.0002047445786225294,0.0004700819741074812,3.156148741771527e-08,0.025171603606967703,0.00031875145486757653,0.9738347868239473
269,7.611938125712328e-05,0.014696440189680703,1.7974837939941325e-07,0.032363285237397045,0.00032767544710688383,0.9525362999961788
270,5.971685785819901e-06,0.0005355980082774315,9.94217683997744e-10,0.0005666825759859108,0.01092897769611907,0.987962769039614
271,5.387096269569343e-06,0.00044297237301260873,4.281277241877863e-10,0.00423180373075574,0.01309353242540862,0.9822263039464257
272,0.016552433272413857,0.0046234724342327895,4.402710756201036e-07,0.07471695383258184,0.0007718851277014797,0.9033348150619944
273,0.0006456764723662925,0.0011037554575043466,1.9908972865300904e-08,0.004216163275809768,0.00369278958154794,0.9903415953037988
274,0.0006351140064428109,0.0008115615648066739,4.28188615480914e-09,0.12967912914058954,0.0006500441849606688,0.8682241468213142
275,2.198199489506696e-06,0.0008025367056994584,1.8470531488521004e-10,0.0007184072480772755,0.017115345737994888,0.9813615119240334
276,0.0001895855033258231,0.0012154193237369228,8.176767943672079e-09,0.00860006365773831,0.013797582100354725,0.9761973412380762
277,0.0005778015200222182,0.0028352617415604645,3.1262227344808195e-08,0.018665856289402323,0.00200914863697897,0.9759119005498086
278,0.3706079875369227,0.0020004580816009613,6.620954836711434e-06,0.5608015874833402,3.8385431976823885e-05,0.06654496051132269
279,5.0772515553497755e-05,0.00033746837933028474,4.433452839941178e-09,0.322366923888483,0.0002555248679999545,0.6769893059151805
280,3.370143115367441e-05,0.0002773075350667102,1.8557951483986063e-09,0.001735383025257961,0.0022112336755344885,0.9957423724771919
281,0.00041282717701745733,0.00027462232497170674,1.4288437632214636e-09,0.0020310550273148474,0.005726856827211512,0.9915546372146407
282,0.001866390725873104,0.0005724387953135209,9.382541410746874e-09,0.011325384918958781,0.003097995302031632,0.9831377808752816
283,4.188336928014129e-05,0.0017225804783020365,1.6252962629231826e-08,0.010992287307399642,0.000173149677463951,0.9870700829145916
284,0.0010735012041804871,0.0008287845825905179,1.5739656897150805e-07,0.03053875106720142,0.0016497044921391661,0.9659091012573194
285,0.00021149910266492238,0.0013665653222837179,9.786052054425917e-08,0.013512340940732864,0.004577066236392599,0.9803324305374053
286,1.667902534714276e-05,0.0007029143735002646,1.258689796314113e-08,0.008731757123673932,0.0003086705161084298,0.9902399663744722
287,0.0111773948074334,0.0031363757958181816,3.533125892081075e-07,0.2933639751396706,0.0003715477543496607,0.691950353190139
288,0.00047841237125726446,0.0011632986466275422,4.812201393503846e-08,0.023910612625465722,0.003104287414419845,0.9713433408202157
289,0.00047133908667432574,0.0003730444370892324,4.002010011183528e-08,0.014314580740259592,0.00026572234780634224,0.9845752733680704
290,0.00015657214501988803,0.0034341551716718264,7.903217399534915e-07,0.004874914809367979,0.008529364657819921,0.9830042028943805
291,0.00400719977445578,0.00026888126818568774,1.6813015323838835e-07,0.13022494436366802,0.0005849268817375141,0.8649138795817998
292,0.0002215891002300672,0.0015018142848449447,2.8215938499065638e-08,0.10947659077611471,0.0007869563145010522,0.8880130213083707
293,0.002879805112857813,0.004486886610076208,1.47998830140476e-07,0.07153713375300445,0.0014293822901366286,0.9196666442350948
294,0.0007977126511565691,0.0009512704090434767,6.359880989248866e-08,0.08053644679843348,0.0006245112431603236,0.9170899952993962
295,0.0008356939352655482,0.00028086081682693017,2.351643719025652e-07,0.0038593682643880928,0.0001020909326479078,0.9949217508864997
296,9.53156051468022e-05,0.0007167568481611705,5.858340267480644e-08,0.01714138136389521,0.000220918423758486,0.9818255691756357
297,0.004252351178731938,0.0051397287305391896,5.6585534580166686e-08,0.040711678422154174,0.0025648028036156264,0.9473313822794245
298,0.03927568018117984,0.00035568170398165476,2.8964635212004014e-07,0.3941504322949341,0.0033583586584451375,0.5628595575151071
299,3.348154712405686e-05,0.000372473805942176,8.398605707205755e-10,0.001661821063538156,0.014117317791842719,0.9838149049516924
