,proba_0,proba_1,proba_2,proba_3,proba_4,proba_5
0,0.9669660872356025,0.014884841104952648,0.0029062687901025143,0.005082833747749477,0.004973828223683367,0.005186140897909905
1,0.9508768369373387,0.015851968689229296,0.01051004723518577,0.00211939001493002,0.01793768536020981,0.002704071763106463
2,0.9075776284454987,0.06382456460692912,0.007764208093051754,0.006098647969332177,0.009402429301231108,0.00533252158395685
3,0.8828386271519584,0.03198321709076433,0.013971687379906129,0.021987270110726067,0.019902045611933903,0.02931715265471095
4,0.8414873405285884,0.026764552850726722,0.01124119036110329,0.0093333292075414,0.07112887873185292,0.04004470832018745
5,0.9704636017200794,0.008363823178722442,0.005931800767067629,0.0011453212023198834,0.01224804430704269,0.0018474088247684487
6,0.8990504867123779,0.06595945492901888,0.00957448557495623,0.004683885210017418,0.01476286350765959,0.005968824065970014
7,0.871786223601683,0.07262200684400588,0.0115277038509422,0.012810797077411817,0.015434143083271509,0.015819125542685924
8,0.9498514373518795,0.01924465432937809,0.009355775563713975,0.004218835408380069,0.01234966800847566,0.0049796293381731875
9,0.9705416175980491,0.013010940969980811,0.005012838165177111,0.0008281988603508229,0.009333048749270021,0.0012733556571720471
10,0.9133576105092787,0.016852894685830334,0.008529263042155719,0.00770854714328032,0.03499693058912138,0.018554754030333565
11,0.8440012455391819,0.031119867702943883,0.057655320453859335,0.011658414858481589,0.04031031743943515,0.015254834006098525
12,0.9425000960317915,0.03550200651018946,0.004857934177439635,0.003646369460754587,0.009450664193277794,0.004042929626547183
13,0.926369180741215,0.03798254991954388,0.011929100086682956,0.003639202510194355,0.01543750272099244,0.004642464021371338
14,0.9371031253352686,0.029020823733047416,0.013207009557697868,0.0026143099163737807,0.014704199894547458,0.0033505315630645346
15,0.8776440318692654,0.02457544933649869,0.011455480007937715,0.007736319323661678,0.05296431884864755,0.025624400613989223
16,0.8556223268691489,0.09287562284884925,0.01646737968914862,0.007204505017840091,0.01915447760898154,0.008675687966031524
17,0.8838140375685872,0.09213173162407555,0.005284100846020758,0.0028902405673554912,0.012233908378784622,0.0036459810151761407
18,0.9327220759599977,0.0331376741972369,0.007175978030970521,0.00477515083282794,0.015515331678719544,0.006673789300247131
19,0.9252667265593565,0.046185351591365595,0.004297975078320858,0.0047924572489142945,0.01079641219853584,0.0086610773235071
20,0.775235384803808,0.039778175145549245,0.0187904843899123,0.07293678894923197,0.02006098978523667,0.07319817692626159
21,0.9299384188135746,0.015324073203222087,0.0029697451525350256,0.01953289350510813,0.0057207834508456535,0.026514085874714544
22,0.9479170541629857,0.023004594220741848,0.002808762664127641,0.0016357100046750113,0.020095778366638107,0.004538100580831682
23,0.8200011424380472,0.14077664216111607,0.0053442911116526335,0.009819034718063011,0.011477186463244705,0.012581703107876345
24,0.7185650481368526,0.0764126729713224,0.05999577692225441,0.02271650588885024,0.07793715950696045,0.04437283657375999
25,0.6951507946000365,0.04971855449265256,0.09786729785265146,0.01654556224212796,0.11408459007501123,0.026633200737520207
26,0.9621043881670971,0.021152206201783822,0.004339418017289974,0.002516303312686756,0.006856936930073138,0.003030747371069253
27,0.8600279512805578,0.03775671304092773,0.017771682680118233,0.03996561968373918,0.015366299276174925,0.02911173403848233
28,0.6626312823610498,0.17507408281912307,0.06613717456401892,0.032486153360811204,0.03370491791331778,0.029966388981679585
29,0.9475983443673216,0.008553959436616328,0.012462930060393312,0.0019475053900086285,0.02630538182964496,0.003131878916015225
30,0.949322643378362,0.00908417384419632,0.011181734268296132,0.0039104017922674626,0.020646080934275668,0.005854965782602088
31,0.9737492165381894,0.00889526935344838,0.003966095440803447,0.002218104681431749,0.008261992168037675,0.0029093218180894294
32,0.9002385277586868,0.020024032961820617,0.010388727816485335,0.014181440531419664,0.02258835627744389,0.03257891465414354
33,0.7653862031361711,0.04564484417462745,0.05530976584036445,0.032297207646028926,0.056337495127459954,0.04502448407534805
34,0.7584211417069583,0.19538712099948122,0.015018176143224139,0.011230188317091367,0.011081167328764147,0.008862205504480327
35,0.9750630257679567,0.011022890291945947,0.002988217628738258,0.0018697670365075932,0.006674800905077147,0.0023812983697747915
36,0.7949513875833236,0.021404939117942234,0.04532470518039819,0.00680224033843558,0.11995351174904383,0.011563216030856926
37,0.9631200701476978,0.008116975062478294,0.00289947309133123,0.005333359939094056,0.009181373610174579,0.011348748149224255
38,0.9217366917282821,0.038303922440450174,0.017287168567351976,0.0019825482986415327,0.018400574479337597,0.002289094485936442
39,0.9352152510140292,0.008494030932078393,0.01145643311935904,0.001638500628338196,0.04009770076984069,0.0030980835363543092
40,0.9404944276615543,0.026929341009408584,0.004533631858500412,0.007221463522850139,0.009707301712669942,0.011113834235016712
41,0.9417801978709458,0.026612015256133617,0.004127036429081908,0.005702241645250808,0.011515877507973666,0.0102626312906145
42,0.7306009613000637,0.08231273563361358,0.11203504036859253,0.015453422589321458,0.0429164727621003,0.01668136734630834
43,0.9607706273676809,0.006838475418974475,0.002470713862598033,0.00904543188750217,0.005802984658703963,0.015071766804540494
44,0.9447586718991577,0.014342099618699176,0.006588648216567588,0.002293649539269252,0.026335945745752907,0.00568098498055337
45,0.8724032076213369,0.018433074300217303,0.03261706913772598,0.004053318611735119,0.0654374778493933,0.007055852479591101
46,0.910650687749647,0.06305022635498643,0.005680163609727119,0.004385429021017203,0.010642395445113405,0.00559109781950853
47,0.8391923541804794,0.02799162818106044,0.06354724033332929,0.0067864644894814405,0.05412078723944337,0.008361525576205972
48,0.8594807421142399,0.113137164252121,0.005092595552059097,0.005839291655839281,0.009922145375090844,0.006528061050649972
49,0.936445020582993,0.011205612440695588,0.005075392608627866,0.013179374163797237,0.011276692452306027,0.022817907751580317
50,0.01712798324337282,0.9443525705811747,0.008633144918562239,0.007008866017604615,0.011390219648178816,0.011487215591107054
51,0.015328952349293243,0.94913399178916,0.010344507242809397,0.005388786095490974,0.01236321266707499,0.007440549856171224
52,0.05089120605896407,0.8848090274515156,0.013207974126106137,0.012794338848066855,0.017546677977785963,0.020750775537561914
53,0.03219604168404114,0.917675013827123,0.022045455791571508,0.004616644920828505,0.018229998431172987,0.005236845345262919
54,0.02435284305548502,0.9478330434182974,0.00641056808423547,0.005629854047290497,0.00957006374231149,0.006203627652379726
55,0.030958496911834353,0.9145926402035427,0.014085588525234243,0.00861111672504898,0.018419914716408095,0.01333224291793148
56,0.037870419026616205,0.8651165437541025,0.042528796528163215,0.0058360567966262095,0.041309488334833146,0.007338695559658435
57,0.045537232425233096,0.9103543452201706,0.010737061285605741,0.012024303403618824,0.00917151260185122,0.01217554506352026
58,0.010995027235653914,0.951891109127696,0.008464866042148494,0.0055764752704896585,0.01329916944634567,0.009773352877665984
59,0.05454094910795878,0.9021661537738636,0.009860695981616447,0.008264931870646683,0.014274728671879606,0.010892540594035004
60,0.035653914231642284,0.9194661956497331,0.011793959926425603,0.010896390442091114,0.010959751202155307,0.011229788547952644
61,0.025331492842431927,0.9135191409014918,0.01202018386099777,0.015043679189885258,0.012073491790014507,0.022012011415178792
62,0.011880863965249098,0.958104829601087,0.006898102884756561,0.005156899461232278,0.009861272226992984,0.008098031860682186
63,0.0689799024113812,0.8593089397936844,0.019032292555049304,0.010877989821366138,0.0258368984531201,0.015963976965398738
64,0.10293947917699836,0.831312842652553,0.013095833543178892,0.01344458099667424,0.020814927685470806,0.018392335945124634
65,0.012620284102496653,0.9421890043408464,0.012436346724660553,0.00752667126839173,0.013994695119369613,0.011232998444235061
66,0.004323706765874356,0.9690016578752731,0.013015745155639982,0.0033323563946197872,0.0070870516628363705,0.0032394821457563667
67,0.016112500154587105,0.9391099808593866,0.010008952650988183,0.009589209108455106,0.010025136923312949,0.015154220303270308
68,0.029723113496827113,0.9298864057610705,0.009324664874791487,0.005186097852036402,0.018260598741050096,0.0076191192742244875
69,0.006906520177231777,0.9705646227299403,0.005363309420883044,0.004070531203761524,0.007407442615508868,0.005687573852674522
70,0.025141796856788662,0.9391767522121236,0.012382908666284055,0.004434036405781458,0.013198979408504657,0.0056655264505181225
71,0.014328350270651812,0.9464027770954587,0.01880944518885104,0.004953842742268282,0.01015974894942844,0.005345835753341732
72,0.0795663910749803,0.8664421977100967,0.012829674043413567,0.010676440129631745,0.017655350921292882,0.01282994612058479
73,0.00967067595299741,0.9517948441448708,0.006499791112597347,0.010279185035778224,0.00785594717643386,0.013899556577322461
74,0.011171826116733745,0.9549328006859185,0.00865537195689476,0.009165102165146861,0.007688978883174563,0.008385920192131744
75,0.014304626487933896,0.9437131537879272,0.009508672791558197,0.009904843087846248,0.00921757679480565,0.01335112704992886
76,0.03577090665758062,0.9043569510221169,0.016689584160183752,0.00830954193267426,0.021492886167019325,0.013380130060425651
77,0.013988599060118971,0.9493321531188899,0.007795703197076173,0.008080587420248992,0.008906783209298424,0.011896173994367447
78,0.01735544887774932,0.9263785273515135,0.025462105333504292,0.007023816726133534,0.015047195733102654,0.008732905977997122
79,0.015489805257210418,0.9327923107199193,0.006978808222593324,0.01773274653592718,0.007151773757262633,0.019854555507086934
80,0.024482950086180937,0.9446053396673323,0.008068171282177291,0.004151644997919991,0.012979143579768006,0.005712750386621223
81,0.025926547420944364,0.9347152452269656,0.008840596658147652,0.005787981864068653,0.016907292445204503,0.007822336384669441
82,0.010665216685394179,0.9621877701461011,0.005915790837284614,0.005111144370109024,0.008334928189750845,0.007785149771360123
83,0.03435059449087431,0.9016706930451645,0.021178699512602227,0.019985773047514907,0.009645338496053254,0.013168901407791209
84,0.05083835263676231,0.9038106334335461,0.012838293468126448,0.005801400522870315,0.018726201414980357,0.007985118523714186
85,0.011536912440407766,0.9424388656924104,0.010053621258642318,0.017733967604033916,0.006124448874593938,0.012112184129911743
86,0.04268973608366967,0.9041919197144059,0.009700190626668787,0.01360338669248968,0.011636544219046727,0.01817822266371921
87,0.012602279299366505,0.959462097325864,0.007675577378572208,0.0031095896487535503,0.012566339949818565,0.0045841163976250415
88,0.017447269553704917,0.9508801132467405,0.008783879483172916,0.007202663908269016,0.008266862098623592,0.007419211709489488
89,0.013275318814028927,0.9587098737801752,0.00561906286640783,0.00824762062070416,0.005848436089346213,0.008299687829337573
90,0.013623721516147786,0.9607909028480729,0.008054570875827007,0.004029885858676586,0.008822690364449572,0.004678228536826535
91,0.017655252278028572,0.9444854305900103,0.007323561380060631,0.007791304455300193,0.010991663480881764,0.011752787815718483
92,0.07976865245964213,0.8580739792217768,0.016028624486280906,0.010716824409317397,0.021536297538316318,0.01387562188466701
93,0.011497118263047397,0.9446988409500197,0.010411459422708026,0.011347686746079095,0.009865957663557936,0.012178936954587995
94,0.20522834591433595,0.6904222116484166,0.02874333558964895,0.02204796156379761,0.025950087287487704,0.027608057996313058
95,0.009614464128811215,0.9658522775180459,0.0052010147293683195,0.005423689573541508,0.00687385292014268,0.007034701130090678
96,0.12465094445203787,0.8142404436240523,0.01573874613913334,0.007183809733985763,0.026076180782294428,0.012109875268496443
97,0.01495353434762144,0.9543094335916271,0.010200702894695598,0.006025605739731094,0.008170815592039181,0.006339907834285858
98,0.01661673929857358,0.9550115144659664,0.00655471259860823,0.0057900116564881315,0.008664748363242448,0.007362273617121027
99,0.04056975914747748,0.893320199214139,0.010671165939341398,0.016782417748734742,0.012615255779664901,0.02604120217064253
100,0.04055215241115691,0.02382948637940582,0.891974070664603,0.009370513616644744,0.021631384183590667,0.012642392744598762
101,0.0023210557998277915,0.0016830603370616645,0.98400146089864,0.0030189208720962876,0.003850682588664439,0.00512481950370972
102,0.004523881923948345,0.001995170423052022,0.9781879499071636,0.0022724657682638674,0.009563203266152715,0.003457328711419492
103,0.003899363544209153,0.002674649923947836,0.9847741619026574,0.0025509182015367236,0.0023673860692204206,0.00373352035842842
104,0.0016182519246266194,0.001672196176804847,0.9887538158045375,0.0023552137388043177,0.0019398679345444575,0.0036606544206822136
105,0.008136439950201125,0.003360791702327074,0.9389580612380947,0.0028072626718685266,0.04261086451157791,0.004126579925930777
106,0.026493514702413474,0.017139917063530692,0.9209339961957436,0.005644084810540728,0.022268280370629917,0.00752020685714203
107,0.0021350700116711573,0.0016017081720298694,0.9883421778836169,0.0029357711638055436,0.0007854063460085183,0.004199866422867823
108,0.0035241333134276944,0.0019412401807087291,0.9600140482748725,0.0021417583950205953,0.028877900570611115,0.0035009192653598724
109,0.0029649396243829618,0.0012987406268890255,0.984567253410619,0.001548945324118685,0.006674173566899646,0.0029459474470909285
110,0.26513128687747073,0.024921167982723327,0.33452786944167184,0.007195409693816029,0.35798581294987974,0.010238453054438467
111,0.01950635911241873,0.009621308875028168,0.9384254452361259,0.0057719631321587195,0.019183304875668092,0.007491618768600528
112,0.0037095697949381754,0.0018192503693019609,0.9825047775709101,0.0018112336510893716,0.007398498028795146,0.002756670584965284
113,0.0022793905225174434,0.0021631997081093873,0.9886440917190296,0.0020434756276934956,0.0019984288190787115,0.002871413603571477
114,0.006176321804935816,0.003791111582257234,0.9792147022662484,0.003655996160120544,0.002286497562210165,0.004875370624227852
115,0.0027717803197184624,0.0024351793601613265,0.9768275056607078,0.0032819153649018854,0.009307645176157158,0.00537597411835375
116,0.0057361674580696555,0.004811790115000533,0.9759692942196889,0.004501377617354358,0.0026263519586157934,0.006355018631270393
117,0.031087954139408996,0.02094187374264395,0.9145543729072207,0.007646665739896495,0.016045880214150144,0.009723253256680024
118,0.002850120877147879,0.0022307900392469584,0.9834615514920176,0.002806088057701998,0.0041761185006379915,0.004475331033247402
119,0.008511899487992709,0.004404967844246364,0.9702629757676562,0.004297164455395309,0.006045159709854878,0.006477832734854555
120,0.01344368055800581,0.006288326302620622,0.9615672669227313,0.005913363320337667,0.005125860643302539,0.007661502253002018
121,0.0020025620147464908,0.0009339756577944573,0.9697806658401488,0.0011974534246970722,0.024157336062930555,0.0019280069996826985
122,0.0016239820030657347,0.001264550947377563,0.9872134338424314,0.0022945116404535317,0.0034541327859674313,0.004149388780704284
123,0.01304870616259901,0.005489628869213883,0.9420998147974398,0.004001444237051734,0.028058291983424726,0.007302113950270823
124,0.18972943422752736,0.025523595616403768,0.6141883269375583,0.007560953503222595,0.153263667912235,0.00973402180305277
125,0.07234619577279615,0.02205129493894668,0.7303781669441601,0.0075626285379082345,0.15671048349406042,0.010951230312128192
126,0.0014245040075540672,0.0007965428442272918,0.9897676476343009,0.0012721442412524792,0.004772667624261715,0.0019664936484037766
127,0.1979228760555889,0.038632267106113526,0.6385496625534489,0.013755375572772847,0.09490131953217494,0.016238499179900986
128,0.03160964771232453,0.02034517962231778,0.8981308713484333,0.013442952107697708,0.01731394293973266,0.01915740626949395
129,0.04668815888356214,0.01681529462926498,0.8641532355636738,0.01103124816913865,0.04546109535445629,0.01585096739990405
130,0.002927864152265144,0.0027908469222049236,0.9847677649789522,0.003511979487029129,0.0011279340415641965,0.004873610417984421
131,0.002551988649053484,0.0018204735043443603,0.9850875401744222,0.0029170040148598086,0.0025822798284341896,0.005040713828885954
132,0.0036836018124118707,0.0011179202891305545,0.9570480169712894,0.0012028345273039438,0.03515765820083238,0.0017899681990320927
133,0.010687771168649263,0.006107751098154462,0.9360444155046775,0.0074108392125741655,0.0281500147699778,0.011599208245966759
134,0.004395124617757673,0.001829417699695375,0.9247848062196679,0.0018339820451478894,0.064061185666768,0.0030954837509634286
135,0.01065761096061658,0.002842888368261392,0.9260629504449895,0.002057000383161829,0.05538559331256261,0.002993956530408023
136,0.1533893010586702,0.05105662160520002,0.6580093087233758,0.012867242302306063,0.10727230080014181,0.01740522551030639
137,0.0923331367016565,0.03522643143346668,0.7908420059822076,0.014781050964577663,0.04971999877840862,0.0170973761396826
138,0.006601609175637758,0.003411861769358519,0.9741163085958348,0.004438281158405019,0.003956314795419837,0.007475624505344329
139,0.006436299978371006,0.004304024598401212,0.972042115480544,0.0035445824140092003,0.008340367933381033,0.005332609595293731
140,0.007194256398526546,0.0034387231716174285,0.9774355674370646,0.002365771197561952,0.00614714653875761,0.003418535256471645
141,0.005831118501727364,0.0038359921062415675,0.9767487255386673,0.0039006717659818826,0.0036509486582721497,0.006032543429109856
142,0.07761866433961578,0.027996948319963407,0.807454614012141,0.015116395266606736,0.05002030170141105,0.021793076360261905
143,0.005618727457504771,0.003458124482617242,0.9750706869694756,0.004338686268857134,0.004871365495468632,0.006642409326076174
144,0.02437846177250179,0.00920394768560625,0.9225906741701192,0.004279959189746355,0.03291259056534909,0.006634366616677433
145,0.013229772276954344,0.01147424553657403,0.9497390623507046,0.0065265436885225256,0.009925661872399542,0.009104714274845204
146,0.01768342772225416,0.0058644594392133365,0.9465126127672802,0.004502969070469009,0.019321696671064106,0.006114834329719578
147,0.03121734546025835,0.008541422105975019,0.918333886762558,0.005212051373619834,0.02949624633257595,0.007199047965012891
148,0.030029085554380223,0.01205898068592755,0.9261615094062443,0.008370036395214801,0.012534982366680034,0.010845405591552922
149,0.004160703518543558,0.0020146041884384846,0.9830598860695148,0.0027171008613778823,0.003393277942208107,0.0046544274199172226
150,0.012803605302803453,0.021894003073194262,0.00612194614210104,0.9155348385792947,0.007324350514860448,0.03632125638774635
151,0.0018682606320530278,0.0015117937077576077,0.0017812332323019348,0.9088440116247277,0.0028722901757582955,0.0831224106274015
152,0.004988058673895154,0.0026104863992129027,0.00202906413581725,0.9311124268028228,0.0031538203683250366,0.05610614361992689
153,0.0027398578813734127,0.0019074496250987326,0.002790707436508489,0.9777011203707789,0.0029829356085588734,0.0118779290776817
154,0.0018362321528712048,0.0017664991163269096,0.001735304260266484,0.9860538922106888,0.0020668942738492216,0.006541177985997108
155,0.001000283693796404,0.0012261991830450696,0.0015037769729883536,0.9911374794842487,0.001664219538905744,0.003468041127015856
156,0.0014937303401991013,0.003422953163477298,0.002629534012049874,0.9886532376782521,0.002121161778616221,0.0016793830274054913
157,0.0010436348091276198,0.0022597591338089505,0.003560375631347817,0.989747670641742,0.0024521820543650123,0.0009363777296083274
158,0.015643279827253262,0.018504958835478057,0.016555075033834434,0.9090532521559744,0.013299294489235051,0.026944139658224894
159,0.0033920082173156453,0.004533881778210149,0.004091463896475668,0.9739058840811434,0.0048159722753809454,0.009260789751473944
160,0.0029491671525741273,0.004920214880737538,0.0035539747363532393,0.9783304011072753,0.003619474554105715,0.006626767568954136
161,0.023448974396622385,0.0229053411930775,0.008615106428634833,0.8049813753581971,0.00951311808520835,0.13053608453825963
162,0.0017554728915940415,0.0026427643898962166,0.0056827404280328135,0.9864817235908402,0.0025691265726512287,0.0008681721269851071
163,0.007364902279042389,0.007324916792582293,0.006809932863441297,0.88945058040618,0.009786363278407085,0.07926330438034723
164,0.012127113099932071,0.011794670024569721,0.013517611879761644,0.9447446362940332,0.008782490924055017,0.009033477777648338
165,0.017339273790387827,0.014219156512612088,0.009583989701508578,0.9225503251625222,0.01181771979355003,0.02448953503941933
166,0.02059378802757663,0.007938049164846021,0.003634024929778565,0.8286687762611462,0.005752150874094368,0.13341321074255802
167,0.00544792647956053,0.005169814524740092,0.0036221519045454204,0.9538452395284213,0.004458647099248086,0.027456220463484678
168,0.003672185977721177,0.0031999914184712036,0.0020286644593257718,0.9007517200987494,0.003900984808325592,0.08644645323740724
169,0.0018932416641048745,0.002049377180747245,0.001781194127820985,0.9815265492483478,0.0024279978467743393,0.010321639932204673
170,0.0009204534611187863,0.0014177979146767772,0.0018031324124847847,0.9922093022787715,0.001755608862470572,0.0018937050704774543
171,0.001840832833646911,0.002189970174202224,0.0029220431738935797,0.9875565893840621,0.0027764086257808123,0.002714155808413932
172,0.00664960774794248,0.004223259628355108,0.0015666780156187233,0.5782162296288016,0.0028401893663103617,0.40650403561297166
173,0.0013854769326315862,0.0010873255614676073,0.0012927574098731585,0.9530809886728553,0.0020048026900874472,0.041148648733085394
174,0.0018337393549359214,0.0010704067989760085,0.0011226032831717816,0.9533615091071054,0.0018946966765075958,0.04071704477930337
175,0.00839697848348386,0.009722335604473675,0.007910261227918878,0.9596510596195288,0.007406703916212229,0.006912661148382705
176,0.0188969829583135,0.011993558027022766,0.006629079645102802,0.8936856298353673,0.008232314261476758,0.06056243527271711
177,0.0016606715222904174,0.004844769043441375,0.003887879266824095,0.985857370960956,0.00272920430130584,0.0010201049051825012
178,0.0011692944901698422,0.001308945118495694,0.0019987332257143226,0.9909937627213848,0.002287179330591094,0.002242085113644116
179,0.0024839876235147494,0.005226658244236539,0.005280989755772825,0.9813489749624219,0.003338249091275166,0.002321140322778869
180,0.08292728175064193,0.018190005821267053,0.007718050963299098,0.36193745196380295,0.010350818230668744,0.5188763912703204
181,0.009012956839937603,0.011528953191054393,0.006098597264495938,0.9407145422173884,0.007077286343988412,0.025567664143135084
182,0.020321596739779072,0.01888423244904667,0.016703812775188145,0.8649469527116281,0.014222101322461378,0.06492130400189672
183,0.000982365066335727,0.001223111903096977,0.0015187725304517028,0.9907878352771318,0.0016589419083634252,0.0038289733146205734
184,0.0019258805671385243,0.0022745124741331757,0.0028981302708644533,0.9855523936643221,0.0029813392991974498,0.004367743724344585
185,0.0035606373198598554,0.001620075537006729,0.0016365531299843917,0.8733278080822574,0.002903021013986424,0.11695190491690544
186,0.0014347331420379744,0.002295972659483476,0.002608154416606634,0.9871668985119005,0.0029241388074121885,0.0035701024625592404
187,0.10380533246638443,0.052898245386421516,0.025416055714357805,0.6443666836003706,0.0314035193242479,0.142110163508218
188,0.03260248181292449,0.012842913298349665,0.009055159303623002,0.709939960952876,0.01155300276724856,0.22400648186497812
189,0.001590082273682862,0.001185142578969028,0.0014146687912899858,0.9651322945119665,0.0020417284783638572,0.02863608336572801
190,0.005912346248731554,0.009347492260662003,0.007229250419982156,0.9676967239725082,0.0055866993293355914,0.004227487768780416
191,0.01328708078195844,0.012922732492194191,0.013441877616772357,0.9185849472934515,0.01383318459091212,0.027930177224711295
192,0.002239860299907478,0.002422955080927442,0.002135185020555921,0.9732552451610522,0.0030340574238168234,0.016912697013739954
193,0.0005631641375886932,0.0004195896629630519,0.0007805264328184223,0.9882990128363419,0.0011483085360623694,0.008789398394225816
194,0.01953366471221604,0.017022278741150365,0.003971483019773616,0.7886871848068852,0.005444868086064547,0.16534052063391047
195,0.00887970805744814,0.004768127343993345,0.0032400273148040794,0.9141693990653782,0.004932095101923559,0.06401064311645259
196,0.006562977573444781,0.004239997466259877,0.005714309007324443,0.9654839250826316,0.005345194990666599,0.012653595879673001
197,0.003219553879654144,0.0029686011323795457,0.004110088590001778,0.9815983907048933,0.0032563894529957144,0.004846976240075548
198,0.0009858380317742787,0.0011382995496017384,0.0021215256286975896,0.9893897273458168,0.0023606199746111774,0.004003989469498517
199,0.0049642011466528736,0.004995911554282736,0.004907420472872405,0.9661502193573495,0.005698128870168819,0.013284118598673471
200,0.050148743214646616,0.010118054063688797,0.024886025156412594,0.006001072348611343,0.8951317026405122,0.01371440257612852
201,0.004901683743653024,0.005375852750712881,0.03135556483457751,0.006012460838368191,0.9420789866577629,0.010275451174925303
202,0.010351710545887337,0.0013195326555941439,0.009243346154099375,0.0009100032028493561,0.9768852964954997,0.00129011094607018
203,0.0012963937661147045,0.001308108193049046,0.0022355870462420512,0.002324120150252534,0.9884958650991906,0.00433992574515126
204,0.004496525946636861,0.005004737366706875,0.03390221678957711,0.006319947748869434,0.9405866089350945,0.009689963213115074
205,0.002491207835049488,0.000622785367434745,0.009831543996743623,0.0005198501798050956,0.9858861765978275,0.0006484360231396244
206,0.0033822584697220525,0.0006133746489283208,0.005165937297969496,0.0006360150717954099,0.9893374211677914,0.0008649933437933986
207,0.0039417450892388585,0.0015137378332827948,0.008149860043713847,0.001237859244617025,0.9826940116305503,0.0024627861585971096
208,0.0030589897179566588,0.0007633572948622782,0.013800975941684963,0.0005242888063392796,0.9811621025704101,0.0006902856687467494
209,0.007692206647375144,0.006715979426021954,0.014157293007421006,0.003809575939494031,0.9584486679272527,0.009176277052435323
210,0.003128996465628236,0.0011538567567810271,0.016685918152450102,0.0010120979301847719,0.9767391841760352,0.0012799465189202248
211,0.0028748869539715785,0.0012137010720674887,0.0170053187215886,0.001070052357524053,0.976540013953837,0.0012960269410113696
212,0.019116496760189467,0.012648573276048692,0.020999634032789646,0.004584472151279316,0.929447912677294,0.013202911102399253
213,0.020435711008513817,0.004064266623326889,0.014244352073101272,0.0021013753217089645,0.9559132416660259,0.0032410533073233033
214,0.021519496421938435,0.009809838569627274,0.05315368560670763,0.004124638893852987,0.903564664861171,0.007827675646702538
215,0.09509994540170177,0.012780882108831276,0.04630104369802584,0.007450842108903198,0.8250617575210909,0.013305529161446693
216,0.004426258391009447,0.0025784592850225407,0.011153682820104713,0.002090954245189772,0.976579905602406,0.0031707396562674307
217,0.10561569321140225,0.023919951272133734,0.030324603718331036,0.005637111627535545,0.8205148621950837,0.013987777975513696
218,0.37696955770024865,0.04402506285497211,0.04859367995885136,0.012311603906171332,0.48806622019699963,0.030033875382757154
219,0.03507222064138347,0.012826139435034342,0.08602028817399145,0.009860976814514527,0.8417750848784481,0.014445290056627815
220,0.2213735556904605,0.044986242543666385,0.10840787248150924,0.009332219720503314,0.5950711579761427,0.020828951587717744
221,0.002751020930236472,0.0015288353339990076,0.024207217100206027,0.0015488905306137073,0.967776718390188,0.0021873177147566343
222,0.011875829100305095,0.005757945356274147,0.0056487759481245675,0.00420823916687217,0.9603317953078289,0.012177415120595194
223,0.0008466691190313926,0.000536811622668252,0.0026018481033639324,0.0006940855542481107,0.99412040908062,0.001200176520068056
224,0.007445335676362683,0.004606352494058983,0.02028835904885699,0.0041178739659811225,0.9573818280255743,0.006160250789165938
225,0.030403343706397044,0.016188616618179507,0.0688306007492818,0.014964434172359214,0.8430322638944432,0.0265807408593392
226,0.09759533511211266,0.02131145410639127,0.035232725535832586,0.005880234277207542,0.8257104162197588,0.014269834748697394
227,0.004838730682434656,0.004919483085091228,0.012717159643649225,0.005973738861088551,0.9609675907228666,0.010583297004869313
228,0.0035965458340067136,0.0034066989287875288,0.0014759040086828163,0.0021154323403016328,0.9834669299600649,0.0059384889281564116
229,0.015346801258303497,0.0097632709894961,0.06564648335370551,0.003348773974275876,0.8984864405675378,0.007408229856681376
230,0.004478580719654774,0.0018378698007753937,0.01407906723159455,0.001581154805489151,0.9757473715093308,0.0022759559331553565
231,0.0036504998240110293,0.004839108784818902,0.01645015368169928,0.005962374492415444,0.958551174388438,0.010546688828617558
232,0.022686366149620964,0.008918198479148454,0.030491951435881324,0.004581496321122707,0.9261675758000648,0.007154411814162059
233,0.016735948696996076,0.002415682014273662,0.05396773840998922,0.0011594206383837746,0.9240054611143075,0.0017157491260500885
234,0.003674932958907557,0.0010882830329230254,0.050317451124385716,0.0010728129415423446,0.942615444892071,0.0012310750501699859
235,0.013987236747384902,0.007445121405409559,0.006222746205664059,0.004371021892199168,0.9544491982817666,0.013524675467575796
236,0.021399902609452168,0.006134986932314982,0.013235156770096247,0.002612857919987992,0.9490581164335155,0.007558979334633071
237,0.005333811611927521,0.0036302926630910805,0.015460684171902848,0.0019292745183757268,0.9704781772707987,0.0031677597639041643
238,0.017116578725361997,0.0075986509631024044,0.07027272584753118,0.0034350616379324635,0.8963186837213203,0.005258299104751073
239,0.0625390922192943,0.013093283798941627,0.27389211832698895,0.006438573856989133,0.6348690892268986,0.00916784257088801
240,0.0038800420478428375,0.0023230647250224437,0.07007389213687966,0.00118085522600088,0.9210749936471726,0.0014671522170811907
241,0.00254810062208008,0.0013568243363802329,0.0017721781298010472,0.0015276386308430883,0.9896310591019792,0.0031641991789163413
242,0.007317134093978599,0.006546876219871987,0.03371739356968698,0.005763322703283249,0.9382635554998365,0.008391717913342448
243,0.005275923612634951,0.005273819733482238,0.0037824741106320184,0.002938842366855259,0.9739971840194789,0.00873175615691663
244,0.0016226582984695719,0.0008849276301723587,0.05851408815214433,0.0010653709516240581,0.9365476225183265,0.0013653324492631062
245,0.004468650006498731,0.003984526858981787,0.002651058682622542,0.0031165467509703935,0.9739318781790963,0.011847339521830183
246,0.013656624657252151,0.009146205078710693,0.014007989840520724,0.004458554094952858,0.9474355913392316,0.011295034989331853
247,0.016915295208882967,0.004499746353451939,0.08932591587899101,0.0026418201989319543,0.8835586176209995,0.0030586047387425653
248,0.009710967778291288,0.010478102310828784,0.02367831036792036,0.009478335755308731,0.9304454760411105,0.01620880774654023
249,0.008558376505719752,0.003365048855169696,0.06446121011854153,0.002184661037961652,0.9186391235284145,0.002791579954192531
250,0.0028661218316744516,0.001245629945776803,0.0010441831326827948,0.0023503619773491543,0.0015400597725821236,0.9909536433399345
251,0.013089245303358693,0.006443722351332474,0.006021195191647526,0.1813686917866367,0.010560289801499412,0.7825168555655252
252,0.007034831494050163,0.005064564684524174,0.009024003195337194,0.015535802312569921,0.020173112720194272,0.9431676855933241
253,0.04538610146909851,0.01072037852418571,0.006568117423714508,0.049701922544977496,0.009734731181997903,0.8778887488560264
254,0.01214132055367432,0.003136874754773071,0.0016281141003210988,0.0071016744573952515,0.002117568907923332,0.9738744472259129
255,0.009596833724204546,0.007999599502344513,0.011941107423429756,0.021352354880879238,0.024749444432316706,0.9243606600368252
256,0.0050675786515922625,0.002192844000998034,0.0015119761409229135,0.02727302400067879,0.0018595467432610704,0.9620950304625467
257,0.0014536114814091069,0.0006080941106610584,0.0003518251942065494,0.003724955773656957,0.0003809062744244065,0.9934806071656418
258,0.012990880289041324,0.003250345084941946,0.003469042968884122,0.011862392537044743,0.006371504942789558,0.9620558341772986
259,0.00270300008775025,0.0013396895030122209,0.0008805151119696553,0.020054685071366946,0.000922038977420547,0.9741000712484803
260,0.003241702859566704,0.0017539846505307901,0.002028506590065567,0.01142100595891021,0.0032757600470085294,0.9782790398939182
261,0.08898245269115207,0.02881115995893783,0.008195793758189265,0.06653548357065607,0.010819047311728561,0.7966560627093364
262,0.01580830705152748,0.013012836281925037,0.008016173299540776,0.06564889999713101,0.017698634875876616,0.8798151484939989
263,0.0049891792966787005,0.002951826705717242,0.0017935610382714166,0.0407347812468213,0.00216384129688067,0.9473668104156308
264,0.017105362616635218,0.009821596224805848,0.011306206345248603,0.07312492127672023,0.021475801065162968,0.867166112471427
265,0.05208413343684131,0.011009283811135796,0.005248545209671203,0.07142440514390945,0.006605245868642295,0.8536283865298001
266,0.003067037409608313,0.0027899943095477217,0.001453188483694975,0.006624330315143999,0.002363380456548189,0.9837020690254569
267,0.010788814271974066,0.005763750885263597,0.007031301485522502,0.02022406774334187,0.013480998655059482,0.9427110669588386
268,0.005768839518884676,0.003227721277420509,0.002527244729044362,0.03632626980533837,0.003597429726284094,0.9485524949430276
269,0.009560086869174868,0.007186413336161111,0.0035965578179962994,0.015929978981926704,0.007090882334145898,0.9566360806605948
270,0.002967149841468211,0.0009252812130599421,0.000968351460772271,0.011922659717625461,0.0012466037124802855,0.981969954054594
271,0.0011474237059879361,0.0008058562843501599,0.0006357766974491993,0.013270842694310971,0.0007453891680079885,0.9833947114498938
272,0.04769211013411572,0.015796802072887882,0.0073153922029444325,0.053685453342236227,0.011548549513961039,0.8639616927338549
273,0.015018836347282719,0.006654377371881633,0.002067785528215586,0.10168516568455886,0.002274490508852703,0.8722993445592089
274,0.003518969943342341,0.001416128125540043,0.001131016291864905,0.05020375227505857,0.001592572936892287,0.9421375604273018
275,0.001419108068844983,0.0008668434929169093,0.0007264124085063935,0.0036120543578938968,0.0009480603599674131,0.9924275213118706
276,0.005470791721714467,0.003158587551453787,0.004480959602555414,0.003290436245931525,0.009361616490218173,0.9742376083881266
277,0.0058372423336714805,0.003439326737508196,0.003064908168214132,0.013804094862877541,0.004989659440603808,0.9688647684571247
278,0.21656626954922456,0.06259522341809953,0.029930103032614983,0.09527601487496222,0.06313228130460151,0.5325001078204974
279,0.004837272583398884,0.00272140687885557,0.0016179759181048589,0.16794720481267883,0.00252464692074604,0.8203514928862159
280,0.003072714110059573,0.0013673712190214618,0.001204775908054528,0.0012266261231986969,0.0018981635469764106,0.9912303490926893
281,0.0010568635124170956,0.0008104346984592136,0.0006591504910939352,0.07130014959832982,0.0008826558972145809,0.9252907458024854
282,0.038115069529686796,0.011645830062952937,0.0030841547251360254,0.04309415464493414,0.0031890564604619962,0.9008717345768282
283,0.007859818515380949,0.0030919894119047415,0.0015387240477848388,0.025649841345757637,0.001862409277149056,0.9599972174020225
284,0.009081122016668983,0.004984103211345489,0.009306763527879371,0.013381192892649949,0.019792021726102994,0.9434547966253531
285,0.0019130136558571798,0.002312929039522427,0.004716936441642401,0.014076368489796,0.009922471899254449,0.9670582804739275
286,0.002115565136148969,0.0015381543070357372,0.0018748540118711037,0.005931956497578788,0.003094888414181048,0.9854445816331839
287,0.03874713104475786,0.018348789607632764,0.008574266458767969,0.2608946085707091,0.014464383790666089,0.658970820527466
288,0.0028659094787351147,0.001612512953009217,0.003322071549818391,0.01363661884867418,0.006448925412329212,0.972113961757434
289,0.00879274902892921,0.00544435437261932,0.0036255183266605388,0.010765805217210675,0.0074184351146134924,0.9639531379399666
290,0.0086857829419421,0.00610438865956181,0.01066797698927484,0.015103915194599339,0.023915896302651746,0.9355220399119701
291,0.04059510729256472,0.021840425057419226,0.01363208288846581,0.036932436381823586,0.034862987364651425,0.8521369610150755
292,0.0038172150643792004,0.001923911466330417,0.0019396427950960679,0.14569727946766642,0.0029412559256768653,0.8436806952808505
293,0.058480935318465176,0.018068638525289515,0.009869967150864217,0.04268591811159898,0.017642238834942446,0.8532523020588397
294,0.01618804164294262,0.008932022661729516,0.008277309036335133,0.019112955616378158,0.020871516565846585,0.9266181544767679
295,0.01968791538532951,0.008801434150345936,0.007021472715688479,0.03724074284640902,0.014426268126468838,0.9128221667757589
296,0.010029585088204512,0.00596121688071725,0.004371812026247105,0.030981567681609652,0.007940534203375508,0.9407152841198455
297,0.03027897197503187,0.009896977566267505,0.004357042525555135,0.43505710799954056,0.004832346550343366,0.5155775533832615
298,0.011379708615350112,0.007782914076369433,0.007993296048926363,0.8803421801564867,0.009748673616152916,0.08275322748671464
299,0.0011023699409340114,0.0005818895866731982,0.0008288753362954316,0.0055389089854126425,0.0012451359969245803,0.9907028201537603
