,proba_0,proba_1,proba_2,proba_3,proba_4,proba_5
0,0.9996773201017003,0.00016291370641024732,8.14683157818995e-08,7.185206512007634e-05,3.741412394310138e-05,5.0418534510415174e-05
1,0.9978199348212377,0.0019753451901443433,0.00017958582841548582,5.177158062135568e-06,1.8180074999979923e-05,1.7769271405703404e-06
2,0.9982521458076125,0.0015866051601136858,2.2647417180014243e-05,0.00010019762508338425,2.908821247209284e-05,9.315777538314763e-06
3,0.9977769537012009,0.0018198914907992174,8.611258299376072e-07,5.549931782444419e-05,4.824182200520895e-05,0.00029855254234043265
4,0.7119391557434231,7.068953642777335e-05,2.6849897773717073e-09,5.017468581840327e-09,0.027681453120670958,0.2603086938970197
5,0.9979761699812681,0.0005377904523303931,1.5220823899096684e-05,2.4197834863878226e-06,0.001466314298297992,2.0846607180532806e-06
6,0.9877277534048904,0.011227291674410052,2.7161867560187607e-06,0.0002901434926622149,0.0007496400001959837,2.4552410854808285e-06
7,0.9805638068188547,0.018533894388277253,0.00017446979269051006,0.0006972903195913252,3.012616102587292e-05,4.1251956032183857e-07
8,0.9942874397549053,0.005508127251230387,4.137566831536746e-05,4.0998250598219104e-06,0.00013534667540590699,2.361082508301384e-05
9,0.9968042752541497,0.003017811842727619,3.880130528482316e-05,1.1300779367658335e-07,9.383506019244551e-05,4.516352985185594e-05
10,0.9992035302797907,0.000128474284314766,1.2931864711422464e-06,6.215229787451348e-05,6.618704961129342e-05,0.0005383629019377447
11,0.8583157820083298,0.12845019730827825,0.01099416660283364,0.0008580211378707075,0.0013781334590189985,3.699483668709985e-06
12,0.9947263798142125,0.003677742218222625,0.00020785660478506661,0.001383912067838355,1.421435899104278e-06,2.687859042600089e-06
13,0.9309739714424079,0.06791928926975647,0.0009572395944804886,6.581940936108021e-06,0.0001421313003022459,7.864521169337865e-07
14,0.9979218286015814,0.0012832026001445504,0.00011409930249256675,2.3877205818884543e-07,0.0006769251617863118,3.7055619369817223e-06
15,0.9880331837672499,0.0001211534893875969,2.0651547558729998e-07,9.94126385040963e-08,0.0069877142027263365,0.004857642612522066
16,0.9784725613367591,0.020792295276190805,5.6591341421133106e-05,2.8989679855776926e-05,0.00064214094448693,7.421421286437262e-06
17,0.9958123635734856,0.004002412354956787,1.617032517250616e-05,9.918458082464449e-05,6.950161119025128e-05,3.675543702402631e-07
18,0.999443446097591,0.0002931272474155259,1.602663747238873e-05,2.769897297833867e-05,0.0002190046686514899,6.963758914072636e-07
19,0.9844988364789149,0.01363953874092302,4.214033598001255e-07,5.32946782127904e-07,0.0010006547250699185,0.000860015704950518
20,0.9429546793880312,0.010241218633540198,2.21778302474619e-06,0.04679450800442718,4.969593888040739e-06,2.4065970886840295e-06
21,0.9884632355057822,5.406223908985373e-05,8.113442567375363e-10,6.106793416297576e-05,0.011127702811637387,0.00029393069798321384
22,0.994410456089924,0.0026091861662949642,2.6883390651714865e-07,2.5797737372072036e-07,0.002786906356684162,0.0001929245758165853
23,0.9943385549414934,0.0053693036664778605,9.00291816672058e-06,0.00027392997936862446,5.365914084589876e-06,3.842580408920122e-06
24,0.9937577627795814,0.0019477985344043473,0.004196677559005256,1.0694805477533842e-05,8.620589565141143e-05,8.604258800150547e-07
25,0.9846459633127355,0.009897201805315541,0.000670903892821396,8.130538799807492e-05,0.004701114690935946,3.5109101935786655e-06
26,0.9984997888378114,0.0012277544597716445,9.150389390687823e-05,0.0001764352085469246,2.3673098705583965e-06,2.15029009224851e-06
27,0.9968134427188602,0.0013876763106797918,3.0691257989134833e-06,0.0017654420086651809,1.3102716939136655e-05,1.7267119057016432e-05
28,0.7798969150417747,0.2142739335816917,0.0011571167362265616,0.004668649992535164,2.4476693552133767e-06,9.369784166491547e-07
29,0.9993578078240586,2.0208772018820657e-05,0.0004624503316849813,2.684598902317181e-06,0.0001533312225974557,3.517250738042814e-06
30,0.9993769980765306,0.00041317337486324214,0.00011727638588872806,1.0123513938217865e-05,4.252835748743041e-06,7.817581303035626e-05
31,0.9991294750650882,0.0006908520697533068,5.190400966032876e-05,4.242616547529734e-05,7.968343644067738e-05,5.6592535825588035e-06
32,0.9884746468124455,0.00021425405691990175,1.8559499148187269e-07,3.2017965207381776e-07,0.0005928599166343482,0.01071773343935663
33,0.9986911265675347,0.0003124403432669156,1.9019159082542158e-06,3.101961035934378e-05,0.0007357801024597287,0.00022773146047105544
34,0.9983410297107038,0.00048607733448280936,9.910428175358588e-05,1.1899387452771189e-05,0.0010616768477738536,2.1243783308355002e-07
35,0.999380523081003,0.0002459546553197142,1.082465173160673e-06,1.0672342870768038e-05,0.0003236972084135647,3.807024721970959e-05
36,0.9963844334515715,0.00012183085700067749,1.7553993982831583e-05,1.589167991231636e-09,0.003354890484968543,0.00012128962330860969
37,0.997053425344228,8.551225589339166e-05,5.5553117548379e-09,4.3772000043965943e-05,0.0026811678199934567,0.0001361170245292695
38,0.9977296205253268,0.0008585814228230751,0.0011553140460758755,1.1239961222708344e-06,0.0002543400916309329,1.0199180210909953e-06
39,0.9918807652793377,6.623717835132965e-05,1.932286899914721e-06,4.1970019313768374e-08,0.006380346668951416,0.0016706766164402637
40,0.9933992814461808,0.00350510614849174,1.2175172554050925e-07,7.654488381616254e-05,0.00298045550343915,3.84902663466408e-05
41,0.5785213601442335,6.51053554818978e-06,2.0127609417211355e-10,5.58156802815021e-06,0.4214518852317293,1.4662319184827987e-05
42,0.672678437631362,0.022160723701459235,0.3050921955804047,5.371226163143083e-05,1.4920560483983616e-05,1.0264658522645719e-08
43,0.5113723023893652,3.213321888210304e-05,9.285583604151137e-12,3.5819852803005453e-09,0.0427625885321103,0.44583297226837165
44,0.9552601255466834,0.025017599795759952,7.5056704066930055e-06,1.3645744299661541e-09,0.0003178236460787934,0.01939694397649678
45,0.9904746135392519,0.00026219569803642657,0.00014985010413150454,1.4062780429258296e-08,0.00881841871261951,0.0002949078831802339
46,0.9996538590656617,1.903540941485206e-05,3.2166559851127815e-07,3.07620377549809e-05,0.0002773927860577845,1.8629035512226153e-05
47,0.9966261866959376,0.00011440347061256035,0.0030996832736983433,2.4509620420020343e-05,0.0001350958342701653,1.2110506126843023e-07
48,0.9946336036907825,0.0022174960644468257,1.145423459353009e-06,6.734743088320548e-05,0.0030771737725770435,3.2336178512589506e-06
49,0.9983262618786264,6.816552419982185e-05,6.21032836204483e-07,0.0004735910307241004,0.0011220653139187226,9.295219695028523e-06
50,0.00017752952287339313,0.999717381210132,3.0647759588832327e-06,6.129764775058985e-05,2.210227608155464e-05,1.8624567203699522e-05
51,0.00044492390777348475,0.9994917238619989,2.5594146291835012e-05,1.9976293437345757e-06,1.5926017527799216e-05,1.9834437064397684e-05
52,0.0108240521041606,0.9889638387820967,0.0001071515253438172,5.217010543795515e-05,4.949092926808849e-05,3.296553692959552e-06
53,0.012322066086895258,0.9873374576525361,0.00027865481061624056,4.9311712916672654e-08,5.759036120051089e-05,4.181777038692512e-06
54,0.04181689877730464,0.9579666197696488,2.0637068203341015e-05,5.8351480639263036e-08,1.1128279869570433e-05,0.00018465775349297916
55,8.969659630106795e-05,0.9998477668755441,8.627346344143366e-06,1.8385520002239619e-06,2.3290363079996263e-05,2.8780266730440834e-05
56,0.001454023210744062,0.992409045619442,0.006109761762326088,1.387781403930833e-07,2.6030466678004163e-05,1.0001626695246045e-06
57,0.10378032871427975,0.8961369422026625,4.671811490124464e-05,1.6039723286138417e-05,2.350560831332601e-06,1.7620684039145155e-05
58,0.02768977628610269,0.9721640067966485,9.017980755499963e-05,1.458736074489823e-05,2.2587832533671416e-05,1.8861916415291442e-05
59,0.34792942035705926,0.651957919331732,4.6665453119456996e-05,5.897195163136843e-07,3.162376879495525e-05,3.378136977808571e-05
60,0.4788612647959505,0.5209326105760448,6.895087807745434e-06,1.3240864733773366e-06,7.592837369395878e-07,0.00019714616998666172
61,0.0048153236615703495,0.994859205999105,9.372501136244265e-06,1.7666360503351556e-05,0.00023757223693845973,6.0859240746710356e-05
62,0.007439881487836594,0.991593187299557,1.4235123370396066e-06,1.3357502906624296e-05,0.0009249849586243106,2.716523873802392e-05
63,0.013677778680434783,0.9795314735896393,0.002234967235193571,0.00455389435367576,1.7162956366662726e-06,1.6984542013794904e-07
64,0.00424210704937557,0.9944485683955209,0.00030382278359556716,0.0010033727800373034,1.1146439755584986e-06,1.0143474951644707e-06
65,0.029870877821891677,0.9697444440377836,0.00034276578620905687,2.324431579355366e-05,1.6131941182654685e-05,2.5360971394817907e-06
66,4.6889691767365665e-05,0.9996216615726716,0.00030913602141855313,2.557490812884541e-07,1.4749284210920212e-05,7.3076808502358116e-06
67,0.007539629710911108,0.9922018262244487,5.964421999415279e-06,3.762263747780164e-05,0.00017007076237541806,4.4886242787568516e-05
68,0.009937579304936802,0.9888811551307927,0.0007723598282436946,0.00040614115650627425,2.616327018837157e-06,1.4825250179071533e-07
69,0.0006757407070851355,0.9990160371322309,6.503754776796695e-06,9.468131637896157e-06,0.00028985944498227716,2.390829287036412e-06
70,0.04620830397022946,0.9531203900405795,0.0006121704103062197,1.5856200804425876e-07,8.992198583156144e-06,4.998481829362261e-05
71,0.0026918417533828847,0.9959542032200116,0.001338568771712098,4.273711628053183e-06,9.901573249679285e-06,1.2109700157869289e-06
72,0.11141125420713659,0.8868371954489229,0.00014774506712800933,0.0016004684185164189,3.1569107040356005e-06,1.7994759201051355e-07
73,0.00376718511631032,0.9959787437848839,2.5286815521722573e-06,2.2584096887209087e-05,0.00020758156716593217,2.1376753200764396e-05
74,0.045016240458623354,0.9547718424266164,1.3553703301029143e-05,0.00018847165869259638,6.751586269563682e-06,3.140166496816438e-06
75,6.209019618550877e-05,0.9998224933176487,4.913859279679997e-06,6.709503251053747e-05,2.845336102167415e-05,1.495423335390346e-05
76,0.001379358283465065,0.9985406884113848,1.231396883459116e-05,4.813149686021507e-06,4.120612946428329e-05,2.162005716512063e-05
77,0.00046448921968689325,0.9992422251024922,6.064857917700905e-07,4.895852602777026e-06,0.00017191362625024282,0.00011586971317619636
78,4.172986330552437e-05,0.9973786404464002,0.0025665115506420654,2.935597671770709e-06,9.252515018159872e-06,9.300269621540973e-07
79,0.0008009835897320345,0.9986711259149672,9.852824982381477e-08,8.51532936253358e-05,0.00023370620351186865,0.00020893246991368606
80,0.11075246520647405,0.8890919994666069,0.00012190733535932074,5.803401307516019e-07,5.983677324966209e-06,2.7063974103996895e-05
81,0.0467133139084479,0.9528853689450782,0.0002811247950605779,0.0001167461926167612,2.8385141590500607e-06,6.076446375620793e-07
82,0.0032679838986395984,0.9964991443569727,3.6608331616911442e-06,1.219281429471741e-05,0.00020357656575969757,1.3441531171742105e-05
83,0.3623771690091952,0.6369734402230925,0.0006302566592458504,1.280919819287411e-05,4.16169351152989e-06,2.163216761892033e-06
84,0.0820039662440896,0.9151033844792464,0.001816223399616792,0.001075492688472503,6.539563114574314e-07,2.792322634070883e-07
85,0.00016058140479276,0.9941448941756318,3.0047136498550227e-06,0.005688035802516262,2.3096609393419937e-06,1.1742424699193938e-06
86,7.496798314685638e-05,0.9995946007291843,3.5450192208642964e-05,0.00028390006330384065,9.700319612432976e-06,1.3807125439272673e-06
87,0.0014458363200219567,0.99847280780306,5.24424955822397e-05,3.0748920686307653e-07,1.1073964230972223e-05,1.7531927897880858e-05
88,0.03560977772241447,0.964273266748151,9.537560096524106e-05,9.95815830096898e-06,3.935624314790274e-06,7.68614585352105e-06
89,0.03055240260476991,0.9693703987860204,7.69333876220129e-06,4.089842909270251e-06,3.943631792772038e-06,6.14717957453366e-05
90,0.2533229390747209,0.7465305780390284,0.0001209675419781652,4.979865753186358e-07,1.582577177908661e-05,9.191585918096066e-06
91,0.03413137818145734,0.9655628173216683,3.2730835239776388e-06,1.3102246194999104e-05,0.00025159656328517846,3.783260387039752e-05
92,0.0622933835630429,0.9371369196976016,0.00036865000454184497,0.00019770335944501659,1.0895050022758192e-06,2.253870366437005e-06
93,0.009053541531610443,0.9908045102714215,4.565242982446708e-05,5.0279291743070495e-05,4.24406340701181e-05,3.5758413303892514e-06
94,0.014509083517189873,0.9730230198083247,0.0009952587746387483,0.01147136645453425,8.887654590748513e-08,1.1825687662789895e-06
95,6.651146060168022e-05,0.9998313521038286,9.868459742035582e-07,1.5319524144215228e-06,2.832047955216131e-05,7.129715762882723e-05
96,0.061624291933509205,0.9379304387776644,0.00013409624400242704,4.236860216155796e-05,0.00026716675410967666,1.6376885527378699e-06
97,0.0315506656888865,0.9681268332782321,0.00019228745189840194,5.352902988601319e-07,1.1535901296834551e-06,0.00012852470055447807
98,0.00037372508937171347,0.9995217548277477,4.374661817914657e-06,9.94662462891099e-07,5.320371285428355e-05,4.594704574539116e-05
99,5.144008347515475e-06,0.9995196155973375,1.0224093615246373e-06,0.00044164074792355,2.039424195315263e-05,1.2182995076917595e-05
100,0.00014934156649969437,0.00017311789250682003,0.9941246827366822,7.690111274465639e-11,0.005551701276247602,1.156451162638485e-06
101,0.0002143172113882843,1.7057680404049749e-06,0.9848825879022947,1.433523782867139e-09,0.01490132435216526,6.333258779603896e-08
102,0.0003551522321811283,1.9581274804598217e-05,0.9209082779685104,2.2728655681562604e-10,0.0787169769417225,1.1355494852699222e-08
103,7.75391068546536e-05,3.1935974095798806e-05,0.9841399181405359,1.6890159490977308e-10,0.0157505607414445,4.586816758690977e-08
104,6.879233037808397e-05,5.107560892015904e-06,0.9991609695330137,4.71813952474319e-10,0.000765016756685951,1.1334721641560262e-07
105,5.810640420381069e-05,3.154401055304426e-05,0.9986216386215062,5.61917946590148e-09,0.0012887014586461223,3.8859113762506e-09
106,5.920751269712334e-07,0.00016134143749577917,0.9953105735091877,7.762593538978058e-08,0.004527410494604893,4.857649345337219e-09
107,9.165285178757107e-05,6.470345054271888e-06,0.9979066222290334,5.113172794369437e-09,0.0019952318318737813,1.7629078271172404e-08
108,1.6873569403589735e-05,1.3028441840927878e-06,0.9832584813796229,8.98968739739051e-11,0.01672294961821588,3.9249867674295236e-07
109,0.0004435894682620943,6.983581336787693e-07,0.7751697745604403,1.5681330787830406e-11,0.22438583779272064,9.980476190032988e-08
110,0.2563722461149166,9.08413109318413e-06,0.7418810099411026,9.862232216144318e-09,0.001737524355269736,1.255953856217787e-07
111,0.0012508520994366256,2.1123995193982077e-05,0.9829072121589747,2.097643606033337e-08,0.015820762964610907,2.7805347747727398e-08
112,5.51340275338414e-05,1.1107276901142394e-06,0.9802468781189035,5.37176152533821e-11,0.01969685020632545,2.6865829526096417e-08
113,1.5160439415632269e-05,1.4369909621091991e-05,0.9997715099195268,2.4526019563941333e-10,0.0001989296251616351,2.9861014757449e-08
114,0.0022733650402370865,1.6522713373049454e-05,0.9582964891094545,5.011890500024357e-10,0.03941360155136982,2.108437657081513e-08
115,7.067837425594236e-05,0.00016217179972849774,0.996667433854338,2.297746790850919e-10,0.003099688715721674,2.7026181388274207e-08
116,5.8481817531594435e-05,3.619159479242338e-05,0.985701454370885,9.180233815892405e-10,0.0142038216092702,4.9689497415195466e-08
117,1.4867365561696687e-06,0.0015328039809021133,0.9929796216471586,3.053171316089341e-08,0.005486041432706001,1.567096399607803e-08
118,1.2790846058529532e-05,8.166578039986239e-06,0.9993237695765969,1.5049449701327656e-09,0.0006552626799703021,8.814389591571303e-09
119,0.0005966660906471585,0.00016658752858590483,0.9962956417743466,2.1018984400132506e-09,0.0029410534963081134,4.900821375180431e-08
120,0.015228980835760788,8.23230273942369e-06,0.9803049960679437,1.702890564985814e-08,0.004457721628625567,5.213602504127448e-08
121,5.8878224870302955e-06,6.231714970657258e-08,0.989096794370723,4.122912626734391e-12,0.010897182196916771,7.328860079090053e-08
122,0.0024843307560961712,1.3855272734101745e-06,0.9952029713155864,2.175658618544645e-09,0.0023112942757062536,1.5949679053458523e-08
123,5.814920829896756e-05,6.014576329700296e-05,0.9688007339077979,8.198936224506626e-10,0.031080727398581722,2.4290213073102695e-07
124,0.21610576873992068,3.000281308933952e-05,0.7775538641274267,4.437939809926281e-06,0.0063059152348574855,1.1144895876183617e-08
125,0.00205864875693911,0.00038362885636101396,0.9868471594483,5.682228067062842e-10,0.010708114641411182,2.4477287657984183e-06
126,3.052620962667049e-05,2.3178852619888064e-06,0.974375698042247,3.1022731109869256e-11,0.025591450448978204,7.382863563163342e-09
127,0.5672992384659827,0.00045500272437662333,0.43193888834950284,1.0207688892984008e-07,0.00030651811924260644,2.50264006089503e-07
128,0.00015381593232465372,0.0007177659439762341,0.9949378488051713,1.9243868822739714e-07,0.004190352557732355,2.4322107277399292e-08
129,0.009872162254037942,1.8508822175810916e-05,0.9823179134059136,1.3446549872308619e-08,0.007791297668340582,1.0440298252471691e-07
130,0.0001311277542682625,6.793534014200305e-06,0.9975410670403565,1.4238985905204487e-09,0.0023210049257346536,5.321727534621299e-09
131,0.003991926534145207,1.634671670552381e-05,0.9944838919665847,7.739878232386074e-09,0.0015078238831833742,3.1595030263032857e-09
132,1.243889854090414e-05,9.268294135362454e-07,0.912518600527894,4.9503022071842935e-12,0.08746776989727768,2.638419235428369e-07
133,0.16474835863714146,3.0277491742644297e-05,0.8345810217588148,2.1831609711398525e-09,0.0006400428245084778,2.9710463168082025e-07
134,4.042513360526002e-05,3.82625715712799e-06,0.9759068593588,2.987234646201349e-10,0.024048875709612585,1.3242101346427558e-08
135,7.719104974227039e-07,2.557165509387032e-06,0.9873886542103109,2.023600890046214e-11,0.012602963478365784,5.053215080617761e-06
136,0.015105725000706133,0.00020309898569559614,0.9579988744602564,2.296296521338458e-08,0.026692244187409855,3.440296667680284e-08
137,0.0027808362340087213,0.00019581216501079798,0.9968400376232903,9.235454034017498e-07,0.00018238293051260054,7.501774332612233e-09
138,0.0005277336558655708,2.6039738327391467e-06,0.8499705572195636,1.4906009214387888e-09,0.1494990946645199,8.99561729676366e-09
139,1.4967636274615837e-06,4.744564570746744e-05,0.9866151644817075,1.1558336206397042e-09,0.013335888506935453,3.446188285527459e-09
140,6.9028006041933195e-06,8.795129730036914e-06,0.994043355368764,3.054909202992363e-10,0.005940906050761131,4.0344649820543804e-08
141,0.0008980496908770991,0.0001312186281582204,0.990220920670094,7.1361159652419814e-09,0.008749799974321246,3.900433218915252e-09
142,0.010202891680892261,0.00018160641850645463,0.989551673713148,6.0999911558916015e-06,5.769131362958286e-05,3.688266784612341e-08
143,8.406623276571875e-05,1.845961804203102e-05,0.99815537918654,2.505154297294334e-10,0.0017419512015842465,1.4351055269568897e-07
144,5.798254042839556e-06,9.747101464334482e-05,0.915463691950109,5.719004850275372e-11,0.08443271184417554,3.268798390513285e-07
145,3.716728193913341e-05,0.0014051884740142106,0.9978903564687034,7.093512158631473e-09,0.0006672643486904114,1.633314079081854e-08
146,0.004388876392198657,1.4922303319627597e-05,0.9888324163544987,8.028651169045099e-10,0.0067637353308149595,4.881630277817623e-08
147,0.022482658503458697,1.1665637337587071e-06,0.7635732577380593,8.585729374924431e-11,0.21394273816691106,1.7894198006334932e-07
148,0.0028944660882567275,0.00010609429135236375,0.9573046692117884,8.081409572907449e-09,0.039694463106337244,2.9922085567147704e-07
149,0.00036908228699670804,6.803367929060027e-06,0.9651794988697827,1.0777395201990736e-09,0.034444576289576034,3.810797608083888e-08
150,4.364235014849141e-07,0.004684479859465029,5.214468693782365e-11,0.9950472127464688,8.79712119207104e-07,0.0002669912063008217
151,3.980878358164494e-08,9.144475639916973e-06,7.466838990915127e-14,0.9943730567273138,6.655535927784075e-07,0.005617093434595243
152,1.1773969025097088e-06,3.222700172829393e-06,5.925873488771629e-14,0.9913886558228501,8.192991866092452e-07,0.00860612478082878
153,1.7787364795636523e-05,1.006851757718513e-06,3.9358634596412435e-13,0.9774062246168114,2.6194898723890074e-07,0.022574719217254412
154,1.6866618307848515e-06,7.808014928044141e-07,1.1562862826920769e-14,0.9994885510278618,1.997773580815373e-07,0.0005087817314449357
155,5.62124165818912e-08,2.0515976495970533e-05,7.00803310857864e-15,0.9880522547411524,2.3633853682923866e-07,0.011926936731391202
156,3.9827817109147856e-06,1.6578614308028474e-05,8.540814637123365e-13,0.9999531844618218,4.523813928940672e-08,2.6208903165769417e-05
157,4.0901639391613e-08,2.5979053335408975e-05,2.1246587946310054e-12,0.9999647960536454,7.874472254244892e-08,9.10524453253637e-06
158,6.189450490668991e-06,0.00039051744688165744,1.1747952332989838e-10,0.9995964903796987,4.155637360771873e-07,6.3870417133410434e-06
159,2.234055692664881e-06,4.941404057389374e-05,2.65135509802928e-11,0.9999129644139169,2.814331565072286e-08,3.535931998740624e-05
160,1.5763726915202338e-08,6.089843880808558e-05,5.024794473239714e-13,0.9998499099346285,5.503631734782737e-08,8.912082601677154e-05
161,0.00014031000919071868,0.000270780096484511,1.9497177982211408e-10,0.999565512169363,1.0448697254279162e-07,2.3293043017494547e-05
162,9.677982870951855e-06,2.9461193877762868e-05,8.207203376615349e-10,0.999950851679338,1.6643560943580435e-08,9.991679632312647e-06
163,5.6800946498762425e-06,0.0006840861759265036,2.498317259464381e-09,0.99927241254858,2.8267598331810987e-07,3.753600654304597e-05
164,0.006338766092925251,0.0001430448782400776,1.3408858439933293e-08,0.9935146311267099,9.471155496063352e-07,2.5973777167828024e-06
165,7.706446362713308e-05,2.3731712740773312e-05,1.010916843611739e-10,0.9998899559199695,2.8045879485404385e-06,6.4432146222870005e-06
166,0.02064147452355756,4.160437929664075e-06,3.864558507436061e-14,0.9758797208621703,5.615054378235074e-06,0.003469029121925557
167,8.002249457213845e-06,4.890642371262774e-06,8.218827522676603e-14,0.9991178343153505,8.37351836166902e-07,0.0008684354409027218
168,8.33745206786389e-07,3.4831997744893044e-06,2.2309596872954016e-16,0.810466094590796,7.857081156002664e-07,0.189528802756107
169,2.2061847858615887e-06,5.2801493585111895e-05,5.382899954626964e-14,0.9928092044901832,1.1811871458813622e-07,0.00713566971267737
170,3.554621444775277e-07,4.60272163370559e-06,3.475127700761407e-13,0.9997984940779128,4.027087359895079e-08,0.00019650746708802414
171,2.7908798752140386e-05,2.8470788362250614e-06,1.6268800873384539e-12,0.9998695362364025,1.4056582650848382e-07,9.956731855575578e-05
172,1.8472077261242738e-05,1.5033266828059803e-06,1.1541599587758169e-17,0.31655246410616666,3.950543378007612e-06,0.6834236099465113
173,2.032413889955541e-06,6.541366020704662e-07,9.48034677100707e-15,0.8796930787178976,1.5936463324470365e-07,0.12030407536696772
174,8.359824275980352e-07,5.61569122929522e-07,1.9536328293998733e-15,0.9878678622109176,4.812903566624817e-07,0.01213025894717324
175,3.2308827025906793e-06,0.00013466890245088462,1.7628824419724963e-11,0.9998491007808411,7.46356111664601e-07,1.2253060264804395e-05
176,0.0012204604622409155,3.1850508059994223e-05,6.321845754744844e-12,0.9986285546582507,1.923027800600911e-07,0.0001189420623463349
177,9.01874894945031e-08,0.00021367852657969415,1.786558558072288e-11,0.999775436689717,7.911418027608643e-09,1.0786666929948103e-05
178,7.301491641614567e-07,1.9961525130573416e-06,2.4070736871575466e-14,0.9983483521043925,6.954270467817979e-07,0.0016482261668594087
179,7.504145835682421e-07,3.0622163474446076e-05,2.4402097050881127e-11,0.9999591202487229,2.955974507928196e-08,9.477589071863272e-06
180,0.03446434958596041,5.566027233620994e-06,4.818823029507627e-13,0.9457553141657747,3.355982620814896e-05,0.01974121039434115
181,6.459637082470368e-06,2.9021411701920628e-05,1.589829978806363e-11,0.9991095037573117,7.987453761843165e-08,0.000854935303468046
182,0.00019303634556915744,0.0004887114963389697,5.457240948921107e-09,0.9992853457237435,6.161659596734022e-07,3.2284811147800015e-05
183,5.509594347108921e-07,9.94721688517893e-06,2.5049972635735875e-14,0.9907894111647993,4.8827997337048764e-08,0.009200041830858326
184,3.9102722614631295e-07,1.5100591850520119e-05,1.2728501902071314e-12,0.9998789067137833,2.1204776562118554e-08,0.0001055804610906083
185,2.2075657577394866e-07,4.3577392120395545e-07,1.510097128223805e-15,0.9402238791622073,2.6447933995300617e-06,0.05977281951389491
186,4.388835886720322e-08,1.1905587096014438e-05,6.784466746635295e-13,0.9990863022638453,2.2728505836076328e-07,0.0009015209749629308
187,0.008152614102487327,0.000499237086617962,2.0401658725090954e-08,0.9913381459961536,6.585515380332455e-06,3.3968977021681267e-06
188,0.00013008678266591278,1.5060352067133166e-05,4.5140454857022485e-12,0.9979045062096857,2.2805037787390265e-05,0.0019275416132798413
189,1.9362587892750504e-07,2.401510842494456e-06,5.273499683409366e-15,0.9773722089524111,2.9730356466753767e-07,0.022624898607297616
190,2.0780931330769917e-07,0.0009733744441226103,1.5793794265145783e-11,0.9990132284674186,9.230334837934816e-07,1.2266229867958404e-05
191,1.8566944801259975e-05,0.0001594871370101789,9.049206034185955e-10,0.9998028311322954,2.835532190045464e-07,1.8830327753567895e-05
192,1.1355269251298509e-05,3.826026221955017e-06,1.2264422043871247e-14,0.9930487521005054,1.3905426047610087e-07,0.0069359275497487315
193,2.726310872413135e-07,9.500440289815225e-07,2.0843155026824646e-15,0.8675552658346436,1.1910660586762471e-07,0.13244339238363223
194,0.0008836176928658343,0.00012575495309335123,9.614163133661882e-13,0.9973794161619451,2.0341088867777216e-05,0.0015908701022664382
195,0.0006176680754320898,1.3398702691509743e-05,2.987055323569876e-13,0.9951451063514393,1.853307570397346e-06,0.004221973562568121
196,1.8803062349671856e-05,1.0566625905682836e-05,9.617430658870892e-11,0.9999627356470062,1.320070077963885e-08,7.881367863249051e-06
197,7.078858186583553e-06,5.290160709843871e-05,1.5273673587770942e-12,0.9947545285548037,5.811002257703834e-07,0.005184909878157977
198,1.0423315213860692e-06,4.5301100419658915e-06,1.0584032521022895e-12,0.9998087127075376,8.952577930257621e-07,0.00018481959204771684
199,8.323506544109215e-05,9.104262038070751e-05,2.597153470534805e-10,0.9997809179863963,1.5550405431245182e-07,4.464856401233349e-05
200,0.1164332011285545,7.902170261359587e-07,6.910175548173463e-05,3.8891737010291156e-10,0.8834778529169135,1.905359310688313e-05
201,4.562258220516572e-05,7.880700979308271e-08,0.018495751735374908,1.1418316395210517e-13,0.9784548881997316,0.0030036586755643416
202,1.6781787178793033e-05,2.0719891046494996e-08,0.0003368924951063723,3.67175964808809e-15,0.9995246851928132,0.00012161980500685473
203,6.128313389771542e-06,2.3079610017343164e-09,6.56602138131072e-05,1.5938132316563337e-15,0.9319375430437474,0.06799066612108706
204,0.0012547455856657312,1.5737630327320867e-08,0.016384671921044994,1.9295379130942435e-12,0.9814688324598454,0.0008917342938840328
205,9.772524603343459e-09,3.3317098064707976e-09,0.00015277410892469034,1.8532225856353095e-17,0.9997971525922182,5.0060194622768224e-05
206,1.1418293605432478e-09,3.042145099921083e-09,7.654849155897226e-05,4.874747018173779e-17,0.9987943963687081,0.001129050955758349
207,1.7266730888038518e-05,2.551918506549005e-09,6.874442788507999e-05,2.872383390198304e-15,0.999830202866695,8.378342261060204e-05
208,1.4503632387624312e-08,7.670411102320065e-09,0.0012986116977087392,1.4548817956688576e-16,0.9986415398594969,5.982626875064829e-05
209,1.6464897719340773e-05,2.4552386379054816e-07,0.00012768413998810908,9.814717918074569e-13,0.9997930616349671,6.254380248024893e-05
210,2.398932388173403e-06,8.527763120566108e-09,0.00020452312988346094,8.050261205164772e-16,0.9995864147964177,0.00020665461354663834
211,3.618727994439377e-07,1.3389821662063023e-08,0.005125290353352432,7.064579912333977e-16,0.9947663894351573,0.000107944948868322
212,8.836821743698298e-06,1.6376529343434176e-06,0.00014070645502959814,1.0537492190435888e-08,0.9998485869318361,2.216009640046155e-07
213,6.606462978565118e-05,1.828600738716234e-07,0.0015582652166962747,3.263057412780171e-13,0.9982633323711386,0.00011215492197930606
214,2.6655327925122987e-05,2.2668244919036746e-07,9.287098838707411e-05,5.43939612530141e-13,0.9998542726652132,2.597433548150289e-05
215,0.0015397872897034669,6.830904518996166e-07,2.3644304768047976e-05,8.097523818732772e-13,0.9970888365301214,0.0013470487841454918
216,8.780033798306688e-06,1.8182090729646297e-07,0.00036653021944148175,2.0925340143688424e-15,0.9985086998087056,0.001115808117145406
217,0.00023026669292335934,4.866785920520793e-05,0.00026825629744231083,6.788772071509063e-08,0.9994517993762432,9.418864654316297e-07
218,0.8941947728034128,7.580545186211548e-07,7.704042666379102e-07,2.145990828708758e-09,0.10533408393273361,0.0004696126590774402
219,0.0003757676318144339,2.5291546940068856e-07,0.00016493139925879082,1.961058917981885e-11,0.9990948340647413,0.0003642139691053728
220,0.029368022245867615,6.289257498061125e-05,0.0007831041783538937,1.951274271519587e-08,0.969746331515612,3.962997244308224e-05
221,3.867123534609849e-05,9.217869327069809e-08,0.005228515017355498,5.012878060616497e-14,0.9940725835606182,0.0006601380079367286
222,7.28108321824372e-05,5.8714350420905234e-08,5.352245807041426e-06,3.312184913818667e-13,0.9977511104293096,0.002170667778019218
223,1.2094893901317625e-08,8.780987750065057e-09,0.00020380569481037389,1.7331317313492887e-16,0.999244649550179,0.0005515238791288693
224,9.379829288073985e-06,1.1511446683159261e-08,3.361970691106291e-05,2.769845548548006e-15,0.9808346933775988,0.01912229557475273
225,0.015446835380110354,2.169482473858146e-07,0.005995810960995099,1.6742545021082133e-10,0.9779478428494573,0.0006092936937643677
226,0.014490903068023864,1.616272071891341e-06,2.845332413341996e-05,3.095067332304758e-11,0.9851986446002864,0.0002803827045337348
227,4.0754430871175046e-05,4.232697007342558e-09,1.450825140983134e-05,1.4268309817828775e-15,0.9756404467216675,0.024304286363353154
228,7.133864755169653e-06,9.43013226200367e-09,5.0093502825221125e-06,5.993786023655156e-16,0.9944121677082525,0.005575679646576906
229,5.5283356195866565e-06,8.054155780135625e-06,0.007999755216440857,1.738497027251668e-10,0.9919849046192654,1.75749904436645e-06
230,5.209817784351088e-07,4.640727617513755e-08,0.000576797130727867,8.328533721862319e-15,0.9993456695542804,7.696592592880214e-05
231,6.853172917623713e-05,4.058358969152834e-08,0.001955500399702986,1.530209831808291e-11,0.9973088348865785,0.0006670923856506003
232,5.0357276176386015e-06,2.2443297464675277e-08,3.261794063203474e-06,8.711061742671147e-16,0.9690480796664641,0.030943600368556555
233,0.0006365238576823461,1.0402065113686043e-08,0.0011143407707530056,1.384587937700275e-14,0.9982176616845744,3.1463284911253424e-05
234,7.938111584097764e-09,1.0186185597967442e-08,0.012608325929557606,4.643786982691502e-15,0.9873800089349576,1.1647011182924362e-05
235,1.2109663436279807e-05,9.760151085873822e-07,8.59487567129419e-06,1.8130865575751645e-11,0.9999199897693511,5.832965830180738e-05
236,0.0003949269692332928,3.602858922619288e-07,2.573696735740992e-05,4.4323158465804657e-11,0.999542908982232,3.606675096186562e-05
237,2.9064192722717325e-07,7.238189413597431e-09,2.6456988022052276e-06,1.493818058467484e-15,0.9993714302490762,0.0006256261720035365
238,1.156183001825411e-06,2.7088293699692174e-06,0.003686636479843961,4.199455513426841e-13,0.9962684688952147,4.102961214968977e-05
239,0.05296483294888649,2.6011307132785742e-05,0.3596466325657389,4.248248054787036e-10,0.5873053915041886,5.7131249228407584e-05
240,1.6003105144659868e-08,5.238391092183135e-07,0.010042431861022497,1.6357355454427764e-15,0.9899505672311673,6.461065594163882e-06
241,1.823153288749611e-05,5.8007076642991565e-09,4.242791416428881e-05,3.3099514191131594e-16,0.957257788269446,0.042681546482794284
242,0.0007202724914369181,1.3783996288970537e-07,0.027617025447160184,6.118646314954998e-13,0.971400313502874,0.00026225071795415853
243,0.00046341396785310477,2.8028273646387944e-08,2.040881727172255e-06,2.3858923865027447e-13,0.9987150153368385,0.0008195017850689652
244,3.59241698634903e-07,3.748927955425455e-08,0.16714100365034404,2.1999408030676056e-14,0.8326151239066231,0.00024347571203281956
245,8.4585916936232e-06,2.89761197038485e-09,2.6729677861106257e-07,3.877853302210219e-14,0.9993780979882148,0.0006131732256622349
246,0.0002457896120002207,3.666371614659745e-08,1.0561512239646648e-06,6.320980524341588e-13,0.9995036385473192,0.00024947902510842244
247,4.241197489978621e-07,1.3235239239399583e-07,0.00020603485259023497,9.024801081564117e-14,0.999637394614333,0.0001560140608452186
248,0.0008253124840859514,1.979302408676902e-08,5.034466681949634e-06,7.37630056407638e-13,0.9764664600042643,0.022703173251206077
249,1.0746032750843324e-07,1.8085713084000753e-07,6.237684721425222e-05,8.308286028471945e-16,0.9997835827843514,0.00015375205097522014
250,8.082397659862126e-06,7.200133691774041e-07,6.948947842987695e-21,1.9874849297982632e-05,0.004887363200027456,0.9950839595396456
251,0.00010201827135053346,9.354032026251255e-07,1.2173399368213162e-12,0.001161994958764808,0.00011026407964207049,0.9986247872858226
252,1.9093280221625683e-07,2.655924179037621e-07,2.0699855047633086e-12,1.9812454997363115e-06,0.00015307200762283062,0.9998444902195873
253,0.0032409334317105454,8.253793006427065e-08,9.607049934369561e-18,0.0008003810796071454,0.00046586083525172853,0.9954927421155004
254,8.390858183266403e-08,9.862887245282035e-09,1.3496005609999149e-20,0.00036636031696915013,0.00021459607433144755,0.9994189498372302
255,3.821931361534518e-06,1.2887226107263874e-06,2.6098273853956545e-10,1.4039466101464392e-06,9.307675735432192e-05,0.9999004083810805
256,3.113530010473727e-06,7.883588691324894e-08,3.88226513435364e-18,0.0005397368854564399,0.0004389222023281402,0.9990181485463181
257,6.662195021414898e-11,2.561858191537405e-08,3.702601884124462e-23,4.0247833614446876e-05,0.00023597309277134326,0.9997237533884105
258,8.838134711351771e-06,8.402510308473706e-08,1.6087377176019823e-16,2.6241243381324637e-05,0.0014920761363350298,0.9984727604604692
259,1.2302097208971877e-07,1.5949546893420396e-07,6.598778574256299e-22,7.989769431154932e-05,0.003248819057843158,0.9966710007314044
260,6.54700669078711e-07,2.955757567256266e-07,3.1992274877405997e-20,6.595496365825278e-05,0.0014130032639820195,0.998520091495934
261,3.598029924608016e-06,5.372635780335858e-08,1.181597880458082e-17,1.6487859833098015e-05,0.0056943714289803314,0.9942854889549042
262,2.502877032051435e-05,6.772024133153987e-06,5.771776012563944e-17,0.0065510045526220445,5.4601409799041985e-05,0.9933625932431253
263,2.932732435535026e-06,1.8946080570481862e-07,3.0977158749178e-19,0.000352591894921626,0.000986750153528198,0.998657535758309
264,2.208316550170305e-05,2.0052089107113597e-07,2.6960114786413625e-12,1.4204518787401669e-05,6.79836115278645e-05,0.999895528180596
265,3.2780514855699227e-05,5.58783604646492e-07,7.65629341994136e-17,0.004198545600345426,0.0002035966529959724,0.9955645184481982
266,1.7664097971227344e-06,2.3787002917997917e-07,1.1459112790851108e-21,2.7824825293825982e-05,0.0014221610220650164,0.9985480098728148
267,6.414541084507067e-07,5.553608961253317e-07,1.2988166155767057e-12,1.4830522392755069e-06,2.411559550273731e-05,0.9999732045359545
268,1.4401941426873835e-05,9.301639114797891e-07,7.253262516764889e-20,0.0019243768551810661,0.002852495203411229,0.9952077958360692
269,0.0008147535675518536,8.858508370903588e-06,5.308495271437385e-19,0.00018703275632745063,0.0048121727309416475,0.9941771824368081
270,2.4325180073234208e-09,6.992480169529927e-09,3.027847798439434e-21,2.7261033806305966e-06,0.0005369651239180534,0.9994602993477032
271,5.358778133819906e-09,1.4301214927758146e-08,4.1233709271865815e-22,0.0003176687499099461,0.0008507740583881258,0.998831537531709
272,0.20616662289574,1.4861960661101487e-05,4.5615176736662884e-14,0.07777607612250895,2.1936635846192767e-05,0.7160205023851982
273,0.00011169855703775394,5.815018322062537e-07,2.530246137883593e-16,0.0030830712179988656,0.0010173811523368267,0.995787267570794
274,1.551903990993354e-05,2.898680508128086e-07,6.12368590569791e-20,0.0012082202433810999,0.0001663348776109798,0.9986096359710471
275,1.3468021644150638e-08,3.6404867527947285e-09,4.761305180996252e-21,0.00039760912846486683,0.0005950301301663385,0.9990073436328605
276,7.17643515326936e-07,2.0545953034676178e-08,9.404804719214838e-15,9.687354116367707e-09,0.002904106949034696,0.9970951451741336
277,3.519908128287154e-05,2.3627210113057764e-08,2.3284106769130277e-15,0.0005665038505986285,0.00017960423005726757,0.9992186692108488
278,0.8907232463978398,2.6255817911030386e-05,3.206382052356812e-10,0.10522718403294404,0.00023976471917228005,0.0037835487114946833
279,4.369373713791093e-08,3.0649140110632216e-07,5.891030664820158e-19,0.1257929193017474,2.5027099003349172e-05,0.874181703414111
280,6.524384278439118e-06,2.189992489460908e-07,3.691731735153071e-20,2.413675644376378e-06,0.02559653267661294,0.9743943102642154
281,6.718110273577617e-08,1.158980177968469e-08,2.818779576155066e-20,8.14425990620718e-05,0.00019330744204073804,0.9997251711879925
282,4.949473689995701e-07,2.5627788187005335e-07,6.977238684142558e-18,0.0028370065072362014,8.831478063490604e-05,0.9970739274868781
283,7.559167541026353e-07,1.916726333572419e-07,1.8662082886445666e-21,0.00020702631010504282,0.0037497747020353565,0.9960422513984721
284,2.315830271379851e-05,8.628454666910508e-08,3.561557835954751e-12,1.4803819196766599e-06,9.93929600924913e-05,0.9998758820671659
285,2.1854246273999107e-07,6.829890744497331e-07,3.535344229181414e-12,7.584759334536177e-07,1.676471073912935e-05,0.9999815752782548
286,1.0533399167837552e-07,5.423196651976488e-06,1.714957371100614e-20,2.416663404202258e-05,0.009977082006179977,0.9899932228291343
287,0.0012129085680309666,6.559502432024017e-06,8.699004712356391e-16,0.08537157391895857,0.00037829989232309564,0.9130306581182545
288,1.0481745677670327e-05,1.0567140345790042e-08,4.673947261318455e-14,1.630747659423286e-05,2.523877722892688e-05,0.9999479614333121
289,7.874144282505123e-05,2.981233822842678e-05,2.0784038601787514e-18,0.00027875303810804896,0.0018554947453551867,0.9977571984354833
290,9.32214421198546e-06,2.0499587565168567e-07,1.1463523158735347e-10,1.0328910769990899e-06,7.076234695766419e-05,0.9999186775072424
291,0.00018603162807251505,4.4297586699778407e-05,1.9871038339602257e-14,0.004042484295087578,0.007187059910768417,0.9885401265793519
292,2.329198732295811e-08,2.3902268264070426e-07,4.239772247319863e-15,0.0012435339027103863,1.3015425473130846e-06,0.9987549022400682
293,0.00013330168985711715,4.453137802332063e-05,3.930569522309878e-15,0.015381394202434784,0.0022663954173762495,0.9821743773123046
294,3.0081405518942636e-05,0.00011435333159803276,5.943685092138363e-16,0.0008555455655376309,0.0013583429501439145,0.9976416767472008
295,0.005886163080524514,8.106614005062626e-07,5.720738060344802e-18,3.872409836467366e-05,0.000782077825594232,0.9932922243341161
296,0.0001375363301490271,3.3119070788121014e-06,2.0153573475953823e-18,0.002661336197662089,0.0009154962098780818,0.9962823193552319
297,3.9012582472166506e-05,9.704286318605388e-06,1.8532023782820635e-15,0.0005729657909902532,6.787959059142961e-05,0.9993104377496257
298,0.0004272622015650865,5.693338033506305e-05,1.9347878292688124e-11,0.03945745716365678,1.2228388604210255e-05,0.9600461188464909
299,2.8944286385317497e-08,3.731067193666405e-09,1.813043376174118e-20,1.3454039854580422e-06,0.007921601481199522,0.9920770204394613
