,proba_0,proba_1,proba_2,proba_3,proba_4,proba_5
0,0.9056278124701542,0.049297526428217324,0.005481982727518707,0.004891552848891796,0.008488666723340662,0.026212458801877295
1,0.8627288843708927,0.0495325729852039,0.031368092010064255,0.0010709829723229453,0.047794485809480355,0.0075049818520359374
2,0.6458853774858567,0.32183320491145223,0.018353227165787488,0.006664563879406127,0.0020971178241635277,0.00516650873333385
3,0.9198872823068023,0.017522873610563535,0.012582724415847676,0.023195159515603702,0.009626660018415006,0.017185300132767693
4,0.7729308570599203,0.007110704201848199,0.0018340557736213738,0.0013812669924764716,0.12510177696127708,0.0916413390108566
5,0.8811115774568823,0.052161612515174045,0.009340770261198216,0.0012014430028692029,0.046381524518738386,0.009803072245137679
6,0.7172707948935827,0.20967503373389101,0.02433367172339039,0.02792760593957279,0.013987047628832506,0.006805846080730697
7,0.8188891171737447,0.14002443748075313,0.01628903464257902,0.015650710579899776,0.003988827739075785,0.005157872383947588
8,0.8087956935178521,0.14712547286707514,0.008275343060358726,0.0017661712894384706,0.0272129252841229,0.00682439398115277
9,0.8061111142158458,0.14836037842788424,0.005394039957499994,0.0005568041927654586,0.024545215033339462,0.015032448172664997
10,0.8995735696514153,0.05199853508551735,0.0042518232468575145,0.008283699653782143,0.010342063636609158,0.02555030872581856
11,0.9009114638471312,0.019291320982991952,0.016472725285481323,0.009747085078843972,0.04358322364610222,0.009994181159449184
12,0.8511716074849208,0.09639129148726115,0.022370507913836404,0.021500696762718215,0.0029031926485255633,0.005662703702737679
13,0.8788909624214482,0.07697634373421912,0.015476589063894857,0.003563616699201621,0.01833255003656956,0.006759938044666611
14,0.8576230387023138,0.028402443956016675,0.0038662686412672814,0.0013874913342559266,0.07128070064171549,0.03744005672443071
15,0.8039297545131285,0.008400427226318194,0.002451807675144833,0.0028280070894880927,0.1195471348622387,0.06284286863368178
16,0.7521232334358814,0.2030007626942921,0.007479573731009263,0.01697673259972079,0.007733888357074481,0.012685809182021873
17,0.723066717814484,0.20987279101514983,0.016807363753118885,0.002012502898461112,0.04175022846455613,0.00649039605423008
18,0.8868240721045864,0.06369596212364863,0.004722085388838001,0.002970216944019054,0.02309632792546105,0.018691335513446886
19,0.8024894149586588,0.025417743188108348,0.0019078366522877438,0.0007920816525153136,0.13072072635047047,0.038672197197959425
20,0.8620633991941218,0.0841268420551283,0.011786743297889288,0.029289503600624975,0.002756591912751152,0.009976919939484415
21,0.8716287893997866,0.045981893668693104,0.002676280408059207,0.013973139362075407,0.006183350743735403,0.059556546417650395
22,0.8788490291554362,0.053969362950744254,0.007360510449044889,0.0011653008842275213,0.04643508205905294,0.012220714501494338
23,0.7613166444482413,0.210942648277258,0.008221346005006737,0.006675493908919404,0.0050438111543354355,0.007800056206239161
24,0.8733806531427596,0.0620071796597022,0.008513461954153142,0.0022794049412259813,0.025580143473637507,0.02823915682852155
25,0.8279820291444598,0.01808241985005574,0.08323503708529492,0.006060229202270118,0.060726664767416484,0.00391361995050294
26,0.9375318640461775,0.03324892171467953,0.010770053846100322,0.007406764989966605,0.005897399732090525,0.0051449956709854255
27,0.6886794143522138,0.21499404658987714,0.008868522275382856,0.06728017678888235,0.004636987127360614,0.015540852866283279
28,0.32309676035820956,0.26140199333440217,0.1202652600017851,0.2855767224475379,0.004808359516999165,0.004850904341065937
29,0.8635650217947379,0.054831807134684246,0.006706977778946405,0.00041288521464972485,0.04479812725553398,0.029685180821447717
30,0.8489214430373402,0.1206831051569029,0.005194889977013011,0.00348466711323485,0.00853631696003165,0.013179577755477297
31,0.9118235073101933,0.050933331421246085,0.008349681828453843,0.0018840729294477177,0.02019714108815294,0.006812265422505879
32,0.8077096555114881,0.058271341312831564,0.005547144060698136,0.008794650265537832,0.04790782471799819,0.07176938413144633
33,0.8860234745031397,0.04059688108815522,0.010964117229933639,0.009221718242405273,0.0296778456179204,0.023515963318445802
34,0.8148532485283174,0.09794667759972424,0.07533114998799262,0.005337706102655865,0.005416170711558261,0.0011150470697516197
35,0.9319453746466329,0.0339851931576025,0.006893716265303221,0.003844391594818547,0.011146304867116123,0.012185019468526676
36,0.7020555784034357,0.013487005793835003,0.0216561510281518,0.0009376485418232065,0.23279666274589483,0.02906695348685949
37,0.9042210144993565,0.01764553847781283,0.002328894330096249,0.0074238373387270065,0.02398937624020879,0.0443913391137984
38,0.8389397844035612,0.06717163480673283,0.008666800873664131,0.001726905933065471,0.05926955932319182,0.02422531465978457
39,0.8490661007172838,0.01605796744920825,0.013729640133142118,0.0009339558667548149,0.10843044347716373,0.011781892356447238
40,0.8290741910386357,0.11099457026999669,0.010438559697784526,0.008630056575997158,0.028794043407561462,0.012068579010024515
41,0.8309461755735208,0.008363686419457377,0.0037248101482083977,0.0016772809911192366,0.10980620292200471,0.04548184394568945
42,0.7276894296214087,0.19122180772904987,0.05445260719779773,0.015700199901914465,0.006474235280877284,0.004461720268951976
43,0.8311658963476238,0.04311982100158731,0.003351119753832628,0.02392204628782628,0.03168620863393337,0.06675490797519669
44,0.8521536439890474,0.05103298577522004,0.01162451617171079,0.0007172644061799294,0.07159098264249156,0.012880607015350092
45,0.815008746648052,0.100678094987975,0.020061267116275438,0.004547779226602806,0.04337246716271702,0.016331644858377774
46,0.9219370310837204,0.039975932930937666,0.007413124613260552,0.004557938811750232,0.016466341730743107,0.009649630829587988
47,0.8283707677204708,0.03735767093112119,0.025316273312673738,0.0019058952577203291,0.09689820628815604,0.010151186489857756
48,0.827386752360652,0.12731568754423256,0.009972044826607485,0.003478044600752485,0.015900731907037367,0.015946738760718174
49,0.9084499294110565,0.04391691535979006,0.008578247023447593,0.0018494650291956398,0.021832138440901074,0.015373304735609123
50,0.12694834941232774,0.8481056067100775,0.006331391859609469,0.013023043699928514,0.002304439167971491,0.003287169150085347
51,0.12456758867694669,0.8549661096128938,0.005952313875198713,0.0063881811634345555,0.000641001433569578,0.007484805237956841
52,0.1485831340395176,0.8185452013653567,0.0060200997360948805,0.009954596460444751,0.006802506525593386,0.010094461872992703
53,0.08457848511831326,0.8925851082729162,0.00458789874308582,0.005570586934120008,0.0013959443569045468,0.011281976574660306
54,0.17544069805871787,0.8059069770294902,0.0019036618008695897,0.002230452525622641,0.001282605079849462,0.01323560550545017
55,0.13897150307131637,0.8421753334053025,0.005395849994666031,0.005627249099811617,0.000887224620937746,0.006942839807965972
56,0.06120340888824675,0.915631205069556,0.009203380408380833,0.005752972128140039,0.0008825829504490166,0.007326450555227446
57,0.18742085588168958,0.7879409903822758,0.006659769995095076,0.012340359500213357,0.0009044399376847113,0.004733584303041449
58,0.14403490022569768,0.8285871608437474,0.013493870073524773,0.008042486193082473,0.004072096708229108,0.0017694859557184617
59,0.20702961853056015,0.7658381970219437,0.0024842403633588256,0.0035354347971106657,0.0017450045692937706,0.019367504717732974
60,0.1897613259969348,0.7823254282795848,0.004550158351463918,0.009130034726216794,0.0005224255577769249,0.013710627088022804
61,0.07718730983703256,0.8881691423058441,0.01413291510612953,0.014138721602412928,0.004810442193765007,0.0015614689548158556
62,0.0844245532201146,0.8942131711116851,0.00663933277747242,0.005418760885806148,0.0072351166238147505,0.002069065381107097
63,0.08428273631714767,0.8544112469298095,0.017949131293089123,0.04064053500912072,0.0009219803945591466,0.0017943700562739373
64,0.2234073564669219,0.7487622994235696,0.007589927660470077,0.014003739680008943,0.0014580182001990467,0.0047786585688303915
65,0.10680718953945752,0.8500531726406259,0.030603177569284885,0.006410798166623919,0.005132025138568079,0.0009936369454396625
66,0.08813744068261796,0.8879069424967573,0.007992197309689163,0.010683185752426865,0.0006820817532504149,0.004598152005258168
67,0.0906154016204792,0.8733866744471785,0.009479181682589995,0.020532855510047028,0.003257530361749463,0.0027283563779561468
68,0.19241473644135754,0.7877804333214855,0.007749093707489326,0.006370591566568544,0.0023292380366841635,0.0033559069264148126
69,0.11125894052649085,0.8662940622819207,0.010132981413930887,0.007080815649842432,0.0036302713457961057,0.001602928782019074
70,0.13157873471501444,0.8518078143848858,0.0067490497792210115,0.0031672643411196303,0.001677644886522447,0.005019491893236582
71,0.11924932239426533,0.8602160715137409,0.005528874420219648,0.008166947983318759,0.0008109521398741381,0.006027831548581141
72,0.1633797639405743,0.8075257938636403,0.007629634610501694,0.01306103943226063,0.002750469815368848,0.0056532983376541765
73,0.10356773734090383,0.8696978434416102,0.0083151111505737,0.012117023935260074,0.003973901401029512,0.0023283827306227745
74,0.0987224498022075,0.8789496495125285,0.009073749895734983,0.008551123428385772,0.002843737037336645,0.0018592903238067253
75,0.06216792243161973,0.8896345523816269,0.019439743933670546,0.026793491777634938,0.00070896920909103,0.001255320266357015
76,0.10422848151401413,0.8734578068559875,0.008517574446597159,0.008112258870138321,0.002615919429248238,0.003067958884014611
77,0.09800570761510674,0.8803925011459693,0.00514794495769699,0.007735868366336582,0.00605173570218446,0.0026662422127058487
78,0.09097855917448915,0.8759548948170471,0.01872299951104992,0.01065735043766535,0.0012386838355163464,0.002447512224232254
79,0.08054692628078874,0.8848512578347141,0.007711147912561752,0.018972013929184142,0.005497901505781386,0.0024207525369699173
80,0.17149958576105748,0.8091379164513722,0.003840112805504001,0.007798271147692723,0.00047982222676008746,0.007244291607613517
81,0.16175252260250417,0.8106148076812566,0.00856775464434962,0.013290106507107675,0.00246492635225887,0.0033098822125230453
82,0.14418888706497907,0.8310681362926774,0.008241073335313783,0.008447216903712631,0.005787223801750988,0.0022674626015661554
83,0.1844008282547772,0.7810187103538279,0.0066331849663714935,0.016364775851756393,0.0011095752830148258,0.010472925290252129
84,0.1634319424870404,0.8064250651050334,0.011226643270674224,0.012656175039997778,0.0023767702594550306,0.003883403837799229
85,0.02742044740757724,0.8028399796500816,0.03580598205230524,0.1332719889065059,0.0003368165652360232,0.00032478541829395326
86,0.15782874936201904,0.8171319896452168,0.007498586291389785,0.01214575149725169,0.0013883776893350215,0.004006545514787547
87,0.12229493545351995,0.8626064162500273,0.004196974724875483,0.004375182666114713,0.0008539142441357477,0.0056725766613269
88,0.12829602862964293,0.8463648669831366,0.004206747520266525,0.013663299583803055,0.0006282221779850653,0.006840835105165751
89,0.07292380674015209,0.8984612066743205,0.0017661505054192258,0.0071654400137780416,0.0005977937739665074,0.019085602292363613
90,0.15576081273574455,0.827651058662227,0.0032204771392847233,0.0036136304568403495,0.0015641015369836167,0.008189919468919893
91,0.14704916219516018,0.831412607365254,0.005133003806142634,0.004704954097940618,0.007968502188064273,0.0037317703474383456
92,0.18921848665524635,0.7851483615891888,0.004727254073645699,0.006074854842613393,0.006017553610158626,0.008813489229147155
93,0.0795030865479604,0.8800087402662111,0.024329442985623572,0.011226602324547462,0.003902046549399743,0.0010300813262579334
94,0.4425224027226265,0.46053285040263037,0.018030440607614395,0.071310406599249,0.0018690719879946272,0.005734827679885105
95,0.06741303770243225,0.906419990448035,0.0029733956131817734,0.013034933261020676,0.0004649448971754036,0.009693698078155054
96,0.3235292101449006,0.6488979823877982,0.007586608467766424,0.010060961941050434,0.0037866703422408314,0.0061385667162434255
97,0.1557367648381442,0.8240918778576263,0.005067990629636393,0.005993092648940914,0.0015856653793063112,0.0075246086463461054
98,0.104359541257059,0.8725632134234598,0.004170524365864898,0.00943252465328868,0.00047521159716566985,0.00899898470316185
99,0.09305725890467302,0.8760700460726588,0.005477716176865106,0.017590756171070688,0.0027111253868103455,0.0050930972879221215
100,0.029818233300872975,0.009806454526697275,0.9121355609478514,0.006491820751268114,0.041653927912284956,9.40025610253244e-05
101,0.02810581579367651,0.0012730468275458536,0.8634424867216428,0.0035373343188934256,0.10352885468991117,0.00011246164833021157
102,0.0154790109862987,0.001309550399344296,0.6967827370611802,0.0014989699692300072,0.284658560996754,0.00027117058719284295
103,0.023064665642431793,0.0027050964796309805,0.884386324930646,0.006616821687543229,0.0831310610641269,9.603019562113206e-05
104,0.04851671239881908,0.0009553006372627416,0.8396973199273577,0.0027245624158515674,0.10796856797664625,0.00013753664406250592
105,0.04518928038328,0.0018814608686826505,0.6810475522193319,0.0013412402282995013,0.270011806250119,0.0005286600502869661
106,0.04465315205534167,0.005207382730384298,0.8671608833796373,0.006668567858656768,0.07611973043984402,0.0001902835361361
107,0.016588469572904472,0.001211878842121239,0.9269542518368523,0.014446142388860883,0.040767742040445976,3.151531881516609e-05
108,0.024929969907723892,0.0009856177920794693,0.7428434161435843,0.001293986494843794,0.22969684191871084,0.0002501677430578073
109,0.018515006285426145,0.001865407967999041,0.7806029584309824,0.002456195210568263,0.19645033308995113,0.00011009901507291335
110,0.49219739614996666,0.013643629890414382,0.3122436808764428,0.0023168092841691352,0.1749203704736046,0.004678113325402324
111,0.12678825878377276,0.0025417417855236957,0.7948541493260103,0.004356128700202873,0.07090196282973339,0.0005577585747570582
112,0.014212155677498605,0.0020435499610082374,0.8083380035165013,0.001789712308225127,0.1735186130235467,9.796551322001397e-05
113,0.010079794734899802,0.0014973002789744343,0.8800749920506638,0.0034104283605292506,0.10475234258032852,0.00018514199460422252
114,0.036314124764820974,0.002817122704177964,0.8880825515808698,0.006964419106574326,0.06575909900565113,6.268283790584954e-05
115,0.020325779493181578,0.0037778771203999294,0.9167590415177572,0.01038696324376636,0.04864962337514825,0.00010071524974678659
116,0.026403816528979596,0.0037646980165678503,0.9056427787185414,0.007275475468555908,0.05684703107467411,6.620019268122904e-05
117,0.09826991422377956,0.011389930224585716,0.8433010088191283,0.009421538995384183,0.037415700933672934,0.00020190680344925284
118,0.027146689190134448,0.002038172383263811,0.8644638250559296,0.0034719734051166904,0.10268799541604519,0.00019134454951051405
119,0.01934585848719015,0.004046106721703058,0.904199487716076,0.008749769596739227,0.06356696110382484,9.18163744666309e-05
120,0.09822153014861511,0.001937483853096014,0.8192267438925533,0.004349097242876232,0.07612844729097103,0.00013669757188831732
121,0.008538739220320097,0.0010855023532058763,0.7219608369291732,0.0005102786513361056,0.2676611373023676,0.00024350554359721608
122,0.03222210279149654,0.0012313226440635583,0.893356286088281,0.004748546669253397,0.06832816982991585,0.00011357197698958087
123,0.0873781688566896,0.0019181982619437103,0.7740150854307745,0.003850776111336704,0.13269934869894534,0.0001384226403100618
124,0.42043201746004594,0.00839095400734343,0.45455930118625093,0.003323759882237425,0.11169602596455973,0.0015979414995627196
125,0.04011234237673137,0.014337602465511289,0.8538203750342735,0.003305079456881044,0.08810888824589172,0.00031571242071123235
126,0.015128613050939732,0.001500190597565333,0.8606314568693895,0.002330405250856592,0.12030304039064613,0.00010629384060273273
127,0.6648477693822129,0.003765743930034932,0.2667653488229183,0.0018820099741335527,0.061312427695890875,0.0014267001948095074
128,0.033206419105438395,0.004347134930986244,0.8869011650127792,0.023321300987021166,0.052083807543388545,0.0001401724203866253
129,0.1628078910106685,0.0020867073081253388,0.7579281805515438,0.004551585971878117,0.07243346445804939,0.00019217069973503182
130,0.03857863807399108,0.0017660196574702733,0.8567417303415752,0.004654972270303604,0.09818356761357577,7.507204308406004e-05
131,0.04602818295184567,0.0009608205418811477,0.8726108855942364,0.006880000026867907,0.07343002480031961,9.008608484926504e-05
132,0.014916259497072924,0.0010682238299991327,0.5856224339924248,0.0005262561993288581,0.39716445218571306,0.0007023742954612779
133,0.12550108085006137,0.0022587819376949625,0.8050835504780018,0.004025323229591774,0.06282491626394451,0.00030634724070547985
134,0.03853002178973124,0.0013915348431290484,0.6580571835674116,0.0008271725918550737,0.30070614185410754,0.000487945353765314
135,0.02655516130174689,0.0030416369578649518,0.5322595604194919,0.0005395376511672356,0.43678550610265127,0.0008185975670779248
136,0.1186920122893557,0.008271335473966754,0.7653210814069178,0.005550209290849583,0.10130068828721059,0.0008646732516994501
137,0.1860710420827717,0.0069324963285649155,0.7423686667872234,0.005369506998046565,0.05762765087094025,0.0016306369324532502
138,0.052877169448978384,0.0020901451409421202,0.8728761355457576,0.0070136364043914025,0.06508634136616669,5.657209376380793e-05
139,0.010726927424385297,0.003209086059145898,0.8761478287827877,0.0034996283972757503,0.10622362943910298,0.00019289989730237093
140,0.04229633295034674,0.0031851459347214377,0.8311361178980216,0.00214346703868477,0.12103771421141282,0.0002012219668127566
141,0.06826423320858388,0.001918617620185787,0.85423837701236,0.00908095551743035,0.06640123680295634,9.65798384836024e-05
142,0.34436209555407943,0.00626369311525352,0.5874412496558934,0.007576200135997329,0.053568871486482095,0.0007878900522942095
143,0.04066020398298562,0.0036537602167967475,0.9046682073705192,0.005241476622394425,0.04570052283048256,7.582897682161172e-05
144,0.018449268574798717,0.004872046954614981,0.8990862354941801,0.008648670922815224,0.06882870696420805,0.0001150710893829627
145,0.07000803545881924,0.0035371846576721074,0.8349752418599646,0.006984846482829136,0.08435071302634257,0.00014397851437226858
146,0.13433279133677864,0.0055465060685376795,0.7891033671468193,0.003245309602332018,0.06755169103951887,0.00022033480601341612
147,0.16418755899985812,0.0029414295275638335,0.6436397921234289,0.0012753080716436578,0.1873178266095352,0.0006380846679704371
148,0.10445583810575412,0.0026795807076303007,0.7844620828660603,0.005162097711617672,0.10285008861439575,0.00039031199454182515
149,0.02756724961523024,0.0010799426438137104,0.829917578290806,0.006625527666187104,0.13472787176771203,8.183001625088967e-05
150,0.0145838656890448,0.0304548594865331,0.00085634146498786,0.8399408339731628,0.0005906686311930491,0.11357343075507849
151,0.004983697327331437,0.0031702658325627547,0.00048023149545736997,0.7815843899275497,0.0007275342178931317,0.20905388119920554
152,0.022626571167691203,0.002085717046629939,0.0007231009261292817,0.7254711727553356,0.0006467959024555543,0.24844664220175838
153,0.021482424744456333,0.005120589863494009,0.0007452928755277069,0.7914967700648202,0.0004762616136430864,0.18067866083805864
154,0.007907436334233651,0.0038324212980963665,0.0007302722015589972,0.8605077871811094,0.00023465728260036746,0.12678742570240126
155,0.004996820673294292,0.004071727827795646,0.0014378192742296246,0.8936121621291158,0.00011680720978735248,0.09576466288577731
156,0.007053854659689363,0.012186381314925838,0.0018323478147321034,0.9322180240065175,0.00011553643923782076,0.0465938557648975
157,0.006210050028647419,0.007102014703108868,0.0019643540399538763,0.938101320069342,0.00015163821183557488,0.04647062294711216
158,0.008873490763146063,0.01588531564483814,0.0006483217736753464,0.8347422212373945,0.0006067314200178526,0.1392439191609282
159,0.006501453859520632,0.007301238420676334,0.0018162167570283318,0.9173808307388304,0.00020031282800447208,0.06679994739593989
160,0.0015859195520680938,0.009916361698524721,0.000635908478793094,0.8403178216491863,0.00033338908347723014,0.14721059953795052
161,0.033905382232813114,0.043873497251702906,0.0009538639513794654,0.7705981509848125,0.0006607770096143407,0.1500083285696777
162,0.0025554081405174717,0.012735680575211367,0.0016759682034918194,0.9147241123893209,0.00023062251793709817,0.06807820817352132
163,0.020194698048101384,0.0046660196031090995,0.001396596644876471,0.8472123292412864,0.0005155393806736199,0.12601481708195306
164,0.044724004387639515,0.019614628178443522,0.007271346810016772,0.9077693885748075,8.623608968592356e-05,0.020534395959406773
165,0.026379239370131046,0.017873982990283886,0.001499489796153809,0.8632412719979786,0.0008818515863214649,0.09012416425913126
166,0.06516649941626092,0.0066904730813776465,0.0007257512300514328,0.7043747671161038,0.0008356523728450736,0.22220685678336108
167,0.006344430871870073,0.007257284884632519,0.0003447083885870512,0.7440401092433256,0.0006030947210025756,0.24141037189058223
168,0.008815209870278725,0.005579083489240806,0.00020319697217665873,0.7218181383849618,0.00040648297470434046,0.26317788830863764
169,0.008062228335750729,0.0071421392367689044,0.0007901638966647519,0.8514197038454366,0.00016519199378137555,0.13242057269159757
170,0.006253956351332096,0.006416781483020925,0.001795620938701173,0.9228812239463948,0.00010972269049325032,0.06254269459005779
171,0.006727506196755026,0.008292938197045609,0.0016404610557806249,0.9210411895180713,0.00016047131496042485,0.062137433717386954
172,0.015441852371379244,0.004350635501771231,0.00022171066370244903,0.5434106709771614,0.0015267717224772602,0.4350483587635085
173,0.007365805947329732,0.0025656798253854717,0.0008012919815269942,0.8270435094009966,0.00038278532334705975,0.16184092752141396
174,0.012679265248005249,0.0024990665356371083,0.00043536822343513974,0.7494304534345276,0.0005684921517179792,0.23438735440667696
175,0.009733883741699968,0.010739645740576368,0.0011542185127880232,0.8991571189154897,0.00035066080912316927,0.07886447228032283
176,0.06701690532720402,0.012549438790308669,0.0005562862146485987,0.7340386594421425,0.0015967189081147635,0.18424199131758143
177,0.0034537460963332415,0.013179327638250055,0.0038662167725269673,0.9534627590739102,7.809274844645983e-05,0.025959857670533167
178,0.005409242702918955,0.0033786130778776435,0.001104666854402537,0.896198744900378,0.00018389464355230865,0.0937248378208706
179,0.0028951368438521192,0.007702609869971091,0.0012923508404944198,0.8929166363883803,0.00026678800808621123,0.09492647804921607
180,0.16633738987366917,0.008701226217952947,0.0007399794809102695,0.3753506439709782,0.0024760631331675297,0.44639469732332193
181,0.0075827020680227985,0.011432124997800198,0.0015569304157823079,0.9026094733851994,0.0003233716027726259,0.07649539753042285
182,0.0173413847379868,0.030621495701869433,0.002798538730913594,0.8295162064924034,0.0005453561535658049,0.11917701818326083
183,0.006494160494667213,0.0036149145099509,0.0005954367575938804,0.8254397692578116,0.00014030152333568532,0.16371541745664073
184,0.00800626212539889,0.007608235664328708,0.0012413570725063568,0.8882050038926317,0.00029587526828950695,0.0946432659768449
185,0.011482417202909262,0.0019455544377635868,0.0003549587801297425,0.6455347700053977,0.000958848382916176,0.33972345119088343
186,0.002706866601095338,0.005605476126332164,0.0027764139052662406,0.9286651920173137,0.00015747663180626427,0.06008857471818635
187,0.16694088328549953,0.025732119313308564,0.0038968085412257832,0.75585936436593,0.0005941489565177231,0.04697667553751845
188,0.019701444873704742,0.010488675984327182,0.0014989885855017748,0.744937989989954,0.002770685966144256,0.22060221460036816
189,0.004981255098499701,0.002224429230244956,0.0005711772891324543,0.8065085136993771,0.00034058242580717085,0.18537404225693854
190,0.007233685357184183,0.010811502186221573,0.0011211009462812286,0.9002738780368768,0.0004212682341237722,0.08013856523931248
191,0.015313987335924269,0.005847428820505164,0.0019263195203007082,0.8871689138860435,0.0005013323658736413,0.08924201807135272
192,0.011077553221570051,0.0039042535098666414,0.0003762726445056616,0.7384967736996133,0.00019278329657050115,0.24595236362787387
193,0.008437165672302495,0.0019217060082918878,0.00038980535731307416,0.7575709416252251,0.00034276649832618516,0.23133761483854134
194,0.018130090783468087,0.0325381310761407,0.0019874286245988872,0.8461377432841601,0.0007631299292299319,0.1004434763024022
195,0.028720799924519928,0.0057527953146862395,0.000948073853190501,0.7802149265303469,0.00043245119530522656,0.1839309531819512
196,0.017729717594569774,0.007647564804230462,0.0007140153130946082,0.8273763097498067,0.0006388267103501066,0.1458935658279484
197,0.022445993444381158,0.004201504499780002,0.0015408451256852592,0.8401716591090214,0.00034191013766132105,0.131298087683471
198,0.004705794154198289,0.004281772593117211,0.0012310136568409568,0.9031982822552691,0.0002909542196669331,0.08629218312090742
199,0.019355561142699613,0.005340942334517173,0.0007164459254480405,0.8363642055803628,0.00043614787141437865,0.137786697145558
200,0.29486546249455525,0.004521995183121892,0.06823339491706411,0.0006178562086433902,0.6279626046808272,0.003798686515788141
201,0.021651631742721333,0.000483944175791115,0.30278537509468983,0.00026596463756963174,0.6648289480395576,0.009984136309670658
202,0.03679527455932751,0.0004679032754136074,0.03845560241648457,6.22313787848186e-05,0.8890072314911274,0.03521175687886204
203,0.021115939993005227,0.00013245784090767687,0.1221019120669096,7.499186375299514e-05,0.8283996688248259,0.028175029410598657
204,0.09928834894125836,0.00017826732886557287,0.18370423143524509,0.00022927233516130025,0.6884580045084969,0.02814187545097283
205,0.009816375566638898,0.00036736302202326044,0.06463329685695349,3.259725027245299e-05,0.8935852394834867,0.03156512782062536
206,0.010980911031427653,0.0002360430193172036,0.120553334039949,4.878905292695369e-05,0.852665663984574,0.015515258871805363
207,0.017073346355190394,0.0007205720595260298,0.12085026749335274,6.253633082451162e-05,0.8531334201546769,0.008159857606429404
208,0.0183562533448056,0.0003186346492290514,0.11742601202956732,5.243507699495711e-05,0.8493040803357146,0.014542584563688536
209,0.05139196380385091,0.0020628999478260086,0.15845092336028155,0.0005880053100494964,0.7846835215455991,0.0028226860323930215
210,0.029426262659755852,0.00028761648486943717,0.11393379803485773,7.462341375946322e-05,0.8380097611154552,0.018267938291302202
211,0.016519856937990983,0.000374716541004104,0.15712103404422623,5.5801984107822966e-05,0.8111410846751435,0.01478750581752741
212,0.054645142939040596,0.003127933504364758,0.13566777445104286,0.0009062206494511647,0.8040855168804567,0.0015674115756440198
213,0.08878707362482798,0.00047700202790143954,0.09720723180874648,9.279515341199411e-05,0.7949056961094997,0.018530201275612456
214,0.021371719567689233,0.0039770895939384866,0.15987362700526778,0.00036953194412932304,0.8117868576408934,0.0026211742480817387
215,0.22536310378032023,0.0018243346532393289,0.09847027284669214,0.0006775102586287162,0.6522070314788548,0.02145774698226482
216,0.03802160629609841,0.00046623795524211315,0.10438568695995869,0.00016718836116191412,0.8251573520870731,0.031801928340465774
217,0.1496093317267721,0.01257486473458701,0.18065750808695608,0.0018154318926106479,0.6526956490685866,0.0026472144904875726
218,0.4785182029197571,0.014925885038316069,0.03601871464695733,0.0019340261353154719,0.45561630600261394,0.012986865257040068
219,0.22897821561639986,0.0004428367398502984,0.0920675507451628,0.00036451136481305697,0.6578543944508252,0.020292491082948685
220,0.30268925501067667,0.008295830490278853,0.18488883057141733,0.0020295199619288387,0.5003871461970687,0.001709417768629622
221,0.05063247489062182,0.00031223827858548227,0.08728168991528609,9.940483164577601e-05,0.8335287232338775,0.028145468849983413
222,0.04794131469570937,0.0013357913419396639,0.12467270469466984,0.000470888312827952,0.821023392942517,0.004555908012336037
223,0.014724321798664173,0.00048194974444783125,0.07768263235461882,2.9169494159503235e-05,0.8780096005545365,0.029072326053573093
224,0.03437302307705279,0.00028653357124115236,0.11337665180997086,0.00014357764428666627,0.8303451821422978,0.02147503175515059
225,0.24061182324870178,0.0006955908890564144,0.16424598143618221,0.0007584469898396809,0.5739837501465247,0.019704407289695018
226,0.21204449216518018,0.003884620318910144,0.04559453110946978,0.00023228159225968808,0.7300080070110629,0.00823606780311736
227,0.03191297427271535,0.0001503904494117494,0.154211006550834,0.00027690626799922003,0.7902862988931513,0.023162423565888556
228,0.016961501212258694,0.0014994471111757415,0.19727352231556317,9.767679229613501e-05,0.7809998562456086,0.0031679963230975025
229,0.046455118695113436,0.0031635744648919224,0.22843936009258917,0.000722652098626732,0.719948887994318,0.0012704066544608076
230,0.01893053907462906,0.0011058665392609964,0.110415307207834,0.00012367139821744188,0.859645610188203,0.00977900559185563
231,0.12741196445338085,0.00012875840818824073,0.08017580416400692,0.00013934854170129894,0.7436045153336442,0.048539609099078326
232,0.03944092402624134,0.0006895774522199635,0.11278654191377663,0.00021871651748458758,0.8321588232398014,0.014705416850476083
233,0.01958987161237327,0.0015618177215127739,0.11784914369856361,0.00015233417430024064,0.8446945779843104,0.016152254808939726
234,0.010461619153631214,0.00043009473364215766,0.11564248026436805,8.401065625611921e-05,0.8568910553689929,0.0164907398231097
235,0.10952757172516579,0.000888475543930264,0.08170874797950169,0.0002705198803352768,0.8030526299685679,0.004552054902499172
236,0.11462056467073485,0.003779092618036936,0.07289310361623688,0.00018423378834322925,0.8036229452790211,0.004900060027626866
237,0.013859853099308558,0.000519721249897869,0.07989509863476765,7.956656786229071e-05,0.8899477823388683,0.01569797810929514
238,0.033478996312410206,0.003066596290607009,0.3178363717605487,0.000486734473417377,0.6417065658917144,0.003424735271302388
239,0.07361400394572552,0.004544923790847242,0.2399546849271935,0.000751296246974093,0.6691147556562017,0.012020335433057996
240,0.025901523137402616,0.0007767960451268636,0.22101190191119363,0.00010376056822264902,0.7456456686149152,0.006560349723138866
241,0.040040928687773036,0.00018288569855056828,0.08423146466008757,4.6912272602745553e-05,0.8397721955735231,0.03572561310746293
242,0.06867090110234202,0.00022258809055241004,0.16056867912527548,0.00022248222841019324,0.7409246347319788,0.029390714721441138
243,0.037566735113904,0.0014009347079053265,0.111908835642072,0.00030681696600017055,0.843583470510698,0.0052332070594203655
244,0.018595169271369776,0.0002517443775574343,0.31674248621803663,7.042477745048313e-05,0.6599341375808754,0.004406037774710371
245,0.02322192855649981,0.000925835696335988,0.06421877830795676,0.0001285736373121532,0.9002474093245749,0.01125747447732027
246,0.03343022485386718,0.002078998107665141,0.1240735270810216,0.0004074709964101703,0.8361913744927237,0.003818404468312141
247,0.037610796977423,0.0014460015846440146,0.20039646903137692,0.00033690142561609436,0.7507888537728465,0.009420977208093448
248,0.10586054868589757,0.00020605814132650588,0.13376329883279625,0.0007156884143408998,0.7321016672948513,0.02735273863078751
249,0.030366841428743057,0.0009066731095703698,0.08351021375355076,0.00020676344123815655,0.8576123282022973,0.02739718006460042
250,0.018963623951847284,0.0019234129389547516,3.661552939089449e-05,0.13929322456746515,0.00305441592407976,0.8367287070882621
251,0.08240818485091908,0.00465956408150632,0.00035751105168412586,0.24136437836704983,0.0074096947740898466,0.6638006668747509
252,0.01798200056872391,0.002180085281709278,0.00010471860514831179,0.10395547755987758,0.01360215680676681,0.8621755611777742
253,0.052744251684391244,0.003586205905928792,0.0001740223116155517,0.11241771250921387,0.0042769809745724025,0.8268008266142781
254,0.026605648385394805,0.0016057355251579556,3.89060149200249e-05,0.06347329257613997,0.015445657536038047,0.8928307599623492
255,0.03682019179076689,0.00414641608172871,0.00041877149443039785,0.07934786268082251,0.022484343624662548,0.856782414327589
256,0.04243331286727369,0.0017465468895332358,6.122292323837429e-05,0.08931029843929957,0.016460836288765233,0.8499877825918899
257,0.009465785869497291,0.0012085746372358544,2.0641746993330152e-05,0.09088491272123927,0.011405018650320658,0.8870150663747136
258,0.06833652975715966,0.0012805585097621843,8.01097892464042e-05,0.08435946361138127,0.023667316299887928,0.8222760220325626
259,0.01592288341696582,0.0030208362394046053,2.810894756631803e-05,0.06374299497385158,0.010503299126435427,0.9067818772957762
260,0.008125918754542084,0.002836974243578763,3.0178268937412794e-05,0.16782491107414557,0.0033949206781707505,0.8177870969806255
261,0.08008438617284137,0.00273276946257914,0.0001301246339790196,0.047538398430346775,0.033522476577349816,0.8359918447229039
262,0.02857720564428767,0.0056771387220833835,8.111720233341804e-05,0.33513811284217654,0.013143069059331977,0.617383356529787
263,0.019593464014473375,0.0023386056159624743,9.927839271578977e-05,0.17917420821790267,0.0019731453606448702,0.7968212983983007
264,0.06449231396166216,0.004317223534535039,0.00032771044481177085,0.1491523466511859,0.015493074996761455,0.7662173304110437
265,0.05540722829095676,0.012089306824568952,0.00028095678488238154,0.12231433140159434,0.0045707153080835625,0.805337461389914
266,0.021869749981295854,0.002284509362017595,2.872028482451967e-05,0.17284941921608227,0.0031344072743826035,0.7998331938813972
267,0.03916715560824433,0.0028591726261087036,0.00018387117641030477,0.11448292480095201,0.01849435827838002,0.8248125175099047
268,0.008140994518903403,0.0026641337459144773,6.539315999269494e-05,0.2215483956289187,0.002370535115519222,0.7652105478307515
269,0.04066903877971892,0.00779803223526055,4.565353574483172e-05,0.12440972649825542,0.020356147664453206,0.8067214012865671
270,0.04644029092895169,0.0003232573016653064,3.4843111846216504e-05,0.030480975194628553,0.03733515870353519,0.885385474759373
271,0.014557943022432213,0.0008332460814958838,2.1818111152972192e-05,0.12346128517745515,0.012550942802162134,0.8485747648053017
272,0.12282713039351452,0.03840164275821637,0.0003508834743224262,0.15833893868265161,0.002905486764020016,0.677175917927275
273,0.07848953959706827,0.002818012649656729,0.0003555466252197619,0.13722981836095616,0.006242330063921835,0.7748647527031773
274,0.03458805388624627,0.0013638864090115986,8.072949054710256e-05,0.4159146114519924,0.0011100301892238889,0.5469426885729788
275,0.009069767229036216,0.0008316092876810248,2.9393200633761366e-05,0.08385416347765845,0.012795074382597312,0.8934199924223933
276,0.022451754277149846,0.0010419291837504194,3.57677615241618e-05,0.029189555042585375,0.06163712257461062,0.8856438711603796
277,0.07631761763859406,0.0012090065020799279,5.3215722618068144e-05,0.040014036075457754,0.026070359710596635,0.8563357643506535
278,0.32733833019617625,0.01802512536368349,0.00010056026486137441,0.04202497810037804,0.052732862829898114,0.5597781432450027
279,0.013966083345397512,0.0035867474100580252,3.034480782770487e-05,0.3243673860987017,0.003577211717816867,0.6544722266201982
280,0.03216495867601338,0.00145753999009803,1.7669151901397835e-05,0.04172047014399132,0.012554323233047537,0.9120850388049483
281,0.02116668821197984,0.0006390333921164771,0.00015445695322531414,0.14600717002767244,0.003752876275826436,0.8282797751391795
282,0.057458339016206984,0.007758341421364634,0.00034050153071293594,0.22599590677930262,0.0061179348695441175,0.7023289763828687
283,0.010694105654409234,0.002044085417417202,2.216062451553229e-05,0.08619634340356762,0.006018132166979675,0.8950251727331107
284,0.07252413935334281,0.0012116256006867365,8.678340286919449e-05,0.05315255870359535,0.02713377549905413,0.8458911174404518
285,0.01193403507375492,0.0006418482654185582,9.769550841981721e-05,0.09138143449041587,0.018181059552867238,0.8777639271091235
286,0.00705083681741498,0.003862013061290293,1.9452566152054585e-05,0.0916276696876431,0.007614856008677181,0.8898251718588224
287,0.07222763625327924,0.006011283834966757,0.00013378609405946925,0.28990640842747106,0.004679652756988188,0.6270412326332353
288,0.023127267371919596,0.0007027398641163599,5.369012694048991e-05,0.0763241264272166,0.01917286497367285,0.8806193112361341
289,0.035955890062183304,0.0037099204923499215,2.650270996631569e-05,0.06954554514467229,0.022742081636478194,0.86802005995435
290,0.048989510634988014,0.001485876186614836,0.00013334231138799113,0.045665346997157845,0.0371823815074719,0.8665435423623795
291,0.05775996939064072,0.0077933442520879085,5.4008797190223626e-05,0.1772386943709946,0.03258228745649236,0.7245716957325942
292,0.01317388182453553,0.0009579983265551536,8.196975401682717e-05,0.14245169382704426,0.015944220885611,0.8273902353822372
293,0.03718952933396348,0.009799812160535284,7.548360970854024e-05,0.13756725792377086,0.02077080663790125,0.7945971103341206
294,0.031942253430412314,0.00846653431389931,3.721528453271382e-05,0.21254683274452452,0.015543810870180282,0.7314633533564509
295,0.05785605299317901,0.005263654704278711,5.583376066196175e-05,0.07564914524066443,0.015611763080702922,0.8455635502205129
296,0.01215838539680214,0.0024930796634492504,6.62420617347829e-05,0.15788927162096586,0.006585280228298777,0.8208077410287491
297,0.07582705208697682,0.00894652206983997,0.0005318565503126117,0.2861772146869757,0.0034066750673127986,0.6251106795385821
298,0.058252378714105525,0.005835386803406013,0.0010854119280321083,0.5627652331109638,0.001962695328106953,0.3700988941153855
299,0.054372223195291815,0.00038129827967505267,3.667003474680845e-05,0.03467637945883961,0.028122510259776592,0.8824109187716701
