,proba_0,proba_1,proba_2,proba_3,proba_4,proba_5
0,0.7547675210599837,0.07815269937326542,0.041156247364994916,0.040708508607894364,0.06382517165826915,0.021389851935592348
1,0.749853404051624,0.0401926355317003,0.08295972180614952,0.046050691089798465,0.046379776729614124,0.03456377079111338
2,0.7714992701034606,0.07011068875311383,0.044886688525641996,0.03423595582472509,0.029768944018780597,0.04949845277427777
3,0.38410784753866983,0.29050132038603566,0.03837480526680191,0.07587952206613245,0.14221667397836868,0.06891983076399162
4,0.6793278700967018,0.08053677272748842,0.04535937834632011,0.044054394932895556,0.08949044610236168,0.061231137794232386
5,0.7925047293792178,0.0526764641629913,0.03649092306044821,0.03511101519621543,0.0570591770372689,0.02615769116385827
6,0.49333522605631214,0.27239726695956684,0.028432513872589566,0.05988693959697332,0.09665228403268696,0.04929576948187125
7,0.4979326779626218,0.30703627931639604,0.03406175144509239,0.04716144191783863,0.08924490366901601,0.024562945689035175
8,0.6534107062543054,0.20269098011410547,0.027477490044420332,0.02420531238572067,0.06818517020100613,0.024030341000442042
9,0.7222150536025554,0.14886613247673913,0.033427142775447796,0.028145281310174828,0.040428875581995906,0.026917514253086916
10,0.7553483799321928,0.06053398888955121,0.046950862944859825,0.056249099247544176,0.04023232299263541,0.040685345993216555
11,0.7031796613329261,0.0657359627882962,0.04442012306171705,0.061101062643985245,0.047806298155233067,0.07775689201784249
12,0.7425720363631051,0.14822945796199258,0.020429274403100658,0.024572404120103312,0.03185603485544249,0.032340792296255604
13,0.7248576653620852,0.12501550036387374,0.034983706076143255,0.04339067701651904,0.04468019270884764,0.027072258472531183
14,0.5790152316920731,0.2118014421376497,0.024860161864881533,0.036241324311755446,0.06923888314165436,0.07884295685198578
15,0.45166661617850423,0.1817908479095435,0.0682673045465143,0.09117229783532341,0.08682860051576603,0.1202743330143485
16,0.7695788715692843,0.07350553914787189,0.035923905269759485,0.06046260965360649,0.03031833353799081,0.03021074082148695
17,0.695752184941996,0.1045074414279934,0.07284360697160183,0.04156125737357985,0.05628939431729018,0.029046114967538707
18,0.6321660531073287,0.14153719419324312,0.04684528146252969,0.06416026643199858,0.06307672336023619,0.05221448144466385
19,0.5947190254721958,0.18999152977499345,0.04643226138367651,0.04231541419472415,0.08013825121714535,0.0464035179572647
20,0.6074541070067108,0.1407705951709306,0.05124131077474575,0.08805299889451353,0.03896571927258971,0.07351526888050966
21,0.6590791394477389,0.04389397334477248,0.054356657157714726,0.10038748406888458,0.04931492605873303,0.09296781992215641
22,0.5827303731706467,0.17411898863089012,0.05240521202587977,0.04682912751118511,0.09342125079399884,0.05049504786739943
23,0.6429242963497922,0.2072103487704282,0.025330634915935405,0.031037594182616528,0.05923827487705582,0.03425885090417172
24,0.5636572103521388,0.22709470546814287,0.04331679109083123,0.036806281195709736,0.09343720319446745,0.035687808698710105
25,0.694543317942772,0.046721770291188194,0.10592462639318821,0.05599649766811223,0.030592410034039362,0.06622137767070015
26,0.7075537456653949,0.10655881706212081,0.03125898755449547,0.058838692146502794,0.0298624853687444,0.06592727220274161
27,0.6501034966849885,0.13678280184250052,0.04282392181030066,0.06072254573025439,0.03859725356578953,0.07096998036616657
28,0.6123892288519266,0.23032145574162655,0.039668752268613314,0.023524709956903263,0.04649901997972535,0.04759683320120493
29,0.7635347346857905,0.04829447743263455,0.05368076989097382,0.06313179682683578,0.0333840876711638,0.03797413349260167
30,0.7765548798627027,0.10711606529250307,0.02437333068859474,0.029739230322365733,0.02504742048114194,0.03716907335269202
31,0.822452576007194,0.05941279030505348,0.033938986191660976,0.03908364850509785,0.024106248734680712,0.021005750256313033
32,0.5892920740594354,0.10624557831261236,0.0637377801489972,0.062213218984778766,0.09155566043372768,0.08695568806044865
33,0.513836089460881,0.16457814288052233,0.054242663901761926,0.06321149954545123,0.09226081705314056,0.11187078715824306
34,0.5233617483658975,0.16082524916007507,0.07753964165046934,0.060311140704837556,0.12938886084736329,0.04857335927135718
35,0.6939393089947222,0.09261401179708122,0.04458411261933526,0.04512586499676953,0.09167385529850772,0.032062846293583955
36,0.400296253618213,0.21647727695265562,0.06536509630836579,0.038469319044297554,0.21921997785290404,0.060172076223563804
37,0.6169528673277124,0.08946745249155169,0.06088479804950435,0.09699658050352972,0.053458345147438614,0.08223995648026323
38,0.6370273972952996,0.1479947618379685,0.05087059997228985,0.05427188219788446,0.049426853775381745,0.06040850492117588
39,0.5315317145920577,0.16221018334235868,0.0625272192264964,0.03338112002097827,0.12200231298403469,0.08834744983407412
40,0.5271139722160355,0.2772986035721544,0.03240339923503393,0.02943981046315351,0.09562273500447374,0.03812147950914908
41,0.3850632624453409,0.22551728615636638,0.09561311067878996,0.06322373509980227,0.19777059214870252,0.03281201347099802
42,0.5539077788176545,0.24548597022455054,0.053710335080525716,0.03323931875084228,0.07013381051910125,0.043522786607325545
43,0.43865289762396914,0.0856604162847854,0.06567773488874894,0.1270518522906937,0.08408326933126921,0.19887382958053357
44,0.7097769766907351,0.07510057791883432,0.04060869769275409,0.07229623619245971,0.03840579230707223,0.06381171919814457
45,0.611824585276612,0.14508173864513968,0.058805069555189916,0.036607032150726346,0.1060620605920875,0.041619513780244574
46,0.6308309462151968,0.13725993314997342,0.04433056038052954,0.05384764506310521,0.09931393389824723,0.034416981292947964
47,0.7257756065470137,0.0666697373600676,0.06921590528479485,0.04506198782391104,0.06397019077439632,0.02930657220981651
48,0.7643170464653378,0.09108892106124657,0.047452318776207314,0.035939038952915704,0.02913232303849423,0.03207035170579856
49,0.8046910884875743,0.06729945271345625,0.0313188238437033,0.030808368471536344,0.03804028050260556,0.027841985981124133
50,0.1379653124213318,0.7138418210074255,0.018585784176832428,0.022183179166049793,0.04509752860339737,0.062326374624963175
51,0.11303991981250017,0.7543920608844255,0.01665634668128706,0.019744213177032486,0.04164808535004668,0.05451937409470818
52,0.15973764749588698,0.6475928724013492,0.024285765174031027,0.02596149292213673,0.09255730551399041,0.04986491649260557
53,0.09336238267485239,0.7223372804951262,0.028459646461974835,0.026472218543261126,0.07012082551983378,0.05924764630495174
54,0.0848581731571362,0.7580301410251528,0.016684638827673227,0.017436558256778013,0.046799104068383196,0.07619138466487653
55,0.10061622026089938,0.7574760042804092,0.014444373795927485,0.025851788530430447,0.04182829520585853,0.0597833179264749
56,0.07493511797088732,0.7619523964827117,0.02290799099107996,0.021561634403659363,0.0626043201350678,0.056038540016593884
57,0.14250243544756913,0.7024793446612947,0.021835416545538017,0.02831476948932475,0.05411333459322371,0.05075469926304977
58,0.1386040226428507,0.7115621004185195,0.01817301057398087,0.014891991096429308,0.05946893457527675,0.05729994069294262
59,0.17190671481122557,0.675623982147156,0.019294193291640057,0.02219060861046044,0.040955520557306765,0.07002898058221116
60,0.10833034444459304,0.69435786889586,0.028789522181813125,0.027098290267342045,0.040581543475924076,0.1008424307344677
61,0.13028536246488678,0.7214471039611816,0.018026468387762538,0.015433667552272162,0.05883167552796549,0.05597572210593145
62,0.13091904417628042,0.7298502449575716,0.014940945964509112,0.01595700869903093,0.06830231134082908,0.040030444861779015
63,0.1616208141229521,0.6914724966612258,0.01754133634070548,0.019433881335634784,0.06751227336988387,0.04241919816959797
64,0.19443702409849567,0.638843767604479,0.020767167411049586,0.023355338685981088,0.07162509034599733,0.050971611853997296
65,0.10952837674117959,0.7094362225482366,0.01809188449977816,0.02866708448647182,0.0541542317005342,0.08012220002379962
66,0.07588595708153653,0.7830003169272822,0.01804911964376731,0.018678118576433547,0.05404884224555951,0.05033764552542094
67,0.14584486332544233,0.72159742708612,0.01248532945617971,0.01528449606254028,0.06743288295044135,0.037355001119276504
68,0.17991307969384002,0.6937093843427184,0.015401752670462947,0.013760120721879512,0.059351213164502065,0.037864449406597084
69,0.13150478099328544,0.7349969299981284,0.013832937252072812,0.019309624127959276,0.05752714110919804,0.04282858651935615
70,0.06922413513555925,0.7551445007456927,0.02657950776510908,0.021845142293459224,0.059396360011547626,0.06781035404863209
71,0.1380520588146851,0.6995278983136269,0.035252021095860696,0.02701547245998217,0.04714998213621691,0.05300256717962802
72,0.22508861305458777,0.6341065194065941,0.019141049462709503,0.01774673564129879,0.054885202255795865,0.0490318801790139
73,0.12042016332290723,0.7382805539427116,0.013855417729693257,0.01921888694336635,0.046157137786133506,0.062067840275188045
74,0.160311934730728,0.7202486479891764,0.012759246512688446,0.013748439857755318,0.055150634073495415,0.03778109683615644
75,0.0889330712134338,0.7557442777826772,0.020076664527688408,0.017172187361328636,0.04761478806545812,0.07045901104941393
76,0.1332017691192022,0.7292589905480388,0.0139944537055907,0.017911648688648828,0.061659622092081125,0.043973515846438445
77,0.14516204967626867,0.7168972767522378,0.013181625196210347,0.013976644244225,0.06000016104665826,0.05078224308439983
78,0.17457729648027,0.6891152479976301,0.022682497494936102,0.02379535597162503,0.042807685784694696,0.04702191627084395
79,0.12685251334555078,0.7263112132382465,0.018083684347601343,0.018195281540789747,0.053902346957495455,0.056654960570315896
80,0.07868034957245255,0.7689775547141209,0.019202449182514417,0.024181871287258367,0.04384597456976694,0.0651118006738869
81,0.1474883931545368,0.7069327842389611,0.014443826963150413,0.018924124429928302,0.07025429233837752,0.041956578875046016
82,0.1387038048721344,0.7179743773965176,0.015330069664173544,0.017883988030266675,0.0646958521204376,0.04541190791647032
83,0.11199680401560168,0.7066487013088856,0.018009468038104826,0.024111956341004773,0.0520867848235711,0.08714628547283193
84,0.17975780288835405,0.6598053420296375,0.021025038029461658,0.024266095083077872,0.08950730979865594,0.02563841217081297
85,0.0960261857627293,0.7636124681448628,0.0152556066911162,0.019983564039889174,0.04432265564160172,0.060799519719800826
86,0.13415561481051974,0.7228339123098042,0.014942863880332544,0.020069207915074536,0.06311296601740299,0.04488543506686613
87,0.09667997981812483,0.7822578052218743,0.01298133387274253,0.014820784377757384,0.047123920438360424,0.04613617627114041
88,0.09588935309619023,0.7214547920593023,0.027570604224808695,0.03905361778471581,0.04987865300579779,0.06615297982918521
89,0.08139183491208896,0.7533165411278144,0.01955577322790768,0.027204860335597415,0.04170536182186134,0.07682562857473023
90,0.08384264494103667,0.7397877644767304,0.022476746958554606,0.022601403709743863,0.03370224103837101,0.09758919887556348
91,0.10182283414581182,0.7424912090329842,0.016332354543701074,0.017615538443126723,0.0583432096503512,0.0633948541840251
92,0.32170746472951917,0.543349264178762,0.021118298610819566,0.023648203073973306,0.04506954083048972,0.04510722857643623
93,0.11756806484033104,0.727813842439608,0.016226793090224005,0.016564611170602435,0.07262638716417835,0.04920030129505616
94,0.20311132623482772,0.6199364418813154,0.02160140422177728,0.033379229136096505,0.06421268176679215,0.05775891675919115
95,0.07423627815883009,0.7586948458369421,0.019285140553882998,0.027044775349168913,0.040700564797818625,0.08003839530335723
96,0.14603106024244353,0.6800190598265886,0.02355359847239375,0.021107389549333323,0.07970386191812819,0.049585029991112646
97,0.08385884434280702,0.7328512239602547,0.023078602051365856,0.0274458079402998,0.04665103057664405,0.08611449112862861
98,0.07458266501914539,0.7681441186843321,0.02177998795882791,0.02401799436462396,0.036122372194509166,0.07535286177856156
99,0.13734467453105245,0.6880801407043904,0.023660415972734532,0.036614009978422686,0.05054280895571703,0.06375794985768292
100,0.05706931867691562,0.03200467808951909,0.48713651202271363,0.09759757040313671,0.2588050849926242,0.06738683581509061
101,0.017386166743641355,0.0072805531303010654,0.587060990574747,0.14730229057397445,0.211271896916556,0.029698102060780055
102,0.03322421661034301,0.02282429185487842,0.47951249950489516,0.13749760879954312,0.2795824838733877,0.04735889935695268
103,0.035761413796379114,0.022447498689990165,0.47361530460572165,0.09830311504710039,0.3251939563570095,0.04467871150379912
104,0.020579773773943648,0.01411523555792,0.5436647917342412,0.1304340171002086,0.23917004059724184,0.05203614123644463
105,0.08640737117115156,0.017938326012724624,0.4735758390833981,0.1386800464836493,0.2403870096966061,0.043011407552470377
106,0.04750456482389314,0.044046094614164095,0.545392551645035,0.13577319615859312,0.18183963509458673,0.04544395766372792
107,0.011784814518654627,0.009289768627681834,0.6042327869161838,0.1536241068068545,0.18140825852338793,0.03966026460723729
108,0.05661018851453854,0.012934787570068525,0.5074563431656794,0.10438380051312031,0.2867570486544434,0.03185783158214967
109,0.027805169932754552,0.00894093321179133,0.5219391440275599,0.15460913559492956,0.25506846121892085,0.03163715601404365
110,0.164446476733344,0.06048915454473735,0.4090955573198878,0.14002605057978132,0.14980385974550647,0.07613890107674308
111,0.06102867988902316,0.016798584770293615,0.5286474119176404,0.17176310929453986,0.18636652418427035,0.03539568994423258
112,0.03174712441062248,0.012455806393546903,0.5363617735785432,0.13087942442923534,0.25861561359494706,0.029940257593105056
113,0.035109600171655576,0.02027735888780114,0.4995016056007085,0.10865156791617635,0.29354640240454954,0.042913465019108775
114,0.021851473260858623,0.012487337003370928,0.5154571722865384,0.13465936394879505,0.2870072669240719,0.02853738657636508
115,0.04788759749759237,0.016902406775412427,0.467801287444993,0.16285715774924486,0.24330232995686904,0.061249220575888275
116,0.04114259020287045,0.015906360287143196,0.5152298795717342,0.15681220898629813,0.23372252071909394,0.037186440232860045
117,0.09954931044178575,0.04873823743103061,0.4881880733537848,0.12529739156295167,0.15349275655433792,0.08473423065610923
118,0.027705038086924552,0.01094276682565459,0.5365108070654823,0.14673757644449914,0.23948233513005399,0.03862147644738558
119,0.034117505556567305,0.024146082022063142,0.5598048811175297,0.1412143892792923,0.1684360244970573,0.07228111752749024
120,0.05081152132407465,0.01095266228260079,0.5771148340277653,0.15540517641226798,0.15917101647365198,0.046544789479639304
121,0.04102265945984204,0.006929563489873599,0.5061817850158907,0.1289157201500679,0.29508788851730244,0.021862383367023182
122,0.021561953121505353,0.008384763933818729,0.5729098069959068,0.14165987543567854,0.21352993838095216,0.04195366213213837
123,0.032722350238778654,0.03840684720984738,0.5439346226155818,0.13404492317222091,0.15391372840646284,0.0969775283571084
124,0.2479548359508654,0.037576457573818854,0.4079821164615873,0.12329581323177495,0.14810048157807915,0.03509029520387459
125,0.06847309679461887,0.040281917414193895,0.4862565451557998,0.12287482479595542,0.23957825356143644,0.04253536227799553
126,0.027578703363753194,0.011330182139719792,0.5272794582809731,0.14331290584080073,0.25507473792129715,0.035424012453455875
127,0.2600557251327187,0.03085180794802679,0.3181693554278713,0.08781599151144204,0.2750090645761702,0.02809805540377088
128,0.039554696976394604,0.027670867570696124,0.5667260825396239,0.13137247873050498,0.17691052167291688,0.05776535250986354
129,0.066690696004849,0.015131117810117957,0.5425375847726731,0.1297645351872091,0.21443108943089464,0.031444976794256174
130,0.034114021864416616,0.014996697845968352,0.48974738142713753,0.14134056498962333,0.27087514698659687,0.04892618688625727
131,0.023081680502860264,0.016244552854848455,0.5091565836088139,0.1319443817682775,0.2857132639816459,0.033859537283554154
132,0.04736719597327964,0.009862609891130265,0.5143654986579455,0.11288256302853418,0.2869574402571983,0.028564692191912135
133,0.04860797348459093,0.024163440233784025,0.4931252869291169,0.14414451053182298,0.23252238060106845,0.05743640821961685
134,0.046536348362461975,0.011974807288685827,0.514011455947376,0.1467183279820033,0.2549737531986538,0.02578530722081909
135,0.08940158362253704,0.02112147369258307,0.5269775040392596,0.10940656023066452,0.1889819650665464,0.06411091334840943
136,0.15872730167527616,0.04365028691813178,0.39002573321934214,0.14417513578143704,0.1796461463129401,0.08377539609287292
137,0.09935656376757941,0.024689722496595592,0.5275079818419668,0.14650808124066797,0.1667135809178068,0.03522406973538357
138,0.019342570429901767,0.008913291529884019,0.5625454935101258,0.1412893554848352,0.22893112623809697,0.03897816280715611
139,0.03331720898386267,0.028244241471556943,0.5569471471599649,0.10544149762085656,0.2319064289119616,0.04414347585179733
140,0.058585714114509045,0.01519565721246919,0.5344099153950602,0.1339538682359547,0.22091661544580773,0.03693822959619917
141,0.0236795153608779,0.01906830706627143,0.5229303165739214,0.14222430984092937,0.25896804234525955,0.03312950881274051
142,0.07378013107675888,0.05949281651056457,0.48723116062595134,0.10320050310470781,0.23427544117040203,0.04201994751161539
143,0.026394589046972537,0.014284221966115675,0.5501575506021517,0.15797497186818166,0.19487205839531638,0.05631660812126203
144,0.05387963446832682,0.03418456287099062,0.4913271217825907,0.11650916708658403,0.26157060037761254,0.04252891341389532
145,0.05094648177367676,0.02851545481450821,0.5492889776055289,0.1263701470930878,0.19507044197279996,0.04980849674039855
146,0.07431254993369348,0.0159425717997327,0.5346738668181062,0.14658411877642763,0.17146491244508094,0.057021980226959035
147,0.11821365952634946,0.022373170068453414,0.4830167099401403,0.11327318088510091,0.2176213590510458,0.04550192052890999
148,0.0503013378252699,0.02649305511712484,0.5155573039061231,0.13817754032146778,0.21492371115858594,0.054547051671428294
149,0.027887767447158738,0.011324216606691927,0.5306460170583205,0.11965440106266882,0.2814641340077697,0.029023463817390294
150,0.16442503063706226,0.0425656661803195,0.1323335408163216,0.3910117503277984,0.04554908141571879,0.22411493062277957
151,0.018280851969328344,0.02199503244246795,0.14547043591632294,0.5177726998707946,0.042827673694721104,0.25365330610636505
152,0.043297069324851674,0.020469152235266012,0.12410187649533086,0.50345837796169,0.051038674379236024,0.2576348496036255
153,0.028784561702366953,0.023759447540203992,0.11168350022764181,0.4675087140025812,0.03655353917073616,0.3317102373564699
154,0.029896477456869477,0.007083606299223202,0.14243722471709544,0.5897594601972942,0.02672212150823327,0.2041011098212844
155,0.03080043173033059,0.011052648833380595,0.14216795390350853,0.5360291539807102,0.025033937598858184,0.2549158739532119
156,0.035852290836509565,0.011631686208327238,0.14574009049661255,0.4951361333171927,0.02649130416108245,0.2851484949802754
157,0.0277569527110395,0.012123925586932479,0.15643759362990123,0.5472915567317623,0.040186546445076035,0.2162034248952885
158,0.022746818880361997,0.04869680769897017,0.0865490315338134,0.49686401876958053,0.04054271661314524,0.3046006065041287
159,0.03216706287547879,0.012703651033236963,0.1322763330518743,0.5623747033158483,0.029964341214597442,0.23051390850896417
160,0.053393842401265205,0.027386822852631446,0.13184371710026666,0.5245835091987651,0.05456561191786838,0.20822649652920341
161,0.11331052906808392,0.03479183839796349,0.14373410719325536,0.495708213806076,0.03669299764870273,0.17576231388591854
162,0.02986366341469185,0.020418412383150245,0.1420946448206036,0.5187711859550167,0.04717723834837994,0.24167485507815764
163,0.031150172505575155,0.036114050296341016,0.1248255512101856,0.4439524513463169,0.04742314843825537,0.3165346262033259
164,0.06444751998021776,0.036291383149393876,0.11464309639809377,0.5369710450287934,0.05034167111016033,0.1973052843333408
165,0.06624106692116119,0.012948666630373447,0.15283614324788808,0.5831381481134507,0.03298229483446995,0.15185368025265675
166,0.1317073850735347,0.017744047427413537,0.09973947135634709,0.49967901350555405,0.02567185208007019,0.2254582305570805
167,0.029141427090313147,0.018110276967024386,0.13993035799503323,0.49189872891082864,0.039159012807540305,0.28176019622926035
168,0.016666858890506363,0.013602984922239582,0.11616183825342084,0.4931008735671831,0.02170139687893058,0.3387660474877194
169,0.023233095239384733,0.01647746812881493,0.1312855205776046,0.5560939106483997,0.040297030884544546,0.23261297452125151
170,0.024095075717382564,0.006904687273310818,0.14790017405085923,0.5529486490361077,0.025657134402276804,0.24249427952006275
171,0.041413465891726876,0.008857268040762508,0.13389241165102408,0.5856178909483353,0.029416144349552902,0.20080281911859824
172,0.04894306984746661,0.034828954885202,0.07811481323132007,0.38301448645917413,0.03588906788436272,0.4192096076924744
173,0.06434198714618744,0.0116397332281359,0.12886796672021833,0.5183122086694283,0.030485290749190194,0.24635281348683977
174,0.038386041848623396,0.012172405348269692,0.10513681221369364,0.49749010213341016,0.027881810473290622,0.31893282798271255
175,0.0274518556947976,0.022386006947917043,0.1365208805880786,0.5935697066018527,0.04394147067053726,0.1761300794968168
176,0.06156795519812089,0.016587356433901124,0.14636959757057308,0.48399542596986844,0.044309137927287294,0.2471705269002492
177,0.014528930088785244,0.017908562205012038,0.1421718591174659,0.5705206390151888,0.04208978464574624,0.21278022492780174
178,0.02456291619236425,0.004963853364466853,0.15889076950385042,0.5817335956885414,0.027088725298090477,0.20276013995268657
179,0.028735713034554022,0.024764620094166523,0.1407596219919744,0.49966903427389536,0.05105937076847387,0.2550116398369358
180,0.19676732170115516,0.025419230233007455,0.09333687612541,0.3296617553401919,0.03882398076837572,0.3159908358318599
181,0.05333384967516502,0.026529281215677873,0.14526447625229655,0.5087989319798073,0.03962718680091214,0.2264462740761412
182,0.1681156528940237,0.024437532032484555,0.142765133132173,0.4768416763230561,0.03510174374657712,0.1527382618716855
183,0.01657833313985244,0.013539404569471464,0.1154438910390025,0.5122659878181831,0.030099955315226964,0.31207242811826347
184,0.024328964577318507,0.011994239979931598,0.1408628079233136,0.5711303883464812,0.04175055674171312,0.20993304243124178
185,0.03912125225721134,0.010046734366750727,0.12919564532026112,0.5290046014406928,0.037649576143154936,0.254982190471929
186,0.015399646835096956,0.014436721928679239,0.13547304232046475,0.5666861037069983,0.03681793147562897,0.23118655373313157
187,0.1894930316933739,0.06890517518199124,0.10752844397764712,0.435845251997218,0.062443591989901,0.13578450515986873
188,0.06530439060370821,0.024435736069029934,0.14204154387287926,0.5294161256366813,0.0463883166479012,0.19241388716980012
189,0.027459604701645223,0.013783898301964928,0.11240138222031527,0.5243989638239834,0.0276091414638658,0.29434700948822534
190,0.027114478484820063,0.01314584507876439,0.1491577722511011,0.6176623390853433,0.03160266679864608,0.16131689830132512
191,0.049698215722324524,0.015597286930711217,0.15447107115534023,0.5680677755877472,0.040698253839618344,0.17146739676425848
192,0.01901703665422253,0.012204943351851655,0.12237247606461017,0.5231090227198181,0.024862565721609494,0.29843395548788804
193,0.02027518137045085,0.008541041848435875,0.12036995884032003,0.5241324814112117,0.022833923907124666,0.3038474126224568
194,0.1476248232681944,0.05877088047420235,0.13085959736002,0.4547217806563716,0.0590815220412361,0.1489413961999754
195,0.07458014244079508,0.01492581215459727,0.1337301896879292,0.557485420009287,0.032370605419127,0.1869078302882644
196,0.05034394599685207,0.012207596828005573,0.15202083015580722,0.5442248421899724,0.04967901212362271,0.19152377270574006
197,0.04214821559362889,0.02954405735917031,0.09632048337276308,0.4715893780049627,0.05432223138189126,0.30607563428758383
198,0.01975242999787821,0.008212192244501901,0.15274729041336554,0.5572485265716183,0.032465883016359796,0.2295736777562763
199,0.03847603522222365,0.02229492012011882,0.14961996064779998,0.528665160939494,0.05012947690156495,0.21081444616879855
200,0.057561342380547165,0.08673620971984164,0.2538798490905454,0.06803339079768679,0.4881448166904466,0.045644391320932294
201,0.04120135936531334,0.03876400574262015,0.22005379297685018,0.03865634043009135,0.6416496547063553,0.019674846778769645
202,0.06158385363227094,0.03667336900554961,0.20595099763463906,0.06357741080035573,0.595723201430204,0.03649116749698072
203,0.039057438173116514,0.027854059242026757,0.22817636454719536,0.03073804812930832,0.6582772227485918,0.01589686715976128
204,0.04913609939486181,0.025605007710693375,0.24567630523202458,0.04575181523512549,0.6105022168701256,0.023328555557169076
205,0.035332171405050315,0.045149407794870894,0.1880916355396144,0.03419110934428397,0.6811953018210799,0.016040374095100292
206,0.031415201928239725,0.02881134005431362,0.20996582708263253,0.03173727633846239,0.67711900951134,0.020951345085011692
207,0.04429554699465613,0.022374688703748976,0.27941434188475783,0.05017509541491991,0.5838296249565622,0.019910702045354917
208,0.042094384999617894,0.038117079520842805,0.1859068223568736,0.03246733576505181,0.6828724054340001,0.018541971923613815
209,0.05173671895796555,0.07854803025106678,0.18325824400207819,0.047176934075434336,0.6079127742901214,0.03136729842333376
210,0.0653821359509937,0.03041651166771321,0.21456012844566164,0.0397946016177453,0.6358161152059422,0.014030507111944014
211,0.0340164061784822,0.02944875144596749,0.23777186384855525,0.03140633091096212,0.6538165280291954,0.01354011958683768
212,0.01866938896987811,0.06165291588997129,0.21171381711988788,0.032897075730163754,0.6547223107289245,0.020344491561174422
213,0.2043983310760676,0.016410455123810286,0.3143707097878948,0.10153389344474359,0.3167242166450283,0.04656239392245557
214,0.051450357635822466,0.06239284443984281,0.23194557100534563,0.061536746303501345,0.5595323254555098,0.03314215515997787
215,0.19429377151871502,0.03492849394408051,0.28359894897296956,0.06878000201282512,0.35454084482941145,0.0638579387219983
216,0.027454461978159515,0.05635282285648276,0.224940984501521,0.04841500715863626,0.601038703568596,0.04179801993660443
217,0.07514200228547961,0.1327481303723427,0.19936296828512687,0.0639450480569124,0.46601007004580425,0.06279178095433419
218,0.2074873372622831,0.1239683085820299,0.14953248709902608,0.04879230525118335,0.44092605932858175,0.029293502476895834
219,0.10675899308923884,0.03688554845338295,0.23773913414033973,0.04743216411191387,0.5526228743649422,0.018561285840182632
220,0.13605949025220695,0.13174804321517386,0.21219778091232436,0.06761879069478471,0.42280722077147564,0.029568674154034427
221,0.06985852586421525,0.017249406408978353,0.3343599133018582,0.10338822913463075,0.404367482770836,0.07077644251948137
222,0.05414507157046638,0.05761235151573229,0.17383536180548542,0.05299625210228206,0.6335464105581848,0.02786455244784916
223,0.048011558037615074,0.028507479417903422,0.21221433600323364,0.04506081060897806,0.6253451966161353,0.04086061931613452
224,0.045791756590697286,0.03225775360142756,0.2230812348558237,0.038549188737223315,0.6348878415267553,0.02543222468807291
225,0.06281455077725341,0.08680612343593297,0.16199548284878498,0.02995851424627193,0.6426226881134258,0.015802640578331015
226,0.10905416379960893,0.0912590665317204,0.1651079652060578,0.045669716326302866,0.5562232386037125,0.03268584953259756
227,0.031902624807385205,0.029522964103830936,0.2419536556143712,0.04002354512553049,0.6423274952141873,0.014269715134694659
228,0.02340300108601338,0.059448426219424755,0.220004539243537,0.0367954829399134,0.6394156490929678,0.020932901418143628
229,0.023029703222139677,0.061609449682320926,0.2825325106143386,0.0412398506687068,0.5607622134162199,0.030826272396274078
230,0.05969327097215518,0.032010643188955655,0.23001049931170967,0.060673324868550024,0.5734356072763998,0.04417665438222981
231,0.039613442458233464,0.028371318213499384,0.21103867219921202,0.03335035049717492,0.6678722178493309,0.01975399878254934
232,0.0502737840165754,0.05836556545529639,0.1991637050945228,0.04431232437306005,0.6266451453216142,0.02123947573893099
233,0.03830646925739402,0.05581190947230095,0.23235965045358134,0.05787480262563586,0.578964564670608,0.036682603520479876
234,0.030473542392010083,0.03175464669124568,0.23791824282792304,0.04372556567495496,0.6376157841065441,0.018512218307322102
235,0.059067238415085474,0.05622610197569712,0.23534393898040265,0.05338805686540413,0.5569394579205402,0.039035205842870443
236,0.051222229967078925,0.03891844165180861,0.2715276196890202,0.062120738716340045,0.547358939062083,0.028852030913669172
237,0.02745070014747993,0.05103481750332589,0.19745428997673203,0.040793665308845824,0.6641564774393238,0.019110049624292493
238,0.033751477825708615,0.09083926143186931,0.21933636959160202,0.0418457329086352,0.5817746330464326,0.0324525251957523
239,0.15299023948161558,0.027900428227619387,0.3437090881461503,0.09447591866045085,0.33510415465903565,0.045820170825128306
240,0.03027536946396978,0.0795261499635199,0.20244095856867084,0.03820709846581045,0.6303866579188974,0.01916376561913172
241,0.03653732748319391,0.021760910710154336,0.2576405036435727,0.04952735284660336,0.6078557275452109,0.02667817777126475
242,0.048587592848488764,0.026859785876175105,0.3288716554429327,0.054667045748089026,0.513400966666972,0.027612953417342507
243,0.02100152401040666,0.039019478651479464,0.2742208996116322,0.04439018543401637,0.5996222096264022,0.021745702666063012
244,0.04005457472720959,0.024724152266241833,0.3249626586501025,0.051965550593166904,0.5383982231706786,0.01989484059260052
245,0.05109240520953344,0.029247398611603276,0.2549571985044644,0.05481903388701399,0.5840483232034027,0.02583564058398213
246,0.08391562782496659,0.02743684461227949,0.23787254603437352,0.06368545982830535,0.566205182401563,0.020884339298511988
247,0.06773270633841229,0.047910008092167874,0.2246379664223677,0.05684325798102026,0.585433465592096,0.01744259557393588
248,0.05157633399712097,0.044378719048113274,0.19999995991927394,0.038500431606930445,0.6427388663031727,0.022805689125388683
249,0.03256786458294057,0.08311128387371457,0.1595787771508593,0.03231442581208172,0.6771048691520222,0.015322779428381558
250,0.04402777269647281,0.038409547851397136,0.038224602331497055,0.2477121893120265,0.017361078698667657,0.6142648091099389
251,0.10573487156911301,0.039479589716524995,0.09673695951659891,0.2939742322338565,0.04776808633614555,0.41630626062776105
252,0.07762877988165819,0.030782861323113253,0.05534154718385304,0.23812132833914698,0.019206449099853782,0.5789190341723747
253,0.0636498347074894,0.03977327705654534,0.059821534753852226,0.2286263877351292,0.030640868059970596,0.5774880976870133
254,0.0792694840813705,0.041238977294475405,0.05305047721798635,0.21304303540307182,0.022894180021901567,0.5905038459811944
255,0.07041106089953279,0.07101878352462673,0.05909469231921225,0.20336741837741368,0.034377644807174,0.5617304000720406
256,0.034223294130019385,0.08527293345715178,0.054325627148596484,0.24397225663514413,0.06533421743139621,0.516871671197692
257,0.0411808562612218,0.020547478782932047,0.039209924875702976,0.25987346624522434,0.010832516147319017,0.6283557576875999
258,0.1035072813562274,0.014482580766025245,0.11257182124416895,0.3313054758179928,0.048640537221835096,0.3894923035937505
259,0.03690806816351069,0.03291406716242954,0.061423061510758624,0.23799466806473643,0.03571369021173419,0.5950464448868305
260,0.027867373480377065,0.02478813932266419,0.048641994062778415,0.23042580173924612,0.021431265353387987,0.6468454260415463
261,0.1908583734742164,0.06118823978003252,0.06024005568373995,0.17910756946075393,0.06052877714979776,0.4480769844514593
262,0.031051976310378666,0.024579596688101026,0.07108180594358426,0.30833339872273324,0.02226565514832754,0.5426875671868754
263,0.04941279707353607,0.0540452746352469,0.04763304804732137,0.28573340015229903,0.025255454958347426,0.5379200251332491
264,0.07269355565095616,0.05020750546038006,0.10125042980353968,0.29720675672807906,0.05072572129633635,0.4279160310607087
265,0.16675956097118638,0.044896824012426555,0.09068675236124817,0.30767914672416435,0.025929474457674687,0.3640482414732999
266,0.022198640589944175,0.05327668225946911,0.03966587304059971,0.23854431447327792,0.02606312320390898,0.6202513664328
267,0.044325837747321545,0.042314570889980155,0.06067615822526074,0.22990557767617387,0.024603383686253734,0.5981744717750099
268,0.06734310670778942,0.03448176026299741,0.06339002295118479,0.3011980935871012,0.017222273625499,0.5163647428654281
269,0.026495737185320795,0.0477227669615841,0.05322920606952609,0.2209980228856216,0.018984392693605027,0.6325698742043424
270,0.03903581313310393,0.03719751211484746,0.04201970280413266,0.19071751090069372,0.02769087719430521,0.663338583852917
271,0.026655185682600484,0.030456603093970566,0.045719023622160675,0.25595239343516335,0.02497444986622328,0.6162423442998817
272,0.14657073821881103,0.09718452137422369,0.06810657536057187,0.24851045648388537,0.0466373231567768,0.3929903854057313
273,0.11789248186440135,0.05876740983127631,0.08117639713898891,0.2612777888059316,0.07444753636896585,0.406438385990436
274,0.052716836603398494,0.023837580276805787,0.08601085860756068,0.3827640513458173,0.0420885927979548,0.41258208036846294
275,0.03695296285561097,0.027842149404281362,0.04426508799407789,0.2592048873326607,0.02296936303995438,0.6087655493734146
276,0.09655552572578896,0.03184371622655522,0.06423800899451916,0.23471228502076555,0.019182532237077887,0.5534679317952933
277,0.031995502774325696,0.07007586747165975,0.06551809368564623,0.26148481754085684,0.05939778617976048,0.5115279323477511
278,0.08417007176828185,0.0452223665933319,0.10805119606776538,0.41752411702737446,0.06266527066569062,0.2823669778775559
279,0.03696935546313784,0.018101305700020505,0.07722827829887942,0.412652689856189,0.01885775086242882,0.4361906198193443
280,0.03711664843010237,0.025731750246543297,0.05216709816205441,0.2791442469090884,0.032876500851487675,0.572963755400724
281,0.0295141733689943,0.040322550026166526,0.042427617610779886,0.20686815972475542,0.018806169975918777,0.662061329293385
282,0.0772960499267578,0.06477628492901875,0.05977234363507721,0.28945653875898925,0.04439592968092693,0.46430285306923014
283,0.03655088595587168,0.03844176193605781,0.04865915096156614,0.25830234125299556,0.017211929437736598,0.6008339304557723
284,0.07716683884028565,0.021508095104806554,0.05589249369519189,0.2627590148605634,0.0199107703127669,0.5627627871863856
285,0.04593769678233868,0.02583970747687496,0.04518393574724496,0.22151238683977523,0.01705155087068214,0.6444747222830839
286,0.020956504912123766,0.03706959766936784,0.04600566669093523,0.2421140271567368,0.017546024578204096,0.6363081789926324
287,0.05535868534213621,0.02700465840844022,0.10184761423213846,0.3888405175534122,0.046323039289790376,0.3806254851740825
288,0.048433234295459135,0.03202602592380081,0.06845679185166781,0.2831179288983269,0.03320846276892157,0.534757556261824
289,0.03662081500242474,0.02694914196034497,0.04913902725999857,0.24694895319375118,0.01693855224442232,0.6234035103390582
290,0.05011939632599063,0.02826504410677248,0.06406210037682214,0.21253535836994786,0.02384982114725434,0.6211682796732125
291,0.027559772251277384,0.037143934332399174,0.05021224961469276,0.26852215276551955,0.017535447270929466,0.5990264437651815
292,0.07246096282236036,0.026924241814079097,0.05672675304356437,0.2515957375854585,0.02008806800162244,0.5722042367329152
293,0.05608239547473577,0.02188689910042897,0.08966183407732393,0.395470068886102,0.0332457308284174,0.403653071632992
294,0.01711088629223087,0.04058415041179397,0.04598521800262378,0.24394954759100954,0.018524089821768078,0.6338461078805738
295,0.06847413724580448,0.030073979323408013,0.06448531703871592,0.2580510327516258,0.029863644575958654,0.549051889064487
296,0.047210370717353047,0.045513623011122474,0.05274647403881851,0.2128310108814758,0.02811678137984913,0.6135817399713811
297,0.09858508573149254,0.04757028488356641,0.0630570026141433,0.26503056541429804,0.029854839590375024,0.4959022217661247
298,0.041575210873154425,0.053485620437003605,0.08769222833884441,0.3122152060326239,0.05131046644207741,0.45372126787629624
299,0.049570382888450476,0.025676245076777588,0.047286897975324614,0.21758153127602087,0.02078577384702641,0.6390991689364
