,proba_0,proba_1,proba_2,proba_3,proba_4,proba_5
0,0.9812364199388055,0.0043698091129936965,0.002723187460971476,0.0025132497409645366,0.006589461585576838,0.002567872160687924
1,0.9625944044108171,0.005825876683041928,0.011394779981039096,0.006038514205122768,0.008479663969576045,0.005666760750403392
2,0.9708558834329555,0.009661209158327116,0.005348009521246452,0.004269224315848112,0.004890836714975468,0.004974836856647316
3,0.6523046496495807,0.11574109638601462,0.0332784680407202,0.05036989071508228,0.08191041443505331,0.06639548077354886
4,0.8857803105888215,0.015412367964452098,0.014083533275178915,0.015558337438224379,0.03676815049593749,0.03239730023738536
5,0.9821354860141164,0.0027713812531661016,0.004658584984926889,0.003594154561751295,0.004374491735288875,0.002465901450750762
6,0.7549980532521218,0.16901444386994566,0.00891838531611955,0.01477533493670582,0.02934974310155289,0.02294403952355421
7,0.8932918948546559,0.059058376215028414,0.012818467577729236,0.010297232720988007,0.016794827518685038,0.007739201112913069
8,0.9758054078545261,0.012035868251568646,0.003440760115161197,0.001888814567591795,0.005510698099242787,0.0013184511119095496
9,0.9731170842747979,0.012703029595051533,0.004864719244734581,0.002948393392272815,0.003830960086494157,0.002535813406648739
10,0.9509151248000924,0.013388262120616275,0.007268516463433343,0.009363843088928195,0.008591413469747155,0.01047284005718296
11,0.9224538041034414,0.015155149965008058,0.0064364211325842425,0.014044673966056971,0.012961604373216203,0.028948346459692985
12,0.971865003142433,0.014254643389867693,0.004212734359454259,0.0029045803495009073,0.0038377069793309807,0.0029253317794133544
13,0.9390524929308011,0.03563182710843423,0.007282232366280404,0.005933431124725722,0.007784766660921434,0.004315249808836993
14,0.9203144606647337,0.02715801367924692,0.008281157632433705,0.009393705736097694,0.016456766478943487,0.018395895808544543
15,0.6920479690947545,0.05948435643135344,0.041920952044278585,0.045940004514520225,0.07488775781222032,0.0857189601028728
16,0.9797251754368812,0.006081678040486672,0.002596182901531456,0.0043883312455428435,0.0029502424991349092,0.004258389876423264
17,0.9630072722589517,0.007585822744800052,0.012907958808008267,0.005119771159690862,0.007692769091634518,0.0036864059369148415
18,0.8529754769064587,0.043352822905063426,0.02526515272594572,0.020018415371974966,0.035924560554995974,0.022463571535560934
19,0.8558559955643986,0.0698582762910909,0.013545476983413702,0.00930634411864575,0.027097890915282655,0.02433601612716849
20,0.8259591649426556,0.0651868134165246,0.02103026634293193,0.03334427053314874,0.023031284567211353,0.031448200197527525
21,0.8433873025617813,0.021446974797632547,0.013975478997098245,0.03632194650986028,0.016496317252868972,0.06837197988075863
22,0.8427687666625726,0.035084272814489836,0.031867555940705304,0.015662527153477677,0.05136421988976736,0.023252657538987503
23,0.960917783378403,0.026274552396311383,0.0020035538197029088,0.0030558379461663415,0.0035201360837485507,0.0042281363756679425
24,0.8523920089905475,0.0778963216876211,0.020162793770176584,0.008846840298187312,0.031409185996547136,0.009292849256920024
25,0.8750635917187586,0.020134124670935137,0.03474636886293381,0.028513994807782102,0.015325854374491514,0.026216065565098767
26,0.9624259121036758,0.0092300422313188,0.004517207093229061,0.008090125821823975,0.005138860422797344,0.01059785232715511
27,0.962887025656439,0.010726914273169635,0.005939921565454543,0.0075937935951929545,0.005536164573020194,0.007316180336723672
28,0.9702730516166383,0.015791457435892532,0.0041528257812135936,0.0030203587295717267,0.0032472838438478706,0.0035150225928359774
29,0.9740238123847904,0.004380659122503062,0.006760723287764578,0.004584291431301657,0.006315292923932938,0.003935220849707217
30,0.994749389438208,0.0016632238165241347,0.0011317714017978734,0.0008917684898846638,0.0008686797726123128,0.0006951670809723815
31,0.9898523687332201,0.003081317362788635,0.0024549933147257957,0.0018863828018841086,0.0015341816540299575,0.0011907561333516015
32,0.788870391583328,0.050896211215210894,0.021501123641820438,0.024529275980863116,0.06268957220242583,0.05151342537635177
33,0.8744804386878231,0.021231709316973695,0.02447647473843337,0.01793305120581303,0.03965000240536582,0.022228323645590714
34,0.9311251555234881,0.016922190688340326,0.01742828110747493,0.009412092566523296,0.015857638308659047,0.00925464180551451
35,0.9714495835907783,0.005212751684603962,0.00467629540060083,0.004963908847854346,0.007447493620562287,0.006249966855600168
36,0.6084931491681124,0.10502798178227782,0.05527149972117133,0.02366602428320386,0.16305249362202587,0.04448885142320856
37,0.9309574594986505,0.013256277511913868,0.005424216969937116,0.010528875271339565,0.017607863802665876,0.022225306945493004
38,0.9368796022005451,0.029990013064785954,0.0081376756137806,0.00538113680593423,0.012591904916652817,0.007019667398301376
39,0.892043553381887,0.025356462208968415,0.016599298463152105,0.010644280223463882,0.03513155670367889,0.020224849018849893
40,0.7128862370526179,0.1952674647286789,0.018758526683468554,0.018136525123122887,0.03490383707924304,0.020047409332868273
41,0.7031495802521631,0.07366106180843415,0.034254582267692416,0.03217482134901383,0.11717108354376181,0.03958887077893502
42,0.881974717835367,0.07593964323111443,0.014027869698826459,0.006043084769147258,0.015646768930336844,0.006367915535208306
43,0.6613797870601135,0.029436535627142574,0.02003638045595132,0.06981601404541814,0.0380633811126696,0.18126790169870471
44,0.934056227470007,0.01477462168810243,0.0072222478328262665,0.016608490152852,0.007338631919205117,0.019999780937007258
45,0.9086718208494123,0.037962252491990714,0.010327174049859169,0.00657788228120008,0.026446152737652148,0.010014717589885964
46,0.9380960436747177,0.020321204577111684,0.00694657563117324,0.006063275148747525,0.019842212486072833,0.008730688482177514
47,0.9720956303973252,0.005586821566430981,0.007665643644591958,0.003807902577007386,0.007713522559446562,0.003130479255198188
48,0.974062001750591,0.007029880974280677,0.0069200697398405,0.00269090031871838,0.006619832273517113,0.002677314943052375
49,0.9823610753220521,0.005595145705539353,0.0037531665214730918,0.0022311959221921252,0.004421489741189809,0.001637926787553897
50,0.028027323272885967,0.9296941899621838,0.009726322409975846,0.00899432337298206,0.011966912655560064,0.01159092832641244
51,0.01157777125071421,0.9579523829552239,0.007227942606101268,0.006084568841467072,0.009474711642383223,0.007682622704110215
52,0.10676522007470238,0.8169207565719965,0.016347122015872108,0.011199936513903974,0.03278124734539562,0.015985717478129588
53,0.010624782221308459,0.9443119691965659,0.009901234724309985,0.008498740195729399,0.01405938415418442,0.012603889507901941
54,0.011908355592306376,0.9563007959160457,0.006560648990548261,0.0070008587268958235,0.007777800182888855,0.010451540591315332
55,0.007805900812079809,0.9641530844437844,0.005749765934432968,0.0058916647741666175,0.008593007467276825,0.007806576568259125
56,0.009579862993971518,0.9472605506604415,0.01106578843593202,0.006616467700253419,0.016859331655402543,0.008617998553998786
57,0.02308257960301739,0.9272901430431898,0.010957348215988462,0.011727426782754019,0.013250974794014526,0.013691527561035798
58,0.010859896304877282,0.9621061486434134,0.006115510741015376,0.003874176701685395,0.010261210473726126,0.0067830571352821825
59,0.047740494114096935,0.9006965461959268,0.011162745387023153,0.010745150417610792,0.01449769150586552,0.01515737237947714
60,0.017896668707445898,0.926195576665482,0.011246973277334144,0.011259681113198099,0.012817150905129627,0.020583949331410292
61,0.01624203973370992,0.95258365007501,0.007647846737005035,0.00527724482210646,0.010749763008680392,0.007499455623487936
62,0.008886023096866803,0.968035029956439,0.004873147450859131,0.004585412459259804,0.007676603411919922,0.005943783624655579
63,0.03357767347083392,0.934735170014939,0.006602789933834672,0.006094120678085008,0.010566967962744983,0.008423277939562233
64,0.0602687676359954,0.8781099877063444,0.014357017445251858,0.011053568213443082,0.021582086501266032,0.014628572497699627
65,0.025459346271583326,0.9176320407151508,0.009918869831270785,0.011963998715658331,0.014979732913970764,0.020046011552365753
66,0.00722580380314373,0.966228093845078,0.0063349591573672506,0.005252273468340562,0.009068588743745014,0.005890280982325228
67,0.017714715903553335,0.9551410157472616,0.006034238495904211,0.0048695383511676744,0.010064980261857868,0.006175511240255567
68,0.03994062949388452,0.9332766542448808,0.007743133195610586,0.004246485959282275,0.009801529027349792,0.004991568078991913
69,0.0147890742674527,0.9621071520439998,0.004502564880532016,0.004679464210195462,0.007791279400873687,0.006130465196946305
70,0.01267418353131243,0.935166079087773,0.013799299699083853,0.009105774083445229,0.01599017510439106,0.013264488493994581
71,0.027153235300213012,0.9236264003697192,0.01319418591365971,0.007948477714438882,0.017701047733041913,0.010376652968927154
72,0.06084399437463277,0.9012593525003942,0.008954902813326837,0.006744521453447531,0.012926974628024626,0.00927025423017372
73,0.017480903269835854,0.9573953280100074,0.0051010825447163986,0.004643134466445586,0.00810676585386002,0.007272785855134669
74,0.027074972013050532,0.9517618183138369,0.005330510094539706,0.0037022612010009087,0.007315848344621331,0.00481459003295092
75,0.011586328381618764,0.9582184538555227,0.006824106309956698,0.004812160588068385,0.010292406240749175,0.008266544624084429
76,0.009857387714514039,0.963277035868114,0.005594529751720422,0.005240553765998578,0.00900477727348342,0.0070257156261695165
77,0.01458636864866612,0.9564982648300011,0.005940090716131638,0.005809380766154797,0.009086911748690543,0.008078983290355503
78,0.014382735418280033,0.9619696978006623,0.005661090254524555,0.004775657624235842,0.007396449502157458,0.005814369400139681
79,0.009684338138030497,0.9633117367555496,0.0058429711768766554,0.004237903433796284,0.009364227516746884,0.00755882297900009
80,0.018262763156370893,0.9411821909294403,0.008164715812504095,0.00858537122233572,0.010877020629114007,0.012927938250235369
81,0.02087952427583279,0.9450655819799298,0.007209277800721444,0.005762763903280225,0.01234622526491235,0.00873662677532308
82,0.024757218928515283,0.9377206221890378,0.008524802563649063,0.006460116474510988,0.013846817537024662,0.00869042230726218
83,0.012996873988519144,0.9434888267307816,0.007168992650468675,0.00921126428843487,0.009715299166971376,0.017418743174824412
84,0.07669459902040585,0.8751902531522893,0.011106248390518212,0.007886039382201017,0.01998923391312391,0.009133626141461662
85,0.007811397027440615,0.9709934785415351,0.004885281394417477,0.004292993297338399,0.0067106657733826775,0.005306183965885368
86,0.01338185207986647,0.9631705472100733,0.004792242703118936,0.00431557217163544,0.008211512882277838,0.006128272953028337
87,0.004375720703847027,0.980630348289503,0.003445815433876641,0.0030109739700395987,0.004720510208914905,0.003816631393818826
88,0.016673943074056927,0.9210964597555957,0.014003121433720147,0.015685374951231994,0.015252197645188655,0.01728890314020678
89,0.009882686984355423,0.9410170307498065,0.011247560362644734,0.01331599790378515,0.010351678487820409,0.014185045511587637
90,0.011995841472311383,0.9504409306795755,0.008299725850139106,0.009003458273707248,0.0074206516876115375,0.012839392036655255
91,0.0189326316372498,0.950836304778495,0.006063606794571581,0.005254725259422865,0.010524169117573099,0.008388562412687458
92,0.1937427214968232,0.7648689897900545,0.009629365918928864,0.007578741476083459,0.013513630572809191,0.010666550745300346
93,0.016223091069312478,0.951298438751294,0.007459988111007294,0.004504894030960454,0.013314714965385149,0.007198873072040742
94,0.09467375778973228,0.8342895550180537,0.014054187353943263,0.019297477137276194,0.016241060087439658,0.021443962613555165
95,0.007375490408961647,0.956319611622051,0.006283572065915243,0.008937348044926331,0.008436043677379157,0.012647934180766925
96,0.04827931306941597,0.8948338208893297,0.01401811051237857,0.010700836154334635,0.01954958055020023,0.012618338824341007
97,0.011561785991135694,0.9431795400022648,0.00908056204069312,0.010274724108634474,0.010661858928182926,0.015241528929089282
98,0.011240064670633728,0.951084655477358,0.006447421602765934,0.008571366489196349,0.00898215757966811,0.0136743341803781
99,0.020955207583112465,0.9234233845291513,0.011362102596595964,0.01290590102370788,0.015286970045986743,0.016066434221445554
100,0.008470257815907758,0.005988868846983123,0.6433416637031201,0.008678509691688702,0.32466700490868994,0.008853695033610186
101,0.0014724448520010446,0.0014013476520222058,0.9547139768777763,0.010999872921379779,0.027573447486463575,0.0038389102103571276
102,0.006542636825407498,0.004659815996315513,0.8368073966973258,0.016134030115231842,0.12313232732139541,0.012723793044323839
103,0.006494192250197578,0.004613760006960729,0.8584193939919891,0.010307427348011858,0.11361155426960691,0.006553672133233946
104,0.0025896100514647418,0.0020092708321095,0.9361337068575073,0.014043492946410335,0.038040783859322615,0.00718313545318536
105,0.01211704968949512,0.006383662260837296,0.8364436629223183,0.028716088735374404,0.10126629033520568,0.015073246056769504
106,0.026319555021140344,0.013547907883085976,0.7166867582078909,0.01668923856129906,0.21715128310887905,0.009605257217704659
107,0.0008484324030919903,0.001002146261413831,0.9655233453911097,0.004638493257969969,0.02547553814289246,0.0025120445435219897
108,0.007499164115963928,0.004269588493351597,0.8300261883929807,0.016907885821045618,0.13180648046545002,0.00949069271120842
109,0.0018412976710764505,0.0016646821572179253,0.9125534619329799,0.01333051963439276,0.06579400674859281,0.004816031855739995
110,0.09939092026261093,0.02204255749744409,0.5614703857727003,0.040850377338724965,0.24851583426470308,0.0277299248638166
111,0.01037683712828754,0.0038409884782295255,0.929476507178685,0.01789666205483502,0.0320167816806468,0.0063922234793158715
112,0.004080483851904253,0.0024143549566996475,0.9240563018630756,0.015116734742055786,0.04848288631076923,0.005849238275495441
113,0.0068909920965571315,0.005025191276671032,0.8584979094188068,0.014622127641848087,0.10768709923083368,0.007276680335283206
114,0.0014413173586614175,0.0013838524048634029,0.9266374818358721,0.004889892845125625,0.06285591026441367,0.002791545291064161
115,0.006036380331778711,0.004253942387508283,0.8663242325424418,0.020647122021691222,0.09309370724329154,0.00964461547328879
116,0.0029055649482236214,0.0026217045345285073,0.926279515671235,0.008162897314075214,0.05600203651812472,0.004028281013812941
117,0.04265241278029568,0.01856488683027202,0.6981438974757164,0.03211557201064538,0.18391316859842372,0.024610062304647008
118,0.0022189477328585865,0.0016075183710458952,0.9472971628305957,0.008232774536407994,0.03693682522199231,0.003706771307099222
119,0.009497234907211018,0.006680023592166478,0.8623393502116988,0.016948428553411513,0.09376616550021555,0.01076879723529644
120,0.004130890945297313,0.0022081569864171465,0.9400631417936159,0.008028297949293496,0.04133226412857546,0.004237248196800819
121,0.004342138978343825,0.0018710421392520071,0.8720014421262333,0.019478053277471367,0.09595640962408246,0.006350913854616825
122,0.001657515461272212,0.001404749644109281,0.949655583592178,0.0068948763646479,0.037201083993661496,0.003186190944130701
123,0.010119017402116834,0.01036853247453095,0.7920012409407106,0.02737853200367851,0.13498529095412468,0.025147386224838992
124,0.1280248773084613,0.022872551746937423,0.6126055476498994,0.055731087715112315,0.1495653594265515,0.03120057615303819
125,0.021260878597291328,0.011869278358804334,0.7611860404786668,0.01875548234199315,0.1744254088378752,0.012502911385368973
126,0.003318873020070658,0.002151722269931619,0.9092982941179614,0.011528997733049589,0.06906672959339064,0.00463538326559608
127,0.09209295837599865,0.01490985454621153,0.6957120309146015,0.028626232979702827,0.1553252148932437,0.013333708290241567
128,0.010763721280432754,0.005061465915227584,0.8434488597449202,0.013081647461309067,0.11857528757439086,0.009069018023719354
129,0.011998807026588851,0.006388758759714673,0.868962350362997,0.017856845499640683,0.08528810213812393,0.009505136212934515
130,0.0035402102121407453,0.002542946700066708,0.8975449638958171,0.014874656231377162,0.07404764284201414,0.007449580118584562
131,0.001913743143241901,0.002258217395827535,0.9423685049459543,0.00950262650260355,0.03974261048996406,0.004214297522408542
132,0.009197422712178965,0.00355280519135085,0.8138163515280499,0.021592439098020073,0.1416385344361401,0.01020244703426
133,0.009350692923590687,0.005444202543411425,0.9053177602515834,0.025023444979511478,0.04347312185511054,0.011390777446792528
134,0.006205118624448783,0.0035164838242590264,0.880548880990644,0.021962399420641245,0.07987468226174017,0.007892434878266682
135,0.023632929502795098,0.009502731845541323,0.7378853705625069,0.03507588321830854,0.1647987381547251,0.02910434671612303
136,0.043204127379661235,0.021046182201216374,0.7313224208199012,0.03756145346685493,0.1466805119642117,0.020185304168154734
137,0.030866766844647772,0.00991474624303132,0.8619775519785293,0.02501301355894177,0.06076565903096896,0.011462262343880932
138,0.0011863327223577906,0.0011936929502192768,0.9367854777845526,0.0049775647472520635,0.05312001012230495,0.002736921673313591
139,0.008991770104981044,0.009508188203694585,0.85051686037521,0.011088365243063083,0.11300694926969002,0.006887866803360669
140,0.012670332761102528,0.0046956731556172075,0.8854206290911378,0.016106202863173713,0.07425305322768619,0.0068541089012824075
141,0.004188818485221037,0.0036568410842049023,0.8587369727537885,0.010004734571474607,0.11753181119341856,0.005880821911892257
142,0.03101367443878623,0.013716114081854055,0.7910791594234746,0.017551844033589788,0.13447063916379176,0.012168568858503327
143,0.0016440966634170343,0.002046194288645957,0.939268645868254,0.007072906337617595,0.04573052803822817,0.0042376288038372
144,0.01209462071892879,0.00855935858264613,0.7465877587031775,0.01670534811026403,0.20468638461149713,0.011366529273486982
145,0.012371776906803944,0.006643744046268152,0.8758569744040423,0.011541765710917832,0.08543975081252538,0.00814598811944272
146,0.01168992026429615,0.0064299462016940544,0.896487956969252,0.012210646269869193,0.06512493339802002,0.008056596896868577
147,0.022531912209363167,0.006028025816823169,0.8757578304147402,0.018440925612683814,0.06755333100038231,0.009687974946007217
148,0.01463501289498939,0.006665844222807575,0.8246144176617406,0.015656552384423695,0.12861387738198715,0.009814295454051573
149,0.0023814641688073524,0.0018614796673301227,0.9134117415985364,0.007981063511637985,0.07077953244290945,0.003584718610778882
150,0.024466542088008587,0.014926346252755783,0.037894151500521556,0.6472412388853689,0.023742730292754064,0.2517289909805912
151,0.0018893519642762587,0.002866866918520508,0.026826257353631918,0.7583001738051726,0.013278955148279467,0.1968383948101197
152,0.008495498964318471,0.00453812697785264,0.019219737746417356,0.7133398577577053,0.015550864367156131,0.2388559141865504
153,0.003653262711587069,0.004573420529531805,0.02107584782869546,0.6784109521688352,0.011373498356810926,0.2809130184045394
154,0.0016079073903909418,0.0013422931013033824,0.01307218838045421,0.885401068464501,0.004408143062713764,0.09416839960063673
155,0.0022795594301366928,0.0017321872760654464,0.017403995291977642,0.8207603161414053,0.006127608710605778,0.15169633314980926
156,0.0025649874945082285,0.0021111197158149293,0.022475049152292915,0.7849393050171465,0.011409003010498159,0.17650053560973952
157,0.0017145325881963319,0.0015826815186270455,0.0159924380553474,0.8467003507783435,0.007228970470101761,0.12678102658938395
158,0.003286940879502845,0.005026432239992949,0.008872727169809629,0.7249513698543153,0.004320861244351494,0.25354166861202776
159,0.0019515120933028805,0.0017723569253595452,0.01121840041666151,0.8601812372978157,0.004712507791035558,0.12016398547582476
160,0.005765605423498287,0.003351454865788269,0.011907000417262866,0.795668757986731,0.008429864186024854,0.17487731712069474
161,0.024026940986603365,0.011761878422556174,0.03104356921689568,0.7140762609210809,0.016201149574072392,0.20289020087879117
162,0.0020815309471509283,0.003019860997533717,0.01567215566945505,0.8169308416792799,0.007810295723214556,0.15448531498336598
163,0.0028485107391396907,0.004226538236919524,0.020025699044006164,0.5990168908982473,0.014149073626124956,0.35973328745556243
164,0.00843925426871314,0.006099239534102087,0.02156872795237955,0.7437942178438635,0.014651048438283779,0.20544751196265806
165,0.007991151713711613,0.0037062632160788462,0.01287115022098257,0.8375556939964464,0.005582921931802444,0.13229281892097838
166,0.03514608577882204,0.006892487829103123,0.018023877953320982,0.681448633669841,0.010768513802126211,0.2477204009667867
167,0.002483539270207986,0.002119118518501044,0.013662612602269864,0.8289279815216958,0.0067958608161420705,0.146010887271183
168,0.001931718387629987,0.0022864789148395476,0.009499331722026811,0.7808119621488601,0.0038955265183354265,0.2015749823083079
169,0.0030861340360308852,0.003311569397842593,0.014662389058686567,0.8496054766484852,0.00682925368853639,0.12250517717041846
170,0.0013774818958016979,0.0013225714113161455,0.011635870048167341,0.8719651796396742,0.00483474084823117,0.10886415615680937
171,0.00210821126772581,0.001516653705516314,0.01199477671334559,0.891361835171279,0.0041745961481510045,0.08884392699398204
172,0.015641935143808648,0.006218933391617116,0.01564382224672482,0.43404511577755617,0.017067297687769344,0.5113828957525239
173,0.00712733907239664,0.0027726823593629975,0.020113423301526517,0.7736834759925649,0.009481508369955972,0.18682157090419274
174,0.0027039321520871623,0.002350559255947216,0.014669234721177893,0.7848288866718317,0.006825318496973473,0.18862206870198264
175,0.002034954534816854,0.0028650745733220934,0.0140154426581176,0.8574616615435686,0.006390053974442568,0.11723281271573237
176,0.003653007243827161,0.0026866701089811153,0.023650192673382878,0.7337823102351594,0.012973987340708674,0.22325383239794058
177,0.0007410322825895885,0.0015683176204191582,0.011587266489605513,0.900211897017596,0.0051103483354337014,0.08078113825435597
178,0.000962793902790423,0.0008893508529209525,0.015053617515216547,0.9029258335502158,0.004508907702414254,0.07565949647644199
179,0.002355059061157076,0.0032111049076485867,0.012211829485829672,0.780385467658344,0.00852044863139504,0.1933160902556255
180,0.09301837223098443,0.016951368130149837,0.04155840827392267,0.48803514674886667,0.03737624765382049,0.3230604569622558
181,0.005743449049313648,0.004534023285962789,0.02149566694867141,0.7239809600022449,0.014510327306931338,0.22973557340687625
182,0.06335161384210344,0.017059146649283284,0.04961711388280452,0.6302130204062334,0.041415220898296724,0.19834388432127834
183,0.0015548555282635928,0.0020105165204553186,0.014223713235013286,0.8040678098476093,0.006649371834025251,0.17149373303463314
184,0.002326208333130481,0.0020697202912570095,0.014422098096765947,0.8668158609221983,0.005537285292802274,0.10882882706384556
185,0.0036729668111079926,0.002042910420533052,0.019250256457331555,0.8009588130836915,0.009838561721896762,0.16423649150543926
186,0.0015058213416797696,0.0019922693129228353,0.017548426702626737,0.8561066543273274,0.007519997839872283,0.11532683047557087
187,0.1603681207448645,0.03810343465333672,0.03774123617847461,0.5459210727365787,0.030398221560546557,0.1874679141261993
188,0.018683084768474943,0.005778871174610961,0.036194801522075146,0.7528732441443723,0.017810384092756436,0.1686596142977103
189,0.0023190083874415103,0.002394953674824999,0.01692739051001197,0.7930553616107515,0.00786632000299414,0.17743696581397553
190,0.0024172633019762624,0.0018171223685555533,0.012194181144721776,0.8572959876392378,0.005783836017453347,0.1204916095280555
191,0.004072131959236091,0.003083706912736409,0.02171216553744465,0.8323140696911888,0.010855390097332647,0.12796253580206135
192,0.0012802531380549625,0.0017949463128354116,0.013264508280055123,0.861689416238016,0.004568288300999007,0.11740258773003934
193,0.0010830054224130641,0.0011252509746854577,0.017941530853955934,0.8512532376777607,0.005469572716450718,0.1231274023547343
194,0.05571552097481557,0.019512443240335173,0.043866682195286735,0.6282156312389682,0.026239100366613668,0.22645062198398094
195,0.013160701711829786,0.005358676516540957,0.021528605465564853,0.7932515887344926,0.011853305415016363,0.1548471221565553
196,0.0032071931209957986,0.0019451852989427491,0.02023028467787099,0.8376427217640969,0.010359394811315637,0.12661522032677772
197,0.009299820814035279,0.006693864674425435,0.024043927300841886,0.5974195259956628,0.021215759540583044,0.3413271016744514
198,0.0005378814576315892,0.000870161336670083,0.015454966415919631,0.8804190628006261,0.005185580357957486,0.09753234763119485
199,0.003717307224084049,0.004176442038648414,0.023991503201550697,0.813251676377428,0.013466696925210445,0.1413963742330785
200,0.02248334109920767,0.021359723849343277,0.07086327854111199,0.009283505961320633,0.8652660661845897,0.010744084364426917
201,0.006063633800081864,0.004709263145724364,0.20665374515964252,0.007577254557685643,0.7702093695831008,0.004786733753764613
202,0.011168325303264639,0.005015657709463848,0.10048443836627004,0.022918567516791766,0.8384605890283487,0.021952422075860775
203,0.0028943575649707657,0.0023035164026536823,0.09342591305187324,0.004262143453770054,0.8941002001545699,0.0030138693721621997
204,0.007101957725842728,0.0031299593383423674,0.2702087309813091,0.00808784377419107,0.706499837731324,0.004971670448990796
205,0.0034021251375912043,0.0037426009986367796,0.026566600657019775,0.0044156583127086995,0.9578813328424933,0.003991682051549929
206,0.0033315558709167926,0.002667783867991363,0.0451168478168336,0.004462165374994708,0.9398879632248506,0.004533683844412657
207,0.00626567498524306,0.003659088002612442,0.10543225224847086,0.0070111200191182235,0.8722024986083694,0.005429366136186139
208,0.003834880370102492,0.0030434753806622564,0.04936364551416492,0.005122126778558544,0.933985868091036,0.004650003865476092
209,0.011070081856603294,0.008756176974505273,0.05497031993899443,0.007609690100866304,0.9108946909451716,0.0066990401838593365
210,0.006976748728227249,0.00410855914913935,0.05561687448748617,0.004601227485036614,0.9250497618936875,0.0036468282564229406
211,0.0033065927434547007,0.0031926349304932313,0.09865010135212658,0.004604291253807818,0.8871810743172326,0.0030653054028851275
212,0.002832710243398465,0.003851054417503064,0.018321702124248863,0.0019018232269418882,0.9710629858960418,0.002029724091866205
213,0.027670362403875493,0.00891286657850275,0.3113892020532396,0.058674659597982355,0.5487853463661032,0.04456756300029651
214,0.020263979484535715,0.011226936402970279,0.10001599720534704,0.01464367443874262,0.839092330375473,0.01475708209293108
215,0.06102305564919192,0.015759764211481817,0.27125726309689974,0.05399552298942985,0.54612802932213,0.05183636473086676
216,0.004493684141550806,0.004866657409915034,0.06363208278166634,0.009197561987070876,0.9072259541287837,0.01058405955101276
217,0.041435306267851815,0.02924384130303974,0.053698321452565326,0.010371004918752858,0.8528725194808953,0.012379006576894643
218,0.1801425972364954,0.052181589738776034,0.08395820148914651,0.026195471376910008,0.6329781906425471,0.024543949516124798
219,0.01571771813779852,0.005530579659806339,0.11898777977948416,0.014087823654169352,0.8347653798809642,0.010910718887777312
220,0.07008260940670909,0.044664491884976475,0.11465236241255301,0.021191210571246327,0.733458774050701,0.01595055167381465
221,0.015606687456910625,0.005260243015257614,0.44653143827214187,0.05210991526911742,0.44428675010493196,0.036204965881640384
222,0.01186595549082035,0.006849635430337159,0.04398540425682056,0.008537222455269628,0.9207397090009676,0.008022073365784654
223,0.005826613310023493,0.003233827315472896,0.06702152160391998,0.009412308219341324,0.9045702426534469,0.009935486897795744
224,0.004368126896952265,0.0037095607927140144,0.08742147311717978,0.006840092736828866,0.8917730275993195,0.005887718857005588
225,0.019182575655166227,0.015239559057706182,0.10936335808652767,0.010481337403152121,0.8392431268793561,0.006490042918092022
226,0.07159863470166146,0.030075658688394593,0.09103563421593491,0.019020494334756388,0.767893692767315,0.020375885291937602
227,0.0020781863193832227,0.002378120367241641,0.08127551695748322,0.004292445536658395,0.9071246145099501,0.002851116309283338
228,0.0039467475539929995,0.007842922899712107,0.05845579059311952,0.006289859758572768,0.9183839124055628,0.00508076678903964
229,0.007537582418641347,0.009347073598982219,0.11308801108980718,0.005817955312653198,0.8590645485941218,0.005144828985794198
230,0.009358001137529586,0.005014489625379564,0.056888579708476605,0.009824228433519353,0.9076701633969231,0.011244537698171688
231,0.003280878141454515,0.0026919105752903527,0.15874801761825624,0.004316668360798771,0.8274492809919242,0.0035132443122756654
232,0.004809989462645206,0.006508521394795663,0.03731392804095408,0.006794774914004664,0.9366485216771175,0.007924264510482943
233,0.014092931814240312,0.009546193345481336,0.08262388144613028,0.0119981236488868,0.8693122068266089,0.012426662918652446
234,0.00336926807165634,0.003523456613968965,0.07436682930511825,0.006857857551109663,0.9066340686320317,0.005248519826115012
235,0.023311220892998686,0.011761004382046173,0.060401472962247744,0.012578607390192852,0.8797398899702272,0.01220780440228736
236,0.01030245349885378,0.006087128958096618,0.07801797244693333,0.008015049263045828,0.8910212407154949,0.006556155117575359
237,0.0016830695507358464,0.002453778353213776,0.015251876390132268,0.00252416904607644,0.9744382373530259,0.003648869306815742
238,0.01982676509420681,0.017966297291895823,0.12020638532399269,0.013085379286971463,0.8187797642196939,0.010135408783239647
239,0.042944722426508763,0.012468568764067463,0.6515966735891152,0.03301724849854594,0.2435531677677978,0.01641961895396473
240,0.007002056326931475,0.011073396324007246,0.07250628150017026,0.007944809222488178,0.8950484341536191,0.006425022472783721
241,0.005454031477025739,0.0029728676271481244,0.1416151136825906,0.009144061362164835,0.8342602443310905,0.006553681519980377
242,0.006108105898040381,0.006156383243751601,0.38762846214736624,0.011168863743809772,0.5809172914744793,0.008020893492552821
243,0.0035799285982193005,0.004737132434836647,0.06698307798024504,0.003533532717972192,0.9184055899897524,0.0027607382789744425
244,0.0053397885747970145,0.004540229565036313,0.31113422046033373,0.01141676559966853,0.6600923567465449,0.00747663905361956
245,0.004557077596409941,0.00430662253249218,0.03917965655112288,0.00576119268437725,0.9397625760886689,0.006432874546929
246,0.0062987589147170675,0.003912379300247974,0.023955587531000164,0.004126501525398672,0.9565608991518466,0.005145873576789607
247,0.015592935185311343,0.008202736354611394,0.056709789132095574,0.01096146791613871,0.8998402218390269,0.008692849572815804
248,0.005591974394897825,0.00359171570498889,0.04821074661949154,0.006225907083143822,0.9292311528796137,0.007148503317864078
249,0.006329328566398266,0.006298759307655831,0.023114686145814318,0.005003894873317557,0.9549990711042291,0.00425426000258488
250,0.012024886156632003,0.005921626775680854,0.00437465137756757,0.13901697513781697,0.005927796811606588,0.8327340637406961
251,0.021473987537336585,0.010819015723680742,0.029723039462625146,0.37559206996934175,0.033737303074927866,0.5286545842320878
252,0.005634147236632999,0.003531185119177021,0.005076015694199563,0.1610178664599407,0.005339536203243758,0.8194012492868061
253,0.016415979112292752,0.00655444897352594,0.005524873116466797,0.12733410623988062,0.00787432964640137,0.8362962629114327
254,0.014672542132254631,0.006380048406957677,0.005261761022889687,0.11631498497787573,0.006376210578995476,0.8509944528810267
255,0.008819406020990541,0.008017381133778978,0.0043169270786146165,0.11360595707087075,0.007758257550411075,0.8574820711453343
256,0.014289892065320876,0.008350278640059392,0.008938208645594675,0.17699333515081345,0.013103107304308408,0.7783251781939033
257,0.004140084972181191,0.0025304580459177255,0.002668225472821603,0.13416851190587606,0.002390088749203914,0.8541026308539994
258,0.01168462873132018,0.003418585432932195,0.022499829183228,0.37678621037250687,0.026739348531356705,0.558871397748656
259,0.009532890734367807,0.004648753554889528,0.005670426623807401,0.11724893901111359,0.010700822776052376,0.852198167299769
260,0.004473264285628368,0.002906951369440402,0.002196270045259016,0.099365735505467,0.002797427696923892,0.8882603510972813
261,0.09852681908871677,0.017163768635356666,0.014709806353958662,0.15467037817448845,0.025492787222223687,0.6894364405252554
262,0.006690799181567932,0.0037728011259745282,0.004029073087188558,0.22431827929297923,0.0037935274068646605,0.7573955199054251
263,0.018009607490702205,0.010446047539638504,0.00916005823626809,0.2235202056007297,0.009166095698454247,0.7296979854342074
264,0.011892986595757308,0.009450838410648489,0.031252535422314404,0.35349948298866884,0.031882185854488404,0.5620219707281228
265,0.06364350361172949,0.012977362056788197,0.01440777581908709,0.29230537926603695,0.012339847167414044,0.6043261320789439
266,0.0048637691056016745,0.005917866894037073,0.003580715264223778,0.13181319668492336,0.005493925536253752,0.8483305265149602
267,0.0058937471602755805,0.005326265246664489,0.006752253843154663,0.1461751134305008,0.008717162524903403,0.8271354577945008
268,0.013727297632600399,0.006476289367171373,0.00670643181930894,0.24284966334603839,0.007203412392919988,0.7230369054419608
269,0.009569917601430973,0.010890194463229462,0.0038160246087957676,0.11050141051588343,0.004100325699016678,0.8611221271116434
270,0.00838196911048163,0.004495549318223946,0.003736058668771588,0.07973710813142666,0.00568833609187324,0.8979609786792228
271,0.004334162882717844,0.0030368516712248887,0.004312924911737444,0.1465172639872534,0.006012061239893948,0.8357867353071725
272,0.08735862506390686,0.03155010887910546,0.014373742687070087,0.21910687090165046,0.01766529835685428,0.6299453541114131
273,0.04036285690672462,0.01307828597817554,0.014535652480992757,0.23526742494103342,0.026085376420790153,0.6706704032722833
274,0.007559853534378519,0.004975282237863519,0.007455297190965013,0.40172192897197895,0.009629848362384908,0.5686577897024291
275,0.00680399696915538,0.003147062261405545,0.004210406263300037,0.15086882026129947,0.004394422495080258,0.8305752917497594
276,0.009699911295406398,0.005042587170093454,0.0060329190435873155,0.16187283433688002,0.005629208699903391,0.8117225394541299
277,0.0047021693442303525,0.0067750446443905965,0.01019565644457093,0.1927980599204408,0.015321478931537812,0.7702075907148297
278,0.025273970778453482,0.01209828323872552,0.022567605063724353,0.4846140960411289,0.03206178945238269,0.42338425542558505
279,0.005446915608402595,0.003278404002529059,0.006279915744802272,0.3840641514941648,0.004296347288383904,0.596634265861717
280,0.010409811826775016,0.003785191477451748,0.003986141984513069,0.12628667755559345,0.006412340407698336,0.8491198367479684
281,0.002407275395126381,0.0027355461382223703,0.0018982790668291,0.07397341769276772,0.0025229762469697234,0.9164625054600847
282,0.01641430536264181,0.013610504718902116,0.012110915260117228,0.3025235776463066,0.011054120620649876,0.6442865763913821
283,0.008636909860481089,0.006777487441542076,0.004117116480842691,0.12199446392704386,0.004271115243401351,0.8542029070466887
284,0.00830526294921927,0.0030411046895794354,0.005818362757090481,0.26308197287306506,0.005305849601701152,0.7144474471293447
285,0.0025799445678928736,0.0018713212878378876,0.002588347408735325,0.12810842159636388,0.002354112423592443,0.8624978527155777
286,0.005006992855729583,0.004996347625316436,0.0029365193636679133,0.10358055477647253,0.003945230623840111,0.8795343547549734
287,0.00880644970839264,0.004851341198487972,0.008008092580870365,0.5377849360245637,0.009158443746500492,0.4313907367411846
288,0.005982401245920382,0.003934741078420369,0.007488786556723808,0.24403120183643284,0.007626849520794049,0.7309360197617087
289,0.009596596168653226,0.005752526881046807,0.0027543892128293872,0.11340428171586313,0.004424312910409556,0.8640678931111977
290,0.003567558952700478,0.0025434345794403787,0.006089305677043566,0.15045938965435984,0.007283799995205793,0.83005651114125
291,0.007171482541431099,0.005136253434434863,0.0031746436909569653,0.13645500762118792,0.004968691358957928,0.8430939213530315
292,0.011510488849348372,0.004886511523509964,0.007324522614419182,0.2101906269199349,0.007033464010464529,0.7590543860823233
293,0.014183657780660476,0.006600380651018999,0.008446465558255538,0.4375962802675493,0.009215066121046172,0.5239581496214694
294,0.00563548499754763,0.0058189191566497475,0.002939285397828732,0.1517554653751143,0.0036374344487663346,0.8302134106240936
295,0.01968506696113721,0.005140952612890201,0.00386100524523305,0.1026788237426804,0.005540425093887773,0.8630937263441713
296,0.009128648670968558,0.006169753315419277,0.003863683712976272,0.12771377872678494,0.005279619590436064,0.8478445159834147
297,0.019411541982446663,0.008485400116677795,0.01126796152003654,0.22528972823114538,0.010538173078856784,0.7250071950708372
298,0.010420686570771243,0.008503793300025514,0.01105080323256985,0.2925578583929382,0.016197995494237085,0.6612688630094579
299,0.006459545505558638,0.00346653867975509,0.003627134556631411,0.10929932653187766,0.00392599717382361,0.8732214575523535
