,proba_0,proba_1,proba_2,proba_3,proba_4,proba_5
0,0.9690370872853042,0.00532017155100702,0.0023292849296779653,0.006155681671435757,0.005015212630449425,0.01214256193212552
1,0.793410133484815,0.12863000197136215,0.03532883766046598,0.004198328570836541,0.033174517435218286,0.0052581808773021635
2,0.9664811490182467,0.012129535401406929,0.0042593971829373,0.004021878573003204,0.009253977290255413,0.003854062534150533
3,0.892156195106276,0.05249437376827976,0.00540019731289186,0.015606298443683227,0.015763787409315617,0.018579147959553552
4,0.9457114389553825,0.009509240734720516,0.004385455149680025,0.006532385265153677,0.02497709225146594,0.008884387643597634
5,0.9635705484192036,0.005325359516162719,0.006327348584627579,0.002927921261828616,0.01890542664266578,0.002943395575511728
6,0.8645297153048243,0.09950448090922065,0.008393422240584309,0.004085420954324853,0.01939169556627923,0.004095265024767009
7,0.6437107304330072,0.31121967068126977,0.00558407809791944,0.01071011625665128,0.012640356710049244,0.01613504782110319
8,0.9263933972238355,0.03730274985601167,0.008781422808727539,0.00372919245860704,0.020201907843430934,0.0035913298093874623
9,0.9542356846089741,0.027095975505799733,0.004455841436064792,0.001403028342727052,0.010883482692441859,0.0019259874139921872
10,0.934041946651986,0.009721582292989,0.003478944252159595,0.020642730229565164,0.012096176883893401,0.020018619689406988
11,0.9424900307232829,0.012762398614162894,0.0061493371385711775,0.011027334722208381,0.014493432446481163,0.013077466355293542
12,0.953405925610742,0.02756143247880559,0.0033539292945982176,0.004368447757172582,0.005859957164762736,0.00545030769391866
13,0.9676661267233668,0.01493128562007594,0.0038092803689354394,0.0023853501149430243,0.008159301928305376,0.0030486552443733223
14,0.9631611416821843,0.007335308877129012,0.005347529495485373,0.005203174888500212,0.01331241372263986,0.005640431334060985
15,0.9617774652600557,0.009550173544097122,0.0034438448671039686,0.005849670552573419,0.012031217820255739,0.007347627955913774
16,0.9610247358294003,0.014680090951284403,0.0023304000150712596,0.007210361506882101,0.0046588711535389925,0.010095540543822962
17,0.910570897417182,0.04633496558825705,0.012511946982356246,0.002333364822917862,0.02566613150936616,0.0025826936799206272
18,0.9792676756959001,0.0032880246690057294,0.002076509013911797,0.005232133847619262,0.0035814669659027655,0.006554189807660201
19,0.8225806850278639,0.13907640616078218,0.006683159742686239,0.005248065553082324,0.016640971748571258,0.009770711767014119
20,0.908114442213021,0.0335997894243225,0.004074286569264894,0.01601771480963799,0.007747366566323233,0.03044640041743032
21,0.8932895837690222,0.028759420442661617,0.004196466952159976,0.02133056307286666,0.008641463004976995,0.04378250275831277
22,0.9221705935729944,0.04164700140665281,0.007043676573707204,0.002457228339752985,0.02330642642406998,0.003375073682823033
23,0.9749605960328456,0.0064391524101426205,0.0015995583782172542,0.004889571578935198,0.0042195731332339784,0.00789154846662501
24,0.8551669080484267,0.041117916494157816,0.036697603722692845,0.00480678627325868,0.056220218495626306,0.00599056696583791
25,0.7925471715767737,0.04323679116962681,0.05663192170174729,0.009811870034373433,0.0883063572659679,0.009465888251510225
26,0.9707201149532032,0.015952091069453812,0.0024391994108884374,0.00284744929166894,0.003951750324653965,0.004089394950131292
27,0.8866608554896386,0.021374638522967324,0.00657307227356318,0.04461699448338711,0.01892172033886151,0.02185271889158248
28,0.8327290763157076,0.11162422992998904,0.010793177404460699,0.013588560738444092,0.017939463814026918,0.013325491797371962
29,0.9400159192970491,0.017579977215168803,0.01412248257470707,0.0020350945370612677,0.023877399516739988,0.0023691268592736184
30,0.9783990255628789,0.0025398541340638466,0.003598835002344123,0.00520118800922767,0.00599722232358935,0.004263874967895863
31,0.9759247776005371,0.010838251594457107,0.0020989575438412175,0.0025282392620774577,0.004858024511258367,0.0037517494878291494
32,0.8941638365892413,0.027532851543183624,0.0068737684551390225,0.016857146852756456,0.020989127022775094,0.03358326953690474
33,0.9057818517274949,0.019960155892078973,0.010911085739942903,0.01634755224299738,0.03535720230845665,0.011642152089028903
34,0.9598248341728061,0.00985677318282206,0.007707610921607871,0.0022403588291164617,0.018240424511670354,0.0021299983819770916
35,0.9442525517440474,0.02873774503905088,0.003079762814515396,0.006431390080882609,0.008808581968968308,0.008689968352535363
36,0.6274796423807789,0.055043371727885405,0.07286562934970509,0.008449523041351948,0.224500391939727,0.011661441560551173
37,0.9621571642419647,0.012400346289471934,0.002281786875863038,0.007042870530417081,0.006613894087497182,0.009503937974786401
38,0.913391319811212,0.04131825049876109,0.0128278511690615,0.0029545258240939952,0.026020858161251353,0.0034871945356199237
39,0.9056584311788778,0.021965389533660708,0.01604049479361081,0.00369428107647146,0.048258209912243555,0.004383193505135663
40,0.9303258634099781,0.021006762720959114,0.003495002321296322,0.01241773145710514,0.018914913686805132,0.01383972640385622
41,0.9614514190777727,0.01746359345192599,0.002658335140931312,0.004128601591339314,0.008666237330083449,0.005631813407947426
42,0.7719829461821897,0.13465507928896311,0.03812603446046335,0.005455560311894559,0.043373624555395236,0.006406755201093981
43,0.9483308488260304,0.007623145033830919,0.0026226810508322516,0.012238380186536014,0.009386495768824018,0.019798449133946603
44,0.9599040044359693,0.009272634360238658,0.005090921468207257,0.0022724316369296454,0.020878690788544,0.0025813173101111894
45,0.8797676582074855,0.039991195542658,0.02605645993832644,0.005730886302219633,0.0419415404783863,0.006512259530923672
46,0.9809087056930248,0.004269422314292204,0.0015040003738199914,0.0032705564215231185,0.00390756873240611,0.006139746464933993
47,0.8501083841846158,0.024994725942603935,0.053149691615297236,0.005200165619383977,0.061166884516466756,0.005380148121632355
48,0.8973825422687043,0.07716272740800575,0.006004409218979269,0.003764850739033108,0.011021260168012012,0.004664210197265411
49,0.9707273145251006,0.004401817073375965,0.0045155670214259355,0.004352916723222381,0.01178779420643236,0.004214590450442638
50,0.002399936523316228,0.9663251807296528,0.006614585099768753,0.006262241188933053,0.009425261857107101,0.008972794601221924
51,0.008061678753851432,0.9561833679919987,0.009642432219502525,0.004987756824180845,0.012807071973331311,0.008317692237135388
52,0.1393540898509832,0.8031247888847245,0.01234393621437809,0.008284598946576353,0.02543244129754119,0.011460144805796635
53,0.14550670571770447,0.7947561765190925,0.01937474827165187,0.005156527569872989,0.027852237729366302,0.007353604192311833
54,0.06676574502871573,0.8990460467440006,0.00617634195504738,0.005680211565413172,0.009591582301094977,0.012740072405728184
55,0.00595655957082431,0.9543160886732034,0.011478264570011517,0.004972621180469945,0.016071024353793307,0.007205441651697237
56,0.021689347185213634,0.8907984864063524,0.03263949661428794,0.00560346799269512,0.04053630073434184,0.008732901067109089
57,0.19385187500374754,0.7493908822753932,0.006613301392166179,0.012085115493661456,0.013033620010450334,0.02502520582458134
58,0.0012601610301530952,0.9762652366852526,0.0053662290108124535,0.004726556631013749,0.006097899036117224,0.006283917606650952
59,0.02244269651999837,0.9413664835205001,0.007998740427339023,0.005640074884222335,0.010643701828223797,0.011908302819716162
60,0.18363580406948313,0.7590627090892695,0.008573912589898683,0.010895315509853972,0.014119874542374835,0.02371238419911979
61,0.003315084798994061,0.9578773228857619,0.011772830028291353,0.00640231495841917,0.01357126451807124,0.007061182810462311
62,0.0015278962577762055,0.9789471634418102,0.004525450130431242,0.003950556674092285,0.005617164325987509,0.005431769169902432
63,0.03951943565500991,0.9181497372840652,0.011136679600522307,0.007814180205052996,0.014525064053672912,0.008854903201676806
64,0.03333496580394089,0.9273602243591835,0.005989079693461217,0.008336843382030463,0.010537002945893797,0.014441883815490376
65,0.0028199437080872057,0.9714000948289844,0.0073655050774680325,0.004128650852794456,0.008630089943426266,0.005655715589239903
66,0.008335965402190075,0.947295489655573,0.01770873379904117,0.004350794957453572,0.016103728529993356,0.0062052876557488635
67,0.005890926782152352,0.9524340837620576,0.009020155252413708,0.008491476787262288,0.013693009078452086,0.010470348337662002
68,0.01218252069462891,0.9704436625184892,0.004157164796499279,0.002828315932119313,0.005598586371343245,0.004789749686920179
69,0.0028909519319016237,0.9703303185342983,0.0061226080124955964,0.0049164191106478156,0.009512463586970369,0.006227238823686012
70,0.10523587972280429,0.8521203451100189,0.008467444152619883,0.006472664152970175,0.016448316479086487,0.011255350382500645
71,0.024841733404995046,0.9155598839804285,0.016934788346352054,0.0072782220912420105,0.024415850360636624,0.010969521816345413
72,0.013495995533743041,0.9560152186032125,0.0065705737553733495,0.005436233097965838,0.008556885437389203,0.009925093572316157
73,0.0016997323051693898,0.9730476358899222,0.005170267058301322,0.006155226375292942,0.00633317391777313,0.007593964453541432
74,0.0015747703772351419,0.9792623978237125,0.004419112603309427,0.004589963855283633,0.003972425493765339,0.006181329846694163
75,0.0037819382849277414,0.9527465405067502,0.013067464438626745,0.006314667997555388,0.015887422143234912,0.008201966628904838
76,0.006093412345044573,0.9567831939036178,0.010498321178859408,0.0051567727746440395,0.014117333817260614,0.007350965980573932
77,0.0019102130004927632,0.9691210713209697,0.006191397909947592,0.006337897724146089,0.008146159846642416,0.00829326019780154
78,0.011528472088392784,0.9306938255691843,0.02331454416446925,0.005935838603050844,0.02118337174153371,0.007343947833369212
79,0.004603157042482249,0.959032995339045,0.004778132799869578,0.01079769863147388,0.008122778934833265,0.012665237252296234
80,0.02457434125422185,0.9485198965146155,0.005835693859779642,0.003958272869290995,0.009026076910105544,0.008085718591986667
81,0.013295816859797721,0.9664374496635315,0.0057153681716944895,0.003313816289552961,0.006404233167248589,0.004833315848174723
82,0.0028176150333803335,0.9728307741281723,0.006080264114974679,0.0038823539005085326,0.009223855307937286,0.005165137515026916
83,0.6103001501256492,0.305254486509878,0.011953243401100854,0.019592399803628136,0.02846263214243927,0.024437088017304258
84,0.04499714612059839,0.9229109111368182,0.006776081236714815,0.0056820585946096135,0.010628212688635745,0.009005590222623157
85,0.007305523381323731,0.9305563835553765,0.015044021963859705,0.015147786196225865,0.019777905678018896,0.012168379225195182
86,0.007244249766072057,0.9447481985423112,0.010545997823093295,0.008203472747056288,0.017758072599920873,0.011500008521546437
87,0.00905001505301935,0.9620892831647089,0.009544905876398701,0.002940768591483042,0.011767075872534059,0.004607951441855933
88,0.06925524611659839,0.8795979248025289,0.007401000094395564,0.010809097898715042,0.013582303516337322,0.01935442757142476
89,0.053902789077775994,0.9028857281919271,0.005514587556053237,0.00847985629837005,0.009209286611941939,0.020007752263931578
90,0.08016793812785628,0.8833735743155298,0.00641105246661383,0.006540434710300771,0.010219947285893323,0.013287053093805934
91,0.000985007280322285,0.9822662474139746,0.0034363777404694085,0.003758141705852622,0.003955271906417321,0.005598953952963405
92,0.05788673971562754,0.9094786164479152,0.009184637807889733,0.004812906671886243,0.011780283437540071,0.006856815919141162
93,0.0028587202074138603,0.9670540035493173,0.00852159904517039,0.005986800516744749,0.009120592112178466,0.00645828456917494
94,0.36172382619659604,0.5742961150361438,0.008490117489875208,0.015771267699600293,0.018690471987400117,0.021028201590384505
95,0.02105647688251318,0.9407983187448261,0.006809086924832356,0.0068682763456218935,0.011663600029151254,0.012804241073055285
96,0.09617819437881343,0.8635936956274696,0.009139141566894167,0.0059013821962735575,0.01634463252350943,0.008842953707040075
97,0.18893362538894926,0.7598935053123506,0.00835239410588353,0.009942385347834462,0.016915240546881694,0.015962849298100455
98,0.016089647855379908,0.9515111253017305,0.007524736627542515,0.00477930706026451,0.011337257095690485,0.008757926059392412
99,0.003801483798856922,0.9447562157046614,0.008064997247549329,0.012855950157874113,0.013200177729594602,0.017321175361463815
100,0.009373411887188064,0.007379660421840755,0.9529419371651736,0.004924485890343042,0.01958934586014865,0.005791158775305588
101,0.003892512438931451,0.003207718799474213,0.9827345778627543,0.0034843114100919234,0.0029191885718276834,0.003761690916920117
102,0.007754255084950354,0.006437393055954694,0.9604094755150739,0.0037813428629826155,0.016806792443298555,0.004810741037740046
103,0.006562695382211821,0.006354568127553227,0.9530834502894847,0.0033059383244684517,0.026509311437841746,0.004184036438439953
104,0.003529085528963332,0.004989647776286576,0.9827168104293384,0.0030887965852767945,0.002122959603199478,0.0035527000769357757
105,0.017087529242666037,0.01128734324528076,0.9422853536318126,0.005446056509845207,0.017436634610206315,0.0064570827601887525
106,0.026999801858897922,0.027252557341332046,0.9088016403947973,0.00832410246315396,0.019038655744140678,0.009583242197677989
107,0.0026212110912062245,0.002404854613771049,0.9868262928591427,0.003628621911553902,0.0013111417925182147,0.003207877731807771
108,0.0033333191311269625,0.0029195361104001408,0.9473677511168992,0.002787416746395886,0.04009123387326486,0.0035007430219130362
109,0.0020714995708789757,0.0017425411375010054,0.9785487548047901,0.0031859267399128055,0.011013607847203993,0.003437669899713136
110,0.2214269839800103,0.03322418965017588,0.42551410029957776,0.010775246632970015,0.29597577998875707,0.013083699448508818
111,0.03959153746392017,0.016044806139780706,0.9112085117151331,0.008538845278978883,0.015867374016477195,0.008748925385710158
112,0.0033935741937284247,0.0027957444550951067,0.9701005619464205,0.002619006008353184,0.018038581856468717,0.0030525315399340747
113,0.004092706001390338,0.00466227533615491,0.9814227748331941,0.0028146053980816705,0.0035276735709919545,0.0034799648601868695
114,0.0061329935265719135,0.004042661648207837,0.9750168670617501,0.004094330734016578,0.0072051383009451055,0.003508008728508282
115,0.004865639427958929,0.004734465037859555,0.9765873528856889,0.0026973983678071026,0.007926611627630855,0.003188532653054938
116,0.0038357949212869547,0.003505052894666413,0.9854236309841989,0.00324517557371302,0.0013183686846521016,0.0026719769414822792
117,0.023173046921766,0.01639202303359826,0.8901603336605785,0.007518885356809868,0.05427731420559706,0.00847839682165056
118,0.0036236687372948515,0.0034118768512467115,0.9846118943846609,0.002574502434622644,0.002837722694964355,0.0029403348972104957
119,0.006010286077899578,0.004795927443352589,0.977351757738433,0.0043841491838765186,0.0033973490343583595,0.004060530522080404
120,0.010921013614253534,0.007612924100345024,0.9666922633450339,0.006333788433680878,0.002956047861038348,0.005483962645648665
121,0.002261416628951796,0.0020668446677862013,0.9779654558985694,0.002075713800981101,0.013258141957982502,0.0023724270457292983
122,0.0033442288035303953,0.0026815991868193645,0.9835254336827861,0.003854624667077019,0.0026346571666426856,0.0039594564931442755
123,0.012653396096747292,0.01051286141245536,0.8946793699777142,0.006604384770075214,0.06806681117883127,0.007483176564176616
124,0.11814650568020132,0.034696268887314335,0.6924234487083178,0.010813748606349519,0.13174919226833293,0.012170835849483783
125,0.0281274206243281,0.023303932191473142,0.9029859471070569,0.005560836200493284,0.033043837163474234,0.0069780267131741135
126,0.0022108494720924276,0.0019331294238936806,0.9857131058861882,0.0024246202526273537,0.004630679346534845,0.0030876156186633867
127,0.34700640830946494,0.049356525639453044,0.48510132356362873,0.015376071015841947,0.08845393086007632,0.01470574061153508
128,0.03244312912739252,0.012601110543479111,0.9243894302019104,0.00970974641580989,0.013172814627331815,0.007683769084075973
129,0.021165444306434404,0.011007094501795607,0.9311246014629698,0.007514733762903298,0.022172707636795314,0.007015418329101782
130,0.003193342067579259,0.0029033369285962336,0.9867069574216758,0.0033596966065067824,0.0009184937618787861,0.002918173213763341
131,0.003651607697446479,0.002833768293628448,0.9869136298196741,0.002906949157961538,0.0010633120525449587,0.0026307329787444867
132,0.0044879087816686765,0.003630783656276235,0.9344339293773851,0.00229542454150388,0.05254407747792883,0.002607876165237313
133,0.020539266719682196,0.014389854729418035,0.9389692538383937,0.006938031543797779,0.0119173954710576,0.007246197697650852
134,0.006454968938082817,0.005714676771494593,0.9290703879956684,0.0035109586292116114,0.050980392476549084,0.004268615188993659
135,0.012325408553501532,0.009469470211429553,0.9463840861978209,0.0049190331621200055,0.020579035748030706,0.0063229661270973155
136,0.12881381308681475,0.041236320988133686,0.6674294302872421,0.015034625624748757,0.13168251259185648,0.015803297421204104
137,0.08618729173046345,0.029391380696010855,0.8357213398203691,0.010448240654945293,0.028434410586974438,0.009817336511236875
138,0.0025729369361497632,0.002219517634015509,0.9875171535121748,0.003156945598353221,0.0016448542393153892,0.002888592079991043
139,0.005544724535319357,0.0057191893923242655,0.9748009642132035,0.0033072273403832466,0.006546930480998089,0.00408096403777118
140,0.005754577180513425,0.005296395288109416,0.9755329929964505,0.003062017143387933,0.006784180004136747,0.003569837387401965
141,0.009500030128386327,0.005953521973763198,0.962954300003429,0.0046618648500295285,0.012182060404991046,0.004748222639400914
142,0.11604322098503153,0.03307076702983303,0.5235428544092152,0.01598168701190505,0.2950946742705339,0.016266796293481184
143,0.003907085590165461,0.003613834207822547,0.9840246397740142,0.0030393611415171252,0.002401106617446517,0.0030139726690343632
144,0.016946410772958716,0.012662422493283644,0.8768902133876545,0.0065396601749571235,0.0796265661458679,0.0073347270252781035
145,0.015305117371945093,0.0147387655547883,0.937625703294256,0.0053477071402122465,0.020161541577511936,0.006821165061286727
146,0.025216185559929213,0.012180324588381662,0.9174227463430763,0.005517812910990804,0.03321802218363244,0.00644490841398942
147,0.015492781106412544,0.008578683186152382,0.9075975081863996,0.005660142302686154,0.05629476136935587,0.006376123848993475
148,0.01819067757453732,0.011740065129347308,0.946669017817823,0.006743546557867719,0.009913557471197274,0.00674313544922755
149,0.004131392909641862,0.0028936534756720186,0.9650407648816938,0.00460412335342004,0.01885222859059676,0.004477836788975234
150,0.020604100941615366,0.014709956856711953,0.005617387376818858,0.8933019951247001,0.007283245221917183,0.05848331447823685
151,0.003343582885741718,0.0030651456805301236,0.0022092429520035894,0.954941391467353,0.002607414647725062,0.033833222366646425
152,0.0042596481089850185,0.003786581965730198,0.002956713179736579,0.8513493374831207,0.003757031292086714,0.133890687970341
153,0.008662171481614361,0.0052061477529560685,0.0035178254183782145,0.9707062814121956,0.004767798404869187,0.00713977552998619
154,0.002966840065300449,0.002581222777558555,0.0019018600191504824,0.9878239242805413,0.002086073755082424,0.0026400791023663047
155,0.0021767317916363883,0.0019029232716888055,0.0019250530150662856,0.9907714394238151,0.002115731071266766,0.001108121426526837
156,0.002212276023705108,0.002208313621959221,0.002116949424619693,0.9884074921775886,0.0023198990507866998,0.002735069701340748
157,0.0015377033339804566,0.0016109181182976998,0.0020015500704707225,0.9922352233183652,0.0021799135047512624,0.00043469165413481886
158,0.01399415842123331,0.008975728773666168,0.0031985842254356397,0.9642904696507784,0.004018230148437647,0.0055228287804489126
159,0.005181542306941432,0.0038566290812617715,0.003040569640434499,0.9827123417291059,0.0036515030477745508,0.001557414194481973
160,0.003197637643546975,0.0028359404937659395,0.002038561954461436,0.9830483048989399,0.0023315826927360504,0.006547972316549501
161,0.043475176750645016,0.022740118629749808,0.0061902521074370265,0.8488223399969954,0.008692955928917117,0.07007915658625606
162,0.003837273048109618,0.003263887214411004,0.0028148167880402758,0.986055646702719,0.0031353634011858193,0.0008930128455342974
163,0.006879713915062969,0.005457313800357381,0.0033522975251311605,0.9073836243172152,0.0041916193194582495,0.07273543112277497
164,0.019589049863357563,0.013533410689941483,0.006784113347921843,0.943373416172784,0.00935269979064381,0.007367310135351531
165,0.01909691979571315,0.011195099941783537,0.00560033806799872,0.9479227699226687,0.008066200089899344,0.00811867218193643
166,0.02411270363890127,0.010728842489798543,0.005026225911228036,0.8607041395719365,0.00801939846325051,0.09140868992488524
167,0.008909979305256905,0.005343605145647905,0.0035106455260168717,0.9584844496184923,0.004588265697643709,0.01916305470694214
168,0.0032908011522791315,0.002578008125928743,0.0016403244101593133,0.9620184025841605,0.0019250431776646078,0.028547420549807762
169,0.004151782053547471,0.0031179481831201845,0.002183231514051195,0.9869810525103407,0.002507669585432546,0.0010583161535079098
170,0.0019434382920812995,0.0017146168761981318,0.001555566769502311,0.9925380300704023,0.001641634447181553,0.0006067135446342345
171,0.0031870282623440043,0.002435161389646714,0.0022583737789710822,0.9885253476585123,0.0026499930047727775,0.000944095905753234
172,0.003933710157641335,0.002207687424278256,0.002327763014613944,0.18510326658168824,0.0034336649451017953,0.8029939078766763
173,0.002958356019817387,0.002432690375392881,0.002220973908178119,0.9828493331949911,0.0025792786224585005,0.006959367879161982
174,0.002237277713511895,0.0016854884294623543,0.0017216396322096397,0.9852381495009275,0.0019200277637786744,0.007197416960110198
175,0.008332503245905835,0.005372596189027455,0.003061088995671323,0.9754370169380201,0.003892577680502447,0.003904216950873044
176,0.024447336396942805,0.011183598404765937,0.004280475241303644,0.7676561535960532,0.00656451983532561,0.18586791652560888
177,0.0019300095642669293,0.0021126878249265848,0.001796938624016303,0.99165903179768,0.0018442137607465204,0.0006571184283638984
178,0.00120592678574529,0.0012668174187312209,0.0016229047637603604,0.9934947623962823,0.001724830533016441,0.0006847581024643578
179,0.003158802196858281,0.0029522073739544257,0.002594320892494984,0.9866592058618746,0.002890477070800405,0.001744986604017235
180,0.053219547153240114,0.015595328784686942,0.007294207851617148,0.1805263174317052,0.011502188156388284,0.7318624106223626
181,0.0048297066216469505,0.0033367084680798386,0.002905054245961895,0.9521337184312741,0.0038924524239876937,0.032902359809049465
182,0.043029029914183184,0.03381826506135696,0.00943244373850216,0.6679994432546931,0.01265016254671133,0.23307065548455308
183,0.001391260390378836,0.0012483178845421182,0.001467253781984799,0.99388725640604,0.0015085998579595146,0.0004973116790948632
184,0.0030580965668162026,0.002556406675445965,0.0020799060260061316,0.9892860594736397,0.0023035999980854822,0.0007159312600063696
185,0.004201521300031442,0.003251470460844028,0.003089163027289829,0.9591132479399824,0.004013513788138091,0.026331083483714032
186,0.001641679715998705,0.001665977017134824,0.0020864278923432614,0.9912747769999458,0.002272720066552073,0.0010584183080253717
187,0.07703528030940994,0.0315655303469023,0.011798528298695075,0.8126521865116513,0.018569993443838508,0.04837848108950266
188,0.018054755453733088,0.010531718008140354,0.005230841795928842,0.884431969952669,0.007564245687673053,0.07418646910185522
189,0.002765344080894932,0.002375176359341692,0.001776679053417658,0.9591704832380087,0.002069249096905373,0.031843068171431683
190,0.005747073742868364,0.0047139327026649415,0.0030189703062667734,0.9802864859103211,0.0034330132693131937,0.002800524068565566
191,0.007666920320926927,0.005366372191288262,0.0034377266662256353,0.9649830390643197,0.004321204662520403,0.014224737094718859
192,0.0027928867466804116,0.0021571253299433853,0.001640446614193424,0.9859950950579208,0.0018015688913379064,0.005612877359924028
193,0.0013476588173434532,0.0013071105970148423,0.0016910603789887125,0.9914182546989019,0.0018054135072991583,0.002430502000452043
194,0.050511995400516034,0.021555168585516673,0.005720987679665669,0.5186083748965966,0.0089462800571262,0.39465719338057864
195,0.008915841098605529,0.005605249845178288,0.0024983215406579103,0.9245897571866145,0.003224737418830891,0.05516609291011265
196,0.008028030281600174,0.005475496692966572,0.0037312425814654796,0.9723230949692679,0.004856586959498981,0.005585548515200897
197,0.006877507803926523,0.006294271331011251,0.0033778483796296343,0.9241443445742806,0.004469057824050594,0.054836970087101346
198,0.002161957112123748,0.0019354518363093299,0.0022972296487087625,0.9899343914982122,0.002670673528215467,0.0010002963764308868
199,0.0069372992166131815,0.005366883657778076,0.003690539693644488,0.9722439557833152,0.004396724581719202,0.007364597066929914
200,0.03387456035195574,0.009710048480187717,0.051031409305264,0.0067594391993225705,0.8904340488747917,0.008190493788478555
201,0.007502908815207704,0.006120521342635882,0.1224329320530871,0.0017924835835347614,0.8585982838078224,0.00355287039771237
202,0.005858532546149666,0.007160377457387386,0.016546702807064252,0.001650603547301837,0.9661096916983353,0.002674091943761677
203,0.0036555285656217178,0.0037129333307349037,0.0066043500166179415,0.001172292080277249,0.982358112151796,0.002496783854952071
204,0.01482707679373316,0.0073443938791863,0.06662626537798141,0.0022672720011853316,0.9045951601003229,0.004339831847590634
205,0.0016727059141100258,0.0029110375952319466,0.0021032962920195897,0.0011371261423533017,0.9901693443515561,0.0020064897047290856
206,0.004176779249445199,0.005846275660221616,0.013674962405410983,0.0010734648438966397,0.9732139026061992,0.0020146152348266065
207,0.002468244330744572,0.0017653801304127914,0.0046977140922398256,0.0019863914070789444,0.9863042383094608,0.0027780317300630276
208,0.0022046900324726617,0.00391184028903381,0.008197733373103186,0.001181495685111748,0.9824427477937892,0.0020614928264894635
209,0.00421685280240754,0.002642939486732508,0.034289091316936395,0.004707805392305999,0.9488586173870301,0.005284693614587545
210,0.0068973828908529804,0.0059458963142882204,0.007600655179429145,0.0013935662709110728,0.9755180885276491,0.0026444108168694786
211,0.002844195182296692,0.004121065561514133,0.022405550435425487,0.0007343996764339131,0.9683771530126914,0.00151763613163834
212,0.006466097128600222,0.002170014473650343,0.022758743658336262,0.006986786612066708,0.9557480940391395,0.00587026408820676
213,0.023675097984688042,0.009044101212808643,0.03275911816210474,0.0023168433682799815,0.9283590317626123,0.0038458075095062078
214,0.010070295717952527,0.0037264476486652113,0.020093545354113024,0.003162596669782428,0.9590278211091621,0.003919293500324435
215,0.06765620248248372,0.026246164454836483,0.10140207522445785,0.005213972830095799,0.7914760256615514,0.00800555934657468
216,0.006791151460066151,0.011606530248894737,0.01023048187701701,0.001685810093035256,0.9664635648054841,0.0032224615155024942
217,0.04866751309547629,0.015159240732654766,0.028650594391375635,0.008212819349677679,0.8898447134806498,0.009465118950166036
218,0.1817121514226724,0.031023040418143813,0.04148780906309575,0.017987910845658595,0.7066285119296462,0.021160576320783445
219,0.029384458946178933,0.012442257052675456,0.04821916678062009,0.0036424128492682176,0.9000885461517755,0.006223158219482334
220,0.08090393863995407,0.021295560443808977,0.2727565142343517,0.015742673955392625,0.596171419875011,0.013129892851481556
221,0.009591983097420617,0.0049664736179397114,0.2836746916571338,0.0017635383709559594,0.697320888053085,0.002682425203464697
222,0.005757784328366575,0.0031749695466652774,0.006270823330211807,0.004667477395913518,0.9748078482340398,0.005321097164803164
223,0.0012000937803739774,0.0016809677484878928,0.009560688924702476,0.0014284512248270624,0.9838206136075637,0.0023091847140447406
224,0.008286244364563189,0.005366409794716947,0.033246692383751324,0.0017276088163662635,0.947895108829341,0.003477935811260804
225,0.023341443345058163,0.011025817504861082,0.023258977494365292,0.0030832939127229,0.9336031418434364,0.005687325899556124
226,0.03358364236889083,0.012646556305035648,0.042828026043494574,0.007071404003977353,0.8950943968736791,0.008775974404923
227,0.006931649384132518,0.007080069730432785,0.01077977929265169,0.0018023303384159986,0.9697070344215304,0.0036991368328367345
228,0.0012590618327511386,0.0013401060854003194,0.0009296481469208231,0.0022856989136466003,0.9909912919228093,0.00319419309847201
229,0.005206825927577779,0.0021935645521645466,0.04938451215297629,0.005127588490327484,0.9325460092691525,0.0055414996078011845
230,0.0024901840036050966,0.004522533947100318,0.0121769630257286,0.0025425019761806016,0.9746671027024988,0.0036007143448868284
231,0.011064773477706026,0.006353945947656412,0.04528228317831528,0.0021556629640909,0.930904976105566,0.004238358326665373
232,0.00946854391023554,0.006721864615524183,0.01042211091076673,0.002507029416783882,0.9664005465816357,0.004479904565054351
233,0.009292565527959143,0.004783824184701569,0.03059500674101337,0.0019260789750426151,0.9506342797930203,0.0027682447782632937
234,0.003254519565419879,0.003418926588997185,0.03162235824018166,0.0015237403561520252,0.9574020757799375,0.002778379469311656
235,0.02038229114969107,0.004089534144690006,0.023746174702900382,0.00726753802352494,0.9361534468788816,0.008361015100312525
236,0.011958417825105245,0.003273109452345255,0.014516871055244972,0.0057752797826676845,0.9580047436162411,0.006471578268395883
237,0.004413582016776334,0.003079365518646443,0.0028227134002265005,0.00273851050887315,0.9831812886755836,0.0037645398798939324
238,0.004240711151927793,0.0031771339506185743,0.10439238269941649,0.003614091563896721,0.8798178282555592,0.004757852378581026
239,0.08020630421426789,0.024231905043295615,0.6675749249235536,0.005272429576411886,0.21585670586253236,0.006857730379938787
240,0.0026963170713803285,0.0033969550110866417,0.015481844153820295,0.0015479549866456626,0.97416881664286,0.002708112134207154
241,0.0043270975468732795,0.004850499325155211,0.011259623409473197,0.0011165235783561225,0.9762435408845044,0.0022027152556375385
242,0.02272056409544471,0.014442790781741611,0.15119895210507842,0.0025238103763950684,0.8047562741798169,0.004357608461523337
243,0.0019957862905781226,0.0013251049705984368,0.002473887312928858,0.004006647050713367,0.9854905860197288,0.004707988355452245
244,0.005913603614273838,0.002716794431109207,0.1610007999836785,0.001102248253899443,0.8273716039211421,0.00189494979589726
245,0.002138486267949986,0.0018382031780016055,0.0016594886615636454,0.0041977054712288185,0.985169902910842,0.004996213510413678
246,0.005008782316162128,0.0021173502612423073,0.013820645232169235,0.004859644841486363,0.9699877060359792,0.0042058713129608
247,0.019114290950656174,0.020590445313103334,0.08814017381259671,0.002520669269229484,0.8653679482964848,0.0042664723579298024
248,0.016683169859743607,0.011257434856381348,0.06338804165496507,0.0035641224191911443,0.8985625307216283,0.006544700488090385
249,0.008816525089204861,0.011056144335774468,0.005108941060897848,0.0020128827894946295,0.9690427164287413,0.003962790295886906
250,0.002035564055664761,0.0013197419316057098,0.001869406096465348,0.0015203097491905252,0.0023292288360316537,0.9909257493310422
251,0.013084772298534171,0.0069605214754543615,0.005125435076313383,0.07850598488323138,0.007606606640706005,0.8887166796257607
252,0.017901098166136286,0.009029434236793536,0.0071014883100135465,0.06292954762154648,0.010585981589092313,0.8924524500764183
253,0.020315860842408048,0.006725112814830618,0.00534718639995942,0.005781440744249072,0.007160345934167093,0.9546700532643857
254,0.003393516753343061,0.0019011684844240867,0.0026042422765254194,0.001113578606835169,0.003401499538734922,0.9875859943401374
255,0.03174104172913226,0.016794629395316986,0.008421056766668896,0.02812425793721988,0.01216176006754698,0.9027572541041151
256,0.005505062988611638,0.002861172183640896,0.0030406588883639205,0.006512584387491739,0.0038655905153565998,0.9782149310365351
257,0.001020080379777945,0.0006489093842907905,0.001359965715014308,0.0005063778645357108,0.0016357051467465855,0.9948289615096345
258,0.00506694442560419,0.002679445312243111,0.003612064653441009,0.012424017501991935,0.005106433281239236,0.9711110948254809
259,0.001008115419720172,0.0005981517245074145,0.001801037376030316,0.0006594050919351563,0.0021980191966157626,0.9937352711911912
260,0.0023047520768641784,0.0012997122185614985,0.002174334414844363,0.0010018303613538715,0.002723570185882695,0.9904958007424934
261,0.03618392514880376,0.010983289731932076,0.007740757403355024,0.015634922202903256,0.012991128101928415,0.9164659774110776
262,0.004368430411301825,0.0030857952047464283,0.002547695374287404,0.056975882349592444,0.0038057915376160517,0.9292164051224556
263,0.002536813878685836,0.0015182874077739564,0.001889233620666774,0.015532589973879522,0.002326075491465316,0.9761969996275288
264,0.022762485381590338,0.011511802303820966,0.007393735626210996,0.10062174590216368,0.011951929221385075,0.8457583015648292
265,0.013766121947489354,0.005455405702101966,0.004617044343134156,0.019326435250357658,0.006711982707829279,0.9501230100490877
266,0.001636437419071482,0.0011159924202762393,0.001685967716969617,0.0023258216086996923,0.002112569943536276,0.9911232108914466
267,0.00917284203426987,0.004085262598266675,0.004023439836046709,0.03717893525490321,0.005352309535606274,0.940187210740907
268,0.003924801871554291,0.002125075435578215,0.002617354898309193,0.010074620974740194,0.003570619360202979,0.9776875274596151
269,0.014512810173662096,0.010984513349116775,0.004706996905153465,0.01788447831536447,0.0063091045180378325,0.9456020967386649
270,0.0021654284901339855,0.001299260618437709,0.0026160729446116373,0.0006593678055261412,0.003112772869758526,0.9901470972715322
271,0.0009226886876694003,0.0006061481940832167,0.0015528567787392875,0.0022326628892870523,0.0020506201500955323,0.9926350233001252
272,0.06208476916858619,0.023092705191053827,0.007272778398599831,0.045688571714415094,0.010773477775936732,0.8510876977514081
273,0.012791517123372365,0.00539228515688818,0.0045799882497719975,0.006413769311735358,0.006255619401577632,0.9645668207566548
274,0.0034016405301896635,0.0018403642485461636,0.0018385387520631915,0.08107843770629003,0.0024362310651248487,0.9094047876977864
275,0.001876970027571461,0.0010898521452303233,0.0020710041456687913,0.0006248941503154399,0.002619000936133813,0.99171827859508
276,0.007805342736216024,0.0035160350926651926,0.003821726306637853,0.01055106608579713,0.005259171622704125,0.9690466581559799
277,0.0055150469907947995,0.0030353298629800796,0.0028416060029730454,0.012523775083753855,0.0034195673243003965,0.9726646747351978
278,0.10180222143282054,0.033852866711464834,0.007500234220770664,0.3864525381149963,0.011861727196115763,0.4585304123238319
279,0.001997434493831395,0.001389940132494806,0.0013571330672928626,0.10267244601785334,0.0018384115669581992,0.8907446347215696
280,0.0019720290037201324,0.0010491624047521638,0.0020835367983221315,0.0008282289736810225,0.0025978138671892102,0.9914692289523351
281,0.005351518783695932,0.00200746458107656,0.002855575788213729,0.0020250241393827088,0.0034838814110204593,0.9842765352966105
282,0.019805726495868085,0.006749979082826468,0.004372262841147604,0.00914850385241779,0.0060939941299840384,0.9538295335977562
283,0.00290905354506214,0.0019177196327758896,0.002153527146407162,0.0030185733208895286,0.0025192952254154,0.9874818311294495
284,0.01394920779406967,0.005988637831016491,0.004973013093589583,0.04371323159204689,0.006856911346972847,0.9245189983423049
285,0.009955466079132046,0.004941280454696609,0.005149847859064307,0.028790378919134454,0.007044866718761375,0.9441181599692113
286,0.0021820606736362904,0.0014550717017838763,0.0021395248336427614,0.0024175089476870175,0.002576027368109852,0.9892298064751401
287,0.018888095737644002,0.009832751291948874,0.003992360781534171,0.14995347634906248,0.005918455569849129,0.8114148602699616
288,0.007785929299023865,0.0035826517596272067,0.003729325013917817,0.038609838512713664,0.0050075652577006085,0.9412846901570171
289,0.005180996187615179,0.002573539895299946,0.002963130198302554,0.005894157517933308,0.004052205609151438,0.9793359705916974
290,0.02451721828279729,0.012238994020261256,0.010041827952753636,0.03350786399451499,0.0155948111839282,0.9040992845657446
291,0.011207370991527145,0.005865471126368578,0.004056719545752985,0.034347777411056185,0.006389773394134795,0.9381328875311602
292,0.004349828177041429,0.002672205038778806,0.0024578677811885183,0.06869090013062834,0.003082905940578312,0.9187462929317847
293,0.02300274610237479,0.013574970061057156,0.0055901965707794285,0.032338556899408705,0.008431157509046824,0.9170623728573333
294,0.008137257477535341,0.005116150739542384,0.0035962737704127194,0.02535763271939695,0.005354426787632344,0.9524382585054805
295,0.016191168342168247,0.006189090697467861,0.005301785195570177,0.004937212821324534,0.00693750484373532,0.9604432380997339
296,0.004250967691907313,0.002716435786734528,0.003054756737045704,0.004611380044228507,0.003918902182945109,0.9814475575571388
297,0.03321739404887041,0.01528423764098069,0.005606194928814487,0.025210413927372312,0.007618198148736951,0.9130635613052255
298,0.02455649054387342,0.01150485948254826,0.006242659036808715,0.40007375762107866,0.010123102055255274,0.5474991312604354
299,0.0034056847100902518,0.0015522766955723463,0.0025475715032016307,0.0011620192952835312,0.0031015114344517193,0.9882309363614006
