,proba_0,proba_1,proba_2,proba_3,proba_4,proba_5
0,0.7575278420575577,0.06833154895280365,0.014610843315671359,0.01756017002592376,0.0999677783099948,0.04200181733804871
1,0.7803965904679303,0.055677933033991614,0.036077093127819586,0.01576372157389137,0.04036415209142324,0.07172050970494381
2,0.7271932466717308,0.11526534225928,0.023410881239271767,0.017104673935190502,0.04177495536562525,0.07525090052890165
3,0.35181739368030224,0.30810935971691605,0.02655902067168998,0.06944709842700118,0.16524734559538334,0.07881978190870725
4,0.6287898342371506,0.08483723433324042,0.02061630436894021,0.023862769939819468,0.11941879074940252,0.12247506637144695
5,0.8284995497049901,0.04497849574436584,0.02225788588329873,0.017461867787550378,0.04692169621488136,0.03988050466491376
6,0.46688603789624666,0.3076786142446743,0.015086216037270566,0.04172361695013233,0.13112640884960547,0.03749910602207066
7,0.6308040654707903,0.23733218540195639,0.01783492291643284,0.02768815406915365,0.06354285208707641,0.02279782005459069
8,0.7306709363664255,0.1459851586772258,0.016569626765727933,0.020991778947733093,0.06874888680897617,0.017033612433911483
9,0.7660680787540672,0.12206212380288047,0.022886715929765687,0.02316585720865307,0.03233536967944754,0.033481854625186123
10,0.7340709051263841,0.09170873756273779,0.017658270622382337,0.026500103601738993,0.0415912502691326,0.08847073281762424
11,0.7114817565072797,0.06773712807095521,0.023708538390409355,0.023069004634495134,0.0550911487465155,0.11891242365034509
12,0.7720001363569537,0.11984150380994413,0.008207633904372695,0.011442837705302963,0.04432285381154171,0.04418503441188463
13,0.6865826561917324,0.1948503341789847,0.012085202575095055,0.012578883150303631,0.05544984142560442,0.03845308247827981
14,0.5630386627324727,0.19600110263325365,0.023832421566270478,0.022523423398078123,0.07940972243545504,0.1151946672344699
15,0.5264535324721794,0.14525908618095032,0.039767656859719176,0.06298358911015889,0.09955598245115163,0.12598015292584072
16,0.7518775626434002,0.13448052844885025,0.013069744956285744,0.018242309267129223,0.03055101866381682,0.05177883602051785
17,0.7047082699169692,0.12789056952909905,0.05778790018596497,0.021501090460580484,0.051186150713824756,0.036926019193561616
18,0.630362544785047,0.1855382071290654,0.04617444726896924,0.029371726596619734,0.05854175084438578,0.05001132337591272
19,0.5663420176413303,0.25844511866381126,0.0267311630812319,0.015221623541349984,0.0666317630094258,0.06662831406285064
20,0.49930579679918197,0.28742042640646354,0.03546568228338337,0.05076156201546463,0.04185746836470912,0.08518906413079726
21,0.6590485005653655,0.07458026897692743,0.029543519907655177,0.045537124709593736,0.06559054738046845,0.12570003845998978
22,0.6980389598500835,0.13074337381741902,0.03690078339335586,0.02608491810508622,0.06241355686440335,0.045818407969652
23,0.7235630209195923,0.17117189099595445,0.006391508076250612,0.016848680725784198,0.04105228420150429,0.04097261508091393
24,0.5548903322381791,0.26860033295458086,0.02740746909618546,0.02227669199449198,0.09780883700420587,0.029016336712356833
25,0.5943575533421148,0.12374602558601874,0.07470208824994405,0.03879848719912164,0.03208278034375855,0.13631306527904227
26,0.7456665128052913,0.10043084759180601,0.011349969750892589,0.01904618351199355,0.0359259082505538,0.08758057808946287
27,0.7283997152435084,0.14730764830110907,0.020652906592151368,0.02381149220605565,0.03289276494358115,0.04693547271359414
28,0.6636624995635118,0.18175829854794723,0.019876716470877406,0.011174715943309694,0.03148245574838085,0.09204531372597315
29,0.8353646290900976,0.03405715722894643,0.01882840832789547,0.023237794806749548,0.050449808323598244,0.0380622022227128
30,0.8325920744909827,0.06690003119605333,0.007339725966016858,0.0119470794217161,0.0368231331738311,0.04439795575140006
31,0.8229892268668554,0.07932981878855191,0.015604048641513853,0.0166850267571493,0.03111045556021201,0.034281423385717685
32,0.5965901200527679,0.1350292157364851,0.025331240467101227,0.029389040752196043,0.11848035222040385,0.09518003077104593
33,0.7265071486171861,0.0514066487188027,0.0340910420353504,0.02577791165990676,0.1168657954533274,0.045351453515426736
34,0.6038568204585991,0.18009340631389337,0.036689615845002445,0.025605869122614047,0.1027906666980164,0.050963621561874776
35,0.7714399515288118,0.08671426338668246,0.024498925619157154,0.017562974477796568,0.05920937723583231,0.04057450775171961
36,0.39246107361367055,0.25346364451781256,0.060305862043472186,0.023983351408602506,0.20998156080941222,0.05980450760703003
37,0.695996492494398,0.08311469443793695,0.014108102700916617,0.02728920204184737,0.07043900848384117,0.10905249984105976
38,0.6179469541445702,0.20594184315539243,0.020111005487009642,0.01800407731377876,0.08051395602696025,0.057482163872288605
39,0.5822580227199687,0.13141140170922688,0.027206669148109767,0.012452355601172025,0.14381457382926718,0.10285697699225535
40,0.527429208468626,0.31228380402897743,0.015563764028802137,0.031922738706943045,0.07491374683508845,0.03788673793156297
41,0.2987543965751289,0.33335724617523177,0.03698473741672526,0.04534351735004113,0.23083874695468046,0.054721355528192545
42,0.6962306795399597,0.18887532716332694,0.01729934739837007,0.01649337053983361,0.04754057724345715,0.033560698115052724
43,0.6985456647582271,0.03870654072141846,0.0379055014639574,0.08619780378333677,0.052117535855918266,0.08652695341714203
44,0.6601304760963712,0.1385435960151831,0.022070840679989174,0.03561634786185306,0.03666839144061267,0.10697034790599087
45,0.6469182432855446,0.12608281158263537,0.02423716382923099,0.01351823721089677,0.10378178308832554,0.0854617610033668
46,0.7292155893226492,0.08286603466176298,0.014471768189311314,0.023861680409058342,0.1208997665248931,0.028685160892324996
47,0.7822876276521522,0.07309080445869973,0.03448829812715085,0.01485805588492498,0.05646291280055587,0.038812301076516266
48,0.768446517947775,0.11248746071674053,0.031178887904834092,0.011877432568780764,0.03892677898858384,0.037082921873285775
49,0.785861243357642,0.08090729650571991,0.013618675312698971,0.013309601777784754,0.05724435395938301,0.04905882908677139
50,0.142653325733059,0.7496449538804223,0.017958362998123614,0.017313271571707436,0.031784812902461726,0.0406452729142258
51,0.10685848832756013,0.803428340379113,0.012561324864422598,0.01736999404772302,0.030677619485120385,0.029104232896060796
52,0.24534238603156797,0.618087279628032,0.017301823475372066,0.016389275960089697,0.07252269345871117,0.030356541446227018
53,0.0994630004480929,0.7873334414676081,0.018101223620224545,0.020814457388931614,0.03431283248016527,0.03997504459497755
54,0.10192639783930306,0.7962567998579709,0.016012331652486965,0.016357675921662537,0.02408565545569171,0.0453611392728847
55,0.09093149797392754,0.810737226687718,0.009687900784817766,0.02163714713260068,0.026245703740188742,0.04076052368074735
56,0.07876110284023696,0.8054293588161598,0.020307439183274267,0.01774790349681018,0.04325776580731412,0.03449642985620461
57,0.1304613361671852,0.7666102560438968,0.01646985603797398,0.025887674772873886,0.025796751904471962,0.034774125073598304
58,0.16853509900849875,0.7313414225881695,0.012126368504172152,0.008101733612326866,0.04302004060586748,0.03687533568096505
59,0.14493638386958796,0.7531917630132448,0.018499165941874784,0.016609111949268358,0.030219615731831892,0.03654395949419246
60,0.12826637273282915,0.7469553329566481,0.02461197025317257,0.019745869861413804,0.02236807767545973,0.05805237652047677
61,0.167616247264323,0.734764454660295,0.013912241863511844,0.012382278263783415,0.036687618888677484,0.0346371590594093
62,0.13445233590647057,0.7759401516558205,0.011599289807193708,0.016002800906357327,0.037233691315541974,0.024771730408616032
63,0.23999868488656154,0.6661732248675758,0.008972154730005516,0.013221208848766576,0.041867051422662796,0.02976767524442767
64,0.1794900320731929,0.6975673465711726,0.016951675773006547,0.014611374073859026,0.05377034388029916,0.03760922762846986
65,0.17753639742846028,0.7054863835120168,0.01670918378106518,0.024961502077879283,0.03812737040268817,0.037179162797890415
66,0.09978193294619514,0.8104396010395665,0.011860529223233008,0.018460395865747308,0.03393016482935726,0.02552737609590071
67,0.16639212278539542,0.7450319041966983,0.010685701933759024,0.011595803303614698,0.04184548124978693,0.02444898653074572
68,0.19442415974004845,0.7127125203567771,0.01197854076650357,0.009302113434537384,0.04659405910972305,0.02498860659241038
69,0.1393280213010169,0.7659635681861794,0.009543681380145821,0.014739423142180044,0.045823580845280494,0.024601725145197262
70,0.06569625489630723,0.8136293851445786,0.02022824765228491,0.016715609899692334,0.03559167194245278,0.04813883046468418
71,0.09217827470285922,0.8000686739632951,0.02144804524061275,0.01588355220409425,0.03538165051083191,0.03503980337830683
72,0.169687617311055,0.7229190149524348,0.014161687270626389,0.011988105275439016,0.04574199987372146,0.03550157531672328
73,0.14229388518415947,0.7609221307648293,0.010135880435946584,0.010824058356558882,0.040721567730950155,0.03510247752755579
74,0.272629794766665,0.6532265956684518,0.010066171142216454,0.011111798589091913,0.032268304558785016,0.02069733527479001
75,0.12222553337723675,0.768440893954078,0.0155851695287217,0.01011594876962958,0.035421348919722394,0.04821110545061152
76,0.16782570166174157,0.7404817103244229,0.009906239980514604,0.014133512966780715,0.04225934505115163,0.025393490015388463
77,0.14340561166793359,0.7580486558493225,0.01158664948626667,0.012867580909954685,0.03431721557551068,0.03977428651101182
78,0.16776261910213097,0.7486962060120124,0.01255550917341555,0.017784118875056588,0.027402835902890672,0.02579871093449392
79,0.1255031457088459,0.7749334646310799,0.011543204402009476,0.010208326189469718,0.0389140683176446,0.03889779075095038
80,0.1378126163314049,0.7630597335970754,0.015300611601561062,0.019531265605922096,0.02121012991981468,0.043085642944221875
81,0.16928998059788117,0.7221447957033926,0.011016051290265075,0.011896053766117461,0.05746976977252081,0.028183348869822857
82,0.1843515674712425,0.71823490493542,0.014493755741288271,0.01411047070160572,0.040104551265091874,0.028704749885351617
83,0.09283482054119079,0.788328902094836,0.016818067599772807,0.018468741268097846,0.025558898949419564,0.057990569546683246
84,0.2274238009973815,0.6653558316448256,0.013115609791849087,0.012693946724464816,0.06305204510230074,0.018358765739178082
85,0.1242537422437922,0.7896146129705486,0.012735789611985633,0.01842703473620027,0.02726283550952032,0.027705984927952884
86,0.1512262234614775,0.7567938433459962,0.009117664709516096,0.015567236279940635,0.037684871975713054,0.029610160227356467
87,0.11813126030867309,0.8058982258890935,0.009418201488666343,0.016269432168196946,0.026071280924341057,0.02421159922102907
88,0.06541572859916055,0.8142718548172847,0.016168056847964542,0.029235187224808543,0.029385933433571532,0.04552323907721026
89,0.0652697962288107,0.8211281535002781,0.020245171228765034,0.03242990128174973,0.020333003802236262,0.04059397395816025
90,0.10555236581112491,0.7869597780533056,0.017192740313670747,0.019741868772781678,0.016435397245327617,0.05411784980378918
91,0.18123837193155024,0.7171582740493293,0.010948193990108313,0.012992703528659246,0.045869777530034676,0.03179267897031833
92,0.2577912346779164,0.6393089044669092,0.011864350093971089,0.009532683600183821,0.04292785172558241,0.038574975435437
93,0.14446401748760118,0.7471267878358981,0.013255930453974954,0.012384706851396107,0.055948718199140476,0.02681983917198895
94,0.20305561044982634,0.6823545831422684,0.01274401016144786,0.019520169254087758,0.0326974576560697,0.04962816933629989
95,0.07748183693144327,0.8148392825421742,0.0159401163946408,0.021486254160578568,0.02567356869335275,0.04457894127781027
96,0.18264245084283232,0.6942302200473529,0.019328916654709736,0.017990058463536417,0.04531156938258826,0.04049678460898031
97,0.09396353482262262,0.7859597103980918,0.013773953592458477,0.023790240252219076,0.02631019198485978,0.0562023689497482
98,0.12997760641202602,0.7730015553375156,0.015594550120033631,0.017945321960725368,0.019529975087333035,0.04395099108236617
99,0.12629558342732244,0.7685060898778469,0.012009720807441468,0.022861616029961625,0.03440658578973351,0.03592040406769426
100,0.051899210565796994,0.024206258760922052,0.5741264020104051,0.031229588555231374,0.283212825502988,0.03532571460465646
101,0.011422886626326107,0.005887386655426945,0.6431422444514083,0.10710620467497933,0.2030937874535251,0.02934749013833425
102,0.03873127637583306,0.013692506110874747,0.6318084268686832,0.06735233762646531,0.21579534512820508,0.0326201078899387
103,0.025186786012572467,0.014467794402117023,0.6043963323074487,0.06429066097975368,0.26510809894004816,0.02655032735806003
104,0.01809109210049655,0.008240805862840742,0.6947986041509435,0.08167391083057675,0.15712271436401734,0.04007287269112491
105,0.03444507148664212,0.019658993175732355,0.5695935419490944,0.10811353804343099,0.20938520406576275,0.05880365127933749
106,0.09333233939554991,0.02547252958753209,0.6056159833686603,0.07156379835168417,0.17670812563041585,0.02730722366615755
107,0.012565500147661944,0.0055148874825496534,0.7032433250007751,0.08405614592104989,0.16600819862101993,0.028611942826943373
108,0.029569991777907513,0.012080963682271207,0.6282265874171113,0.07299405569813486,0.22847563427915452,0.028652767145420522
109,0.012259737673883258,0.008694108274063557,0.5957797443991376,0.12007163893809375,0.23967733930817411,0.023517431406647596
110,0.23206646527365649,0.05628621240796891,0.36698766522978415,0.05915042380430506,0.2094547027002505,0.07605453058403484
111,0.02496722543182577,0.01179354199876197,0.7126099426844927,0.0975181234236184,0.1324608609848405,0.020650305476460514
112,0.03126976724396469,0.008096894408011238,0.601194152938457,0.10172895509259357,0.23296571991819412,0.0247445103987793
113,0.028611499584639412,0.013593087697511073,0.6084819169487242,0.08354962978771958,0.23845264971967947,0.027311216261726088
114,0.01366144880157048,0.007586677719508849,0.6390042900172211,0.06905265745103366,0.2502917240903597,0.020403201920306212
115,0.026966618439219762,0.013340268042213768,0.6328462640514404,0.0997300685303204,0.1829710256272511,0.044145755309554634
116,0.019677597284552595,0.0124278434302605,0.6411264107473795,0.09031841673301937,0.21567481327301655,0.020774918531771276
117,0.13333497415850845,0.028962349841315946,0.5639673002293519,0.059976116438517704,0.14338570929512331,0.07037355003718254
118,0.02126089959820536,0.005752854956244013,0.6747442996437588,0.09848098807147596,0.17480683290142646,0.024954124828889392
119,0.04456499608626594,0.017978556375373857,0.6639492226410214,0.06826912120504602,0.16896774715496415,0.03627035653732873
120,0.0439618169988747,0.006347819042996877,0.6809623603244143,0.08289505174011944,0.16054172417961582,0.025291227713978792
121,0.04035271822830269,0.005020622311515954,0.4821684847843432,0.12788650984837083,0.31999004684882876,0.024581617978638653
122,0.013315519532586882,0.005040972325971819,0.668496242273274,0.08556613324899512,0.19787176430199294,0.02970936831717928
123,0.05560345323378202,0.027544063420947673,0.6041415552123065,0.06738210853577334,0.132941800550061,0.11238701904712951
124,0.2350531940965176,0.039462777572195046,0.43016112178048566,0.06410863004364065,0.18214169351391934,0.04907258299324172
125,0.06830492274976913,0.03582530073108286,0.5612077622494143,0.07217695646114,0.21763525749612825,0.04484980031246557
126,0.029043231866887367,0.008397537400723751,0.622231876517893,0.09666170925942195,0.2188257491993125,0.024839895755761537
127,0.14943813837385161,0.026307551400677327,0.5264973351619416,0.059289740322911046,0.215271601193555,0.02319563354706339
128,0.05264582626965933,0.017204102733335308,0.6748357843054051,0.04900287975904533,0.1736698327791201,0.03264157415343479
129,0.042866509006072404,0.014829034579877368,0.6308650793456443,0.08465356973362115,0.19131241201097757,0.03547339532380718
130,0.016493656515493848,0.009928626015066826,0.633442777153663,0.08971060140141868,0.2215091223656969,0.0289152165486605
131,0.015972419141339716,0.011562704805451999,0.6880033472961211,0.09913146371434776,0.15541339766227857,0.02991666738046096
132,0.03892725798008375,0.010449576485915898,0.5040558277766262,0.09626566190074261,0.30702045126888716,0.04328122458774443
133,0.025054628846156637,0.014199058394883658,0.6564085499785548,0.1059299300084437,0.16358363874112117,0.034824194030839965
134,0.02906638909498,0.011365055728860783,0.6229652285420144,0.1239749443402443,0.18614692168942482,0.026481460604475815
135,0.08141821933703838,0.020665496619651686,0.4970802971598121,0.05544205456975191,0.2774709036659644,0.06792302864778159
136,0.08419159951070505,0.04455071299368562,0.5568139284413138,0.10518387029878755,0.16902022855051277,0.04023966020499516
137,0.07356500542467118,0.026551754100366063,0.6864001006926947,0.08873275242857301,0.09795793438357601,0.026792452970119094
138,0.012113196872041805,0.005777836043839832,0.6361011535592684,0.07071106670330561,0.24954204616590467,0.025754700655639756
139,0.04238702702240448,0.018906184233311956,0.6477935020533677,0.06621300325581991,0.18949430472657058,0.035205978708525425
140,0.06518931188560256,0.010777806089219149,0.6167611842425601,0.10029848671995398,0.1782924448471448,0.0286807662155194
141,0.020026700961791544,0.012972706039071278,0.6446402721193942,0.07030970793449134,0.2244805157182877,0.027570097226963918
142,0.049643810502764375,0.03049025729055483,0.6436885667875404,0.04743490522560413,0.20182016877115638,0.02692229142237996
143,0.014951493338771703,0.011192412701478673,0.6530399975873108,0.07593822370812084,0.2061904189473256,0.03868745371699248
144,0.04521325983122246,0.03328244395897571,0.5225029135149702,0.07365989650067213,0.2812379484217521,0.044103537772407275
145,0.06102261649923565,0.022410818281346986,0.6684378065094585,0.05023548880096069,0.168480564779146,0.029412705129852213
146,0.06416151423302537,0.011238171053829182,0.6715656485315704,0.07609556980612162,0.12561036343126392,0.05132873294418951
147,0.09044040290609075,0.013321013339831897,0.5801697888379427,0.06840478959281356,0.21022267197599637,0.03744133334732482
148,0.06365120972195022,0.014869982498267285,0.6408172903512848,0.05641288507994087,0.1998731044630147,0.024375527885542266
149,0.018385133892320552,0.008619847899621409,0.6281483788378018,0.08186348138431106,0.24168285861444164,0.021300299371503708
150,0.055271519884837826,0.05807706040913613,0.1051218118316424,0.5457238632025904,0.03145583172908431,0.2043499129427089
151,0.01952787884832612,0.01866125700688544,0.13141472720600794,0.6058408932341806,0.037565155826550484,0.18699008787804952
152,0.04260447239978457,0.02311108588332391,0.0871769614621616,0.5223005665451523,0.04509582124235254,0.2797110924672249
153,0.020262369934581134,0.01861330021671789,0.08678807107888911,0.48855497644063733,0.02226811943063546,0.36351316289853913
154,0.011548940283995932,0.0065996063544759434,0.10273773526768482,0.6323808980923411,0.024858669540451926,0.2218741504610505
155,0.025049704718985665,0.007788819880677283,0.09415345790136712,0.6007373726101336,0.02186893555798455,0.2504017093308519
156,0.02246554739616088,0.011059957583272904,0.10445147821535548,0.5905982104049934,0.03317636551181753,0.23824844088839975
157,0.013112790293758485,0.009896496127308503,0.10015423957320752,0.6298147885724165,0.029851611978170368,0.21717007345513867
158,0.02094277122231346,0.03729327669006163,0.06252369300302728,0.6396871551444148,0.01648406442168348,0.22306903951849952
159,0.020510231409429765,0.01113006529773025,0.06707098827341795,0.6692714073708944,0.0179232024770866,0.214094105171441
160,0.034817477286869326,0.022537616642753673,0.06374963985199887,0.6452447944734465,0.034266085181062916,0.1993843865638687
161,0.0910761955387105,0.032581373427867766,0.09082501710069443,0.6241821338898238,0.020074508115229112,0.14126077192767444
162,0.01963514945950431,0.014052005756377108,0.07553821218188571,0.6599554907613423,0.029016057072429224,0.20180308476846134
163,0.027221888429857243,0.028412870209705374,0.061591580910503624,0.5820392576904877,0.03157460380375191,0.2691597989556941
164,0.03326629475062192,0.03203564537234897,0.09213494107886684,0.6316931667501774,0.038891011690102284,0.17197894035788255
165,0.032777716808763645,0.013762123083168506,0.08906340629172686,0.6845370335503091,0.016758768194235794,0.16310095207179598
166,0.108060115374356,0.018126186307691767,0.07273904130298323,0.5327230927554677,0.021490466045607688,0.24686109821389365
167,0.016599096220152758,0.012118746847839283,0.09566234290816625,0.6075721817317646,0.02813157220495459,0.2399160600871225
168,0.019179893148944714,0.009952446084483084,0.08878489473580163,0.5832261137694367,0.012423026002774375,0.28643362625855945
169,0.015636183460985723,0.013937530886942726,0.07776235692562676,0.654591942752458,0.022968749466182135,0.21510323650780455
170,0.02055731559912956,0.005574261838642738,0.0889435320897074,0.6285919331271681,0.018285774323693597,0.23804718302165867
171,0.01502485902947012,0.0076148953700688315,0.08676101054520301,0.662410388472639,0.024760778698794648,0.20342806788382423
172,0.07242399395691508,0.01935192414321573,0.05582653761223852,0.3636230016046831,0.04049593924464743,0.44827860343830017
173,0.04592175911544017,0.008998021444298185,0.08522296871830523,0.5348167592053813,0.03666817411051953,0.28837231740605557
174,0.019207641793013538,0.010326684974008219,0.09984308599085161,0.5466864478854658,0.02380698593696508,0.30012915341969587
175,0.016901295445953944,0.016548686579132,0.0631714378658018,0.7107377380651406,0.0329656727020252,0.15967516934194653
176,0.042093499276521035,0.014462395125102733,0.09987132480530457,0.5875591729698315,0.03016268807758385,0.22585091974565633
177,0.008410066705315807,0.013753114748252835,0.07709256404097138,0.7085728028088413,0.02756098194743284,0.1646104697491858
178,0.01632437311669433,0.0038054643195568763,0.1172094728244868,0.6645669733070071,0.024536763629255207,0.17355695280299963
179,0.020614968875810047,0.017597503590295792,0.05877331635040146,0.6517833177937521,0.035444271402461286,0.21578662198727935
180,0.1530268166446782,0.02180553831091076,0.06338095732105842,0.3299477057905824,0.04495679612229341,0.38688218581047684
181,0.0371298391942049,0.02171425805276676,0.09980765319429515,0.6115810642638949,0.0376021989267539,0.19216498636808454
182,0.14049742542869287,0.03353762595672989,0.05945623881171747,0.5712395831947937,0.04190112799021855,0.1533679986178475
183,0.015982359147814734,0.008165006441301153,0.07294704160812646,0.5809168898135582,0.02051499014662876,0.3014737128425707
184,0.02064018430430806,0.007483273655434069,0.0839295004441279,0.6592686004346235,0.021106189379155114,0.2075722517823513
185,0.028759761895212295,0.008573606887474609,0.08418102343403941,0.6130534469530272,0.04032972446984388,0.2251024363604027
186,0.01361565290241589,0.010642493555637568,0.08824369699889278,0.6475263042455764,0.02942672608036386,0.21054512621711358
187,0.15224444568132806,0.059962805090844784,0.05182879812312006,0.4964053498368667,0.04193793158852105,0.19762066967931935
188,0.06660673940851443,0.016477287439482086,0.10307208823479604,0.5933878260542205,0.03726547364875853,0.18319058521422849
189,0.017655742584903933,0.009997098529814839,0.0891117878396516,0.5688653722332243,0.028012458363117436,0.28635754044928785
190,0.025333529094795325,0.010162999843529282,0.11552964829104902,0.6854974357637275,0.022785625425011086,0.14069076158188795
191,0.033701258641358825,0.014650719198858365,0.06960529602318624,0.6725122560780664,0.027254584015218637,0.1822758860433115
192,0.013632443979596256,0.008247254003589938,0.10364089180417912,0.6354196931507783,0.016991256513088953,0.22206846054876736
193,0.016434317335975696,0.004919408391784569,0.12677746763111192,0.6010293793576251,0.019600641058084373,0.2312387862254184
194,0.1088513460314139,0.048206341323666434,0.08779380089078946,0.5524392377989003,0.0374062295276686,0.16530304442756125
195,0.0593852058399508,0.016542041826854852,0.08887112470199353,0.6322153699333501,0.026282999468039647,0.17670325822981098
196,0.03216059500854038,0.008272895491864907,0.10571572083237303,0.6414812064422939,0.031147540533400526,0.18122204169152736
197,0.05287631307883646,0.022378662647429805,0.10268867550399105,0.5001135290525147,0.05950888138264953,0.2624339383345784
198,0.00994519883277355,0.006307214768212117,0.13625749411081356,0.6519730181567117,0.02778827796799886,0.16772879616349023
199,0.01570118700974311,0.020328436339115574,0.07349643857252687,0.6687072874140485,0.03191328137197386,0.1898533692925921
200,0.08230736178514522,0.07776107360437653,0.14610417224596287,0.03526217603350587,0.6123997453346623,0.04616547099634715
201,0.03427199284273485,0.022439756659784448,0.3113271169887991,0.03437419021510801,0.58135065393452,0.016236289359053496
202,0.05606691191770614,0.028570690158635774,0.2070061895028375,0.0620868093449489,0.6096321650293617,0.03663723404650995
203,0.030202465837445125,0.017472760197158477,0.21329731870509075,0.026662336454034624,0.6912757325654262,0.02108938624084486
204,0.06083302879048683,0.013567078725998914,0.3384644900336663,0.03646249838140305,0.5335700976162119,0.017102806452233107
205,0.03738551435204881,0.037606681871056584,0.15934058758482947,0.027758225730582058,0.7197790312466044,0.01812995921487887
206,0.03820047395203575,0.019877656831876204,0.1670767734019576,0.026708568308490097,0.7238460460063001,0.024290481499340322
207,0.057205455343045206,0.018567789492184548,0.23371019228485967,0.04139418714347283,0.6277596039357453,0.021362771800692442
208,0.04880057272580656,0.020309244495385577,0.1798036091490734,0.033067521738553055,0.700836795924464,0.01718225596671742
209,0.07554823855644467,0.05435365537391539,0.14536332090787307,0.036161826176244846,0.6574596640900848,0.031113294895437207
210,0.056573587639615085,0.020151918988636032,0.19278257218278966,0.029967870186004837,0.6832292058606343,0.017294845142319933
211,0.028300930993484665,0.017858809215805304,0.22736364370851764,0.029213769569620508,0.68053139962846,0.016731446884111698
212,0.0440187255981125,0.033691300980451123,0.13982136011941154,0.021048429737051705,0.7422270549030608,0.019193128661912216
213,0.06737499417700314,0.02143491184267926,0.29512825166132417,0.08686891480124076,0.4752780918534688,0.053914835664283796
214,0.08600832345693867,0.04575541329097445,0.1724806073607347,0.04291206178586454,0.6168111178676853,0.03603247623780239
215,0.14674317808892343,0.030675774724833023,0.26037931989866914,0.058031072908453,0.4007256570884506,0.10344499729067085
216,0.046042014782062664,0.03119611360145747,0.2568052995201774,0.034696631659588154,0.603556336035378,0.027703604401336544
217,0.12417150299787248,0.07717319473714272,0.17491377282204437,0.03318536863313786,0.5378686642298892,0.05268749657991344
218,0.26962283508331136,0.10528773220428123,0.07873758827465444,0.04120981980052174,0.48019891111417146,0.024943113523059692
219,0.11025820363220872,0.027411116632111338,0.22667317656234848,0.03681749001667304,0.5786402070597815,0.020199806096877028
220,0.17291341806031835,0.10529379768926225,0.16863602664140306,0.058851412298044886,0.4612031623240148,0.033102182986956524
221,0.055004657248895694,0.01700882122120283,0.34441174601516694,0.08045215578530435,0.4337864185932913,0.0693362011361388
222,0.09338907530372775,0.032415344137345974,0.14004477722990336,0.04089008022292194,0.6759286234764137,0.017332099629687233
223,0.07362125451982127,0.018970790845631358,0.19298869364327942,0.03764310712340851,0.6349521950870672,0.04182395878079235
224,0.04865521228967374,0.02096350384231648,0.2351145113419927,0.03310628697823302,0.6390849226969845,0.02307556285079969
225,0.09137231183182819,0.06792810095302378,0.20416844109829121,0.03739042971138446,0.579549171841069,0.019591544564403356
226,0.21686714000756133,0.05510535059145095,0.10934087036500034,0.03936240011196243,0.5481383405124856,0.0311858984115395
227,0.02796992454828622,0.020910938174303187,0.26795508652588357,0.03416440840157664,0.6348943602877051,0.014105282062245155
228,0.03315913943963869,0.04764761136149863,0.16395740452390647,0.040124358362575094,0.6915248562891442,0.023586630023236948
229,0.055199982542998904,0.04047909283064074,0.18853421550831045,0.02654722048573896,0.6632787774565689,0.025960711175742047
230,0.07026179588599195,0.02563423101831675,0.1613259569032344,0.03759520177590242,0.6650335630075047,0.04014925140904972
231,0.037575094357077496,0.01778848185846606,0.29531610176325096,0.022061964910549344,0.6104331327781294,0.016825224332526725
232,0.04790634215864657,0.04324061654347784,0.16511245287595935,0.03205042514394357,0.6886498459243083,0.02304031735366428
233,0.08559895141612495,0.04193954521941514,0.18095511797705063,0.0461493277592177,0.6114252885098574,0.03393176911833404
234,0.029157299866592813,0.02176361114118903,0.19101878319193072,0.04124311603543738,0.6967652387505557,0.020051951014294408
235,0.1391727603781745,0.03686500590425447,0.13376918422286307,0.0538422559402211,0.6038194735825257,0.032531319971961056
236,0.08448593657515538,0.027158059503347952,0.1843679878781796,0.043240581196365195,0.6413686469259652,0.0193787879209868
237,0.030508749706355507,0.0384065315262409,0.16171193473930978,0.024317950480512614,0.7273542932567503,0.017700540290830943
238,0.058406875773305854,0.07179166034992246,0.193813796051251,0.03795878320143193,0.6016037626702871,0.036425121953801654
239,0.09203531069205001,0.03043247252866053,0.5718474092939508,0.07714825225124614,0.1962823807855013,0.03225417444859113
240,0.040727570291874855,0.0627981859780541,0.20654906962796657,0.036462497141616514,0.6382984233671908,0.015164253593297114
241,0.05305666182663386,0.012727403058167481,0.2969088411730069,0.041737163362512694,0.5719485325610887,0.02362139801859036
242,0.0322649950732288,0.020696232787795525,0.42417217703465043,0.04452556606084612,0.45350568300605915,0.02483534603742005
243,0.0333291222480334,0.03310018420837848,0.17987561861027188,0.034609288621086275,0.7009427261695783,0.018143060142651705
244,0.032871257623543634,0.019265799218434083,0.3297119479443341,0.046213706573324353,0.5477557511332556,0.02418153750710805
245,0.060139533795145333,0.024122875275098588,0.16011098558710601,0.04106556116587959,0.6875062856793782,0.027054758497392157
246,0.06341518706470728,0.025036393568567464,0.1381591960085444,0.028035070472032336,0.723253325180273,0.022100827705875657
247,0.09169433802042155,0.04488689935616831,0.16374074720723492,0.04184264549428359,0.6350660002477941,0.022769369674097494
248,0.057608132906333105,0.027066840248733137,0.21085707497001233,0.02277894504195155,0.6575355401016799,0.024153466731289923
249,0.08731093325399054,0.04324818223546631,0.1466134857091469,0.03629972748460031,0.6737099720861651,0.01281769923063079
250,0.09122182834227721,0.02506060413170197,0.027588851106773477,0.17824696866638035,0.02485230307344194,0.653029444679425
251,0.08911988380437705,0.03468027323431953,0.06253375905223615,0.2911656076476682,0.06349777349813272,0.4590027027632664
252,0.09423810837274228,0.024556771437921,0.04722232373470758,0.2273065191359654,0.020776001250574654,0.585900276068089
253,0.08377974200857595,0.024980319899074323,0.04539301898868487,0.18034971813289577,0.02867587682153751,0.6368213241492315
254,0.0681872036868092,0.031412754183872474,0.0314995314061582,0.14246333435337413,0.03243429277989854,0.6940028835898875
255,0.07204312900801277,0.06312754617362457,0.03463065393343918,0.2012554751407599,0.029040184610235668,0.599903011133928
256,0.07519706082510051,0.04525754599767239,0.0483054129302473,0.21753469373295659,0.04235573572311127,0.5713495507909119
257,0.04745409251527252,0.016657744063060906,0.03295539628811717,0.1905554153320373,0.01724749991370172,0.6951298518878104
258,0.08027775678451096,0.01596909866515307,0.09584030940708536,0.2791988557594491,0.06936886979351348,0.459345109590288
259,0.05841212451053829,0.02826328580353228,0.05446120450898021,0.16050139896593157,0.047988820420149264,0.6503731657908683
260,0.04214282032849224,0.017142535386853012,0.03432097926029431,0.20090634460768234,0.018559862532247895,0.6869274578844303
261,0.33553956931166545,0.04372100133357478,0.058810500541502664,0.11613874237828398,0.04130112478752016,0.40448906164745296
262,0.04809796972171655,0.01925163210564082,0.0414767275556366,0.34961109797980067,0.01622741811460484,0.5253351545226004
263,0.05912014216431384,0.04241274175459765,0.03878703505039878,0.21432777676812037,0.03146246226343063,0.6138898419991388
264,0.089619715679716,0.04215989069199167,0.11067347648890387,0.3141563589938112,0.04605732456124157,0.3973332335843357
265,0.13296920116748415,0.04511631184982517,0.04570804095516813,0.22640983483822913,0.03256970138284474,0.5172269098064487
266,0.034966612151007805,0.03089421705319541,0.03205664723768974,0.19792501544101163,0.03196839150992518,0.6721891166071702
267,0.04167503857996116,0.03753576259179042,0.052904945785648076,0.17956998868066656,0.030527403509157433,0.6577868608527764
268,0.05295463522760681,0.03763927674646707,0.03839038884108286,0.2641228536231155,0.025907322294329044,0.5809855232673986
269,0.05162207547579682,0.03664335301924763,0.03352016745302345,0.22502100527135124,0.015244324758951459,0.6379490740216294
270,0.06879723245101323,0.025329141723096894,0.03642292467174389,0.14200034147368282,0.030614013375417873,0.6968363463050454
271,0.050197548718047005,0.019781774504024213,0.04209154204370535,0.20936030623458063,0.034428116213691656,0.6441407122859512
272,0.19400760342891032,0.06023486514925025,0.03457923089961604,0.2187604232098829,0.03496334433691664,0.4574545329754238
273,0.1357136720659033,0.04545200311658508,0.06511339957933635,0.26732231829788944,0.06806451953598407,0.4183340874043018
274,0.0542391024064756,0.01690498696183494,0.05373356364710815,0.3936563692951967,0.037877097596552126,0.44358888009283254
275,0.07487470572930248,0.016110862161080795,0.04933027551790604,0.2379523288775753,0.02480726163471608,0.5969245660794191
276,0.07700971118907779,0.03025294530983814,0.054944020717324044,0.18064179791667764,0.02090561380099662,0.6362459110660859
277,0.0315483997599406,0.047699623686075616,0.07384814813690939,0.23150683553957455,0.039818810672897116,0.5755781822046027
278,0.08864635537286013,0.044171894165510234,0.09779700443253958,0.4579910441103567,0.06194367559709393,0.24945002632163954
279,0.028543005624694303,0.015775829483665304,0.04713002524987119,0.38661364778987234,0.021693878874022587,0.5002436129778742
280,0.06601718833614943,0.01763812715453147,0.039310492678941635,0.20044652233659305,0.03905524292039913,0.6375324265733854
281,0.03873756888418004,0.027883564150508904,0.041876094279617776,0.18616963171083487,0.01924391768634148,0.6860892232885168
282,0.10395443864246827,0.03364206783263942,0.07538770727410156,0.3462607598092168,0.025396625830160172,0.4153584006114139
283,0.06573535759133786,0.03158900659608352,0.04082906511930449,0.21351059918273144,0.018845621841846613,0.6294903496686962
284,0.06910668606932392,0.01656313352404151,0.048210112574466564,0.2455062746501711,0.019722304706655185,0.6008914884753418
285,0.04340640884419203,0.01856264728300396,0.04128505264270572,0.20377941799095886,0.01924194267596735,0.6737245305631722
286,0.03913054756087208,0.02898000015195381,0.03772804193337205,0.2046416627975955,0.019956163055733698,0.6695635845004728
287,0.038083193858834595,0.02144725535603766,0.050545078370311275,0.5136045539225061,0.03590231449076935,0.34041760400154103
288,0.0615098318558911,0.018248863271640537,0.055244636781294154,0.2780176251845771,0.029268162287620844,0.5577108806189763
289,0.059138407057465626,0.019552285097643795,0.027988788326708893,0.19874175493740875,0.01802807925156899,0.6765506853292039
290,0.0655883884476334,0.020265259703861095,0.04433346714751674,0.22831703775132464,0.02365472792068093,0.6178411190289831
291,0.047789794330680896,0.02660433282128524,0.029032409601625987,0.23695689937505712,0.018237421490416766,0.6413791423809339
292,0.06346211433281272,0.01824676736583394,0.04820470957212422,0.19842910211621392,0.021089016732241363,0.6505682898807738
293,0.08495541347452738,0.015307618425580056,0.04742675371215938,0.49778187667046564,0.021973431814027927,0.3325549059032396
294,0.048042556041658885,0.02786257890368539,0.029633296430474923,0.26916194721542397,0.014772844040689619,0.6105267773680673
295,0.1548801624812278,0.019798060290691633,0.038671981525928364,0.20568445765961516,0.028860618955853342,0.5521047190866838
296,0.049893582614602416,0.03174714539353839,0.03306463655036777,0.2119897602820018,0.029544052826417474,0.6437608223330722
297,0.09372298252946717,0.035390576110554246,0.06521541972789274,0.24729014270371927,0.017538606557555066,0.5408422723708114
298,0.0674172460202942,0.038405382836006675,0.06561817969504144,0.36485249203066195,0.03696864046055678,0.42673805895743905
299,0.06205371009021712,0.018548311052166918,0.037157192200014906,0.154106630571625,0.024542184466713923,0.7035919716192621
