,proba_0,proba_1,proba_2,proba_3,proba_4,proba_5
0,0.9826553294854702,0.003414581047188999,0.0019442594855790237,0.003374956274701846,0.004118221925429067,0.004492651781630921
1,0.9510662047985793,0.010044225063684605,0.010890651381648239,0.004360696754068429,0.020237101622907306,0.0034011203791119516
2,0.9748345417350333,0.0053428427179266404,0.005709966131819794,0.004530423040230812,0.006433929208866515,0.0031482971661227492
3,0.8741704141062404,0.03520591647689871,0.015531480847283183,0.02522314489694725,0.026857388512482844,0.023011655160147394
4,0.9180105452348211,0.018834735024696722,0.00916935209032175,0.008428346984295735,0.027683060235507817,0.017873960430357036
5,0.9759470266674379,0.004911421639649513,0.0044473758077887395,0.002031240141230591,0.010542985790808493,0.0021199499530848965
6,0.9500589557322789,0.028281845166177474,0.00317771970368363,0.005739152044463912,0.008463003618288532,0.004279323735107114
7,0.8823778619682745,0.0692590493907504,0.008988426732305889,0.010931926022201643,0.016053801500686624,0.012388934385780714
8,0.9649846166330315,0.010022462246426098,0.004849601690639888,0.0043939226260308484,0.011044993097563665,0.004704403706307724
9,0.9784568736024691,0.010839640705921178,0.0021722885874454487,0.0012629514473054234,0.005829600073702911,0.0014386455831559748
10,0.9179633366873297,0.013368284444916074,0.00800821060802532,0.014531810426370705,0.02242056580281747,0.023707792030540933
11,0.9013026901385119,0.021328624208837927,0.028296925837718197,0.009691031430986439,0.026503632177411574,0.01287709620653403
12,0.9790341171058352,0.007383335111082172,0.0025302135161034494,0.003894135013919966,0.004230497998770742,0.0029277012542880485
13,0.934720358170401,0.04200332488524714,0.0043923553037358894,0.00417135240107734,0.011149259604261713,0.0035633496352770384
14,0.9594816039431991,0.010103330196454194,0.008646554761611686,0.0029435632797094225,0.014728329909496442,0.004096617909529523
15,0.8888948924868272,0.028628699319159814,0.011533260331597328,0.010389355507077725,0.04370277016318119,0.016851022192156694
16,0.9456508109900099,0.014990662439776113,0.01052209811602513,0.007439234511389807,0.013004795966646332,0.008392397976152674
17,0.9582937008138869,0.015249400659456886,0.004594509250077367,0.0062514157320982065,0.011758635003906021,0.003852338540574848
18,0.974316066315409,0.01582525535855895,0.001840003431683578,0.0020831613373668476,0.004229520374810966,0.001705993182170822
19,0.8622738374341735,0.08377869863262721,0.008868692529905653,0.008081848621012033,0.025849288764219852,0.011147634018061769
20,0.861017697843343,0.032943233153288634,0.014198522710340063,0.028792022237993733,0.021662067740205463,0.04138645631482911
21,0.9639593209316102,0.005197128065333241,0.0020696212402442514,0.009926782432427604,0.0077704394809963995,0.011076707849388351
22,0.9722540126949607,0.017394631432626952,0.002076428994013693,0.0015879172549513757,0.0051707728095622294,0.0015162368138849584
23,0.9773428658964088,0.009649688219377759,0.001875458985353407,0.0037474229950654014,0.003568274407037555,0.0038162894967571693
24,0.8364916353855528,0.07755272467262762,0.049247885459512135,0.0074275045467645795,0.019080742367607272,0.010199507567935645
25,0.7364443456672979,0.03402960576268888,0.13508895949173033,0.020057239268398138,0.05689825396814529,0.017481595841739177
26,0.9844152907193497,0.004860790624949804,0.002943543908437671,0.0017896932485312856,0.004001029793835888,0.0019896517048956955
27,0.8911369332217546,0.021229651571618793,0.008319568982298194,0.04078514218575811,0.01542977891138895,0.023098925127181428
28,0.7898101510109824,0.09865198073536528,0.02719709174554716,0.03544741742655898,0.03041171768750275,0.01848164139404298
29,0.9606351084520306,0.008586673554844472,0.01034049999486119,0.0030580160727503827,0.014217180917014774,0.00316252100849835
30,0.9738375965675409,0.006012412080899572,0.0059184124239157546,0.002643072896453397,0.008421337214103064,0.0031671688170876277
31,0.986408519670765,0.003557346187720197,0.0017160984461218763,0.0014745521603514555,0.004571175274291517,0.002272308260750161
32,0.9302220296982974,0.017273645234469812,0.01108416153091461,0.008081859436906074,0.02154658188710025,0.011791722212312158
33,0.8843634252354644,0.024741778853889486,0.022514942132614995,0.015117472777345,0.03718216173629296,0.016080219264393125
34,0.9492787403954269,0.011971185251818442,0.007626184515300193,0.007086858018026381,0.018591839192590446,0.005445192626837619
35,0.9753423415951346,0.0042895305542107924,0.002469829729899771,0.004205165407242451,0.01005355518194134,0.0036395775315711566
36,0.8695660980268178,0.024190745117439717,0.028977672659616194,0.007574849868304438,0.05637713163116501,0.013313502696656633
37,0.9608128000042918,0.012582467160714548,0.003207573004448948,0.006176000698614727,0.008627705118777163,0.008593454013152957
38,0.9073493477608559,0.02381558035308874,0.01944561036505074,0.005503321464817565,0.03877366683536437,0.005112473220822611
39,0.9466200387092846,0.008445916719673673,0.008717321952412132,0.003372262906576857,0.029155373657407595,0.0036890860546448735
40,0.9141326395629454,0.016882323278131012,0.004630854973008929,0.01961098686104308,0.02194799819801052,0.022795197126861462
41,0.9707297053840507,0.004394178601630601,0.0030709551922750503,0.004742515689596555,0.012436954021811011,0.004625691110636229
42,0.8428932985878259,0.027480443653574656,0.049724667018893345,0.01231143232537271,0.055321084607836836,0.012269073806496552
43,0.9416136987698968,0.01551226096495151,0.0036339184415188114,0.010540336588971556,0.011481090987815397,0.01721869424684621
44,0.9123649606432196,0.04814341482327122,0.008885791816907856,0.00394494406622309,0.020616528665720484,0.006044359984658014
45,0.8640515341923918,0.019271430470854993,0.03741322750647026,0.006934172755243481,0.06269034586932819,0.009639289205711195
46,0.979801848739971,0.0036391948594470033,0.002260571621586597,0.002824054148668609,0.00837741431656478,0.003096916313761693
47,0.8386264991047754,0.019443901566509197,0.06334057950495184,0.009873115174503354,0.05748593404467622,0.01122997060458373
48,0.9781647903779216,0.008255448277849223,0.0022071012154623927,0.0035037136921174067,0.004460450242830484,0.0034084961938190645
49,0.9804854230636375,0.002705490902153045,0.002316286073606819,0.0034929051726425397,0.006314619577210732,0.004685275210749187
50,0.013096543449603263,0.9549660777756345,0.008115202410952262,0.007338729354414146,0.0073576178211585234,0.009125829188237598
51,0.008963723064983395,0.9622273738555367,0.009825951988759324,0.005255002543610194,0.007001617817073098,0.006726330730037111
52,0.07849503567980302,0.8881457020963888,0.00700550390984452,0.00784497660813849,0.010764515975797173,0.00774426573002809
53,0.08168295282838316,0.8537375711945541,0.02164318649474213,0.00802267764956389,0.025168851248882157,0.009744760583875096
54,0.04902429719930241,0.9206735516273814,0.008165354914975378,0.004724631059674249,0.010360575967909994,0.007051589230756063
55,0.019045855804678782,0.946206382275088,0.011356024923485605,0.005603575386085564,0.009726823116499536,0.008061338494162814
56,0.07789104391716443,0.8146515648371201,0.048904586423720316,0.010345354342068997,0.03445877232194143,0.013748678157984333
57,0.18163736825372523,0.7515332599987339,0.01597882451988326,0.014288145548399892,0.018195795539978687,0.018366606139278784
58,0.031133779483284964,0.9375352004385316,0.00922372026443955,0.007164489014954418,0.007399935279730942,0.007542875519058746
59,0.14957142087061343,0.7753697932632517,0.027610672367071806,0.009638477699277082,0.023311670931130214,0.014497964868656002
60,0.10027792345616576,0.8538343697496049,0.00940292764370088,0.00990648268085809,0.012439789939639498,0.01413850653003085
61,0.01214460622601677,0.9380740486509306,0.01296999537653713,0.012748403115345879,0.008831443323553359,0.015231503307616006
62,0.016643500059822704,0.9525071889169863,0.006265292952432333,0.008253918170955827,0.007819321516759648,0.008510778383043564
63,0.13990161505579182,0.8085466299702658,0.01242738941545496,0.012398544323202356,0.015541033148252826,0.011184788087031888
64,0.09172633537164855,0.87962524040758,0.004781101410767663,0.008033711748253328,0.008584126466056507,0.007249484595694133
65,0.019137463006315438,0.9440243582045296,0.011696285666014604,0.008479509586344226,0.009346396034203204,0.007315987502592908
66,0.025207756720995803,0.9357940699481851,0.011845410693090992,0.006188086991857437,0.013686202612067466,0.007278473033803197
67,0.02475744911629077,0.9300891614131784,0.009167414751478812,0.01326916195805402,0.009458892356361511,0.013257920404636513
68,0.11718576821645801,0.8565115780845693,0.00544614556948382,0.004665333219709924,0.011659749364408747,0.0045314255453694765
69,0.01323847544548809,0.9661934446063714,0.0048612806651851075,0.004873612573528935,0.0061828171911796105,0.004650369518246678
70,0.08291298807840884,0.8476502140359999,0.023698410896722925,0.009320469152163354,0.023464393060128597,0.012953524776576493
71,0.07933273214472557,0.8148788244383307,0.04112488533034811,0.014529794546506665,0.030960196077538648,0.019173567462550098
72,0.20072074802751547,0.7725732902999809,0.00383772062011217,0.007138687609415837,0.0092092031514116,0.006520350291564114
73,0.013922472344318938,0.9573060651066908,0.006292185036645245,0.008625276203069897,0.0059975295673705175,0.007856471741904358
74,0.042852051772342956,0.9334558880426228,0.004241581203276273,0.008064902220089543,0.006323355459473364,0.00506222130219538
75,0.013402683676274724,0.9515719295170377,0.00754919587068311,0.01109630370852609,0.006094296193468388,0.010285591034010081
76,0.015491167277621265,0.9450567284315561,0.013348406198291845,0.006612277933467983,0.009419349183682675,0.010072070975380341
77,0.019924291645698144,0.9472627090398894,0.0067101138436574176,0.008180541327056786,0.008924359475812011,0.008997984667886278
78,0.008500079281435334,0.9442820103682157,0.0203726259629336,0.007502387853096263,0.009614108177619917,0.009728788356699202
79,0.01078648622998092,0.9506621550693296,0.007158339026554296,0.014362049954910609,0.006222665833831354,0.010808303885393099
80,0.060514904563366036,0.9083161031423085,0.009643113749919573,0.0049926469357731125,0.01081684862547871,0.0057163829831540685
81,0.061013190048613705,0.9177241285836576,0.0051236634782367415,0.004234598998461799,0.007873290098501462,0.004031128792528512
82,0.016679819870348892,0.9549880155687431,0.007515779405264068,0.00622652525237102,0.008046114299995688,0.006543745603277078
83,0.13890210939077252,0.7559840673275641,0.03290266147749802,0.021343812119476873,0.026423735842404383,0.02444361384228443
84,0.10107791813743226,0.8694695332180515,0.005831831703349982,0.006493059983497155,0.011353031609300651,0.005774625348368321
85,0.006773636485660518,0.9544792318455806,0.005854985103709047,0.019100262260537827,0.005469836363837734,0.008322047940674312
86,0.024173235908342267,0.9366431329574094,0.00849323638104369,0.00998221742260153,0.008754578131377167,0.011953599199226167
87,0.014659009165130663,0.9622761665587578,0.006980165939647851,0.00333341333736619,0.007902559076022808,0.004848685923074472
88,0.10585210357626282,0.8348729184897085,0.014926692733597589,0.010978953314738717,0.018802157660171688,0.014567174225520708
89,0.023937359471715464,0.9348140338448375,0.01049336635888241,0.007852986789452069,0.01125360036245766,0.011648653172655433
90,0.1470926462012256,0.7906726333939086,0.02215560375757252,0.008095827745624777,0.020579687956306072,0.011403600945362843
91,0.021951074638944853,0.9561404199009798,0.005352597038675239,0.005381940310362553,0.005964993487864069,0.005208974623173788
92,0.2062238535196383,0.76065328833062,0.005048114433386674,0.00975558148350325,0.010881874869424114,0.007437287363428085
93,0.025955297334204454,0.9314440261268442,0.010508681354603363,0.01536557603863845,0.008778429383393333,0.007947989762316428
94,0.25137077972221455,0.6643820663713444,0.009001558816986464,0.02990392617522752,0.021844318610113916,0.02349735030411302
95,0.022973015135691565,0.9426641536962607,0.006483573142231139,0.00822550907551114,0.00887855253319628,0.010775196417109506
96,0.41301329627595107,0.5379814243385976,0.005795388884317157,0.012547810084650956,0.019451966299280882,0.011210114117202274
97,0.10979962238414812,0.8166455906286556,0.022143562696601973,0.01113722670208238,0.022490168369359655,0.01778382921915173
98,0.023855177097518002,0.9413714344849097,0.009789543448157075,0.00672295575075592,0.009521495743404374,0.008739393475254717
99,0.030833349833587275,0.8924706322017268,0.011294893695557341,0.022220676080498603,0.014611366284346743,0.028569081904283294
100,0.028198215986948456,0.015552029315672407,0.9093362982303702,0.012125662450360186,0.015926654425394194,0.018861139591254104
101,0.001576545679380782,0.0009952771032522565,0.9905980252631146,0.001701190067024718,0.0010600597548648557,0.004068902132362781
102,0.006690849210597544,0.0032526755649165207,0.9584760344095764,0.003499564117004473,0.02173866017688719,0.006342216521017754
103,0.007103316500960923,0.004096498794232843,0.9687564952776959,0.004258015260149837,0.00850682270972268,0.007278851457237604
104,0.002078861765760067,0.00168189005831629,0.9903455834250304,0.0016631433175745614,0.0011293690734577142,0.003101152359860641
105,0.008743480992418503,0.004090734950363032,0.9656000751510778,0.004542436245143653,0.009406307923850572,0.007616964737146712
106,0.02229673442702933,0.011528536646294938,0.8373422838972656,0.014770761751074061,0.096179625112991,0.017882058165345133
107,0.0016066277133573105,0.0008389324583807826,0.9897932556856478,0.0021377098352379203,0.0003041297620654461,0.005319344545310473
108,0.00338351107819036,0.001685581884249624,0.961421789760773,0.002421126389483373,0.026811756254530403,0.004276234632773225
109,0.002731917148719063,0.001245467734075502,0.981653182303153,0.0033399060801889303,0.004213096469451502,0.006816430264412015
110,0.21523001971813838,0.029701519239671192,0.4703368081612184,0.01740934357289602,0.24316335053063937,0.0241589587774369
111,0.029895116389894345,0.011181910653053134,0.9318762460736044,0.005765811721464663,0.012990804628556398,0.00829011053342729
112,0.003161430617828068,0.001400921479813276,0.9810769670027167,0.002635293978629945,0.006419857038528168,0.005305529882484139
113,0.0027910861118483265,0.001937902287110535,0.9869271406863565,0.002214522014663201,0.0021601255732805053,0.003969223326740917
114,0.007239520088318372,0.003255226196389223,0.9765743087138519,0.0042997284327097205,0.0017909802702880764,0.006840236298442518
115,0.004026944973904791,0.002946039682829858,0.9827759065980466,0.002748638225763802,0.0025553777067223674,0.004947092812732759
116,0.006972947097511722,0.0035325054303653966,0.9711160793858242,0.005470474280625933,0.00256908645737797,0.010338907348294771
117,0.023049656973536493,0.01550662261273209,0.9061775325186328,0.010938240229514843,0.02549648234172662,0.018831465323856923
118,0.0034391278175530953,0.0019004611585775172,0.984289237033406,0.0027315757027828293,0.003322390231652706,0.004317208056027527
119,0.007559268655550991,0.005294738805087197,0.9496131348309355,0.00691573243452006,0.013807857006656842,0.016809268267249777
120,0.013244891221169494,0.0049845978193957296,0.9615710217714527,0.005496246089979432,0.00611379638397437,0.00858944671402845
121,0.003813064383708404,0.0012841669213491946,0.9533346447440711,0.0025557326569360024,0.03495311471544166,0.004059276578493967
122,0.0014150167888785565,0.0008179901497363812,0.990003479302937,0.0018417816699087862,0.0007602051368082693,0.005161526951731019
123,0.008227845242352344,0.004625882049513268,0.9432558482629572,0.010291811315026047,0.01049326206332508,0.023105351066826374
124,0.18620948182168287,0.02859076046156074,0.3896720189766527,0.01749586831025915,0.36071511111391635,0.017316759315927716
125,0.05525282458666788,0.027433155314034542,0.7696514976955865,0.018954326873115167,0.09886539807596637,0.029842797454629366
126,0.0024643297684678787,0.0012061139489598636,0.9885800189459226,0.001777425971889789,0.0027695754680452556,0.003202535896714739
127,0.4041826628726147,0.0692847068623559,0.39705846181487137,0.018400728193776843,0.09515410253953396,0.01591933771684725
128,0.013106142503095542,0.008020995810725922,0.9292924850776372,0.011968057655309512,0.018842931181274575,0.018769387771957174
129,0.06669407421131224,0.022207977926945458,0.8256713572994325,0.019197705450748424,0.04496226531432915,0.021266619797232295
130,0.0037167259314972254,0.0022349498232027113,0.9816644138114038,0.0037479509004363556,0.0018029269462538169,0.0068330325872056905
131,0.0027076654506884073,0.0014226844225934017,0.9879746383720789,0.00219343899447274,0.0012048682465010826,0.0044967045136658735
132,0.004036624239005125,0.001733706808345974,0.9500845433660597,0.002523269260696059,0.038085214294622846,0.003536642031270266
133,0.01661752482829081,0.008270033863461104,0.9519137035376614,0.005882039544537159,0.006427341277789831,0.01088935694825952
134,0.0045163429473767825,0.002287922399902397,0.9363148082773208,0.003415118992323378,0.046865325128546804,0.006600482254530014
135,0.010926659317566869,0.00538345342444318,0.6795006759821597,0.005478652401327556,0.29130592509555636,0.007404633778945895
136,0.10599301108423063,0.04594585312978334,0.7048811937321432,0.02106739029283332,0.09582574440799467,0.026286807353014967
137,0.11127090117608719,0.03959555272945689,0.7656447704078145,0.014370337320714851,0.052094950183196854,0.017023488182729425
138,0.004047255983285261,0.0016749310248958071,0.9786120247400873,0.004874666119956483,0.0020984959482152226,0.008692626183559742
139,0.011736274702328782,0.0046622698055521165,0.9503411546716583,0.007174623239078249,0.01427142677488093,0.011814250806502023
140,0.008648540841626152,0.003795405581936041,0.9502933496008572,0.005440679483002532,0.023412200909913163,0.008409823582664892
141,0.006980336798506074,0.003754211845893967,0.9736886070287312,0.004902859164000142,0.00257856142557003,0.008095423737298376
142,0.08053502073366459,0.026238676326666443,0.7853738530827199,0.025208599948669086,0.05207910029332792,0.03056474961495237
143,0.006501434284526042,0.0036026518822729753,0.9779063833587199,0.003338830941052788,0.0023160642386602344,0.006334635294768042
144,0.018815979843042816,0.00775468934502553,0.9279365789927357,0.011163854340614067,0.014880412229077144,0.019448485249504918
145,0.015455614448113187,0.012891403828725861,0.9349817618742056,0.008954910520970555,0.01157416339818813,0.016142145929796604
146,0.029109444361900317,0.011568139976882077,0.9114885178460054,0.008333450443664079,0.027070436066657856,0.012430011304890166
147,0.02579823597207691,0.007431729803495932,0.9079440918604146,0.007471058479609956,0.03867452392764063,0.012680359956761696
148,0.027515398535568718,0.01395491009418416,0.8996827399509998,0.012423139883206858,0.02737637391224614,0.019047437623794496
149,0.00409499543864633,0.0016582920956759737,0.9770442118980306,0.004910281025270529,0.0028826563926905207,0.009409563149686039
150,0.01733482200684232,0.020086089643448813,0.004710768584464475,0.9330008872289954,0.0072274929067072105,0.017639939629541676
151,0.0023909130462415724,0.0025061778561837936,0.002713616794697082,0.9353196665110759,0.005729878893670688,0.051339746898130915
152,0.003840635636114705,0.0032681100732766745,0.002803096996516371,0.8823173955944514,0.005940303929870398,0.1018304577697703
153,0.006580970499027617,0.005062413026656065,0.00480600921034468,0.9397431466014715,0.009882087910107688,0.03392537275239233
154,0.0013079107713883,0.0015286043603748548,0.0010580272746243055,0.9931707032273395,0.0019597542823351164,0.0009750000839381595
155,0.0013520907189407596,0.0023111297384259075,0.0018501785268419094,0.9889678606905693,0.0030708567301147736,0.0024478835951068944
156,0.001595876802251587,0.002887663608085714,0.0021187662835462848,0.9884471168793801,0.0032782795197146865,0.0016722969070215516
157,0.0010294475527935923,0.001471101606698963,0.0018901666246858202,0.9911033102696521,0.003995592385287577,0.0005103815608820023
158,0.012859202061592115,0.012511988460187378,0.004108661650668573,0.9409341423232943,0.011166857623798081,0.01841914788045948
159,0.0031095859215855147,0.004211115401564366,0.004159558967217878,0.9769603749934018,0.007915729356986997,0.003643635359243342
160,0.002492826594173453,0.0038680805227000554,0.0019654964163617348,0.981924456401574,0.0031565366044664623,0.006592603460724339
161,0.04425066521424941,0.037989790728315646,0.006260126213886648,0.8043360800899364,0.01221751430370644,0.09494582344990535
162,0.0037033285937212996,0.004168828451412677,0.006056845442683608,0.9735734931806843,0.010333832607040428,0.0021636717244576057
163,0.010601065209617224,0.008727073295880766,0.011765916353364663,0.8318365476322571,0.022457275464378992,0.11461212204450068
164,0.015319111213236107,0.017319785971179412,0.009089851491140272,0.9388457053168029,0.011829085869397887,0.007596460138243586
165,0.00981402300100359,0.007618379642807382,0.004026588639850439,0.9577368394256469,0.011101393476616955,0.009702775814074742
166,0.01998795522776411,0.013614892775146718,0.0031288102836967585,0.8820897521137187,0.007178894124065037,0.07399969547560883
167,0.005010411226651835,0.004902419943757868,0.002542303344641119,0.9579241078878845,0.005194663992539735,0.024426093604524787
168,0.002006702465004346,0.003363101938106166,0.0009597675894522465,0.9715104040774623,0.001970355820205506,0.020189668109769174
169,0.0022891718470298,0.003398277945702886,0.0014557337391705991,0.9696179933460485,0.002706325317391829,0.02053249780465629
170,0.0009845655596979065,0.0015651642560391005,0.0014141494099202628,0.9932404137196964,0.0021250262477898246,0.0006706808068565913
171,0.003002037213992054,0.003611259294559554,0.002030032801017521,0.9863211004218212,0.0028315837450864256,0.002203986523523514
172,0.00658010601873534,0.005172728015752422,0.0015991110993262806,0.7643095398218545,0.003117730355546908,0.21922078468878448
173,0.0024300258294485413,0.0024296038620116177,0.00270902291696696,0.9730795316565019,0.0048808490451866535,0.014470966689884415
174,0.0017489855419974003,0.0016843177570368098,0.0014305124133320844,0.9740174458738984,0.0028277600630705374,0.018290978350664757
175,0.004037617082563085,0.006359261167317467,0.004106785441829062,0.975321409384886,0.007064029465792082,0.003110897457612342
176,0.027831528282015915,0.018292600187296164,0.004088162089641428,0.8926244632850362,0.008613786276377879,0.048549459879632634
177,0.001011079259010876,0.0025844821929532067,0.002292687588666713,0.9905393858763927,0.0031400814675393066,0.000432283615437106
178,0.0009915183536661426,0.0012766216184825951,0.001929641763384214,0.990522024371523,0.003986827559113545,0.0012933663338305101
179,0.002273389177880966,0.003052715935027959,0.0031305153446287595,0.9836983152888665,0.005257956356115821,0.0025871078974799844
180,0.09334229411246453,0.029535654182065867,0.00513963822223652,0.4510888961195977,0.015462794246157029,0.4054307231174781
181,0.008544032464302331,0.015052660936127669,0.0062547145577297,0.9480059422302249,0.008199075556996437,0.01394357425461884
182,0.03249851152043633,0.03530608523194611,0.014758270494348545,0.8290384336474748,0.024129115133787637,0.06426958397200669
183,0.0015078453466051546,0.0023603565171710136,0.0016630263086036831,0.9779656772829969,0.00351607857995893,0.012987015964664806
184,0.0016980711310734147,0.0021138894163524476,0.0019398380439277583,0.9887479051555075,0.0034436661494293965,0.0020566301037097706
185,0.0028249376903478453,0.002259660670472681,0.002044850191385357,0.9085765318812065,0.005789456353866606,0.07850456321272103
186,0.001285591644391741,0.0025244202850552423,0.0032763752267780622,0.9871711296154201,0.004376546101779672,0.0013659371265753205
187,0.11839825859357517,0.04560564370025372,0.007679164713941015,0.7111492278539883,0.019042246969468556,0.09812545816877338
188,0.024998840655765332,0.018237234004278208,0.009115534068206619,0.7971229018545279,0.02053424414013923,0.12999124527708317
189,0.001797988639083208,0.00215425138513547,0.0018216429140958934,0.9752164943135958,0.0036927842111667128,0.015316838536922669
190,0.004618707442491892,0.00736053270404722,0.0037624831002285183,0.974110210403583,0.006999474155404844,0.00314859219424448
191,0.008643624846642824,0.009954926842443236,0.008094652370839598,0.9443674691850578,0.016937366622496015,0.012001960132520648
192,0.0018148785488400817,0.003100344257893904,0.001570300726088911,0.9783566931541353,0.0026579409971356554,0.01249984231590611
193,0.0009075297549855435,0.001201456258303377,0.0013838952210417385,0.984710551503444,0.002631012442147142,0.009165554820078036
194,0.03507434068096083,0.039064021261945685,0.0036115990770882846,0.843199579557049,0.0052350806993167924,0.07381537872363954
195,0.010609076431122862,0.007707951322441091,0.004147819440822454,0.8602974427745402,0.007807554616958229,0.10943015541411515
196,0.007095087717336109,0.006210118719353206,0.004827684245972271,0.9667096174980969,0.008562732811518254,0.006594759007723465
197,0.0055320993951466935,0.006322061927525517,0.0037591655131198214,0.9721305221906144,0.004956296597820379,0.0072998543757731545
198,0.0016177985506947927,0.001874800001051034,0.002679322194179172,0.9862180595305099,0.004851321952323618,0.0027586977712415494
199,0.00692262198828909,0.005709831718191881,0.004644579108874894,0.9638412847495675,0.010173438819428796,0.008708243615647785
200,0.03475515718650408,0.0046737533850871905,0.03045609446505185,0.012003061228300894,0.8950398811322915,0.023072052602764192
201,0.013891300914783026,0.011867324547730049,0.2916691690118967,0.0020628605464513036,0.6732135826145612,0.007295762364577674
202,0.006239902502429215,0.0016554135306638856,0.008367212432539895,0.001175031607274807,0.9807871692585357,0.0017752706685562872
203,0.003635204094608776,0.0032278123727384894,0.004650628007158291,0.0009681039107538147,0.9841139775908064,0.0034042740239341586
204,0.019106873931394677,0.013940489663961398,0.15901574679635055,0.002423332841081812,0.796847901428808,0.008665655338403523
205,0.001114674273725639,0.0006503563703204678,0.0017060524847285184,0.0005946758111916864,0.9950441149313858,0.0008901261286480902
206,0.0013261477403194322,0.0007472745958039633,0.0014950189425733881,0.0005696355444895209,0.9948580118252174,0.001003911351596415
207,0.0026173654858612826,0.0004425479040225843,0.006711410407380325,0.0014456291883914987,0.9848139886296997,0.003969058384644701
208,0.0012328992662610757,0.000670194408597123,0.003033905223290317,0.0005423844840835187,0.9935944102431424,0.0009262063746256478
209,0.005114169620013666,0.0019628539933978983,0.018927523615243233,0.005867932027758959,0.9566649902539658,0.011462530489620643
210,0.0033177769241139695,0.0018229459394045148,0.006594288909376095,0.0009782192476001856,0.9854657771674801,0.0018209918120251454
211,0.0015244371946639857,0.0010144352921219576,0.010051737005800327,0.00043660646653759694,0.9859180080834302,0.0010547759574458778
212,0.007194128290932238,0.0015678824575336924,0.014007624823442503,0.014516885557811048,0.9396338804267074,0.023079598443572907
213,0.014668811521268633,0.006896548057446828,0.033767487038673695,0.0021046776715665035,0.9383336833933921,0.004228792317651907
214,0.012298122271229945,0.0026181569497684075,0.030594453286746013,0.0057421071612238994,0.9378467983672183,0.01090036196381304
215,0.12444851853285477,0.0299200800441704,0.059803189633122436,0.008922237665700338,0.7632675801403223,0.01363839398382974
216,0.007704682706705636,0.0040561702442286265,0.008656250006328789,0.0017760571528207317,0.974676108461794,0.00313073142812211
217,0.046244274727735735,0.006425911265012695,0.02581893635181687,0.015104008787636857,0.8754010151023703,0.031005853765427412
218,0.23461295320558703,0.02266522120060206,0.03401576961839464,0.04114028875267349,0.5704533802396825,0.09711238698306064
219,0.0889662291221551,0.042957480971100304,0.058819434979745754,0.008224539172466171,0.787656153654322,0.013376162100210606
220,0.0620455147792783,0.014920344951831659,0.1825612348665576,0.030923030770974472,0.6521071030103116,0.057442771621046405
221,0.009069606429468928,0.003233692439957219,0.06019942179871036,0.0014706094728572493,0.9226575612877282,0.0033691085712782725
222,0.008812222087320125,0.0015726694326491817,0.008975482736613359,0.00607201433992754,0.9617373598389056,0.012830251564584175
223,0.0005012644587985967,0.00022058183734397808,0.003938725659705673,0.0005767732181375676,0.9935161990253115,0.0012464558007027286
224,0.007334004438838465,0.005671491946418152,0.0042011309365247934,0.00175303175891345,0.9766367738489259,0.004403567070379173
225,0.07233822910985113,0.03135812594922558,0.075826364754061,0.006891600409374904,0.7995760334766701,0.014009646300817429
226,0.04201190230255603,0.006400661363182536,0.03974242160022399,0.010456585138956512,0.8771433230487775,0.02424510654630343
227,0.005837998089492857,0.007447261373236584,0.004696417885427847,0.002378910402067657,0.9734701819139696,0.006169230335805109
228,0.0009260739707048796,0.00036003121273827233,0.0038133145215274947,0.001586260514038928,0.9884918926269328,0.00482242715405753
229,0.0034607536473897707,0.0008274079590164229,0.070521673898156,0.00664520534410288,0.9029602831851279,0.015584675966207563
230,0.003317510334341637,0.0012402866997517981,0.007456338398814687,0.002011269007637653,0.9828932697200835,0.0030813258393708955
231,0.015739128157685127,0.015383216799094499,0.04400145246416144,0.0023215352127021593,0.9154952820669113,0.007059385299445627
232,0.0077798371791817506,0.006943022180828016,0.0024185759676729796,0.0031531960125016642,0.9749728600033206,0.004732508656494717
233,0.0070128924935673465,0.0019081341543432202,0.021447633046700113,0.001570999475409889,0.9653531541399847,0.002707186689994844
234,0.0009565857164673387,0.0004592153601620927,0.005100393484864888,0.0007091939570475526,0.9914899305147306,0.0012846809667278565
235,0.0097405798823007,0.0021794844537351287,0.0219884009453194,0.007617810159688954,0.937103804318623,0.021369920240332754
236,0.015376484070805583,0.002150671158800412,0.017104857416481826,0.011965607619433622,0.9300896052039141,0.02331277453056416
237,0.004853819852118476,0.0015681188355902585,0.002316163864172009,0.0028926975973226346,0.9852400467658092,0.0031291530849874003
238,0.003204302256135747,0.0015106855260221376,0.03574192108210936,0.0028314970024771965,0.95044373732862,0.006267856804635842
239,0.10853811215259954,0.029119499764751994,0.48299916785856206,0.006160985067986839,0.3629227283701424,0.010259506785957306
240,0.0028342034207063022,0.0013849821380453136,0.05144420792285975,0.0015791974113764156,0.9393744132279306,0.0033829958790818648
241,0.003527115610286561,0.0021348041136817317,0.004752257139526282,0.0007129086674022184,0.9866757665294784,0.002197147939624409
242,0.02149794207224338,0.011760515840693512,0.10829327505329225,0.002091736922042028,0.8506677917415684,0.005688738370160355
243,0.0022105563674747917,0.0007685332165426284,0.014880033852761577,0.004646684953454815,0.964783347158262,0.012710844451504532
244,0.0027986429207446945,0.0011473607682480384,0.10066906754448564,0.0005588063827931807,0.8934935224506114,0.0013325999331168258
245,0.0016724232980754158,0.0004501812828723653,0.0021305283587513936,0.0032630401204010143,0.9857344823471289,0.006749344592770799
246,0.009329394100362431,0.0015642722433250387,0.009011900897032528,0.011666714464188266,0.9519724642661412,0.016455254028950126
247,0.013023016636703334,0.006901389066244517,0.01797893383751815,0.0028688612440876836,0.9553275160177054,0.0039002831977409595
248,0.04858076572041131,0.042439303057543724,0.028132494599022926,0.008274381428097641,0.8551926083949184,0.01738044680000605
249,0.006596426724940161,0.005022012698932091,0.003524804131487657,0.0018739063402697668,0.9804822001096621,0.002500649994708382
250,0.001610540790394948,0.001658623015106996,0.000533552043060177,0.001956476324120658,0.000801652854230094,0.9934391549730869
251,0.016962683772544687,0.009133681499587466,0.009740613952568696,0.08753441666684188,0.01862484066172143,0.8580037634467357
252,0.007341187658544333,0.005601387035110168,0.021514832941713753,0.018772869963774787,0.038065759509569384,0.9087039628912874
253,0.04538766508886634,0.016440748674326152,0.0031522301593314007,0.013827325648192706,0.007205040979235948,0.9139869894500472
254,0.0044311155782289805,0.003083710544874631,0.0015704294408392465,0.013638699766050097,0.005571131694656275,0.9717049129753507
255,0.026242719313009838,0.013954765612667803,0.03688500718827827,0.04528933260007033,0.051184492259117274,0.8264436830268569
256,0.007442535992024006,0.0042900475822277165,0.0020288912393487176,0.028199078595880014,0.0036640675523006597,0.9543753790382191
257,0.0009072320530401904,0.001012093061857568,0.0005075785147113355,0.0012543079386130817,0.0010057167477280752,0.9953130716840495
258,0.0044618108087620435,0.002823741012928562,0.004464541656202724,0.013296047128953555,0.01668773402175361,0.9582661253713995
259,0.002374168144278055,0.001953802337797195,0.0009041803748009322,0.005474313044250627,0.0023994727906495104,0.9868940633082238
260,0.0030704201788650017,0.0020295173230198017,0.0011438038181812657,0.0013627202165580902,0.002143825282572403,0.9902497131808032
261,0.05817335249366914,0.021840904589646704,0.006545914651637966,0.038296948360422155,0.02167683222999819,0.8534660476746256
262,0.004475574785839151,0.003369586878660157,0.0018228525441569632,0.04758874149606622,0.008895505448269782,0.9338477388470078
263,0.00794120623457681,0.004973358379863682,0.0008806876638349335,0.08812851855850512,0.002032658783183192,0.8960435703800365
264,0.025545588548669614,0.01208585301839636,0.015329229705424706,0.07524352186582162,0.030313438211724615,0.8414823686499631
265,0.03592230689345003,0.01500826742382379,0.0021937055818236693,0.18242646257371148,0.005982739143810867,0.7584665183833803
266,0.0015712285328208367,0.0016782818570825592,0.000675810969218544,0.002261399516615558,0.0012391736635881715,0.9925741054606744
267,0.010497611512277178,0.006351827594876173,0.014239839435458854,0.01550474171453124,0.026024936088521234,0.9273810436543353
268,0.003983832034367925,0.0030670472222366473,0.001218879066278748,0.011593862692571946,0.0027909361357196334,0.9773454428488253
269,0.004076370559292488,0.0028138463726398743,0.0016936329835879585,0.0013457999947806905,0.004536049594315198,0.9855343004953843
270,0.0016086529682527136,0.00143127106284572,0.0017590339113805929,0.0008684844856467842,0.002370849729432011,0.9919617078424422
271,0.0006857442699334038,0.0008608059391500673,0.0006345374531896187,0.005225365156878905,0.0017674460396933148,0.9908261011411545
272,0.08461569912545347,0.029515232113817545,0.004411053489733717,0.03586380396182084,0.010779548490557402,0.8348146628186172
273,0.020008421309762596,0.01038303076539548,0.002376320468620929,0.13205829273688902,0.004331151743600677,0.8308427829757314
274,0.007428352951618344,0.005092159898533707,0.0006993626150336748,0.06825329983888542,0.001574282967905142,0.916952541728024
275,0.0020075427649622643,0.001880247786718769,0.0010866759273465041,0.008664284440184014,0.0032977480127330686,0.9830635010680553
276,0.007797751101180683,0.0045497935276461055,0.01305593831129697,0.01109733319666963,0.025341322520634126,0.9381578613425726
277,0.010336309927678918,0.004278563828168356,0.00654749727154363,0.009850475283042746,0.01550004660250961,0.9534871070870565
278,0.23370862974101478,0.05326093007316818,0.01378549012051047,0.1370234413315775,0.048948790375153706,0.513272718358575
279,0.00312970679986374,0.0025303483702311066,0.0007826822636250019,0.13166284997834687,0.002764013593363576,0.8591303989945696
280,0.0024561337444735623,0.0020444971660116304,0.0007179351981215159,0.0008006086262045489,0.0010244911069077717,0.9929563341582811
281,0.0019159514553408529,0.0014466831130184007,0.001315134366110649,0.0012418358823694943,0.0013142885692078929,0.9927661066139529
282,0.05867821226313093,0.026332254645867303,0.0021970926915866,0.1437035853633611,0.003952339037259836,0.7651365159987946
283,0.0021785940898124126,0.0019756715393822763,0.0009419169253384377,0.006276727349889796,0.0017987008921063292,0.986828389203471
284,0.0136818051906425,0.00755351174426228,0.01729625770605156,0.02649569714963355,0.03976897529646417,0.8952037529129458
285,0.004423553972555804,0.0036922961001766776,0.01978581374928415,0.009859967885794414,0.022283635773265236,0.9399547325189234
286,0.0020217563975114504,0.0019667826253233598,0.0008083230054738458,0.0009069574644945957,0.001472352906830543,0.9928238276003665
287,0.025756636495266258,0.01084614090454458,0.002517886585536156,0.39113584429144255,0.011276835647968988,0.5584666560752416
288,0.0038076888508635654,0.0022044130485016434,0.006266871665855207,0.02173119354580252,0.013725112819135656,0.9522647200698414
289,0.002738753086988225,0.0021108143999464418,0.0015218302396565366,0.0007076624817742635,0.00400581802550203,0.9889151217661326
290,0.015888601413427912,0.009534743368572572,0.03916073884834678,0.029919699411284494,0.08701684056501936,0.8184793763933484
291,0.004900003348904068,0.0029431972488045224,0.0028441684996318556,0.011209859062969937,0.013456879237360867,0.9646458926023285
292,0.0049388090253274855,0.0032294061464754613,0.005009090702820838,0.028301623919210272,0.005979900780774134,0.9525411694253916
293,0.007747329656853771,0.004476985910866303,0.0024621295106831737,0.006145246157565887,0.009977753119525978,0.969190555644505
294,0.003919260977221705,0.0027527499406449,0.00228387441144423,0.0037332411765950055,0.008789949110048333,0.9785209243840461
295,0.017610706270727132,0.007923250332171302,0.0030885680282912494,0.0046630806384816625,0.007459072621856184,0.9592553221084723
296,0.004737326978418312,0.003472175795088487,0.00190334212786702,0.005591215705590429,0.006047626518958009,0.9782483128740777
297,0.04011641459356977,0.02049179962760074,0.004342633984797697,0.13298182000799483,0.008488370096135213,0.7935789616899019
298,0.029270026465299748,0.01912954589841207,0.015059481145621256,0.3586600610296606,0.017463111702264826,0.5604177737587416
299,0.0014395244377994744,0.0008567720002071998,0.0018637297758143016,0.0012747208975433817,0.0022116894095270756,0.9923535634791085
