,proba_0,proba_1,proba_2,proba_3
0,0.003433475318679268,0.005480614435378011,0.7310670316853987,0.26001887856054406
1,0.9766119742129276,0.005549517163431009,0.01765572802267271,0.00018278060096874323
2,0.004104373856679488,0.008748457840629663,0.8862703455850869,0.10087682271760394
3,0.019520681975335918,0.9460324437807255,0.0009702993749970314,0.03347657486894157
4,0.971547854582187,0.007013276683285758,0.021268263795159222,0.0001706049393681503
5,0.004039987929024917,0.005734149477106716,0.8691248934848858,0.12110096910898252
6,0.014654476424071814,0.9441423069684576,0.0008286894996860547,0.040374527107784566
7,0.02357527697271465,0.9451965054658286,0.0010554754010635775,0.030172742160393184
8,0.01591770122097624,0.9431872968625395,0.000812288756749551,0.04008271315973471
9,0.0014815340981665182,0.006972408674071347,0.05737942211576284,0.9341666351119993
10,0.003598989768452129,0.0030120957213918545,0.845147494990438,0.14824141951971814
11,0.021089028597400614,0.9437724914715445,0.0009303313320080767,0.03420814859904694
12,0.0034994331252366164,0.00569930838649697,0.8166892678020872,0.17411199068617927
13,0.003677434557364584,0.0025865114984982836,0.8356860967819737,0.15804995716216336
14,0.004061076236961626,0.005433157853080445,0.8672739804089421,0.12323178550101586
15,0.0013637482746057276,0.0033681809383309795,0.09094136736169188,0.9043267034253715
16,0.012709735593242306,0.9394255682679802,0.0007042534554449546,0.047160442683332485
17,0.0033197580115771523,0.005373905378043302,0.7123919902169273,0.27891434639345225
18,0.9671860967985205,0.0067139840757915095,0.025950845493309768,0.00014907363237813076
19,0.9765719881554837,0.00530364326346109,0.017943315807183214,0.00018105277387206597
20,0.0036378688333190863,0.004584050119603625,0.8303196224272782,0.16145845861979907
21,0.001370440177626247,0.0023530301380969014,0.10282556706269248,0.8934509626215843
22,0.0013838717846381833,0.001977487938097271,0.10995645800215563,0.8866821822751089
23,0.9726139421316597,0.006333726276967905,0.020882460654605604,0.00016987093676665695
24,0.020256312061562195,0.9456425579992129,0.0009770927530589905,0.033124037186165974
25,0.004635106446160186,0.011776792039935266,0.9288842619219547,0.05470383959194992
26,0.0036215698865552427,0.0026885313912583114,0.8332986144283682,0.16039128429381833
27,0.0013552026135749402,0.0022007041263816954,0.09721824701794093,0.8992258462421024
28,0.004117513865522517,0.004289618057904806,0.8548278883741051,0.1367649797024676
29,0.0014933090948241962,0.005070832381465941,0.11369622330470737,0.8797396352190024
30,0.0036416512021495034,0.004612224483566208,0.8505647072694612,0.1411814170448231
31,0.02146155289982176,0.9458531717825788,0.0010127581620265596,0.03167251715557292
32,0.013499575621436938,0.9328043356475219,0.0005558864848347625,0.05314020224620647
33,0.015046158386221434,0.941682473375766,0.0007636646539831483,0.04250770358402944
34,0.9715888981292173,0.005587620742707459,0.022668028240259604,0.00015545288781568484
35,0.0013882025242742454,0.009000589731937183,0.03249567728179993,0.9571155304619886
36,0.0044333986522495225,0.011196875477301516,0.9273431372970642,0.05702658857338476
37,0.9723646451143724,0.006237433655596486,0.021230052508641937,0.00016786872138912172
38,0.019540172830958897,0.9462065003979143,0.0009907941946154975,0.033262532576511246
39,0.0013573782093804917,0.006916146949499734,0.05660526537220325,0.9351212094689165
40,0.0032211629355323058,0.002234979401435225,0.7841736480241287,0.21037020963890374
41,0.0013743971283926406,0.016558252417791276,0.0074587616135023856,0.9746085888403136
42,0.020767469706160727,0.94664952052986,0.0010475123957366815,0.03153549736824283
43,0.01855613540177592,0.9455707614187625,0.0009426080527211404,0.0349304951267404
44,0.0013536697742280305,0.0073147139974022715,0.049193732156593464,0.9421378840717762
45,0.022814338004603734,0.9437679841342067,0.000978350347848074,0.032439327513341595
46,0.9777657651491298,0.00593630298128583,0.016097541414414645,0.00020039045516964825
47,0.0014168136445667347,0.0039844608966248815,0.10390041052811039,0.890698314930698
48,0.0013675285085129744,0.011104061108288769,0.2182756669163696,0.7692527434668287
49,0.003211488325693678,0.0019602115940614007,0.7724352494180331,0.222393050662212
50,0.024652766742589618,0.9446778128253274,0.0010816798373644465,0.02958774059471873
51,0.001465516261671554,0.011335269574197362,0.27522157264075503,0.7119776415233761
52,0.02642570050692071,0.9448855436821104,0.0011618058573201386,0.027526949953648624
53,0.9728965367280215,0.014423073975453489,0.012350797361632774,0.0003295919348923895
54,0.004006679489042399,0.0070948199907679595,0.8674822712431492,0.12141622927704028
55,0.9791352956033182,0.005579063875396629,0.015073456981059,0.00021218354022613752
56,0.004032616446987496,0.005204097514380465,0.8620562252218101,0.12870706081682204
57,0.973847762808557,0.005978532444938535,0.020001636404736775,0.00017206834176773504
58,0.0032478383166723384,0.0025656430335078183,0.7813742688162234,0.21281224983359653
59,0.0035129827776627077,0.0027828506470768998,0.8213408156365152,0.1723633509387451
60,0.004186033521524896,0.010436407786544066,0.6183483371587335,0.3670292215331976
61,0.9738022592409635,0.006464612536492818,0.019553201701226645,0.00017992652131711246
62,0.0037589715600981483,0.003717086976986468,0.8440645520594448,0.14845938940347078
63,0.024632942655287496,0.9461915374663112,0.0011357649612877899,0.028039754917113607
64,0.001333352695220625,0.0028646245631193104,0.11730652341471107,0.8784954993269489
65,0.9762469662463509,0.006041320790483896,0.01752333227771281,0.00018838068545226286
66,0.018475073106875444,0.9455103192299701,0.0009422600429835697,0.035072347620170904
67,0.9742764275176006,0.01494167272338212,0.010405370760533146,0.0003765289984841544
68,0.01766736935645157,0.9450163169028214,0.000891028807385275,0.03642528493334172
69,0.9785768242790389,0.006226567511666924,0.01498086930320282,0.00021573890609134327
70,0.9786397926842539,0.0050131738450739675,0.01614680236431691,0.00020023110635510443
71,0.020933697296470023,0.9457519401809285,0.0009986251669441878,0.03231573735565735
72,0.0032948239620678994,0.0019191242661232967,0.781890670377955,0.21289538139385378
73,0.0014400417807612878,0.004394023907734625,0.1032990255381271,0.8908669087733769
74,0.9781669692573988,0.005914521283328255,0.01571394503725792,0.00020456442201511555
75,0.023231986766099662,0.9444231486724153,0.0009956984943236995,0.03134916606716127
76,0.021204021943959366,0.945253496558457,0.0009865432472038274,0.03255593825037973
77,0.0014381863084774913,0.002323823622148746,0.10510449660023766,0.8911334934691361
78,0.0035591333707374715,0.003808982530637765,0.8366322463004395,0.15599963779818518
79,0.016369384809443454,0.9456968254862499,0.0008755720047483755,0.03705821769955817
80,0.017162324240617675,0.9428446774545824,0.0008225776295586004,0.03917042067524137
81,0.9709517330137567,0.016574897043033453,0.01212862451495487,0.0003447454282549329
82,0.0013958074484705402,0.005401603554585166,0.07966533231018261,0.9135372566867618
83,0.9734535594179887,0.006342614355219922,0.020027529815473077,0.00017629641131843398
84,0.018102756734973108,0.9468260604575166,0.000966999035976353,0.03410418377153399
85,0.013596392386537707,0.9407921821442344,0.0007550179361771573,0.04485640753305068
86,0.0014709920367282268,0.006774526163216919,0.12445872755207704,0.8672957542479779
87,0.9676978830904118,0.007509309497185289,0.024630987015847747,0.00016182039655505783
88,0.9749790899766796,0.005643178412785331,0.01920112895563154,0.00017660265490346245
89,0.9752479398806849,0.005789521375295419,0.01878186530641963,0.00018067343760000285
90,0.004046318481290985,0.0038394342481677126,0.8245847912549953,0.167529456015546
91,0.9605517009469912,0.005245065923459814,0.034090048290623,0.00011318483892592862
92,0.973850964950684,0.005988087570300941,0.019986823306204923,0.0001741241728099997
93,0.015162619667467035,0.942232234075559,0.0007717683397741824,0.041833377917199696
94,0.003847279507956759,0.0034299156199459504,0.8421410257512578,0.15058177912083948
95,0.003111533695873723,0.0035986148663426807,0.7581996844311693,0.2350901670066144
96,0.016225252643651662,0.9436503568780712,0.0008416197493601738,0.03928277072891685
97,0.023860618255156524,0.9460841890995453,0.0011649685711232374,0.02889022407417498
98,0.003952155974994491,0.006335767028185953,0.8675067271944737,0.12220534980234574
99,0.0013700743520721737,0.0056280155608334674,0.07651732045822747,0.9164845896288668
