,proba_0,proba_1,proba_2,proba_3
0,0.006405362378682558,0.004880930051389762,0.7049109618653119,0.2838027457046157
1,0.9929242996101822,0.007075615869372212,8.424179009648665e-08,2.786554851365167e-10
2,0.0011253837611677343,0.003082419492115112,0.9048369008578483,0.090955295888869
3,0.0033723106602740528,0.993351525883671,0.003216516875903939,5.964658015102425e-05
4,0.9904355077528174,0.009560819154317293,6.309574929801138e-08,3.609997115994681e-06
5,0.0011924402539746919,0.0015859666675593989,0.9302702937870915,0.06695129929137437
6,0.00748832493157123,0.9917604489539599,1.1560647986592647e-07,0.000751110507989015
7,0.006291802841435226,0.993681560147096,1.9003854596747783e-05,7.633156872087655e-06
8,0.0037922731300382402,0.9956858600321289,0.0002822373199366291,0.00023962951789623324
9,0.0005216932320638445,0.0009698300813107691,0.07944825196764072,0.9190602247189846
10,0.001384719181951761,0.0007584092964839016,0.967263994201958,0.030592877319606294
11,0.0026008435284561996,0.9863701456777559,0.010988247723176622,4.0763070611219795e-05
12,0.0011288789570206873,0.0015792247089261397,0.8874854498783039,0.10980644645574922
13,0.0009590445401428971,0.000695542809375616,0.9509800376902858,0.04736537496019579
14,0.0013967257536870383,0.0016848950366557295,0.9287573846220576,0.06816099458759962
15,0.00024376233951773848,0.0007640456519424365,0.0718244549946927,0.9271677370138471
16,0.0032640615428347042,0.9936203943951558,0.0013442958269814012,0.0017712482350280543
17,0.0047586937589377855,0.002870948326088182,0.7333599526929375,0.25901040522203644
18,0.9873436932859894,0.012342918843003533,0.00031338787100393764,3.0866310653258737e-15
19,0.9926168308343833,0.007382631291831066,5.378387725621219e-07,3.5012877417220366e-11
20,0.0009056001916943167,0.0011625003671618603,0.9041187878813743,0.09381311155976943
21,0.0002675802940970382,0.0005824771021998015,0.1303153631532611,0.8688345794504421
22,0.0002730840474723848,0.000499664352095534,0.1701885330290899,0.8290387185713423
23,0.9912048617751555,0.008775647470444613,8.80875600792425e-08,1.9402666839820675e-05
24,0.008819255747828993,0.9911339798461056,1.5593741691416214e-09,4.676284669122781e-05
25,0.0014820820695368418,0.004329868454371982,0.9600211006029514,0.03416694887313978
26,0.0012434649673959512,0.0007242096981926564,0.9451300983656981,0.05290222696871331
27,0.00025353840734516724,0.0005676768339562744,0.1305668458867474,0.8686119388719512
28,0.0011110465100011883,0.0010643611220100039,0.9321425685417543,0.06568202382623453
29,0.00023225261714639254,0.0012898993495176995,0.03400560292778569,0.9644722451055501
30,0.0009597544368986506,0.001171754392120539,0.9424164864431555,0.05545200472782536
31,0.00730368773750214,0.9926754917453573,1.6719603174299427e-06,1.914855682326734e-05
32,0.0064217475430990234,0.9913744328482034,5.5219459596557884e-08,0.002203764389237991
33,0.00863584690551464,0.9912477336644304,2.2073864178482766e-10,0.00011641920931637127
34,0.9905352086396322,0.007692449135431688,2.6360026199923675e-05,0.0017459821987361828
35,0.0007462319511597159,0.0013263389107706681,0.020826648292872042,0.9771007808451976
36,0.0015815750540815435,0.005549948271565811,0.9471306658489794,0.04573781082537318
37,0.9908733111162679,0.009010632635809441,4.2285437754064837e-07,0.00011563339354511315
38,0.01630573677984902,0.9806669292769684,0.0030273339431826055,9.382857172975405e-18
39,0.0005549654804970581,0.0010296340694268874,0.056765531299277125,0.941649869150799
40,0.0014610865007074875,0.0009328555013415723,0.9470631697885633,0.05054288820938776
41,0.0014509419143350036,0.0022429964423754797,0.00025287946426413654,0.9960531821790254
42,0.011249937948852574,0.9887500042133821,1.0888545701664352e-08,4.6949219638585715e-08
43,0.005027849365622881,0.9948893793170029,3.1284299734683336e-05,5.14870176395562e-05
44,0.000559355926371623,0.0010447849576817156,0.05264015088697427,0.9457557082289724
45,0.007274086323111189,0.9927143444249034,4.299436598718824e-07,1.1139308325619984e-05
46,0.9908841948256794,0.0013731806324677276,0.005588927266477779,0.002153697275375154
47,0.0002316087174199176,0.0010052617698253566,0.038985656818998425,0.9597774726937564
48,0.00023247253037183,0.003942809162624699,0.02159857922474172,0.9742261390822617
49,0.001284588515581202,0.000656227796411629,0.9324413324275346,0.06561785126047255
50,0.007322542854284426,0.9926707818895726,1.3836081970866351e-06,5.2916479459021494e-06
51,0.00024885146384563293,0.004761057237629326,0.02384710467280075,0.9711429866257243
52,0.015894394255246132,0.9255558525338193,0.0585497532109345,1.624930331799244e-19
53,0.9876730018598124,0.010882855552271578,0.001444142587915801,1.4179323202894206e-16
54,0.0013750721429516824,0.002346630437749782,0.9222436713127606,0.0740346261065379
55,0.9929496695262204,0.005420073752746733,1.1484502878951097e-07,0.0016301418760039249
56,0.0010036168384446019,0.0016964788442137353,0.8998074215270383,0.09749248279030336
57,0.9922936570210287,0.007706207714924085,1.3510017108349225e-07,1.638762944578002e-10
58,0.0018208713891484296,0.0010811518834122908,0.9480727214972153,0.04902525523022391
59,0.0013928203666240158,0.0007640937434002506,0.9581094739604828,0.0397336119294928
60,0.009447418751503546,0.006530133402939742,0.026862066311885736,0.957160381533671
61,0.9908930696951396,0.009106841440731846,7.603856911415762e-08,1.2825559668014948e-08
62,0.0009391418769966166,0.0008834090649699881,0.9455684906173942,0.05260895844063908
63,0.014687712065011101,0.985088323618172,0.00022396431681540776,1.5229505244779393e-15
64,0.0002825095013574165,0.0005404620508270158,0.21335548988219952,0.7858215385656162
65,0.9935111495104836,0.005757056799246757,1.7624532945402005e-05,0.0007141691573243405
66,0.011469953500045486,0.9885300118445391,3.231715147981842e-08,2.338263934894795e-09
67,0.9896633858069485,0.01033659095151641,1.964071195076763e-08,3.6008231740771218e-09
68,0.007810833679397651,0.9919136565952021,7.577584678757656e-10,0.0002755089676417933
69,0.9915834228053417,0.005205922207929579,9.454164800792964e-05,0.00311611333872079
70,0.993093561451375,0.005323555737503525,3.4579543663207277e-07,0.0015825370156849028
71,0.004532727031209614,0.9951744090243089,0.0002611955912564454,3.166835322515833e-05
72,0.0012727841478562634,0.0007610880053396609,0.9518418399642734,0.04612428788253061
73,0.00022308003349583787,0.0011581437799706503,0.032554225295155045,0.9660645508913785
74,0.9860552224006291,0.001044821245464371,0.009078795610790794,0.003821160743115795
75,0.016998944102763282,0.9570322188704556,0.02596883702678104,3.4768888877437463e-19
76,0.010651875213474465,0.9893480358637898,3.948641313206768e-09,8.497409443770413e-08
77,0.0002732809538531118,0.0005769125589867577,0.13276023413033441,0.8663895723568257
78,0.0008191014558059475,0.000926757252884018,0.9342620315686777,0.06399210972263225
79,0.005247293903267222,0.9944010362423105,2.457428722071358e-05,0.0003270955672016513
80,0.008158850624446027,0.9915424560556254,1.2350344815861082e-09,0.00029869208489407515
81,0.9812924984741942,0.018465195929510902,0.00024230559629272828,2.3539339856109334e-15
82,0.0003974959218765062,0.0007962212539057289,0.11229009744801928,0.8865161853761985
83,0.9903227423125153,0.009330417621573764,0.00034684006590625095,4.904352857710784e-15
84,0.010171493463606084,0.9898283525300036,1.4909283531463422e-09,1.5251546207298684e-07
85,0.009285163706097055,0.9907032860458624,2.1800616171273447e-10,1.1550030034329254e-05
86,0.00022061898700875783,0.002043306111172605,0.017638966498774045,0.9800971084030446
87,0.9874263356663826,0.012302423932793308,0.00027124040080781273,1.642321855513724e-14
88,0.9920594847164322,0.007938511212611039,4.164687279362864e-08,1.962424083711426e-06
89,0.993425812049738,0.0061120513939070045,1.585973811758943e-05,0.0004462768182373896
90,0.0014172746637368002,0.00128778112172294,0.8592603386709443,0.1380346055435959
91,0.9940742010688937,0.003361331541120018,0.00021046212367294994,0.002354005266313456
92,0.9933085940445404,0.006032764564299717,0.00012395429788339114,0.0005346870932764623
93,0.009445092600301748,0.9905535076959628,2.851308234019804e-10,1.3994186045775679e-06
94,0.0014403734641941647,0.0009725031696479348,0.9360685704596642,0.06151855290649368
95,0.002171441107025901,0.0014402481271778916,0.8969007087595994,0.09948760200619675
96,0.009586696516315156,0.9904128534013915,7.206159192302416e-10,4.493616774957972e-07
97,0.013044176022319531,0.9869519341268739,3.889848443105194e-06,2.363684361910234e-12
98,0.0013638335599357211,0.0023950764485566466,0.9001400585099303,0.0961010314815774
99,0.0004394320163609098,0.0008515751485260619,0.10616407645195737,0.8925449163831557
