,proba_0,proba_1,proba_2,proba_3
0,0.02670614706782509,0.03680777369826949,0.8781509596312466,0.05833511960265865
1,0.9525234175811003,0.035355809313864374,0.007054632073624543,0.005066141031410632
2,0.019708731368888028,0.03159078062132355,0.9084278230392066,0.04027266497058172
3,0.056049489969455635,0.8670483477824331,0.04684138456234386,0.030060777685767252
4,0.9587443941056258,0.028853952746403184,0.007357786947545529,0.0050438662004254715
5,0.016065211160930716,0.026791233903698638,0.9285750676524626,0.028568487282908093
6,0.04684237753727498,0.9266326955700736,0.01615923963216986,0.010365687260481598
7,0.035083856455507316,0.9392594586061528,0.0157545385073882,0.009902146430951626
8,0.04610750790328716,0.9040256403256576,0.03051654562047006,0.019350306150585212
9,0.013679539790508526,0.01681556305054768,0.04046671818789659,0.9290381789710468
10,0.01523277709781184,0.024690329661813122,0.9364639986203922,0.02361289461998275
11,0.06453086573743005,0.827973594915302,0.06580842217980266,0.04168711716746535
12,0.015445222855051429,0.025658811133524927,0.9246928209883905,0.034203145023033135
13,0.014806867251014027,0.024179188293355584,0.930957657780756,0.03005628667487433
14,0.016183867417877633,0.02693594184015049,0.9258011242209168,0.031079066521055125
15,0.010339871797315136,0.017555431978773177,0.03248005257714109,0.9396246436467706
16,0.07385075697734551,0.8270906596196442,0.060529181166336585,0.038529402236673505
17,0.02687951450362484,0.03575415759042325,0.8518234881344451,0.085542839771507
18,0.9448784309666761,0.043299123228966716,0.006799995577557133,0.005022450226800089
19,0.9541631706447662,0.03399746504584047,0.006881232572385268,0.0049581317370078785
20,0.015251660826235086,0.025175608699164766,0.9244582386756824,0.03511449179891782
21,0.010486620312575802,0.01697069632802259,0.02940738235985947,0.9431353009995422
22,0.010894415514942881,0.01639848943329829,0.029667711289134473,0.9430393837626246
23,0.9577788669127161,0.028372318630496995,0.008197216001766563,0.005651598455020437
24,0.041234136999944014,0.9410105459824882,0.010858717097576421,0.006896599919991161
25,0.024713943110722825,0.0390577791567441,0.9100692644627518,0.026159013269781345
26,0.01488890439979368,0.02427737641135041,0.925299797278311,0.035533921910545004
27,0.01043804387258476,0.01667593624903124,0.02599209509073062,0.9468939247876536
28,0.014610771216274751,0.024597431762061518,0.9295771910136879,0.031214606007976015
29,0.01143710645627703,0.02049914899387022,0.03267982619571274,0.9353839183541398
30,0.014898664830121389,0.025076401741624257,0.9343739938827426,0.0256509395455119
31,0.03283141489315694,0.945544290779481,0.013302855151082517,0.008321439176279633
32,0.054538328768169976,0.9152800830302691,0.018284879108173727,0.01189670909338736
33,0.044149960523380175,0.9365306152344302,0.011795271053313837,0.007524153188876031
34,0.9382527663735964,0.03403184356874978,0.01653241950457417,0.011182970553079477
35,0.01597453042235648,0.01845904486763905,0.04158443138044314,0.9239819933295615
36,0.025899964278159878,0.04084780478211121,0.9031059113005463,0.030146319639182413
37,0.9545420822797183,0.029535662170410766,0.009390488175303066,0.006531767374567886
38,0.0445843511252821,0.9402340354500658,0.00950278822859959,0.005678825196052468
39,0.01403217628061118,0.017015858269902873,0.03563172511408857,0.9333202403353973
40,0.01668168082537373,0.025129503465681578,0.9259957783061047,0.032193037402840165
41,0.034671971491083496,0.035935074069020356,0.0389698027823876,0.8904231516575084
42,0.03519438705096556,0.9504807135160785,0.008806569268695082,0.00551833016426076
43,0.04077328513173202,0.927119577110242,0.019674926069142555,0.012432211688883475
44,0.014057544562581188,0.01694835195968988,0.03672878259387229,0.9322653208838567
45,0.031749047241178316,0.9482706828466169,0.012266035291343822,0.007714234620861296
46,0.8717761724747723,0.03777410425048661,0.054384340840686295,0.036065382434054695
47,0.010580134806312523,0.018818768612938987,0.02817882405751923,0.9424222725232293
48,0.018804734725295872,0.0320263551399818,0.072109689155701,0.8770592209790211
49,0.015221141950103292,0.0234733027938723,0.9144948011125039,0.04681075414352063
50,0.03441742853801807,0.9445045845544825,0.012893903016137227,0.00818408389136209
51,0.021013878812864657,0.03527353456052167,0.09950193718514852,0.8442106494414653
52,0.05389409452509464,0.9277340054900074,0.011546561441229303,0.006825338543668516
53,0.9394700946926878,0.049546115500807675,0.006354898443877599,0.004628891362626479
54,0.019190011200571608,0.030912469183315354,0.9136848736517469,0.03621264596436637
55,0.9470639209220395,0.03298584617755035,0.011797302076957537,0.008152930823452541
56,0.016794044628789074,0.027367729883761183,0.9176449962026767,0.038193229284773186
57,0.9525929435552037,0.03555082480427503,0.006892883734205658,0.004963347906315682
58,0.017797226068868875,0.025965818059088267,0.9140148258747421,0.04222212999730078
59,0.01506692274028266,0.024131087950662267,0.9241696500056471,0.03663233930340781
60,0.03691199917231032,0.046205164355217355,0.585955533684173,0.33092730278829935
61,0.9557910233588301,0.032448013423465025,0.0068984660214676564,0.004862497196237217
62,0.015111784377718694,0.024851456288662508,0.9375213104008899,0.022515448932729193
63,0.03837613079829718,0.9490102801862649,0.007815402952507272,0.004798186062930691
64,0.0112444337324661,0.015791814268681335,0.03526759473425686,0.9376961572645961
65,0.9483000665681449,0.027999311018029525,0.014158285016927478,0.009542337396898085
66,0.03932252826532237,0.9463267398425632,0.008807688700535655,0.005543043191578801
67,0.9322379160905941,0.05311456362410747,0.008474562216799424,0.0061729580684991864
68,0.04115424712487103,0.9398080588002163,0.011636037993724589,0.007401656081187926
69,0.9311506260789898,0.03318106342706833,0.02138618624273979,0.014282124251201905
70,0.9489541341172256,0.031112150442590986,0.011816862886263676,0.008116852553919848
71,0.04180130152533492,0.9196522132897569,0.023621805045836174,0.014924680139072078
72,0.015203948268609081,0.023618680388337254,0.9182404269455375,0.0429369443975161
73,0.011114601758246804,0.019832842732005158,0.029896663616090537,0.9391558918936574
74,0.8315885575294883,0.0474438301565095,0.07313775249168157,0.04782985982232036
75,0.055379126269679835,0.9270280251412587,0.011065187841818779,0.0065276607472426985
76,0.04038168540478974,0.945029727619858,0.008934646943633098,0.005653940031719016
77,0.010441992846576901,0.017043261624968702,0.03191066122107224,0.9406040843073821
78,0.014734858538615486,0.02465516244359676,0.9319431231634769,0.028666855854310884
79,0.05184984464854217,0.9092965076602567,0.023694178035330044,0.015159469655871194
80,0.04076981747087526,0.9399879500515081,0.011765448931481397,0.007476783546135094
81,0.9339638270450121,0.05474171783826654,0.006538252638255179,0.004756202478466398
82,0.012969193079950215,0.016499720429053524,0.03410622002717873,0.9364248664638178
83,0.9521207478066986,0.03711278104691865,0.0062503644221919,0.004516106724190995
84,0.04075181075287146,0.944089240228675,0.00929667698319724,0.005862272035256612
85,0.05021670930359301,0.9306435082123345,0.011617819292947335,0.007521963191125147
86,0.013396485491011297,0.023921100026810194,0.03243833342579739,0.9302440810563811
87,0.9440878320281524,0.04342299307876837,0.007160934184510345,0.005328240708568956
88,0.9630469067722544,0.025558254100600062,0.006779145826475634,0.004615693300670185
89,0.9493953391303249,0.028082440233921077,0.013433103460479734,0.009089117175274317
90,0.014953553683496459,0.02455178265389974,0.9010656186643715,0.05942904499823249
91,0.9079188577317052,0.03600614548016134,0.03318882291767713,0.02288617387045627
92,0.9396121137354445,0.0313244682445565,0.017342615650820632,0.01172080236917844
93,0.04031843610641886,0.9429641986684372,0.010247509998363566,0.0064698552267804564
94,0.015143466449746451,0.024663677186199627,0.9322226220601344,0.027970234303919622
95,0.01986953321841385,0.027679712423178366,0.8929080914911354,0.05954266286727243
96,0.04428974397326243,0.9396701333317726,0.009790254144497352,0.00624986855046761
97,0.03233875054339969,0.9545471585180905,0.008082415530127129,0.005031675408382689
98,0.017985792953930643,0.02908002190374896,0.916713450375297,0.036220734767023324
99,0.01315409677838463,0.01661368961492984,0.03798115346760038,0.9322510601390855
