,proba_0,proba_1,proba_2,proba_3
0,0.0012636141549092026,0.006038009441929122,0.7297707949196448,0.2629275814835169
1,0.9707183437297412,0.026030095495310553,0.0032469494867787977,4.611288169459246e-06
2,0.004551736993485905,0.0010082813253507468,0.7574543046646971,0.2369856770164661
3,0.03488496730492776,0.8943244969061706,0.00028437297725914825,0.07050616281164243
4,0.9614081870539747,0.03565055124141757,0.0029336275165753804,7.634188032390253e-06
5,0.002375079265446893,0.0011143307367986418,0.7935237655362098,0.20298682446154448
6,0.035648468622511004,0.9615938824418138,0.0004590952174780116,0.002298553718197109
7,0.0400411881999015,0.9497538195533091,0.0001878352092724054,0.010017157037516987
8,0.032133604664203085,0.9393220364576289,0.0003281707696269752,0.028216188108540916
9,0.0003863437048357294,0.0031716867983586283,0.21066358336887864,0.7857783861279269
10,0.001310538510331873,0.0009840366570838224,0.8728232053760657,0.12488221945651856
11,0.035966198477309516,0.8651374737869141,0.00029161900532451575,0.09860470873045192
12,0.002233046431245316,0.0012094945418235645,0.8275374417802033,0.1690200172467278
13,0.001307675598905071,0.0008818645645124905,0.8514177421017248,0.14639271773485768
14,0.0024760774884214722,0.0012236730993737423,0.7974090687838217,0.19889118062838315
15,0.0007614304935479,0.002567248336848037,0.12889276586769818,0.8677785553019058
16,0.034032651656658426,0.9109846183482879,0.0004934430402329331,0.05448928695482072
17,0.0012571536336172643,0.005320705262862414,0.7265496895841734,0.2668724515193468
18,0.9629666380321373,0.033788930442648815,0.0032416369991073754,2.7945261064921195e-06
19,0.9722679614756705,0.02440735040183004,0.003320787240703886,3.900881795620242e-06
20,0.001920491912547298,0.0011263744831658468,0.765538709598289,0.23141442400599788
21,0.0005733249608377605,0.0024924916949870114,0.14899256809130784,0.8479416152528674
22,0.0005129507811655136,0.0022571133835734736,0.15182762177403486,0.8454023140612262
23,0.9635300435419887,0.03372330711734981,0.0027374715335502795,9.177807111052626e-06
24,0.03218336837378093,0.9659450411719546,0.00025961379106119285,0.0016119766632033648
25,0.008131103694101373,0.0007218112891991964,0.8262838373707957,0.1648632476459037
26,0.0013438423598949069,0.0009925007390274997,0.8437626770906065,0.1539009798104712
27,0.0005407082616826234,0.002440834838173468,0.14057304291166317,0.8564454139884808
28,0.001824917894783353,0.0010672757803947153,0.8051212532632069,0.19198655306161494
29,0.0010928250116786495,0.00327830186586915,0.09741432481286605,0.8982145483095862
30,0.0017839141977969675,0.00107241406617597,0.770719400480725,0.2264242712553021
31,0.037582385938939505,0.9581530710115838,0.0002674100962418568,0.003997132953234803
32,0.033870659927661174,0.9619250955293217,0.00034902824918952885,0.003855216293827605
33,0.026710337756082905,0.9715869052620734,0.00032244321480984293,0.0013803137670338373
34,0.9712537936103582,0.02519830594583531,0.003473736745724314,7.41636980820912e-05
35,0.00047524312616755235,0.006530374282628108,0.14755912569588348,0.8454352568953208
36,0.008449957794993891,0.0008640615919334536,0.8349446396662491,0.15574134094682351
37,0.9631998586809326,0.03398872684530698,0.002799239502412095,1.2174971348200659e-05
38,0.04312170535362416,0.956235487619481,0.0004709298666211256,0.00017187716027382906
39,0.0003966229325815556,0.003916999766536716,0.19023171995937693,0.8054546573415047
40,0.0010127043737264035,0.0007989280963191072,0.8824063125065078,0.11578205502344652
41,0.000753931721054523,0.03513999835585226,0.03732393573230751,0.9267821341907857
42,0.02967128189446637,0.9688749284986823,0.0002580244321776679,0.0011957651746737244
43,0.03534176841451286,0.9530134621239148,0.000251558905365207,0.011393210556206903
44,0.000405698126091026,0.003871728074452807,0.19659046471476563,0.7991321090846906
45,0.03656260577333816,0.9598578647253636,0.0002633506269582607,0.003316178874339985
46,0.9829938432033827,0.006044956856942741,0.008256106202776056,0.002705093736898575
47,0.0008810698228488524,0.0031190495024285675,0.10000342782783496,0.8959964528468877
48,0.003844986333574961,0.0019902371843456886,0.07011240623270437,0.924052370249375
49,0.001098018075706205,0.0009264963268835617,0.8404446904676279,0.1575307951297822
50,0.040883804625864106,0.9551231940181344,0.00027398860186544916,0.003719012754136032
51,0.0048991620440108465,0.001757103151032073,0.07593710363338915,0.9174066311715678
52,0.06844966474207197,0.9308397565003614,0.0005954280865509147,0.00011515067101568638
53,0.9546232739766218,0.04028553921003281,0.005089182275941369,2.004537404170243e-06
54,0.0033955030782811878,0.0014447296021077806,0.8091927380082731,0.18596702931133793
55,0.9704355890921603,0.025212035455653092,0.004341126502388197,1.124894979824706e-05
56,0.0026652698511377003,0.001093610832652244,0.7661997694288977,0.2300413498873123
57,0.9695950837204323,0.02751913842267134,0.0028811209160169294,4.656940879300454e-06
58,0.0007354959885961586,0.0012428139195452131,0.8286144774049742,0.16940721268688455
59,0.0011653253089742909,0.0010389712440808802,0.852369597233892,0.14542610621305274
60,0.0019780770661646904,0.02103354434501093,0.5274704149957987,0.4495179635930257
61,0.9652081277129012,0.03218046435450662,0.0026056820978087557,5.725834783374681e-06
62,0.0015268607620244068,0.0009030585467255923,0.842016009657685,0.15555407103356508
63,0.043208177485892306,0.9560290455005598,0.00034644618919769157,0.0004163308243501246
64,0.00048723121868744985,0.0020844609962580706,0.1854370607673153,0.8119912470177392
65,0.9698622537297111,0.026008135017810456,0.004103921295010615,2.5689957467667336e-05
66,0.02774766806972387,0.9709102240804973,0.00026887733906964524,0.001073230510709144
67,0.9550632160536829,0.04088128840405163,0.004047451392133302,8.044150132183606e-06
68,0.02995067820521699,0.9680597799618519,0.00027258967202634094,0.0017169521609045181
69,0.9759327151281788,0.0183850231852383,0.005579157077138907,0.00010310460944381778
70,0.970807252720326,0.02479424702387734,0.004386356351224637,1.2143904572174905e-05
71,0.03759583657242259,0.9381572680507064,0.00025457577141124824,0.023992319605459736
72,0.0009956750998122677,0.0009244817878383611,0.8421459105574917,0.15593393255485768
73,0.0010071261407724786,0.0032074181764242325,0.0940061180295033,0.9017793376533001
74,0.9813197882886185,0.005573108797378148,0.00977454434395141,0.0033325585700518974
75,0.058922232492403144,0.9404168870647404,0.0005419641129836803,0.00011891632987270327
76,0.030820858958220017,0.9677817485094574,0.00023730267028275153,0.001160089862039732
77,0.0006088497312543888,0.0023597991724198858,0.141233263149865,0.8557980879464606
78,0.0015617339624230807,0.000977219073096854,0.8123921809468824,0.18506886601759762
79,0.03700176137924286,0.9532300025288065,0.0003547650178986595,0.009413471074051898
80,0.030265772792507865,0.9677671676645139,0.0003141404523117352,0.0016529190906666503
81,0.957971598297323,0.036819753674805174,0.005206417194429484,2.2308334422656887e-06
82,0.00037240775276950515,0.00238631582196824,0.2185622085952553,0.778679067830007
83,0.9713197162729333,0.025103926815510862,0.003574048497911761,2.3084136441964783e-06
84,0.02777169282359084,0.970933306541096,0.00027752327321907633,0.00101747736209403
85,0.025848558631526432,0.9726676290156809,0.00030892764493675175,0.0011748847078559303
86,0.0017786780751635092,0.0031748715634203994,0.07356661663099483,0.9214798337304213
87,0.9587893050919364,0.03596178254841149,0.005246279867242313,2.6324924096964166e-06
88,0.9661740946289167,0.03121590084004445,0.002603305839777409,6.698691261590762e-06
89,0.9688047832091149,0.027916318669171943,0.0032495753712601678,2.9322750453000074e-05
90,0.002181337368452305,0.0011320315709589458,0.8151585119892585,0.1815281190713302
91,0.9715885142214544,0.019936663917535673,0.0030393249029352816,0.0054354969580747625
92,0.9743580813310262,0.022154402391047226,0.00335296475686315,0.00013455152106344161
93,0.02366243905983363,0.9748510166479044,0.0002893219351210473,0.001197222357140834
94,0.0017379207083828229,0.0009601490680929306,0.8838890630090658,0.11341286721445838
95,0.0009267256602759243,0.002139815180637473,0.8091690703225198,0.18776438883656665
96,0.026639066744148558,0.9720418456067129,0.00028802672032123743,0.00103106092881729
97,0.0352169193275249,0.9632658969595195,0.0003559680717550182,0.0011612156412006598
98,0.003568906079617049,0.0011689517138186352,0.8092514353216457,0.18601070688491866
99,0.0003608587354128741,0.0025730110100227444,0.22010327277038189,0.7769628574841826
