,proba_0,proba_1,proba_2,proba_3
0,0.002079211610162995,0.01121121931752457,0.7695828869613244,0.21712668211098807
1,0.9758493928490828,0.023549657321678144,0.0006008454288606427,1.0440037854353345e-07
2,0.0023742202589500548,0.006668165478225331,0.7312386302901457,0.259718983972679
3,0.02625654671595913,0.9522139316421523,0.013377573934002487,0.008151947707886156
4,0.9832952044008926,0.01611708183389139,0.0005689581776399141,1.8755587576080418e-05
5,0.002341541867662348,0.002125606978830573,0.8180939369356777,0.1774389142178295
6,0.015614900866423217,0.9764965566385216,0.004303472501833082,0.0035850699932221093
7,0.023906814762928198,0.9691506872158162,0.0062407772582327575,0.0007017207630226707
8,0.015108793003208788,0.949333840746532,0.004931270737470646,0.030626095512788505
9,0.001255088050658169,0.002931423336488014,0.21478194680524992,0.7810315418076039
10,0.0021486856256999606,0.0009449678131035966,0.892709827256191,0.1041965193050055
11,0.03463709656425231,0.9330476870553684,0.027567841374864187,0.004747375005515105
12,0.0022619976153557568,0.001605946239069012,0.7975486142334318,0.19858344191214344
13,0.0024661209612324465,0.0008443351392110367,0.8619765236450082,0.13471302025454818
14,0.0023133980334378015,0.002200374443455676,0.8005424140879633,0.19494381343514317
15,0.0027301342421898315,0.0008530337698998431,0.17038921502473203,0.8260276169631783
16,0.017054906684227163,0.9043744444785417,0.010078152587311094,0.06849249624992015
17,0.002338214019673922,0.010539757274975909,0.7046114817417749,0.28251054696357536
18,0.9721694026235544,0.026918263379991397,0.0009123339866161405,9.838059442853191e-12
19,0.9772268957192766,0.0221687135365634,0.0006043481713215907,4.257283849115901e-08
20,0.002402243453524326,0.0015577172336088121,0.7716965526834689,0.224343486629398
21,0.002569072623083728,0.0006358208790691164,0.18668049468579279,0.8101146118120545
22,0.002538428819031431,0.0006733170117236988,0.19247866915465744,0.8043095850145874
23,0.9843645119326165,0.015093129307534144,0.00047490336121734124,6.745539863188107e-05
24,0.019816849175614736,0.9743991500932975,0.005746815721035479,3.718501005234332e-05
25,0.0028762714087170295,0.018021488939919002,0.8035557230201785,0.17554651663118548
26,0.002568316726488302,0.0008410016779306674,0.8474158819008338,0.1491747996947473
27,0.002539684555689797,0.000624681329337999,0.18397911346466123,0.8128565206503109
28,0.002594412605918407,0.0013546311428060042,0.8208552412979794,0.17519571495329617
29,0.002286550501769327,0.001739246066088129,0.13211601031932962,0.8638581931128129
30,0.0024450543470546223,0.001544549617853874,0.8378246689053855,0.15818572712970597
31,0.02078032822159612,0.972592625471036,0.006186245432867324,0.00044080087450069797
32,0.016434778660095854,0.9688032301535359,0.0022560260793379064,0.01250596510703041
33,0.014471956565776921,0.9797443775229775,0.005724762486400969,5.89034248446786e-05
34,0.9770141537268604,0.013128812550165014,0.0003453463051856089,0.009511687417788942
35,0.0015993040137410148,0.004741828495499039,0.16659029836057876,0.8270685691301811
36,0.002768824782339779,0.019611476363802446,0.7942543962076842,0.18336530264617348
37,0.9845300954012632,0.01488716208815347,0.00041041736592016255,0.00017232514466292305
38,0.03828686927498004,0.8944322048877927,0.06728092583708488,1.4224385613676616e-13
39,0.001307978772121096,0.003289017661637902,0.19347769065959386,0.8019253129066471
40,0.0015553929057139128,0.0022340855908592936,0.8527899412088215,0.1434205802946053
41,0.008029732345516705,0.01560211680718103,0.023246584885550644,0.9531215659617517
42,0.023339799782576155,0.9608307124671193,0.015829311259754605,1.7649055010572128e-07
43,0.01812652069172753,0.9717493454399152,0.004915020795774655,0.005209113072582573
44,0.0012731264011509888,0.003280197355088366,0.19870956896317746,0.7967371072805832
45,0.021639173746863912,0.9712008633741267,0.007039220964169224,0.00012074191484016291
46,0.980934763043291,0.0037332796178899588,0.0027926738865026563,0.012539283452316268
47,0.0024136561723595963,0.0012019590326604668,0.1375949215689723,0.8587894632260077
48,0.002721973473825209,0.0171470851910404,0.05903015604379064,0.9211007852913438
49,0.002192750561216855,0.0010580890685871402,0.797624842635638,0.19912431773455816
50,0.026270659852098945,0.9662930605890547,0.007356179175625011,8.010038322149907e-05
51,0.0031976434536027717,0.025813859235429705,0.05531359546413241,0.9156749018468352
52,0.08499295482192097,0.7579109382784036,0.15709610689967346,1.8616324867143685e-15
53,0.9492456113025294,0.04874739463417101,0.0020069940614564725,1.8433588666388112e-12
54,0.0022375148709439974,0.003741574152981016,0.789175560083612,0.20484535089246297
55,0.9783827247349515,0.01857296397968974,0.0005222055762304953,0.002522105709128272
56,0.002303888580127076,0.0024913885154749984,0.7456701412426088,0.24953458166178913
57,0.9782969851535304,0.02110629732797576,0.0005966656098006748,5.190869310940968e-08
58,0.0010095587265508122,0.003408552932217917,0.8399869040012188,0.15559498434001248
59,0.0017059519995581815,0.0010448053163317574,0.8371807464735019,0.16006849621060817
60,0.009167660151001854,0.033598221623591454,0.3911793635296871,0.5660547546957196
61,0.9796314621625812,0.019698001616115263,0.0006701844349478893,3.51786355757302e-07
62,0.002474218810286345,0.000999330048866065,0.8502496865449114,0.1462767645959362
63,0.02783965444500265,0.9464253899118168,0.02573495563201155,1.1169023373363613e-11
64,0.002060633462038803,0.0010308721561037145,0.208134882449828,0.7887736119320294
65,0.9790035516661305,0.01387415295841095,0.0004168393154654501,0.006705456059993124
66,0.020405162052086586,0.9671655430371199,0.012429224154761389,7.075603232298466e-08
67,0.9480322607044948,0.051273036135192795,0.0006936145564537601,1.0886038587294631e-06
68,0.016901936984035033,0.9773409394669387,0.005650646027542803,0.00010647752148350788
69,0.9510104883644795,0.01527553315489014,0.0004216392428297107,0.03329233923780057
70,0.9805155803072472,0.016195309842865355,0.00045512314816691443,0.0028339867017206045
71,0.02021239752811403,0.9668354939658876,0.00496837880257031,0.007983729703427965
72,0.0014047114499852204,0.0016604654782245002,0.8310194143396277,0.1659154087321628
73,0.0024007324192157203,0.0014152870496908396,0.13376333503043722,0.8624206455006562
74,0.9722528261825174,0.002731190259108497,0.0037768528854205665,0.021239130672953414
75,0.08059437211378984,0.7902036846753568,0.12920194321084968,3.571961920222912e-15
76,0.023298031925706248,0.9654800799055615,0.011221655454490737,2.3271424146879777e-07
77,0.002644331889894718,0.0006385424997009902,0.18631699269383983,0.8104001329165643
78,0.002395536514635117,0.0011255303725812842,0.8338489644902393,0.16262996862254434
79,0.015992184765354335,0.9619881900203442,0.004184097068626729,0.01783552814567492
80,0.017474037475596164,0.9762580731509262,0.00614896471790483,0.00011892465557277773
81,0.9375942984816434,0.06079338815628937,0.0016123133501139534,1.195350418315186e-11
82,0.0014819730400631454,0.002193045421057433,0.20616621514575528,0.790158766393124
83,0.9728571582156188,0.026162357853977056,0.000980483898894725,3.150939262549815e-11
84,0.017963115391257813,0.971445542814898,0.010590950246958062,3.915468863718641e-07
85,0.014626273132395503,0.9792224122686899,0.006140088742519921,1.1225856394698786e-05
86,0.0022359775945871322,0.00424097309891357,0.0888992517284077,0.9046237975780916
87,0.9727542511940739,0.02644949027211454,0.0007962584620509186,7.176059519389368e-11
88,0.9827105849056739,0.016639774344758874,0.0006370545008507162,1.2586248716458695e-05
89,0.9826066399608717,0.012729130767486364,0.00036200761118744784,0.004302221660454517
90,0.0025581724647040748,0.0014421761070250597,0.7243338071095101,0.2716658443187607
91,0.9839059637947511,0.006617933043236426,0.0007570379797308438,0.008719065182281702
92,0.9811055062024527,0.011715097406111106,0.00036206639854691116,0.006817329992889264
93,0.015320261586390181,0.9759860460850432,0.008692099961889611,1.592366676925037e-06
94,0.002642225730304894,0.0010244802714669563,0.8360180004909795,0.1603152935072487
95,0.0009887248618910347,0.005150545930114824,0.7875630821427929,0.20629764706520137
96,0.017538495984090758,0.9737217213933452,0.008739047907809409,7.347147545116044e-07
97,0.027575915411317653,0.945300017265576,0.027124066301824908,1.0212814877089184e-09
98,0.002250308877686312,0.0037112547991672057,0.755731411599204,0.23830702472394255
99,0.001422925559833938,0.0024206485118316023,0.21254717544262938,0.783609250485705
