,proba_0,proba_1,proba_2,proba_3
0,0.020382463640249725,0.03056866202592137,0.9142556715370748,0.03479320279675402
1,0.9470739133187764,0.02392488813294655,0.0180564399860821,0.010944758562194875
2,0.011088992857803093,0.014626133005385542,0.9534961212487364,0.020788752888074805
3,0.048036417589096166,0.900653767106521,0.032104250465085755,0.019205564839297064
4,0.947489297034189,0.024107054807109052,0.017728396680638244,0.01067525147806369
5,0.01434374908223721,0.019713859418920864,0.9497938255699521,0.01614856592888991
6,0.041585380201155354,0.9035696648503307,0.03411167513778647,0.02073327981072754
7,0.05370154435570364,0.8960573142668029,0.031674543985797485,0.018566597391695944
8,0.04182759478120996,0.9049441266432104,0.03312902558077925,0.02009925299480014
9,0.012816265195137573,0.0200871012756235,0.03683597054032944,0.9302606629889094
10,0.017902989942080463,0.0255700069817487,0.9386609075852903,0.017866095490880588
11,0.04982281591046529,0.8983535763376506,0.03244172525466566,0.019381882497218797
12,0.013761049456848175,0.021493313568065477,0.929025674754027,0.03571996222105915
13,0.016331418168655118,0.023531072213296467,0.9367763696908846,0.023361139927163786
14,0.014023896697616797,0.019224147184624125,0.9493735966748174,0.017378359442941926
15,0.01000574258093591,0.015584383840503552,0.027316806754697085,0.9470930668238635
16,0.037793255237006565,0.9053018658697745,0.03519352386696723,0.0217113550262518
17,0.019017304151916426,0.02772763912386161,0.9073900716555439,0.04586498506867795
18,0.9526071306272883,0.020423215160427017,0.01693298534273767,0.010036668869547172
19,0.9480999361984638,0.023027746959288154,0.018000680659135064,0.010871636183112947
20,0.013864897548343667,0.020262649222040453,0.9400553954333603,0.025817057796255642
21,0.01045372065303541,0.015943249480203713,0.031218962150667755,0.9423840677160931
22,0.010623498430983027,0.01599582364030791,0.03426258441316018,0.9391180935155491
23,0.9480946273578679,0.023444490897794712,0.01777369505754642,0.010687186686790915
24,0.04771209090612688,0.9015892589078393,0.03173064612845414,0.018968004057580035
25,0.010006361348418561,0.011712686164985747,0.9670638238305941,0.011217128656001657
26,0.01602465876700135,0.023209944314472767,0.9361940715635225,0.0245713253550035
27,0.010454036310710978,0.016108323621577537,0.028564505311186907,0.9448731347565248
28,0.015053990734760476,0.02139391152642039,0.9448051859156745,0.018746911823144714
29,0.008781225799765648,0.012841196961668782,0.03176206062839864,0.946615516610167
30,0.01505343283227881,0.021012939118848575,0.9475424538403061,0.016391174208566364
31,0.04944514861326232,0.9001450523070571,0.03159465109563385,0.018815147984046463
32,0.03636266437939103,0.9053038177511814,0.03602899801877219,0.022304519850655388
33,0.039908109247094294,0.90556627357825,0.03382040634012926,0.020705210834526484
34,0.9526061867258059,0.020147690242661442,0.017055200544546074,0.010190922486986722
35,0.013323704762716278,0.0212225705914996,0.03461473907544224,0.9308389855703421
36,0.009919306393222763,0.011813127810048918,0.9655585583810399,0.012709007415688738
37,0.9493976015332227,0.02264611227413082,0.017464525750442016,0.010491760442204522
38,0.0488251119238003,0.899878915663979,0.03218017053107196,0.019115801881149003
39,0.012463413121626733,0.019375382326123115,0.03397463191569478,0.9341865726365554
40,0.01697521061732015,0.025370790124163496,0.9208555572295819,0.03679844202893474
41,0.014685695778522946,0.023269918281127337,0.03257146203874675,0.9294729239016027
42,0.053625209385506085,0.8945302915105497,0.032788926869162384,0.019055572234781694
43,0.0447973355488318,0.9041271526996767,0.03186060469064399,0.01921490706084768
44,0.012650176199696703,0.01991860230194672,0.03343955915715599,0.9339916623412007
45,0.05031289581898637,0.8992516498459572,0.031646643688757095,0.01878881064629914
46,0.944005319357738,0.024431152930431868,0.019712899098231443,0.01185062861359876
47,0.009198582045679048,0.013758278758255317,0.028798943818963793,0.9482441953771019
48,0.0053399545331252645,0.006305411666348507,0.019967754823126842,0.9683868789773994
49,0.01575020043000484,0.023641763555943683,0.9200268617270588,0.04058117428699254
50,0.055385175141442325,0.8945857728637426,0.031570057867691154,0.018458994127124005
51,0.00511986652974938,0.005809395532110127,0.023080007211541437,0.9659907307265992
52,0.05949797112336857,0.8903303098359505,0.03179073785314839,0.018380981187532477
53,0.9091722724033962,0.052596784199510395,0.02353083949873701,0.014700103898356224
54,0.013294829637710818,0.018219870284438233,0.9498217852679741,0.01866351480987681
55,0.9418642481056086,0.026898599112821404,0.01936518124403318,0.011871971537536852
56,0.013335791056481054,0.018234187300409214,0.9481206905031437,0.02030933113996613
57,0.948513147182526,0.02300979838037821,0.017775187738293566,0.010701866698802224
58,0.017827021058791175,0.025844998044888542,0.9264499013629646,0.02987807953335572
59,0.017017034451948902,0.024964943558929246,0.9345955169088003,0.02342250508032142
60,0.021630013514891293,0.031419632076083566,0.9064465884915732,0.040503765917451834
61,0.9468326695033028,0.02430618989697007,0.018006714953687875,0.010854425646039313
62,0.01632365552750311,0.02388810369826342,0.9389462257325866,0.020842015041647163
63,0.055799602880011435,0.8944307930660849,0.031389646252030244,0.018379957801873636
64,0.011057387670943823,0.01677066049938464,0.0338605893985291,0.9383113624311424
65,0.9457074665194265,0.02494477339231742,0.018250913013934528,0.011096847074321568
66,0.046536535874419374,0.9018456079795615,0.03229747318944809,0.01932038295657097
67,0.8991222378304959,0.06027803845814574,0.024903271318080192,0.015696452393277816
68,0.04327799410710208,0.9047732139648801,0.03232019030539882,0.01962860162261903
69,0.9393108118362427,0.02893178151086123,0.01969319238302018,0.01206421426987589
70,0.9444705580596744,0.024954347839395728,0.018977809065991266,0.011597285034938622
71,0.049717720074555515,0.8996875524547238,0.03176826047081507,0.018826466999905627
72,0.0163089272097305,0.024328123704577886,0.9240043401068936,0.03535860897879788
73,0.008874926262901237,0.013270412814529058,0.026509208393065465,0.9513454525295041
74,0.9425097965808542,0.02490565976465985,0.020385934071673783,0.012198609582812225
75,0.05107621234430943,0.8989288508711683,0.03138401953355064,0.01861091725097182
76,0.04958315768922836,0.899641286324558,0.031874374227383956,0.01890118175882931
77,0.01068379966085005,0.016216297591361537,0.035899718675014444,0.9372001840727741
78,0.015492084803811687,0.02277550135189295,0.9381638093581466,0.023568604486148823
79,0.041758438871682985,0.9053971091066201,0.032799189425885424,0.0200452625958116
80,0.041857392613056224,0.906013186681571,0.03236745293609349,0.01976196776927883
81,0.9059654910940484,0.05630330521896671,0.023144070829832834,0.014587132857152027
82,0.012101182988708676,0.018794461199005578,0.0332939822379087,0.9358103735743771
83,0.946957535315773,0.024345237314048224,0.01789153389013206,0.010805693480046678
84,0.044908444725252405,0.9038654031925356,0.031949990643661816,0.019276161438550148
85,0.03862490855009802,0.9051400408374143,0.03483343267340153,0.021401617939086032
86,0.0071057397234766395,0.009409363688467294,0.024282002147314772,0.9592028944407414
87,0.9487398032336269,0.023049571157070087,0.017712561390127488,0.010498064219175648
88,0.9482109210598553,0.023256603073860495,0.01778334331463724,0.010749132551646938
89,0.9473504598600938,0.02378902505934308,0.017991286551336576,0.010869228529226635
90,0.013645177470742271,0.019695442014820173,0.9363243438460844,0.030335036668353237
91,0.9564064116409737,0.016787029389073862,0.016968796627823607,0.00983776234212899
92,0.9486830603065508,0.022785448894558386,0.01783337795274292,0.01069811284614785
93,0.04021004522246793,0.9058275942971118,0.033501888073084886,0.020460472407335256
94,0.016106671569328938,0.02331993276477074,0.9394427004680709,0.02113069519782929
95,0.01793371483124371,0.026435994495110852,0.9143821468535923,0.04124814382005312
96,0.04159177513206302,0.9055430326545658,0.03284932412008066,0.020015868093290524
97,0.05931430701434525,0.8887703299387973,0.0330132625829839,0.018902100463873202
98,0.01239977958520363,0.01666765950309533,0.9504835217890986,0.02044903912260218
99,0.012152068611455487,0.018805628960667946,0.03408918786677717,0.9349531145610994
