,proba_0,proba_1,proba_2,proba_3
0,0.0013354571102336971,0.006675471341007538,0.74314219986399,0.2488468716847688
1,0.974243622187167,0.005623624630325387,0.019562972379624028,0.0005697808028836661
2,0.0043168946739096485,0.005701557265719345,0.8844377197693191,0.1055438282910519
3,0.023355432349460716,0.9391429670855248,0.0010889775881471415,0.03641262297686728
4,0.968865875422057,0.00713750249690216,0.023475677648996475,0.0005209444320445838
5,0.004019559554581725,0.003753244474395456,0.8799116132652369,0.11231558270578594
6,0.018830178889502506,0.9379475724325705,0.0010253976933032453,0.04219685098462378
7,0.02720196573690336,0.9402391570907183,0.0012554593467057485,0.031303417825672676
8,0.019377635835310398,0.9376722620468679,0.0009600948299550832,0.04199000728786654
9,0.0006893834569047171,0.006877416566110617,0.05589362064895443,0.9365395793280302
10,0.0023350450403566893,0.004958126931307775,0.8546157508367968,0.1380910771915388
11,0.024476695852641187,0.9394339506057494,0.0011089265186858786,0.034980427022923415
12,0.0035782960951167716,0.00393166232901621,0.833692548530476,0.15879749304539093
13,0.0023112637556453653,0.004235259812400074,0.8438290855017984,0.14962439093015634
14,0.004079478710301101,0.003485988583546335,0.8749610470457553,0.11747348566039718
15,0.001361224175077394,0.005748747666595895,0.09097410348208773,0.9019159246762389
16,0.016649813025217803,0.933324147693684,0.0008368952593490947,0.04918914402174925
17,0.0010755268126880187,0.004819480022590162,0.7045083575070813,0.28959663565764043
18,0.9637808162741651,0.006218662707595964,0.02954624648415613,0.0004542745340827113
19,0.9742209104388421,0.0052714338646895256,0.019946136396973266,0.0005615192994952894
20,0.0038021066051454632,0.00306279874568408,0.8428379443135873,0.15029715033558314
21,0.0011615121650219295,0.0054856567789273265,0.09908161510390259,0.8942712159521481
22,0.0010389312135759637,0.005498428774485614,0.10653346226246263,0.8869291777494758
23,0.9702603661758771,0.006491805441701762,0.02272042893519767,0.0005273994472235427
24,0.024226877949526267,0.9389018551050512,0.001099147652366007,0.03577211929305658
25,0.006662134693247776,0.00786388933742636,0.9395696397516211,0.04590433621770476
26,0.0024655943150386655,0.004077836247527186,0.8451333066347749,0.14832326280265923
27,0.0010876413344446134,0.005738645873794964,0.09491877860531689,0.8982549341864435
28,0.0037271436274753144,0.003281959415562362,0.8712432114933307,0.12174768546363163
29,0.0021533825689207613,0.003749767094483074,0.11349872949879995,0.8805981208377962
30,0.0037535850012204892,0.003192188270273208,0.8706196165097392,0.12243461021876707
31,0.025180285656110586,0.9396148348938606,0.0011347083418458933,0.03407017110818291
32,0.017840458193233218,0.9266772576354653,0.0007090110649398029,0.05477327310636176
33,0.018763196517177103,0.9354295691546973,0.0008811780285808323,0.04492605629954464
34,0.9681609184358696,0.005260008626860022,0.026098735421725725,0.0004803375155446613
35,0.0006053720985126408,0.006926481809211889,0.03203247156715652,0.9604356745251189
36,0.006255760666594207,0.007894016971118674,0.9376531516376996,0.04819707072458767
37,0.969411607584549,0.006299791376753699,0.02377915201980005,0.0005094490188971337
38,0.023121764182330206,0.9403417471232373,0.001130990036378209,0.035405498658054375
39,0.000654301681152544,0.006566817252497234,0.05260782688606512,0.9401710541802851
40,0.0015179245617965337,0.005296665221117546,0.7875000115665453,0.20568539865054053
41,0.0004270490875156269,0.012361518878604897,0.007764399205461558,0.9794470328284179
42,0.024098411078409935,0.941337195763715,0.0012106014725401042,0.033353791685334845
43,0.022343404718613704,0.9385810150264396,0.0010479188713696421,0.038027661383576945
44,0.0006546949639586041,0.0067497572065559055,0.047039289668187205,0.9455562581612983
45,0.026273502269508198,0.9399104174955047,0.0011738687775105863,0.0326422114574764
46,0.9751997299775308,0.005849090173614748,0.01833929097964729,0.000611888869207181
47,0.0017414952937793789,0.004277469266987129,0.10535215248859096,0.8886288829506426
48,0.0027225038550200264,0.007571731296270879,0.21168063766705003,0.7780251271816591
49,0.001861595421372491,0.004403577994033999,0.7823418173056101,0.21139300927898336
50,0.028364563131834067,0.9401261613254221,0.001329256563575611,0.030180018979168284
51,0.0030398238827945953,0.008060719807749578,0.2610784633150529,0.727820992994403
52,0.030019559735758202,0.9402215652498099,0.0014201404037000056,0.028338734610731876
53,0.9767013653351504,0.014918987081651456,0.006851077960152042,0.0015285696230461123
54,0.00427645576734328,0.004679715123381928,0.8718806692073513,0.11916315990192362
55,0.9766964468511716,0.0055186630190247905,0.017129426220470752,0.0006554639093329195
56,0.004115617509632067,0.0034390902740532745,0.8682689514262611,0.12417634079005345
57,0.9718642947766247,0.006014346264561405,0.021586766695580937,0.0005345922632327797
58,0.0014910425971122639,0.005210829885782666,0.7880631450988053,0.20523498241829993
59,0.002265799399513839,0.004820361550763534,0.8298124979279884,0.1631013411217342
60,0.00111233997002923,0.00751927452730783,0.6176443401866858,0.37372404531597714
61,0.9710692581050655,0.00651727436791823,0.021865946161641774,0.0005475213653744001
62,0.002787943315017334,0.004292209298455312,0.856697154251211,0.1362226931353163
63,0.028456680797923153,0.940642998343538,0.0013446047598572395,0.029555716098681618
64,0.0008698086583045534,0.006066609297561164,0.11064540702969318,0.8824181750144411
65,0.9736463922495359,0.006085715890601697,0.019686785285406478,0.0005811065744558545
66,0.022072787405435373,0.9398478707495995,0.0010949741903237826,0.036984367654641255
67,0.9764389993366765,0.01572031381503186,0.006207116847594127,0.0016335700006974352
68,0.021664656886656572,0.937418957091261,0.000979923275137493,0.039936462746944984
69,0.9773074278285193,0.006449587653646926,0.015537956418318129,0.0007050280995156061
70,0.9761705691090538,0.004990892212292382,0.018210708189960033,0.0006278304886938103
71,0.024681303571254053,0.9408928033993114,0.0011790786973196478,0.03324681433211504
72,0.0017570173075679763,0.004916178354886625,0.7876255471847693,0.20570125715277612
73,0.0018555366738403987,0.004091119325656743,0.10670199812240182,0.887351345878101
74,0.9760617406867432,0.0060066011500295845,0.01729478616262612,0.0006368720006009935
75,0.026925899394183987,0.9405806894709342,0.001231777686129872,0.031261633448751984
76,0.024994771828485345,0.9388676319653965,0.0011152547419411866,0.035022341464177126
77,0.0011689684983644771,0.005467030303674974,0.10526202224972193,0.8881019789482386
78,0.0030182429997010966,0.003984499394613968,0.8453371933104983,0.1476600642951867
79,0.02073641486039185,0.9373484854119644,0.0010132046392965668,0.04090189508834706
80,0.020885693821643393,0.9366620182776477,0.0009226473117155265,0.041529640588993305
81,0.9723190036452386,0.017635709361558408,0.008798260371477797,0.0012470266217251746
82,0.0007432189384758239,0.006701382723773252,0.073360701029925,0.919194697307826
83,0.9707993594861564,0.006489231126596772,0.022168752125078718,0.0005426572621680596
84,0.022136738375756478,0.9393614877197568,0.001071547185226779,0.03743022671925985
85,0.017472854513651687,0.9347593474781262,0.000877982614923775,0.04688981539329847
86,0.002329412088111128,0.004239110500300351,0.12697878719249037,0.8664526902190982
87,0.9658590851792601,0.007669747402482102,0.025972504146652187,0.0004986632716055171
88,0.971769847167252,0.005653354150812862,0.022040675488402453,0.0005361231935325971
89,0.9724544677950223,0.00582933350076276,0.021164868757795437,0.0005513299464194043
90,0.003630266940591584,0.0027929025122015714,0.8408138397786703,0.15276299076853653
91,0.9633954241819728,0.004319717409553587,0.031843738590025095,0.0004411198184486403
92,0.9710736826457945,0.0059943357501636785,0.022402664626764476,0.0005293169772773105
93,0.018750592890704847,0.9368107276593749,0.0009071848671708086,0.043531494582749325
94,0.0029193635799434283,0.004059984513673646,0.8503700539671013,0.14265059793928167
95,0.0011856987283704703,0.004940588118221221,0.7588034691105427,0.2350702440428655
96,0.02011292817092027,0.9369482602672448,0.0009513562120341804,0.04198745534980073
97,0.02699233638624396,0.940624624602969,0.0013047280833480073,0.031078310927438953
98,0.00410540218222072,0.0041644194542969715,0.8715870381789657,0.12014314018451669
99,0.0007037938626407621,0.006599215016459929,0.0706053743923187,0.9220916167285806
