,proba_0,proba_1,proba_2,proba_3
0,0.017789381438703705,0.029870486217309856,0.909436756414838,0.04290337592914835
1,0.9436120205792872,0.027990658179512806,0.01723388696289892,0.011163434278300985
2,0.012425610921159106,0.017096792975622627,0.9460309049029857,0.02444669120023287
3,0.04752311068352518,0.9091189396675277,0.026631685436166327,0.016726264212781
4,0.9409352246011757,0.030761293027964466,0.017180858868698395,0.011122623502161358
5,0.014353629877234939,0.020622283553910055,0.9442241590442132,0.020799927524641663
6,0.04180891016503916,0.9113977025827729,0.028785059300469554,0.01800832795171848
7,0.053226022631203775,0.9047383468737155,0.02582726236215835,0.016208368132922625
8,0.04192169949407628,0.9122925735160903,0.028142933884931554,0.01764279310490177
9,0.012255998895648157,0.01979061348201497,0.0470880206323543,0.9208653669899824
10,0.016284053835246438,0.025233297548524967,0.9357791163774329,0.02270353223879549
11,0.04942985402971866,0.9071542990229717,0.026651299950971718,0.01676454699633753
12,0.014318559819986889,0.02148725918769558,0.9309136273351679,0.033280553657149416
13,0.014987973989559436,0.02271382043142666,0.9297408404481348,0.03255736513087886
14,0.014005367281218376,0.019997534089960443,0.9423965594198637,0.023600539208957442
15,0.009845441463007336,0.014717612005119094,0.03354057836685455,0.9418963681650193
16,0.037898082260875356,0.913122524434631,0.03012855972623124,0.01885083357826244
17,0.01573912404681511,0.02600159097930054,0.8734127925173834,0.08484649245650083
18,0.9426340550089392,0.029097545339331742,0.017183392506076103,0.011085007145653112
19,0.9441445127817795,0.027350914035467404,0.017306070039149354,0.011198503143603603
20,0.013825664884555324,0.020244198650626356,0.9306084461926758,0.03532169027214266
21,0.01006836526731755,0.015048756062976404,0.033245141973768065,0.9416377366959378
22,0.010181746385299536,0.015253479879046287,0.03405290771445976,0.9405118660211946
23,0.9420190272284947,0.02954883251864875,0.017262665364841095,0.011169474888015448
24,0.04905652970284351,0.9079923421642974,0.0263882518577624,0.016562876275096762
25,0.012912168543990889,0.01721410490775437,0.9563369104158888,0.013536816132365974
26,0.01492029451749522,0.022548453391008434,0.930176707555604,0.03235454453589254
27,0.010162381277099645,0.015256360780053404,0.032000535192553095,0.942580722750294
28,0.01496868863831716,0.02210061296224971,0.939700469180095,0.02323022921933816
29,0.009122508097151693,0.012999799636603812,0.034521937961809364,0.943355754304435
30,0.01458536915531875,0.021475350719599273,0.9385211014925855,0.025418178632496093
31,0.05059726294740699,0.9069980012091676,0.026045459705420985,0.016359276138004447
32,0.03911885783661679,0.9103324260249532,0.031127454981501643,0.019421261156928153
33,0.041292060044823074,0.9121627135588984,0.028615916760034773,0.017929309636243947
34,0.9448785954810373,0.02698482452996687,0.017092440186281366,0.011044139802714643
35,0.01264079514859866,0.020861039879070797,0.03944945488026895,0.9270487100920615
36,0.012747222699775358,0.017008263379726593,0.9559591540924806,0.014285359828016849
37,0.9426864149706401,0.02907356350985635,0.017146558297117722,0.011093463222385662
38,0.047596386383014444,0.9088983888692453,0.02673275937487214,0.0167724653728679
39,0.011891349403549032,0.0190982693018087,0.037372210710241396,0.9316381705844012
40,0.015081424832597693,0.023782749291756906,0.9109217693572152,0.05021405651843023
41,0.013548460074613083,0.023176125783229324,0.027569207395140762,0.9357062067470167
42,0.04871184394584052,0.9077295344578102,0.02677856586208128,0.016780055734267923
43,0.046173026302125,0.9100507072574121,0.026891881207695062,0.01688438523276803
44,0.012060329217175609,0.019538798431739016,0.037581910469694925,0.9308189618813902
45,0.0519463731663391,0.9056393990430229,0.026055560424474957,0.016358667366163093
46,0.9407529063986227,0.02980815202930151,0.017831072799833213,0.011607868772242519
47,0.00923429300441145,0.01335216076782211,0.030568903419505272,0.9468446428082611
48,0.00675502993563149,0.008704010956609536,0.021816984851355515,0.9627239742564033
49,0.014162540648581091,0.021739290549012212,0.9050671726085594,0.059030996193847454
50,0.05494060032922856,0.9032639690445228,0.02567797097270535,0.0161174596535437
51,0.00667777422040458,0.008476315007049793,0.02545821682165813,0.9593876939508876
52,0.05783797201027296,0.9008256619350714,0.025407189999677133,0.015929176054978574
53,0.9137226576949149,0.05361623331214598,0.01973324930474211,0.012927859688197162
54,0.013727141681581347,0.019365109621637296,0.9450528427626189,0.021854905934162252
55,0.9426590751049441,0.028297339141738397,0.017625911226298266,0.01141767452701916
56,0.013448117925112588,0.018918082296325058,0.9396340185816534,0.027999781196908723
57,0.9429711218387896,0.02862224080998724,0.017247398818970923,0.011159238532252189
58,0.015470696023634104,0.024509248999644965,0.9128687649378746,0.04715129003884633
59,0.015536432502904205,0.02402294996184353,0.9287053957332605,0.03173522180199174
60,0.017531773615447097,0.030235795254476564,0.8688443048113909,0.0833881263186855
61,0.9416066977042586,0.029814771740785416,0.017351848335511618,0.011226682219444197
62,0.015469610864318122,0.023541691961241257,0.9358213949886688,0.02516730218577185
63,0.05573004838724174,0.9029849751347652,0.02536338381495266,0.015921592663040413
64,0.0106921574222828,0.016368006500343386,0.03808599298360667,0.9348538430937671
65,0.9427209286036949,0.028884186727297475,0.01722778926936149,0.011167095399646332
66,0.046041416357240614,0.9100000923870524,0.027011494252650214,0.016946997003057063
67,0.9103634294173633,0.05618070988517125,0.02021042515352447,0.013245435543941197
68,0.045460480094642,0.9103265650041055,0.027163308181569545,0.01704964671968325
69,0.9401398364313471,0.030571044777518104,0.017768352824581307,0.011520765966553223
70,0.9441702405314842,0.02693201324832341,0.017540443653927602,0.011357302566264773
71,0.049790582953034665,0.9074793873939819,0.026252280128860387,0.016477749524122766
72,0.014687894614309409,0.022781181276699005,0.9106877862547477,0.05184313785424393
73,0.009088215930389346,0.013055734943276408,0.029506302966191673,0.9483497461601426
74,0.9388501877349931,0.030910641145959462,0.018303994139285015,0.011935176979762673
75,0.05345382477691005,0.9047030101676243,0.025705632099172426,0.016137532956293447
76,0.04970628571603711,0.9074959053850262,0.02629272561582903,0.01650508328310751
77,0.010247992352820886,0.015329556897079299,0.039248246123968156,0.9351742046261317
78,0.014801451580064877,0.02229344613455183,0.9323097190128123,0.0305953832725711
79,0.044369318992270444,0.9106100757841901,0.027674870704273456,0.017345734519266333
80,0.04377973230602419,0.9115082063774111,0.02746310742074494,0.01724895389581939
81,0.9117292252130416,0.05625725709634709,0.01931314939838485,0.012700368292226696
82,0.011660034452890574,0.018517207894633188,0.040045425081285994,0.9297773325711901
83,0.9415761270112508,0.02999408473401575,0.017254615624390374,0.011175172630342917
84,0.046438441340210704,0.9098722518575615,0.026841575300845643,0.016847731501382527
85,0.03934314834742316,0.912541977121156,0.02960242674876799,0.018512447782652805
86,0.007882693514971301,0.010584772043067438,0.02372932837207638,0.9578032060698848
87,0.9384331573825083,0.03255212835122571,0.017638075487924683,0.011376638778341394
88,0.9437814095207542,0.02797582768829088,0.01714279948040008,0.011099963310554685
89,0.9429647266500013,0.028547469966483677,0.017293474459764157,0.011194328923751058
90,0.013713835852401423,0.01976130291111123,0.9302394354868827,0.036285425749604895
91,0.9440207776417304,0.026940644473638954,0.017667226970031365,0.011371350914599312
92,0.942808159929831,0.028694516945706364,0.017306589541378828,0.011190733583083768
93,0.041014310934956305,0.9125581573463686,0.028542810771261334,0.017884720947414154
94,0.015362713361954878,0.02319315383110779,0.9359357175533504,0.025508415253586932
95,0.015323897498628721,0.02473206262148374,0.8937119804610291,0.06623205941885851
96,0.04303764491481371,0.9117230012763792,0.027799809443974772,0.017439544364832166
97,0.052625975645673555,0.9043865613691682,0.026441621141109,0.016545841844049395
98,0.012982188732448934,0.01794509338172929,0.9432077603786789,0.025864957507142912
99,0.011636985695237752,0.018504428776439864,0.03938905742703566,0.9304695281012867
