,proba_0,proba_1,proba_2,proba_3
0,0.0018366117648318352,0.007644280230471531,0.7754852010618705,0.21503390694282618
1,0.9786505027339907,0.008811347035680397,3.092523873374517e-05,0.012507224991595131
2,0.0036173975315015455,0.0015966015050351003,0.8701450367879183,0.12464096417554506
3,0.016218194055117836,0.9711495266511989,4.6784007376502035e-09,0.01263227461528251
4,0.9789538931040026,0.010500131010860326,4.4684565031182576e-05,0.010501291320105901
5,0.005560711129889538,0.0016508462225939616,0.8709715336866815,0.121816908960835
6,0.014620327915307691,0.9726226094632472,2.7298898455735683e-09,0.012757059891555293
7,0.017993147636803083,0.9696765082243541,7.172137349829041e-09,0.012330336966705317
8,0.013690100185513697,0.9723053140581168,3.452448921172644e-09,0.014004582303920515
9,0.001630551720828307,0.008888219249682174,0.07014331799387463,0.9193379110356148
10,0.0031572886365019127,0.0036771296820528833,0.8632738401442054,0.1298917415372398
11,0.01646828789328675,0.9706471064067168,5.525416760882004e-09,0.012884600174579755
12,0.004638236307150813,0.0026007342831595335,0.7996714573744478,0.19308957203524196
13,0.0031084017432112935,0.0032702620398272018,0.8391797838807205,0.15444155233624102
14,0.005836256729869128,0.0014979684646807124,0.8666522000439139,0.12601357476153624
15,0.0028633806648301645,0.004852080396750437,0.0626889388199505,0.9295956001184689
16,0.012892917079403642,0.9720195287316642,2.380675471237376e-09,0.015087551808256647
17,0.001726645810901082,0.007102621067138344,0.7435662087903492,0.24760452433161137
18,0.9812210056314576,0.011115179152066727,0.00010026737852918584,0.007563547837946407
19,0.9782032567496638,0.008742953200261016,3.747924473356772e-05,0.013016310805341706
20,0.00504197835303121,0.002010757742811727,0.8342515108619215,0.15869575304223554
21,0.00263249546907019,0.005105190226931032,0.07059667814707882,0.92166563615692
22,0.002331548066823895,0.005377798200065954,0.08514587501240892,0.9071447787207012
23,0.9783221538314892,0.010579116136842405,4.697449356394831e-05,0.011051755538104368
24,0.016646993503834296,0.9711954526476592,4.521732001323745e-09,0.012157549326774536
25,0.0017565609589854463,0.00216749249631184,0.9164195260970164,0.07965642044768638
26,0.003313948586761725,0.0030376738109389964,0.832022310093875,0.16162606750842434
27,0.002477405929864601,0.00550606309050013,0.06758647061367236,0.924430060365963
28,0.004460055770779868,0.0021744854531263154,0.8598784532749115,0.13348700550118237
29,0.004116477108970516,0.002725443543522208,0.09101825175203572,0.9021398275954715
30,0.004774776548397373,0.0020661409066793737,0.8773206030731294,0.11583847947179393
31,0.01710348358801529,0.9697654134006705,4.924037510989763e-09,0.013131098087276858
32,0.012955129949548057,0.970679264719968,2.380213789676995e-09,0.01636560295027005
33,0.013522730401949162,0.9708657153793215,2.7506836482201482e-09,0.015611551468045657
34,0.9828948416211079,0.00826013650208417,7.041854145249225e-05,0.008774603335355579
35,0.0015188503104407046,0.011826097076772398,0.05263053794326338,0.9340245146695235
36,0.0018470032619666312,0.0021432998388722286,0.9083334054089747,0.08767629149018645
37,0.9795926600502401,0.010414351340678606,5.1260897156857255e-05,0.009941727711924427
38,0.01630217835047346,0.971446380731953,5.124863968169697e-09,0.012251435792709518
39,0.0015949099213288624,0.008675725405532462,0.07651001870175274,0.913219345971386
40,0.0022956931913042274,0.0045701311410857445,0.7996599562380522,0.19347421942955792
41,0.0012305199362810271,0.0217756078109028,0.028789435657044896,0.9482044365957712
42,0.016136650851249226,0.9716434861273713,9.582496137394781e-09,0.012219853438883325
43,0.015532040076354605,0.9719621914478556,3.696561198998727e-09,0.012505764779228634
44,0.0015726149716821158,0.009436227736346132,0.0678043493240994,0.9211868079678724
45,0.017447185075956623,0.969176653547024,5.685612318298756e-09,0.013376155691407002
46,0.9769660974351604,0.008087127493891993,2.0467658524062705e-05,0.014926307412423666
47,0.003553836381250728,0.00330974979075514,0.08214055594449611,0.910995857883498
48,0.0014404487128689312,0.0022068659446589692,0.23981046002983966,0.7565422253126324
49,0.002896236042228671,0.003782067043271783,0.7819560602262492,0.2113656366882503
50,0.019236650066802325,0.9694151209810465,7.333754713999027e-09,0.011348221618396314
51,0.0010266072401699058,0.0021392456836549635,0.3110657801105823,0.6857683669655928
52,0.019488799340192806,0.9689776498359162,1.010160363381375e-08,0.011533540722287416
53,0.9432235134166158,0.02236480712489494,3.54527398486333e-06,0.03440813418450442
54,0.0067027834954716875,0.0012519379043492436,0.8610562739746409,0.13098900462553817
55,0.9753299184763069,0.0073381783825133585,1.3939428428717092e-05,0.017317963712751086
56,0.006222941157789147,0.0012563430679823262,0.8511498041734169,0.14137091160081175
57,0.9785474094659155,0.009821004647958103,4.440500380576173e-05,0.011587180882320695
58,0.002218447790713673,0.00440746028876941,0.8240584948128771,0.16931559710763994
59,0.0030614424694258148,0.00366684916283519,0.8396989271069234,0.15357278126081542
60,0.0015670643552451206,0.011169995499475309,0.7194781812267502,0.26778475891852926
61,0.9768422976236201,0.011176006647141875,4.188560668914761e-05,0.011939810122549023
62,0.003710343254633627,0.0030954818171696798,0.8480448839970095,0.14514929093118706
63,0.018970802298372138,0.9692866531716497,6.923847527734256e-09,0.01174253760613052
64,0.002042172524481608,0.00600902011491746,0.08774743342022506,0.9042013739403758
65,0.9781386965735015,0.008517825267507398,2.6601559863104673e-05,0.013316876599128027
66,0.015552637288769273,0.9718624711002888,4.4641304389981965e-09,0.01258488714681157
67,0.9398192646181046,0.022596559679959223,1.6490780267428571e-06,0.03758252662390948
68,0.0152640565934228,0.9707928957195696,3.0941461131904074e-09,0.013943044592861407
69,0.9729177412206076,0.008719448652337583,1.2837544767473601e-05,0.018349972582287297
70,0.9761063397724458,0.0067223726834512686,1.7431098893345274e-05,0.01715385644520964
71,0.01694035808732957,0.9708859100270477,5.4264589984037656e-09,0.012173726459163647
72,0.0026191802538310977,0.004126780881658674,0.8015225986145521,0.19173144024995806
73,0.003742323311109163,0.003105913990562125,0.07881438326123269,0.914337379437096
74,0.9755872046181879,0.008288579340392366,1.9195811323143723e-05,0.01610502023009655
75,0.017790443815541655,0.9690347095178035,5.452433721035279e-09,0.0131748412142211
76,0.01684382254052339,0.9703536824753666,5.72333259639332e-09,0.012802489260777372
77,0.002633914322137315,0.005112508665175166,0.07719701901611349,0.915056557996574
78,0.003948430486407031,0.0028285455510742067,0.8420606818014086,0.15116234216111013
79,0.01493493368155034,0.9713676299565814,2.5716141422048274e-09,0.01369743379025403
80,0.015390132843236978,0.9706195552250476,2.7608076433725216e-09,0.013990309170907796
81,0.9435847964763194,0.02501503146195084,2.6420722500741963e-06,0.03139752998947957
82,0.0017702590294921305,0.007015445679702814,0.08514028421619323,0.9060740110746118
83,0.9781590760601461,0.00994017384716718,3.9179432646341745e-05,0.011861570660040526
84,0.015761411016748095,0.9717381892020303,3.2861432413906444e-09,0.012500396495078305
85,0.013218604784798403,0.9718585097543884,2.4737936036649837e-09,0.014922882987019733
86,0.005622735472208681,0.0013793746147256307,0.11784955853427058,0.8751483313787951
87,0.9762536639392821,0.014481212580144483,8.183619811695812e-05,0.009183287282456513
88,0.9791132527741871,0.009220072674883876,3.785813312836766e-05,0.011628816417800647
89,0.9787377558070088,0.00909634595306844,3.792325356560964e-05,0.012127974986357147
90,0.004752641773206032,0.0019172638454003196,0.7964232438155766,0.19690685056581703
91,0.985376014714952,0.008287489456916076,0.0001818887255154548,0.006154607102616449
92,0.979471926139725,0.009384669051745172,5.003867133388467e-05,0.011093366137195883
93,0.01315709848995375,0.9718030298436698,3.0373103425319932e-09,0.01503986862906602
94,0.003917752420801267,0.002873824052799978,0.8381812819389007,0.1550271415874981
95,0.0019186646888813795,0.005220201975445308,0.7847448444485863,0.208116288887087
96,0.014396358766089362,0.971998663822611,2.9274713291947003e-09,0.013604974483828362
97,0.017352698068780065,0.9706850360127095,1.3994828823342917e-08,0.011962251923681675
98,0.006277011197986473,0.0011435160370345363,0.8595760359582116,0.1330034368067672
99,0.0016836628172653266,0.007264725257188038,0.08554334250731135,0.9055082694182353
