,proba_0,proba_1,proba_2,proba_3
0,0.019942627917196067,0.03017854735968709,0.9132397532841395,0.03663907143897736
1,0.9481540813285427,0.022574896369539604,0.01837093989747558,0.010900082404441803
2,0.011792156850157158,0.015556986578331607,0.9500751189970635,0.022575737574447998
3,0.04871356459875253,0.899293672478062,0.032537290524909834,0.01945547239827544
4,0.948371090064969,0.022839426051583817,0.018122054501940776,0.010667429381506626
5,0.014731547330166468,0.020002684512922368,0.9477297625209132,0.01753600563599797
6,0.041786825125951665,0.9039194727517724,0.03372452847929746,0.020569173642978552
7,0.05443010499275303,0.8940938344773169,0.0324804839756237,0.018995576554306202
8,0.04214650753049264,0.9043551093190403,0.03325870938179305,0.02023967376867424
9,0.012675795644086024,0.019968177965433726,0.03668065127100372,0.9306753751194767
10,0.01761643758273327,0.02493200383887812,0.9384242243817434,0.019027334196645172
11,0.05000254113422841,0.8975428239591163,0.032872971933977896,0.019581662972677168
12,0.01410383604654212,0.021693685614059474,0.9255131166814928,0.03868936165790577
13,0.01613627466976689,0.02304805851502129,0.9361227063963596,0.02469296041885226
14,0.014405783053696069,0.01948294465786055,0.9473446277212519,0.018766644567191286
15,0.009907017598094854,0.01521473201407835,0.026254626531851597,0.9486236238559752
16,0.03796354611304381,0.905698455994013,0.034776839610638585,0.021561158282304604
17,0.018760760267648155,0.027690004883984327,0.9075044768424115,0.04604475800595594
18,0.9533403545667455,0.019313802270072383,0.01731279466042602,0.010033048502756088
19,0.9491034690120418,0.021708363756016865,0.018344948003732504,0.010843219228208802
20,0.014273312023753537,0.020555174901143714,0.9372792676617375,0.02789224541336541
21,0.010346559276187915,0.015640417383649224,0.03043630008334831,0.9435767232568142
22,0.010527145299546506,0.0157292190370869,0.03378143180955437,0.939962203853812
23,0.9488640067748344,0.022283997741227857,0.018168337798311267,0.010683657685626374
24,0.04848737669401814,0.9001370992749798,0.032167073598002124,0.019208450433000204
25,0.01103768234766518,0.013005247455451462,0.9636484206324577,0.012308649564426016
26,0.015810304671478963,0.022671523926888596,0.9352338447171695,0.026284326684462875
27,0.01034683070447546,0.015812308800250585,0.027936328988294793,0.9459045315069793
28,0.015404493111160995,0.02168831812889748,0.9425006074724286,0.02040658128751273
29,0.008775167386804854,0.01260489180407986,0.03062887936369468,0.9479910614454207
30,0.015478593669891403,0.02132187814558369,0.9455149510348961,0.0176845771496286
31,0.05013402169971179,0.8986045164910569,0.032137733671822925,0.01912372813740836
32,0.03663525040307232,0.9055729833944101,0.03560203167120888,0.02218973453130907
33,0.04019318415591436,0.9052573295083904,0.03380371707692323,0.020745769258772036
34,0.9535955745552214,0.018931676877248046,0.017334435064590602,0.010138313502940064
35,0.01316135541096883,0.021152755986192005,0.03452212480492019,0.9311637637979189
36,0.010925741033652642,0.013098699192926737,0.9620643601320745,0.013911199641346194
37,0.9501210967657154,0.02152675813080533,0.017859157943128572,0.01049298716035074
38,0.04950597380063384,0.898488378474285,0.03263271250155717,0.019372935223524172
39,0.012343375971145975,0.019292644081477447,0.03386618877376526,0.9344977911736112
40,0.01670895749611583,0.024883733639659462,0.9200307661685732,0.038376542695651536
41,0.014626471513205442,0.023838588669064208,0.034260551782336036,0.9272743880353943
42,0.054332754296138736,0.8926406473702492,0.033553725398980466,0.019472872934631666
43,0.04560485968591759,0.9026775337093643,0.03226062828202094,0.01945697832269713
44,0.012529482024443855,0.01982432316294375,0.03349432195888106,0.9341518728537318
45,0.05102991768008247,0.8973979007670158,0.03238977508545254,0.019182406467449033
46,0.9463497041949273,0.02315827323217506,0.01909178906371947,0.011400233509178211
47,0.009147608047022828,0.013457377343178244,0.027725822180195096,0.9496691924296041
48,0.005754684881396032,0.0068615475803756945,0.01975541950340678,0.9676283480348215
49,0.01550681584019393,0.023145342999979165,0.91902892023927,0.04231892092055697
50,0.056316839955108375,0.8924301225852614,0.03238309159949869,0.0188699458601317
51,0.005550655386684245,0.006347624574839696,0.02301458696840862,0.9650871330700673
52,0.06020222950707127,0.8882507266807594,0.03270737609794838,0.018839667714220534
53,0.9028866728065167,0.05644389174330073,0.02524468466334978,0.015424750786832891
54,0.013706678805489978,0.018532181846377938,0.9476746744439918,0.02008646490414043
55,0.9435759196534447,0.025188222875417204,0.019506219092248582,0.011729638378889524
56,0.013733319039496726,0.018531605574988924,0.9457718613485487,0.021963214036965443
57,0.9493755773867247,0.02180126234235824,0.018140188087871524,0.010682972183045323
58,0.017501626311028775,0.025347088685585748,0.9256681054139848,0.031483179589400945
59,0.01674694468067051,0.024319298783617965,0.9338391526528583,0.02509460388285309
60,0.021170381368721517,0.031354360320095274,0.9065154595027392,0.040959798808443866
61,0.9476668319887193,0.023024913423803868,0.01844053616269181,0.010867718424785016
62,0.01616680851963469,0.023307724433209012,0.9384072403097843,0.022118226737371828
63,0.056376557138481685,0.8928860115774702,0.03202705275260026,0.018710378531447972
64,0.010967929661171362,0.01658657731486084,0.033465752899013955,0.938979740124954
65,0.9468713256137556,0.023488411080060258,0.018580139081340076,0.011060124224843941
66,0.0470291554275836,0.900755037274208,0.03266491014366172,0.019550897154546384
67,0.8926884396159657,0.06451405441905492,0.026472176105372284,0.016325329859607163
68,0.04374544334875334,0.9040277843791971,0.032470497670775214,0.01975627460127424
69,0.9410313240037826,0.02718140649575256,0.019857885500125,0.0119293840003399
70,0.9459916594381744,0.02337240438675329,0.019160052592447564,0.01147588358262468
71,0.05046234908819652,0.8980422091906918,0.03234682423837242,0.01914861748273985
72,0.016058389937893162,0.023835482558615336,0.9228553918287435,0.037250735674748035
73,0.008844067380447565,0.012994469897195134,0.02546326648683246,0.9526981962355249
74,0.9447932178716144,0.02393248519504796,0.01959018169030352,0.011684115243034072
75,0.05188681116440336,0.8969920036911726,0.032121730269083396,0.018999454875340504
76,0.050399040359541875,0.8978346107537447,0.03251477817059763,0.019251570716115503
77,0.010585646423870916,0.01592822385236774,0.03535325000124314,0.938132879722518
78,0.015354383993355702,0.022243079683522387,0.9372263548722788,0.025176181450843146
79,0.042255610370303176,0.9049381466224351,0.03275367609930207,0.020052566907959844
80,0.04236699525076539,0.9051244566695559,0.032578929740466944,0.019929618339212158
81,0.901299013284746,0.05897477961003877,0.024580106200805335,0.01514610090440973
82,0.011987592137546153,0.018641505183663774,0.033102810318250527,0.9362680923605394
83,0.9478176305331818,0.023060417896541986,0.01831039667272411,0.010811554897552108
84,0.04534365816895786,0.9031524854116396,0.03209865528530708,0.019405201134095586
85,0.03882042917530928,0.9055017241168681,0.03443249567698671,0.021245351030835743
86,0.007353277311959012,0.009718649406734456,0.023721781754553826,0.9592062915267524
87,0.9491508246213309,0.022109999689286716,0.01819889477410681,0.01054028091527564
88,0.9491152591359617,0.022014596594883393,0.018138293073646228,0.010731851195508802
89,0.9482937954041566,0.022478059789198996,0.018370272460579883,0.01085787234606461
90,0.014060964787326224,0.020081350415052986,0.9335952583182758,0.03226242647934505
91,0.957474478002144,0.01590204314279573,0.016963551579397423,0.00965992727566272
92,0.9495914278590295,0.021567481213240928,0.0181713966762204,0.010669694251509045
93,0.04063704043450696,0.9051694171377721,0.03361200341922669,0.020581539008494243
94,0.015962656765396075,0.02282076230910869,0.9386741316749396,0.022542449250555464
95,0.017714960834482867,0.02623699115433794,0.913867416505985,0.04218063150519403
96,0.042059787699067507,0.9049264911417424,0.03292542493397275,0.020088296225217198
97,0.06010928617063824,0.8864182294454183,0.03405038987445697,0.019422094509486662
98,0.012871102754610106,0.017094234637314305,0.948333624433153,0.021701038174922225
99,0.01204074373857182,0.018668494815399228,0.03388283448281696,0.935407926963212
