,proba_0,proba_1,proba_2,proba_3
0,0.00628667598500255,0.0015522031611840338,0.7424286759408619,0.2497324449129516
1,0.9590004703776012,0.04088409277499203,0.00011527025104304207,1.6659636375377246e-07
2,0.0005082102914707048,0.024685755023648687,0.7597446947047308,0.21506133998014978
3,0.04573210022028915,0.9505703054104983,0.002117140244390053,0.0015804541248224985
4,0.9613985954432257,0.038533112726438244,6.268745419222102e-05,5.604376144021358e-06
5,0.0009524887560957717,0.008153432959701057,0.8099316023945382,0.18096247588966485
6,0.04899442317911039,0.9505141461353266,0.0004219561511930892,6.947453436983211e-05
7,0.04476469244788588,0.9538422698815667,0.0013620809136327464,3.095675691483744e-05
8,0.040534061031840395,0.9555655178144398,0.0003572885426343005,0.003543132611085401
9,0.007969268346977159,0.0005315449662710898,0.2034100251301524,0.7880891615565994
10,0.0019010502196419627,0.0023476951400780545,0.8864419177622035,0.10930933687807652
11,0.04450875833053365,0.9466449043734302,0.0076805563257744,0.0011657809702616034
12,0.0010150116273543875,0.0062876958361709695,0.8198831359261018,0.17281415661037275
13,0.001925839463104208,0.0023669834180798273,0.8489233985575243,0.1467837785612918
14,0.0009694783384865832,0.008311065818884864,0.7887416994776894,0.20197775636493917
15,0.003105131842182355,0.0016181470156254683,0.1708739813210635,0.8244027398211287
16,0.04603524397146263,0.9386486091421494,0.0007038160512867846,0.014612330835101136
17,0.00777478696999132,0.0013189288039555766,0.5917167699620643,0.39918951426398874
18,0.9680812023990278,0.03157366222228664,0.00034512924831029036,6.130375264228359e-09
19,0.9606633630824283,0.039225531514818536,0.00011099376609305569,1.116366600329578e-07
20,0.00126816923332369,0.005634653208398375,0.7851919838680704,0.2079051936902074
21,0.004081133943660626,0.0010446425014785812,0.16593826654918475,0.8289359570056761
22,0.00464528179079636,0.000854200925080046,0.1700210164535881,0.8244795008305355
23,0.9633355415125651,0.03660111220248706,4.825332564191355e-05,1.5092959306066831e-05
24,0.0484050751472276,0.9502951568509119,0.00129877480037076,9.932014897713068e-07
25,0.00028711276637859574,0.05399732093517159,0.7845034514415018,0.161212114856948
26,0.0019104054490994055,0.00246110346356716,0.8240671593933088,0.17156133169402477
27,0.004255114595793555,0.0009538717279873001,0.16778142916732358,0.8270095845088956
28,0.0013400968883256843,0.004862706407747521,0.8077839494325846,0.1860132472713422
29,0.0020518576416893165,0.0037721355273795426,0.12702908985759606,0.8671469169733351
30,0.0012785314999994742,0.0052851234545539805,0.8353727047346493,0.1580636403107971
31,0.04317887290131997,0.9555152365631859,0.0012929919610386864,1.2898574455481206e-05
32,0.05269592845711783,0.946898835600487,0.00023862160285758764,0.0001666143395374506
33,0.042726552505975686,0.9558525486714825,0.0014200954158810348,8.034066608188248e-07
34,0.9643995969425695,0.03181079252655083,2.258738897388693e-05,0.0037670231419059015
35,0.010449802478602369,0.00047386607068150777,0.1588400157728531,0.830236315677863
36,0.0002870432018363741,0.05462989668553269,0.7764254601485805,0.16865759996405047
37,0.9632074074208526,0.03671414004330934,3.782981204906894e-05,4.062272378899686e-05
38,0.039235138869792074,0.8958812146610072,0.06488364645542054,1.378004583460999e-11
39,0.009302649399515755,0.00048330051799788345,0.18160059714893032,0.8086134529335559
40,0.002779609886855681,0.001466944099757602,0.8410247532965905,0.1547286927167963
41,0.01861231811459164,0.0012488646459741632,0.015918219167118386,0.9642205980723157
42,0.03831088892529775,0.9547062802371238,0.006982809366307648,2.147127088253883e-08
43,0.044398114453048115,0.9547917653227018,0.0005533935115924586,0.0002567267126574781
44,0.008774234584953603,0.0004941837693629682,0.19357114399500322,0.7971604376506802
45,0.04164984211220612,0.9561604643621436,0.002186390493981385,3.3030316688411783e-06
46,0.9788670836636136,0.007336983132903361,0.00019905695222820454,0.013596876251254744
47,0.0026617806101497375,0.0023746836395427437,0.12684144385206,0.8681220918982476
48,0.0005839964090402029,0.026630111556888943,0.082977859588359,0.8898080324457118
49,0.0024925488992170387,0.0016747880090570411,0.7956976590232792,0.20013500406844673
50,0.04342951758172501,0.9541755223241932,0.002391412111820558,3.547982261467007e-06
51,0.0004704892886488007,0.0369025411159084,0.0809545135468064,0.8816724560486364
52,0.03158971607818004,0.746911814282544,0.22149846963767345,1.6024481296420837e-12
53,0.9793075339313401,0.01898287802268936,0.0017095876025269609,4.4344365330418236e-10
54,0.0007438719311814862,0.014685065953407921,0.788301619172777,0.19626944294263365
55,0.9434436384671271,0.056360827047283624,3.59643072887898e-05,0.0001595701783004241
56,0.0008837563540187924,0.00981655675302471,0.7687561857604344,0.2205435011325221
57,0.9595867618931373,0.0402999626936263,0.00011313338298587847,1.4203025048445357e-07
58,0.003750790746634997,0.0012543719335668985,0.8281483825019527,0.16684645481784552
59,0.00218954101737682,0.001983137053839489,0.8549640393844844,0.14086328254429947
60,0.016100478358248335,0.0032136634839646165,0.314379321857291,0.6663065363004961
61,0.9610537463757662,0.03884061400251049,0.00010505787391025122,5.817478130192722e-07
62,0.0016444474183524307,0.003257237601105062,0.8611007108652239,0.1339976041153185
63,0.043315401167840245,0.9348763259659765,0.021808272725197995,1.4098520140102904e-10
64,0.005008532227472121,0.0007305949677467973,0.20661782735536796,0.7876430454494132
65,0.9664781022876875,0.03170877298670207,2.1853641332570572e-05,0.0017912710842778016
66,0.04262447259159035,0.953306340521388,0.004069172401299133,1.4485722607428738e-08
67,0.9082140385927115,0.09170646700904625,7.881166554426337e-05,6.827326979269183e-07
68,0.04647745019123337,0.9524878314787519,0.001032490860072145,2.227469942374411e-06
69,0.9517147184858218,0.03387808740778656,1.8016554722601063e-05,0.014389177551669104
70,0.9532720211781316,0.046461674618150914,3.237712323974233e-05,0.00023392708047776273
71,0.04431460978902018,0.9543935134844682,0.0005836261930605828,0.0007082505334509076
72,0.0027523131384305597,0.0015082553043742732,0.8325756429009099,0.16316378865628528
73,0.002226221697447442,0.0030947881229440094,0.13182157607252518,0.8628574141070834
74,0.9749843964747773,0.005464058550996968,0.00032982806044549567,0.019221716913780176
75,0.04048951665486246,0.8225236802004181,0.13698680314140665,3.3129832658453625e-12
76,0.045264539294824414,0.9508577009910234,0.0038777283625655674,3.135158673186306e-08
77,0.0037643529109506373,0.0011278096147646294,0.16924763472875817,0.8258602027455265
78,0.0015471061037493365,0.003561978956204283,0.8373173103330929,0.15757360460695366
79,0.05020590696272716,0.9484216365127842,0.00027414579647914056,0.0010983107280096518
80,0.04671168798874986,0.9522211199457445,0.0010644977473064775,2.6943181990836236e-06
81,0.9709273391469219,0.02813666343505599,0.0009359961761364828,1.241885649714546e-09
82,0.007310951458112916,0.0005519390310750883,0.19068652937539238,0.8014505801354197
83,0.9655509312606259,0.03423952696762623,0.00020952885611440767,1.2915633440613232e-08
84,0.043770446320804915,0.9534402887735028,0.0027892227740865783,4.213160566692703e-08
85,0.04406466212611648,0.954420920839975,0.0015141195234253853,2.975104832046062e-07
86,0.0012758152894776639,0.008298164776119672,0.10092353963044202,0.8895024803039606
87,0.9496041909203357,0.05025810568183796,0.00013767603255285997,2.736527345980262e-08
88,0.9657247813464745,0.03419268497993151,7.982780179118533e-05,2.7058718028524914e-06
89,0.9683897491314213,0.030329128430918353,2.2536699546651247e-05,0.0012585857381136975
90,0.001316388386607128,0.004841209197636514,0.7190372269237161,0.27480517549204014
91,0.9675891841086487,0.024262083221613565,4.762942597599743e-05,0.008101103243761799
92,0.9674922972524205,0.027510092979675535,1.8025536167268357e-05,0.004979584231736686
93,0.03919633779515088,0.9580782523709299,0.0027253316452104763,7.818870860618102e-08
94,0.001488396615754877,0.0032211146032674392,0.8440149361273402,0.1512755526536376
95,0.005142196703204702,0.0010343217122582647,0.7585901122986825,0.23523336928585462
96,0.045974538874057835,0.9518211113864763,0.0022042858717339596,6.386773198685496e-08
97,0.031935385041245046,0.9474247116032581,0.0206399022456869,1.1098099945656748e-09
98,0.000677136330083512,0.014453399980152017,0.775895465480115,0.20897399820964957
99,0.007287235158559054,0.0005606411892329927,0.19990053968964078,0.7922515839625671
