,proba_0,proba_1,proba_2,proba_3
0,0.006417233117665737,0.004925482025924589,0.7173409110267471,0.2713163738296626
1,0.9930160322196455,0.006983870919943741,9.661377922133507e-08,2.466314291336485e-10
2,0.0011492955618017423,0.003164778886435264,0.9054864606767907,0.09019946487497228
3,0.0033859128484085435,0.9931176610625359,0.0034406823206753726,5.5743768380345514e-05
4,0.9905967851304673,0.0093999110081861,7.670562068481672e-08,3.2271557258735387e-06
5,0.0012088319321546667,0.0015725490008080742,0.9314275788969241,0.06579104017011313
6,0.007460584198447614,0.9918089584205978,1.528111962072513e-07,0.0007303045697583956
7,0.006293038299865345,0.9936778329100092,2.1946007504123204e-05,7.182782621181974e-06
8,0.003801324682606578,0.9956433660409219,0.00032736476763342527,0.00022794450883812002
9,0.0005270686594353339,0.0010377883217079675,0.07844915648710417,0.9199859865317525
10,0.0014018910073247228,0.0007263556082729904,0.967735563931645,0.030136189452757145
11,0.002615599568748761,0.9861457935689883,0.011200637800837313,3.7969061425433196e-05
12,0.0011391229852106529,0.0015503059199842776,0.8893671261193936,0.10794344497541146
13,0.0009722168050426233,0.0006775509657352462,0.9511774882610905,0.047172743968131564
14,0.0014085812426993833,0.001658294502399321,0.9301244675443915,0.06680865671050992
15,0.00024626912185279903,0.0008042645507583126,0.07131033614402954,0.9276391301833594
16,0.0032738933701852747,0.9935357782992387,0.001504486749594813,0.0016858415809812126
17,0.0047342293182070965,0.0029001875660762274,0.7349682782811929,0.2573973048345237
18,0.9873867723549493,0.012287046049848887,0.00032618159519917905,2.6190290160337404e-15
19,0.992714284494814,0.007285102391343224,6.130830173589773e-07,3.0825209906856166e-11
20,0.0009173525658435519,0.0011576610706529244,0.9052204305111032,0.09270455585240023
21,0.00027097766207603375,0.0006072755577928922,0.12809035597203602,0.871031390808095
22,0.0002758697768589434,0.0005169826318636708,0.17067995193461322,0.8285271956566641
23,0.9913218891511149,0.008659997097973693,1.0675975192582988e-07,1.8006991159586517e-05
24,0.008756998762237749,0.9912002253597001,2.2068375181837388e-09,4.277367122453427e-05
25,0.0015338142238234605,0.00451367030064513,0.9601805176069317,0.03377199786859973
26,0.0012593028718717984,0.0007018190553989859,0.9456931526880419,0.05234572538468745
27,0.0002562552376866735,0.0005902143946773685,0.13030455175718372,0.8688489786104522
28,0.0011249746686256598,0.0010483089165840922,0.9330811934977926,0.06474552291699756
29,0.00023412353945888195,0.0013789559923624278,0.03486618138885688,0.9635207390793218
30,0.0009741554999670334,0.001161193821606903,0.9431284628056867,0.054736187872739296
31,0.007290918943030705,0.9926887612888236,2.0288119330688696e-06,1.829095621265106e-05
32,0.006395160481153155,0.9914451211686868,7.54404875768721e-08,0.0021596429096725814
33,0.00856376821490235,0.991330328790656,3.3058321175241515e-10,0.00010590266385855126
34,0.9903337492770964,0.007907151427641172,2.7581049156838074e-05,0.0017315182461057007
35,0.0007522060890365177,0.001429522961782967,0.020373144748385627,0.9774451262007949
36,0.001645055708412342,0.005811978172487418,0.9469041090935745,0.045638857025525864
37,0.9909524529891173,0.008931633198804901,5.210622609582809e-07,0.00011539274981691809
38,0.01639456905419286,0.9800860978459623,0.0035193330998447895,7.302280274114594e-18
39,0.0005602773681251296,0.0011048886489876883,0.05599215523705874,0.9423426787458283
40,0.0014776231288201787,0.0009206635360654864,0.9467255742014229,0.05087613913369134
41,0.001457667602034632,0.0024918447408877205,0.0002527486575214697,0.9957977389995561
42,0.011187546136286584,0.9888123985480113,1.4801649477146252e-08,4.051405249007689e-08
43,0.005031479077135904,0.9948817550746308,3.8042693674802365e-05,4.872315455844822e-05
44,0.0005645181860871645,0.0011203506369507061,0.05231841205869762,0.9459967191182646
45,0.007254752636886165,0.9927342387456157,5.554936321213951e-07,1.0453123865942917e-05
46,0.9913084625639713,0.0013211603203037443,0.005274957909609154,0.0020954192061158005
47,0.0002335488098257377,0.001068928046813912,0.0398937688047992,0.9588037543385611
48,0.00023474039312943723,0.0043983983267154,0.01937939537731936,0.9759874659028358
49,0.0012997675325454017,0.0006372763505724626,0.9324840406073099,0.06557891550957226
50,0.007309050907226994,0.9926843147209695,1.6692208521076334e-06,4.965150951205328e-06
51,0.0002516845336256443,0.005345993074141308,0.02048310855859881,0.9739192138336342
52,0.01601346852632202,0.921655550774454,0.062330980699223916,1.2252903775121383e-19
53,0.9878622541592138,0.01062556007391778,0.0015121857668682014,1.1637211344147294e-16
54,0.001389504754321748,0.0023371303884421385,0.923951009909313,0.07232235494792302
55,0.9929667237045519,0.005415990467776014,1.3824453265552356e-07,0.001617147583139428
56,0.0010187804516216326,0.001705507512862328,0.9007844466918277,0.09649126534368832
57,0.9924088625189064,0.007590984834493681,1.5250108471218645e-07,1.4551527159222595e-10
58,0.0018394061843894595,0.0010727950687539807,0.9473832257101867,0.049704573036669815
59,0.0014099146101781682,0.000730856006692963,0.9584553925658907,0.03940383681723803
60,0.00978173269023831,0.007019223840982398,0.02494254607517343,0.9582564973936059
61,0.9910455326347848,0.008954366704216272,8.929836231924468e-08,1.136263652126908e-08
62,0.0009511939927432028,0.0008626581499626754,0.9466240099891542,0.05156213786813992
63,0.014722193007353796,0.9850108103150496,0.00026699667759525343,1.2155058539258754e-15
64,0.0002861436759847591,0.0005660372238915187,0.2118758933117098,0.7872719257884139
65,0.9934732651651644,0.005802003655024975,1.9058655965751423e-05,0.0007056725238449059
66,0.011417125818512874,0.9885828294514499,4.271187965087784e-08,2.0181575538472617e-09
67,0.9898013925806524,0.010198581067898891,2.315583789675081e-08,3.195610702616986e-09
68,0.007751582901301577,0.9919929829259414,1.074878315969652e-09,0.0002554330978787228
69,0.9914728321030946,0.005351087877092512,9.72929517733537e-05,0.003078787068039599
70,0.993065024028936,0.005341275578380127,4.068759952231216e-07,0.0015932935166886324
71,0.004543295846371899,0.9951363248882933,0.0002906272474809879,2.975201785380914e-05
72,0.001287760300734135,0.0007461229095014174,0.9522177386221371,0.045748378167627196
73,0.0002249858195021407,0.0012358192483261639,0.033060822403417664,0.9654783725287539
74,0.9867282497249641,0.00099611756701804,0.008570474207002871,0.0037051585010149574
75,0.017141388300318836,0.9544284337708246,0.02843017792885652,2.669057971589903e-19
76,0.010583933103233278,0.9894159874544763,5.434734774800808e-09,7.40075556748797e-08
77,0.00027627867171552004,0.0006006911319408983,0.13212991622333986,0.8669931139730037
78,0.0008301902784758787,0.0009131794470904887,0.935285731031347,0.06297089924308673
79,0.005249556516324028,0.9944047081213648,2.9757866657997235e-05,0.0003159774956532018
80,0.008099087596740516,0.9916211775863654,1.7108294907882535e-09,0.000279733106064709
81,0.9814152842239264,0.018316815005261125,0.0002679007708105123,1.956553402547517e-15
82,0.0004022422907148955,0.0008505012756904973,0.11015350258433217,0.8885937538492625
83,0.9904487022433242,0.00917773275694156,0.00037356499973002956,4.144435340768859e-15
84,0.010099826123562737,0.9899000379218468,2.0758921856160883e-09,1.338786981600912e-07
85,0.009206155345074457,0.9907835543895823,3.237084294367667e-10,1.0289941634885805e-05
86,0.00022227877227456023,0.0022278481401666254,0.018073993679819718,0.9794758794077392
87,0.9876033248397713,0.012107422251525706,0.00028925290868888216,1.4122478637760423e-14
88,0.9921754169794329,0.007822806986582541,5.119672131705747e-08,1.7248372634486197e-06
89,0.9933920531084965,0.006147456539398927,1.655151890813863e-05,0.0004439388331964019
90,0.0014307918534414163,0.0012677862160919537,0.8607075721828683,0.13659384974759836
91,0.9940813068120936,0.003368415277125535,0.0002116721843658066,0.002338605726415031
92,0.993218747557334,0.006123280887684622,0.00012830023938709904,0.0005296713155942955
93,0.009369666444670422,0.9906290940341684,4.2505020567065103e-10,1.2390961107833265e-06
94,0.0014554138883533989,0.0009404691344021327,0.937377490038325,0.0602266269389195
95,0.0021748315603732312,0.0014402296100851546,0.8969655340815171,0.09941940474802441
96,0.009513146242445062,0.9904864575739827,1.0469469205401433e-09,3.951366252928321e-07
97,0.013033380900076448,0.9869619650950024,4.654002967685971e-06,1.9535078561648464e-12
98,0.001380319472950784,0.002396598002193953,0.9012171830508935,0.09500589947396176
99,0.0004446205530567858,0.0009098056639035603,0.10431294102738214,0.8943326327556576
