,proba_0,proba_1,proba_2,proba_3
0,0.0014687901398578638,0.010790976550257533,0.760181368621078,0.22755886468880654
1,0.971114156284311,0.0053335797895647154,0.022389074553771673,0.0011631893723525633
2,0.002860998308044969,0.0017637523719610105,0.8970397410371238,0.09833550828287028
3,0.02190633672003989,0.9433636538008787,0.0005235023426718482,0.03420650713640954
4,0.9663216080008867,0.006443347050995589,0.026120719488171545,0.0011143254599459051
5,0.004007016774618465,0.0011941942450471278,0.8644191384127994,0.13037965056753514
6,0.01717790293477169,0.9428175161871155,0.0005011130820569952,0.03950346779605565
7,0.025923312132457434,0.9408107442652721,0.0005205162733591982,0.032745427328911114
8,0.01796804290055129,0.9434037953982923,0.0004724517688046537,0.03815570993235168
9,0.0009105196607574863,0.01238247116999187,0.06164523132223578,0.9250617778470148
10,0.0023249588703392675,0.004487767065199501,0.8581200897865082,0.13506718427795308
11,0.023251156735708288,0.9398916421942138,0.00046073971463264803,0.03639646135544532
12,0.003352064124280709,0.0021159792036877377,0.82091721154773,0.1736147451243016
13,0.002298796225976242,0.003647870446555324,0.837058214590483,0.1569951187369855
14,0.004057922385065571,0.001095365763709453,0.8559962778483264,0.1388504340028986
15,0.0016239029719385906,0.004859497380119626,0.08223744071720906,0.9112791589307326
16,0.015091260626028126,0.9404418311423972,0.000421223798955229,0.04404568443261943
17,0.0011806138291034708,0.008858048752109458,0.7119339724253028,0.2780273649934844
18,0.9612941642085646,0.005866377924230351,0.03180247502706292,0.001036982840142234
19,0.9707652505391963,0.005007996426623025,0.023072874820573158,0.0011538782136076644
20,0.0035072632107893396,0.0016461526068281616,0.8284990545799327,0.16634752960245
21,0.0013996886509597434,0.005568006054704504,0.09740302038246337,0.8956292849118724
22,0.001280506805886083,0.0060982306126544155,0.10377558546138038,0.8888456771200791
23,0.9675797888827493,0.005881466523135343,0.02542678380140772,0.0011119607927076486
24,0.02270654768548964,0.9421283337776475,0.0005037638001222497,0.03466135473674054
25,0.004020003753444739,0.0025064771917128843,0.9358158544099725,0.0576576646448697
26,0.002406977653042455,0.0032289277001519606,0.8425691983440159,0.15179489630278978
27,0.0013360226164139493,0.006171398287493044,0.08840263585326849,0.9040899432428245
28,0.0033698074434747967,0.0018025038841526844,0.8662428046059901,0.1285848840663823
29,0.0022935829947719555,0.0020101180884906237,0.09967194017864867,0.8960243587380887
30,0.003412164810440665,0.0017989759045436999,0.8580813747857576,0.136707484499258
31,0.023697369015126313,0.9421966702382314,0.0005176034565366366,0.03358835729010563
32,0.016948403250380658,0.9347962555736871,0.00034643657940504823,0.047908904596527316
33,0.017261479357723895,0.941906565354182,0.0004382450308203575,0.040393710257273785
34,0.9658029785705367,0.005161923429670515,0.027956233586640202,0.0010788644131527303
35,0.0008290150354439169,0.013523086266153063,0.03984899048047677,0.9457989082179263
36,0.0037451771695878287,0.002516824757175137,0.9377147769896604,0.05602322108357658
37,0.9665696968975441,0.005783977088037758,0.02656361748133802,0.001082708533080072
38,0.021804560745872368,0.9432733945193255,0.0005316791152463995,0.03439036561955587
39,0.0008723756634200431,0.011970510712682233,0.06055315301457528,0.9266039606093225
40,0.0016413909707011657,0.006562803967246942,0.7833673371529748,0.2084284679090771
41,0.0006285010746044385,0.016874467679822928,0.014655782392710813,0.9678412488528617
42,0.022850546514381065,0.9447374445861888,0.0005814453894476187,0.03183056350998241
43,0.02091538927300771,0.9424599310665627,0.0004947598545380577,0.03612991980589161
44,0.0008772803006997539,0.012376976240560219,0.054298178224845506,0.9324475652338946
45,0.025108064451399615,0.9394030614340462,0.0004910597568446854,0.0349978143577095
46,0.9720367134091108,0.0056853783891740286,0.02103436738961844,0.0012435408120966402
47,0.001940962688781559,0.0027802453207767136,0.09431241897884123,0.9009663730116004
48,0.001516390700711335,0.002024233974538417,0.38132545513700167,0.6151339201877485
49,0.001982767344286791,0.004659721885192773,0.7704331950644367,0.22292431570608362
50,0.027266966581055,0.9387957594390975,0.0005426572100673491,0.03339461676978001
51,0.00146186855835304,0.0020871173844164547,0.48621579761645206,0.5102352164407783
52,0.028823819726314977,0.939504204114944,0.0005733382610413755,0.031098637897699545
53,0.9741269556526229,0.015398229085273977,0.008330992862337856,0.002143822399765283
54,0.0036741608994651422,0.0013897717791817173,0.8510770465401148,0.14385902078123833
55,0.9738246696893433,0.005466512184066992,0.019379938420987317,0.0013288797056022212
56,0.003895990359789061,0.001027323130406818,0.8467321094847684,0.14834457702503587
57,0.9683431424319425,0.005526602428935669,0.025011751093484164,0.0011185040456375898
58,0.0015972742890303698,0.007248214587479484,0.7883893678050472,0.20276514331844298
59,0.002266280184634648,0.004383928536852308,0.8328534624271441,0.1604963288513689
60,0.0011705172932782214,0.012391670069927195,0.6627507214877038,0.3236870911490909
61,0.9686027104585787,0.006022251116979472,0.024235819900702022,0.0011392185237396218
62,0.002699148383277039,0.0031425751939316566,0.8508673918493677,0.14329088457342357
63,0.02701929711912368,0.9414810616917569,0.0005607919949565366,0.03093884919416288
64,0.001099637235315338,0.00787119652710719,0.1100654772246023,0.8809636890129752
65,0.9709769626072885,0.005818789589603454,0.02201989847429936,0.0011843493288086365
66,0.020721295276062937,0.9437564877290773,0.0005210496015771904,0.035001167393282726
67,0.973832022038962,0.016088025049248666,0.007737495663078935,0.002342457248710401
68,0.020072361635046353,0.9420743641277406,0.0004728834919082006,0.03738039074530499
69,0.9742365537588564,0.006158736281768912,0.018231464453763595,0.0013732455056110105
70,0.9740332080966625,0.004903121283948858,0.019786741279657256,0.0012769293397314166
71,0.023319562981513095,0.9420820095889767,0.0005083998143887299,0.03409002761512146
72,0.0018496059235397608,0.005493772823055683,0.783075650149855,0.2095809711035496
73,0.002042199234039357,0.002430422315727941,0.09177905399056607,0.9037483244596667
74,0.9730635018918182,0.005811933756758961,0.019851415389611368,0.0012731489618115048
75,0.02570931532573702,0.9395959749268986,0.0005192801902689007,0.03417542955709543
76,0.0235181838289661,0.941780481243327,0.0004992155223455109,0.03420211940536133
77,0.0014209560559650025,0.005521699738702231,0.09718349308589602,0.8958738511194367
78,0.0029352253713714202,0.002726010243488632,0.8356062404898974,0.15873252389524256
79,0.018955144240488195,0.9430910196173615,0.0004980627997590158,0.0374557733423913
80,0.019409444196002268,0.9403375305683984,0.00042158903855409936,0.039831436197045156
81,0.9712919750716632,0.01693184922607534,0.009754087021170237,0.002022088681091218
82,0.0009822405831466745,0.01091569034671253,0.07631429725849243,0.9117877718116484
83,0.969447350285023,0.005987326306523849,0.023425135815569667,0.001140187592883596
84,0.02064567211655243,0.9439255159839132,0.0005191945016659982,0.03490961739786838
85,0.015948259827398482,0.9404534726747447,0.00043414986971026197,0.04316411762814667
86,0.0024147634094300184,0.001151711757565092,0.12487813170935998,0.8715553931236448
87,0.9624782434454057,0.006557627964736194,0.029889977467316493,0.0010741511225417614
88,0.9695136872697447,0.005352622622033433,0.024015464752207262,0.0011182253560145356
89,0.9701383808874183,0.005502199103460356,0.023204238498230105,0.00115518151089141
90,0.003290025898630715,0.0015373209598440508,0.8208049760330388,0.17436767710848627
91,0.9614960637817798,0.004481361975991704,0.032919800291458357,0.001102773950770172
92,0.9677829141680625,0.005555607180790472,0.025559751557980213,0.001101727093166749
93,0.01734574007503249,0.9427904508629764,0.00045435181352863376,0.0394094572484626
94,0.0028516264868408614,0.0028821502599543853,0.8465628307806214,0.1477033924725832
95,0.0013338442281237391,0.007882768969150796,0.7526103473522117,0.23817303945051388
96,0.018646003397982266,0.9423322791693897,0.00046593764692821107,0.03855577978569988
97,0.025883964470956557,0.9436107509967434,0.0006189393684772319,0.029886345163822797
98,0.003458446375103394,0.0012009572949055502,0.8399073310393073,0.1554332652906838
99,0.0009205598267420753,0.01093738215774474,0.0768074040362157,0.9113346539792975
