,proba_0,proba_1,proba_2
0,0.20310455780132308,0.25173772808188394,0.5451577141167931
1,0.19454733121007656,0.15558575331913888,0.6498669154707848
2,0.998705088627384,0.00106951031187044,0.00022540106074559366
3,0.24891175201700075,0.2074576145983531,0.5436306333846459
4,0.2643288909575085,0.19998245656120928,0.5356886524812826
5,0.26754876000795075,0.20826940685263787,0.5241818331394114
6,0.15598010451073985,0.24026035546991836,0.6037595400193415
7,0.2535035395962572,0.2489530428967617,0.49754341750698083
8,0.29485488240196733,0.13054459084043604,0.5746005267575967
9,0.23883475807252916,0.17394861023126615,0.5872166316962049
10,0.19232240091319788,0.24036238209341784,0.5673152169933844
11,0.3480586239663929,0.11601896860278257,0.5359224074308245
12,0.21531204946220725,0.23175883771573058,0.5529291128220621
13,0.24092424957996406,0.18257568306077254,0.5765000673592634
14,0.2992121244764838,0.1784842922678129,0.5223035832557031
15,0.15208848182309725,0.2165687815235971,0.6313427366533055
16,0.2827897210370098,0.16049662287618466,0.5567136560868055
17,0.4772532598406289,0.12980521120457925,0.39294152895479206
18,0.10955165842934425,0.20807404810974114,0.6823742934609147
19,0.24757119081887935,0.16213708472450858,0.5902917244566122
20,0.1953922057531886,0.22067375935469397,0.5839340348921173
21,0.17999692385190383,0.22447151168251997,0.5955315644655761
22,0.2732801916279743,0.2090003545767918,0.5177194537952339
23,0.33831927555455255,0.2021307839924939,0.4595499404529536
24,0.207677014602012,0.21131987416216053,0.5810031112358275
25,0.20145589656468715,0.24567760587673004,0.5528664975585826
26,0.11388317833832429,0.21290474375519566,0.6732120779064801
27,0.8561479000982862,0.1090877676461588,0.03476433225555507
28,0.1334541561378062,0.20065191605324223,0.6658939278089514
29,0.9993588905953481,0.0003025497149228524,0.0003385596897289683
30,0.2683602277189737,0.20647562082039678,0.5251641514606296
31,0.20474091103902015,0.2537796124589538,0.5414794765020262
32,0.2883696908480717,0.17612926655082878,0.5355010426010994
33,0.3791034748902318,0.11273180355927902,0.5081647215504891
34,0.3119950564425423,0.21050272850854884,0.4775022150489089
35,0.25437780736505955,0.15742436452150735,0.588197828113433
36,0.15976981060212045,0.17690612657289895,0.6633240628249805
37,0.38905761056089516,0.2536449461471357,0.35729744329196905
38,0.21983781967308721,0.23719400552721293,0.5429681747996999
39,0.10417830469636373,0.21682850072169715,0.6789931945819392
40,0.20896605037086044,0.20866736580915424,0.5823665838199854
41,0.14042474594482382,0.1429777054188478,0.7165975486363282
42,0.20974330644703537,0.18995726598120777,0.6002994275717566
43,0.17837733878216386,0.19918619835005644,0.6224364628677794
44,0.25626035566362704,0.1814874988563113,0.5622521454800615
45,0.21186152929111057,0.15342116300509792,0.6347173077037914
46,0.28236935342558905,0.15650874638187104,0.5611219001925398
47,0.15427690023510238,0.23819886017044423,0.6075242395944536
48,0.11241509953149995,0.21750563461563155,0.6700792658528684
49,0.21039073296543953,0.19610586812895242,0.593503398905608
50,0.2584517134363347,0.2003264134794809,0.5412218730841843
51,0.2213333767897673,0.216500791427314,0.5621658317829186
52,0.3575788775949268,0.1709523798902522,0.4714687425148209
53,0.9995428323967261,0.00021266386589428526,0.00024450373737959426
54,0.2844683893135618,0.14573031338436812,0.5698012973020699
55,0.2329412808571751,0.18063685235870622,0.5864218667841187
56,0.3560982665238586,0.127552930635203,0.5163488028409385
57,0.23357651212904618,0.14949121817483324,0.6169322696961209
58,0.3950696095194254,0.19104565725318035,0.4138847332273942
59,0.3149494072501357,0.1849598834469635,0.5000907093029007
60,0.1939697757288648,0.19633616044118563,0.6096940638299497
61,0.32722569161441456,0.125566936753037,0.5472073716325482
62,0.12290571470109393,0.20056441469555483,0.6765298706033513
63,0.1796903024463512,0.216007431661598,0.6043022658920504
64,0.2023455750616615,0.23232583512580965,0.5653285898125286
65,0.17387562295780298,0.22941713183641324,0.5967072452057837
66,0.29579730561327616,0.20869754619765085,0.4955051481890728
67,0.1581550935679321,0.13588549359653468,0.7059594128355331
68,0.17968536878457178,0.23445534308036917,0.5858592881350587
69,0.27255887353384567,0.15819681178255815,0.5692443146835963
70,0.393843129044346,0.13024095572615305,0.47591591522950055
71,0.2406295561773577,0.2286848430474745,0.5306856007751677
72,0.22565326296107288,0.1696506638140193,0.604696073224908
73,0.19732742138769918,0.19924434835149454,0.6034282302608063
74,0.13477561155149764,0.2633805921205162,0.6018437963279862
75,0.9998548786748167,8.495250537178988e-05,6.0168819811595146e-05
76,0.3242836385538774,0.13028194154519218,0.5454344199009303
77,0.21854088199314464,0.1758556622857585,0.6056034557210966
78,0.15906569255061548,0.20537874486446353,0.635555562584921
79,0.3173515871445437,0.16904656270276172,0.5136018501526944
80,0.18117220971491416,0.20790797047104695,0.610919819814039
81,0.28661683314533987,0.16151206706696883,0.5518710997876912
82,0.9994391906078579,0.0002614794630527742,0.0002993299290893841
83,0.1659692331523544,0.21396675817666144,0.6200640086709841
84,0.26865949743094253,0.19111754446064713,0.5402229581084105
85,0.19315122499446694,0.22226584103184693,0.5845829339736863
86,0.9998101146796,7.228889992442104e-05,0.00011759642047556817
87,0.22996327693062227,0.22182912971155974,0.548207593357818
88,0.32197896821373306,0.1533037415964662,0.5247172901898012
89,0.30231662027641953,0.18773680524649894,0.5099465744770815
90,0.18027562953883822,0.2125319514520065,0.6071924190091552
91,0.20662652848068375,0.22545244383043694,0.567921027688879
92,0.204134799893287,0.2462623697467831,0.5496028303599297
93,0.1738071687614083,0.1384785760135771,0.6877142552250146
94,0.15639252437168458,0.2016869549212488,0.6419205207070665
95,0.22821109871191317,0.22219046438677265,0.5495984369013143
96,0.27189610369119055,0.18027302001166517,0.5478308762971439
97,0.2939888265307064,0.21207403642326175,0.49393713704603204
98,0.27753165923756273,0.20395444013863737,0.5185139006238001
99,0.31269732592955707,0.2225148161553821,0.46478785791506066
100,0.250593642518736,0.23951125132999762,0.5098951061512665
101,0.12603996119764946,0.23337628024546647,0.6405837585568841
102,0.15709610313444403,0.1640755848558323,0.6788283120097237
103,0.11560079717680884,0.25761202979390696,0.6267871730292844
104,0.2662533979062595,0.1870588173447488,0.5466877847489916
105,0.14081065002217633,0.22641463000605502,0.6327747199717684
106,0.2657997402953958,0.1905049254129624,0.5436953342916417
107,0.25206169792297695,0.19282991803366484,0.5551083840433579
108,0.22551315270123687,0.23474033166263794,0.539746515636125
109,0.434854203874077,0.15944060390830386,0.40570519221761914
110,0.23317620915119144,0.254532390857258,0.5122913999915505
111,0.2917364898147855,0.1702374330551071,0.5380260771301076
112,0.10772993244195046,0.2071362556451457,0.6851338119129038
113,0.341513862707028,0.16895737394969534,0.4895287633432766
114,0.22828270150604535,0.1709312776813898,0.600786020812565
115,0.3595888293407241,0.20197507459763697,0.4384360960616388
116,0.19024144865237516,0.25921600388472804,0.550542547462897
117,0.26919375453172223,0.17025270911437512,0.5605535363539028
118,0.37321014363222554,0.1256139877956102,0.5011758685721642
119,0.19278817086350317,0.18759821552924597,0.6196136136072511
120,0.2539977347540883,0.2122710045364708,0.5337312607094409
121,0.2562505962650619,0.22258811626440142,0.5211612874705368
122,0.17274252413309765,0.1606959902918592,0.6665614855750432
123,0.18695110146915775,0.26544481857204477,0.5476040799587972
124,0.2872413350901241,0.14750437755856755,0.5652542873513078
125,0.2689185189436881,0.15041786644725053,0.5806636146090612
126,0.17944438569940815,0.22429268380534176,0.5962629304952501
127,0.30508998456234254,0.15619884906202855,0.5387111663756293
128,0.1989929648214261,0.20233608516813992,0.598670950010434
129,0.22010142225196075,0.24481501534728764,0.5350835624007517
130,0.22379118080834579,0.27113019207770744,0.5050786271139466
131,0.2498935917982115,0.23609696357495322,0.5140094446268352
132,0.38690391064908236,0.15815985512788547,0.4549362342230319
133,0.762310153906566,0.1569956580068581,0.08069418808657595
134,0.22165749166739512,0.15310162641716252,0.6252408819154419
135,0.32319978961582363,0.18038849024974063,0.49641172013443563
136,0.21332366567115524,0.17589396935687215,0.6107823649719727
137,0.2069514634691809,0.15171502250986918,0.6413335140209501
138,0.35480531518312025,0.15968515769366987,0.4855095271232097
139,0.15908143856596596,0.26879525867878573,0.5721233027552486
140,0.3021252107822165,0.15186979575713877,0.5460049934606449
141,0.2771327828490149,0.18082159632658298,0.5420456208244023
142,0.2016814083061231,0.2263320145723891,0.5719865771214875
143,0.3075349293066356,0.18717021170159648,0.5052948589917676
144,0.23601698071448304,0.16936146440712727,0.5946215548783894
145,0.26914382440754425,0.2160113931316568,0.5148447824607988
146,0.28403437154129585,0.15164568063081202,0.5643199478278921
147,0.3724702808039577,0.14905759422758488,0.47847212496845754
148,0.31643702602445944,0.19815395090849186,0.48540902306704825
149,0.28022360253125167,0.18420641538165072,0.5355699820870974
150,0.2275193859851929,0.24511753298858757,0.5273630810262196
151,0.20056924410166102,0.19225261782160993,0.607178138076729
152,0.18588533076944683,0.1884281072782659,0.6256865619522871
153,0.25393392681538846,0.19137090789125027,0.5546951652933613
154,0.2174361088786786,0.24380483283767757,0.5387590582836437
155,0.23222818760962718,0.2163265136754908,0.5514452987148823
156,0.2793622365889567,0.20096025781728744,0.5196775055937558
157,0.364714373837649,0.19759277828295893,0.4376928478793918
158,0.15087701024275932,0.21440626290630546,0.6347167268509349
159,0.22232113721615201,0.20212999190936307,0.575548870874485
160,0.28354977029877215,0.20551825152402092,0.5109319781772074
161,0.3057028885232899,0.16110222925368325,0.5331948822230267
162,0.15076553665321046,0.24176934210252204,0.6074651212442678
163,0.2111637939241332,0.23249067871333332,0.5563455273625336
164,0.3975815112127668,0.17294597718704907,0.4294725116001838
165,0.2665315630804002,0.16379175708158303,0.5696766798380165
166,0.14342342653841575,0.20954159912598838,0.6470349743355958
167,0.17074183433599735,0.22710773798359868,0.602150427680404
168,0.13494572667606675,0.2821830643446239,0.5828712089793094
169,0.18189819485231412,0.21972998843526503,0.5983718167124207
170,0.2693635859550674,0.14157168815422114,0.5890647258907112
171,0.20639590347358816,0.21647115722389296,0.577132939302519
172,0.26290209427787864,0.19474631007435153,0.5423515956477699
173,0.2785807939170501,0.21045696310089415,0.5109622429820558
174,0.22576069800962492,0.16502398158142606,0.609215320408949
175,0.2508189550696016,0.21988427330760438,0.5292967716227938
176,0.2525004309615059,0.2114537633602674,0.5360458056782266
177,0.24890180419747993,0.17311306345169758,0.5779851323508224
178,0.2865709081449259,0.1439617178037723,0.5694673740513018
179,0.307930924434733,0.1577582857171947,0.5343107898480719
180,0.24843294954313777,0.2035926016464752,0.5479744488103873
181,0.19942827651546485,0.215702745910946,0.5848689775735889
182,0.28095281119756826,0.18380028544217486,0.535246903360257
183,0.1823050167395629,0.2599981442430119,0.5576968390174253
184,0.2260261237673095,0.19607950930184853,0.5778943669308423
185,0.1820182216940346,0.16507689421438795,0.6529048840915777
186,0.3505417740415226,0.1870175485739406,0.46244067738453665
187,0.3047103328582469,0.1507211798411042,0.5445684873006491
188,0.3134992783370808,0.15140529973600186,0.5350954219269172
189,0.2509746093903339,0.16585645912992775,0.5831689314797383
190,0.23180014230382764,0.2151927452630964,0.5530071124330758
191,0.3348673385909275,0.16965753792652755,0.4954751234825452
192,0.2819015416135129,0.18593165145283772,0.5321668069336495
193,0.26281439500852394,0.17913702770233014,0.558048577289146
194,0.1492339633713797,0.2582216743851326,0.5925443622434876
195,0.21823166677854464,0.21547172294173067,0.5662966102797246
196,0.2856203272899863,0.11640932158165006,0.5979703511283636
197,0.12628876828633054,0.20518626731666084,0.6685249643970083
198,0.2666105517602128,0.2221921481081251,0.5111973001316615
199,0.13753065537275766,0.21034123117217435,0.6521281134550679
200,0.18207571225601407,0.23168146917949328,0.5862428185644925
201,0.2744869437237099,0.15053755491385024,0.5749755013624396
202,0.23481398130811146,0.19469115759188832,0.5704948611000005
203,0.27253402085044465,0.20656926451609317,0.5208967146334622
204,0.21922604948616084,0.22864252728815163,0.5521314232256874
205,0.21065359742210193,0.2074623910426363,0.5818840115352617
206,0.2168332711519251,0.2549114806056987,0.528255248242376
207,0.2527996522366612,0.20670619273683213,0.5404941550265068
208,0.16321823580424913,0.23011256568388677,0.606669198511864
209,0.9996525390369402,0.0002734861920269738,7.397477103269511e-05
210,0.2884011413212784,0.20749139026454025,0.504107468414181
211,0.16234921148733344,0.22907740240151683,0.6085733861111499
212,0.20850533958521056,0.22155697376379116,0.569937686650998
213,0.20454590097256423,0.222386255685307,0.5730678433421287
214,0.22346451555336033,0.25680625899802045,0.519729225448619
215,0.21239696048273596,0.18637708677874396,0.6012259527385202
216,0.16796527027644023,0.16975257757634782,0.6622821521472121
217,0.16067721658168255,0.22625433766349531,0.6130684457548223
218,0.07195032917722914,0.20820035520959107,0.7198493156131796
219,0.21004004934039544,0.21273787099011401,0.5772220796694907
220,0.23674028987002715,0.24284227052798557,0.5204174396019873
221,0.19243808552091976,0.24158906450718468,0.5659728499718956
222,0.3248253259129923,0.18844569615153015,0.4867289779354775
223,0.2569777095693572,0.20590015751420554,0.5371221329164372
224,0.21724216592767803,0.18207834528114286,0.6006794887911787
225,0.2627845433782213,0.1861128918546776,0.551102564767101
226,0.1863473154941884,0.26314985168831573,0.5505028328174959
227,0.08424395554435934,0.22071412381788355,0.6950419206377569
228,0.25284044737681244,0.17080942283383663,0.5763501297893511
229,0.18421822453194886,0.20119760447350435,0.6145841709945469
230,0.35660978551918127,0.1656941938085438,0.4776960206722749
231,0.2612486632749091,0.17817432087844878,0.5605770158466422
232,0.290807570547606,0.17354900589928718,0.5356434235531066
233,0.26932621288747666,0.18690629208985998,0.5437674950226633
234,0.1281717895814958,0.19757827055484317,0.6742499398636608
235,0.17089324544030218,0.24378572391297337,0.5853210306467246
236,0.278777884022546,0.20305512755550711,0.5181669884219468
237,0.19433483909684257,0.16174433146216735,0.6439208294409903
238,0.2434146802719143,0.2500364512012492,0.5065488685268364
239,0.19449513003430816,0.22541305187924626,0.5800918180864455
240,0.16440309849593074,0.2570123830519912,0.578584518452078
241,0.22505707549553078,0.1649586872018152,0.6099842373026537
242,0.2212543922505505,0.23669439888466365,0.5420512088647862
243,0.32919072021024726,0.1322314322376891,0.5385778475520636
244,0.22325738687916707,0.22637360052282032,0.5503690125980127
245,0.1045745429586604,0.2468521403883146,0.6485733166530249
246,0.2344247253923657,0.24419870038500013,0.5213765742226343
247,0.22198766497194153,0.2361186877474225,0.5418936472806359
248,0.31826697077145777,0.20265845265084356,0.4790745765776982
249,0.34659110835930357,0.1549910513544374,0.4984178402862591
250,0.1396720892341339,0.247450708801224,0.6128772019646423
251,0.14961862280091784,0.2547619057341357,0.5956194714649462
252,0.36806744875590997,0.19168453090731286,0.44024802033677757
253,0.21753606229569214,0.21123314982013716,0.5712307878841708
254,0.44800762020604074,0.1774704201417792,0.3745219596521801
255,0.20987356918393682,0.24113587439654746,0.5489905564195154
256,0.19324852707569706,0.18310501043172453,0.6236464624925782
257,0.17217739000724247,0.22453009535174967,0.6032925146410076
258,0.19521680756858426,0.22952089797878933,0.5752622944526263
259,0.15105632851208392,0.2438081788985996,0.6051354925893166
260,0.21904527949224104,0.1644353345201461,0.6165193859876128
261,0.21784764211038132,0.2018892381403327,0.5802631197492862
262,0.29383814858909796,0.16231820363031815,0.5438436477805836
263,0.2903902647039962,0.18651497724167646,0.5230947580543273
264,0.14549265859368057,0.19985010293332267,0.654657238472997
265,0.14510137813320842,0.22261233953148896,0.6322862823353026
266,0.22365594437718828,0.218627943530531,0.5577161120922807
267,0.33191816124597323,0.20571236844613858,0.46236947030788816
268,0.29528717278287675,0.13318186151572678,0.5715309657013967
269,0.2163518047445917,0.2193263554008303,0.564321839854578
270,0.3113389448432532,0.17677780013287228,0.5118832550238747
271,0.17618569987690183,0.16698190110032915,0.6568323990227691
272,0.3033216495632394,0.2065374965223797,0.4901408539143807
273,0.33389184682029577,0.17304378929418907,0.4930643638855153
274,0.1025436486530801,0.23487599529839429,0.6625803560485259
275,0.28109985036428536,0.1428582593115688,0.5760418903241453
276,0.1299090384798198,0.1955388993381925,0.6745520621819875
277,0.17083461619797727,0.208661577007404,0.6205038067946187
278,0.18276987219782953,0.21229381359498156,0.6049363142071892
279,0.9992786518576331,0.00033791089262805114,0.0003834372497390381
280,0.41093664481632364,0.18692810702834156,0.4021352481553344
281,0.23768172212523642,0.21470694361674172,0.5476113342580214
282,0.16620862164221442,0.23317647993424276,0.6006148984235432
283,0.20115928218687423,0.18316813337092028,0.6156725844422054
284,0.2841205564729731,0.16142040170895142,0.5544590418180758
285,0.15634056295165924,0.1752985316223523,0.6683609054259885
286,0.28231972133772065,0.19395693032481126,0.5237233483374677
287,0.12798744426488373,0.23061421852019878,0.6413983372149178
288,0.23049506908326992,0.17078203485248325,0.5987228960642467
289,0.0860282298595745,0.22422717025266065,0.6897445998877648
290,0.22625119233144345,0.14961896621513712,0.6241298414534194
291,0.2372228279679187,0.1465664434832143,0.6162107285488672
292,0.2575799955352758,0.18908172235095974,0.5533382821137649
293,0.2172750301795995,0.17116626040848898,0.6115587094119113
294,0.17313099580864283,0.25660722885831433,0.5702617753330428
295,0.18882954446745556,0.24321773954354534,0.5679527159889993
296,0.19387474973157884,0.2362287830485857,0.5698964672198358
297,0.1500416666742692,0.2702961844517819,0.5796621488739488
298,0.314255078969585,0.20942855824524206,0.4763163627851729
299,0.1725345425227632,0.22407559100509603,0.6033898664721407
300,0.1769684134931937,0.22258857324799317,0.6004430132588132
301,0.29764451028289574,0.13261869439553292,0.5697367953215714
302,0.3216668834376234,0.2165751269327296,0.46175798962964676
303,0.30329456447206743,0.15586550003921007,0.5408399354887228
304,0.29900755765995085,0.19331254960716315,0.5076798927328858
305,0.17778616967578031,0.17090193777416773,0.651311892550052
306,0.2268623734258738,0.2262284085972226,0.5469092179769034
307,0.329550119547159,0.14712962190568712,0.5233202585471535
308,0.16205587570390095,0.22909905983643403,0.6088450644596648
309,0.14525681633241908,0.24195193891504255,0.612791244752538
310,0.4101571998592046,0.11265737714700438,0.47718542299379113
311,0.2663907098614176,0.18525486373561062,0.5483544264029717
312,0.12840768733986999,0.2019455900526921,0.669646722607438
313,0.25110191323268705,0.17380186250885418,0.5750962242584589
314,0.2109905034553757,0.24810564291220039,0.540903853632424
315,0.15989386534399716,0.17268215487655006,0.6674239797794524
316,0.1378098800248326,0.23080157208164084,0.6313885478935268
317,0.23921868024658915,0.18659780742577706,0.5741835123276338
318,0.21327642080030132,0.1614590641204532,0.6252645150792453
319,0.2736451503763684,0.14741942774443112,0.5789354218792007
320,0.32444455369916014,0.13789609812035097,0.5376593481804891
321,0.1789404681259298,0.22209550966319266,0.5989640222108775
322,0.19141321803527936,0.2119377783218296,0.596649003642891
323,0.17918361059605695,0.2089415466623847,0.6118748427415583
324,0.21209166666584037,0.24140984023972248,0.5464984930944371
325,0.15831749494344002,0.1820700016933246,0.6596125033632352
326,0.27455097443591786,0.23817478838765993,0.48727423717642226
327,0.3084955486706201,0.15385926585643736,0.5376451854729427
328,0.20798374631860594,0.22141095800526775,0.5706052956761264
329,0.29176779695619404,0.1513905388704223,0.5568416641733835
330,0.1426926412942996,0.2315357921233227,0.6257715665823775
331,0.1268489491798653,0.2667363512647885,0.6064146995553464
332,0.41956536287893215,0.17538488533387916,0.40504975178718866
333,0.1883637016276619,0.2491175681055728,0.5625187302667651
334,0.1965866918375818,0.22451356581460027,0.5788997423478175
335,0.18842627172214294,0.19010486145013916,0.6214688668277176
336,0.1891909256576803,0.1957904263524472,0.6150186479898724
337,0.35898854881177467,0.16011495485595442,0.4808964963322709
338,0.22332438053680365,0.19277129082694244,0.5839043286362535
339,0.1920434698480679,0.24361466317210526,0.5643418669798268
340,0.17005212225526903,0.2569522563558699,0.5729956213888608
341,0.27595178656623026,0.16741808581961418,0.5566301276141554
342,0.5821864485618455,0.12015754424263594,0.2976560071955185
343,0.22172279012685284,0.19681712454865033,0.5814600853244967
344,0.18746708372496868,0.21064981776797007,0.6018830985070611
345,0.27623584858498784,0.1980967606370262,0.5256673907779862
346,0.2136608637933617,0.20261611652453337,0.5837230196821049
347,0.20763458055619777,0.24291096654664238,0.5494544528971598
348,0.25038215056032415,0.15279731377189482,0.596820535667781
349,0.29105031199547027,0.17906961413296602,0.5298800738715638
350,0.19076674606849914,0.215628995102081,0.5936042588294198
351,0.2938851151105778,0.1506355807179794,0.555479304171443
352,0.26807359352027255,0.1592163772502508,0.5727100292294768
353,0.10605632468760735,0.2167400869189754,0.6772035883934172
354,0.2969428983690228,0.1744617463548426,0.5285953552761345
355,0.1809733221955299,0.23919202611384338,0.5798346516906264
356,0.31980109836158255,0.16251302880007032,0.5176858728383472
357,0.2928244169851369,0.15650234174266486,0.5506732412721982
358,0.14942987570120958,0.20392533635966134,0.6466447879391292
359,0.12511914170036698,0.2318837167627952,0.6429971415368378
360,0.27688542007898065,0.20968963791167922,0.5134249420093399
361,0.4729406899583449,0.15115035842434094,0.3759089516173142
362,0.23950628042953634,0.17898635828691745,0.5815073612835462
363,0.09667375712843548,0.2355291044270034,0.6677971384445611
364,0.2306830302930391,0.2146992492522258,0.5546177204547351
365,0.22544942504883378,0.18683050088462214,0.5877200740665438
366,0.2545071708901183,0.13376043228521645,0.6117323968246654
367,0.1568442731872871,0.2402938065094723,0.6028619203032406
368,0.17755794778781836,0.17692785337385059,0.645514198838331
369,0.19168119780092827,0.21425923596419688,0.5940595662348748
370,0.18542308175396857,0.13002247023936653,0.6845544480066648
371,0.2599889467106915,0.19411443693145133,0.5458966163578574
372,0.47398845346396073,0.1415392616890737,0.3844722848469654
373,0.13685958229914785,0.2237774353153744,0.6393629823854778
374,0.2084564916640758,0.21921517695885392,0.5723283313770702
375,0.1733331776986027,0.20873271744704047,0.6179341048543567
376,0.30725784651169974,0.1607471519652429,0.5319950015230572
377,0.18405088589008137,0.1637527536012023,0.6521963605087161
378,0.14695700734499278,0.1823476713768178,0.6706953212781894
379,0.2047594546953251,0.2110149745408499,0.584225570763825
380,0.2883484637111511,0.18629991842340782,0.5253516178654412
381,0.1711055817285953,0.13654208985644958,0.6923523284149553
382,0.2718558115295749,0.21547974037910714,0.5126644480913173
383,0.1457033466773462,0.2498429643653684,0.6044536889572854
384,0.365796685286411,0.2219600417636998,0.412243272949889
385,0.19418749891576395,0.16279064496112164,0.6430218561231144
386,0.4801809188735981,0.12160238815705647,0.3982166929693453
387,0.21657633753905933,0.18853310787187394,0.5948905545890666
388,0.174624479583711,0.1584650578324239,0.6669104625838649
389,0.14333282757212534,0.1808238449606651,0.6758433274672097
390,0.2971075587185868,0.2128132730187743,0.4900791682626387
391,0.2420769978402714,0.19816589451697256,0.5597571076427561
392,0.9996450119487532,0.00016549768721025248,0.00018949036403653532
393,0.07339541922351585,0.2081553256803838,0.7184492550961006
394,0.2232593083035554,0.15983850923242454,0.6169021824640201
395,0.11060545014591393,0.21362827339408605,0.67576627646
396,0.14408894219650373,0.2314490331282733,0.6244620246752228
397,0.283405838483146,0.12153086700402625,0.5950632945128275
398,0.16867254984955937,0.21056922143976353,0.6207582287106769
399,0.4149941522475276,0.19548003155775334,0.38952581619471915
400,0.21483427668696456,0.22176173132952656,0.5634039919835084
401,0.22928571557552316,0.15105226652286194,0.6196620179016148
402,0.19985409537164486,0.1793056381138708,0.6208402665144842
403,0.29838910452084644,0.23645318328730078,0.4651577121918527
404,0.18108870367035884,0.24617832525907016,0.5727329710705706
405,0.20892262483828183,0.15107910954157536,0.6399982656201427
406,0.1558091024646699,0.13963675156105082,0.7045541459742789
407,0.2507553315704843,0.1712264810664113,0.5780181873631046
408,0.16988502999262547,0.25681431395723897,0.5733006560501354
409,0.21985175702208332,0.16691522750125615,0.6132330154766604
410,0.11448891158082877,0.19792186244972096,0.6875892259694499
411,0.11130538480476859,0.2120175926874694,0.676677022507762
412,0.48937614094435605,0.1840320570410467,0.3265918020145971
413,0.3656587892340807,0.14086978364099317,0.493471427124926
414,0.291435745848263,0.13848438039589556,0.5700798737558415
415,0.43877833544289335,0.18975238019225057,0.37146928436485616
416,0.25718132066067856,0.13975264636078819,0.6030660329785332
417,0.24082082615867234,0.19135647777358103,0.5678226960677468
418,0.3014693017648689,0.14724255560171876,0.551288142633412
419,0.12707441615743337,0.20506700362334107,0.6678585802192254
420,0.3304400155139442,0.19770519955052465,0.4718547849355312
421,0.18138369272084906,0.22048547441745134,0.5981308328616997
422,0.28322629192583176,0.18154448466184012,0.5352292234123284
423,0.3113533562248646,0.2125189485844824,0.476127695190653
424,0.19412467035919537,0.256999734386343,0.5488755952544616
425,0.26398117002781873,0.18116995793577162,0.5548488720364098
426,0.20620900792578903,0.22608541568441834,0.5677055763897924
427,0.19162421696908952,0.15471132840546492,0.6536644546254454
428,0.14140841523996547,0.27897645056712905,0.5796151341929054
429,0.23099538039706588,0.1520862432012836,0.6169183764016503
430,0.32078403539038514,0.17203517727174522,0.5071807873378696
431,0.4343253404328091,0.18154228098182926,0.3841323785853616
432,0.31691118723262307,0.18693637904033258,0.4961524337270442
433,0.21383977862710604,0.24128438350641707,0.5448758378664768
434,0.14831238168195496,0.22949925492302778,0.622188363395017
435,0.1374710892323103,0.2692576683858467,0.593271242381843
436,0.11926438379815464,0.2595587749856116,0.6211768412162338
437,0.28583931707749854,0.1862720855703804,0.5278885973521212
438,0.20082084093538907,0.1822270358706215,0.6169521231939891
439,0.28847912907807316,0.16292849067182363,0.5485923802501032
440,0.14138868825215287,0.21334630357400372,0.6452650081738431
441,0.23670320519351332,0.16312881403734156,0.6001679807691451
442,0.24825999758292205,0.20497951719781898,0.546760485219259
443,0.17923628602607647,0.21513990324344834,0.6056238107304751
444,0.2701594343236331,0.18125712770246724,0.5485834379738999
445,0.12944738961973465,0.22114616644004045,0.6494064439402248
446,0.1527929525256235,0.25830565512461656,0.5889013923497599
447,0.21524028275160537,0.23094388522870077,0.553815832019694
448,0.193638447955423,0.1656384034874955,0.6407231485570818
449,0.21489813284903922,0.14608664311399525,0.6390152240369654
450,0.24570463358122743,0.17031129437499629,0.5839840720437761
451,0.14351730897348697,0.24804022385527047,0.6084424671712427
452,0.1974273896222676,0.22097663360579847,0.5815959767719342
453,0.1401214490244778,0.22618531973561887,0.6336932312399034
454,0.1882024734863654,0.22899083755878588,0.5828066889548488
455,0.3166060140667504,0.11564688448125975,0.5677471014519898
456,0.19873194711841813,0.23499915208678882,0.566268900794793
457,0.23062047334973762,0.2382143496697888,0.5311651769804737
458,0.24886153018772805,0.23818288974802118,0.5129555800642509
459,0.4135052613761775,0.17443933301921294,0.4120554056046099
460,0.14092671273156795,0.20258600301180912,0.6564872842566227
461,0.3432891493204209,0.18033180324361828,0.4763790474359607
462,0.2639343334772341,0.14818902788455715,0.5878766386382086
463,0.19446872397571593,0.24210156497292143,0.5634297110513626
464,0.2709945622409759,0.22937617402560423,0.4996292637334199
465,0.18682373370467228,0.18577032038566418,0.6274059459096631
466,0.12150737893445433,0.208824271918492,0.6696683491470534
467,0.25929378349154975,0.18728747733664244,0.5534187391718076
468,0.2237688899896697,0.2463505110534313,0.5298805989568989
469,0.21965998459479932,0.23364331133081986,0.546696704074381
470,0.7604249339965156,0.16146383275285348,0.07811123325063087
471,0.12644194953116228,0.21447624104414892,0.6590818094246887
472,0.2548461059469959,0.1899400087195595,0.5552138853334447
473,0.48540814737374316,0.14523546069261078,0.3693563919336456
474,0.2505223329702911,0.2498775747798067,0.49960009224990215
475,0.28383376102514446,0.2165942363843908,0.4995720025904647
476,0.31164544399057853,0.1657663296066242,0.522588226402797
477,0.16597730444112435,0.1696516347585342,0.6643710608003414
478,0.1567961900172141,0.2719465105598438,0.5712572994229418
479,0.20704197913414832,0.20848778409324917,0.5844702367726022
480,0.24678813996077165,0.14695332439543435,0.6062585356437938
481,0.3043118539423539,0.2035571840485441,0.49213096200910184
482,0.20650912860815568,0.2496115774470768,0.5438792939447675
483,0.17325057848474432,0.17979766481291118,0.6469517567023441
484,0.3440620305750557,0.23218047475585146,0.4237574946690929
485,0.15182414689363385,0.2705114273978946,0.5776644257084715
486,0.2749967649823763,0.22159502057235045,0.5034082144452728
487,0.13754567793455594,0.2288061182700424,0.6336482037954017
488,0.2889266207808152,0.19196291356598236,0.5191104656532024
489,0.2737394940137336,0.18527696000787386,0.5409835459783925
490,0.20943583978913438,0.2206882705733613,0.5698758896375045
491,0.16309987449176946,0.22791737788381933,0.6089827476244115
492,0.12500524193313733,0.21307372658945486,0.6619210314774076
493,0.187060051783384,0.21376621910654622,0.5991737291100696
494,0.14072344158198918,0.2731782468049666,0.586098311613044
495,0.1958990366752255,0.18871320268654534,0.6153877606382292
496,0.15970137367290357,0.23246546858587674,0.6078331577412199
497,0.9363890084767387,0.050802107514897075,0.01280888400836443
498,0.29808465539285367,0.18450754192091873,0.5174078026862279
499,0.4028071246214997,0.14765360963873883,0.44953926573976155
500,0.11188871431727962,0.24694381389747475,0.6411674717852457
501,0.19311117659665808,0.15698885791463205,0.6498999654887099
502,0.32718421865186537,0.19587346180235138,0.4769423195457832
503,0.3685566783566938,0.16719353325893374,0.4642497883843728
504,0.20153298327012387,0.15683359313046913,0.6416334235994071
505,0.7621807247673849,0.16259234944859605,0.075226925784019
506,0.2555197407406374,0.20671122848336188,0.5377690307760007
507,0.32278546576805806,0.1658217396283739,0.5113927946035679
508,0.28797236884550625,0.15174039804174919,0.5602872331127446
509,0.7203335039961741,0.18511122604205638,0.09455526996176944
510,0.19906168351153175,0.2514325604367974,0.5495057560516707
511,0.18056218527279908,0.24942811912896184,0.5700096955982389
512,0.1460472555085113,0.23136608752323926,0.6225866569682491
513,0.09896193557760523,0.1850455714329369,0.7159924929894579
514,0.4157829966302823,0.1578391087871059,0.42637789458261205
515,0.18265507809327267,0.25672169696655245,0.5606232249401746
516,0.44034812517631683,0.1848796735836806,0.37477220124000227
517,0.14645569856021315,0.22438350987254224,0.6291607915672445
518,0.1625258976679216,0.23071266811169694,0.6067614342203816
519,0.3660236934241294,0.18327536039413483,0.4507009461817358
520,0.17693912239808887,0.21928470047979806,0.603776177122113
521,0.21217105157332522,0.23775455647861007,0.5500743919480647
522,0.21474149023580502,0.14980694958348081,0.635451560180714
523,0.3005938597086886,0.1775700062254908,0.5218361340658207
524,0.15281788057782308,0.2541086305070846,0.5930734889150919
525,0.1728444823839479,0.272003499147885,0.5551520184681669
526,0.3579912931235357,0.15944360397325966,0.4825651029032047
527,0.36868723116750035,0.14960964652049988,0.48170312231199963
528,0.23332501821314136,0.20799973834416502,0.5586752434426933
529,0.10238033069892931,0.21433954578645065,0.6832801235146199
530,0.5088518109685704,0.17154701548072965,0.3196011735506998
531,0.265290267103206,0.22999240149870437,0.5047173313980896
532,0.17877597313147786,0.19205994952799177,0.6291640773405304
533,0.31690126043161165,0.20370788022350209,0.47939085934488623
534,0.1763235562895218,0.17607861047894124,0.6475978332315366
535,0.16127127079689688,0.13451045040327203,0.7042182787998312
536,0.1773966403169756,0.17686480580480046,0.6457385538782239
537,0.1097877391809936,0.21347453509290626,0.6767377257261
538,0.2797860014563453,0.18110141344517253,0.5391125850984824
539,0.24030221912263533,0.19590967497124925,0.5637881059061156
540,0.20948236508149978,0.2534430382449516,0.5370745966735486
541,0.30208687959747427,0.2021751403733441,0.49573798002918157
542,0.2279296097872089,0.24200660930296375,0.5300637809098274
543,0.2622904928622816,0.1387594695216062,0.598950037616112
544,0.1995465536953964,0.24343816856586087,0.5570152777387429
545,0.187666307031352,0.18840795346252062,0.6239257395061273
546,0.3890591085617358,0.17136138944692508,0.4395795019913391
547,0.44482903381491734,0.11955980467455697,0.4356111615105258
548,0.1881218614393196,0.26959861091286424,0.542279527647816
549,0.17335726865109047,0.16245846031475653,0.6641842710341531
550,0.25153367923939973,0.15142118281664585,0.5970451379439544
551,0.17301969555693722,0.24089673986835003,0.5860835645747128
552,0.2099294624062793,0.22142174197394082,0.5686487956197797
553,0.29973352535849923,0.20948788283780098,0.4907785918036995
554,0.1636961187044422,0.20748843862160532,0.6288154426739525
555,0.10199166625775397,0.2138403754660391,0.6841679582762069
556,0.21608186132304216,0.27764539629947926,0.5062727423774787
557,0.3481144504175425,0.168059894900011,0.48382565468244654
558,0.20097599930901316,0.22247877230331714,0.5765452283876699
559,0.146030548996765,0.18643651149958837,0.6675329395036464
560,0.4031014446333206,0.17851897039847073,0.4183795849682086
561,0.21352170972715706,0.2068574924951111,0.579620797777732
562,0.4078784319332624,0.20311622277331534,0.38900534529342184
563,0.21213403237973233,0.2599552790340191,0.5279106885862485
564,0.17481367400818834,0.2149951985589614,0.6101911274328504
565,0.8704907505263485,0.10014903107783946,0.02936021839581199
566,0.24342235513338165,0.18984216544846033,0.5667354794181582
567,0.15395841425607276,0.16912534885452574,0.6769162368894013
568,0.18211378198426134,0.1886356963968259,0.629250521618913
569,0.16052437014910953,0.24063241674987318,0.5988432131010174
570,0.24038670148576743,0.20894071212357687,0.5506725863906555
571,0.1794296871280791,0.17098335561815134,0.6495869572537697
572,0.32953917852150316,0.1885812050972064,0.4818796163812908
573,0.17800857210378263,0.15811775338065187,0.6638736745155656
574,0.15036253832544463,0.22743181058443113,0.6222056510901244
575,0.11784566909752173,0.1771835659007866,0.7049707650016916
576,0.25811886153787,0.1651150526320427,0.576766085830087
577,0.2930884449234025,0.1687791988238554,0.5381323562527424
578,0.3268311896174988,0.2103942349888898,0.46277457539361144
579,0.20229994739974355,0.20387525443627413,0.5938247981639824
580,0.16471566747979488,0.17716067296601565,0.6581236595541896
581,0.16879404390698446,0.1770930529924558,0.6541129031005596
582,0.19335587354748388,0.1893843494025445,0.6172597770499715
583,0.26747011347870236,0.22893506201150834,0.5035948245097895
584,0.2267555796441713,0.1557965152393485,0.6174479051164802
585,0.2700842843454658,0.20542911406146988,0.5244866015930644
586,0.2761525197439507,0.19581119316610376,0.5280362870899457
587,0.1427075639782705,0.2162510318126626,0.6410414042090671
588,0.1353807411404856,0.22896997693120102,0.6356492819283132
589,0.22419977836760366,0.20733779437623648,0.5684624272561598
590,0.15954793825577693,0.23069183230244342,0.6097602294417793
591,0.10113470461957376,0.2176040215767081,0.6812612738037184
592,0.2794858782670623,0.18717935726499696,0.5333347644679407
593,0.2785902566130931,0.15278741640678026,0.5686223269801263
594,0.21474795283334508,0.23544670177774418,0.5498053453889108
595,0.2581545069267347,0.2037129523083791,0.5381325407648863
596,0.22525947738601096,0.22865954094634236,0.5460809816676466
597,0.35316554312718457,0.2262368485815124,0.420597608291303
598,0.22739206677196513,0.21618632790550846,0.5564216053225264
599,0.1692602598958311,0.21991609355606156,0.6108236465481073
600,0.21239828565239902,0.22828290689248065,0.5593188074551204
601,0.19702297850150555,0.2239759373451054,0.5790010841533891
602,0.23747188503413189,0.17463588861661264,0.5878922263492554
603,0.3368763711011878,0.18787650935775058,0.4752471195410617
604,0.13839556785594379,0.2003856077467042,0.6612188243973522
605,0.2803508199377319,0.18176977432196187,0.5378794057403063
606,0.2011859968270858,0.19963013324310735,0.599183869929807
607,0.14405126606925492,0.21437763703189397,0.6415710968988512
608,0.14577692796705966,0.2375041750189051,0.6167188970140356
609,0.17154966954324036,0.26322130441986646,0.5652290260368932
610,0.14107797348727436,0.22200387237199587,0.6369181541407295
611,0.24132653416944283,0.2005949605155736,0.5580785053149835
612,0.18428683014624023,0.18605250553182354,0.6296606643219365
613,0.1549032514475489,0.30181052281882564,0.5432862257336254
614,0.19515310350138784,0.25141523236693697,0.5534316641316753
615,0.37032946259630745,0.13349106818263762,0.4961794692210549
616,0.2730782595821006,0.20871981107480547,0.5182019293430938
617,0.27679861566512587,0.1956539312160935,0.5275474531187803
618,0.15727846791770156,0.219267908337125,0.6234536237451737
619,0.16316668024406214,0.23211366314166856,0.6047196566142692
620,0.19850630924079377,0.22994734627329208,0.5715463444859143
621,0.12444349370700049,0.1976916210242848,0.6778648852687148
622,0.22465727152772774,0.19710948582590318,0.5782332426463691
623,0.2322879957479676,0.21586042931477134,0.5518515749372611
624,0.20945659520978857,0.2142146140456646,0.5763287907445468
625,0.30733380528599985,0.15426479660716896,0.538401398106831
626,0.15496152266608398,0.20210535237838356,0.6429331249555322
627,0.2760300795274112,0.1573749012018005,0.566595019270788
628,0.1654891593857859,0.20526640406556657,0.6292444365486471
629,0.34947685684895996,0.18853860945615572,0.4619845336948844
630,0.3340390009213559,0.2007973288075721,0.4651636702710721
631,0.13880166198787328,0.17859102802254576,0.682607309989581
632,0.2332556414634037,0.14298107819479078,0.6237632803418054
633,0.2610930096982134,0.1473239196068352,0.5915830706949516
634,0.2812525155585462,0.21432320641026878,0.5044242780311847
635,0.2825670851330364,0.1890707535449424,0.5283621613220213
636,0.18149447437546706,0.21234709807999136,0.6061584275445414
637,0.28556470469108675,0.1437255230771824,0.5707097722317309
638,0.2286251800928955,0.20213777963640006,0.5692370402707043
639,0.21522829537682844,0.24179215096320988,0.5429795536599619
640,0.9997324890973698,0.00010121951456173303,0.00016629138806826418
641,0.09089567858750383,0.21486130281559443,0.694243018596902
642,0.12208877277123874,0.28231716792122236,0.595594059307539
