,proba_0,proba_1,proba_2
0,0.20140304912818838,0.19207832048773513,0.6065186303840767
1,0.24329063888716115,0.13995161425215588,0.6167577468606831
2,0.9999969202318214,1.628327018693157e-07,2.9169354766728613e-06
3,0.2733392687965504,0.20158909587910898,0.5250716353243404
4,0.2058613156246487,0.15817571088094476,0.6359629734944066
5,0.12373622801618842,0.2765567440428052,0.5997070279410065
6,0.08106281965834232,0.20603458770632288,0.712902592635335
7,0.2886550752863722,0.17583944563470588,0.5355054790789218
8,0.33415026585762203,0.06514618151552977,0.6007035526268484
9,0.08014473856177701,0.23329254639708896,0.6865627150411341
10,0.17773611353565466,0.3569463599225734,0.4653175265417719
11,0.3898009701652573,0.11677271176299603,0.4934263180717468
12,0.25418040555792537,0.19632423935898147,0.5494953550830931
13,0.24100467592818398,0.17784488554398054,0.5811504385278355
14,0.20467293983069784,0.17878615394849148,0.6165409062208108
15,0.16680208133472418,0.23763484634307597,0.5955630723222001
16,0.3539895503582025,0.16489358305941926,0.481116866582378
17,0.23881638843987138,0.19934321245417488,0.5618403991059534
18,0.4624362511335296,0.16210814148602576,0.37545560738044476
19,0.255180936151432,0.1122433948647505,0.6325756689838177
20,0.16917926402361902,0.3250097060529923,0.5058110299233883
21,0.1185187526096964,0.22623458935938542,0.6552466580309184
22,0.21615158603163226,0.20992214062841946,0.5739262733399483
23,0.19268250165193374,0.15037802529430994,0.6569394730537563
24,0.22894277065059707,0.18017557638466028,0.5908816529647425
25,0.26505146031932075,0.19663324939199275,0.5383152902886865
26,0.09895465422463649,0.22427324141558705,0.6767721043597766
27,0.99979942841088,5.266348550566782e-06,0.00019530524056935694
28,0.5759361941387748,0.14716030196749094,0.276903503893734
29,0.9999998499765379,5.00117307588189e-08,1.0001173135199643e-07
30,0.277458175111257,0.1817324873967877,0.5408093374919555
31,0.1945851589512416,0.32121030635106135,0.4842045346976971
32,0.26865363699112743,0.200407618540999,0.5309387444678734
33,0.2621700297793612,0.11226860223678387,0.6255613679838552
34,0.1977357841268648,0.1464220048508933,0.655842211022242
35,0.23487885464434724,0.10482645057632493,0.6602946947793278
36,0.44821838179342355,0.1451417216895549,0.4066398965170219
37,0.7464090454805531,0.1379293082479894,0.11566164627145742
38,0.24202240600941416,0.20888538844905374,0.5490922055415319
39,0.046977823781460926,0.22574543161714344,0.7272767446013959
40,0.24785134037462184,0.21680663140712159,0.5353420282182565
41,0.1314068215242245,0.22556936241408426,0.6430238160616915
42,0.16741713579519543,0.23007096007844552,0.6025119041263589
43,0.1654767538046973,0.15678383458433282,0.6777394116109696
44,0.1588634489930576,0.17080630541057434,0.6703302455963681
45,0.12607400997786714,0.18727768883419338,0.6866483011879394
46,0.07480395466373832,0.13113491983810374,0.7940611254981581
47,0.06177841244739734,0.20527557103689997,0.7329460165157028
48,0.09569852177598813,0.22853404572131408,0.6757674325026977
49,0.3792098171116375,0.08942926267253273,0.5313609202158296
50,0.1379957582870947,0.3667785636728581,0.4952256780400472
51,0.22947042000070336,0.31253260982268866,0.4579969701766076
52,0.3613246390027305,0.21980574632107489,0.41886961467619493
53,0.9999998499689828,5.0015510980411095e-08,1.0001550642524754e-07
54,0.1781328469985544,0.1803737193692116,0.6414934336322343
55,0.04561726450441517,0.20093981927939586,0.753442916216189
56,0.40741806015822235,0.05489008785507517,0.5376918519867027
57,0.2606405615755849,0.1082836583770902,0.6310757800473249
58,0.23541313359228322,0.22705466199209798,0.537532204415619
59,0.2659127042077628,0.1533050278656222,0.5807822679266149
60,0.28333764493241936,0.11849151956237791,0.5981708355052026
61,0.36303145799862363,0.0728955025240029,0.5640730394773736
62,0.29956019653374466,0.18850736284152161,0.5119324406247341
63,0.19405760332244984,0.2065507362578493,0.5993916604197008
64,0.15667969990701,0.2286084550710752,0.6147118450219148
65,0.11813213566018482,0.21152144670189807,0.6703464176379169
66,0.24556086112382333,0.1866348461245889,0.5678042927515877
67,0.14041660724154087,0.11331750396796154,0.7462658887904973
68,0.10766603306585958,0.3423194123528477,0.5500145545812927
69,0.226903720650504,0.11654684181047117,0.6565494375390247
70,0.5904948399649365,0.0448172725210941,0.36468788751396936
71,0.12489767073596392,0.24398648659683492,0.6311158426672013
72,0.27218851325262233,0.14901725728406012,0.5787942294633176
73,0.24537922981938068,0.2968896874252457,0.4577310827553736
74,0.107682574643616,0.341131872370762,0.551185552985622
75,0.9999998498541508,5.0073054299522396e-08,1.0007279507903624e-07
76,0.3591105843097914,0.09483493422106384,0.5460544814691447
77,0.16937671379402508,0.23572699919021609,0.5948962870157587
78,0.14675882881636906,0.30765321137910834,0.5455879598045228
79,0.6988606074391804,0.03269165023174235,0.2684477423290775
80,0.17401879782653354,0.18967715816196473,0.6363040440115015
81,0.28541066501301193,0.11587769711865348,0.5987116378683343
82,0.9999998499733664,5.001331758276621e-08,1.0001331618879442e-07
83,0.08943449623482845,0.23649608194515184,0.6740694218200197
84,0.1421641498074468,0.21309785357953956,0.6447379966130138
85,0.16053839255764737,0.31625671932859434,0.5232048881137582
86,0.9999998499495999,5.002521225769703e-08,1.0002518795357606e-07
87,0.3052428075650011,0.19125921491172998,0.503497977523269
88,0.3279910981373724,0.10089689579030463,0.5711120060723227
89,0.3626880573609574,0.429847630775589,0.20746431186345327
90,0.2026465581215317,0.22004550019127042,0.5773079416871978
91,0.1961610550047629,0.1657327912214059,0.6381061537738313
92,0.2022105772222324,0.26904951641841873,0.5287399063593491
93,0.14753876714244568,0.09586247273234909,0.7565987601252053
94,0.18456748897842254,0.17194532717702488,0.6434871838445526
95,0.24504918568457934,0.15977678115545876,0.595174033159962
96,0.44905668214575956,0.10654538661081965,0.4443979312434211
97,0.27634956902090635,0.18028764312623585,0.5433627878528576
98,0.23176555913399371,0.15998278253134146,0.6082516583346647
99,0.31919458309557336,0.12045318858261166,0.5603522283218147
100,0.11992805122644026,0.24271415354875092,0.6373577952248087
101,0.11454935915825927,0.19113554498736668,0.694315095854374
102,0.18588476361703674,0.1074471490311242,0.706668087351839
103,0.11502343830472551,0.2531826600918692,0.6317939016034053
104,0.2165792596961187,0.1963514524388112,0.58706928786507
105,0.09203624733995289,0.23848291700234142,0.6694808356577057
106,0.23964914777379173,0.20753668701809005,0.552814165208118
107,0.12926141886582118,0.21807467730306618,0.6526639038311125
108,0.3058520867362455,0.19901507311661737,0.4951328401471374
109,0.19594292383539458,0.1274304806740775,0.676626595490528
110,0.22441460708714003,0.19329824469416443,0.5822871482186952
111,0.3200265480722152,0.10872619819916789,0.5712472537286167
112,0.08164066432246483,0.20638093891266898,0.7119783967648659
113,0.048397103717435865,0.17649743984484997,0.775105456437714
114,0.2554205316713356,0.17489878321583108,0.5696806851128334
115,0.18218339906003106,0.13911691590616432,0.6786996850338045
116,0.1739223124323911,0.2892381688371416,0.5368395187304674
117,0.20374582874996353,0.17232862078349373,0.6239255504665425
118,0.1648976781493328,0.1535932866039717,0.6815090352466956
119,0.096660203678238,0.35213011038762604,0.5512096859341358
120,0.22978236528870308,0.15740369159638712,0.6128139431149097
121,0.04440017084049599,0.3027311669178594,0.6528686622416444
122,0.16677145726398282,0.1777682587078688,0.6554602840281483
123,0.18594996658906432,0.29348206457387815,0.5205679688370578
124,0.1961796989539979,0.181377835141267,0.6224424659047353
125,0.22337508514924212,0.1321784857799969,0.6444464290707609
126,0.13400536643725153,0.18151480635171818,0.6844798272110303
127,0.23841734167537057,0.1302359688952873,0.6313466894293422
128,0.2344853998577319,0.3068105675329932,0.4587040326092748
129,0.2623541988023152,0.2376878228426288,0.49995797835505595
130,0.3318702039936861,0.19273306882173172,0.47539672718458187
131,0.27016161539105493,0.21299179938216264,0.5168465852267823
132,0.26271020212190627,0.13334990588383783,0.603939891994256
133,0.9994345374475891,5.1551212102165484e-05,0.0005139113403086501
134,0.29202011642464254,0.07462317164704613,0.6333567119283114
135,0.16049118689820832,0.28574711721797597,0.5537616958838159
136,0.1501939278997638,0.25125575259867783,0.5985503195015585
137,0.2915770274311745,0.08326478187496922,0.6251581906938563
138,0.24781054806133473,0.14099544114725363,0.6111940107914117
139,0.2750697942488915,0.26695138973944343,0.4579788160116654
140,0.2295237957927615,0.1293698141588429,0.6411063900483959
141,0.38805072748544034,0.34556722617478114,0.26638204633977847
142,0.1821435677506601,0.3740568757955345,0.4437995564538056
143,0.25952156115537695,0.18921859798119603,0.5512598408634273
144,0.24156335078798408,0.18988108674826723,0.5685555624637487
145,0.16164393336051674,0.20084566810067658,0.6375103985388066
146,0.06085724429162202,0.1090427532054131,0.8301000025029648
147,0.23613789325974646,0.12547377651231084,0.6383883302279426
148,0.38048742505896754,0.23366900887415676,0.38584356606687537
149,0.19932049799492127,0.19462081852326676,0.606058683481812
150,0.16653280370627394,0.26016615110558367,0.5733010451881424
151,0.166511294155534,0.1990932325799482,0.6343954732645177
152,0.26693258585549307,0.2657365192398985,0.4673308949046082
153,0.23206140308917675,0.14487674530735112,0.6230618516034722
154,0.15668689302421435,0.27807168093970247,0.565241426036083
155,0.19432387154238698,0.13000933289073383,0.6756667955668788
156,0.22132444598726983,0.2372027595859138,0.5414727944268164
157,0.3899537540127183,0.12949221248972054,0.4805540334975612
158,0.10297000499088498,0.2399685807195431,0.657061414289572
159,0.15176615657858986,0.25551887649517824,0.5927149669262318
160,0.24429417166735978,0.16347491482358836,0.5922309135090519
161,0.24037837514253851,0.1997847117310717,0.5598369131263898
162,0.11293215191915182,0.23319051028679383,0.6538773377940542
163,0.1814020634552528,0.2309809540045831,0.587616982540164
164,0.3447378971706515,0.1676807875481308,0.4875813152812182
165,0.20778457868651667,0.16275500246703997,0.629460418846443
166,0.17028755194563386,0.16542138621289318,0.6642910618414728
167,0.19046858036059675,0.2345582020834315,0.5749732175559715
168,0.130907527314746,0.4326960898428302,0.43639638284242366
169,0.16654526034005734,0.22305636996940936,0.6103983696905336
170,0.22872519252945173,0.12013859929998694,0.6511362081705614
171,0.1726352078081038,0.21586950505083585,0.6114952871410605
172,0.14098355770732643,0.23337631688828112,0.6256401254043927
173,0.2190461203349874,0.15319226816238327,0.6277616115026295
174,0.11735936423874128,0.1855620003756042,0.6970786353856545
175,0.2337245620891964,0.19219216774665696,0.5740832701641465
176,0.3327952857803106,0.386311506975966,0.28089320724372346
177,0.3518847794976192,0.10362004187550165,0.544495178626879
178,0.33276685647326654,0.09355535898884527,0.5736777845378883
179,0.29460529438499755,0.09793279218039987,0.6074619134346027
180,0.125266834459337,0.31071148880230337,0.5640216767383596
181,0.14586869441760802,0.19413437781529347,0.6599969277670987
182,0.20421475553321536,0.17900823509258132,0.6167770093742032
183,0.20549931945287683,0.33343906516822325,0.46106161537889995
184,0.2950073607041684,0.11903172719115188,0.5859609121046797
185,0.34215605261590726,0.08249700145882723,0.5753469459252654
186,0.3655230639192335,0.1851807734550817,0.4492961626256848
187,0.32281306700335294,0.12073721406668723,0.5564497189299599
188,0.32573686920106476,0.1228795454358017,0.5513835853631337
189,0.20381570774496038,0.11965808611321495,0.6765262061418245
190,0.22732752177018342,0.1582691644104578,0.6144033138193585
191,0.2258151567603965,0.15928600367412898,0.6148988395654746
192,0.24160810102183986,0.2028439441352533,0.5555479548429071
193,0.19156895907970395,0.19569734809746053,0.6127336928228353
194,0.1425892998713239,0.34358996703098144,0.5138207330976943
195,0.1936682203678868,0.23084430136565082,0.5754874782664624
196,0.5025953804100398,0.10186055817726031,0.3955440614126998
197,0.13301953391752808,0.5021073684587498,0.36487309762372205
198,0.30337852044033314,0.15950531138131607,0.5371161681783508
199,0.08218071501111464,0.2772761963611622,0.6405430886277234
200,0.10505959603401266,0.18597450540697685,0.7089658985590105
201,0.4055825732347966,0.09659846896180911,0.49781895780339436
202,0.11533440226680378,0.2264552029006548,0.6582103948325414
203,0.5878989855014898,0.06332921901044512,0.348771795488065
204,0.18950838157780917,0.32944974747088523,0.4810418709513057
205,0.1717130000912179,0.19029013802285197,0.6379968618859299
206,0.30728226673470405,0.17467804928190797,0.5180396839833881
207,0.26358367284488177,0.19409749365045206,0.542318833504666
208,0.11544224876844678,0.23166605983652008,0.6528916913950333
209,0.9999998495372403,5.023272763444677e-08,1.0023003205117331e-07
210,0.1538982292056517,0.20084399497568609,0.6452577758186623
211,0.18991166749031535,0.24907351703928385,0.5610148154704008
212,0.17498598624141073,0.30576311873093726,0.5192508950276522
213,0.6254586735065027,0.08802478198394416,0.28651654450955294
214,0.2217459757592575,0.21211729797954987,0.5661367262611925
215,0.20174415692300643,0.2051024514620698,0.5931533916149233
216,0.37341107026164144,0.19835245771327348,0.4282364720250851
217,0.16445103217239393,0.27163794847185074,0.5639110193557552
218,0.07003071748931634,0.1850568979075124,0.7449123846031712
219,0.2483593858923959,0.17756678147819627,0.5740738326294078
220,0.15735920606108214,0.26698800460356076,0.5756527893353569
221,0.1765241127655253,0.3482779781806547,0.4751979090538197
222,0.4857987616304794,0.0812767338724471,0.4329245044970734
223,0.24799515591548169,0.20029559812926356,0.5517092459552547
224,0.21051893101692815,0.20519049998688524,0.5842905689961867
225,0.21392703912586714,0.16149587121597683,0.6245770896581561
226,0.2582834519523207,0.2702917440252926,0.47142480402238646
227,0.10291432872512617,0.3003553582100167,0.5967303130648566
228,0.22442578005847774,0.166950968665221,0.6086232512763013
229,0.10280780970489586,0.24337009528432552,0.6538220950107785
230,0.6935026075515283,0.03626145402539539,0.2702359384230763
231,0.23457903081056355,0.18820004925995693,0.5772209199294793
232,0.11008466820818305,0.23667398303695897,0.653241348754858
233,0.21724704721391586,0.2547728362796303,0.5279801165064539
234,0.6096159819772669,0.12151369446866572,0.2688703235540675
235,0.09452959228537322,0.269357060206526,0.6361133475081007
236,0.22404354676899368,0.23426790620451918,0.5416885470264869
237,0.22091829141051567,0.10741756534850658,0.6716641432409778
238,0.14688850494926664,0.2062652117965638,0.6468462832541694
239,0.13845443078245348,0.17939323484626157,0.6821523343712851
240,0.4066400312382068,0.150924823570674,0.44243514519111937
241,0.13567661974306222,0.1783729160271081,0.6859504642298295
242,0.36572451991761273,0.22796082167347254,0.4063146584089148
243,0.2409361870031024,0.14462734241684955,0.614436470580048
244,0.16852309305172675,0.19239155521223084,0.6390853517360423
245,0.06443152801882675,0.24691158454703316,0.6886568874341401
246,0.29962611336378514,0.25618717330399754,0.44418671333221726
247,0.2478571259565943,0.20696116605858894,0.5451817079848165
248,0.2252470169486997,0.20670891401264682,0.5680440690386533
249,0.31955295844113296,0.1577407870807546,0.522706254478112
250,0.3043615214528051,0.17765125611439472,0.5179872224328002
251,0.09946978099192753,0.31325571810374386,0.5872745009043285
252,0.3625522174021659,0.18492996672262266,0.45251781587521095
253,0.16185800011222148,0.2884459647948037,0.5496960350929746
254,0.2784154014235442,0.17385671074591996,0.5477278878305357
255,0.2165653234786105,0.22517047535204404,0.5582642011693453
256,0.182966822462999,0.11842139015424723,0.6986117873827535
257,0.15959184401584323,0.28914836003892513,0.5512597959452312
258,0.19432480835411695,0.1713590047954228,0.6343161868504605
259,0.20101109769518374,0.2475458319577164,0.5514430703470997
260,0.24920518459018356,0.09845086445631011,0.6523439509535062
261,0.29662560530277254,0.11912769263189822,0.5842467020653292
262,0.060838709466277424,0.19202393217357247,0.7471373583601504
263,0.23382288090803613,0.19660880371939124,0.5695683153725726
264,0.17149168924065744,0.1691170071036656,0.6593913036556771
265,0.13601649210827088,0.22183801405072126,0.6421454938410079
266,0.255595461472515,0.20148171937000983,0.5429228191574752
267,0.4222870733306618,0.1463916210872407,0.43132130558209764
268,0.17181690164837454,0.1691892292511115,0.658993869100514
269,0.2823567138989639,0.16350360782962756,0.5541396782714084
270,0.2498147025674035,0.14702932257057194,0.6031559748620247
271,0.07132985556838338,0.25978773683200335,0.668882407599613
272,0.28643081488937444,0.17482694427969417,0.5387422408309315
273,0.10633014353344362,0.3069939632837398,0.5866758931828167
274,0.07776960506905485,0.29431168706421645,0.6279187078667287
275,0.19966492323779517,0.18209982360795715,0.6182352531542478
276,0.5766512097046324,0.1541511165392014,0.2691976737561661
277,0.17451635503676535,0.2270331499913185,0.5984504949719163
278,0.20549728642022377,0.24837236687646408,0.5461303467033124
279,0.9999998499803286,5.0009834389960114e-08,1.0000983702774553e-07
280,0.41136368051041533,0.16854220768971012,0.4200941117998745
281,0.5985953787742162,0.08714251494130026,0.31426210628448337
282,0.11575464178101137,0.23015311726021778,0.6540922409587708
283,0.19144471280334283,0.2523830950950622,0.5561721921015953
284,0.1325261509450377,0.17083131533890453,0.696642533716058
285,0.1992588097172961,0.12709548583475658,0.6736457044479472
286,0.27469036447119805,0.25424172020473557,0.4710679153240662
287,0.16690982094160856,0.19877232501287195,0.6343178540455197
288,0.2556884020634043,0.17945631299208434,0.5648552849445113
289,0.07361645427277272,0.20986477271558923,0.7165187730116382
290,0.2677528107343928,0.10252679543642852,0.6297203938291788
291,0.2749256667028293,0.0776892010508749,0.6473851322462958
292,0.10070712188268714,0.2537581584320784,0.6455347196852341
293,0.09232886925215236,0.10290426145395769,0.80476686929389
294,0.16848214281292653,0.1543004351840071,0.6772174220030664
295,0.13406422598738854,0.3623264504410804,0.5036093235715308
296,0.18074254930924255,0.367697177872267,0.45156027281849026
297,0.16913765631030406,0.3429531087511038,0.48790923493859206
298,0.20265930160953655,0.14714417294886936,0.6501965254415941
299,0.10668444529388486,0.22211141452281502,0.6712041401833002
300,0.2045508985008672,0.15388865036978042,0.6415604511293527
301,0.162922511992791,0.1627955468096837,0.6742819411975255
302,0.27982323209328414,0.3833362925925234,0.3368404753141923
303,0.2658883954641754,0.12336261764796579,0.6107489868878586
304,0.29934640520825584,0.15180238160997392,0.5488512131817702
305,0.11467227535303223,0.18003040388903038,0.7052973207579375
306,0.2080126806629684,0.1363985003547111,0.6555888189823209
307,0.34442504814591085,0.09300337180034152,0.5625715800537475
308,0.12237604133313756,0.24658752144260215,0.6310364372242604
309,0.16431424424998917,0.21225495114157117,0.6234308046084396
310,0.2615706135533112,0.12244084025771731,0.6159885461889718
311,0.22275246959275966,0.17103834782995617,0.6062091825772845
312,0.6148310442104211,0.11526071387048684,0.26990824191909224
313,0.11503479090076607,0.2241936518404431,0.6607715572587909
314,0.18574877144757412,0.23863916920809392,0.5756120593443321
315,0.08843797951703251,0.11346465578623907,0.7980973646967285
316,0.12568908210580151,0.20914099184435114,0.6651699260498474
317,0.1808121885512641,0.24934509019030077,0.569842721258435
318,0.13796252540690163,0.1968562908046937,0.6651811837884045
319,0.3018795957573229,0.09611252220913291,0.6020078820335442
320,0.057162891703807575,0.16209797909032853,0.780739129205864
321,0.15843289985008796,0.27308076887655663,0.5684863312733552
322,0.15692852368775742,0.1996264175044571,0.6434450588077856
323,0.18181884906100243,0.23200530834075628,0.5861758425982412
324,0.1525851903255501,0.2710273160255317,0.5763874936489183
325,0.2016178884413656,0.12579321309057695,0.6725888984680574
326,0.18319929186018072,0.17809347145254037,0.6387072366872787
327,0.26640692188135867,0.13164086260444216,0.6019522155141988
328,0.15562169099681877,0.20306909440460094,0.6413092145985804
329,0.36744697364863604,0.12552263893682952,0.5070303874145344
330,0.15185190854390962,0.2528702743529652,0.5952778171031249
331,0.12624222432495533,0.3258642030801541,0.5478935725948906
332,0.905549175143648,0.04742958715377295,0.047021237702579134
333,0.5733715923205629,0.12099263431828808,0.3056357733611489
334,0.1439824475480189,0.2099576003428379,0.646059952109143
335,0.27359392768486374,0.2646314856552935,0.46177458665984233
336,0.1950154431178198,0.3909959217788163,0.4139886351033636
337,0.0584288953527124,0.18154149835691466,0.760029606290373
338,0.20421113959393108,0.17465155128694845,0.6211373091191207
339,0.219515555596092,0.32072267504998475,0.4597617693539234
340,0.1951981525371632,0.16076511093590448,0.6440367365269325
341,0.20410898994650556,0.19804949547524564,0.5978415145782489
342,0.2523988001191462,0.08694961274988611,0.6606515871309678
343,0.1514154411678349,0.17915236659170963,0.6694321922404555
344,0.2129410504471961,0.25051491615006816,0.5365440334027357
345,0.2183578317701957,0.19513393712660004,0.5865082311032039
346,0.19408584753699235,0.23216810667590554,0.5737460457871024
347,0.31473046117390496,0.18886387978717034,0.4964056590389248
348,0.1938949677613209,0.13464792743367462,0.6714571048050043
349,0.20692125902456412,0.16717333072809043,0.6259054102473453
350,0.13576165421989972,0.3381278888109334,0.5261104569691669
351,0.1952138712978581,0.18121165915618873,0.6235744695459532
352,0.3213521955759699,0.10908247358364793,0.5695653308403819
353,0.06855213363937102,0.1788125852933495,0.7526352810672794
354,0.21803821889165192,0.18590653553717534,0.5960552455711725
355,0.13318031268353178,0.23421711602524672,0.6326025712912217
356,0.17669889936724836,0.20078899073046375,0.6225121099022876
357,0.22321583569908146,0.13316920768596074,0.6436149566149576
358,0.10427806067337589,0.31962804367625364,0.5760938956503703
359,0.12496182982369382,0.34347561683345945,0.5315625533428466
360,0.2293115267018955,0.23054175631297702,0.5401467169851276
361,0.2327908606009423,0.330641884798454,0.43656725460060364
362,0.1438308457998037,0.1850520487185743,0.6711171054816218
363,0.07434880392712,0.23497668738317326,0.6906745086897069
364,0.19314492275537745,0.3295528910092375,0.47730218623538495
365,0.3557021505801894,0.11109052089540614,0.5332073285244046
366,0.06095620977447372,0.1652468466055705,0.7737969436199558
367,0.08718081529951294,0.20698650077787997,0.7058326839226072
368,0.1403363466010482,0.17935405956596226,0.6803095938329895
369,0.31266398630317876,0.1418324629439742,0.5455035507528467
370,0.701852500207159,0.06562153409664623,0.23252596569619502
371,0.22392764178456595,0.1908265409615843,0.5852458172538496
372,0.3102162044993335,0.17748322573803285,0.5123005697626334
373,0.10703818461937134,0.21787474225872663,0.675087073121902
374,0.17842727473055633,0.3744494253297984,0.4471232999396455
375,0.15225845970457366,0.1963714717754176,0.6513700685200086
376,0.3314331809641393,0.10437199577418262,0.5641948232616777
377,0.16151550605856396,0.20658925123666114,0.6318952427047749
378,0.4988514720890993,0.1392777509244643,0.3618707769864362
379,0.30871416993902706,0.13422408972963665,0.5570617403313364
380,0.27399621744091507,0.22402852363069853,0.5019752589283868
381,0.09511848208961962,0.2148454188116414,0.6900360990987391
382,0.0823325761875413,0.3712071977474011,0.5464602260650578
383,0.22020022828982874,0.2544856400385333,0.5253141316716381
384,0.3265238873300869,0.1892199034170014,0.48425620925291174
385,0.179469202961396,0.11655226940938486,0.7039785276292192
386,0.9151596687867491,0.031873636875955846,0.052966694337295256
387,0.18812677312165843,0.21642677300621407,0.5954464538721276
388,0.20238453598739434,0.08503516317815607,0.7125803008344495
389,0.117550367291311,0.10630456214145859,0.7761450705672304
390,0.12804238150589367,0.20330030459603857,0.6686573138980678
391,0.36541512929981657,0.10644624428596744,0.528138626414216
392,0.9999998499626084,5.001870090232389e-08,1.0001869089145563e-07
393,0.06930741631304445,0.1934962414346867,0.7371963422522687
394,0.23404591372295994,0.08078022911064732,0.6851738571663927
395,0.12163979588290241,0.5208913661872722,0.3574688379298255
396,0.14175584553086987,0.3072433401471554,0.5510008143219745
397,0.2842099853927017,0.1133034758592136,0.6024865387480847
398,0.15018288844099992,0.2937941446749908,0.5560229668840092
399,0.2582644880758357,0.24067288162291436,0.50106263030125
400,0.24249646061515417,0.2706122095303119,0.48689132985453404
401,0.26564692814990404,0.0896899946816227,0.6446630771684732
402,0.17225230225282723,0.22861491891383703,0.5991327788333358
403,0.41351568602345534,0.14593071178110714,0.4405536021954371
404,0.18962771101931716,0.23375787083519184,0.576614418145491
405,0.2970404226305339,0.08713352684350713,0.6158260505259588
406,0.15004101953374507,0.10824653941523038,0.7417124410510245
407,0.14889011442354347,0.20223317178888497,0.6488767137875714
408,0.22925807849894872,0.15777553701757815,0.6129663844834726
409,0.23931462497867426,0.15778080069878594,0.6029045743225397
410,0.16377491373798636,0.15354711197275522,0.6826779742892585
411,0.0767661827239996,0.22144454564670418,0.7017892716292962
412,0.861777636148965,0.03560286260964123,0.10261950124139387
413,0.3770165542971593,0.07454875095679192,0.5484346947460489
414,0.32778433914322164,0.08758979268152817,0.5846258681752504
415,0.3807293489244048,0.15979334398530395,0.45947730709029116
416,0.21920478529561768,0.14618372194617935,0.6346114927582029
417,0.2306241784850601,0.19290487068875534,0.5764709508261846
418,0.26734203865708733,0.15504501135107626,0.5776129499918362
419,0.05687950287122054,0.2699047870251041,0.6732157101036752
420,0.3182862934621025,0.1325662709695728,0.5491474355683247
421,0.2752757450491909,0.11785766689838803,0.6068665880524211
422,0.4223673916643686,0.11516651782640636,0.46246609050922505
423,0.3008943250481571,0.1423346369380985,0.5567710380137445
424,0.18796139086546845,0.36192038537995336,0.45011822375457794
425,0.04530772220289718,0.20951476704795752,0.7451775107491451
426,0.2035478697746825,0.31082884555393725,0.48562328467138016
427,0.1445724336098393,0.1793897714601054,0.6760377949300551
428,0.13976008977558013,0.43623474041831845,0.4240051698061013
429,0.18180542449429968,0.14500298109077853,0.6731915944149218
430,0.29703986141229877,0.1492523929501948,0.5537077456375065
431,0.39755009944093556,0.15031251964110665,0.45213738091795774
432,0.2699681505332533,0.18594546804145312,0.5440863814252932
433,0.16517502856853478,0.29984915391668354,0.5349758175147814
434,0.12290629942912201,0.24746786823078262,0.6296258323400956
435,0.15382415423109672,0.43547056035873105,0.41070528541017215
436,0.11396596488367217,0.22372169439150533,0.6623123407248225
437,0.32968166667682464,0.06847778825004495,0.6018405450731302
438,0.0447239933648869,0.19407514642507703,0.7612008602100361
439,0.23324472137889643,0.1370545487112336,0.6297007299098699
440,0.11116997841665245,0.23729156933267803,0.6515384522506694
441,0.13082768102491266,0.19669637673238047,0.6724759422427068
442,0.02939846215145711,0.2716471866524455,0.6989543511960974
443,0.18694217831975718,0.23677938224373546,0.5762784394365071
444,0.18789637531803394,0.20619876430800338,0.6059048603739625
445,0.08687031611362186,0.2509388396009053,0.6621908442854727
446,0.26135719328823226,0.2704688480310659,0.46817395868070205
447,0.3553281483673789,0.2047848350822584,0.4398870165503625
448,0.20576520522529793,0.12788223047806513,0.6663525642966367
449,0.2665980081933325,0.12783924159773513,0.6055627502089327
450,0.3197292618330995,0.10531518348935583,0.5749555546775444
451,0.08669570049097473,0.3296998171717126,0.5836044823373125
452,0.11050442646885503,0.27471181262526523,0.6147837609058796
453,0.1470243378576462,0.28988379523332736,0.5630918669090265
454,0.21293091808891212,0.2990706870931643,0.48799839481792373
455,0.4471464539782133,0.10876127441879821,0.4440922716029885
456,0.1908008258163497,0.27168672122813925,0.5375124529555111
457,0.5643586010388303,0.13033432063253414,0.3053070783286359
458,0.15595235984667385,0.20763374258865278,0.6364138975646729
459,0.36287407806229727,0.14710216231431306,0.4900237596233894
460,0.37513758777642187,0.1835763621508019,0.44128605007277644
461,0.11783119046487402,0.4288960091392039,0.45327280039592205
462,0.39533085560177617,0.08104231779461343,0.5236268266036102
463,0.15437556052502086,0.2605515817896,0.5850728576853793
464,0.25331639677187884,0.11462824619522156,0.6320553570328996
465,0.17466935263751962,0.1150080787072978,0.7103225686551825
466,0.07321444266999895,0.2441594883721419,0.6826260689578588
467,0.3053069168563098,0.12231740581524206,0.5723756773284483
468,0.15339687281329062,0.17899509546066994,0.6676080317260397
469,0.3657086038326681,0.21441100409461997,0.41988039207271166
470,0.9995195284546085,2.777285225008902e-05,0.00045269869314145083
471,0.18729513147226357,0.31958489731652145,0.4931199712112148
472,0.2348550807311115,0.13957795057340652,0.6255669686954816
473,0.9104335542677524,0.03688670023955127,0.05267974549269628
474,0.2908272335620434,0.17544264149293737,0.5337301249450193
475,0.21935261184065555,0.19369602092368904,0.5869513672356557
476,0.5623422504077167,0.055044622666388904,0.3826131269258944
477,0.17466008809368108,0.2482809585631333,0.5770589533431856
478,0.1588468464727734,0.4315184824895233,0.4096346710377035
479,0.21333065252263067,0.19549430210206628,0.5911750453753032
480,0.20301161768120488,0.12004916018654535,0.6769392221322498
481,0.2130556590878552,0.2164845443456734,0.5704597965664713
482,0.20306920713289844,0.22798641640292505,0.5689443764641763
483,0.20688181471969663,0.1473749723207698,0.645743212959534
484,0.21754067283977793,0.17909068264683178,0.6033686445133903
485,0.3772914252232696,0.1663026324234876,0.4564059423532426
486,0.08762028375796539,0.4770536244906775,0.4353260917513571
487,0.08594803394206509,0.24657035754814274,0.6674816085097922
488,0.20743179060113964,0.25788220159391045,0.5346860078049496
489,0.303442726178808,0.1488626469447206,0.5476946268764713
490,0.10637255953232527,0.24616629720901292,0.647461143258662
491,0.10989620005335252,0.20490082384243213,0.6852029761042155
492,0.07446659084574145,0.26654114308413496,0.6589922660701238
493,0.12170559884017255,0.20875219042411824,0.6695422107357092
494,0.1578233008163624,0.3437543914588541,0.4984223077247836
495,0.21086513265742018,0.456937339268052,0.33219752807452785
496,0.1133723265474488,0.20734252150374943,0.6792851519488017
497,0.9996470961347161,3.696116323200974e-06,0.00034920774896085924
498,0.27675083732930605,0.16929071006273042,0.5539584526079636
499,0.28599447659530497,0.15877731651328728,0.5552282068914074
500,0.07669776998206039,0.2616944288562731,0.6616078011616665
501,0.23969323300843837,0.1323411974708048,0.6279655695207568
502,0.5124007422494458,0.30524808296426625,0.182351174786288
503,0.20637422483703274,0.25446636935469935,0.5391594058082678
504,0.1371420816881574,0.16894941476556638,0.693908503546276
505,0.9996734254174252,1.1326690401486928e-05,0.00031524789217326983
506,0.10584397163080635,0.2684210777588737,0.6257349506103203
507,0.2767521856959718,0.19903140478681117,0.5242164095172168
508,0.2523516334368238,0.11079622691532284,0.6368521396478534
509,0.9980499705076923,0.0002813805126175117,0.0016686489796902916
510,0.1924329081413306,0.3115584390214341,0.4960086528372355
511,0.19752876178027867,0.23346848561031483,0.569002752609406
512,0.18722388252915026,0.30444262085915075,0.508333496611699
513,0.1679886839887735,0.11795616411758832,0.7140551518936383
514,0.27716229049520275,0.14175747557157664,0.5810802339332207
515,0.17977254149991403,0.3694433656955407,0.4507840928045455
516,0.39558514683127366,0.1538958960952863,0.45051895707344014
517,0.1325500241873834,0.2266035627993439,0.6408464130132727
518,0.14412536455934774,0.33065902830158944,0.5252156071390627
519,0.35568494966292186,0.14026347960928368,0.5040515707277942
520,0.24865431386151193,0.13781733895479734,0.6135283471836904
521,0.23089095742666663,0.2905048404300617,0.47860420214327193
522,0.28605746573841084,0.09259197916160286,0.6213505550999863
523,0.7197138196632553,0.0357943041145865,0.24449187622215796
524,0.19266061879049115,0.3121910407860714,0.49514834042343747
525,0.160587463981601,0.20815596312044612,0.6312565728979533
526,0.247811146690898,0.14318197494422805,0.6090068783648734
527,0.06220217309438968,0.20341466943780978,0.7343831574678008
528,0.25322681809289593,0.15512851481029996,0.5916446670968043
529,0.2794808962861626,0.1613965176004356,0.5591225861134017
530,0.3674482989873005,0.21397057232815545,0.4185811286845439
531,0.12364018738613472,0.4049338954781221,0.47142591713574344
532,0.06959125460426234,0.29175051098263377,0.638658234413104
533,0.3125238521953889,0.2431248992131092,0.4443512485915019
534,0.16387572686509552,0.12517735998171797,0.7109469131531864
535,0.1379285314354535,0.11802880343830417,0.7440426651262424
536,0.16716974549190566,0.20615960129371586,0.6266706532143788
537,0.07328023580827558,0.29210814603728774,0.6346116181544368
538,0.43510426248821626,0.11158636469777619,0.45330937281400735
539,0.23882065939887898,0.26164458958090653,0.4995347510202144
540,0.23558528695388012,0.31821160420486116,0.4462031088412587
541,0.29642835758582387,0.19207162809417486,0.5115000143200009
542,0.4653431386234772,0.14810079724469566,0.3865560641318273
543,0.3075218691145447,0.08265416511072238,0.609823965774733
544,0.2511911110460717,0.17587755890444484,0.5729313300494834
545,0.2523969191238552,0.275700214868816,0.4719028660073286
546,0.35841611314982474,0.11610231747105594,0.525481569379119
547,0.22769515354810374,0.14596642730851944,0.6263384191433766
548,0.27324279951963387,0.2617951156427027,0.46496208483766355
549,0.10757985219825698,0.1072146149016906,0.7852055329000525
550,0.2809173480277552,0.08810798208495203,0.630974669887293
551,0.11876630421410592,0.21962853958036738,0.6616051562055268
552,0.1879883397957181,0.2895813479577199,0.5224303122465621
553,0.2830318525688272,0.17693332286595115,0.5400348245652216
554,0.0863935604242805,0.31545043572435855,0.5981560038513609
555,0.05934658692133343,0.22410133472354926,0.7165520783551168
556,0.34624012316591285,0.19461412464954977,0.459145752184537
557,0.6737126545817593,0.03782560530226315,0.28846174011597747
558,0.5761447955787371,0.10998961708070451,0.31386558734055814
559,0.09880927463256252,0.27629420799609855,0.6248965173713386
560,0.36310419348596357,0.13242795852831027,0.5044678479857263
561,0.1936423479369975,0.1385233435402128,0.6678343085227897
562,0.38623101705866447,0.10123293432132803,0.5125360486200073
563,0.2158301559162666,0.23431746477695808,0.5498523793067752
564,0.263658389163184,0.1645808143596593,0.5717607964771566
565,0.9997110563139343,4.920736336116148e-06,0.0002840229497297192
566,0.1663911541671779,0.2260384313886127,0.6075704144442092
567,0.23044129743229524,0.10452606057138672,0.6650326419963178
568,0.07643693431072657,0.3154577562008844,0.6081053094883889
569,0.09519665614984564,0.2102823664528972,0.6945209773972572
570,0.23399801385618244,0.2432094898155492,0.5227924963282684
571,0.07924054119315485,0.2718196124664987,0.6489398463403464
572,0.2333364283422624,0.4307101417324059,0.33595342992533167
573,0.16406864682145414,0.17811175644358138,0.6578195967349645
574,0.17636257113127748,0.27232665698924063,0.551310771879482
575,0.14158952863595978,0.2133495832089087,0.6450608881551314
576,0.2306609665527779,0.11184977224229378,0.6574892612049282
577,0.3438173199477314,0.11860762213000871,0.5375750579222598
578,0.270091575443947,0.16577858556933855,0.5641298389867144
579,0.14871924724897015,0.35666527437083456,0.4946154783801955
580,0.10919635249713709,0.10589955450395706,0.7849040929989058
581,0.1936105859298614,0.2991909633736219,0.5071984506965167
582,0.21293257967134696,0.27817445429287607,0.508892966035777
583,0.44449546653096805,0.20670254665393675,0.3488019868150951
584,0.2461031368593432,0.17750285963011753,0.576394003510539
585,0.16412346496749605,0.18735607653791939,0.6485204584945847
586,0.13075615599445045,0.32994279632835954,0.5393010476771901
587,0.18814969921179575,0.23530051106492564,0.5765497897232785
588,0.08991790736375428,0.25590390146886244,0.6541781911673827
589,0.23518366844636399,0.4320720954717331,0.33274423608190284
590,0.11261620368228598,0.2339000472702012,0.6534837490475129
591,0.0931035418819216,0.21612440195663293,0.6907720561614457
592,0.22835357709237644,0.19320047366964468,0.5784459492379788
593,0.24103359629931254,0.10991576985466447,0.6490506338460231
594,0.18390517982298832,0.32645008579073737,0.4896447343862744
595,0.21058672063603806,0.15998643326535938,0.6294268460986028
596,0.30393819497773195,0.19924965815615162,0.4968121468661162
597,0.3084877039292167,0.18956245040784117,0.5019498456629418
598,0.17696263867410314,0.19455230652244154,0.6284850548034553
599,0.25340794983994286,0.16502580353412638,0.581566246625931
600,0.28549919350534175,0.19018923405312196,0.5243115724415361
601,0.135946812768585,0.22781701986155792,0.6362361673698568
602,0.27994652972201156,0.13478745393606162,0.5852660163419269
603,0.12573014113812994,0.5015222127382217,0.3727476461236484
604,0.16076851685896304,0.1704083104099544,0.6688231727310827
605,0.2893127137024089,0.15596768463439753,0.5547196016631938
606,0.14580811357892812,0.18938606027953783,0.6648058261415342
607,0.1774313793552317,0.1585729824252196,0.6639956382195489
608,0.11069404061359184,0.23738394447241024,0.6519220149139979
609,0.1930182902524071,0.33769774186895757,0.469283967878635
610,0.15254966739962267,0.18918453550830205,0.6582657970920752
611,0.17675693384054006,0.3286999795297654,0.4945430866296944
612,0.08507469688108087,0.33707978119136806,0.5778455219275511
613,0.23904885101514933,0.2699769665247489,0.4909741824601019
614,0.19692121554683265,0.25273337496707626,0.5503454094860912
615,0.28695980519239245,0.09462038317566861,0.6184198116319388
616,0.23206425997258295,0.25287495415872224,0.515060785868695
617,0.3037269994753571,0.17124657089202475,0.5250264296326181
618,0.11459200284662073,0.34928800029384655,0.5361199968595328
619,0.09761246760992975,0.31651843698461557,0.5858690954054547
620,0.18208448208034642,0.3725528411898381,0.44536267672981533
621,0.11915097398581398,0.2959493493913854,0.5848996766228005
622,0.2077059050520587,0.26655253326140443,0.5257415616865365
623,0.6079694640316253,0.07444948117680734,0.31758105479156745
624,0.20748266044629712,0.18740442987344755,0.6051129096802554
625,0.25008637434393505,0.13230170231084695,0.6176119233452179
626,0.23755402733647374,0.17595798486595807,0.5864879877975682
627,0.20320597939514637,0.18663516975006508,0.6101588508547886
628,0.0744245543708661,0.26136947157778206,0.6642059740513521
629,0.18106055164356705,0.26370942872079606,0.5552300196356368
630,0.3883977237382186,0.19387209944330488,0.4177301768184766
631,0.4659027940747155,0.18084602178303533,0.3532511841422491
632,0.24321229221094115,0.094455802078395,0.6623319057106639
633,0.3833289495298901,0.076771558936734,0.5398994915333757
634,0.2868668197768919,0.29185546092505843,0.4212777192980496
635,0.36005619456667853,0.12132422305946318,0.5186195823738583
636,0.18720886840367965,0.2157574788256481,0.5970336527706724
637,0.2700729029565609,0.10810005656547571,0.6218270404779632
638,0.2298579649556116,0.25469567048221115,0.5154463645621773
639,0.13407303138832072,0.18148120215962843,0.6844457664520507
640,0.9999998499462492,5.002688971449606e-08,1.0002686104171476e-07
641,0.0810495441928334,0.2131336164313008,0.7058168393758657
