,proba_0,proba_1,proba_2
0,0.408,0.108,0.484
1,0.15,0.074,0.776
2,0.964,0.004,0.032
3,0.21,0.312,0.478
4,0.182,0.066,0.752
5,0.024,0.218,0.758
6,0.1,0.108,0.792
7,0.3,0.38,0.32
8,0.106,0.078,0.816
9,0.188,0.302,0.51
10,0.042,0.804,0.154
11,0.368,0.168,0.464
12,0.336,0.286,0.378
13,0.292,0.044,0.664
14,0.09,0.096,0.814
15,0.334,0.33,0.336
16,0.252,0.154,0.594
17,0.132,0.582,0.286
18,0.53,0.124,0.346
19,0.116,0.316,0.568
20,0.21,0.404,0.386
21,0.254,0.194,0.552
22,0.442,0.102,0.456
23,0.256,0.096,0.648
24,0.242,0.068,0.69
25,0.178,0.114,0.708
26,0.188,0.284,0.528
27,0.962,0.006,0.032
28,0.226,0.146,0.628
29,0.576,0.152,0.272
30,0.106,0.258,0.636
31,0.076,0.654,0.27
32,0.174,0.032,0.794
33,0.144,0.276,0.58
34,0.09,0.254,0.656
35,0.104,0.078,0.818
36,0.206,0.294,0.5
37,0.606,0.074,0.32
38,0.32,0.352,0.328
39,0.016,0.038,0.946
40,0.31,0.32,0.37
41,0.166,0.15,0.684
42,0.042,0.424,0.534
43,0.312,0.068,0.62
44,0.202,0.146,0.652
45,0.336,0.124,0.54
46,0.272,0.114,0.614
47,0.06,0.03,0.91
48,0.17,0.116,0.714
49,0.122,0.17,0.708
50,0.116,0.084,0.8
51,0.296,0.132,0.572
52,0.132,0.426,0.442
53,0.638,0.174,0.188
54,0.218,0.166,0.616
55,0.05,0.108,0.842
56,0.288,0.122,0.59
57,0.296,0.06,0.644
58,0.552,0.05,0.398
59,0.094,0.134,0.772
60,0.106,0.222,0.672
61,0.372,0.15,0.478
62,0.278,0.404,0.318
63,0.084,0.082,0.834
64,0.184,0.176,0.64
65,0.03,0.044,0.926
66,0.06,0.118,0.822
67,0.266,0.17,0.564
68,0.222,0.414,0.364
69,0.182,0.164,0.654
70,0.524,0.162,0.314
71,0.188,0.284,0.528
72,0.58,0.136,0.284
73,0.68,0.09,0.23
74,0.114,0.726,0.16
75,0.9,0.02,0.08
76,0.2,0.17,0.63
77,0.058,0.38,0.562
78,0.076,0.132,0.792
79,0.408,0.068,0.524
80,0.154,0.166,0.68
81,0.338,0.082,0.58
82,0.642,0.152,0.206
83,0.126,0.27,0.604
84,0.16,0.252,0.588
85,0.22,0.312,0.468
86,0.876,0.048,0.076
87,0.18,0.51,0.31
88,0.194,0.346,0.46
89,0.096,0.576,0.328
90,0.458,0.16,0.382
91,0.312,0.044,0.644
92,0.224,0.11,0.666
93,0.204,0.112,0.684
94,0.014,0.418,0.568
95,0.66,0.09,0.25
96,0.704,0.062,0.234
97,0.138,0.32,0.542
98,0.176,0.214,0.61
99,0.446,0.162,0.392
100,0.176,0.484,0.34
101,0.28,0.308,0.412
102,0.406,0.044,0.55
103,0.236,0.15,0.614
104,0.08,0.018,0.902
105,0.27,0.112,0.618
106,0.218,0.37,0.412
107,0.112,0.318,0.57
108,0.224,0.218,0.558
109,0.234,0.128,0.638
110,0.062,0.22,0.718
111,0.206,0.122,0.672
112,0.196,0.134,0.67
113,0.108,0.518,0.374
114,0.644,0.038,0.318
115,0.384,0.042,0.574
116,0.098,0.478,0.424
117,0.216,0.18,0.604
118,0.122,0.046,0.832
119,0.154,0.16,0.686
120,0.108,0.308,0.584
121,0.02,0.264,0.716
122,0.28,0.156,0.564
123,0.034,0.76,0.206
124,0.134,0.066,0.8
125,0.242,0.1,0.658
126,0.154,0.09,0.756
127,0.492,0.212,0.296
128,0.554,0.154,0.292
129,0.17,0.222,0.608
130,0.672,0.054,0.274
131,0.272,0.07,0.658
132,0.258,0.112,0.63
133,0.866,0.034,0.1
134,0.396,0.018,0.586
135,0.24,0.15,0.61
136,0.068,0.23,0.702
137,0.24,0.052,0.708
138,0.352,0.168,0.48
139,0.034,0.524,0.442
140,0.102,0.19,0.708
141,0.086,0.558,0.356
142,0.084,0.676,0.24
143,0.198,0.242,0.56
144,0.672,0.064,0.264
145,0.202,0.064,0.734
146,0.164,0.218,0.618
147,0.184,0.154,0.662
148,0.474,0.156,0.37
149,0.198,0.154,0.648
150,0.39,0.212,0.398
151,0.162,0.112,0.726
152,0.694,0.068,0.238
153,0.156,0.038,0.806
154,0.36,0.194,0.446
155,0.194,0.202,0.604
156,0.214,0.312,0.474
157,0.306,0.05,0.644
158,0.002,0.242,0.756
159,0.122,0.14,0.738
160,0.208,0.348,0.444
161,0.136,0.354,0.51
162,0.214,0.126,0.66
163,0.304,0.204,0.492
164,0.146,0.114,0.74
165,0.306,0.178,0.516
166,0.202,0.2,0.598
167,0.222,0.388,0.39
168,0.346,0.294,0.36
169,0.15,0.132,0.718
170,0.212,0.298,0.49
171,0.162,0.118,0.72
172,0.56,0.102,0.338
173,0.148,0.268,0.584
174,0.208,0.286,0.506
175,0.142,0.202,0.656
176,0.098,0.334,0.568
177,0.338,0.032,0.63
178,0.19,0.242,0.568
179,0.044,0.418,0.538
180,0.188,0.192,0.62
181,0.144,0.066,0.79
182,0.056,0.132,0.812
183,0.426,0.222,0.352
184,0.372,0.068,0.56
185,0.11,0.066,0.824
186,0.478,0.2,0.322
187,0.436,0.076,0.488
188,0.384,0.074,0.542
189,0.046,0.114,0.84
190,0.16,0.316,0.524
191,0.174,0.06,0.766
192,0.43,0.088,0.482
193,0.14,0.186,0.674
194,0.068,0.504,0.428
195,0.34,0.16,0.5
196,0.258,0.142,0.6
197,0.054,0.596,0.35
198,0.306,0.048,0.646
199,0.026,0.698,0.276
200,0.026,0.042,0.932
201,0.304,0.038,0.658
202,0.048,0.324,0.628
203,0.752,0.036,0.212
204,0.108,0.548,0.344
205,0.092,0.088,0.82
206,0.136,0.288,0.576
207,0.37,0.192,0.438
208,0.274,0.296,0.43
209,0.97,0.012,0.018
210,0.108,0.098,0.794
211,0.124,0.478,0.398
212,0.112,0.522,0.366
213,0.71,0.04,0.25
214,0.03,0.598,0.372
215,0.092,0.3,0.608
216,0.178,0.208,0.614
217,0.39,0.206,0.404
218,0.216,0.124,0.66
219,0.524,0.046,0.43
220,0.358,0.172,0.47
221,0.04,0.814,0.146
222,0.496,0.068,0.436
223,0.338,0.314,0.348
224,0.076,0.328,0.596
225,0.488,0.066,0.446
226,0.196,0.176,0.628
227,0.034,0.098,0.868
228,0.244,0.064,0.692
229,0.168,0.22,0.612
230,0.328,0.088,0.584
231,0.076,0.17,0.754
232,0.026,0.43,0.544
233,0.144,0.354,0.502
234,0.736,0.116,0.148
235,0.07,0.422,0.508
236,0.274,0.304,0.422
237,0.212,0.1,0.688
238,0.116,0.294,0.59
239,0.062,0.036,0.902
240,0.752,0.034,0.214
241,0.034,0.474,0.492
242,0.126,0.258,0.616
243,0.254,0.112,0.634
244,0.27,0.196,0.534
245,0.288,0.228,0.484
246,0.066,0.744,0.19
247,0.374,0.314,0.312
248,0.506,0.066,0.428
249,0.15,0.198,0.652
250,0.378,0.058,0.564
251,0.194,0.378,0.428
252,0.386,0.158,0.456
253,0.162,0.14,0.698
254,0.136,0.074,0.79
255,0.098,0.126,0.776
256,0.366,0.062,0.572
257,0.16,0.416,0.424
258,0.278,0.086,0.636
259,0.392,0.064,0.544
260,0.092,0.36,0.548
261,0.564,0.06,0.376
262,0.254,0.038,0.708
263,0.144,0.276,0.58
264,0.014,0.282,0.704
265,0.216,0.13,0.654
266,0.05,0.166,0.784
267,0.364,0.314,0.322
268,0.256,0.054,0.69
269,0.19,0.116,0.694
270,0.096,0.114,0.79
271,0.144,0.222,0.634
272,0.288,0.326,0.386
273,0.104,0.376,0.52
274,0.06,0.106,0.834
275,0.24,0.072,0.688
276,0.402,0.212,0.386
277,0.092,0.19,0.718
278,0.104,0.428,0.468
279,0.592,0.206,0.202
280,0.284,0.412,0.304
281,0.728,0.036,0.236
282,0.156,0.352,0.492
283,0.27,0.068,0.662
284,0.438,0.048,0.514
285,0.34,0.08,0.58
286,0.08,0.208,0.712
287,0.108,0.286,0.606
288,0.71,0.042,0.248
289,0.354,0.098,0.548
290,0.268,0.042,0.69
291,0.166,0.048,0.786
292,0.126,0.388,0.486
293,0.17,0.13,0.7
294,0.134,0.116,0.75
295,0.226,0.246,0.528
296,0.032,0.814,0.154
297,0.216,0.506,0.278
298,0.07,0.284,0.646
299,0.242,0.188,0.57
300,0.334,0.138,0.528
301,0.304,0.086,0.61
302,0.05,0.148,0.802
303,0.392,0.086,0.522
304,0.448,0.086,0.466
305,0.486,0.05,0.464
306,0.084,0.272,0.644
307,0.12,0.148,0.732
308,0.052,0.164,0.784
309,0.212,0.142,0.646
310,0.178,0.39,0.432
311,0.106,0.07,0.824
312,0.71,0.082,0.208
313,0.044,0.406,0.55
314,0.266,0.482,0.252
315,0.17,0.104,0.726
316,0.138,0.256,0.606
317,0.5,0.046,0.454
318,0.086,0.204,0.71
319,0.352,0.07,0.578
320,0.104,0.478,0.418
321,0.102,0.322,0.576
322,0.086,0.12,0.794
323,0.122,0.21,0.668
324,0.086,0.186,0.728
325,0.354,0.074,0.572
326,0.338,0.238,0.424
327,0.304,0.156,0.54
328,0.032,0.374,0.594
329,0.354,0.082,0.564
330,0.144,0.524,0.332
331,0.064,0.362,0.574
332,0.632,0.052,0.316
333,0.366,0.172,0.462
334,0.018,0.286,0.696
335,0.706,0.056,0.238
336,0.04,0.17,0.79
337,0.222,0.27,0.508
338,0.12,0.07,0.81
339,0.028,0.766,0.206
340,0.17,0.132,0.698
341,0.194,0.296,0.51
342,0.198,0.39,0.412
343,0.192,0.23,0.578
344,0.11,0.33,0.56
345,0.514,0.054,0.432
346,0.144,0.044,0.812
347,0.304,0.426,0.27
348,0.052,0.354,0.594
349,0.174,0.182,0.644
350,0.074,0.648,0.278
351,0.188,0.084,0.728
352,0.23,0.08,0.69
353,0.3,0.134,0.566
354,0.054,0.27,0.676
355,0.226,0.562,0.212
356,0.292,0.186,0.522
357,0.056,0.394,0.55
358,0.108,0.152,0.74
359,0.036,0.588,0.376
360,0.208,0.466,0.326
361,0.2,0.574,0.226
362,0.154,0.068,0.778
363,0.334,0.106,0.56
364,0.11,0.582,0.308
365,0.296,0.186,0.518
366,0.182,0.342,0.476
367,0.172,0.172,0.656
368,0.116,0.048,0.836
369,0.07,0.502,0.428
370,0.182,0.072,0.746
371,0.298,0.108,0.594
372,0.132,0.358,0.51
373,0.024,0.028,0.948
374,0.112,0.576,0.312
375,0.098,0.138,0.764
376,0.146,0.194,0.66
377,0.448,0.218,0.334
378,0.256,0.354,0.39
379,0.114,0.156,0.73
380,0.522,0.108,0.37
381,0.22,0.184,0.596
382,0.05,0.646,0.304
383,0.338,0.052,0.61
384,0.228,0.442,0.33
385,0.146,0.086,0.768
386,0.57,0.054,0.376
387,0.118,0.096,0.786
388,0.418,0.074,0.508
389,0.054,0.052,0.894
390,0.096,0.348,0.556
391,0.352,0.068,0.58
392,0.658,0.158,0.184
393,0.124,0.138,0.738
394,0.252,0.214,0.534
395,0.064,0.444,0.492
396,0.074,0.77,0.156
397,0.174,0.1,0.726
398,0.076,0.136,0.788
399,0.08,0.21,0.71
400,0.064,0.5,0.436
401,0.064,0.078,0.858
402,0.17,0.116,0.714
403,0.77,0.016,0.214
404,0.19,0.4,0.41
405,0.36,0.042,0.598
406,0.448,0.212,0.34
407,0.148,0.156,0.696
408,0.364,0.066,0.57
409,0.4,0.064,0.536
410,0.04,0.13,0.83
411,0.19,0.106,0.704
412,0.536,0.178,0.286
413,0.328,0.044,0.628
414,0.194,0.218,0.588
415,0.68,0.254,0.066
416,0.068,0.112,0.82
417,0.186,0.108,0.706
418,0.7,0.108,0.192
419,0.01,0.226,0.764
420,0.246,0.024,0.73
421,0.266,0.296,0.438
422,0.762,0.068,0.17
423,0.12,0.052,0.828
424,0.064,0.702,0.234
425,0.044,0.104,0.852
426,0.08,0.224,0.696
427,0.218,0.306,0.476
428,0.396,0.266,0.338
429,0.282,0.044,0.674
430,0.174,0.058,0.768
431,0.582,0.188,0.23
432,0.232,0.256,0.512
433,0.068,0.32,0.612
434,0.058,0.17,0.772
435,0.304,0.432,0.264
436,0.3,0.266,0.434
437,0.288,0.166,0.546
438,0.056,0.122,0.822
439,0.072,0.146,0.782
440,0.138,0.164,0.698
441,0.162,0.184,0.654
442,0.038,0.194,0.768
443,0.118,0.224,0.658
444,0.1,0.038,0.862
445,0.294,0.212,0.494
446,0.052,0.452,0.496
447,0.08,0.228,0.692
448,0.274,0.04,0.686
449,0.3,0.054,0.646
450,0.368,0.09,0.542
451,0.128,0.556,0.316
452,0.014,0.226,0.76
453,0.352,0.318,0.33
454,0.07,0.204,0.726
455,0.272,0.144,0.584
456,0.216,0.084,0.7
457,0.344,0.182,0.474
458,0.064,0.302,0.634
459,0.184,0.306,0.51
460,0.058,0.072,0.87
461,0.16,0.378,0.462
462,0.152,0.158,0.69
463,0.106,0.51,0.384
464,0.354,0.196,0.45
465,0.396,0.134,0.47
466,0.024,0.286,0.69
467,0.458,0.07,0.472
468,0.084,0.458,0.458
469,0.104,0.366,0.53
470,0.95,0.01,0.04
471,0.676,0.2,0.124
472,0.106,0.05,0.844
473,0.574,0.05,0.376
474,0.304,0.514,0.182
475,0.098,0.1,0.802
476,0.332,0.044,0.624
477,0.266,0.08,0.654
478,0.366,0.284,0.35
479,0.146,0.19,0.664
480,0.124,0.12,0.756
481,0.084,0.326,0.59
482,0.192,0.674,0.134
483,0.08,0.188,0.732
484,0.084,0.108,0.808
485,0.768,0.03,0.202
486,0.266,0.23,0.504
487,0.124,0.104,0.772
488,0.218,0.236,0.546
489,0.282,0.05,0.668
490,0.016,0.26,0.724
491,0.086,0.086,0.828
492,0.096,0.188,0.716
493,0.166,0.076,0.758
494,0.146,0.69,0.164
495,0.036,0.22,0.744
496,0.086,0.14,0.774
497,0.888,0.054,0.058
498,0.14,0.094,0.766
499,0.162,0.078,0.76
500,0.2,0.122,0.678
501,0.202,0.084,0.714
502,0.086,0.516,0.398
503,0.04,0.066,0.894
504,0.186,0.16,0.654
505,0.966,0.02,0.014
506,0.45,0.102,0.448
507,0.178,0.112,0.71
508,0.12,0.09,0.79
509,0.866,0.044,0.09
510,0.282,0.106,0.612
511,0.156,0.674,0.17
512,0.004,0.116,0.88
513,0.478,0.102,0.42
514,0.296,0.3,0.404
515,0.178,0.132,0.69
516,0.654,0.232,0.114
517,0.064,0.22,0.716
518,0.106,0.386,0.508
519,0.256,0.176,0.568
520,0.27,0.116,0.614
521,0.028,0.564,0.408
522,0.39,0.026,0.584
523,0.458,0.044,0.498
524,0.084,0.494,0.422
525,0.352,0.132,0.516
526,0.328,0.274,0.398
527,0.216,0.18,0.604
528,0.086,0.09,0.824
529,0.316,0.11,0.574
530,0.364,0.406,0.23
531,0.126,0.252,0.622
532,0.078,0.212,0.71
533,0.486,0.13,0.384
534,0.1,0.058,0.842
535,0.254,0.146,0.6
536,0.56,0.156,0.284
537,0.03,0.102,0.868
538,0.774,0.068,0.158
539,0.584,0.048,0.368
540,0.538,0.13,0.332
541,0.196,0.292,0.512
542,0.57,0.038,0.392
543,0.188,0.066,0.746
544,0.376,0.21,0.414
545,0.714,0.052,0.234
546,0.582,0.118,0.3
547,0.168,0.47,0.362
548,0.218,0.196,0.586
549,0.062,0.094,0.844
550,0.14,0.126,0.734
551,0.172,0.092,0.736
552,0.152,0.418,0.43
553,0.266,0.372,0.362
554,0.116,0.322,0.562
555,0.024,0.226,0.75
556,0.552,0.04,0.408
557,0.282,0.098,0.62
558,0.6,0.032,0.368
559,0.074,0.13,0.796
560,0.116,0.194,0.69
561,0.388,0.06,0.552
562,0.588,0.032,0.38
563,0.038,0.754,0.208
564,0.156,0.38,0.464
565,0.932,0.008,0.06
566,0.306,0.078,0.616
567,0.228,0.068,0.704
568,0.074,0.148,0.778
569,0.104,0.254,0.642
570,0.356,0.228,0.416
571,0.076,0.382,0.542
572,0.052,0.54,0.408
573,0.174,0.434,0.392
574,0.342,0.338,0.32
575,0.12,0.154,0.726
576,0.116,0.104,0.78
577,0.398,0.14,0.462
578,0.142,0.042,0.816
579,0.038,0.748,0.214
580,0.054,0.062,0.884
581,0.072,0.178,0.75
582,0.77,0.064,0.166
583,0.41,0.138,0.452
584,0.292,0.216,0.492
585,0.34,0.13,0.53
586,0.194,0.134,0.672
587,0.226,0.282,0.492
588,0.118,0.104,0.778
589,0.118,0.224,0.658
590,0.166,0.162,0.672
591,0.12,0.076,0.804
592,0.242,0.148,0.61
593,0.242,0.046,0.712
594,0.098,0.518,0.384
595,0.226,0.072,0.702
596,0.222,0.478,0.3
597,0.256,0.398,0.346
598,0.074,0.066,0.86
599,0.088,0.512,0.4
600,0.106,0.188,0.706
601,0.338,0.174,0.488
602,0.216,0.162,0.622
603,0.216,0.366,0.418
604,0.056,0.266,0.678
605,0.29,0.34,0.37
606,0.088,0.134,0.778
607,0.106,0.246,0.648
608,0.212,0.222,0.566
609,0.358,0.252,0.39
610,0.486,0.286,0.228
611,0.134,0.41,0.456
612,0.13,0.134,0.736
613,0.196,0.296,0.508
614,0.088,0.576,0.336
615,0.348,0.126,0.526
616,0.408,0.116,0.476
617,0.164,0.348,0.488
618,0.118,0.552,0.33
619,0.266,0.33,0.404
620,0.048,0.782,0.17
621,0.06,0.346,0.594
622,0.17,0.07,0.76
623,0.768,0.022,0.21
624,0.198,0.132,0.67
625,0.478,0.08,0.442
626,0.092,0.502,0.406
627,0.102,0.286,0.612
628,0.112,0.32,0.568
629,0.218,0.15,0.632
630,0.47,0.082,0.448
631,0.598,0.076,0.326
632,0.148,0.134,0.718
633,0.178,0.124,0.698
634,0.204,0.344,0.452
635,0.314,0.136,0.55
636,0.35,0.134,0.516
637,0.052,0.048,0.9
638,0.144,0.106,0.75
639,0.056,0.286,0.658
640,0.762,0.078,0.16
641,0.118,0.082,0.8
642,0.274,0.466,0.26
643,0.476,0.066,0.458
644,0.914,0.01,0.076
645,0.28,0.242,0.478
646,0.18,0.104,0.716
647,0.032,0.114,0.854
648,0.17,0.066,0.764
649,0.71,0.06,0.23
650,0.058,0.376,0.566
651,0.13,0.054,0.816
652,0.262,0.092,0.646
653,0.038,0.12,0.842
654,0.034,0.296,0.67
655,0.134,0.114,0.752
656,0.268,0.374,0.358
657,0.06,0.038,0.902
658,0.164,0.092,0.744
659,0.214,0.444,0.342
660,0.532,0.138,0.33
661,0.482,0.052,0.466
662,0.082,0.198,0.72
663,0.044,0.244,0.712
664,0.516,0.08,0.404
665,0.3,0.066,0.634
666,0.186,0.228,0.586
667,0.408,0.404,0.188
668,0.056,0.018,0.926
669,0.252,0.132,0.616
670,0.206,0.464,0.33
671,0.164,0.254,0.582
672,0.238,0.084,0.678
673,0.178,0.112,0.71
674,0.012,0.038,0.95
675,0.068,0.296,0.636
676,0.29,0.352,0.358
677,0.038,0.114,0.848
678,0.372,0.144,0.484
679,0.012,0.24,0.748
680,0.062,0.07,0.868
681,0.238,0.074,0.688
682,0.066,0.216,0.718
683,0.96,0.01,0.03
684,0.514,0.092,0.394
685,0.142,0.232,0.626
686,0.12,0.12,0.76
687,0.144,0.19,0.666
688,0.65,0.146,0.204
689,0.302,0.076,0.622
690,0.062,0.21,0.728
691,0.072,0.512,0.416
692,0.014,0.152,0.834
693,0.12,0.24,0.64
694,0.164,0.14,0.696
695,0.248,0.13,0.622
696,0.14,0.206,0.654
697,0.234,0.262,0.504
698,0.302,0.356,0.342
699,0.08,0.16,0.76
700,0.132,0.196,0.672
701,0.316,0.314,0.37
702,0.404,0.072,0.524
703,0.436,0.046,0.518
704,0.306,0.086,0.608
705,0.318,0.382,0.3
706,0.238,0.098,0.664
707,0.3,0.07,0.63
708,0.2,0.594,0.206
709,0.112,0.238,0.65
710,0.226,0.118,0.656
711,0.77,0.054,0.176
712,0.21,0.278,0.512
713,0.082,0.704,0.214
714,0.318,0.098,0.584
715,0.198,0.086,0.716
716,0.19,0.24,0.57
717,0.168,0.098,0.734
718,0.044,0.058,0.898
719,0.348,0.076,0.576
720,0.518,0.17,0.312
721,0.156,0.088,0.756
722,0.03,0.054,0.916
723,0.966,0.014,0.02
724,0.206,0.292,0.502
725,0.416,0.086,0.498
726,0.194,0.126,0.68
727,0.182,0.03,0.788
728,0.06,0.082,0.858
729,0.148,0.192,0.66
730,0.238,0.048,0.714
731,0.18,0.092,0.728
732,0.186,0.258,0.556
733,0.386,0.13,0.484
734,0.11,0.07,0.82
735,0.128,0.254,0.618
736,0.378,0.362,0.26
737,0.656,0.112,0.232
738,0.29,0.408,0.302
739,0.27,0.536,0.194
740,0.082,0.58,0.338
741,0.688,0.052,0.26
742,0.038,0.124,0.838
743,0.936,0.016,0.048
744,0.308,0.25,0.442
745,0.07,0.068,0.862
746,0.188,0.548,0.264
747,0.142,0.554,0.304
748,0.29,0.472,0.238
749,0.134,0.252,0.614
750,0.196,0.176,0.628
751,0.022,0.494,0.484
752,0.068,0.244,0.688
753,0.042,0.216,0.742
754,0.168,0.25,0.582
755,0.232,0.13,0.638
756,0.382,0.182,0.436
757,0.446,0.092,0.462
758,0.29,0.032,0.678
759,0.28,0.482,0.238
760,0.064,0.098,0.838
761,0.308,0.058,0.634
762,0.19,0.208,0.602
763,0.164,0.466,0.37
764,0.318,0.15,0.532
765,0.468,0.092,0.44
766,0.218,0.34,0.442
767,0.048,0.52,0.432
768,0.07,0.41,0.52
769,0.25,0.07,0.68
770,0.248,0.064,0.688
771,0.016,0.204,0.78
772,0.946,0.01,0.044
773,0.632,0.018,0.35
774,0.294,0.428,0.278
775,0.148,0.148,0.704
776,0.386,0.3,0.314
777,0.086,0.092,0.822
778,0.232,0.174,0.594
779,0.002,0.142,0.856
780,0.152,0.496,0.352
781,0.076,0.3,0.624
782,0.198,0.414,0.388
783,0.106,0.318,0.576
784,0.226,0.28,0.494
785,0.208,0.448,0.344
786,0.654,0.146,0.2
787,0.11,0.188,0.702
788,0.266,0.162,0.572
789,0.12,0.108,0.772
790,0.254,0.184,0.562
791,0.04,0.288,0.672
792,0.266,0.29,0.444
793,0.128,0.65,0.222
794,0.262,0.066,0.672
795,0.124,0.466,0.41
796,0.23,0.176,0.594
797,0.53,0.118,0.352
798,0.114,0.308,0.578
799,0.548,0.224,0.228
800,0.338,0.334,0.328
801,0.02,0.048,0.932
802,0.166,0.056,0.778
803,0.258,0.066,0.676
804,0.424,0.022,0.554
805,0.236,0.13,0.634
806,0.16,0.112,0.728
807,0.422,0.222,0.356
808,0.254,0.222,0.524
809,0.354,0.082,0.564
810,0.084,0.452,0.464
811,0.084,0.494,0.422
812,0.152,0.158,0.69
813,0.116,0.13,0.754
814,0.188,0.096,0.716
815,0.072,0.614,0.314
816,0.15,0.16,0.69
817,0.174,0.086,0.74
818,0.082,0.224,0.694
819,0.06,0.384,0.556
820,0.022,0.154,0.824
821,0.15,0.036,0.814
822,0.152,0.138,0.71
823,0.314,0.24,0.446
824,0.318,0.144,0.538
825,0.572,0.138,0.29
826,0.2,0.55,0.25
827,0.532,0.072,0.396
828,0.5,0.052,0.448
829,0.158,0.442,0.4
830,0.366,0.066,0.568
831,0.24,0.098,0.662
832,0.09,0.418,0.492
833,0.342,0.13,0.528
834,0.038,0.37,0.592
835,0.492,0.06,0.448
836,0.092,0.628,0.28
837,0.068,0.24,0.692
838,0.128,0.436,0.436
839,0.304,0.176,0.52
840,0.624,0.02,0.356
841,0.188,0.024,0.788
842,0.708,0.04,0.252
843,0.724,0.052,0.224
844,0.154,0.12,0.726
845,0.788,0.084,0.128
846,0.362,0.104,0.534
847,0.034,0.672,0.294
848,0.092,0.148,0.76
849,0.906,0.016,0.078
850,0.192,0.05,0.758
851,0.184,0.598,0.218
852,0.124,0.026,0.85
853,0.204,0.146,0.65
854,0.194,0.182,0.624
855,0.144,0.398,0.458
856,0.318,0.034,0.648
857,0.024,0.666,0.31
858,0.29,0.054,0.656
859,0.226,0.066,0.708
860,0.026,0.234,0.74
861,0.26,0.286,0.454
862,0.052,0.536,0.412
863,0.184,0.072,0.744
864,0.26,0.076,0.664
865,0.284,0.156,0.56
866,0.054,0.232,0.714
867,0.33,0.072,0.598
868,0.4,0.222,0.378
869,0.15,0.086,0.764
870,0.074,0.098,0.828
871,0.11,0.23,0.66
872,0.15,0.198,0.652
873,0.576,0.056,0.368
874,0.252,0.178,0.57
875,0.208,0.062,0.73
876,0.262,0.34,0.398
877,0.282,0.412,0.306
878,0.844,0.05,0.106
879,0.106,0.192,0.702
880,0.666,0.114,0.22
881,0.318,0.07,0.612
882,0.294,0.292,0.414
883,0.092,0.168,0.74
884,0.268,0.388,0.344
885,0.306,0.074,0.62
886,0.068,0.5,0.432
887,0.176,0.058,0.766
888,0.088,0.086,0.826
889,0.256,0.178,0.566
890,0.054,0.168,0.778
891,0.494,0.096,0.41
892,0.172,0.62,0.208
893,0.308,0.406,0.286
894,0.286,0.384,0.33
895,0.126,0.206,0.668
896,0.08,0.638,0.282
897,0.102,0.206,0.692
898,0.328,0.052,0.62
899,0.062,0.082,0.856
900,0.166,0.178,0.656
901,0.02,0.16,0.82
902,0.406,0.146,0.448
903,0.036,0.058,0.906
904,0.444,0.134,0.422
905,0.17,0.336,0.494
906,0.23,0.408,0.362
907,0.264,0.116,0.62
908,0.016,0.578,0.406
909,0.508,0.232,0.26
910,0.804,0.064,0.132
911,0.332,0.31,0.358
912,0.786,0.04,0.174
913,0.238,0.122,0.64
914,0.102,0.27,0.628
915,0.17,0.248,0.582
916,0.558,0.05,0.392
917,0.224,0.182,0.594
918,0.102,0.25,0.648
919,0.178,0.372,0.45
920,0.208,0.068,0.724
921,0.128,0.304,0.568
922,0.378,0.068,0.554
923,0.27,0.508,0.222
924,0.33,0.158,0.512
925,0.154,0.2,0.646
926,0.006,0.154,0.84
927,0.434,0.214,0.352
928,0.412,0.32,0.268
929,0.168,0.372,0.46
930,0.44,0.028,0.532
931,0.118,0.08,0.802
932,0.252,0.198,0.55
933,0.084,0.334,0.582
934,0.134,0.272,0.594
935,0.606,0.034,0.36
936,0.138,0.092,0.77
937,0.102,0.152,0.746
938,0.144,0.04,0.816
939,0.9,0.038,0.062
940,0.254,0.112,0.634
941,0.268,0.032,0.7
942,0.106,0.35,0.544
943,0.19,0.264,0.546
944,0.412,0.156,0.432
945,0.576,0.058,0.366
946,0.174,0.444,0.382
947,0.134,0.034,0.832
948,0.636,0.248,0.116
949,0.142,0.286,0.572
950,0.198,0.452,0.35
951,0.108,0.056,0.836
952,0.058,0.094,0.848
953,0.184,0.278,0.538
954,0.358,0.098,0.544
955,0.248,0.04,0.712
956,0.17,0.57,0.26
957,0.482,0.048,0.47
958,0.458,0.048,0.494
959,0.292,0.324,0.384
960,0.134,0.158,0.708
961,0.092,0.058,0.85
962,0.214,0.152,0.634
963,0.894,0.03,0.076
964,0.542,0.178,0.28
965,0.228,0.24,0.532
966,0.946,0.014,0.04
967,0.166,0.544,0.29
968,0.022,0.024,0.954
969,0.142,0.588,0.27
970,0.188,0.048,0.764
971,0.168,0.052,0.78
972,0.148,0.074,0.778
973,0.034,0.062,0.904
974,0.058,0.034,0.908
975,0.022,0.682,0.296
976,0.226,0.16,0.614
977,0.128,0.062,0.81
978,0.022,0.046,0.932
979,0.224,0.14,0.636
980,0.632,0.062,0.306
981,0.474,0.098,0.428
982,0.518,0.222,0.26
983,0.408,0.082,0.51
984,0.126,0.136,0.738
985,0.212,0.134,0.654
986,0.178,0.362,0.46
987,0.286,0.068,0.646
988,0.042,0.322,0.636
989,0.612,0.132,0.256
990,0.022,0.498,0.48
991,0.16,0.16,0.68
992,0.122,0.2,0.678
993,0.366,0.038,0.596
994,0.678,0.078,0.244
995,0.156,0.196,0.648
996,0.438,0.094,0.468
997,0.022,0.244,0.734
998,0.02,0.55,0.43
999,0.182,0.106,0.712
1000,0.326,0.056,0.618
1001,0.086,0.062,0.852
1002,0.284,0.364,0.352
1003,0.1,0.044,0.856
1004,0.2,0.118,0.682
1005,0.162,0.24,0.598
1006,0.712,0.152,0.136
1007,0.064,0.142,0.794
1008,0.112,0.462,0.426
1009,0.666,0.148,0.186
1010,0.182,0.246,0.572
1011,0.184,0.096,0.72
1012,0.068,0.036,0.896
1013,0.236,0.214,0.55
1014,0.088,0.158,0.754
1015,0.616,0.044,0.34
1016,0.384,0.034,0.582
1017,0.294,0.094,0.612
1018,0.152,0.14,0.708
1019,0.372,0.07,0.558
1020,0.198,0.384,0.418
1021,0.452,0.134,0.414
1022,0.496,0.058,0.446
1023,0.13,0.192,0.678
1024,0.362,0.204,0.434
1025,0.312,0.178,0.51
1026,0.032,0.078,0.89
1027,0.17,0.064,0.766
1028,0.52,0.06,0.42
1029,0.384,0.132,0.484
1030,0.366,0.168,0.466
1031,0.178,0.348,0.474
1032,0.356,0.12,0.524
1033,0.296,0.086,0.618
1034,0.052,0.038,0.91
1035,0.326,0.152,0.522
1036,0.132,0.37,0.498
1037,0.128,0.286,0.586
1038,0.226,0.192,0.582
1039,0.22,0.108,0.672
1040,0.472,0.116,0.412
1041,0.116,0.05,0.834
1042,0.032,0.156,0.812
1043,0.81,0.052,0.138
1044,0.08,0.116,0.804
1045,0.33,0.304,0.366
1046,0.038,0.232,0.73
1047,0.536,0.108,0.356
1048,0.336,0.176,0.488
1049,0.262,0.266,0.472
1050,0.204,0.294,0.502
1051,0.216,0.286,0.498
1052,0.142,0.578,0.28
1053,0.352,0.186,0.462
1054,0.154,0.194,0.652
1055,0.232,0.096,0.672
1056,0.23,0.222,0.548
1057,0.046,0.062,0.892
1058,0.21,0.178,0.612
1059,0.26,0.414,0.326
1060,0.484,0.044,0.472
1061,0.356,0.098,0.546
1062,0.924,0.016,0.06
1063,0.67,0.036,0.294
1064,0.32,0.23,0.45
1065,0.258,0.132,0.61
1066,0.088,0.102,0.81
1067,0.22,0.19,0.59
1068,0.086,0.41,0.504
1069,0.21,0.604,0.186
1070,0.246,0.328,0.426
1071,0.298,0.146,0.556
1072,0.27,0.318,0.412
1073,0.614,0.108,0.278
1074,0.052,0.758,0.19
1075,0.234,0.414,0.352
1076,0.098,0.218,0.684
1077,0.528,0.186,0.286
1078,0.014,0.336,0.65
1079,0.576,0.1,0.324
1080,0.128,0.138,0.734
1081,0.654,0.06,0.286
1082,0.214,0.138,0.648
1083,0.05,0.202,0.748
1084,0.056,0.308,0.636
1085,0.484,0.09,0.426
1086,0.07,0.106,0.824
1087,0.19,0.116,0.694
1088,0.374,0.108,0.518
1089,0.484,0.052,0.464
1090,0.41,0.062,0.528
1091,0.128,0.278,0.594
1092,0.182,0.362,0.456
1093,0.43,0.096,0.474
1094,0.344,0.184,0.472
1095,0.414,0.078,0.508
1096,0.27,0.21,0.52
1097,0.522,0.128,0.35
1098,0.046,0.096,0.858
1099,0.052,0.772,0.176
1100,0.636,0.058,0.306
1101,0.406,0.112,0.482
1102,0.042,0.374,0.584
1103,0.24,0.156,0.604
1104,0.338,0.124,0.538
1105,0.456,0.018,0.526
1106,0.084,0.082,0.834
1107,0.138,0.238,0.624
1108,0.112,0.568,0.32
1109,0.174,0.114,0.712
1110,0.282,0.096,0.622
1111,0.612,0.042,0.346
1112,0.266,0.25,0.484
1113,0.074,0.512,0.414
1114,0.578,0.148,0.274
1115,0.436,0.054,0.51
1116,0.024,0.714,0.262
1117,0.114,0.088,0.798
1118,0.134,0.482,0.384
1119,0.474,0.13,0.396
1120,0.236,0.102,0.662
1121,0.266,0.322,0.412
1122,0.248,0.072,0.68
1123,0.184,0.138,0.678
1124,0.05,0.126,0.824
1125,0.038,0.134,0.828
1126,0.146,0.382,0.472
1127,0.22,0.114,0.666
1128,0.034,0.154,0.812
1129,0.03,0.352,0.618
1130,0.004,0.124,0.872
1131,0.424,0.224,0.352
1132,0.338,0.3,0.362
1133,0.134,0.106,0.76
1134,0.172,0.26,0.568
1135,0.168,0.094,0.738
1136,0.328,0.218,0.454
1137,0.68,0.068,0.252
1138,0.054,0.212,0.734
1139,0.18,0.244,0.576
1140,0.044,0.194,0.762
1141,0.178,0.086,0.736
1142,0.044,0.29,0.666
1143,0.214,0.302,0.484
1144,0.52,0.112,0.368
1145,0.026,0.4,0.574
1146,0.268,0.234,0.498
1147,0.352,0.072,0.576
1148,0.452,0.23,0.318
1149,0.114,0.482,0.404
1150,0.056,0.034,0.91
1151,0.094,0.122,0.784
1152,0.934,0.01,0.056
1153,0.146,0.192,0.662
1154,0.132,0.654,0.214
1155,0.194,0.124,0.682
1156,0.576,0.142,0.282
1157,0.268,0.228,0.504
1158,0.108,0.526,0.366
1159,0.106,0.06,0.834
1160,0.058,0.552,0.39
1161,0.156,0.05,0.794
1162,0.184,0.224,0.592
1163,0.362,0.13,0.508
1164,0.144,0.39,0.466
1165,0.056,0.278,0.666
1166,0.932,0.014,0.054
1167,0.298,0.466,0.236
1168,0.868,0.04,0.092
1169,0.292,0.094,0.614
1170,0.146,0.094,0.76
1171,0.136,0.088,0.776
1172,0.284,0.15,0.566
1173,0.076,0.436,0.488
1174,0.266,0.128,0.606
1175,0.188,0.368,0.444
1176,0.244,0.058,0.698
1177,0.262,0.128,0.61
1178,0.126,0.456,0.418
1179,0.122,0.564,0.314
1180,0.35,0.26,0.39
1181,0.27,0.104,0.626
1182,0.24,0.042,0.718
1183,0.096,0.252,0.652
1184,0.038,0.236,0.726
1185,0.2,0.38,0.42
1186,0.184,0.272,0.544
1187,0.6,0.068,0.332
1188,0.568,0.048,0.384
1189,0.11,0.196,0.694
1190,0.196,0.148,0.656
1191,0.204,0.318,0.478
1192,0.092,0.056,0.852
1193,0.022,0.076,0.902
1194,0.21,0.156,0.634
1195,0.16,0.536,0.304
1196,0.262,0.05,0.688
1197,0.064,0.028,0.908
1198,0.214,0.078,0.708
1199,0.372,0.142,0.486
1200,0.082,0.104,0.814
1201,0.156,0.358,0.486
1202,0.432,0.058,0.51
1203,0.342,0.09,0.568
1204,0.498,0.086,0.416
1205,0.932,0.012,0.056
1206,0.064,0.26,0.676
1207,0.108,0.284,0.608
1208,0.314,0.072,0.614
1209,0.644,0.062,0.294
1210,0.394,0.086,0.52
1211,0.154,0.12,0.726
1212,0.268,0.392,0.34
1213,0.478,0.234,0.288
1214,0.018,0.08,0.902
1215,0.062,0.682,0.256
1216,0.072,0.104,0.824
1217,0.104,0.152,0.744
1218,0.208,0.038,0.754
1219,0.076,0.07,0.854
1220,0.362,0.166,0.472
1221,0.092,0.142,0.766
1222,0.872,0.064,0.064
1223,0.142,0.066,0.792
1224,0.602,0.212,0.186
1225,0.206,0.422,0.372
1226,0.228,0.112,0.66
1227,0.302,0.108,0.59
1228,0.152,0.524,0.324
1229,0.176,0.37,0.454
1230,0.168,0.122,0.71
1231,0.078,0.132,0.79
1232,0.254,0.184,0.562
1233,0.202,0.206,0.592
1234,0.546,0.13,0.324
1235,0.094,0.15,0.756
1236,0.246,0.54,0.214
1237,0.04,0.22,0.74
1238,0.048,0.428,0.524
1239,0.232,0.124,0.644
1240,0.072,0.192,0.736
1241,0.144,0.216,0.64
1242,0.38,0.15,0.47
1243,0.044,0.126,0.83
1244,0.248,0.174,0.578
1245,0.09,0.272,0.638
1246,0.31,0.112,0.578
1247,0.174,0.446,0.38
1248,0.19,0.136,0.674
1249,0.174,0.122,0.704
1250,0.062,0.556,0.382
1251,0.246,0.368,0.386
1252,0.104,0.176,0.72
1253,0.16,0.13,0.71
1254,0.322,0.172,0.506
1255,0.224,0.49,0.286
1256,0.918,0.018,0.064
1257,0.32,0.258,0.422
1258,0.024,0.12,0.856
1259,0.316,0.456,0.228
1260,0.166,0.242,0.592
1261,0.114,0.176,0.71
1262,0.256,0.122,0.622
1263,0.076,0.356,0.568
1264,0.476,0.084,0.44
1265,0.056,0.448,0.496
1266,0.314,0.068,0.618
1267,0.11,0.24,0.65
1268,0.296,0.048,0.656
1269,0.062,0.11,0.828
1270,0.27,0.12,0.61
1271,0.116,0.196,0.688
1272,0.902,0.038,0.06
1273,0.148,0.3,0.552
1274,0.126,0.164,0.71
1275,0.414,0.146,0.44
1276,0.28,0.052,0.668
1277,0.05,0.592,0.358
1278,0.108,0.11,0.782
1279,0.154,0.292,0.554
1280,0.93,0.02,0.05
1281,0.234,0.364,0.402
1282,0.446,0.28,0.274
1283,0.138,0.474,0.388
1284,0.412,0.034,0.554
1285,0.35,0.426,0.224
1286,0.91,0.03,0.06
1287,0.078,0.13,0.792
1288,0.118,0.122,0.76
1289,0.472,0.088,0.44
1290,0.206,0.502,0.292
1291,0.316,0.138,0.546
1292,0.288,0.084,0.628
1293,0.198,0.108,0.694
1294,0.616,0.286,0.098
1295,0.432,0.106,0.462
1296,0.138,0.6,0.262
1297,0.054,0.048,0.898
1298,0.716,0.048,0.236
1299,0.036,0.392,0.572
1300,0.29,0.082,0.628
1301,0.248,0.132,0.62
1302,0.268,0.04,0.692
1303,0.082,0.38,0.538
1304,0.286,0.17,0.544
1305,0.092,0.334,0.574
1306,0.546,0.03,0.424
1307,0.164,0.106,0.73
1308,0.208,0.07,0.722
1309,0.04,0.616,0.344
1310,0.18,0.088,0.732
1311,0.3,0.164,0.536
1312,0.048,0.094,0.858
1313,0.098,0.428,0.474
1314,0.118,0.158,0.724
1315,0.086,0.586,0.328
1316,0.976,0.004,0.02
1317,0.236,0.192,0.572
1318,0.192,0.264,0.544
1319,0.074,0.052,0.874
1320,0.22,0.24,0.54
1321,0.158,0.15,0.692
1322,0.1,0.32,0.58
1323,0.126,0.298,0.576
1324,0.126,0.162,0.712
1325,0.228,0.102,0.67
1326,0.054,0.194,0.752
1327,0.28,0.048,0.672
1328,0.138,0.144,0.718
1329,0.19,0.12,0.69
1330,0.156,0.226,0.618
1331,0.262,0.2,0.538
1332,0.242,0.186,0.572
1333,0.152,0.148,0.7
1334,0.234,0.282,0.484
1335,0.348,0.178,0.474
1336,0.154,0.398,0.448
1337,0.372,0.124,0.504
1338,0.324,0.064,0.612
1339,0.234,0.108,0.658
1340,0.042,0.486,0.472
1341,0.148,0.118,0.734
1342,0.064,0.26,0.676
1343,0.254,0.518,0.228
1344,0.098,0.09,0.812
1345,0.23,0.116,0.654
1346,0.486,0.148,0.366
1347,0.034,0.566,0.4
1348,0.138,0.086,0.776
1349,0.118,0.086,0.796
1350,0.134,0.044,0.822
1351,0.122,0.308,0.57
1352,0.288,0.114,0.598
1353,0.502,0.084,0.414
1354,0.092,0.43,0.478
1355,0.058,0.116,0.826
1356,0.204,0.512,0.284
1357,0.034,0.084,0.882
1358,0.322,0.068,0.61
1359,0.36,0.102,0.538
1360,0.242,0.056,0.702
1361,0.472,0.156,0.372
1362,0.216,0.408,0.376
1363,0.438,0.054,0.508
1364,0.088,0.16,0.752
1365,0.042,0.18,0.778
1366,0.168,0.58,0.252
1367,0.364,0.112,0.524
1368,0.228,0.274,0.498
1369,0.408,0.088,0.504
1370,0.12,0.624,0.256
1371,0.298,0.066,0.636
1372,0.182,0.104,0.714
1373,0.202,0.026,0.772
1374,0.278,0.244,0.478
1375,0.438,0.186,0.376
1376,0.106,0.41,0.484
1377,0.336,0.184,0.48
1378,0.218,0.024,0.758
1379,0.158,0.088,0.754
1380,0.074,0.374,0.552
1381,0.484,0.07,0.446
1382,0.288,0.218,0.494
1383,0.068,0.53,0.402
1384,0.584,0.17,0.246
1385,0.114,0.304,0.582
1386,0.202,0.518,0.28
1387,0.306,0.146,0.548
1388,0.218,0.198,0.584
1389,0.052,0.164,0.784
1390,0.18,0.064,0.756
1391,0.164,0.112,0.724
1392,0.576,0.098,0.326
1393,0.052,0.78,0.168
1394,0.112,0.118,0.77
1395,0.116,0.098,0.786
1396,0.44,0.018,0.542
1397,0.312,0.24,0.448
1398,0.356,0.12,0.524
1399,0.078,0.15,0.772
1400,0.178,0.134,0.688
1401,0.188,0.166,0.646
1402,0.022,0.032,0.946
1403,0.286,0.18,0.534
1404,0.092,0.246,0.662
1405,0.21,0.094,0.696
1406,0.08,0.348,0.572
1407,0.104,0.046,0.85
1408,0.106,0.488,0.406
1409,0.308,0.052,0.64
1410,0.282,0.504,0.214
1411,0.124,0.184,0.692
1412,0.088,0.064,0.848
1413,0.072,0.052,0.876
1414,0.012,0.162,0.826
1415,0.07,0.59,0.34
1416,0.438,0.184,0.378
1417,0.1,0.586,0.314
1418,0.426,0.138,0.436
1419,0.134,0.162,0.704
1420,0.264,0.036,0.7
1421,0.244,0.084,0.672
1422,0.108,0.096,0.796
1423,0.016,0.296,0.688
1424,0.186,0.168,0.646
1425,0.206,0.168,0.626
1426,0.048,0.1,0.852
1427,0.084,0.284,0.632
1428,0.166,0.418,0.416
1429,0.202,0.42,0.378
1430,0.014,0.308,0.678
1431,0.2,0.126,0.674
1432,0.26,0.6,0.14
1433,0.354,0.108,0.538
1434,0.288,0.488,0.224
1435,0.332,0.11,0.558
1436,0.954,0.008,0.038
1437,0.058,0.172,0.77
1438,0.248,0.204,0.548
1439,0.164,0.098,0.738
1440,0.24,0.308,0.452
1441,0.128,0.19,0.682
1442,0.054,0.294,0.652
1443,0.042,0.112,0.846
1444,0.346,0.038,0.616
1445,0.16,0.17,0.67
1446,0.138,0.062,0.8
1447,0.194,0.05,0.756
1448,0.314,0.348,0.338
1449,0.074,0.06,0.866
1450,0.314,0.194,0.492
1451,0.31,0.096,0.594
1452,0.35,0.224,0.426
1453,0.274,0.086,0.64
1454,0.058,0.258,0.684
1455,0.308,0.15,0.542
1456,0.124,0.082,0.794
1457,0.248,0.058,0.694
1458,0.04,0.124,0.836
1459,0.372,0.132,0.496
1460,0.77,0.072,0.158
1461,0.114,0.108,0.778
1462,0.606,0.1,0.294
1463,0.246,0.134,0.62
1464,0.144,0.036,0.82
1465,0.116,0.35,0.534
1466,0.082,0.264,0.654
1467,0.264,0.174,0.562
1468,0.394,0.142,0.464
1469,0.09,0.698,0.212
1470,0.152,0.212,0.636
1471,0.37,0.25,0.38
1472,0.888,0.038,0.074
1473,0.276,0.072,0.652
1474,0.104,0.178,0.718
1475,0.11,0.1,0.79
1476,0.168,0.23,0.602
1477,0.186,0.196,0.618
1478,0.074,0.18,0.746
1479,0.104,0.498,0.398
1480,0.144,0.356,0.5
1481,0.112,0.224,0.664
1482,0.358,0.294,0.348
1483,0.036,0.694,0.27
1484,0.044,0.154,0.802
1485,0.222,0.536,0.242
1486,0.236,0.06,0.704
1487,0.12,0.4,0.48
1488,0.62,0.048,0.332
1489,0.332,0.102,0.566
1490,0.2,0.286,0.514
1491,0.14,0.058,0.802
1492,0.616,0.062,0.322
1493,0.114,0.448,0.438
1494,0.122,0.09,0.788
1495,0.114,0.364,0.522
1496,0.206,0.052,0.742
1497,0.074,0.26,0.666
1498,0.156,0.234,0.61
1499,0.958,0.002,0.04
1500,0.282,0.258,0.46
1501,0.254,0.156,0.59
1502,0.376,0.03,0.594
1503,0.026,0.27,0.704
1504,0.658,0.098,0.244
1505,0.014,0.222,0.764
1506,0.928,0.022,0.05
1507,0.124,0.098,0.778
1508,0.366,0.09,0.544
1509,0.362,0.158,0.48
1510,0.102,0.178,0.72
1511,0.034,0.178,0.788
1512,0.066,0.092,0.842
1513,0.538,0.098,0.364
1514,0.176,0.312,0.512
1515,0.65,0.126,0.224
1516,0.448,0.11,0.442
1517,0.142,0.322,0.536
1518,0.258,0.27,0.472
1519,0.228,0.118,0.654
1520,0.564,0.05,0.386
1521,0.364,0.34,0.296
1522,0.108,0.374,0.518
1523,0.51,0.18,0.31
1524,0.364,0.196,0.44
1525,0.168,0.054,0.778
1526,0.146,0.368,0.486
1527,0.108,0.098,0.794
1528,0.256,0.09,0.654
1529,0.69,0.084,0.226
1530,0.174,0.064,0.762
1531,0.022,0.382,0.596
1532,0.394,0.13,0.476
1533,0.016,0.12,0.864
1534,0.338,0.182,0.48
1535,0.306,0.028,0.666
1536,0.422,0.054,0.524
1537,0.08,0.108,0.812
1538,0.132,0.264,0.604
1539,0.224,0.16,0.616
1540,0.04,0.174,0.786
1541,0.52,0.094,0.386
1542,0.022,0.276,0.702
1543,0.106,0.298,0.596
1544,0.254,0.21,0.536
1545,0.074,0.162,0.764
1546,0.032,0.23,0.738
1547,0.054,0.556,0.39
1548,0.698,0.098,0.204
1549,0.158,0.726,0.116
1550,0.2,0.25,0.55
1551,0.396,0.046,0.558
1552,0.278,0.356,0.366
1553,0.396,0.268,0.336
1554,0.156,0.068,0.776
1555,0.618,0.056,0.326
1556,0.322,0.366,0.312
1557,0.454,0.092,0.454
1558,0.29,0.102,0.608
1559,0.208,0.52,0.272
1560,0.168,0.132,0.7
1561,0.158,0.142,0.7
1562,0.114,0.104,0.782
1563,0.126,0.362,0.512
1564,0.338,0.312,0.35
1565,0.232,0.172,0.596
1566,0.378,0.1,0.522
1567,0.004,0.158,0.838
1568,0.086,0.394,0.52
1569,0.116,0.086,0.798
1570,0.248,0.328,0.424
1571,0.264,0.096,0.64
1572,0.042,0.59,0.368
1573,0.4,0.158,0.442
1574,0.078,0.252,0.67
1575,0.246,0.554,0.2
1576,0.312,0.178,0.51
1577,0.532,0.218,0.25
1578,0.24,0.118,0.642
1579,0.19,0.372,0.438
1580,0.726,0.056,0.218
1581,0.544,0.144,0.312
1582,0.286,0.24,0.474
1583,0.134,0.312,0.554
1584,0.244,0.354,0.402
1585,0.226,0.05,0.724
1586,0.636,0.032,0.332
1587,0.286,0.338,0.376
1588,0.158,0.064,0.778
1589,0.158,0.188,0.654
1590,0.638,0.032,0.33
1591,0.12,0.152,0.728
1592,0.302,0.128,0.57
1593,0.042,0.134,0.824
1594,0.216,0.178,0.606
1595,0.144,0.062,0.794
1596,0.18,0.436,0.384
1597,0.0,0.164,0.836
1598,0.406,0.18,0.414
1599,0.166,0.078,0.756
1600,0.668,0.096,0.236
1601,0.104,0.122,0.774
1602,0.426,0.09,0.484
1603,0.13,0.338,0.532
1604,0.31,0.406,0.284
1605,0.49,0.068,0.442
1606,0.144,0.116,0.74
1607,0.186,0.328,0.486
1608,0.13,0.184,0.686
1609,0.122,0.358,0.52
1610,0.302,0.112,0.586
1611,0.608,0.034,0.358
1612,0.164,0.394,0.442
1613,0.318,0.084,0.598
1614,0.338,0.13,0.532
1615,0.522,0.166,0.312
1616,0.506,0.03,0.464
1617,0.15,0.202,0.648
1618,0.036,0.028,0.936
1619,0.23,0.05,0.72
1620,0.064,0.02,0.916
1621,0.074,0.12,0.806
1622,0.066,0.136,0.798
1623,0.514,0.168,0.318
1624,0.122,0.266,0.612
1625,0.036,0.056,0.908
1626,0.246,0.126,0.628
1627,0.038,0.222,0.74
1628,0.054,0.048,0.898
1629,0.064,0.19,0.746
1630,0.568,0.106,0.326
1631,0.058,0.052,0.89
1632,0.392,0.138,0.47
1633,0.14,0.126,0.734
1634,0.19,0.532,0.278
1635,0.294,0.05,0.656
1636,0.04,0.006,0.954
1637,0.288,0.062,0.65
1638,0.234,0.518,0.248
1639,0.274,0.126,0.6
1640,0.162,0.124,0.714
1641,0.296,0.28,0.424
1642,0.072,0.656,0.272
1643,0.324,0.104,0.572
1644,0.076,0.096,0.828
1645,0.426,0.122,0.452
1646,0.234,0.452,0.314
1647,0.088,0.176,0.736
1648,0.318,0.176,0.506
1649,0.302,0.184,0.514
1650,0.236,0.556,0.208
1651,0.086,0.254,0.66
1652,0.22,0.138,0.642
1653,0.202,0.144,0.654
1654,0.132,0.032,0.836
1655,0.222,0.164,0.614
1656,0.086,0.398,0.516
1657,0.164,0.092,0.744
1658,0.49,0.114,0.396
1659,0.072,0.112,0.816
1660,0.028,0.426,0.546
1661,0.294,0.258,0.448
1662,0.44,0.11,0.45
1663,0.222,0.09,0.688
1664,0.302,0.482,0.216
1665,0.074,0.484,0.442
1666,0.414,0.086,0.5
1667,0.028,0.194,0.778
1668,0.024,0.08,0.896
1669,0.16,0.358,0.482
1670,0.622,0.036,0.342
1671,0.094,0.08,0.826
1672,0.784,0.028,0.188
1673,0.102,0.762,0.136
1674,0.044,0.508,0.448
1675,0.2,0.038,0.762
1676,0.072,0.132,0.796
1677,0.108,0.618,0.274
1678,0.212,0.074,0.714
1679,0.53,0.086,0.384
1680,0.058,0.146,0.796
1681,0.218,0.118,0.664
1682,0.32,0.066,0.614
1683,0.2,0.434,0.366
1684,0.126,0.09,0.784
1685,0.368,0.208,0.424
1686,0.294,0.106,0.6
1687,0.14,0.206,0.654
1688,0.16,0.138,0.702
1689,0.51,0.168,0.322
1690,0.382,0.13,0.488
1691,0.092,0.2,0.708
1692,0.098,0.148,0.754
1693,0.182,0.14,0.678
1694,0.358,0.248,0.394
1695,0.244,0.082,0.674
1696,0.16,0.12,0.72
1697,0.268,0.124,0.608
1698,0.224,0.148,0.628
1699,0.284,0.114,0.602
1700,0.28,0.038,0.682
1701,0.034,0.386,0.58
1702,0.136,0.408,0.456
1703,0.246,0.06,0.694
1704,0.036,0.602,0.362
1705,0.924,0.014,0.062
1706,0.404,0.13,0.466
1707,0.166,0.19,0.644
1708,0.06,0.272,0.668
1709,0.08,0.368,0.552
1710,0.19,0.264,0.546
1711,0.094,0.16,0.746
1712,0.056,0.05,0.894
1713,0.076,0.44,0.484
1714,0.692,0.064,0.244
1715,0.076,0.35,0.574
1716,0.504,0.084,0.412
1717,0.144,0.126,0.73
1718,0.094,0.104,0.802
1719,0.018,0.09,0.892
1720,0.952,0.01,0.038
1721,0.034,0.746,0.22
1722,0.432,0.066,0.502
1723,0.928,0.018,0.054
1724,0.012,0.254,0.734
1725,0.008,0.17,0.822
1726,0.098,0.16,0.742
1727,0.086,0.064,0.85
1728,0.136,0.118,0.746
1729,0.434,0.134,0.432
1730,0.114,0.22,0.666
1731,0.124,0.042,0.834
1732,0.678,0.028,0.294
1733,0.212,0.124,0.664
1734,0.066,0.186,0.748
1735,0.184,0.08,0.736
1736,0.112,0.424,0.464
1737,0.322,0.162,0.516
1738,0.416,0.184,0.4
1739,0.26,0.122,0.618
1740,0.22,0.096,0.684
1741,0.19,0.128,0.682
1742,0.052,0.18,0.768
1743,0.096,0.154,0.75
1744,0.276,0.246,0.478
1745,0.03,0.076,0.894
1746,0.2,0.258,0.542
1747,0.836,0.06,0.104
1748,0.348,0.102,0.55
1749,0.204,0.162,0.634
1750,0.604,0.172,0.224
1751,0.49,0.268,0.242
1752,0.05,0.074,0.876
1753,0.03,0.022,0.948
1754,0.016,0.212,0.772
1755,0.396,0.178,0.426
1756,0.378,0.148,0.474
1757,0.172,0.748,0.08
1758,0.28,0.268,0.452
1759,0.14,0.172,0.688
1760,0.006,0.212,0.782
1761,0.036,0.488,0.476
1762,0.128,0.064,0.808
1763,0.04,0.644,0.316
1764,0.232,0.064,0.704
1765,0.272,0.272,0.456
1766,0.138,0.408,0.454
1767,0.208,0.37,0.422
1768,0.092,0.488,0.42
1769,0.46,0.216,0.324
1770,0.184,0.104,0.712
1771,0.216,0.098,0.686
1772,0.236,0.524,0.24
1773,0.174,0.108,0.718
1774,0.424,0.204,0.372
1775,0.16,0.122,0.718
1776,0.092,0.148,0.76
1777,0.344,0.07,0.586
1778,0.258,0.102,0.64
1779,0.032,0.126,0.842
1780,0.118,0.098,0.784
1781,0.5,0.056,0.444
1782,0.202,0.352,0.446
1783,0.138,0.118,0.744
1784,0.186,0.396,0.418
1785,0.04,0.174,0.786
1786,0.19,0.13,0.68
1787,0.326,0.14,0.534
1788,0.1,0.242,0.658
1789,0.068,0.112,0.82
1790,0.102,0.354,0.544
1791,0.044,0.108,0.848
1792,0.158,0.214,0.628
1793,0.366,0.076,0.558
1794,0.036,0.318,0.646
1795,0.29,0.114,0.596
1796,0.214,0.37,0.416
1797,0.136,0.194,0.67
1798,0.51,0.024,0.466
1799,0.12,0.32,0.56
1800,0.182,0.148,0.67
1801,0.116,0.06,0.824
1802,0.31,0.228,0.462
1803,0.128,0.572,0.3
1804,0.148,0.2,0.652
1805,0.08,0.486,0.434
1806,0.522,0.048,0.43
1807,0.478,0.116,0.406
1808,0.252,0.052,0.696
1809,0.17,0.09,0.74
1810,0.142,0.064,0.794
1811,0.382,0.128,0.49
1812,0.358,0.078,0.564
1813,0.114,0.1,0.786
1814,0.14,0.132,0.728
1815,0.134,0.204,0.662
1816,0.122,0.05,0.828
1817,0.48,0.104,0.416
1818,0.116,0.342,0.542
1819,0.066,0.188,0.746
1820,0.124,0.138,0.738
1821,0.762,0.038,0.2
1822,0.066,0.462,0.472
1823,0.356,0.278,0.366
1824,0.112,0.088,0.8
1825,0.114,0.122,0.764
1826,0.154,0.174,0.672
1827,0.03,0.044,0.926
1828,0.368,0.136,0.496
1829,0.432,0.178,0.39
1830,0.102,0.17,0.728
1831,0.204,0.242,0.554
1832,0.462,0.158,0.38
1833,0.214,0.342,0.444
1834,0.482,0.192,0.326
1835,0.562,0.06,0.378
1836,0.084,0.256,0.66
