,proba_0,proba_1,proba_2,proba_3
0,0.052694688104617506,0.0855690611216266,0.6498745324512226,0.21186171832253337
1,0.7292402658873605,0.08622509054755088,0.06580027835840432,0.11873436520668454
2,0.22680657037443364,0.5110508946509912,0.11493815609678194,0.14720437887779358
3,0.23141106623002267,0.21042087141895854,0.15045728689646984,0.407710775454549
4,0.8498271837918959,0.0445336552518032,0.04476866777445244,0.06087049318184828
5,0.4898155627541559,0.09393941097109232,0.07303058104464237,0.3432144452301097
6,0.0927383779621069,0.1814822994253689,0.5754346780451821,0.15034464456734178
7,0.05843994484490173,0.09079217328375214,0.645882197331591,0.20488568453975525
8,0.03492852430872195,0.8032582883309918,0.08979506391616021,0.07201812344412584
9,0.05951736369459653,0.095033341886606,0.6221053332038285,0.22334396121496913
10,0.7246303043918452,0.09641875267449132,0.05220621346104638,0.1267447294726174
11,0.060308048328126744,0.10921190156525294,0.6130964447348416,0.21738360537177875
12,0.06442349117126875,0.7070064358298331,0.1540664535940688,0.07450361940482944
13,0.01905894044191289,0.8341154848660782,0.09939016734581758,0.04743540734619119
14,0.05925433277278013,0.4231956213761964,0.40513532419283044,0.11241472165819283
15,0.05429751401887049,0.702238443202575,0.15078493977872517,0.09267910299982916
16,0.22847586878499723,0.4986405395610685,0.09330664009528432,0.17957695155864975
17,0.07215266432998128,0.11941022911544982,0.4514219056318026,0.35701520092276634
18,0.034271868371877665,0.6272145800743864,0.2687239080647729,0.06978964348896331
19,0.06708979410343018,0.21603488733694223,0.2464334086616545,0.470441909897973
20,0.8029538733157757,0.05467862701340198,0.05145406482384976,0.09091343484697244
21,0.07411409583222213,0.7296040118145639,0.07297305094214004,0.12330884141107407
22,0.03883580699210563,0.8189138436366853,0.06020334917084173,0.08204700020036686
23,0.8717820148965113,0.053374108692728274,0.02937444217921229,0.045469434231548256
24,0.02380039267105647,0.8680361516414931,0.0596817100773973,0.04848174561005343
25,0.11440761447472066,0.08845051660978474,0.08527530292741481,0.7118665659880794
26,0.04588360430510624,0.11435941123499066,0.7470080943730776,0.09274889008682556
27,0.0365710697536266,0.7964750658269378,0.07202520771798175,0.09492865670145366
28,0.032216363342379074,0.07163294332513864,0.8479594096986383,0.04819128363384413
29,0.26654423068176464,0.286193432771641,0.14230600214044242,0.30495633440615183
30,0.15303748195561856,0.29183344722152804,0.3511440351762119,0.2039850356466411
31,0.09553984225769606,0.7360114465131838,0.07385572608962448,0.09459298513949584
32,0.0475545952263202,0.15376588910723174,0.6721723264695907,0.1265071891968574
33,0.1117039221669846,0.14744149400975412,0.12152479091203071,0.6193297929112308
34,0.12187461321514101,0.1994107624357894,0.3508685969274906,0.3278460274215788
35,0.21169058491988665,0.0642427928764159,0.09148468742407227,0.6325819347796254
36,0.8230497082654916,0.05522718573295754,0.04522786520830521,0.0764952407932458
37,0.07884897030851581,0.16520434054077293,0.5582461296842145,0.19770055946649653
38,0.10031043457520837,0.5176514953750979,0.09671842202666042,0.2853196480230337
39,0.10808409197400909,0.21032767041583042,0.5448341833726429,0.1367540542375179
40,0.07877294992053177,0.7627512485429275,0.04043057419280989,0.11804522734373055
41,0.05157501848240274,0.09101941531274582,0.6892369420459095,0.16816862415894185
42,0.06318321388003353,0.13704493165614942,0.6197911526210526,0.1799807018427645
43,0.21593276078981058,0.10281993479522064,0.054269682463033216,0.6269776219519353
44,0.7292738400047358,0.09369612541852469,0.051204246152180284,0.12582578842455938
45,0.03583235670891743,0.8316215547068242,0.05309457943764769,0.07945150914661081
46,0.047396106331173686,0.08108839966549941,0.7371066289157632,0.1344088650875638
47,0.06541942350666134,0.10583286871726925,0.5203608561138707,0.30838685166219865
48,0.1431571797855236,0.23134846664489303,0.13123225730537702,0.49426209626420625
49,0.7622569696245275,0.05348679354840096,0.05307822623396287,0.13117801059310874
50,0.20282127305562112,0.13037431370722297,0.13365427968328913,0.5331501335538666
51,0.1646150160525085,0.45228140545102363,0.25049904963514297,0.13260452886132454
52,0.023829725202594063,0.8590162810224651,0.06109306569959664,0.05606092807534422
53,0.061189796050338606,0.0908561005187885,0.609559820261125,0.2383942831697477
54,0.15641161411867915,0.23278787693767775,0.1504160177786675,0.4603844911649755
55,0.14572830459969888,0.162966754121088,0.16496566744654081,0.5263392738326722
56,0.14714398902322595,0.11807897170286656,0.12239109061224708,0.6123859486616602
57,0.04614194106919734,0.10565446766988214,0.7495617319121409,0.09864185934877961
58,0.1427887899388982,0.2120854741893255,0.4778452526797462,0.1672804831920304
59,0.06481191066176141,0.7349342889460434,0.11601794202151343,0.08423585837068198
60,0.04807041818134039,0.7187919702534776,0.16319898514655912,0.06993862641862297
61,0.10428446917676122,0.619179635472771,0.08544337013768541,0.19109252521278272
62,0.23574414408843286,0.18941790678320836,0.08851435912535173,0.4863235900030069
63,0.10335714119075154,0.6664439627730944,0.07926151340189759,0.15093738263425618
64,0.0370515837933186,0.10406743044815203,0.7983958768307948,0.060485108927734586
65,0.156423692629731,0.5100130380037219,0.1766941911949394,0.15686907817160745
66,0.071655135644274,0.2787837309170458,0.22703584473466196,0.4225252887040182
67,0.04830058823388834,0.8044168185612328,0.05760077779376354,0.08968181541111561
68,0.8200085262425657,0.049397279061871316,0.045053791880572396,0.08554040281499069
69,0.33060644866370953,0.06226605783615504,0.09822919012553538,0.5088983033746001
70,0.060862507975633626,0.0988491719072961,0.6431619463708288,0.19712637374624126
71,0.10106525817251592,0.19639048229565959,0.5166579411183815,0.1858863184134428
72,0.021314363762912635,0.7908342177489358,0.1327413709953629,0.05511004749278844
73,0.7732793322106523,0.06543740266405461,0.07218794129618042,0.08909532382911255
74,0.2195497348244634,0.1775437413570007,0.33142345005026547,0.27148307376827024
75,0.757969208730052,0.0935028081178836,0.05377768150000621,0.09475030165205811
76,0.05262350590143493,0.40471668106179254,0.4126033233382307,0.1300564896985418
77,0.03737516329720655,0.7811119769564541,0.08460966256317021,0.09690319718316938
78,0.08430765405502043,0.26593703139625374,0.4770306366054896,0.17272467794323645
79,0.04559505142852325,0.8244886104959992,0.04668617209243095,0.08323016598304686
80,0.06475582768008938,0.10806999787467841,0.41088063610418846,0.41629353834104393
81,0.8471507420144166,0.05587199189779634,0.032868315459667855,0.06410895062811932
82,0.07804877928502807,0.27901455177050094,0.37415140196359403,0.2687852669808771
83,0.24009195546306505,0.09321909107351661,0.08460891121070602,0.5820800422527123
84,0.762322848801799,0.05972891454080828,0.04975681519513301,0.12819142146225965
85,0.08125145636788697,0.09330731363617653,0.10690543727761012,0.7185357927183262
86,0.039570359835281635,0.8311621062533007,0.046943570994814554,0.08232396291660304
87,0.06276514210836061,0.17115294082886956,0.08483490167090747,0.6812470153918624
