,proba_0,proba_1,proba_2,proba_3,proba_4,proba_5,proba_6
0,0.0015513054299446313,0.0001499740642921666,0.32171829670541785,0.6695991243012243,7.119182243695699e-06,0.006911961264601548,6.221905227584841e-05
1,0.0028233515766526557,0.08652634907098058,0.10071272249507758,1.6737944184753852e-05,7.62860875124497e-05,0.8080692813634706,0.0017752714621216369
2,0.4475526710750275,3.3989706744791155e-08,6.223249677643856e-07,0.030679346165228615,7.610475323564497e-07,3.053937855989789e-05,0.5217360260189772
3,0.04036958769698334,0.003072616207138588,5.062125191998851e-07,0.00781738328476366,0.9472973826107625,0.0014423536875976606,1.7030023515778155e-07
4,0.005199544599902914,0.21573502147081827,0.041995455832575815,0.00039491267340997365,0.001962027011958354,0.734693382223434,1.9656187900671577e-05
5,0.0009681586885240422,0.04639204021874665,0.15796409878007822,0.7907705934994137,0.0001879497064353104,0.003716495190504221,6.639162978164824e-07
6,0.004082474261678512,0.4376559971722967,0.35724074973181025,1.8039898300598814e-05,0.00010616214383337412,0.20087985690133991,1.671989074057403e-05
7,0.14696134049682974,0.00019727469449017747,6.972048082377128e-06,0.7681742935692596,0.00019273887756385302,0.007951618644655456,0.07651576166911875
8,0.004344378661197282,2.8202621039419877e-05,0.8885143122414048,0.01502288469163162,3.291810445558671e-07,0.006972494111167251,0.08511739849251522
9,0.031176289500197175,0.25351356451258333,6.017418126214278e-07,0.0006833290074541353,0.7031429613280117,0.011454512513573354,2.874139636783961e-05
10,0.11668150907242472,0.0034541747370862214,5.824587919782649e-09,0.0022453037853294522,0.863885238232158,0.01371568629282095,1.8082055592599633e-05
11,0.21185194662116336,0.0003518878276717526,6.6196485709055345e-09,0.018335238146247476,0.756564507258885,0.01289319707007982,3.2164563039446523e-06
12,0.15367530672100352,0.013782164718899682,0.00020674293651805697,0.00019402354908251178,0.0005771322127760757,0.8294388150264186,0.0021258148353017424
13,0.040624881401780714,0.034216896956817885,0.00020373325446323707,0.0017785398979257097,0.002986429161431942,0.919850834226435,0.0003386851011455938
14,0.00041346965636875565,0.31927703737925167,0.012172983488739757,0.00028358824959537544,0.0011354260691817338,0.666689924068778,2.7571088084709066e-05
15,0.0027462771839494825,0.0018829395553618354,0.0006235370007311157,0.00014899026292183076,5.348998105896711e-05,0.47050497374980454,0.5240397922661721
16,0.024191260865176117,6.929486501602697e-09,0.025752397483098946,0.0031841160086640034,0.00015767771622317655,0.002243948798810016,0.9444705921985412
17,0.03196473230072531,0.00020963789774020703,0.0003093462312990019,0.00024358905929743862,8.90364253553622e-05,0.4842412419123013,0.48294241617328143
18,0.0056461102880693914,0.004173564444463237,1.4693787369412038e-05,0.6455723721209353,0.31733712111748974,0.027256134815567424,3.42610549548034e-09
19,0.012533375177928158,0.00042759401288373103,0.0005299982519714933,2.0671024710345507e-05,5.225243146432704e-05,0.5513392672288129,0.43509684187222897
20,0.0020905359355055707,0.0035609105293540996,0.010389099855233747,0.9831262824698098,0.00014126868753700268,0.0006897615772491867,2.1409453104474735e-06
21,0.43425096457307977,3.608984895646755e-05,9.92157510689133e-12,0.45765045589869413,0.10181888454080287,0.006240558898195516,3.0462303496810607e-06
22,0.0010513309217599052,0.026436957073203298,0.38113569831687666,0.0009956152242539891,1.0886564028499172e-05,0.5857667212686091,0.00460279063126853
23,0.21828676565450075,0.003131876257132306,0.00016756797613926708,0.001631554865552339,0.005631119446332373,0.7703413732974811,0.000809742502861865
24,0.0014969395353305454,0.5315222339266301,0.0009270008182593919,0.0029196827417203126,0.002630573266476691,0.460421358499142,8.221121244094169e-05
25,0.06577670990335414,0.7489187515833744,2.242990473302728e-14,5.06314281161798e-06,0.0018244376010723362,0.15700824647268338,0.02646679129668179
26,0.0021549528355796063,0.09280636066088353,0.0052976414869336606,0.0009285531020920326,0.000946695480006744,0.8977287142914104,0.0001370821430938556
27,0.9472619553697612,0.001998433327300217,2.2377922525565988e-12,0.0003629789356661295,0.006034764097095418,0.027039817032108598,0.01730205123583054
28,0.2524764313058811,0.00019153873522198417,1.607724504052167e-05,0.4597704991249905,0.0012989237047240187,0.06364503622425463,0.2226014936598873
29,0.010180748134804627,2.7713881605920747e-09,0.007953283652107955,0.0152009480334415,5.935820752404931e-05,0.0028891040157325632,0.9637165551850012
30,0.016266192364260818,0.0026578465884708677,0.00019736817268458762,0.9603500132848168,0.016493820469412175,0.004034745217522013,1.390283270210174e-08
31,0.01786603554979735,4.9222532644537955e-08,0.024398225308625992,0.00906917823138311,0.0013371145058863395,0.08552829552403078,0.8618011016577438
32,0.0006641625154250025,0.2824349547103922,0.0015202939194351513,8.21492519928619e-05,0.00025324200462745487,0.713550995582706,0.0014942020154214012
33,0.6460129316666251,1.3343669669968137e-06,9.933482115446491e-12,0.12570475633944386,0.001533273833688079,0.00045247607191633,0.22629522771142627
34,0.0005604539686929525,7.05609856011949e-05,0.004631005202602524,0.001260500840464267,2.534191207363371e-06,0.2690207165229756,0.7244542282884561
35,0.017869658774555888,0.0021228625048221755,7.302905098486358e-05,0.9689985215515361,0.006025712010622575,0.004906309051554443,3.907055923995068e-06
36,0.0011538929066691732,0.00045459343393976,0.919272474821312,0.004964937915793963,0.00011382001162427926,0.07369763371438258,0.00034264719627803263
37,0.003705039055093604,0.39760913577221657,0.1582524537780754,0.0007304645829188469,0.0003481821743173791,0.4384819529002913,0.0008727717370869077
38,0.15667651897865958,0.004045453407910283,0.00023404516120752826,1.947870649340453e-05,0.0001418161502022593,0.7564234562591988,0.08245923133632801
39,0.00042200300653664986,0.006633747788046511,0.8336433158536667,0.008189003097905562,0.0015628191950741398,0.14951334809336173,3.576296540878325e-05
40,0.8047342457291344,2.9641464829733864e-05,2.0506291937268947e-08,0.0008529468751904007,0.00041741240623202787,0.1828333456279425,0.011132387390378848
41,0.024095527771740427,0.0007157132144923485,9.230508125672928e-05,0.5826533232812278,0.38105827527725755,0.011384847518853521,7.855171704802764e-09
42,0.0008777632205050925,0.02147221027976414,0.18868435946396914,0.7474186753507659,0.0019536924701144816,0.039592755675190106,5.435396910837459e-07
43,0.008991148823775465,0.0008034189100154687,9.000113648421019e-06,0.4915798368313516,0.48915383174880145,0.00946275631140479,7.2610027598228414e-09
44,0.0007493560178422633,0.0005703339225959545,0.6201837954381033,0.3558764669750955,6.00866215301799e-06,0.022586226604035177,2.7812380174620006e-05
45,0.0006581926248833069,0.05334118000580395,0.7489224301206315,0.007623860449063392,0.0007357513871433487,0.18870753999487325,1.1045417601236899e-05
46,0.002524453964407665,0.22116601082109763,0.029985986579145415,0.0001440261015852868,0.00013397308144658883,0.7445368252893286,0.0015087241629888162
47,0.004782798502622159,0.1482930354242091,0.008782398109101416,0.0010033554135478317,7.339755962043136e-05,0.8292318787065233,0.007833136284375786
48,0.009631448940209779,0.01295886603876543,7.63146709997456e-05,0.0005951638968723546,0.0007941253599746465,0.7000670569922248,0.27587702410095327
49,0.0018245864803863158,2.9097111752889463e-05,0.0002455708253024551,0.001006034744881544,1.4006872979983696e-05,0.43183503331670353,0.5650456706479932
50,0.07986175834066518,0.8703161810804597,6.453505969502848e-13,0.00012677892098112402,9.000957524176286e-05,0.036605445098171145,0.012999826983835562
51,0.005538186201834213,0.044710000011467375,0.0028364914901828743,3.072662102704358e-05,0.0003732618778496597,0.9213851473831776,0.025126186414461234
52,0.004590143798754258,2.776657491666615e-05,9.824247984004733e-05,0.0013399015016648922,4.707914229777287e-05,0.49371797169851545,0.5001788948040108
53,0.01599892818035445,4.9961992692249005e-05,0.01244316739812111,0.9501292703947687,0.014470406171212391,0.006907971717773809,2.9414507724900133e-07
54,0.021502726811017076,1.2209559768488843e-07,0.11106537274113473,0.030458742749835604,0.0003555987969166851,0.00807744462692288,0.8285399921785753
55,0.00017369509620941654,0.6544275521749159,0.010555346744688185,0.0008041606756562226,8.949309326196773e-05,0.3339264663770158,2.328583825265837e-05
56,0.04731612967903074,1.4413399850453468e-08,0.03222748566630451,0.0006516809698314083,0.0014325107611514406,0.010052032845238557,0.9083201456650434
57,0.020792705581651375,1.0181768265650174e-07,0.03340174675027766,0.000929417905583215,0.0007180468595592641,0.08676836000155826,0.8573896210836875
58,0.008051783835575166,0.02926015439787159,0.000277827445584287,0.0002500900008203678,0.0012111417077045042,0.9406077516868158,0.02034125092562827
59,0.0028622026118991736,0.04331252881602817,0.13217604820433593,1.0990089282183153e-05,0.00010919549260222385,0.8149939886562168,0.006535046129635633
60,6.435981249414969e-05,0.5989208531854536,0.011075699689890375,0.00020493100380445756,1.1807248572532992e-05,0.38950497420581454,0.00021737485397044855
61,0.5894543714168982,0.00026716420617303477,6.7937159755646195e-15,0.0019005098520414377,0.4036780224262791,0.002705349209145811,0.0019945828894556415
62,0.003065848097839057,0.2605737647717255,7.462336217454023e-06,0.7323812111094944,0.0007963352954110422,0.0031751499088555307,2.2848045699704863e-07
63,0.00022255601424579264,0.443600826642374,1.2009711661057075e-05,0.547460152091374,0.003286875306501039,0.005417502755476192,7.747836805477066e-08
64,0.006049575001220024,1.5496555618776193e-05,2.5659924270782437e-05,0.016288822000935795,6.300456908310866e-05,0.33051376210581385,0.6470436798430577
65,0.0027394379412429876,0.007180073206825695,0.5748465659592399,0.2726560223647226,8.420875383080538e-06,0.14254444685001208,2.5032802573856572e-05
66,0.6129590634705651,4.51994230472123e-05,9.883346228776057e-06,0.02811715840716177,0.0010049775254584656,0.35174641129672585,0.006117306530812902
67,0.02208741855598385,0.0013733380598068086,0.0003959380306017334,0.9526061157958845,0.0003996337640033299,0.023135179463266018,2.376330453542181e-06
68,0.8409201645276628,2.711065403164678e-05,1.789303955724505e-10,0.003964706284912738,0.0033847042043459825,0.00133116705847508,0.15037214709164123
69,0.9071653672498672,4.497674157955923e-05,3.985360488304692e-09,0.001748095985216318,0.0004912431695642876,0.003434027912297202,0.08711628495611495
70,0.0010843616635878017,0.02415832721192432,4.230994410385178e-05,0.7451174769024442,0.16217801351199806,0.0674194925000118,1.826592997308632e-08
71,0.00643410974900203,0.004956904364357369,0.00025680033799734355,0.17298764667616634,0.002724488064544011,0.8089744521746312,0.0036655986333017647
72,0.038899447563888516,0.001676754325241781,0.0002755883207127586,0.88124012844239,0.040581475900007984,0.03732653929991298,6.614784612513852e-08
