,proba_0,proba_1,proba_2,proba_3,proba_4,proba_5,proba_6,proba_7,proba_8,proba_9
0,0.1498539241271556,0.016606435970982637,0.014651326582126286,0.015035137258767633,0.006410692903079738,0.0014767826147280621,0.002006346692022029,0.0019496326325788443,0.13628478079105114,0.6557249404275084
1,0.15918275742979107,0.02765010097557287,0.013337390380974767,0.020229477276323873,0.015946802536384645,0.0016395568859225692,0.0027161892051313454,0.002101922664984268,0.09770647472991115,0.6594893279150038
2,0.04615676537731482,0.0007763915719650674,0.007671773447516283,0.002279553558131335,0.0007502317932195673,0.0010800452918080978,0.00035024159712229003,0.007578579576214908,0.23624976436066394,0.6971066534260439
3,0.7078702996640741,0.002351872364321422,0.0027727740462214355,0.004272178468228772,0.0015130592706486144,0.0023698056039289494,0.001979830384383534,0.013764025369712827,0.022711211129712566,0.2403949436987675
4,0.24350636631400602,0.004883429258196799,0.014277288395455816,0.007453959807230316,0.004471835953468801,0.004094331275819581,0.004990323930541071,0.035772824533399694,0.2532161813607631,0.4273334591711187
5,0.008019532021605116,0.1137090705321913,0.1494418227909861,0.11071253224729566,0.45297508418371557,0.005011146933881584,0.015221072841719918,0.004803881386224561,0.013035022953564047,0.1270708341088156
6,0.3274354859127074,0.008131603047254599,0.006522631469288712,0.008413285045779284,0.003132365904746724,0.0019334302929327237,0.0025345462070458257,0.002704073398685255,0.08457683726025168,0.5546157414613079
7,0.21744306915943962,0.0021051144696364295,0.013469370785371885,0.0034827501789596502,0.0026578124824083913,0.0009439666432242618,0.000745923031445746,0.005747031474387982,0.060152686929172555,0.6932522748459531
8,0.0017624339273525631,0.020191484793225856,0.013773847658805191,0.029225753101188766,0.004499412733682253,0.0861338929462719,0.011959580587171097,0.001946478897072357,0.014747289060006476,0.8157598262952234
9,0.020800193247186575,0.037506360290211004,0.013117976125770424,0.11964427268669495,0.007984310950499254,0.002421836881901929,0.006537656650933943,0.00421232705421969,0.20973838021483251,0.5780366858977495
10,0.008736946115668021,0.00339428137320815,0.10912502016955743,0.008316389602390374,0.008147318286941731,0.023679618116768032,0.00394320269326327,0.02729889539784239,0.02725802722505263,0.7801003010193085
11,0.20790403906505625,0.004375572612085041,0.011668736089939437,0.0069698046060114646,0.0045641451044942365,0.001217477747971503,0.0013576543920848759,0.0035741404577133754,0.04233229838072971,0.7160361315439141
12,0.36470758432884215,0.0020486832570994072,0.0068002966527926255,0.0033365101891606607,0.001256169396844277,0.0016103903306579652,0.0010051936556578378,0.005617223026762262,0.09519039911282338,0.5184275500493601
13,0.026648641256766786,0.09764875297422103,0.026362253931002323,0.05249827299934483,0.11115868630861589,0.0042380225739115495,0.040004567715650495,0.004978840182708841,0.22980975525893044,0.4066522067988477
14,0.19693473291434707,0.0016343444884344182,0.011339867698870264,0.002572166572374917,0.0014187173085869573,0.0009811027044294334,0.00037933542644004594,0.0018452924886256548,0.1379991546120491,0.6448952857858424
15,0.04603291424702128,0.03289231600601208,0.15132833904307777,0.0305005488948421,0.032653577792115765,0.10839471061865469,0.13769418334960426,0.05581127329554427,0.09239131316312178,0.31230082359000677
16,0.06557026577384535,0.009170873771149798,0.051152947736033676,0.00871257898702331,0.00972716978363364,0.006402599041346338,0.00774341545936762,0.24013382749751586,0.16919927953611064,0.4321870424139745
17,0.015094727815387466,0.03239432796265338,0.02004469372779444,0.047312162168402914,0.14037429548446975,0.0017923940530902912,0.004423746018519592,0.0027475421642456626,0.02080128278616529,0.7150148278192715
18,0.13990305834576447,0.03669936003028262,0.014690053990770327,0.021570010158694922,0.01894924536995976,0.0025873118581953135,0.006241897009342357,0.009683099301366977,0.17687205163401337,0.5728039123016098
19,0.02379675767656136,0.17337246668091594,0.02206908671999449,0.05725739739238385,0.22672681039679002,0.014739439564646397,0.1409031287583396,0.0068860800887250205,0.06504246416637656,0.2692063685552664
20,0.03717107226614455,0.016373411579695345,0.07839045845072139,0.019470269359418632,0.016093876626163378,0.016503805707067384,0.01942601023430535,0.4413462624147838,0.15977830317763933,0.19544653018406108
21,0.07426925484364465,0.008349740792967377,0.051514675881560903,0.018436072536500016,0.01859282144312095,0.012546312121440592,0.008154836103234597,0.08404342484558869,0.043855566912770066,0.6802372945191715
22,0.0076714709421602,0.11926515270897424,0.27278865957344484,0.20527156327746449,0.07187518249119577,0.012641684374784261,0.05420019794867477,0.00689513430728252,0.0165579117430451,0.23283304263297425
23,0.009101505546453366,0.11619975086353646,0.05336749779304748,0.06938542041630431,0.48179856388643866,0.0061980224290465865,0.011424500563997821,0.005250722236230269,0.008038885058469676,0.23923513120647566
24,0.001920718127326179,0.0063485758823319275,0.44055965590705704,0.025874797966118763,0.01090664919078375,0.005123095908702324,0.005962038397740925,0.00345689180380393,0.020197903817867093,0.47964967299826894
25,0.043644397583269684,0.0012524386857004563,0.010671387867987629,0.0040886861974794245,0.0009248553145773566,0.0008633253975952368,0.0005678821558100353,0.006811615988477614,0.20625584832414826,0.7249195624849543
26,0.14258428680943008,0.00995667037900607,0.025464420444719273,0.015304644193679525,0.010433473698828731,0.00718734813711764,0.00965636709461565,0.06506144979297895,0.3099241368764853,0.40442720257313824
27,0.13293928006018862,0.0066009102496734934,0.020613380117588977,0.009120298181970393,0.006713315424525893,0.005761034396409467,0.007272836043258273,0.07497417424134882,0.3389653784153502,0.39703939286968576
28,0.012803080407261823,0.004527066690376877,0.002349476497050488,0.004965468954362083,0.001679234537171704,0.020652474298953612,0.007514121343345042,0.0037837690141224734,0.012058814669849536,0.9296664935875056
29,0.0029766650773293242,0.008581604707019613,0.03887505486596465,0.049125896766495966,0.004522674971083027,0.022660218396966452,0.009922657365123112,0.0037256439049245076,0.024498275628253945,0.83511130831684
30,0.014143255026065603,0.18232976981128124,0.010559006402745312,0.06788485992698863,0.18786819066203178,0.016013234205006922,0.2468606447403168,0.004379707035931409,0.040253669387961835,0.22970766280167024
31,0.0020249644723483984,0.14295270502830018,0.11100339812299304,0.5579074885778549,0.08345631013242137,0.003595950534986681,0.01810988018306633,0.002127886403694651,0.007121051408611973,0.07170036513572271
32,0.04194856923566822,0.20675723216709174,0.015296428633001333,0.0341613712751431,0.029872331588462406,0.041462753425507384,0.2218953385950022,0.013664598997714219,0.03515190607777447,0.35978947000463496
33,0.018495287097603494,0.0017987021389326268,0.015993405027359738,0.004526927343657784,0.0018077460401198424,0.0005634240945827357,0.0003134099783696613,0.001344253253908924,0.1828169634513285,0.7723398815741365
34,0.016008016880902393,0.005917995576021999,0.007385591588767929,0.026715211936403378,0.004564876357095238,0.03226756943479933,0.012329968430486886,0.0030040776312691016,0.04157459809343337,0.8502320940708203
35,0.5073495528050558,0.011922015230511156,0.0040927411814861946,0.012613374456428439,0.005368441234997911,0.0024295476676951346,0.002133042524852257,0.0026024704145400108,0.06995692303909133,0.38153189144534205
36,0.24888293825493324,0.017497832085145854,0.019227252293708842,0.023004887134497252,0.013855491943016761,0.006696644133274004,0.008127902413644948,0.022463133370783036,0.24008887035387597,0.40015504801711993
37,0.013735490429498436,0.0013215868555458742,0.019013728744642387,0.0032411523848613344,0.0012539769618864383,0.0007077618606826046,0.00022382787730251572,0.0030305179290146264,0.25763246179788396,0.6998394951586814
38,0.015319327393940544,0.0012840068265032036,0.016750979829381455,0.0031020447919102917,0.0012257696584091927,0.0006905421260151763,0.0002482058831060664,0.0031708450753246383,0.26630961731563946,0.69189866109977
39,0.09049741224899002,0.007911084941840283,0.011585955460603373,0.010336308364897984,0.004936881284955156,0.0012261211234682557,0.0010249174773653508,0.0017307123209530178,0.12350474859207447,0.7472458581848526
40,0.016127059866792564,0.15874317402103658,0.018133408536811568,0.0946113316279219,0.07366942025852659,0.009731704468464115,0.32436190940781157,0.006847153401756549,0.1029840287537825,0.1947908096570955
41,0.03133789554579422,0.011061535839988111,0.14665378530745612,0.01739698730649595,0.015289511826907019,0.011562817779913857,0.01135774859854818,0.3071218389141824,0.1449384039680205,0.30327947491269325
42,0.043946762372080644,0.04152365272996816,0.009770483367311454,0.05635259517087111,0.06170881818218148,0.0026175138874746737,0.005435672394275412,0.0028731834860280616,0.028094321224581165,0.7476769971852281
43,0.002509905907216836,0.014624037330703337,0.05126540958930999,0.09387752254762355,0.0051251331300456796,0.014278307711330854,0.004968047640413265,0.001756362442154118,0.009713879247215515,0.801881394453987
44,0.02302117646324347,0.0052048770444087875,0.018772356738466157,0.008711442895115122,0.002709292578729419,0.0008637654118108477,0.0007663180563143944,0.0016180268538244413,0.16454523845887845,0.7737875054992088
45,0.1312384844351217,0.015451848228069784,0.008958655823221204,0.03424574488110254,0.005166971445041025,0.005062937211934253,0.013590924396595296,0.007431847286621894,0.26018569850069834,0.5186668877915944
46,0.0010362858329539797,0.0018914854660317302,0.5737347441876824,0.021396265622451005,0.00245329403194646,0.0060489539649089576,0.0008583098003367104,0.004288607880262206,0.010668380554295177,0.37762367265913105
47,0.24492320582824467,0.007143842668195236,0.0074124731055573686,0.0073082913594161225,0.0031659211840429392,0.0015504559010783624,0.0017294765508440602,0.0019064867974065492,0.11161609362167635,0.6132437529835388
48,0.015254402608216557,0.001048492568747299,0.011636148260200417,0.0036524394649955823,0.0009323334309099977,0.0006518710232382829,0.0002573009765113963,0.0034688539741839107,0.25520311348623326,0.7078950442067635
49,0.013311608851002252,0.25683715138362984,0.009100977353988389,0.04360259045680125,0.027272915282361174,0.06053625317298726,0.1783896348160761,0.006950370109875292,0.014034535255730661,0.389963963317548
50,0.020278388888779992,0.05698580532443932,0.008161801720137724,0.0464025010935642,0.2483461973882813,0.0038397349935738842,0.015644848053700255,0.002957471449088415,0.03027114530919484,0.5671121057792405
51,0.17582998874335118,0.002255675813581799,0.011519931958517766,0.003692382619730328,0.0012941344824941804,0.0009783518998573296,0.0005509511659637953,0.002227915785516566,0.17218001166383365,0.6294706558671542
52,0.07696515074121324,0.02483361644684843,0.01593561855204322,0.026580240112744045,0.01239369364131527,0.002640244668041169,0.009878471462394319,0.014316006144984808,0.21549274323795473,0.6009642149924604
53,0.10610587588422568,0.010874364467531821,0.00660420500809628,0.012534700546261662,0.006360350273309277,0.001590332623825931,0.0028601102595018227,0.001609788618425506,0.06367181567262573,0.7877884566461968
54,0.27224076819398907,0.0031461137430359425,0.012987800301720148,0.004805342104137251,0.0030821231168565153,0.0015835074347827212,0.0015758934148407725,0.009070922693150262,0.04910377795502409,0.6424037510424631
55,0.538546511907425,0.0013813153148765451,0.006115093512853448,0.002414295343541519,0.0009799136774067713,0.0015554614608808209,0.0009275511670746795,0.018232580596837272,0.08009254453888795,0.3497547324802156
56,0.026620031857556917,0.0024217597844971355,0.019259455764092864,0.005092829461688898,0.0016834590677973279,0.0007952807749290858,0.00045674962664795326,0.001859821321946576,0.22558220567019419,0.7162284066706491
57,0.017477067541893456,0.0013041751533124524,0.018698802334418663,0.002633919084541385,0.0017403355469489963,0.001057207306644507,0.00029316076793420477,0.0035171415354604005,0.32257555505443797,0.6307026356744071
58,0.4554529815891382,0.001176471349795326,0.004857271185098029,0.0021097715574576524,0.0007725704455246242,0.0013848888182233356,0.0005860415595447262,0.006432724684589524,0.10346301707244966,0.4237642617381784
59,0.01954201057740882,0.1586432559342155,0.051498322507922745,0.06557859213312543,0.23085148118837223,0.004337369067132043,0.02114068329513026,0.005466347193347118,0.059464102336158293,0.38347783576718736
60,0.01068107615092721,0.02811123752116704,0.0023767219817047336,0.011259635270873843,0.008837820512225343,0.0855931424169749,0.032694920434340496,0.002321406797041435,0.012867984007285428,0.8052560549074594
61,0.023093956661752672,0.07056816022446842,0.027628062312679627,0.08340148451109479,0.08627427180381875,0.002589706387710575,0.006023197615715539,0.0033525925939734335,0.027583493198786772,0.6694850746899994
62,0.13651097727582456,0.01361754656772469,0.010397586136398835,0.01558732475797593,0.008019046210352153,0.0015459515948404868,0.001487066231052791,0.0018746639091602431,0.10422926839954061,0.7067305689171296
63,0.04906153921149818,0.09901969541994338,0.008875927946013346,0.02177504806769683,0.018894239935412407,0.019292919911367834,0.19493327018274645,0.010046627050600236,0.04383508322200287,0.5342656490527182
64,0.0013723313727174553,0.004911514078663081,0.7172770247823885,0.018534586005076344,0.004987877655493799,0.0074838539119621095,0.005171797331827111,0.002980160791666557,0.014064276401083141,0.22321657766912248
65,0.010582071352510693,0.0026395844006084,0.08929732541216892,0.005099414302914084,0.0018832389087058536,0.0024578745231484365,0.0004903111077661179,0.006059113315954614,0.5599428615132676,0.3215482051629555
66,0.016055684109710915,0.23719098518612844,0.13439111725022154,0.10871492168303604,0.08352015441679367,0.017366276264477686,0.24998107405133366,0.011961791541654115,0.043039899670159296,0.09777809582648471
67,0.047718795284633464,0.005405665496739818,0.027253000015453766,0.01274110159681354,0.00704701685280741,0.0009196810435628254,0.0012264158044660866,0.003549049245910533,0.15694155741705948,0.7371977172425529
68,0.011196374450118752,0.23704033340737662,0.017161627261388486,0.19549027835258276,0.07961215631126078,0.0077240202360804025,0.08558169656147564,0.004247537922490659,0.07880055718174697,0.28314541831547874
69,0.5394907610319609,0.007604652099232008,0.02010077797432393,0.02124724436964669,0.005143541780888982,0.01166028406188245,0.00691162190259084,0.016731705445866583,0.046771838087795406,0.3243375732458124
70,0.04070776944924527,0.0467846080390081,0.01531817374286643,0.032570184965050736,0.023504133104922616,0.002813352044756557,0.02977178767045357,0.014869219067573628,0.3339732132022786,0.45968755871384454
71,0.3362029869543192,0.005002318552345806,0.010398781029795596,0.01021259057589567,0.00413994290104122,0.0033033959496748034,0.003261680225956559,0.019493192524543963,0.19531304891537302,0.41267206237105375
72,0.016362531617506258,0.2428023751686148,0.029234116343375617,0.0869851316293769,0.1429645347860964,0.0155649652483557,0.280362400868396,0.00825556350542366,0.0604093188877995,0.11705906194505518
73,0.024258547372507835,0.13941883605920533,0.19069073010941645,0.21117520504625809,0.04703526007693333,0.005727560832871596,0.01935895967344648,0.009468948266392704,0.11371519807468246,0.23915075448828568
74,0.0173783988624577,0.0010515655236360466,0.01043395074604895,0.0038571084919508387,0.0011734345366074326,0.0008837958049241924,0.00036977279371376104,0.0029530275713508976,0.2744945654058437,0.6874043802634665
75,0.009056541039026039,0.0805317951824106,0.013199730784074392,0.18056359751494516,0.07205952646770257,0.027461636722956498,0.058926222984916864,0.0060405165571744465,0.009213988662888195,0.5429464440839055
76,0.13482569434633396,0.01963225453381844,0.013883320603510121,0.01715821418275526,0.009737991456841734,0.0013855116490453937,0.0018946927783058678,0.0016781785741553676,0.1050292540369613,0.6947748878382725
77,0.000525853462178757,0.004883365405443893,0.02184328352753331,0.013841697379692488,0.004901997555880832,0.08501690163645463,0.0034327523001181233,0.0008661568155076506,0.0032406728849693166,0.8614473190322212
78,0.1767220297633798,0.005088395726479631,0.01422557383320161,0.02090756747380128,0.004220679199069773,0.004378906730034344,0.0031223655766996522,0.008813308561574383,0.2583344517240482,0.5041867214117107
79,0.00681006200014026,0.010829085698861297,0.5632862108146202,0.03922388517811722,0.011518005041351257,0.017783923889625766,0.010718247953066248,0.03250948748907011,0.05585306583937035,0.2514680260957774
80,0.04724652744540392,0.006545064082608218,0.018270964651297128,0.008969162419552475,0.00402862791820358,0.0010598069531155673,0.0007833763599566893,0.001604159999174498,0.1570878878476508,0.754404422323037
81,0.4011888963214208,0.001757479139713982,0.010185850784374948,0.0021890170751289947,0.0013706435530858828,0.0014156539979822084,0.0009464484503764619,0.03622210831468884,0.10758449512468199,0.437139407238546
82,0.17466227343583315,0.00128789768188515,0.011669176611850168,0.002028960910332683,0.001124971311261685,0.0008825925827517841,0.0003934660393512635,0.004007856689997636,0.1673680552853435,0.6365747494513929
83,0.45783165266138176,0.004170374130786234,0.005104342793564277,0.006637342975706126,0.0020395900529468825,0.0022453943391346374,0.001790764993131065,0.003931585470962297,0.06705078903729395,0.44919816354509284
84,0.01209515912975462,0.25933546539706515,0.020774265171112475,0.03589725804494746,0.27677224535401024,0.060323623479939546,0.264935851279938,0.00686623708073331,0.01196026889573358,0.05103962616676572
85,0.0037079890583525195,0.12531275259917993,0.02156151541458184,0.005899699765575851,0.027993257663513505,0.018845075669096555,0.7821654906562476,0.0047744892776971385,0.0034174892669060182,0.006322240628849085
86,0.12478077012261073,0.004100237630128516,0.016200111516498857,0.007072506740770692,0.0033924915013819547,0.0009179826338168754,0.0005730607726725213,0.0013687249519411453,0.12898549781518165,0.7126086163149968
87,0.00336585872021059,0.1290491215758664,0.16305825654313022,0.024375502454833324,0.008057889477091906,0.07673940770289861,0.5461319748159414,0.005167490366520453,0.0034791016945394993,0.04057539664896684
88,0.3673006084258406,0.0021449342324083155,0.006821044002414614,0.0033723313869563954,0.001654537169262149,0.0015019603856143706,0.0010442955572558853,0.007831249016284729,0.15438596888708134,0.4539430709368815
89,0.007302131851417714,0.04908442617418463,0.692823198317018,0.02620728398862401,0.017220284685926953,0.008991088920556455,0.03382632585598516,0.01694548860727002,0.053229942320572744,0.09436982927844391
90,0.4152711775356396,0.011273768668469504,0.02561629616114869,0.01686973154666565,0.010064909805217407,0.009159416793571573,0.008486707287676375,0.04618207749195457,0.05372781556119654,0.4033480991484598
91,0.1401115286780754,0.00913516711549963,0.012907066489915553,0.011221177120152337,0.004118221090757163,0.0013785420270256386,0.0011899784717499795,0.0018665754497775213,0.15502201155868817,0.6630497319983586
92,0.008609641913214781,0.02203791910646268,0.14717782044279765,0.04295037970810866,0.027785240191096964,0.029141816270274627,0.048624510084912434,0.013168938863459502,0.022557378434858607,0.637946354984814
93,0.05256292268172516,0.09140407266153891,0.03260154471557331,0.058768755367966566,0.0641509523046238,0.003163798919956659,0.007102416789217736,0.004564865615910895,0.07031030607164243,0.6153703648718443
94,0.00807621938877499,0.16309444726994268,0.14609940163686583,0.1842813252818269,0.06152523328422712,0.008573185193937538,0.0736434305404656,0.0062224680164925565,0.04603632787903489,0.3024479615084317
95,0.03908088560389883,0.09317039986284258,0.011183355083773033,0.06376331761806893,0.03249246488750314,0.003201371211047074,0.02825837455891515,0.0029366597282830713,0.3477648255415592,0.3781483459041097
96,0.005601817615931365,0.042569393899709755,0.1655183514595791,0.004295633954392867,0.00996461023630617,0.07619177055010166,0.5880335782704688,0.012721478552615855,0.006435965231804629,0.08866740022909012
97,0.021233252063322695,0.0029618632544379624,0.01646805052632642,0.006607283063134798,0.002314359062146822,0.0006497270492735348,0.00044453950708992683,0.0012653557368860798,0.1539396931719697,0.7941158765654124
98,0.6440056962347865,0.00571795910301999,0.00799469124063644,0.009773792372883835,0.004349548632443753,0.006345043046642658,0.006835166586506098,0.05281818387586929,0.04779421347598869,0.2143657054312223
99,0.6687928210040207,0.0007701765521265164,0.006621389116231645,0.001098995433478092,0.0006195877075240252,0.0012373514487864638,0.00041496536705335277,0.03786773104701493,0.10127191507910803,0.1813050672446558
100,0.05506599909859935,0.00156689509777463,0.007031902965933301,0.004251187603163404,0.002065888103687901,0.0011044060283971876,0.001264963666283329,0.004035853657915485,0.1082032465070584,0.8154096572711872
101,0.02316233822156739,0.06619750450317109,0.015783103525774406,0.03162813906645774,0.3770627761558272,0.006809200219470201,0.03004020255272151,0.004822220545321101,0.016854251345935985,0.42764026386375315
102,0.009711591670505787,0.005279829549716007,0.019760207911426464,0.029489255770354317,0.0029740347765922566,0.0020598040402402345,0.0035239185664971773,0.004599163821885896,0.13845777292404793,0.7841444209687342
103,0.22037544535940454,0.006032797043200249,0.007989216106749982,0.006699255932089002,0.0030712218694164454,0.0012672787633771535,0.0010640610645149262,0.00144859232430932,0.10588953567328546,0.6461625958636529
104,0.44573645448069416,0.00404376140891161,0.005336577903227141,0.007187297878975595,0.0024779898231412647,0.002509697702306505,0.0024268205579746926,0.010404287496650802,0.1750086515051706,0.34486846124294745
105,0.0015765962244161705,0.021198981682855965,0.7766852646813981,0.03901932548484258,0.011961620668157886,0.012693976245281142,0.010031018732459054,0.003478160629496335,0.007670180792297731,0.11568487485879494
106,0.11115965468550143,0.05218052247581249,0.01438131555895005,0.03744742651585075,0.03913764439737359,0.003118075036485916,0.005767251994883383,0.004275360788284041,0.06469723861970496,0.6678355099271533
107,0.3244292299737529,0.01682066611073729,0.015739352849272123,0.02026229201175918,0.013004791942011228,0.007489329083924452,0.01638240447178481,0.13003712762862765,0.1831870887195973,0.2726477172085331
108,0.006332622240249276,0.0038446821015250677,0.011950235625511675,0.03579584823796552,0.003589087117000045,0.01572917131522541,0.005851789288150968,0.004646536998134904,0.05079016811610231,0.8614698589601344
109,0.23744803053726254,0.03046940064881443,0.04881700603916048,0.030291958144368473,0.044579408049231974,0.04311471293560023,0.05783613035866133,0.22886378950674782,0.050568541609729865,0.2280110221704224
110,0.006217597382261259,0.09108602517876192,0.49528570513636044,0.12468974906692698,0.011970336053401837,0.01828352966823677,0.03267146154531146,0.005357332632740233,0.03032718159253368,0.18411108174346566
111,0.010476170977220244,0.003975440060645315,0.06868860557112536,0.00852055992707304,0.008852260901341103,0.018062292028267108,0.005575882603508541,0.09014898112993187,0.0339512245973022,0.751748582203585
112,0.012352324356302144,0.16176353729328038,0.11399160853345286,0.13055285744011522,0.3581068150085105,0.007301602227803329,0.033473268019054724,0.005638829658975523,0.016257521984500773,0.1605616354780044
113,0.016589100222177793,0.005521407185833955,0.0037300233370603374,0.0071448381377991034,0.004054365184129756,0.01863954323583147,0.010515210398888085,0.005451004941385184,0.06215957793767415,0.8661949294192203
114,0.03003756459660387,0.033759447334384886,0.026854135319239015,0.02816281645451976,0.019712973754940324,0.0023971497910247486,0.01160241132910688,0.013164818452028423,0.15513840013658517,0.6791702828315659
115,0.024556829857371988,0.04289576385422936,0.021987631934879532,0.041514956616877485,0.01348218347491901,0.003067484471279236,0.025410059841115672,0.006510031942888913,0.3253809930649379,0.4951940649415012
116,0.017200778630714956,0.00918913164911126,0.014085966170472964,0.01262142214829416,0.006922090003929348,0.03247999281126257,0.011992652874748785,0.008945388084363412,0.10208671055871435,0.7844758670683882
117,0.007718306675270761,0.25119426295111713,0.06768275493295198,0.09657838709733278,0.040668590735382544,0.12398353463259461,0.17301848278395854,0.007635551819623118,0.011523478799904287,0.21999664957186438
118,0.5032552962466702,0.0036971807809166057,0.002899863873387981,0.005280117557323919,0.0019098172180632357,0.001819023983172204,0.001438407864134338,0.003419944046378352,0.07754903216768991,0.39873131626226416
119,0.4730064207588564,0.0017776304048941196,0.004613396047479036,0.0034025780976150127,0.0013682275779742072,0.0019230198833452851,0.0013239926434957298,0.00865214066057721,0.044373014317465445,0.4595595796082975
120,0.012818036265343717,0.08391503586459167,0.12323524943376013,0.09000241864245455,0.2800590982385925,0.004437444727816212,0.01984863585756502,0.004878788410970222,0.01985629605878247,0.36094899650012346
121,0.03226533018876077,0.0038255145021419555,0.012407151848645987,0.006059503252633672,0.002897135025526303,0.0007734268531298958,0.0005583786317457408,0.0012784596445923045,0.13942337174024982,0.8005117283125736
122,0.01772825755920732,0.007919070226912054,0.004750362113954354,0.03442975213635565,0.004887604159441979,0.03426372625590503,0.007432504486818568,0.0023297604996196752,0.019348439014130324,0.8669105235476557
123,0.17594401290220443,0.029475782035238964,0.011065487716579421,0.018709791788709174,0.016022239929691987,0.0017269546168897417,0.0037310942922789605,0.001904100286276144,0.0788053559040384,0.6626151805280923
124,0.011878551056426248,0.0027596282446745754,0.15516880198295493,0.009193016179493748,0.00456556486234169,0.0039910021164355994,0.0008791745871163033,0.0037104105976100616,0.42301762138235927,0.38483622899058745
125,0.0014305055033722923,0.01527207142819288,0.008957630675128905,0.03196891454317062,0.004260317771330415,0.0777821259809054,0.008933035567405484,0.0015463248538680053,0.01248242427085409,0.8373666494057717
126,0.6808827143240276,0.006542768606895078,0.0027517266236696727,0.00924619946940396,0.002903748275155619,0.00248853465510809,0.0033805266115999434,0.013171125108763148,0.06752838490480512,0.21110427142057114
127,0.007237848978668827,0.046407422866556844,0.2197707970769671,0.23738094546486568,0.03377149289747229,0.004933645277040666,0.009102435088575634,0.0073141715104276,0.03421169464599804,0.3998695461934274
128,0.014493120433675863,0.0016804283708791738,0.022848748969003248,0.003771178642145207,0.002060848321084689,0.0007295607350649496,0.00031227305694073675,0.003527639038900217,0.26396872595496584,0.68660747647734
129,0.007829785179401558,0.02451743038837315,0.013967091186039221,0.09301319780363715,0.009644176122822208,0.04486601044843739,0.01633728803476024,0.004128713880067215,0.040665655131672494,0.7450306518247894
130,0.12498781501814285,0.004821623555934197,0.008091396098257214,0.0070677046060767254,0.0037664384256335523,0.00233540663912512,0.004197460931692888,0.0032727428325007198,0.05604939105835207,0.7854100208342852
131,0.011519236607115305,0.010494021303022507,0.0033018760556998527,0.011302045330680348,0.0037037227660592664,0.038336107430554295,0.017594506983726024,0.004424055112711714,0.03411162985342087,0.8652127985570093
132,0.001306832810582329,0.016166963871000375,0.8344140030895277,0.030003555695535995,0.0036176609640700156,0.011129327358121464,0.01484040243052276,0.0016608452874143078,0.008704824392390535,0.07815558410083409
133,0.24982456839977835,0.014100555074158524,0.022965861355068916,0.021422831725963567,0.014152640247241919,0.009567234333201122,0.013207731494091313,0.04519652218739965,0.2701208987161653,0.3394411564669316
134,0.03021809103138474,0.0501104865045347,0.006959468344573075,0.014277416122919852,0.010731108302776684,0.011363572886898852,0.048171979433725136,0.003290593449801092,0.015339871116179103,0.8095374128072068
135,0.013375838539013892,0.009683771627247572,0.0051178582843650275,0.011336420645747691,0.004619690356226748,0.03442499155561318,0.015662473722523235,0.005731721758591142,0.05273332040304033,0.8473139131076313
136,0.0009439502647177637,0.004290383997530579,0.302225710390209,0.009824605085070721,0.001932886141205846,0.002403690071308949,0.003306669127419166,0.002581348624947019,0.0510124889589511,0.6214782673386399
137,0.014414050522255495,0.005823902939407846,0.003013298495497554,0.007052538797091047,0.0035288919027568356,0.019406512334004762,0.011021546314026395,0.00485951251432056,0.04997442547598607,0.8809053207046529
138,0.0017986651399265695,0.0013317047025119425,0.7115387453614672,0.004774607542445449,0.003399849361974327,0.0011428256684492698,0.00045717031901030663,0.003875527599924945,0.062001526881875046,0.20967937742241483
139,0.020108897284826305,0.1264016511672217,0.04357901363639735,0.06801425064670971,0.10517451993773909,0.0063053862831302186,0.07640406856054978,0.005682506336177905,0.2956126570430757,0.25271704910417225
140,0.008112980456581851,0.008346558606229428,0.001326278533179623,0.006912934866865402,0.0022892544653591094,0.03197851908515554,0.015230522160249761,0.003100184864719211,0.013050435026900887,0.9096523319347589
141,0.0009979877759761521,0.009507527681713507,0.011447574980608175,0.03446544271165409,0.00493893411880655,0.07886596653621297,0.006072533080695574,0.0011396800865513018,0.008511972222486187,0.8440523808052951
142,0.0037360165415015775,0.02342251807985988,0.0022485179658206667,0.0109731072115819,0.005312837758274278,0.084044860567995,0.032950725270078154,0.0030813759680734538,0.00573429573968756,0.828495744897128
143,0.03375679518244264,0.011456626231947195,0.02084270704631752,0.01806430374443781,0.0033771533121071807,0.0012766467257202922,0.0016727805259452713,0.00257636699667179,0.18544353272526337,0.7215330875091469
144,0.3496347642007483,0.0037537288184355524,0.005714285973702553,0.005175204365883003,0.00240744273794323,0.0017107088362116754,0.0010032916813834554,0.0015953769322605913,0.06122269238787936,0.5677825040655523
145,0.015811524288022398,0.13995801429517457,0.21625925739827537,0.05282310348738799,0.22455402198751154,0.047270161458634045,0.19333896120557234,0.014126810723545184,0.018544419752850348,0.07731372540302639
146,0.3121947502999197,0.003226651882399647,0.006503375379776753,0.004462692129066531,0.001954924249827312,0.0013665222911952901,0.0009219714061505909,0.002689224178656129,0.11369878183765224,0.5529811063453562
147,0.010296204783790727,0.05480680423781613,0.0380527057679308,0.14815336585064265,0.19160524115050012,0.002499816403979757,0.008321926500255523,0.0030920773678812033,0.020553691166730212,0.5226181667704727
148,0.009054322424273873,0.0015437103466009146,0.017249440541476625,0.006204061397821704,0.0014964232895986853,0.0007497383343164654,0.00037704470877060014,0.0024834337413726934,0.2087545251129103,0.7520873001028581
149,0.004771696381658993,0.019891348531865072,0.001919355420406044,0.009424146024552523,0.004559957626963666,0.07406932837824333,0.032251102279355466,0.0032846999240599226,0.006089381163766756,0.8437389842691286
150,0.23748443540010175,0.004382180590092679,0.013426806303953591,0.00555539411224679,0.0037642883596851083,0.0026481271527511673,0.003083871090552408,0.023971155000311387,0.22572812584948013,0.4799556161408251
151,0.3512352528102791,0.0016702236885319558,0.0084966937719271,0.002454888854557596,0.0013160466751993417,0.001221220175911711,0.0007650715481505747,0.01600567802871221,0.12511247085793137,0.49172245358879857
152,0.2142908646066457,0.001661418418228148,0.008836569282772572,0.002407177578812084,0.0014775060668120927,0.0011582130472294247,0.0008376796411306462,0.01998920111592836,0.1816428881663963,0.5676984820760449
153,0.0033512008517420084,0.13292464910302693,0.6262437417314006,0.06216359627105659,0.01217816946662778,0.04105658660799778,0.06148995255643714,0.0032097537240235747,0.004965633917821116,0.05241671576986664
154,0.003768702615321462,0.004938756324067492,0.6079232735935951,0.01731510519548249,0.005413616053273331,0.009649502679803185,0.005150705368733076,0.026613546117834175,0.027314729918410087,0.29191206213347953
155,0.02212577839559364,0.0041001161864459325,0.018464527838548538,0.011042149629079406,0.0021494436559718034,0.0016619325166325424,0.001103359312372658,0.0030643397897355167,0.24362022307291495,0.692668129602705
156,0.04939688937406227,0.009918275841776918,0.0053639075171318445,0.0048062258000383514,0.004625234072264279,0.01877272611193267,0.04137129476481957,0.008516947881038047,0.01124905220376286,0.845979446433173
157,0.008348521213637035,0.0033679589438089406,0.11645377148149354,0.00843259313196502,0.008258241040949882,0.023165177291796145,0.003909010355583656,0.02490606939447712,0.026633079489248788,0.7765255776570402
158,0.0010773325106762197,0.002068864564201533,0.08272335854365144,0.003959099678837813,0.0013109199458777169,0.011537273846826358,0.010130111604605335,0.0017289890108995972,0.010982519545966194,0.8744815307484577
159,0.09756477656850432,0.0027340711546892053,0.02727996360249122,0.00581980038967175,0.004762470265723646,0.003191995186934104,0.002778934332208816,0.036104002083936826,0.21435397931321584,0.6054100071026242
160,0.0007590040222091787,0.0027992753497318016,0.9504584603974073,0.0030644429432266336,0.0008581522198868634,0.004101865145332396,0.0009996354902544588,0.006395878649079945,0.005288950701121464,0.025274335081749588
161,0.24772662892768485,0.021018537561583877,0.015816278578025447,0.021485602232081714,0.018927449636974198,0.009267520688921003,0.026940102110231418,0.13154118265084383,0.19933570886759516,0.307940988746059
162,0.029632261128594718,0.10930656758514706,0.016218950665008492,0.05133649120172148,0.1585766448727042,0.007652463020088166,0.07644254928401735,0.004664294907885185,0.1256987879764317,0.42047098935840194
163,0.14977245970630745,0.0446895118658709,0.01317647169967088,0.025935867618011733,0.02099659176801238,0.0021079958704691057,0.005135634672316503,0.004209657380399423,0.1680170625712923,0.5659587468476488
164,0.0012848084928063887,0.01334224813688393,0.002206054026945153,0.05819006940406948,0.0064089670731134075,0.19054242666832377,0.013181742680888507,0.00107180726469075,0.002131647697828872,0.7116402285544496
165,0.007501399492813618,0.00959215457767438,0.0013417163656063158,0.009040367190836493,0.002493035647847148,0.03982767562152916,0.01628119332981414,0.0029158203935994746,0.013046182604421164,0.8979604547758578
166,0.038573889075380174,0.01511054817643002,0.0070874258787240775,0.017380583023264628,0.021250766335179846,0.13914151470065736,0.03578132246722506,0.006940967882790889,0.023384670890484092,0.6953483115698638
167,0.1426179730476478,0.014113773413712352,0.021811382896363897,0.013364730001464705,0.017674752014364022,0.0017413838473826783,0.0029111187034146155,0.0030839742476449017,0.0388373962541278,0.7438435155738771
168,0.03639568832911723,0.0015632172185063365,0.006434330115507981,0.003836486238227364,0.0026944469670650054,0.0008187795448705991,0.0008560796272592006,0.0024965252834547973,0.0453490883192906,0.8995553583567012
169,0.08696392238018326,0.010055769218557957,0.016135668649937828,0.013680848040953902,0.0054820966077680795,0.0012947081246636773,0.0011017050044058471,0.0019497007979732332,0.16385133612194397,0.6994842450536123
170,0.019810751365849203,0.003254880743458546,0.015698909459741107,0.006963339489693763,0.0021941774757694137,0.0006917765456601236,0.0005086243209518177,0.0013132697319197266,0.1553869188968756,0.7941773519700803
171,0.008419590852186264,0.07163653677160403,0.5035219394759286,0.08031830449680034,0.02396001682496595,0.00699470027839398,0.04207207867938867,0.009898725091432966,0.09920502226309647,0.1539730852662031
172,0.02043759682471711,0.0013646020484362174,0.01860990033705616,0.0025077309117998575,0.0014312721661866182,0.0007154106328991957,0.00025738006048127014,0.003161278040521542,0.27577077151469687,0.6757440574632052
173,0.07940051686593261,0.008697992981668142,0.019408592106132418,0.030434477639750608,0.005874386117428504,0.0033717383574081656,0.003191630407470091,0.008797864148454087,0.22681990439869754,0.614002896977058
174,0.01744089891913498,0.1752892664692293,0.035199364718888536,0.1192952220709368,0.137384294354161,0.004578468125041029,0.03388485859394576,0.0046900010001803445,0.16382958896300764,0.30840803678547424
175,0.015009567995650211,0.21242342122928204,0.025922202377152165,0.12720059312978338,0.142320529346318,0.04402394481996352,0.09674679210196738,0.00935698988349952,0.015370259018366453,0.3116257000980174
176,0.06348794098070172,0.02867697779716861,0.009093151598415453,0.024120663354250095,0.013101789224104763,0.0024997451356054373,0.016467981271243784,0.006005329203718332,0.3125928540980453,0.5239535673367466
177,0.007280072084882268,0.14295981646585942,0.1627017420197895,0.19659344036477308,0.03603867184528771,0.017020588620474692,0.04023096441714168,0.00401097067520307,0.018671982062957462,0.3744917514436309
178,0.0030756890183975703,0.01638433839037727,0.00122175879699767,0.012560961982584986,0.005099376795953207,0.07342967946221911,0.0185011303587726,0.0019180808493185783,0.006801113423962649,0.8610078709214164
179,0.08032603284608499,0.011636244265933323,0.018225151310374214,0.01224991824106502,0.006073464289162469,0.003109557266567499,0.006436958647121625,0.005443251082446338,0.08443699410740023,0.7720624279438442
180,0.013479164432523033,0.009941966682384215,0.004631470181876326,0.011481478999459808,0.004483877276891689,0.034482339907687905,0.01640980891024617,0.005319880314807449,0.049129553001800656,0.850640460292322
181,0.026735287698184472,0.003113285212065462,0.022990091569477383,0.006093951816130241,0.0019148331937705349,0.0009520939373566472,0.0006142644463797618,0.0022843071885129992,0.23761024429218494,0.6976916406459377
182,0.004347435883411632,0.056767525477242606,0.07060111872831742,0.41933654113882796,0.01373274957399455,0.02962842766250984,0.015227763995420732,0.005239793674832987,0.030335451629933303,0.3547831922355088
183,0.063981033311906,0.013879625267649473,0.024104457937330615,0.016075747096803587,0.011285167793508851,0.004441313100194155,0.010998756605222945,0.06951230584263805,0.22119498517917618,0.5645266078655705
184,0.0030730208659684147,0.04564493584963447,0.6245401937242222,0.08451966952140268,0.009321464134350277,0.013431727509408816,0.025525427656446185,0.002766985528110361,0.01642209506987949,0.17475448014057704
185,0.2514214850543352,0.014026942921325891,0.0170842991360607,0.020296540982674798,0.01310890482253888,0.01045981582327679,0.016729443637889363,0.10954605444962787,0.2134756828473115,0.3338508303249587
186,0.2258989163854161,0.007549167275051277,0.007830213021541825,0.007729116498638689,0.003112112047137173,0.0016323242033806841,0.0019556743311683012,0.0022843232244554646,0.10431193366588676,0.6376962193473233
187,0.10451340299921007,0.0020266287446955283,0.014581160594466997,0.0029763562962679384,0.0018030503502328345,0.0011821068155486965,0.0009459641234996742,0.013630272912815286,0.2533366706841447,0.605004386479118
188,0.00964946729647478,0.28465719441982673,0.022007637504730275,0.06285233185696266,0.08027899192282847,0.020996473994347512,0.4151541708106122,0.0060395879720095795,0.02644752337689528,0.07191662084531283
189,0.04503388816186706,0.0050039545207113305,0.02228789736650884,0.006900927478429196,0.0024428412463206746,0.0010686059463365877,0.000940428489987398,0.0020331541213956146,0.1995060707096495,0.714782231958794
