,proba_0,proba_1,proba_2,proba_3,proba_4,proba_5,proba_6,proba_7,proba_8,proba_9
0,0.2591016630634497,0.000996794358792534,7.652284056067363e-08,2.2868451415725054e-05,1.0004883153016555e-08,2.202663744062129e-05,2.9482632099255686e-06,4.870015936420653e-11,0.28987341570416947,0.449980196945098
1,0.3047336989348325,0.0017781430667902392,1.0798249802916966e-07,2.7259402417377708e-05,1.5643318924699877e-06,9.036066596886776e-06,8.486676340354542e-06,7.398312954405417e-13,0.10902512402714076,0.5844165795107514
2,0.012877208862234445,1.6653027791704278e-09,0.005593200553104421,1.8942773678411358e-10,2.012524094802921e-15,7.986910630131379e-07,1.692722620348434e-08,1.5147027895527753e-07,0.682784139704185,0.2987444819371755
3,0.8196905795117272,0.014032694840357737,9.24902644017692e-10,0.0015840532195099193,1.7956677567198542e-12,2.0344701533890658e-05,9.56671181311603e-07,4.695441820694991e-05,0.06953742724449322,0.09508698846629139
4,0.4032151535250709,6.40244090493652e-07,3.981998181310681e-05,2.7430102346978927e-07,2.0593504681405904e-16,3.290079245793348e-07,1.3467341327594652e-09,0.01013893342394208,0.42449786540677775,0.16210698276262328
5,3.49469230629058e-05,0.2432670031775776,0.0835739435249343,0.0032045576973807974,0.5389097385469912,0.000155857167194637,7.418608173682935e-05,2.7369873465875775e-13,0.009894388315646397,0.1208853785652017
6,0.6369090018167302,0.004279584118245211,2.4675698726983885e-09,2.0851353225042332e-05,6.525298866197178e-10,3.822096428055714e-05,7.873317899982179e-06,2.4273629192334145e-09,0.11711740991636016,0.24162705296579634
7,0.0012770717120032698,0.0007786958649817743,9.760855979402359e-08,0.0005741394152931058,1.8306371302686794e-11,1.0560772943690993e-05,1.5792950270216432e-05,2.2562302828200632e-09,0.0026541036524309987,0.9946895357489806
8,2.9206750327530727e-05,0.004879329819407189,1.233974259370249e-10,0.003948204208747371,3.055410386698795e-17,0.00603416539101077,0.00012292683922841537,0.00011905269025683736,1.1163824046956438e-07,0.9848670025393841
9,0.029365719683752206,0.04653174249004631,5.8500204132389746e-09,0.37382344623202046,1.2237258664125e-09,1.3928390723410018e-05,4.4011648628809344e-05,5.322836965072428e-09,0.00042113068380600686,0.5498000084744397
10,3.34447272046431e-06,5.161707918778769e-07,0.0006712348327830199,3.7825247251373284e-14,6.712399971272225e-12,4.943087308421058e-06,5.028127915439041e-05,1.8683870698793726e-15,0.019146307170908858,0.980123372979581
11,0.09285277420538908,0.0004564381204361569,1.3714998112784262e-07,6.283126018666796e-07,3.4459914528208917e-08,4.546594508150672e-05,0.00119203262362466,1.0139201489605533e-11,0.045208173776952826,0.860244315395879
12,0.30530336917153716,0.003969818236893532,6.4092871704582154e-12,0.0005213199815085386,3.0484695807459056e-13,4.2730259394011796e-05,7.015447439812886e-07,1.8951069998819618e-08,0.08692048770123663,0.603241554146902
13,0.07410762486584756,0.024347950865052162,3.2447683283797007e-07,1.5683554402739566e-08,0.007493907683237087,9.566688075170384e-06,0.00027996607265092557,2.4825402638905182e-11,0.5259752413634271,0.3677854022764973
14,0.43707868164013974,0.0003701802981357616,1.1851332500994856e-14,1.492344869101826e-07,1.9251680922394815e-16,1.8380510093820095e-05,6.424888076344204e-07,1.5524753843203252e-11,0.07285281555982728,0.4896791502529721
15,0.00046660047812094806,6.324915482098067e-06,1.3987544771465947e-07,1.2459474658692e-05,1.4008964403167916e-10,0.00023134949762851608,0.9473541913198461,0.018745505227923082,2.7696311186915687e-05,0.03315573275961611
16,0.002271659327754253,1.0078249986723465e-05,1.4573092311122358e-06,0.0006679658353494907,9.383901095681052e-13,3.6827684998579325e-06,4.048973829312834e-06,0.5121830788763201,0.4477899808585604,0.03706804779953035
17,0.0005638889370036621,0.014588000525875246,2.3515110368547707e-05,9.0375928199691e-06,0.6456872687055414,1.7345609165929137e-06,1.705378369062225e-05,6.200727144624237e-16,0.01869433373826914,0.32041516704551415
18,0.34250692304727576,0.013428687960201724,9.948204032223768e-06,0.001921003625844613,8.288258640476023e-06,7.814401141415061e-06,1.874754090613068e-05,2.5708916255177546e-06,0.11721503834997359,0.5248809777203585
19,0.002896463798617631,0.004167412807126438,2.0637433632842775e-06,5.593374988277756e-09,0.8377604855729109,0.000147413760019788,0.011659095319912388,3.487497053026592e-11,0.008019188592793845,0.13534787077700586
20,6.440848904281914e-05,0.0036288520031380342,0.00026264972420033945,0.001496802174520632,3.163286665817416e-12,5.842626206046474e-11,2.4035487003741553e-05,0.9111936789447088,0.00868927187455789,0.0746403012412381
21,2.4516017480936007e-05,0.0021556838587904795,2.6293486355768186e-08,6.723538642002849e-10,6.898127689781188e-08,1.0811590529404181e-07,8.582681142751965e-07,1.2107155012358308e-15,0.0010787145298251557,0.9967400232627656
22,7.571092533724405e-05,0.11568785854362444,1.2640448635704562e-06,0.2775562592724745,1.3276423890552022e-10,1.1250634605503914e-07,2.4049064549994184e-06,1.7930918044247263e-10,0.003226377678921267,0.6034500118099044
23,0.0004191134789159823,0.019609064596478123,0.00026823285814748333,1.0152134933243098e-06,0.8112482605806707,1.3429842554352535e-05,4.500916624400604e-06,5.3454090806671456e-15,0.0068580964900583205,0.1615782860230519
24,2.4899521064370334e-06,0.5645870836450366,0.0069140030398820605,6.548767516085473e-06,0.0001249828260382328,1.606473790388592e-06,0.0019547391041156476,4.100066278022539e-12,0.005068782780955904,0.4213397634064585
25,0.02814749210141047,4.3095457983483283e-07,2.834235922416464e-05,2.9427617838974872e-09,8.322487946234519e-15,5.206827900820694e-06,8.839244328832204e-08,3.6311287188555114e-09,0.16564930515826778,0.8061691276322749
26,0.005544490182656304,2.401228682787765e-05,1.096405666549954e-08,0.027675361848824465,5.573834352284585e-15,1.3032699074337741e-06,2.2293128184000065e-08,0.06067485620233527,0.6740151440612318,0.23206479889102652
27,0.024711022210500595,1.2246693221600977e-05,1.2785292784235016e-05,6.554922399598459e-07,5.890562761801169e-18,1.7839216793449595e-07,1.8986365838152048e-09,0.07010091818866934,0.4445103767959251,0.4606518150358546
28,0.00021107737775154437,0.00024234036147776017,2.1816331861623375e-10,0.00018913998953285958,4.1270767691871645e-18,0.0025905539649002116,0.0018854856284066118,0.003432832008398676,2.16555121500293e-06,0.991446404900154
29,4.7229812426663754e-07,0.09681753117810304,1.6238179480042742e-07,0.06440678486006761,7.511126931455797e-14,7.762971200540551e-09,6.482427063653054e-07,2.0162939156291322e-07,1.5102792291567464e-05,0.8387590888544745
30,0.00022495797142344176,0.021316175013124366,9.765993332362994e-05,0.0002554683249471444,0.8645110753878609,0.0003455461896780406,0.081644616640633,6.033104575029751e-08,0.0018091852957427227,0.02979525491222107
31,2.379646665450749e-05,0.3828790649833476,0.001686192201676248,0.5726824929980076,0.00039640763571589224,0.0013865329211935015,0.00020170607211110494,1.007296085031919e-12,0.023831148405883577,0.01691265831440272
32,0.026178421152005842,0.00030369356598679065,1.94074854776277e-13,0.020299239991529258,1.0181010538234068e-15,0.00020207176026879807,0.4987545402573887,7.753410850640315e-06,0.001978596621194284,0.45227568324058065
33,0.0006603672475931346,4.903252595887364e-06,2.0421490343812966e-10,3.046775233353108e-07,6.9040211772106615e-15,3.785764266812508e-06,9.257089726164563e-09,2.35230102737745e-11,0.14977009437071803,0.8495605352024683
34,0.19140628297718185,0.0002284379031172314,7.812221638568607e-14,0.22149443949484807,1.5136344418920077e-19,2.965295627930669e-05,8.95627154315141e-06,0.0001504256873466413,0.0211901875921977,0.5654916171174078
35,0.19568640047089597,0.009449050130015488,5.628249096933684e-09,0.002611910938238667,9.764242375346818e-09,3.0445486865646822e-05,1.8610346199470503e-06,5.785241341048428e-11,0.0893560944237204,0.7028642220653001
36,0.012498796465783536,0.002798902883995897,3.082772668170642e-09,0.010103237289500343,5.745104749284965e-12,3.400866880067081e-06,1.287460242120867e-07,1.1382392358630136e-06,0.5975875582478583,0.37700683417220404
37,9.858792577264517e-05,1.4299587181572831e-08,0.0032470226706279993,9.123717088195549e-11,5.0317708541717165e-15,9.386076322818946e-07,4.905924046798991e-10,1.8968253514537055e-09,0.24919140469742004,0.7474620293203
38,0.00014027625677135363,1.259770652983293e-07,0.00020887840842008845,3.663346736063758e-10,7.902386450707896e-16,1.1696760732563991e-06,1.8906373302632663e-09,9.067243610211345e-09,0.38858665343714593,0.6110628849203076
39,0.03896927416368115,9.942024524977765e-05,4.688380308857793e-10,1.4638690724460197e-06,7.80344290435889e-11,2.3012163218233412e-05,1.5344910706132376e-07,3.8403720971252727e-14,0.14512206585613255,0.8157846097066279
40,4.215168909466525e-06,0.1973946386236189,0.04493824491510831,0.07392393858039166,0.03463658136666457,0.0031867321992850046,0.5865955395397654,4.5329784718886895e-05,0.0006123937615289051,0.05866238606000895
41,9.06680788072793e-05,0.0005816609281528757,5.012702595534872e-06,0.0003299231133317031,1.8387849029468003e-15,5.5465203717196545e-09,5.045649054523754e-07,0.7470267959653611,0.15679349532985487,0.09517193377046905
42,0.0015582825130828453,0.08440432612761718,0.00010047043315436771,0.041856636803678675,0.14313681588682672,1.4177290079469192e-05,2.9222036077512416e-05,1.311074663902198e-11,2.1289874258072402e-05,0.7288787790221144
43,1.6668778581371364e-08,0.07227855154450809,8.23974277652507e-08,0.03205200569286378,3.95893964150453e-11,3.06197108640437e-05,0.00018189094125106093,5.105791265398003e-11,2.813162590836445e-05,0.895428701327751
44,0.022760550448246448,0.00017133741398460674,1.0671635157435296e-11,3.5078519639614894e-06,1.2362722055213808e-13,1.2854089705700705e-05,1.8163349963773136e-06,2.5717351564057753e-12,0.1388630626136019,0.838186871234134
45,0.08695244738461712,0.0011014367195766508,2.3995792993639733e-09,0.221321393975938,4.899028432790127e-13,2.192754133514479e-06,5.147525772381331e-06,0.0027297225163325453,0.24422261689418925,0.4436650398293714
46,0.00021945561185351912,2.4170496215960844e-06,1.9952983594052187e-06,2.078429609295115e-08,5.1416966733858125e-17,3.8806042199147854e-10,6.1547648455820296e-06,2.7565183143582445e-06,0.8764053946501675,0.12336180493448146
47,0.5339903297219514,0.0018706232797984727,5.784182304910679e-09,1.1553253594035793e-05,1.0831969140001948e-09,3.242602413112881e-05,2.9382351651797743e-06,4.091738199918402e-11,0.08684749651079643,0.37724462606626685
48,0.0011552064798631089,1.1669431465835877e-07,0.0009089866416187437,2.1600972820572875e-10,3.3551086993789204e-15,4.294323012130201e-06,1.623996905572963e-08,1.4549103467657385e-09,0.2888870403197397,0.7090443376305591
49,4.25598075677915e-06,0.0005223579861031751,3.3771788393220447e-07,0.0006114295221896368,1.8141327547963036e-08,0.04526858081244484,0.22156258074414006,0.0025294359290619715,4.6893118800756377e-07,0.729500534234904
50,0.00018216247079401487,0.07682211413235145,9.767281220782832e-05,0.001978978185225205,0.6261914825843823,7.639224876315529e-06,0.0004756769359265018,2.2853593324504363e-09,7.71300641287759e-05,0.29416714130474825
51,0.09061074673178876,0.0005989571747366146,4.245048521204596e-11,1.700548621382974e-05,7.658058904736453e-13,2.1312839047392093e-05,4.791843742765111e-07,4.922569480248794e-10,0.08468229220991502,0.8240692058384509
52,0.011644025908342001,0.0005117651121851906,1.4735792113427856e-06,0.00530862113474137,6.184461022009835e-08,1.3882357857385924e-07,3.914375472687559e-06,4.704633917641705e-05,0.1102470468389856,0.8722359060436966
53,0.07470903418491669,0.0007597189345394392,1.5993052781178788e-10,2.1180727329954857e-05,1.2612123494134596e-10,6.661764842979884e-05,1.388083719596187e-05,2.916497156488895e-10,0.08871814653938125,0.8357114205505055
54,0.2178022052236168,0.00014634133848966837,1.7770065833759037e-07,1.9011398415930964e-07,2.622703630000086e-10,2.40758672507e-05,0.0005066397880623734,8.019667090892985e-10,0.06541465264383665,0.7161057162598642
55,0.1604786389648341,0.00039014589445055653,4.7260810469366573e-08,7.302804216132239e-05,2.921569115580056e-12,4.804489926481815e-06,1.4447421715170044e-07,3.0057857897835166e-06,0.03750501738755009,0.8015451676973384
56,0.002392823701673846,1.1773973543911416e-05,7.826008520972816e-09,2.9712742625686824e-07,2.9143940371876465e-14,3.2646269172315083e-06,1.4223848252029282e-08,6.927640694024652e-11,0.10506638916966668,0.8925254292816098
57,0.00011365215545398377,6.122746887180282e-09,0.007877831414704651,1.3210331346445147e-11,4.2875234240025415e-16,3.1715691396896216e-07,9.279324473227809e-10,4.680521632296677e-09,0.5006760477517984,0.49133213977671725
58,0.3365492453544163,0.0013135289801816349,3.947050991606156e-12,0.00019969498203647337,9.628725179073794e-14,2.520190381359342e-05,4.104999959033814e-07,9.017031444885418e-09,0.06485083545822341,0.5970610738002579
59,0.0005755526677992005,0.1274046691040524,0.0008107401386454109,0.00010137506974783724,0.6088534674222607,4.162760734003699e-06,0.00022767506583531373,9.26338487692637e-12,0.0016174818659892875,0.2604048758956727
60,0.00018032580267748346,0.0001546179191160927,1.1643830260208627e-12,0.004942065945533188,2.142791682448439e-11,0.004972871080848388,0.0005105999020677221,1.793332328857321e-06,7.502907419534267e-14,0.9892377259947609
61,0.0001359525995714969,0.03034367011202465,0.0006216673666152028,0.11658064929086459,0.28875942233336466,0.00011868929979865617,2.2531312318364894e-05,6.495656984760177e-13,3.593588591476477e-05,0.563381481798878
62,0.06683395385960819,0.0001212884787160915,7.09319592667952e-10,3.8112554666887753e-06,1.1908341640380667e-09,1.754746725458031e-05,1.3212912338932538e-07,2.0480564461373468e-14,0.09073191230925048,0.8422913526004063
63,0.04022749596133242,0.000267485411361789,2.7587131283653967e-14,0.017914241868324327,3.059680985088704e-16,5.392150841465305e-05,0.23643872562008744,3.6265387717210436e-06,0.01545958170737318,0.6896349213843065
64,2.0031260051504516e-08,0.0023773649530087156,0.8608212798318835,4.158360279600371e-06,0.00032823647403341737,1.3353392533337697e-05,0.002833557948235436,7.759521689614075e-09,0.05779871974330742,0.07582330150593677
65,0.00019917339880461913,5.895450319846904e-10,0.05343277079200728,4.867825183101477e-12,4.314981201446024e-16,1.700124537903516e-07,3.088459560166821e-09,8.278293405758992e-08,0.805048864584936,0.14131893474599144
66,2.010303270772339e-07,0.3849136886403412,0.2464493767224924,0.13330009385651545,0.0739259497653787,2.6917210763643934e-05,0.12802320606598178,1.4171855503065396e-07,0.000157774811538623,0.03320265017810604
67,0.013117069668032479,0.0002172175542147285,1.8036321623666585e-09,0.009642609225148887,3.8609484785697216e-11,9.118307329952026e-06,4.247750866213006e-05,1.4348492679863825e-08,0.04330056384104562,0.9336709277048318
68,0.04150805456589244,0.17035968122334272,3.1582467730754625e-08,0.018003742918145226,1.4731137616616531e-09,0.0005402406845505028,0.009098186516455872,5.283699931557818e-08,0.0053015102117719105,0.7551884979872606
69,0.09584291816301259,0.00020557990724808374,1.8032352943634852e-06,0.000854256407498992,1.8877006455613268e-15,1.7783956213401926e-07,4.05914100838953e-06,0.00505898614754512,0.2548658571762853,0.6431663619825432
70,0.0011566238863166217,0.0010937388204030178,3.4593131594545264e-05,0.0034953006458248934,0.00024410312363708702,3.047873623775698e-06,0.0008950779667126806,3.936036954700222e-05,0.5072271747912174,0.48581097939112305
71,0.33914729230172486,0.0005529855732070449,1.174892988242584e-09,0.009560355375912556,7.054714533924878e-16,2.2275939973316513e-06,1.0265965959871169e-08,0.009017480832251366,0.3255817018273096,0.31613794505473763
72,2.568167181681884e-05,0.007893933053939952,0.020859213060890308,0.0017937185694022763,0.7379680754758551,0.00020205153372000333,0.22125985057251785,7.667796314854356e-06,8.497277184183998e-05,0.009904835493701173
73,1.8582068436584388e-05,0.03582867168256947,0.02470689625269475,0.7752442101321609,1.4025115699348318e-06,1.4267684965437634e-07,2.6362811097448997e-05,9.114160766700211e-07,0.0011253174960359662,0.16304750295250842
74,0.0020497970910492293,6.603529237107684e-07,0.00010678131440890992,1.218261945856216e-09,2.425257995326848e-15,8.82290304009782e-06,1.6937428129111814e-07,2.3632550030400426e-09,0.30597555821537276,0.6918582071674045
75,0.0006821148846088478,0.20775123691196423,2.9436387231873297e-05,0.00044973245206360015,1.8241273784779954e-07,0.023572026189606462,0.00688028836633235,2.2330899679400744e-08,0.1423516792324094,0.6182832808321457
76,0.17705001383586008,0.0010903363682958642,3.363327640895042e-08,8.040718368361717e-06,3.60364618051939e-08,1.2328402927092044e-05,3.908701349714271e-06,7.189512996689997e-14,0.05892618448960922,0.7629091178137796
77,0.00012644933245324524,0.00016711058166475517,1.6215189151139412e-10,1.3224537720281922e-05,3.8922313960632386e-18,0.01081513177426402,2.44717183448327e-05,3.427057971937121e-05,5.246354225907854e-05,0.9887668777714225
78,0.08512800507183887,0.018036309034337176,3.8578946155210344e-08,0.14950102035720902,6.568847741015492e-15,6.9361087188226766e-06,1.5701766562444555e-10,0.013203055274148959,0.3863332153868463,0.3477914200309305
79,6.983444533581207e-10,0.0014061029517164674,0.9044456634012685,0.00024003582718895217,7.086662585850416e-07,1.982032138203233e-08,0.016243456710646108,0.006719850175098801,0.03459723622067157,0.03634692552848515
80,0.02279138229720804,0.0003963934719911228,1.9710777369162557e-10,1.0581178307000843e-05,8.76887598532217e-12,2.387218296447708e-05,1.2932204899393518e-07,5.565831854946733e-13,0.09244912410362705,0.8843285172374201
81,0.42742741065425016,2.7868161193611944e-05,3.4738872354780243e-07,3.107134040942233e-08,9.522995970432173e-15,4.986335028066103e-06,6.948691358018199e-08,2.6731065305055724e-06,0.17452359560502032,0.39801301819099033
82,0.37129392159829366,0.0005209738397607274,2.9049419680750842e-15,3.092542394376543e-07,1.577296861932047e-17,1.2288821609979553e-05,2.9327768122635834e-06,7.44770129769391e-10,0.1470324045742988,0.481137168390212
83,0.585449607883312,0.01108384708918708,1.4862366183020785e-10,0.0008651018600224591,2.4922427201937197e-11,3.647396640387501e-05,1.0860616942610926e-06,1.1217265184044868e-08,0.056102050913683386,0.3464618208348856
84,4.555133788981472e-07,0.007816369591244156,0.006156742845816316,0.3089462728115687,0.5750048570705212,0.002347318185664579,0.036907493175575186,0.00023653424251474025,6.032490753430869e-07,0.0625833533146411
85,4.412516269882306e-06,0.3571237510948149,0.000775281116850745,3.849243396829981e-05,9.372720241134225e-07,0.016931909357921802,0.5931519132962892,0.02852232371076476,6.88122122149183e-07,0.003450291078974181
86,0.18120829304001726,0.00753910720457214,1.731933143583465e-11,7.70831052954669e-06,3.015423119135829e-14,2.413046999081862e-05,4.847547630013041e-07,7.539044709410481e-13,0.0012763754216161224,0.8099439007804077
87,4.830959636968722e-07,0.006592007648794916,0.0001183196053435406,3.853508393839191e-05,1.335502293046489e-11,0.48118654431454405,0.3899803785387576,0.0011358717029525168,5.9937564521936344e-05,0.1208879224318283
88,0.41861384457785017,4.896440421377522e-05,4.1346460927102956e-14,2.7795616804869774e-05,1.4726838744730299e-15,9.215938599773662e-06,3.396426172610892e-07,2.247555036783065e-06,0.1746836745705936,0.4066139176942409
89,1.485317643069969e-07,0.08078512123382485,0.865396793839365,8.158686874673407e-07,0.002229398495276056,4.3059955771542134e-10,0.00023563013911670795,0.00032697848745374356,0.014389888213038618,0.03663522476087357
90,0.4907611650667803,0.012947025673462127,1.2114318134592546e-07,0.005383071237863707,7.268073755439398e-15,1.072082544469514e-06,1.046537798872649e-05,0.030432299509800455,0.2241083348674398,0.23635644504093176
91,0.15722431283579752,0.002996088037601261,2.2039227233301784e-09,0.0003227380723188961,3.201502356868884e-10,2.648658319140523e-05,7.777202172309499e-07,3.809463591099974e-12,0.1451597447852388,0.6942698494377526
92,7.252732568618045e-08,0.19807383674425424,0.014711035348572118,3.9062500285178546e-08,1.622463364425667e-05,0.0001152843120283626,0.36451706184233024,2.176176062628189e-06,0.0637386573677623,0.3588256119855199
93,0.011727290658818647,0.05399944840277691,0.00019680239731860086,0.000941793343828998,0.004972856117938122,7.744666921620549e-06,8.118039909284193e-06,7.496592739310243e-13,0.00013458099077371532,0.9280113653809644
94,2.7968370262716006e-05,0.6732240082287918,0.01442777661976454,0.0016643266714278392,0.08825759487456905,4.0373559193334786e-05,0.0028298696168973583,4.299060548915213e-09,0.0013735937056935663,0.21815448405433924
95,0.04134466153763415,0.08145196606212994,2.3522479094852118e-07,0.0041037273066186096,4.577565837071254e-06,8.78495569771868e-05,0.013357682627004068,5.04835720835621e-09,0.08308083540007306,0.7765684596705777
96,1.3548381385821881e-05,0.02990106009028786,2.0994820689385537e-07,4.800940575803908e-10,8.077857337106073e-15,0.002796596978991366,0.6446704724194835,2.758389131280212e-06,0.0009049614131201974,0.3217103918992909
97,0.005195787844847709,6.15365358698639e-05,4.422322758560756e-12,1.2615158521802364e-06,2.5792782748198787e-14,1.1716927009258775e-05,5.22228992138861e-07,1.4434772606262539e-13,0.07516290946680756,0.9195662654760287
98,0.5526109578688468,0.00012250135631712239,1.5970444899217208e-10,0.0017063743111000354,5.36291954182467e-18,3.0441116611440377e-07,5.149081023535473e-07,0.011936467546848998,0.02723852333732461,0.40638435610058943
99,0.41613759091504465,3.715921047362644e-07,2.1448309610347446e-06,1.154714032568537e-07,3.884102384561647e-17,1.3860002321806088e-06,1.393712366088964e-09,8.574353283116922e-06,0.1761775532054167,0.4076722622378419
100,0.003933673770103051,1.7236858096326313e-06,3.831320146310791e-06,4.55462843480001e-09,1.0579477745953713e-14,1.8830190653415463e-05,1.3155493885155654e-06,3.1868561743967383e-09,0.12317105448811637,0.8728695632542876
101,0.011866052914283571,0.0038014740842687534,5.93983848540953e-08,4.888613952209683e-08,0.30745461220254994,9.955951834550336e-05,0.01294297842319091,4.102154829028907e-14,0.016913110669093276,0.6469221039037026
102,0.0034194794668899707,9.857714151692954e-06,4.768820702095491e-07,0.00027900192711929054,1.0420483500941148e-14,6.424728205282162e-07,6.120684761330786e-08,5.837293702355769e-09,0.14394930653085847,0.852341167961938
103,0.26889041954586756,0.00045735428078595887,1.641159173757717e-09,4.162234351157568e-05,2.474619439738271e-10,2.2100229558103722e-05,1.0497272229777608e-06,2.1423137184113977e-11,0.14502695271475924,0.5855604992482504
104,0.5195371254872528,0.0009653401471964416,4.937062472883832e-10,0.000656865295694353,5.537971062512621e-13,3.323983004737224e-06,1.308546778991497e-08,3.5985548299192346e-05,0.08090278287449842,0.39789856308432614
105,4.7085404095073335e-12,0.0025842555437115542,0.8820464244122086,2.55804861083302e-05,5.083194222517353e-08,3.618130896348823e-08,0.00018373702716845955,0.0001573387087024302,0.0011184698273469756,0.11388410697679396
106,0.05002928926290803,0.005627766190657996,2.38870096195812e-06,0.0001642107834991498,0.0006572056442849885,7.071470941249872e-06,2.3611798834766644e-05,3.007741959383234e-13,0.01605987679827687,0.9274285793493343
107,0.13778423955043265,7.933352125029276e-05,9.150293582346583e-09,0.0012399734718142685,8.907075619532971e-13,4.291007576894094e-06,2.0014245631501347e-07,0.0050997821782573635,0.25404311550072245,0.6017490554763055
108,0.0028254745882409006,2.3548417803761235e-06,2.722384908665575e-09,0.10551690629724583,7.958734542012999e-17,8.291408763031137e-08,5.054035676879142e-07,0.0012995612942831385,0.04608323692350125,0.8442718750149081
109,0.6814785893507381,4.655205144726791e-07,4.816524475516769e-11,1.9881116775176675e-06,3.551752112253143e-15,0.000158897128700928,0.04796054248361418,0.007508018148922583,0.0007353567132535137,0.2621561424944097
110,3.3609282074857844e-07,0.025429273465397095,0.060705338625551865,0.0008467191657888087,2.0933177989911892e-09,0.0003252555906983871,0.0035774565034991965,3.61763397306327e-05,0.02230531308311417,0.8867741290400813
111,4.5858834131840555e-06,1.2267476000930338e-06,0.004810879643959702,1.309646093896554e-13,1.2664060246458586e-11,7.469393266595045e-05,0.00011186580050412256,4.034887028402049e-12,0.016935005565389186,0.9780617424096378
112,0.00010230616458024367,0.005710671768575351,0.0027031554603033528,1.716434748502155e-05,0.7522538011109998,3.434830751760124e-05,0.00028132095353157975,5.195483898818134e-13,0.18082823987417063,0.0580689920123168
113,0.003135046947921856,2.5707277947891102e-05,2.6341576759190113e-10,0.00011751345124997593,2.503839584157386e-18,0.0009080379271467516,0.000878742277641338,0.007826779581235692,1.9666438412269248e-05,0.9870885058350285
114,0.00023734545626879927,0.0018992037420595036,0.041618394877545165,0.03362967992160486,0.0002787303212914181,1.982660555410015e-06,2.953279869643496e-06,9.230266030067371e-05,0.3331838502781734,0.5890555568023311
115,0.004258551792404269,0.0014545517607736063,7.118317389048553e-09,0.03130836956373801,1.933910496181104e-09,7.0613482548614075e-06,0.00016785283290355834,6.375796390592071e-07,0.28846180368451346,0.6743411623855452
116,0.004035799082811904,1.2702304589981065e-05,2.2220444795593067e-09,6.709235211115341e-05,5.558556733507539e-18,0.0005766784431533655,0.000581829200525978,0.00566635980229399,6.36830982748166e-05,0.9889958534941944
117,1.568765342489022e-05,0.4085782467012591,0.09508451757663791,0.042614543243275606,7.792689625553123e-05,0.000164793553201733,0.00046955457942709394,6.590149556372678e-05,0.00017927633004019086,0.45274955197091427
118,0.7359613362181344,0.018496090852255148,2.3913832499531496e-09,0.0015198542855560232,1.942913897353862e-10,1.9714375955515053e-05,1.4832406402329634e-06,3.16557704014453e-08,0.12001058881487926,0.1239908979711344
119,0.7120748882876293,0.0006526006342045737,1.1777805764123487e-14,6.549932759093808e-05,3.104682726396958e-17,3.0108099232591295e-05,8.582901060929543e-06,2.0312129030363736e-07,0.014824010727304594,0.2723441069016749
120,7.815824171542585e-05,0.007839389308865392,0.0010920963588580592,3.4446460342953144e-05,0.7972884358467501,8.406004925922153e-06,0.00011849982448596315,2.2251680211062148e-13,0.07139214979819955,0.122148418155634
121,0.006779989367929525,3.9400565259353284e-05,5.712625800678245e-12,2.2632021980464832e-07,9.882668527825848e-14,1.7888157483767213e-05,3.22076190710275e-07,4.907765037967807e-15,0.0510778012815636,0.9420843722255369
122,0.006492715346199794,4.4808719826232944e-05,4.6488747357550165e-15,0.3169203691281807,3.1687924317544965e-20,3.106503085585602e-05,1.235777784251258e-06,1.9611785784699305e-05,0.0007269687372567889,0.6757632254741069
123,0.2472161491869757,0.005262398929218267,4.168640403829318e-08,5.1479900098923434e-05,1.8621459287712102e-06,2.5566572707326654e-05,0.00010198326254226053,1.160493452829369e-12,0.05582132929482578,0.6915191890201385
124,0.0002520906411829359,6.526384784039373e-10,0.012639218230891213,5.202230418381747e-12,3.4492261200944703e-17,4.814376506202756e-08,5.507149395491752e-10,2.4401996376395856e-07,0.6811021736155062,0.3060062241401351
125,6.388753714660915e-05,0.0017315860065731097,5.480952568895481e-11,0.004515178483902563,1.7889194553702115e-17,0.004940794262755712,8.43686460302651e-05,0.0001306067968649863,4.858633903305594e-07,0.9885330923485269
126,0.5638549131494442,0.003277268221461175,4.400278962971211e-07,0.000839478414215721,4.436963250804175e-10,6.420368388618309e-06,9.577912710300216e-07,8.685363301616276e-06,0.19622998123684862,0.23578185498347637
127,1.7391872374293792e-05,0.0004533553383807646,1.5122921036131483e-06,0.30446125834582494,1.359273041637587e-10,1.567153130405188e-08,1.8686982063440003e-08,2.8401777689912087e-07,0.016509995301613744,0.6785561683374851
128,0.00015645876782880696,1.1350038349467464e-07,0.00012452077828622288,3.903796729514218e-10,3.0139781763667193e-15,1.1520679605915921e-06,2.1569962542444407e-09,7.418526475990826e-10,0.329059234102825,0.6706585174934843
129,0.0002512841132923682,3.139142543472785e-05,1.0416412918515115e-10,0.36713858410829314,4.701031082113503e-15,0.0004007229391656845,5.568578200447387e-06,0.00025317314685321425,0.005584815145323253,0.6263344604392683
130,0.10232902011840322,0.005316570706366503,8.806969459708797e-11,0.0002812955178127435,1.2967699831482788e-11,0.00034935401835867506,0.00044970162708191384,3.3436919872031327e-07,0.021364874335068444,0.8699088492066724
131,0.0004303059737126341,2.2765928543414565e-05,1.0864698661352225e-10,0.00028488970955316034,3.7710266408128976e-18,0.000982039136369665,0.0010206439262717155,0.004177401272727648,5.455119762170179e-06,0.9930764988244126
132,6.706083259172682e-08,0.04429800881354426,0.23803356140755358,2.2472845740629586e-05,3.6798847046072047e-10,5.015926721657667e-05,0.0018541920769711187,9.08925902202162e-06,0.010557460832410834,0.7051749880687199
133,0.2773743051155571,3.985415901518309e-06,1.2411033200476777e-09,0.0013026369040047734,1.8688398438034336e-17,1.2308830133814838e-06,2.33316738124585e-10,0.0033877526599923853,0.4684039286241618,0.24952615892294897
134,0.020206713191598204,0.012973168426837562,1.1515036136480469e-12,0.02574406982919402,2.4658058598626724e-15,0.00020427788123462634,0.009894867871316096,3.212884510794826e-08,8.85822746897006e-06,0.9309680124423514
135,0.0010584340938415268,1.6762716337503752e-05,2.3893198491904867e-10,0.00018180926879563962,3.816806306177235e-18,0.0008293503871343731,0.0008557031035841223,0.004654070293758721,1.026911287928536e-05,0.9923936007847368
136,1.3332793623258425e-06,2.725805715805054e-05,0.5914595044997348,8.01226143217979e-08,6.963005930710674e-10,1.4634334315256812e-08,3.531486825335513e-09,4.056856258116374e-06,0.0035643222624366353,0.404943426060314
137,0.0016281960247185702,3.8305066648708206e-05,2.0015246001473092e-10,0.00015728038885589053,2.6950652520943337e-18,0.0011277330185536598,0.0009358132938033454,0.0067018270564651265,1.3910911383019272e-05,0.9893969340394193
138,9.142911294785251e-08,1.8482325521206097e-06,0.6641153537387666,7.289151903847558e-12,1.2355792377736369e-12,5.5574812615833186e-08,2.6906391673905827e-11,2.0786653412457293e-05,0.1785290669106471,0.15733279742526504
139,0.05694966772579178,0.09353507411730408,1.217000869521899e-06,6.343677418415689e-07,0.0016376435955233817,2.057962650345161e-05,0.004989922521771602,5.000261358746719e-10,0.7805909577312815,0.06227430281318658
140,3.0414969684402406e-05,0.0011676451498416462,3.945734836106918e-11,0.0007102892915942588,3.4210268762520924e-18,0.003142484561203855,0.0017663521751310391,0.004046199824348807,8.857867641427149e-07,0.9891357282019746
141,0.00015887803390545195,0.0002446486432272589,9.60371984504384e-12,0.00024065685767419887,4.0443688135707875e-18,0.004144792363859057,2.1300711619961294e-05,6.163371812057764e-05,1.7549249229724438e-05,0.99511054041276
142,5.771949775059198e-07,0.03172690740445487,1.0699520583988416e-11,0.0006988621501290907,3.866646421841389e-18,0.005853195554747797,0.0017386726008920463,0.0014285038546478909,7.674790236338834e-08,0.958553204481549
143,0.11531088048402557,0.001185661117911521,2.7204438224753457e-09,0.00023806526114789414,2.034072953038497e-11,5.073535112765985e-06,1.6775920685521525e-06,9.813350080787985e-09,0.2836292201431905,0.5996294093124085
144,0.5907416790094406,0.0015525274112642854,4.201368412677096e-11,7.122751880211172e-05,1.9390040971156193e-10,4.017821853839726e-05,3.0172157125045974e-06,7.172326559787753e-11,0.061042818940322256,0.34654855137828255
145,2.9622653711285176e-06,0.3940943545493379,0.11365323300900268,0.00011101446370855343,0.4582462513856186,2.8670198339050402e-05,0.030719526855261362,3.889521948761994e-08,0.0007617471164524086,0.002382201261688848
146,0.4601776145061133,0.00044721614496430196,3.6303962592179467e-13,4.256364035731929e-05,2.931579702982405e-14,3.6959121894569426e-05,2.628910255803939e-06,8.533168112704912e-09,0.052471518988694975,0.4868214901541594
147,0.00013738222456277573,0.0024463809314389036,0.16555483058214202,0.0017567880357592229,0.6856470687090422,0.00022693855550646043,4.4212407076168736e-05,9.427386112058153e-12,0.142507970740135,0.0016784278049098503
148,0.0002375199957137349,3.1564081338495797e-07,0.0001909282392465629,3.981702824388497e-08,5.449242471129935e-15,6.553366610031139e-07,4.194268843685908e-09,1.0009402422824906e-09,0.296766918238094,0.7028036175372285
149,1.013665409295306e-06,0.019105631372447404,1.5113487888246536e-11,0.0007266671392865245,3.942024246031537e-18,0.005644504182192172,0.0021764574582175977,0.0018456260061404438,1.1466076163377532e-07,0.9704999855004316
150,0.4665196580549327,4.27474643169211e-07,7.733195155718356e-09,2.0767131797005876e-08,2.4569202539579772e-18,1.4347594142091781e-06,1.7066747027610347e-09,5.002256489247967e-06,0.19649912442593295,0.33697432282158596
151,0.2874848491504787,0.00017896982935365985,1.1019788092127827e-10,3.5171159742245343e-07,1.8345227736727754e-14,4.415780995085343e-06,2.642322515086508e-07,8.592529000462381e-08,0.3496973761085245,0.36263368715129285
152,0.24358378584455845,2.5623677446612135e-05,1.168876883458689e-09,7.99395419617481e-08,1.3923528782352225e-14,1.7937113309358453e-06,4.204456526676694e-08,6.517955345011824e-06,0.3208495102712199,0.43553264538710107
153,5.685826055510038e-09,0.13840978199594947,0.6890290762879623,3.62693639218433e-06,5.41656345017949e-09,7.724596632985652e-05,0.03783663488832192,7.927832220669052e-07,2.8463522915624516e-05,0.13461436651651715
154,2.9953529168794296e-05,0.002188032119157229,0.013638080101286849,0.005366667801605049,4.188773277585911e-12,4.515997096612616e-09,0.00022654472505347932,0.6911714901644609,0.02534731758361177,0.26203190945547006
155,0.004005017264755893,0.00010466546544164069,2.8717159163403053e-09,0.0014927281642046805,4.131375029728435e-14,8.345063637823337e-06,5.7598773960318e-08,2.341512726210165e-06,0.32889417118877357,0.665492670869929
156,0.0023920090034892268,0.001655823636801833,9.600593903788137e-16,0.015139087255115697,2.6773861354664133e-18,0.0025476511143122564,0.4659260595403916,0.00034488694022313614,7.722192250799322e-07,0.5119937102904402
157,2.756368058662789e-06,8.416982997970555e-07,0.001181206094578454,4.2530818037141055e-14,1.1799221249268327e-11,5.1941361433935996e-06,3.111779739282942e-05,1.428752894562209e-15,0.02143693475236994,0.9773419491413137
158,1.6036613104202715e-07,1.4486755152028984e-07,3.3838420477399085e-05,6.102115514472991e-10,2.519329122789386e-16,0.00018215646772881683,0.00891259802453406,1.5294646500504248e-07,0.07355273224388349,0.9173182160530168
159,0.13306686642431936,4.264545549299005e-06,2.449450762405916e-07,2.1588725898343646e-08,2.4215473283214276e-17,2.0700064254308553e-09,1.213320200173779e-07,0.00307585560029656,0.7452551070640915,0.11859751642991466
160,8.709589486648233e-09,0.000829521530329469,0.8065862710200735,1.3472308898375443e-08,8.400635975252468e-09,1.4669836841558869e-12,1.0216038491451948e-07,0.0006090616651757949,0.0013555148903252488,0.19061949814970983
161,0.1823307910175833,0.00032813875286295336,2.9236934184571175e-06,0.00030624885438603454,4.70404969121909e-10,6.594234469745241e-07,4.63593085023483e-06,0.4308759316352855,0.20221415546679358,0.18393651475496803
162,0.014559030491108628,0.0023011883864636124,2.963370013293502e-06,3.847300729113218e-09,0.7410118059589861,4.7585579168244646e-05,0.0027319609477428185,9.669025472989084e-11,0.053942595532270494,0.18540286579025583
163,0.5699914815793037,0.023515786395094964,5.126702021871535e-07,0.0004778030877319985,3.779558351783463e-06,1.2305016156902191e-05,7.085747801089821e-05,1.2577740978137593e-09,0.12793181879223484,0.27799565416513866
164,8.250611715209049e-06,3.23196951657824e-05,1.0233246952252134e-12,0.0005650269700934598,1.1031020718334458e-15,0.5728283249106817,0.0014045508234348542,4.831034148476506e-05,6.066560193073945e-09,0.4251132105798396
165,3.4538102877171734e-05,0.0003710655123390262,5.826828929635529e-11,0.0004629688749994651,4.672410376777893e-18,0.002653232375466829,0.0013821508865322484,0.002956499876011421,8.141371689204806e-07,0.9921387301763366
166,0.0008157128924929708,4.828476640433582e-07,1.2852459372640288e-13,1.4191634846700003e-05,1.1239559373684446e-12,0.013568198255231147,0.017329483861195136,2.79076420999748e-06,7.78251850144413e-12,0.9682691397353249
167,0.00011381520991052888,0.281394969217054,5.256424326059016e-07,5.820094949293741e-07,8.543508306407486e-05,0.016565565084157914,3.119405294613408e-06,9.391053071239108e-15,0.025861704580838675,0.6759742837677433
168,0.010196565443973633,1.0030753085374924e-05,7.47281041578165e-09,1.0058482943075616e-07,2.843909017847598e-13,1.8599123662377304e-05,1.4943008462666808e-06,4.4016312087941443e-10,0.02893397917038773,0.9608392227099573
169,0.1101498395819262,0.0012133309879641284,6.680766894078167e-10,5.293022268281409e-05,2.483658664716322e-10,1.4197901656175609e-05,1.1875347538750117e-07,4.4408501250667765e-13,0.1239420196773511,0.7646275619580575
170,0.011052264011362476,0.00017402532333168157,3.0756588511320484e-12,2.012627652691554e-06,3.3797881132396667e-14,1.6252931764676276e-05,1.573459120298509e-06,5.958574680958289e-13,0.0970750310052673,0.8916788406377957
171,5.509640082037919e-07,0.04948771036011709,0.5087459254237718,0.0010658419415985425,5.8666178865504294e-05,3.377000057169141e-09,5.9366362781143505e-05,3.4768337811150157e-05,0.10675742138422285,0.33378974566982356
172,4.07179822220328e-05,8.299607623849579e-08,1.3686606181798526e-05,2.2379151049379905e-10,3.1672885048975466e-16,5.890326586066706e-07,2.0509356789631478e-10,2.355293779288343e-08,0.2852791084184313,0.7146657909826069
173,0.018536110210118018,0.011753574492939211,2.3558311172819923e-07,0.1322269910592683,8.510767433449925e-13,3.166903693228064e-06,7.70859418690937e-08,0.0005328174955233959,0.36681597911404845,0.47013104805450473
174,0.06948544022279139,0.521446112672764,1.8196872509474892e-06,0.000164362959484456,0.0005231529502713343,1.951435215371181e-05,0.003028300875277148,9.157153974935597e-11,0.11553097181466437,0.289800324373771
175,1.9227290372979487e-05,0.8341722824383028,8.863210325520493e-09,7.47170818594441e-05,5.781887636689719e-09,0.020685182078205817,0.0008680317412401639,2.7997462874105762e-09,1.0702633449600174e-06,0.1441794716618296
176,0.06654356421382374,0.0037508679634764594,4.72837947962304e-06,0.0015732634355015776,4.1644146569377537e-07,1.5270588486783793e-05,5.2129576748642404e-05,0.00023239000109797026,0.40273522544459117,0.5250921439553283
177,6.992299237930238e-07,0.05025866686432359,2.46313171413323e-05,0.2371467104388935,1.0987208324894566e-11,5.786329625505629e-06,8.239062024015546e-05,1.221873630312606e-09,0.005750029690284868,0.7067310842767065
178,1.3472144344149776e-06,0.001998254255029517,4.470858923481252e-12,0.0008910614616591542,3.869598112818807e-18,0.004269891667696718,0.0006871962429955373,0.001095405720977586,9.276389258079808e-08,0.9910567506688436
179,0.45000343033601636,0.013347902003746871,3.4875663764579116e-10,0.00016156071060852094,1.1062253004397356e-09,0.00014066431578688298,5.2673779182615424e-05,1.4984706102321603e-05,0.020457129694546643,0.5158216529990279
180,0.0011134709758426706,1.4417606768755253e-05,1.6893583716858518e-10,0.0002079328662252213,3.4010991830649476e-18,0.000780072162796201,0.0007582970628595564,0.004758863970641819,9.96775967055154e-06,0.9923569774262594
181,0.002543277379221504,4.065104274831216e-05,4.154590105215098e-09,2.9826583004829136e-06,3.150657524762581e-14,3.5731176850017388e-06,2.8842284033369596e-08,1.1746333237504932e-09,0.15311445721649694,0.8442950244140087
182,1.3107392192465727e-05,2.7840189106696588e-05,7.1482303009605746e-09,0.5216710067097923,4.358801374127048e-15,1.4443574307387691e-05,8.965133477453415e-09,0.00031514278728731344,0.01713939176712164,0.4608190514668241
