,proba_0,proba_1,proba_2,proba_3,proba_4,proba_5,proba_6,proba_7,proba_8,proba_9
0,0.3428241973329844,0.006732298269112742,0.006502460501117368,0.006917495150261934,0.005989142577361802,0.0015827086284241555,0.004549003630107283,0.0008998908349824165,0.12872960203343697,0.495273201042211
1,0.23407946353528267,0.018921884078475625,0.01394332283640947,0.014756521108626356,0.01984554397850467,0.0017071447758435583,0.004705609381897861,0.0012266219087475171,0.09446904213999197,0.596344846256221
2,0.023851162099176797,0.0013976285736261012,0.002105732343529642,0.005887361201799539,0.0005958530548168464,0.002289058080776605,0.001106961890327429,0.0010170677109510656,0.2578781876383536,0.7038709874066424
3,0.4160302018125891,0.004102362618395702,0.008822358258468468,0.0039787626468738724,0.0027282286574044456,0.002740911828067158,0.0032632873033653594,0.010246484288230977,0.15986971943701384,0.38821768314959076
4,0.4869208319165099,0.008724871466677666,0.027711347652098737,0.016977250709851437,0.005968817173137142,0.015712806533115548,0.0061246674221437205,0.05622509946058801,0.15194470250490577,0.22368960516097186
5,0.01650152367288088,0.17808743787160253,0.09013017121487812,0.03140433485120322,0.3391100704364651,0.00605865274685629,0.010088874678233382,0.004465439377724958,0.00720121794051224,0.3169522772096437
6,0.292463791353099,0.006136593687674735,0.007893353615285701,0.007762718000833702,0.005364857647380826,0.0014966892757289365,0.003962653918579099,0.002196140265016556,0.1568874848694479,0.5158357173669534
7,0.04784889553842916,0.015778780876818034,0.034974608283000044,0.0037206152668707334,0.006254985240053494,0.0017466176279279147,0.003623813035637789,0.0026325120986196875,0.11684676423383993,0.7665724077988034
8,0.0020683348210270656,0.0227345439631345,0.022296295046632657,0.03885686082111002,0.004163848144492023,0.03600377548738809,0.05196276941053411,0.0032166411452008515,0.010434978253574569,0.8082619529069056
9,0.01613240285152716,0.03545798792267484,0.021018927764539133,0.3047009884539629,0.01164317214504319,0.003367247379802253,0.00949638891757339,0.008611938085529422,0.0882614872542548,0.501309459225093
10,0.00949410010162647,0.0019853760728072603,0.010846787535825263,0.022725406382621008,0.004670569283249422,0.010727069691252188,0.00114692905819268,0.0007484821823100287,0.004620928397119734,0.9330343512949961
11,0.015245067349877834,0.000964418446196628,0.0009565570385730638,0.011542154729655132,0.001075557015234357,0.001692466989787709,0.001854178068113173,0.0012587977018421155,0.0369725333761733,0.9284382692845473
12,0.3820877123317045,0.0018725491513925407,0.0032032615639296293,0.005410528834215427,0.0020441403213893898,0.001959554994589663,0.0019987609203088366,0.0008199326983442652,0.17529618914049835,0.42530737004362706
13,0.08814009255957274,0.06326266237315965,0.017647506796610785,0.01673309667798102,0.06370995603977214,0.0052129001760638245,0.04923028774349073,0.00784140469151171,0.42588848112418054,0.2623336118176574
14,0.1680386362312229,0.03043128284742777,0.03341356067998667,0.0160147615148126,0.018785531233678977,0.006061351307737617,0.007188383660758179,0.006579587159767094,0.10652458955029198,0.6069623158143163
15,0.0580963546798394,0.04135269300905297,0.05554993615321114,0.03850649520874912,0.03283630654291959,0.07594830137701528,0.09724124537226331,0.15451040805582308,0.1673492305766294,0.27860902902449697
16,0.20060190061473768,0.021182356143977857,0.04637713749262863,0.022908737286544925,0.014051519155452807,0.01932849572469421,0.01770055742966227,0.30420569248289514,0.11444854920950147,0.23919505445990505
17,0.016926365462549796,0.03784755587772718,0.02459141696595668,0.020150158774224287,0.14179051525245237,0.0034630455023548098,0.007219181825084097,0.00207135197365236,0.015592633579557334,0.7303477747864413
18,0.3161596045451944,0.027571244669680264,0.03480991556717095,0.010731236309685433,0.014589795847991957,0.0022054287012320947,0.008638179844827594,0.015416928854976936,0.13879286459966186,0.4310848010595788
19,0.016602629169704668,0.19084659583151842,0.014969271441737346,0.03023658148472915,0.40223634778245365,0.016311270307086685,0.15371175998172457,0.007566180452842814,0.010336709508306272,0.15718265403989642
20,0.0530376627946614,0.01257863785698346,0.028147284723517546,0.03236102776729775,0.012164636372421765,0.016794319401905254,0.013991922599338959,0.5581572830908211,0.1187917535543744,0.15397547183867819
21,0.010232394108140646,0.0068385656878777335,0.01342884008215971,0.03405871330405233,0.01596308241374883,0.03696930112927183,0.0031394112855941147,0.001782954307794698,0.0024091459428512213,0.8751775917385082
22,0.0038926305754528974,0.042274044639904224,0.0793709787517004,0.06617452055161309,0.019082513779827327,0.004475901240474417,0.005289040768196326,0.002352461712463951,0.009723641129792938,0.7673642668505749
23,0.023088542573139102,0.0836780963468061,0.05311578551873139,0.015150284429757013,0.2741403636134368,0.004902593394363378,0.014349680115763215,0.0031675847068623323,0.005497327788079425,0.5229097415130621
24,0.006990262842365286,0.10276249742396328,0.48856338196831905,0.03308335869038275,0.07991049513244439,0.007561023282687602,0.013452940446321901,0.008771739121198049,0.008429664600153807,0.2504746364921637
25,0.014377419302639962,0.0011195270142971702,0.00199671644025998,0.005146944051607074,0.0007431931509940136,0.001462417429906265,0.0017318976883882729,0.0007986856576053415,0.32010899329667725,0.652514205967625
26,0.09317332023387329,0.008268594841086316,0.026948903609741576,0.007817585816265285,0.003084144557144091,0.005414061697500063,0.0022981241150575376,0.036177152575304426,0.28453837519811825,0.5322797373559088
27,0.4137308123312595,0.015585452001110393,0.059642808098897396,0.025638591432082764,0.009324951631495567,0.01947644649352901,0.008742039502268553,0.08255180222062908,0.16582416649258552,0.19948292979614218
28,0.003039586418131533,0.00305815035935209,0.0013031803253382031,0.00682936529147959,0.0013960126313255147,0.03518197621796479,0.006477347530988599,0.002917089139500006,0.009622639473943562,0.930174652611976
29,0.0005819449542124617,0.006424769349917898,0.010613336972008865,0.1516281933529415,0.0033305327754267495,0.006639252846904846,0.002285154080841599,0.0011586791074873648,0.0011016668619000343,0.816236469698359
30,0.009773601526666911,0.2204943453415172,0.008902946705068226,0.042804022842701545,0.2601407228794011,0.010748273346437397,0.2892848938837735,0.005899334123203575,0.0066995688125110215,0.14525229053872016
31,0.011080966249540036,0.10831618947302037,0.1173519004402137,0.2410107794990236,0.09945165932566817,0.01690108303724007,0.02001022432231364,0.009196033672441385,0.010722687793078767,0.3659584761874604
32,0.0029231332615779803,0.12205618240883594,0.011308103016849832,0.00909403795175868,0.024411919279928616,0.020792387555865325,0.6277886757147337,0.0036615490736790763,0.007963750220398864,0.17000026151637154
33,0.005817418529856866,0.011608043916698695,0.010304303385246067,0.013222153037344735,0.007429740297447902,0.002035744751724342,0.004150500739247825,0.000905336682892188,0.1939108661134926,0.750615892546049
34,0.009015582764756239,0.001932135348783046,0.0011028785452962488,0.032441961675728076,0.0011929914223328343,0.023329405390634807,0.0029962322087855307,0.012496292068123487,0.06469460609966561,0.8507979144758938
35,0.14807026756809089,0.010757206425865466,0.007778148957953282,0.016904243159918036,0.011028026177643596,0.0018521182751192558,0.003063194830764658,0.0015164256068269408,0.12454114682008385,0.6744892221777344
36,0.04343338081757242,0.009894136102373914,0.020681072478112305,0.0033271208912910833,0.0028361924280245567,0.0018273482691061652,0.0012600828157388502,0.009331723329689711,0.20628283509605497,0.7011261077720362
37,0.009636241234462994,0.003671757126520495,0.0039049613682121224,0.007322013993644877,0.0014327797854935104,0.001910929064427927,0.002634541729087664,0.0007118106509316946,0.2521390255011441,0.7166359395460747
38,0.004669456518018162,0.005078779138322468,0.006058429589004051,0.004233780507516115,0.001928424279968218,0.0017787143713463528,0.003231662085037671,0.0008903465295471755,0.2757159067405685,0.6964145002406715
39,0.01973774649285304,0.011278734898978914,0.007688031725676266,0.014591553614022028,0.01335279975800906,0.0013989440213680881,0.0035181891356003215,0.0007326698993036879,0.11510534820719183,0.8125959822469965
40,0.014422273004056907,0.19647499815605957,0.026573682454259447,0.04397402012037429,0.08006285307068364,0.0077674732801909395,0.43127733065222856,0.009864147632863507,0.0771925680983328,0.11239065353095037
41,0.1325292490839789,0.009756952505791958,0.0368700078321854,0.0222171429585704,0.009942303861642748,0.02294047188665298,0.01008354192617857,0.46890017561486036,0.1108117933142377,0.17594836101590106
42,0.20210905563453452,0.07619553669325739,0.020435140490911902,0.03351527697273869,0.07052100884375143,0.003798314849395989,0.016592245619862205,0.003274514762259325,0.016366077707674537,0.5571928284256147
43,0.003537513006566408,0.04746212126323086,0.06627584293139935,0.057226311533852395,0.018446610530895167,0.02176597274520126,0.00675439007995469,0.003202103652633994,0.004389160706881941,0.770939973549384
44,0.015196229101189685,0.004988983698042073,0.00637529784146597,0.010558845520520728,0.005098468013892011,0.0011434312768539628,0.0031028996633031456,0.0006868315247225196,0.2443464976585835,0.7085025157014259
45,0.029068474975600944,0.00711328685809028,0.006399815644536036,0.026649639488438598,0.0031911582750751913,0.005025496175209062,0.007274088376249216,0.03600143375059051,0.20545836304674311,0.6738182434094673
46,0.022936530737120677,0.02267334254588584,0.044867272546569706,0.08157080370714222,0.011114455826783875,0.049599601093473035,0.017272878230973884,0.02129735855252984,0.1579187268274499,0.5707490299320708
47,0.38274044142118063,0.009707758738139545,0.008527323882584616,0.010269380950407818,0.007168057574381693,0.001615514237918442,0.005053231394251846,0.0011777157388415394,0.1387355468538322,0.43500502920846196
48,0.00810230596036459,0.0017795718684886497,0.0030188391511786596,0.0036375570595232726,0.0010662766505261953,0.0016508060102042002,0.0025435893033313108,0.0006634471715116419,0.3227935594285152,0.654744047396357
49,0.0058866741653322095,0.05537751372292158,0.0025225523299442477,0.01794202651640679,0.007705387262437861,0.032005185794445654,0.2310630840605442,0.003381931108164939,0.006640481749372773,0.63747516329043
50,0.043336734737802425,0.2241829434756548,0.027447655384209513,0.026875238199421635,0.15310623023794342,0.0064446941628363485,0.04692208586915646,0.005737605783185194,0.015049432246134375,0.45089737990365597
51,0.09970994585451783,0.0016690632318039982,0.002709825454897759,0.00932581520908415,0.002581506656163858,0.0013574318261739542,0.001786109219792667,0.000761827737130697,0.21568605733612017,0.6644124174743153
52,0.13581681861891448,0.013936481104446563,0.018807636920272777,0.03221811253429059,0.006640294608223236,0.0025869938932338967,0.00756792785058481,0.03633957657775322,0.2107584804175181,0.5353276774747623
53,0.0828201638539794,0.00812292265411821,0.002362876118414412,0.0037370681077461224,0.002689910381403208,0.0009872184701038929,0.0048621665747709585,0.00037111171604847917,0.058536796189809816,0.8355097659336055
54,0.1765380537250482,0.0006925403153778688,0.0006471802900018601,0.007363169519039209,0.0007152281696474643,0.0026324852688897876,0.0017326127458602014,0.001204924417310569,0.047258382797651176,0.7612154227511733
55,0.028596441945943275,0.003947298042749658,0.015027044226227367,0.002517281397846996,0.001891760867956924,0.0013558702631165968,0.002087953247207871,0.0023291600152392064,0.22957080039155603,0.7126763896021563
56,0.02237150897690684,0.0014289780205403125,0.002460309139614997,0.008224396703316754,0.0017788439200692246,0.0011190868517863156,0.001447698256295239,0.0004972713447955006,0.20995205131467343,0.750719855472001
57,0.004955403527236909,0.006119369711240886,0.006548147428701045,0.004783351062419083,0.0017450390737239882,0.0022878199413220784,0.0035699016649237496,0.0008978374318916516,0.2349690158480005,0.7341241143105403
58,0.2502965654224709,0.0032720415192053084,0.005287935635283612,0.007130814692437252,0.0036123372545811853,0.0015688548584360707,0.00201727175356463,0.000996025877902867,0.1537320227183324,0.5720861302677865
59,0.04269266096385688,0.24252348040076185,0.06306213677350947,0.019587307464843568,0.3063093703052054,0.004780664605672842,0.03797752130867333,0.0058292589889598085,0.03599472766159077,0.241242871526926
60,0.0048606989547387005,0.04327932994882402,0.010616050551187852,0.033010840949129545,0.03806918714714097,0.08467722541522021,0.13809399706040512,0.0034491312092896306,0.004336312640929149,0.6396072261231344
61,0.09089765491564133,0.05746788646632176,0.02777365887514593,0.06713223884953559,0.11545285613707443,0.005052892665809734,0.01494980121801828,0.0045969188862780615,0.013316805609718747,0.6033592863764566
62,0.021138322368583384,0.01144825234191945,0.006727127535875836,0.014361019348842109,0.013689668540926337,0.0013518236787729244,0.003006700739431754,0.0006504193744938979,0.07421110532039138,0.8534155607507626
63,0.010307636085026241,0.14817733273877942,0.02470425178470108,0.024737128504364023,0.03111618284486285,0.030543900882436175,0.31235864712093236,0.007294570976076824,0.02496587875396791,0.38579447030885317
64,0.004504115936742686,0.07841531477308523,0.5881399880461283,0.02561527215628652,0.040278026235148603,0.006716818433229682,0.014241233615708658,0.00653039963015427,0.009206342200357275,0.22635248897315918
65,0.015039298851280266,0.0029648720978514027,0.004766822897691994,0.008741621505609677,0.0008294081291818151,0.0028417997289446302,0.0017442572826099367,0.0011064528050484903,0.20410923370406142,0.7578562329977203
66,0.016195823496122204,0.3771288703430687,0.1199475728533572,0.03492329095293519,0.11532465072470043,0.007649000614198524,0.14261440126351602,0.009621027177342987,0.04912255751828805,0.12747280505647035
67,0.011382715904124518,0.021881747157605557,0.05201731216505307,0.0039376152834000675,0.005067217876664645,0.0018255867319257333,0.003022611629558786,0.004831262031145931,0.12097998099861594,0.7750539502219058
68,0.037590129430209084,0.13689517577066823,0.018165541589183525,0.029640456825099477,0.015789110941566185,0.002033105670816428,0.03513996392213959,0.004022380905587095,0.18320124947353914,0.5375228854711915
69,0.25614050853379106,0.015096904094474652,0.025199004403687265,0.08990415215913979,0.012272701528612623,0.034368712195005036,0.013569044454277458,0.0687554015809856,0.15949284064981664,0.32520073040021014
70,0.04405071662879049,0.02786451453434101,0.02019083747897726,0.045918295094616896,0.00921736438468288,0.002628352775458329,0.018818436830063845,0.030067963774103344,0.380316526088058,0.42092699241090775
71,0.2468632249698057,0.0031052507678386043,0.013693206251310536,0.004807877534589023,0.0021614037655317535,0.004240511318855963,0.0015722208895315212,0.01982387023900145,0.2517104745912459,0.452021959672289
72,0.011218678361075228,0.17907515238633925,0.022499590638933295,0.015031897166103238,0.5126975922581535,0.011149798997394192,0.1855777476209541,0.008462775364486641,0.009218024258520894,0.04506874294803973
73,0.016892843673474503,0.132998328434556,0.13173327477509575,0.23159063040843447,0.0412258151004112,0.004551592310628967,0.027494912486905734,0.016737467866686884,0.0747534364131675,0.32202169853063906
74,0.005205035439848455,0.001465113453631729,0.0018026717782261496,0.004746915663145838,0.0007257628968622749,0.001119328689820023,0.001999216655212526,0.0003801464424620073,0.22184005081077524,0.7607157581700162
75,0.020301901846610876,0.1467014612147302,0.1116886470336754,0.1518368521789158,0.09795964516296697,0.14562629258602566,0.08776459508418608,0.019414779825823087,0.025662151952953433,0.19304367311411266
76,0.23153905022415555,0.010373324287467409,0.007773502409111071,0.013433520058411466,0.014231940036856143,0.0015616429517885787,0.0038489968458410235,0.0008988669153885442,0.09801958144535992,0.6183195748256207
77,0.0009981118769881612,0.009503167348703401,0.016825883070582234,0.006984832969439278,0.002706118134115296,0.08550908248413339,0.01861654837078662,0.0015292404842008381,0.0019942949734389234,0.8553327202876116
78,0.33384286360246995,0.008204050319630622,0.013605163197539325,0.015281626488825084,0.004725128071081322,0.010704280139451178,0.005065783575470745,0.007133189847271837,0.2540041524428434,0.3474337623154162
79,0.0007286537621490264,0.009772352762081868,0.9425845480089666,0.009563040607848258,0.005934769930655519,0.002464151981637283,0.01031362688691525,0.007797207179195725,0.0014839160519485913,0.00935773282860228
80,0.04130945693191599,0.005219821495568356,0.005424543211442799,0.011656931218848228,0.007390266239744394,0.0012277949735682479,0.0027110647326089427,0.0006113527844292516,0.1712493968219778,0.7531993715898962
81,0.4172102929171541,0.019306667516610827,0.023411699607524157,0.014652526779475346,0.011410231190767846,0.01049847514529117,0.011270564094836814,0.01429049340638227,0.1789630712076329,0.2989859781343246
82,0.14726088389250871,0.01385656488379199,0.018559706594262308,0.0081139581853901,0.008974605145790298,0.00400825631556587,0.004518157606992841,0.005187436619117482,0.14958460741682722,0.6399358233397533
83,0.42873545072385855,0.005065584491360008,0.006143618225732195,0.006797368197190789,0.004729951979546836,0.001607105698046671,0.0027310823209010914,0.001557909790490701,0.09969144884373277,0.44294047972914086
84,0.012084538824533243,0.16601803025031997,0.021067192481298586,0.06550831533486667,0.22314816384906222,0.04520998651963289,0.40573984782013967,0.011137598888832182,0.012353314493144736,0.03773301153816998
85,0.009235782298863914,0.07312076956252775,0.032590554409614905,0.011688720925528398,0.12248914928470299,0.04738537885390935,0.6456307948978427,0.013017812786733524,0.010409124895677373,0.03443191208459902
86,0.03831109244694766,0.01616692935068997,0.026160785733754324,0.008125598956190251,0.008581727194900142,0.0013671273339924286,0.002354365652694382,0.0014965583889795056,0.05229386240356156,0.8451419525382898
87,0.004523931339438659,0.05330736151367261,0.020340312477150364,0.008198826277239533,0.01654401015118175,0.14504177134310436,0.27829787380231047,0.005912758103601402,0.003053047459017192,0.464780107533284
88,0.4522041859831904,0.010200191028658915,0.012686656744129785,0.007186809223887199,0.008946817439405981,0.006268947688008942,0.006115222289819709,0.008029065216097466,0.15879102316412902,0.3295710812226731
89,0.0032141783233598045,0.06633852730220142,0.7837976445715573,0.015018010169238098,0.030404381854137835,0.004124316449224681,0.06049003852952418,0.011733397583342003,0.0067834277921436596,0.01809607742527111
90,0.6673574113156404,0.006286085784518024,0.01828852483663195,0.032948111574997226,0.005644576630725545,0.016682446239591416,0.00634508486540206,0.0863487140665149,0.08937445681394418,0.07072458787203369
91,0.09267232566911882,0.00818419906419304,0.00620710598652224,0.021937562277606605,0.009837382389146266,0.0015482403661128507,0.0032828157064905537,0.0011241009139152413,0.14425477113843804,0.7109514964884566
92,0.016508244193562976,0.13099067519069482,0.24123030000124746,0.13651477816005414,0.0584463302476052,0.02900126550933621,0.14646199311716926,0.020784787716143466,0.024890465719924326,0.19517116014426192
93,0.16242576359032138,0.0685106556809391,0.03376875147959631,0.028736325050373476,0.06308473776616146,0.002630126934594585,0.012681233045677424,0.003026783752464812,0.057021988095133515,0.568113634604738
94,0.028948287100277127,0.265704870928711,0.1292396144588307,0.03378263283993276,0.05961472067674967,0.004505389316727995,0.04535997875553639,0.006597820969081494,0.05012115901231238,0.3761255259418407
95,0.08010415026577093,0.09658442440399664,0.011438800760008937,0.1510391113453371,0.02089406757171658,0.0026911120633883127,0.022704023306367546,0.006220966579455882,0.25474833752073484,0.3535750061832227
96,0.0022867726923864926,0.0936431845454412,0.02808586098282755,0.0037002212756742864,0.043529060101303974,0.03744389112323355,0.7743565019503699,0.004100129217563383,0.0028507069564575665,0.010003671154741775
97,0.007456412049243943,0.0037546719946960896,0.0045587930076506425,0.00975772898977689,0.004616376281866229,0.0012339668283652947,0.002648171428487306,0.0005301903560252378,0.20901137406224568,0.7564323150016424
98,0.28339252041791135,0.0069120757115842145,0.008568805626744072,0.016117424751981402,0.005338665364334335,0.010938431628256935,0.006828036642864012,0.08450770408636415,0.29010138812394054,0.2872949476460193
99,0.11410527922198836,0.0026629939629953954,0.005298642000530071,0.005487556178214683,0.0017133177197222599,0.0041407768170718005,0.0018008479112472339,0.006443026312896993,0.28295784275846325,0.5753897171168703
100,0.004296838887997584,0.004529191791504418,0.001995431992545966,0.003910522665417297,0.0009898608461230492,0.000909700283799228,0.003573716021330866,0.00028551925244240766,0.12380875003030013,0.855700468228539
101,0.02982355649261786,0.09223533954433175,0.025490283060098016,0.020734526314374866,0.4182892408340311,0.01821611045917259,0.07080573418414556,0.009772566033639319,0.018433199789878615,0.2961994432877106
102,0.00678817480006856,0.00461323148151526,0.0030693906557263334,0.028090584864527545,0.001535936696587766,0.002357221872280698,0.0030442361321754946,0.0013078649613015923,0.2662822766643202,0.6829110818714969
103,0.3731180555169048,0.003865101449795234,0.004470533177712949,0.006159491401244029,0.0044121909734629585,0.0018315884549153776,0.003269947610255687,0.0006808857535899056,0.13012608876431778,0.4720661168978009
104,0.550232204261586,0.0038157133777913473,0.006655984954081997,0.007850431884911696,0.0030645040224111684,0.0032569759703100303,0.002666771940619577,0.0036896164709553213,0.13560356075927688,0.28316423635805554
105,0.0011708846664409182,0.05359393874788654,0.869120448441926,0.010636012355075426,0.017751577055901666,0.004844439562307773,0.012371050963755834,0.0029828068463393993,0.0017024384336623243,0.025826402926703487
106,0.06604180530855232,0.01968364516189743,0.01788313811521812,0.0189025304545988,0.039342995959595575,0.0018216677949276464,0.0045258889901605434,0.0014779782769388217,0.03609234194139328,0.7942280079967171
107,0.39123653927719176,0.022912204583279017,0.03267695715604839,0.026138177545303686,0.013480185208217182,0.011377842460165837,0.01688133476439983,0.11491295285839902,0.14866673225215432,0.2217170738948413
108,0.0040109566531349745,0.001980100277497113,0.0019931028275683464,0.09760160284965658,0.0011486185310246025,0.01431155802914369,0.005626418732723815,0.01808910950752545,0.05668027750135407,0.798558255090371
109,0.11293786794329078,0.027458926866252113,0.03698356116461191,0.037930051257079336,0.028075079545342545,0.09903290253134137,0.03151238043392138,0.2861456989899775,0.13022187796197152,0.20970165330621185
110,0.006273545090980479,0.29090522403501995,0.3544864175357302,0.03927913561065844,0.015887446766905157,0.011000603626152933,0.038898269405002635,0.007128491869788185,0.03429842731592018,0.20184243874384175
111,0.002772325785239571,0.0021525348910607063,0.010496383587615997,0.010600029016973088,0.005170855475107419,0.01921011700984214,0.0015477688079559588,0.0011320933053402611,0.0034095026162891564,0.9435083895045757
112,0.014271966217180826,0.1265554055054558,0.05116616497412847,0.08469959688062595,0.31701785705413765,0.011417419341373657,0.0187661728870273,0.004969980064232241,0.007207654557733276,0.36392778251810504
113,0.003601710132871311,0.002421946381910615,0.0013530038559844688,0.008628822975321995,0.0014644620388204806,0.023144104171610672,0.003953176924201522,0.011058315496078077,0.025160674693992687,0.9192137833292079
114,0.031589435780215405,0.025057634084895107,0.039311221649801435,0.025159475623129236,0.016703892471188694,0.003915929737022816,0.009994458342463437,0.029157228921915274,0.25011572701507134,0.5689949963742978
115,0.021455072636699202,0.017176251378692404,0.009936750395929866,0.05782687781936844,0.0038323851793656853,0.0021196739503000733,0.008668868324253596,0.016471934015591157,0.4437741437356591,0.4187380425641405
116,0.005134044959529739,0.002887050479714592,0.0018952537449945619,0.011062005988957735,0.0019583523287392433,0.029280820535642585,0.004400089017648917,0.015214927532644916,0.026332553784824603,0.9018349016273032
117,0.005181203810751088,0.12316003046219202,0.15514515888157232,0.19631287593845964,0.02301776279874042,0.023514590648818685,0.030468176667055983,0.006140545698200585,0.008264853437670467,0.4287948016565387
118,0.2495953499875427,0.00423857927285783,0.009748005088333631,0.004748103132642887,0.003609947341872146,0.0018141406978730667,0.002647108504004429,0.003109532945822326,0.19269195461755784,0.5277972784114935
119,0.6221419952067488,0.01556348033150404,0.019914027852891474,0.008026679213144965,0.00825212907036852,0.0028569790952606097,0.0052306210148100035,0.008303419338334795,0.10635968419205008,0.2033509846848871
120,0.02287150686752713,0.10745734352462097,0.045085639566750775,0.0881206611404003,0.22699705718214455,0.00809186693433079,0.015880851638139067,0.005037639202383476,0.020963921250845906,0.45949351269285676
121,0.007862082185472368,0.01440814301167152,0.01134432170960256,0.011633961947073567,0.0130882162894516,0.0016940506531042238,0.0042232745400126405,0.0008468135689872108,0.14970709487327036,0.7851920412213547
122,0.01238618544931446,0.008631572197008407,0.003691651386741719,0.28102558096008734,0.003406905022958863,0.05853547637404825,0.008239391506386704,0.0088351999259111,0.017243090542098254,0.5980049466354449
123,0.4822579005637715,0.02627078526523326,0.011889710773919293,0.012886669239876617,0.01589236766898848,0.0020504279522013343,0.007611719543541558,0.0012218811138904949,0.08888518154520798,0.35103335633336896
124,0.018057275296686208,0.005801521711568684,0.011527172488529783,0.010848071374924738,0.0012564111307984465,0.005149194626433079,0.0019161510165950277,0.002098751142792391,0.156540650267882,0.7868048009437904
125,0.001666877696280179,0.014223803214210563,0.016761517592494158,0.031866637294904875,0.0031306060367659715,0.031122989412904863,0.03334893241988353,0.0025956205867879566,0.009598302906510427,0.8556847128392576
126,0.14324215911711682,0.006686884568642216,0.013379588029654022,0.007536416700950147,0.004316769725260092,0.0022928649283690352,0.004128162375944321,0.011550190911149637,0.23226452990480861,0.5746024337381047
127,0.040995855279953454,0.0244446401247026,0.09600337099483407,0.040159453059325896,0.0068545665882581725,0.00518448013128048,0.005772090872113373,0.020141766923374275,0.135137430236516,0.6253063457896424
128,0.0038731264015079933,0.006469079628779104,0.006116846503223204,0.006156387613727102,0.003169230847813392,0.0019319444568182665,0.004611150589914561,0.0007573945882058837,0.23322888861900098,0.7336859507510091
129,0.005109528593568497,0.01696966586752601,0.005134298349818936,0.2507407227466707,0.0023227057644195142,0.020680966842173697,0.0113949959498918,0.009211883444826506,0.032238331206919345,0.646196901234185
130,0.1811958441539086,0.0053772653973319364,0.004433855798004522,0.005466374861715649,0.0028620487071970347,0.002300662745940345,0.0060812875895136405,0.0011978779353596701,0.13524584020709102,0.6558389426039375
131,0.002289257106727514,0.0017476126895647189,0.0008263656032747874,0.011860189560247354,0.0007862223962147384,0.023174218233815234,0.0030754873623475023,0.004361049209706125,0.009518211598202294,0.9423613862398996
132,0.004737038018706043,0.1955540804934483,0.549752656055995,0.012801915418437457,0.01226432258805885,0.012391379935703916,0.029498849803995548,0.006396364209424574,0.02014464778811852,0.1564587456881121
133,0.2337151513598688,0.002513294213420947,0.011480988204596747,0.0055346822907897586,0.002047950457803911,0.004774043431630752,0.0011338191331428658,0.016050575763011,0.1851408819388729,0.5376086132068622
134,0.00898157919306028,0.14912375604312356,0.011088777686055316,0.05251021021171314,0.12926470210796148,0.023479009681309664,0.16437609769965023,0.004463548151453126,0.007493426011351939,0.449218893214321
135,0.0029109596591340658,0.001917803027140953,0.0009811783232140522,0.011518326707048599,0.0009987170544086545,0.023473683065922017,0.003223983642252316,0.006897010455363093,0.013255815988285768,0.9348225220772308
136,0.0015713339299315504,0.008450924870406702,0.49780381446268235,0.008562847836567017,0.014043653682481665,0.00646318428711949,0.004524997655343821,0.007891141245689882,0.011286840544411895,0.43940126148536585
137,0.003172663101305872,0.0022329972712511748,0.001178991660177394,0.008261228716678405,0.0012557563461529596,0.023246194812120133,0.003804598797712219,0.00838023337782683,0.020102037304295026,0.9283652986124803
138,0.036477101458429216,0.00643919653234076,0.27892213010488365,0.017149594846187596,0.005244652130781121,0.010342179901630185,0.002951341345759773,0.012514210448778169,0.02409254970403471,0.6058670435271748
139,0.08567767025541147,0.05886425408310122,0.012936723377681827,0.014332411988556858,0.02831854834011311,0.004270279918104778,0.05905330969991436,0.007895829416391774,0.5384978832610079,0.19015308965971647
140,0.0020644547499563885,0.002475252315312618,0.0012440701785521348,0.005468850381464558,0.0009725872575514109,0.0328689760058386,0.005869954132633678,0.0025960043038781733,0.007864741117843905,0.9385751095569683
141,0.0015682181764830791,0.009704602143785157,0.020658677070142364,0.02195253100412555,0.0029179545724018325,0.03417497028918016,0.020218144645921376,0.0023560095579220263,0.007997198288154586,0.8784516942518833
142,0.001199077974793022,0.004618156325697848,0.0034806261432215858,0.005232214509243154,0.0010652701943064207,0.05247283947919537,0.017658379274687216,0.0021128822836732775,0.004775259048302197,0.9073852947668806
143,0.1222986017054047,0.003232536854391251,0.0034007022535653903,0.014887656238982762,0.003000702646718467,0.0016393874153512605,0.0029444107468350545,0.0011646811924246098,0.19647570901232633,0.6509556119340003
144,0.6079136195829026,0.005376239924350496,0.004120956286561817,0.005015186737278449,0.004980560191451065,0.003023922182963135,0.0035981701865645806,0.0006616719089024618,0.06329555149730297,0.3020141215017226
145,0.010072754372326553,0.3423357856943709,0.12729572761598987,0.021695677626145028,0.2598707558404301,0.014004768625532021,0.15577914896064352,0.00812735868034313,0.006944044187709067,0.05387397839650995
146,0.294601917860173,0.02804922713499688,0.030103568699855823,0.010736280021434378,0.020067590193706977,0.0048492163922028405,0.007291510091282545,0.008968317295792335,0.11904874606018763,0.47628362625036813
147,0.01128821916804216,0.16832721382280283,0.08824217374307763,0.14078058694649898,0.34961828401236544,0.009951954413321236,0.017906444618677936,0.0058543057799170135,0.008709154779784442,0.19932166271551216
148,0.004029690060042901,0.0036329032582162494,0.0035292248865872043,0.018380159451376183,0.001865090210386404,0.001899177059439549,0.002864166160130528,0.0007148293664528827,0.24464933937919597,0.7184354201681725
149,0.0012916088670097037,0.0038200103268617217,0.002544751578570889,0.005259661604130625,0.0009741890450931641,0.04902156272433577,0.013658470822268325,0.0020979597735522847,0.0047057102515833905,0.9166260750065943
150,0.28521116073527425,0.0027387100182258424,0.009510425364570795,0.001979550326702238,0.0026123780484119475,0.003298427801268682,0.0012841249527571553,0.008105142310894039,0.24498529096959556,0.4402747894722997
151,0.37996463106405537,0.024012263505018887,0.0249421772074603,0.01732604682761051,0.015366666095389376,0.011560598618993563,0.013966823765379053,0.013988721588911693,0.17970553405276013,0.3191665372744213
152,0.3664672729246746,0.037912132327686206,0.04456283864910103,0.023403570469159984,0.01968153292052153,0.01395245773043408,0.016975600156795695,0.018822458060583587,0.18156419009092667,0.2766579466701168
153,0.005452429183237108,0.2652519150577547,0.37773065639742004,0.01176634045920516,0.041210260637350955,0.02903101434897332,0.06764799809733024,0.006321839618043311,0.00657387850220526,0.18901366769847958
154,0.0036220506053005162,0.011247133865084047,0.4198801085437044,0.02705226589662928,0.008448375493281285,0.011028078671653287,0.013307478294517353,0.023250729716201367,0.01898695791149034,0.4631768210021379
155,0.08472820364920329,0.002076855916348875,0.0025814989248262284,0.01281430928096325,0.0012147048994393863,0.0017506552126607064,0.0015533787677259063,0.0009828376994349998,0.25045798719399337,0.6418395684554039
156,0.002083711976400372,0.005289603549163849,0.0010938702627294522,0.010000654256532092,0.002953840660663224,0.009305354683528973,0.020400591487338974,0.0011404604446639112,0.009521491553904521,0.9382104211250744
157,0.004993004419894854,0.0022826281020739032,0.011283712809652057,0.02559198690239002,0.006456174379054961,0.012586065990062033,0.0012109234710283652,0.0008021117181475696,0.0034879681755377936,0.931305424032158
158,0.0015454741797964423,0.007185344342001916,0.010465404125924215,0.012745053913399342,0.006024996090184827,0.03268096074727715,0.006362382843635511,0.00106859436145316,0.003683451932121524,0.9182383374642059
159,0.5174237203785925,0.00468446606954187,0.020599947549081208,0.013550453463813077,0.0041567900200000325,0.01985376645037996,0.004117418383122608,0.051612220494770496,0.14448313976505886,0.21951807742563922
160,0.0011710745408653473,0.010299312660913185,0.8773516443789294,0.007011612564836713,0.0046720104144531895,0.006708885965037201,0.0046272703138841315,0.009778379808854432,0.006062627928222868,0.07231718142400348
161,0.25162851441153916,0.024037601469355404,0.02699812538025789,0.02366984440062484,0.014194835889159945,0.01234890533789202,0.022288865558409553,0.3297039804546357,0.1449323268591239,0.15019700023900134
162,0.030087189253850958,0.1891915045610786,0.012966140975946725,0.022042438336066388,0.3894353997396612,0.010452508187627633,0.14585247532864726,0.008551194922695108,0.025190003187173845,0.1662311455072523
163,0.23769757528831445,0.021182951111315497,0.019981502814717025,0.011565669141702966,0.014519225808373885,0.0014529298087370274,0.006581405735548539,0.003804888633718524,0.14383332633270962,0.5393805253248618
164,0.003765448185936689,0.008410980550377166,0.002063263562004255,0.014910643151993903,0.004960974681843185,0.46968012400046777,0.015324816814959785,0.005889726970032014,0.0021759500166323286,0.4728180720657526
165,0.0018168567528279319,0.0019476185302713218,0.0010225579150981347,0.006520902273583293,0.0007905456984880363,0.03153247797139519,0.004200608830087155,0.0024443206535613654,0.006605050586712331,0.9431190607879749
166,0.005224237630155406,0.0037975442789643034,0.0022241501966055598,0.00737852456909379,0.0034403378332334184,0.09798170769335152,0.016901666793206933,0.004731510103713431,0.014696383854913293,0.8436239370467624
167,0.01894912493184605,0.010367655665441847,0.004952618534993201,0.050670844176823035,0.009244836903427122,0.012147622938900477,0.006379765962931606,0.0032319770990583306,0.022299269565615978,0.8617562842209625
168,0.00685839008220037,0.004947393493484631,0.002787150213174767,0.0022115365030751497,0.0018890669182599314,0.0008731419752687321,0.0038484707266442726,0.00028038109160106713,0.044261034315383654,0.9320434346809076
169,0.06137348861101594,0.009860118520537715,0.008130208080874947,0.01836532750323048,0.012679899426270775,0.0016085476178127266,0.0032928697214544968,0.0009570621035334195,0.14031518486661526,0.7434172935486544
170,0.011305248167524071,0.003231903626212494,0.004484338366236342,0.009816995309328952,0.0038109246360300266,0.0012322413891898418,0.003049050532814838,0.0006077474605535671,0.271713581618346,0.6907479688937638
171,0.01319541770704124,0.07536337817040509,0.26533944572804635,0.03836147999641271,0.011626956963823782,0.0050357388866222675,0.02499068538428389,0.03187762879204483,0.0945783749913857,0.4396308933799339
172,0.007803077016999896,0.020999189795294703,0.019473217752763727,0.00995467037081903,0.0058966204992811555,0.0037220948817562,0.005870365633312424,0.0021709149123049463,0.2374022600890573,0.6867075890484106
173,0.023671210399401173,0.013706115711241371,0.047194356492062106,0.024560151089630666,0.005106171366073627,0.005156579882532217,0.0038840359914040683,0.010019966938724416,0.10208721653289414,0.7646141955960364
174,0.10648842785297762,0.10967135180921896,0.01833847347449792,0.03400001977156231,0.036154621666361554,0.003273020739960572,0.026447329762567705,0.005347622846837031,0.34028985463659966,0.3199892774394165
175,0.01221328956979738,0.2229317853911256,0.0584834642499709,0.08364675955376229,0.10834100388474183,0.22872198506696256,0.13668091243565864,0.011958708448634794,0.0146025880727964,0.12241950332654936
176,0.20581593602420853,0.01730017298900143,0.01649801727818179,0.024339942364850833,0.0048590915271667255,0.0019149261516584802,0.009209957136235758,0.022837608629497665,0.18493161202829247,0.5122927358709062
177,0.013835453770727242,0.11398057477798836,0.20585609446549316,0.08038953225866231,0.036030445940174446,0.03346722910793418,0.025043765899674986,0.012066351893956972,0.014477448794660713,0.46485310309072736
178,0.0006638293016031088,0.001837037890678554,0.0013577596967648032,0.007401862448433341,0.0005327537688039024,0.030488187882695347,0.006014662936159103,0.0012296044712602227,0.004003358804706422,0.9464709427988954
179,0.12958511732435302,0.005345737800652213,0.0031932134844009632,0.012249415099236003,0.004873455763609787,0.0028280114471128234,0.006383411812015517,0.004904113012395792,0.14041936059296675,0.6902181636632572
180,0.002761456783749885,0.0018855557605257096,0.0009080494270567684,0.013132664170940509,0.0009173352496481756,0.022153817559856896,0.003144100345333815,0.006447895858422776,0.012257739394008125,0.9363913854504575
181,0.0391344850856304,0.0012068723403274822,0.0025252979723520918,0.006762379625562526,0.0014052816242149926,0.0011175274248375487,0.0013861318825740816,0.0005520302844452165,0.23129996960400048,0.7146100241560547
182,0.004599645149110996,0.003463083578112473,0.002099413456006287,0.22060247963299112,0.001112693881850706,0.007898327364417672,0.00225161791854533,0.0033396373890525804,0.04008948026517904,0.7145436213647336
183,0.11920109986935669,0.013238398115886039,0.03649287638374509,0.02083055647220827,0.007385104992773419,0.005280104976028136,0.009976659318421828,0.0863903991035837,0.1926414778459963,0.5085633229220001
184,0.005289087510326738,0.22484293989650764,0.46543654744602236,0.026638943045808793,0.01698179089409742,0.009048198885789996,0.03229641649627274,0.006010047403534095,0.01925581401667676,0.1942002144049638
185,0.38356692034495377,0.005405158964754595,0.010044753385042746,0.014945621833881075,0.004587623958616861,0.009613883226607778,0.00548994591870227,0.11647101496740367,0.13473698560376268,0.31513809179627433
186,0.40580610807685574,0.008824743015490003,0.008296645103779997,0.007046461821093579,0.006093572825864491,0.0016058334905809076,0.005304048568710949,0.0011849481056810213,0.13408939279827023,0.42174824619367346
187,0.0929965304885813,0.003999550680785368,0.009211102068941405,0.003240044282029004,0.002669441777871224,0.0018825449876094364,0.0013029411564037456,0.004109864332060653,0.19148044315679044,0.6891075370689278
188,0.02025255652996113,0.12314669801732923,0.03414217168197444,0.016888838413511423,0.04998811872745289,0.012869679465636096,0.4454533026562862,0.011531681641301115,0.09172739299175539,0.19399955987479234
189,0.06346993058106754,0.0024105137519943435,0.0041963893448084336,0.006714713630538749,0.0027657452635476447,0.0010355455958934048,0.002151162595901737,0.0007279388443944475,0.2452891855653491,0.6712388748265049
