,proba_0,proba_1,proba_2,proba_3,proba_4,proba_5,proba_6,proba_7,proba_8,proba_9
0,0.44568797126825177,0.0036244418690070607,2.4745085759445624e-05,0.00014767444458181392,7.088970359736991e-06,2.0098159203585003e-06,6.002195463653114e-06,5.734696179352694e-07,0.28687125304152117,0.2636282398395171
1,0.2641763267835829,0.0035172149023484653,3.0090380273261656e-05,0.00038525464991074113,4.783537529839445e-05,7.821421782408582e-07,9.865687393459461e-06,1.347924151866504e-07,0.18653108658897344,0.5453014086976259
2,0.0633055386070962,4.589129321304053e-06,0.008437303368175024,3.506246438208895e-05,4.488079041148151e-08,1.4234008749898829e-05,5.766502591904085e-06,0.00022725512645239106,0.5307227981798148,0.3972474077326259
3,0.6642137289946346,0.016603053344981057,1.472707924782099e-06,0.001555423408736118,7.208191907019451e-08,1.679171634627326e-07,1.6219231745687122e-05,0.004674041997190273,0.13755434991386645,0.1753814704018385
4,0.2330304833058998,0.00015391381658901056,0.005439073422272353,0.0002898003370706402,3.0272323530224104e-09,7.94834435768005e-06,3.206329933952518e-06,0.031289966198956964,0.6188668137984911,0.11091879141919644
5,3.0683762715959416e-06,0.10527741300816874,0.02709553928980978,0.05441160774324494,0.6257620605571437,5.7296195513526804e-05,0.00018902034982452702,4.0329245350377486e-10,0.003558436903494962,0.1836455571732359
6,0.617268568591949,0.021729989727016244,5.5518178975379624e-06,6.083088921440876e-05,1.573158613492317e-06,1.6335014818380246e-06,4.0857157380604805e-06,1.4742238841590213e-05,0.06318357750217317,0.29772944685707464
7,0.00029981107704656507,0.0011702367252111885,0.00012981023546100294,0.03132702601327082,2.430354181208284e-05,1.0262676959282484e-09,0.004877994818645559,4.702884533320489e-06,0.0012809076421083873,0.9608852060356433
8,3.2004041191208925e-05,0.006730624871629263,5.561274276571139e-07,0.009607437115649745,4.141528587330082e-09,0.008117512953869683,0.0011678927012842848,0.0001856666178130825,0.00024063424914469144,0.9739176671804619
9,0.007154076898720761,0.032804851520514794,1.325992087040197e-05,0.4364498769023538,1.8642247772803466e-06,6.250120556028218e-07,0.00013904172520175288,4.090098903575062e-05,0.0024269275307561232,0.5209685752757137
10,0.0040801522420759,0.0020977114100419235,0.028510808945074528,9.579796921382154e-07,7.601876265374333e-07,0.0014534820200332746,3.640923807371548e-05,1.2588832366219703e-08,0.10756817645685718,0.8562515289316925
11,0.01406060357375529,5.036393043932171e-05,0.0005830484734481084,0.03313649926287868,0.004133656086403661,1.144826716709168e-07,0.014195143578346786,2.2297512287798987e-07,0.010029451362104818,0.9238108962748287
12,0.10890943332995857,0.006258548819415989,7.410043303903084e-07,0.003601778802101201,2.1045670141429418e-07,3.952065144234723e-09,5.031694228937159e-06,1.9644189657041737e-05,0.16181951716058476,0.7193850905909565
13,0.01002770129139551,0.01282136175106191,1.9788294367069943e-06,0.00035119840668453825,0.048457843759940146,0.00010687199029680886,0.0035562660728965033,2.245571514836337e-08,0.4598331707276659,0.4648435847149069
14,0.5170954585345571,0.004348454693249005,2.669340259809808e-08,2.682157252804273e-05,3.12125319657736e-09,7.001278539075564e-08,2.356695770265187e-07,9.984518584951868e-07,0.10169793342913615,0.37682999782165283
15,0.07206918067391309,0.0029187328944236114,0.002060583650036603,0.0015164193576942906,5.953994462799018e-07,0.053358970603128573,0.36670756990066744,0.12262538772187771,0.094885112499415,0.2838574472993972
16,0.06511428736809075,7.463979780661881e-05,6.075728321463111e-05,0.0036185678879685048,4.564219713158817e-08,7.078470716362061e-07,0.0054797176995887605,0.46729913646825305,0.36194386761020664,0.09640827239560236
17,0.0005080668152373756,0.014557235631711669,3.60368596513754e-05,0.00020825239668446126,0.7137396524946318,4.069436534673394e-06,8.703061723128698e-05,1.479183814053169e-11,0.056164698400597415,0.2146949573329282
18,0.3372216539287652,0.016289361407624523,0.00014726885298098507,0.005778065764054442,3.561178288626162e-05,1.3521986779102044e-06,0.0002539434996128219,0.00032281145301878643,0.1670944832612773,0.4728554478511019
19,0.003244388352508372,0.0206202552834424,4.798986536624909e-06,0.00011433174944175021,0.6721847366956691,0.000946369214035014,0.023882557473548637,1.7886620694202135e-08,0.10676500541207101,0.17223753894612634
20,0.0014792182383934918,0.0008013273810928112,0.002774162612010599,0.0027752547135455633,1.4165137171744232e-08,7.740944059164861e-06,0.006864423267799783,0.6875007644463109,0.016232526819502213,0.2815645674121481
21,0.0037524713407681345,0.00660957190413101,0.00025343928804852324,0.0001362266653765417,2.108908809891638e-05,0.00010706954168966823,9.535872890556348e-06,1.130633188712005e-09,0.0013662769335403388,0.9877443182348231
22,9.50465695335063e-06,0.015153253305487595,0.00012207535482763423,0.35377815929282,4.852855136754197e-07,1.799265258304943e-06,0.0001452679048070544,3.8904351815731546e-07,0.0006713165429175696,0.6301177493478965
23,0.00014793266782956948,0.016502043925683895,0.0008116601446679464,0.0002685356642766194,0.8035568844272759,3.9702883312245824e-05,6.545953253544602e-05,6.936303608818693e-11,0.059298924135696825,0.1193088565493585
24,1.254714671003254e-05,0.06128789169781947,0.6877265472620061,0.0003106503800798965,0.003699931370792728,4.8812665960508086e-05,0.0008936903108489563,3.2728244324935774e-07,0.00440735779479849,0.2416122440885405
25,0.05169334357112442,2.6475065558386698e-05,0.0004679274593015319,0.00017647754373687825,9.415891036719363e-07,5.156046045385766e-07,5.0502279824861116e-05,1.7496451720589367e-05,0.19507602664265014,0.752490293792375
26,0.09121574061531018,1.4144606192216927e-05,4.7386031232860306e-06,0.006637626912383038,1.3045121518963113e-08,3.2435446130939973e-08,0.0005605569423958831,0.21070677304036015,0.4331720085720372,0.25768836522763044
27,0.17735091261845742,0.00015591878342628053,0.00037923206807979583,2.4741760300281357e-05,2.52325910194268e-10,1.8322851137914268e-06,3.6222857854614674e-06,0.1801601696560984,0.5319335715259047,0.10998999876450792
28,0.0038585696659033473,0.0024251692923674684,2.8379231007433227e-07,0.001449159975566807,9.895534341947522e-09,0.0014747470226995762,0.012311158705703746,0.014850712073543111,0.002782042431697699,0.9608481471446738
29,1.7113029863284206e-05,0.06359109977005077,0.00017371837200795242,0.02675900969967768,7.713710776650059e-08,0.00021269702332674887,0.0002628407150423047,4.890182418182411e-05,0.0004307411077013139,0.9085038013210404
30,0.00029005390410245596,0.08362299656849222,0.00040325336940672603,0.008195383724680615,0.8008507493410195,8.694764625923081e-05,0.028545911511308194,1.910389727958342e-07,0.014650198633066021,0.06335431426269228
31,5.55426404342212e-07,0.04686072475446254,0.04170161051693624,0.5423695199551906,0.0027768426369550524,5.886078458389856e-05,0.0003191075858590165,6.296001200892212e-09,0.00021871250847979291,0.3656940595351274
32,0.01789536389730544,0.014737389921584725,3.1412980928480067e-09,0.05771409057095425,3.171732258657146e-09,0.00023087761155323773,0.024686615580991934,0.0005593248852493664,0.005643796612385613,0.878532534606945
33,0.0021462445107949093,0.00034738751751062756,1.3984682257971383e-06,0.00017695623778901998,1.393101665370764e-07,1.3495250617240139e-09,1.0676027328245774e-06,1.2027370712497966e-07,0.12200890123704432,0.8753177834925038
34,0.02690783133201119,1.985110109868938e-05,3.613226736282058e-08,0.011289142330485086,2.8084514858430042e-11,0.00061989734972705,0.001582240381298912,0.000499799407706319,0.052476091686515805,0.906605110250805
35,0.3482664848643568,0.006951138789660137,4.727250330548915e-06,0.0006487732842809908,8.01871360764203e-06,3.128033749432257e-07,5.901926633797448e-06,1.5755800813832314e-06,0.17634370246619502,0.4677693643214788
36,0.04023425718402503,0.00020063923144546597,6.344704531631839e-06,0.011965242894117939,8.701344205135126e-07,9.046055692944796e-09,0.0002990771015241854,0.0016525287626967353,0.5383537442461666,0.4072872866950161
37,0.0037674930225659697,2.786818150927936e-06,0.003307233566234499,2.293344571829204e-05,2.7590469311941365e-07,4.4801230754440385e-07,4.942150657467356e-06,1.0672521864665228e-05,0.4676133299150485,0.525269884642759
38,0.005090151080321944,1.877207632499036e-05,0.0003203715164808148,2.616215144379993e-05,1.2435260789563674e-07,2.659627578759436e-07,6.0016179951056254e-06,1.2068197852949375e-05,0.376861895084644,0.6176641879595706
39,0.06209764731501855,0.0013060925164119822,1.1874404443519456e-06,0.00020003066300216635,1.8248695201637104e-06,4.814771137972278e-08,2.2908458894661152e-07,6.411308405204597e-09,0.11773779625253133,0.8186551372994628
40,0.00027820809905818315,0.3475801412926069,0.025150456869015875,0.1650946473419097,0.08240360731051632,0.00034333845846695087,0.33791426771106065,0.0002619792790112749,0.0015417382327600432,0.0394316154055942
41,0.006685334756542933,0.00043096616905053737,0.00013866029598647443,0.0011226834470755744,3.221428128036135e-10,4.285812016904708e-06,0.002186926148934335,0.6194197978990662,0.19472039252107126,0.17529095262811298
42,0.004147341512568187,0.05218200722145574,0.001254984099925406,0.22114210852133784,0.01553347764007799,8.156290379898344e-07,2.4603739608194318e-05,1.7111313181204214e-08,0.0003125292666742365,0.7054021152580012
43,1.7089273470051773e-06,0.24154014105254115,4.238660431951588e-05,0.034228193165356365,1.0851950010561e-05,0.0001910943603831612,0.0017792634484908535,8.690710438720915e-08,3.438450077714818e-05,0.7221718890836698
44,0.007208909464302607,0.0004552984213508595,1.0089191540365709e-06,0.0009779947874245926,3.8244155004526696e-07,1.9273283689585178e-09,9.987505295282865e-07,5.318981328382742e-08,0.10244037675306066,0.888914975345486
45,0.26249117304238784,0.0006625837277679478,9.145439046043317e-06,0.0709456067695078,7.431075332535273e-08,8.30305395738093e-07,0.0002398692945519733,0.007904420585521396,0.3006753620959782,0.35707093442908966
46,0.0006558919249470704,0.00023816616694633257,0.00029827351595309166,1.4537696807663088e-05,5.378008279999597e-12,0.0008895101756815298,2.640228374669549e-06,0.0005247044314633637,0.1268716558014337,0.8705046200530145
47,0.5400993561834111,0.009884920562790457,3.591292544780998e-06,5.6132970528589444e-05,1.9375476191006975e-06,8.641133348841213e-07,2.133294705130154e-06,8.009659283575857e-07,0.09820365063877816,0.3517466124303595
48,0.011331418099603441,8.66755026490997e-06,0.001456439713211797,4.8904469815610316e-05,6.256669480406385e-07,1.281630908787244e-06,2.289795752729661e-05,1.10788477178908e-05,0.39557441883384775,0.5915442672301545
49,1.3633796734191981e-05,0.02219944917507522,3.109806934506333e-05,0.33897807918083017,4.766981763341443e-05,0.0002910561805337492,0.18712198853622627,0.0015355032250368974,0.0001791138829394327,0.44960240813564545
50,0.00026876694850477297,0.09150748782068314,0.003513877573409382,0.03963072862602064,0.5686698594777909,2.1013276780415626e-06,0.00031287770013117236,5.6772892501386244e-09,0.0007419212680734424,0.29535237358041927
51,0.018473357315182855,0.0018020663534298413,2.67223346704633e-06,0.0015794078608420978,4.708367205994951e-07,1.7976152869817604e-09,3.663746387734795e-06,1.3046351609313905e-06,0.2632565491438017,0.714880506077392
52,0.17803267975253237,0.005358660339469151,0.00010088500416539351,0.010025637423640016,1.2543282015362086e-06,5.093754483344312e-06,7.50959294228195e-05,0.0018354890732718513,0.18944975760914665,0.615115446785667
53,0.00604968333622679,0.004609328949583737,2.389564595661224e-06,0.03653240638803706,5.476690234238694e-06,1.0065597778766087e-08,2.6519865075892306e-05,1.0330114172757228e-07,0.07014217995075057,0.8826319018887565
54,0.06618883718202596,9.087791551508067e-05,0.0003890438028135233,0.015063305225979434,0.0009315018763994969,8.867828523824355e-08,0.015894515897556766,1.8963366698211964e-06,0.011289940883402428,0.8901499922013523
55,0.2269054468045683,0.0011626764489169354,2.6448595540780534e-05,0.0060759370724047775,1.635080674752929e-06,1.2724016304701596e-08,5.193270716824511e-05,0.00016939159058801818,0.0336588182188539,0.731947700757268
56,0.009266217792975902,0.00014931516201403176,6.519460155167547e-06,0.0005103040938835005,1.3392262396594897e-06,1.2798792608684951e-09,1.2685679534306046e-05,3.1740815475841393e-07,0.08058039937204249,0.909472900525121
57,0.006149256710044818,1.3755939689130856e-06,0.0016172924969182648,8.429076360789237e-06,9.171793668170458e-08,6.148779542269665e-07,7.595919976559764e-06,1.9877574200347917e-05,0.5375222221546243,0.454673243878015
58,0.24710431683945777,0.0038678019569098987,4.0614719088557627e-07,0.000851267409627038,1.207663877202763e-07,1.0226623366012244e-08,1.5469773414829825e-06,1.3491483230895154e-05,0.11706901965335062,0.6310920185398803
59,0.00022514576309196153,0.1443047780580387,0.0056923983396704745,0.0030558262989580703,0.719648896968362,6.619677165698361e-06,0.0003458540757441415,6.0568944369372295e-09,0.0027988808129030215,0.1239215939491715
60,0.000333071447012701,0.030704025870867735,6.407581582459194e-09,0.010496151791407199,1.366400692238235e-07,0.0025603953004571097,0.0020796055719563165,8.663445088073089e-05,5.624299776378577e-07,0.9537394100897897
61,0.0011442882550264447,0.03421437989823069,0.00372657850451061,0.22170897649048124,0.023736387782692357,4.8495273467452024e-06,3.905553012874034e-05,2.604245410030669e-08,0.00048818930350887806,0.7149372686656201
62,0.13524690417769414,0.0013621754246793533,1.0893333433004161e-06,7.486340040388757e-05,4.523000604012026e-06,1.5789036966047424e-07,3.000540408794652e-07,7.196881228056459e-09,0.08559317855252903,0.7777168009694546
63,0.03223027134060492,0.013676587872087023,1.0832766977856977e-09,0.051697761433357824,2.0053542310172017e-09,4.9008025768956714e-05,0.00651508128617596,0.000215254443283414,0.009612178995790319,0.8860038535143007
64,3.545064063015671e-06,0.026806038184249863,0.8627482294307076,0.0003151307151658136,0.0007727926847943385,0.0001968360250879607,0.011920605845629094,4.0591785688074056e-06,0.02421416999372845,0.07301859287800497
65,0.007806866059128045,6.820419187606628e-06,0.016148633874278537,3.843473491223281e-06,3.842405396101788e-09,2.5724072529637603e-05,9.457096320822536e-07,0.0001239974266479825,0.6716200771431409,0.30426308797955876
66,5.153649357504034e-06,0.3556910324281602,0.1493255091099893,0.03512830305882418,0.11917816305526274,5.1510130189674735e-05,0.30883925492251435,8.652369964073166e-05,0.00036745816879047636,0.03132709177727089
67,0.0004430014656835213,0.0006302481929653479,7.189158241042392e-05,0.07870976212326301,8.502708146867853e-06,8.129959606141974e-09,0.003390468641395111,8.818413933794458e-06,0.0436207427418171,0.8731165560004251
68,0.008536551649541754,0.2128279733387521,2.2953828922933137e-05,0.058067440153550295,1.1248808065702074e-05,3.5370078089029006e-05,0.0026694327740889837,2.329254687186199e-05,0.003112427195757154,0.7146933096263601
69,0.18080707687828024,0.0007834153565768969,0.0004672807638983428,0.007036513496014281,3.455999931491736e-10,0.0019836394184697017,4.271806337927528e-05,0.005937625368783058,0.2120770972966067,0.5908646330123916
70,0.04776619075522009,0.00482706791967692,0.0010682267788921641,0.03506979117514709,0.0008700996837621579,1.0671676312550327e-05,0.004680354713976015,0.0002614914941265252,0.4481425796044834,0.457303526198403
71,0.38778028907759504,0.00030301572077457296,4.094917599588196e-07,0.004298799535342696,5.395683762938888e-09,2.247472147785172e-08,8.57460733176899e-05,0.04002659140596157,0.29496781414694134,0.2725373066779019
72,0.00021872006806859483,0.10335868156697475,0.015036949621409992,0.0057718669836568015,0.6195497727496154,0.00010136424317788786,0.24358808769399196,3.956095335716844e-05,0.0013440107278636592,0.010990985391883713
73,0.0012966405754135679,0.04120875219700836,0.11801387852061469,0.5456050317833195,1.9098770940335634e-05,8.988785591774781e-06,8.216140438086752e-05,0.000126194906035227,0.014068357684020816,0.27957089537267477
74,0.010216867117189408,2.4415378202280866e-05,0.000429759872104595,0.00013141979252017793,9.274970236213309e-07,1.6926455420507755e-06,7.140207630008617e-05,9.48001917070019e-06,0.3028031911633796,0.6863108444385676
75,3.0329344427714937e-06,0.03160615378245002,0.000505437257714658,0.5267009599618009,9.84786098799017e-05,0.0022249798159667614,0.0013720597030297058,9.544213823045784e-08,0.0009161946530680583,0.436572607839509
76,0.3367857431839791,0.0038974421640150447,1.3262746201984906e-05,4.271294921707207e-05,1.058766408377734e-05,1.1047575250011075e-06,1.3837419771240832e-06,5.1410761389106795e-08,0.11929560434903226,0.5399521070332072
77,5.571163626909928e-05,0.0005676154260436016,1.8867308207529487e-07,0.0016326444460413485,3.9150692247714543e-10,0.028504426918577276,0.0005102914231850737,6.703770862501556e-05,0.004684957349961211,0.9639771260267083
78,0.08739398426127012,0.0005247331108862369,5.684978492377398e-06,0.06251200635097005,9.412059686719006e-08,1.9332157439506174e-08,6.637109852727537e-05,0.00756198210257278,0.13230716005482088,0.7096279645897059
79,4.833589906222501e-06,0.014992308359854654,0.9363271950457902,0.0018529003696715622,1.1504030431388617e-05,2.4727622205007053e-05,0.007724734604133096,0.002248020185881949,0.014570783492731174,0.02224299269939479
80,0.013747692819951755,0.0008812343075708618,1.613805393635744e-06,0.0012019628697531872,1.0460379228331991e-06,5.860282127842095e-09,4.178023208157752e-07,2.5978273495296445e-08,0.06430765282044022,0.919858347698091
81,0.4131736632786788,0.0003022387407423688,3.1660665026438633e-05,7.959553316375044e-05,3.738797680776615e-07,2.1704625071407194e-07,1.333087175029505e-05,0.00018735404437408872,0.11271386141849708,0.4734977045217482
82,0.4200647101019384,0.003491210969982827,3.7112619422403284e-08,4.6704368871012815e-05,9.037171146497873e-10,2.8206531770951517e-08,1.2400906315300362e-06,1.7691924570973215e-05,0.21919600448719434,0.35718237183394264
83,0.641683414448665,0.016014974047379893,1.2360916469016662e-06,0.00010445797643883901,5.310550560031743e-07,4.39718389461012e-07,2.766976503569943e-06,3.6169733701142266e-05,0.0429391105151631,0.29921689943705615
84,4.185594146860705e-05,0.05821541647436859,0.013041227167770475,0.6387409812072377,0.16350229429588842,0.00012023625396334453,0.07897906584675307,0.0004022383931115787,1.9041111982880095e-05,0.04693764330745563
85,0.00039124207086489233,0.20752804076495251,0.027580404861704124,0.0007521220887093739,0.00044857958546970115,0.006272233224069327,0.7222640188063754,0.013130372701978558,4.278968471918703e-05,0.02159019621115688
86,0.3195009886066577,0.032800101945225556,3.859282517254129e-07,9.41410230232473e-05,2.3550542971558923e-08,6.998034107511011e-07,5.789832912460253e-08,2.4849387335599423e-07,0.0024791059730577885,0.6451242467776277
87,0.00017134703674862543,0.021777253502322798,0.0014367596904146993,0.0025189408197521237,2.0931284297195448e-06,0.16531127527703776,0.46716538699222393,0.006773517776799196,0.0029229931238623887,0.3319204326524087
88,0.31658494885632465,0.0016070293628325633,3.7673597252034036e-08,0.0006788536488027236,2.2169385119659814e-09,3.639420935651017e-08,8.234769411212559e-06,0.0004577820700932819,0.25253734334370087,0.4281257316640895
89,3.141858653692658e-05,0.1324451714046364,0.7944019458291819,6.26569985162485e-05,0.005131355923576925,7.074643539187243e-05,0.0010030431246319132,0.0003926620276270174,0.020079236352519927,0.04638176331738096
90,0.4183494517259172,0.0009568576390726999,0.00010043366607652238,0.01752213947946541,1.4639310560909249e-09,0.0005449924900869613,0.00041878812056496043,0.02983259279316253,0.1914849581354515,0.3407897844862711
91,0.4092874100130857,0.0017021375636156531,4.6686909325152014e-06,0.00017061694843433487,4.115199701545217e-06,3.092517477398474e-07,2.0836046616784506e-06,2.387606307202248e-07,0.1989319201692917,0.3898964997978985
92,0.0004241214451784747,0.3052220259117008,0.09949682166455165,0.0004473082559229133,0.023783815538532743,0.008430731213681356,0.26509182238973183,0.0001339969376140446,0.08748811472969444,0.20948124191339176
93,0.01589398512891383,0.05212363919217983,0.0028412126057429207,0.02282649123516635,0.009970404022135202,7.270570701256878e-07,3.4923491724714163e-06,7.3807581665099666e-09,0.0008329114466291967,0.8955071295822319
94,1.6221913744997936e-05,0.3476894262175712,0.20035843084071342,0.006887851211482739,0.37489819595921703,1.531688134491693e-05,0.004941198990041146,7.441945519688982e-07,0.0008868659097015483,0.06430574788163085
95,0.09944730970021497,0.08312499774054115,7.891824692093805e-05,0.051675652496706956,0.0006734940802751134,1.4056545104318741e-05,0.001226526006633049,9.694763137070359e-06,0.08682446718062763,0.6769248832398388
96,0.0013513176991106952,0.008944935023233087,0.0001356505666810142,9.968658341589114e-06,3.3219139942373724e-07,0.08843488382256949,0.7711681916659939,0.008022860767077911,0.005986381647417359,0.1159454779581755
97,0.001414134721450927,0.0003054167020793104,8.460170134343705e-07,0.0005257925242567245,4.814355227820061e-07,3.850668483986882e-10,1.3223464568235854e-06,2.1055244436553675e-08,0.12322856767883467,0.874523417134074
98,0.3799920819335632,0.00026489823013184507,8.241317410788123e-07,0.007761449062234584,2.0853928012567116e-10,6.263384847607752e-06,7.890609807950012e-05,0.010457963553488409,0.035115907094299195,0.5663217063030754
99,0.3602165620709279,3.4039675346791486e-06,7.594683068124737e-05,9.936152567508961e-05,2.730622275650037e-08,1.8006886570916387e-07,2.80705746074693e-05,0.004547704045042788,0.19576197300401976,0.43926677060642266
100,0.01413656253541589,0.00010430701133560768,5.956437724875399e-05,0.0005281803078222527,2.1149967911859385e-06,5.612736206099395e-07,0.00029331162013662243,4.015446056181336e-06,0.14150585985291245,0.8433655225786605
101,0.0034806615058411263,0.007281435433342065,2.2441216874631944e-07,0.00010879386162868366,0.4372274408957607,0.00046952576552834117,0.024097529428450292,2.6805711539339985e-09,0.1926054846357717,0.33472890138093714
102,0.014686784099910713,0.0007958813266323412,4.412317878191432e-05,0.005960059120403153,1.7728925939196585e-07,1.2633134483011102e-06,1.646750584092561e-05,7.227678996314987e-06,0.08077474961026739,0.8977132668764596
103,0.2948416236855206,0.0029939445804014653,3.5428755046738266e-06,0.0002301504023880291,1.705920371407011e-06,1.576664712216857e-07,2.0171122785694196e-06,4.0789803847739695e-07,0.19286660053117197,0.5090598493278536
104,0.5811408752506835,0.004724781991378321,1.1069580210868846e-06,0.0008452678431197593,6.372515490779955e-08,2.0200796955979887e-07,1.0062342854772166e-06,0.0009812085829629528,0.0743233842387629,0.33798210316766153
105,2.2947195146760188e-07,0.030050311073639865,0.9385277160921013,0.0039408750891521,5.252898532779932e-06,1.3240504032465345e-05,0.0025754158951811087,0.00036119737191507155,0.002178081176705473,0.022347680426788256
106,0.08886827357583005,0.005740864242886424,0.00027458875306521683,0.002286284838929311,0.0014020912367568475,1.483358633921188e-06,2.443879118680671e-05,8.579908732728023e-08,0.051962667836362705,0.8494392215672615
107,0.24720436591237674,0.0010661169640535672,3.838847166155284e-06,0.0033335340917412127,2.252468144536806e-08,9.83354465061046e-06,4.028570622756016e-05,0.02590215728397315,0.23325909180019389,0.4891807533249356
108,0.011770605039763118,2.2521700415803227e-05,3.160371773641507e-05,0.13234309548581957,2.7362103203913064e-11,7.684765524979078e-05,3.209058464318275e-05,0.002504964123835392,0.17007279491458968,0.6831454767505849
109,0.3224904193139184,3.546802387999175e-05,1.4251664897264593e-06,0.0013328707183221482,4.3002872757506555e-09,0.016702727323207527,0.13820796360611032,0.10750676380169646,0.13844342055381004,0.27527893719227803
110,1.6865200591593234e-05,0.17890407305641193,0.12405879830310515,0.02927721344083617,4.110211424523399e-05,0.00046130737357290497,0.016480617303826942,0.0004830818404491655,0.014816652853482808,0.6354602885134781
111,0.07987287221940059,0.0058670985673318354,0.10863485838539803,5.684206435745951e-07,3.356185237424906e-07,0.01541802135524169,2.2467680060063696e-05,1.0922717425631525e-06,0.24901993194994432,0.5411627535317136
112,3.008602529785204e-05,0.026990352712791557,0.0003118624367877954,0.002192314541216527,0.6991317158179106,0.00011158793733147757,0.0012886754188353314,1.9479534171015537e-10,0.17964096754942452,0.0903024373656091
113,0.01853644310668261,0.0009070337179808165,6.219362370652085e-07,0.0015286984689297646,3.068522299627902e-09,0.0012264142050827564,0.0019251680725679992,0.020503496791507682,0.009192999030098086,0.9461791216023909
114,0.0066113896286658334,0.015166513224917296,0.018202336604462573,0.06593675866619823,0.00046460424521716973,2.335901568238041e-05,0.001009590213286175,0.0022517657055175864,0.4050814487970682,0.48525223389898464
115,0.06508452095036814,0.00879848081238895,3.10113161887454e-05,0.07830670689428304,3.6148690011154074e-06,1.3664236064711166e-05,0.0004749235270705986,0.0007977783624133802,0.26718394077961355,0.5793053582526076
116,0.014832792973203682,0.001623200370453315,3.184818133581046e-06,0.001612508634021647,1.6885386371463615e-09,0.00661669327484512,0.0007728542134644244,0.015919447363201628,0.01679839013233212,0.9418209265318058
117,1.0542107453198078e-05,0.26683199944818103,0.2691074086440713,0.1369719177341841,0.0012697062811590988,0.0007607724726239773,0.06558158772373451,0.0011962086773933617,0.002225935194388254,0.2560439217168112
118,0.5591429158153599,0.009696980236122234,2.4823312400725723e-06,0.0007420127049617177,7.268853301866961e-07,1.619895961898812e-07,1.0739567747949655e-05,5.855821859249616e-05,0.2197276894337166,0.2106177328173327
119,0.6966452609124926,0.017441846796540816,4.4060850285212195e-09,0.00011158072875848891,1.970780900445451e-10,1.1698051617332618e-06,1.5522041306945769e-06,0.00033216611841270835,0.010023282068786998,0.27544313676255283
120,4.501437910525477e-05,0.05099661839255635,0.0001981213306039009,0.001168441921315782,0.7520654139219927,8.671288433341951e-05,0.0005573598317119276,2.2037837837358677e-10,0.10647751538091842,0.08840480173708391
121,0.0036442818636660866,0.00046795575314583816,3.0659036118442134e-07,0.0003670333116632584,3.384919874225822e-07,1.5755897214474146e-09,1.9449321757147837e-07,4.209582027759422e-09,0.05514469171957757,0.9403751919912093
122,0.0025548228440825257,2.2842581985525286e-05,1.742698246822584e-09,0.01510923490980266,2.7285585168597718e-11,0.00047601042807322717,0.0001667725454782365,6.287152993295723e-05,0.018111335436177378,0.9634961079544836
123,0.26966164148962535,0.008876675055538387,1.515417601608374e-05,0.0003699470326560368,6.383845668141758e-05,1.3539972555130415e-06,2.333986084601942e-05,1.1079900465826742e-07,0.0720896515833975,0.648898287548979
124,0.0033220742718924495,1.8094145060624906e-05,0.005681904502966582,4.184994405207585e-06,1.8548076852438264e-10,8.122031882475533e-05,2.1168556027746166e-07,0.00013993136808282945,0.5857586358882962,0.4049937426394304
125,4.47497047406487e-05,0.0030621984325500903,4.085066307029465e-07,0.011569377156502223,2.8603585969910067e-09,0.007851102960744535,0.0009577521445227557,0.00019627598719847925,0.00040281593705911444,0.9759153163096927
126,0.376378864580943,0.0045496590327253296,9.560929017140956e-05,0.0019668379178340778,1.9633037751303513e-06,9.247626405387278e-07,5.1373099489664775e-05,0.001992103399373429,0.33074421337738275,0.2842184512356647
127,0.00032197301083810713,0.0012911082528294334,0.0002666763974746176,0.17746566681216971,9.052417234975061e-08,1.289865032745933e-06,4.811776722502169e-06,0.00016178155104724354,0.023570862542774264,0.796915739266939
128,0.0033206103636605824,1.3198097327234557e-05,0.00020387020570777063,3.3274608361472574e-05,2.755980752026897e-07,2.3715744364564806e-07,7.099850691521079e-06,2.2927335361458436e-06,0.3465483477474432,0.6498707936377531
129,0.00019844439836370318,4.980287181234156e-05,3.3165439182415636e-07,0.45611358309095745,8.775027696074351e-09,1.8792197648857624e-05,0.0001144108375644556,0.000255883631187175,0.00930823782374431,0.5339405047193021
130,0.004942513695110982,0.009367808323320584,6.192714962305527e-06,0.0537938730783191,2.715899128665971e-06,5.249460998945396e-09,0.00029263797909338823,6.86683205438207e-06,0.10240829749238599,0.8291790887361635
131,0.005239012725867704,0.000589115821184609,3.60462101817163e-07,0.002004539879230493,2.483206313916168e-09,0.004146155429949402,0.0007136606575868345,0.004857924707557316,0.005921317334983336,0.9765279104983322
132,9.208756338454388e-07,0.07054544111849713,0.2533697716536657,0.006427429712419986,8.786477226853348e-06,0.0003536556977673999,0.012378965724163742,0.0001336083260188353,0.002278944579475954,0.6545024758351305
133,0.33377345834164784,5.149163425810702e-06,5.13465585675957e-07,0.001341034063831088,8.859552525162148e-10,4.152948085535382e-08,0.0001102344639350015,0.04183192588781782,0.47562107897981803,0.14731656321850267
134,0.002552335812234527,0.12371875686529273,3.0240731947825182e-09,0.026357797086057885,1.6073540932517075e-08,1.2238645499890171e-05,0.000633579598562565,1.1793714433815051e-05,0.00015933883077537723,0.8465541403495291
135,0.00825380228415477,0.0007749190028458687,6.931535202044701e-07,0.0019087996791621125,2.110573796970417e-09,0.0046505623992232695,0.000762756230382991,0.007756637757302622,0.008356465980661292,0.9675353614021731
136,6.989901250683956e-05,0.002071721745412465,0.6529528337758481,0.0001717474827160782,1.5942691812570888e-07,0.0006226861880036876,7.378027712530105e-05,0.002079511801790523,0.053389213822341214,0.28856844646733765
137,0.01320834281490912,0.0008996284728426994,4.971090885800922e-07,0.0015841814099205429,3.4764017728509747e-09,0.0013313414714712709,0.0020688885222366446,0.015918931834836593,0.007478614348223611,0.9575095705400692
138,3.3656230080072612e-06,0.00035298237718660633,0.6390993745107426,1.6056096688780687e-06,4.362875652675998e-09,0.00017044906634871025,1.6514346298668988e-07,0.00021020256920776354,0.3036735590763093,0.05648829166118953
139,0.009992836616802267,0.08006990735878697,1.1755776123670029e-05,0.0009026744944539378,0.03173002361408549,0.0004033907242954539,0.01951433714745028,1.1938595031383625e-07,0.642268203548327,0.21510675133372453
140,0.001643750791197429,0.0023067398327474235,1.0892683326891535e-07,0.0015109078257427649,7.0104114698658765e-09,0.0017692517356753396,0.004590428903623238,0.004809273022229108,0.0018030419993219017,0.9815664899522181
141,7.114648562848148e-05,0.0008216662465636512,1.2997670314945016e-07,0.006240882172936497,1.246288047324609e-09,0.01222451882385197,0.0005441767640824945,6.306329816461435e-05,0.003478607667419844,0.9765558073183613
142,0.00012036774089310695,0.008050198097593851,4.721355670505081e-08,0.0008815726706941176,7.355301120780468e-09,0.0053662152883974445,0.005391837347991403,0.0011846692937125874,0.0003776150150202284,0.9786274699768394
143,0.055245918179341096,0.0012371497606450143,2.4989644223668637e-05,0.025595179114802854,2.8857874633274366e-06,4.9047733727485054e-08,1.848390496320351e-05,3.3090943686354116e-06,0.1720140097919144,0.745858025674544
144,0.38027515299216835,0.008725378467293654,8.380099029479456e-07,0.0005525308825351865,1.2230427564663023e-06,9.124111822009192e-08,1.63542019305369e-06,3.837840887299734e-07,0.06189888482684513,0.5485438813330982
145,5.685419297762644e-06,0.2717126477140352,0.07694345446309603,0.0018491677421011374,0.5606313565794717,6.067020245739988e-05,0.0711561061448454,5.527773166901608e-07,0.0028485397866876536,0.014791819170690779
146,0.7052705242172113,0.008850817036703866,6.292607400298695e-08,6.145393289027142e-05,4.398123190890633e-09,1.363396146245674e-06,1.7739803282406256e-06,8.076777415471387e-05,0.04863739402527115,0.237095838313097
147,6.192735235124285e-05,0.02973909060614661,0.012068473013850035,0.0640792219584259,0.8354605024304202,4.549912110482746e-05,0.00014562156066613425,1.2286074237914318e-09,0.04393276113199421,0.014466901596433535
148,0.005263037263421024,3.326147679539246e-05,0.0002710233924069242,0.00014133050331919386,2.469738231768673e-07,7.739605615733183e-07,8.368139896455594e-06,3.754417781917365e-06,0.2673978299326149,0.7268803739393794
149,0.00020078737121669496,0.006589459480862003,5.4457662096556755e-08,0.0009518192573439318,7.918290288418818e-09,0.00477418801699357,0.0053056309887018205,0.0015866903589784496,0.0004973791950107885,0.9800939829549403
150,0.37541290679873596,4.8197918999508294e-05,2.0218472143150084e-06,2.886872170156976e-05,8.999411315693868e-10,1.9932935656068337e-07,1.0047231604146435e-05,0.0014424968475110355,0.421813260923935,0.20124199948100074
151,0.35236996023010475,0.0011162766281045439,1.399673806777348e-06,0.00013137482479464547,3.917783675388585e-07,3.190035073667334e-08,1.439108199779541e-05,1.0743229325240333e-05,0.29101759828797163,0.35533783236517635
152,0.41988615425290937,0.0020516387754387724,3.099365347706006e-06,7.805492600671443e-05,2.830451385716609e-08,7.210308948637495e-08,1.8495694960523828e-06,6.903763456964575e-05,0.1811069814011352,0.3968030836674931
153,3.5561713981024575e-08,0.14320024141961346,0.5199425140338222,0.0011816322567261039,3.0050503720220824e-05,0.000105357238892205,0.1069151871252415,5.660765208132759e-05,3.6060049333895574e-05,0.2285323141588551
154,0.0002356312850185381,0.0005479504577583611,0.013690063811326467,0.008226971898034549,1.121064422908986e-08,5.009844798831082e-05,0.004770790443581363,0.30419639136651444,0.004444974353617079,0.6638371167255166
155,0.013940310750836765,0.000335656874237548,2.5462205904789974e-05,0.005903523891116818,2.7617293132322206e-07,1.1611490932791754e-08,7.51489798053683e-06,2.9075680989143248e-05,0.27656996041014176,0.7031882075043704
156,0.049624051575805996,0.026168538925136358,9.226615082705209e-10,0.0054469788905730735,3.2268246297554428e-09,0.0001750931075654538,0.013372283112238904,0.002631385578687179,0.00152619180008491,0.901055472860422
157,0.0033680868496937452,0.002199902211150856,0.031080740724911484,9.11588590859842e-07,1.0080543151998607e-06,0.001685412693667434,2.972222730028531e-05,8.524847299997535e-09,0.11975657819058946,0.8418776289349333
158,9.649936157909833e-05,0.0012885656439279153,0.0004404598378980727,9.798767567677634e-06,5.049790446213722e-09,0.00610667664564374,0.018352716744645312,0.0002282719429525099,0.020363514058452454,0.9531134919475427
159,0.08744845001474523,1.0367370160129425e-05,0.0004941517713871782,5.872888282083553e-05,7.271283116946851e-10,1.5883664910887217e-05,2.254038358827467e-05,0.006083791619882408,0.5954482276843966,0.31041785788098003
160,3.483041870374867e-06,0.00184323733897481,0.6002318667230641,1.5857404245386223e-05,4.2569521741191554e-08,1.7764435713324644e-05,1.0771232970195331e-05,0.011504845199173563,0.005230227022595671,0.381141905031871
161,0.29632448243835635,0.0013809050846391422,5.503498792472682e-05,0.004316415371574466,3.874416141731439e-07,4.86075660402717e-06,0.00036103428465657537,0.12949072963022254,0.2773278368118337,0.29073831319257426
162,0.005203927418798167,0.017223557325951554,3.5158221247994226e-06,0.00010961989414188635,0.670089153113392,0.0002038473824896832,0.00453000175061136,3.6325487830794087e-09,0.16480157422965025,0.1378347994302913
163,0.2503981308696327,0.01050257220834635,0.00018965362085329493,0.0025446928598180326,0.0003615757705289665,7.916386523776204e-07,0.0001164202652220296,4.3932088560245755e-06,0.2670392742798793,0.46884249527821104
164,8.379142835481845e-05,0.0004088721313157363,1.6497953250723812e-08,0.007893558427745029,2.0747078470020428e-08,0.254006851910116,0.013674353130855875,0.00019493403423410471,0.0006425004903270933,0.7230951012020196
165,0.0015355394863922204,0.0009784703862915104,1.9359562795287681e-07,0.0016215637205674914,6.488353463041964e-09,0.0033524412175794088,0.0023494404050264394,0.0032236777005520373,0.0022591732681932226,0.9846794937314163
166,0.006593348280684282,5.762840142797634e-05,9.134501305760086e-09,0.00011343801879374828,3.3211313039267385e-08,0.06685723961402379,0.06090250160346196,0.00021931138784630602,0.0001152226041284704,0.865141267743819
167,0.007304403283544678,0.0598029369424901,0.0044655639921453525,0.014685532769580229,0.00048277573908900556,0.0004720353373157425,8.645307654779852e-06,5.7131511106150225e-09,0.004512247708879829,0.9082658532061492
168,0.007875965546301626,0.0007791759894880395,1.909370444896675e-06,0.001970151288524532,3.4562470004446583e-06,2.9675731561919722e-08,0.00015518199127257106,2.215289654401693e-07,0.013945307783620098,0.9752686005786508
169,0.29361917431792595,0.0014532115666747523,2.019465930836955e-06,9.0618265493471e-05,1.6709914299328318e-06,1.576238968207385e-07,3.2535341491672235e-07,4.631291913112482e-08,0.14817018841301655,0.5566625876892975
170,0.0017236795474220952,0.0004838647171109429,1.0488161356833375e-06,0.0007201454694556287,4.424835395626494e-07,5.343671751091561e-10,1.9255077118207293e-06,4.39784704583732e-08,0.12669166106213026,0.8703771878836565
171,7.86803899907243e-05,0.04117529628635004,0.7404656214631496,0.003035107423840151,3.035306562984626e-05,9.325698434536259e-05,0.0024140625478508183,0.0006295071915091438,0.06888555177749292,0.14319256286984122
172,0.0029077706126998965,2.984791367864762e-05,6.044611551482072e-05,1.5195511525634214e-05,3.443645665414448e-08,3.729896630942788e-08,1.416792439808989e-06,9.692063789186682e-06,0.23351424341795246,0.7634613158369766
173,0.07116255091462387,0.00012471399436947504,3.581592487794512e-05,0.03726031404475994,3.4277963203821844e-07,7.775407720177712e-08,0.00021707663531340425,0.012592739092185615,0.35813318495267876,0.5204731839074819
174,0.01315157762065821,0.2274167405040248,0.00035065832223613903,0.02810305239468486,0.0742036036540704,2.3846397972020764e-05,0.00098845129738502,6.944824950144647e-08,0.07676126420348939,0.5790007361572297
175,5.611147287289311e-05,0.0834331467717441,1.6113996909642984e-05,0.6057188133561693,8.585995408661245e-06,0.019019953725029556,0.001939622456337747,1.0232851580573383e-07,0.0002327070929052023,0.28957484280410706
176,0.10500666966607324,0.007416040601141073,0.0002304028099049692,0.033240055119528475,2.3237877910028533e-05,1.496493021715808e-06,0.0008966754047877285,0.003670624144042531,0.3778560687666827,0.47165872911690765
177,1.3547626018814296e-06,0.0925443036106028,0.0010566083076178187,0.41620325370493566,4.3550062207158715e-06,6.0621084543681586e-05,0.002511464210195392,1.0204420911593293e-06,0.0005357235671804341,0.4870812953040104
178,0.00014530216672794526,0.0012881407325396259,4.195040987025521e-08,0.0017795771991880281,5.846011945577187e-09,0.006647666319164803,0.0016236645158481835,0.0006677481805928266,0.0006691240127372966,0.9871787290767795
179,0.08708228220553528,0.005561992960811314,1.7226491333560067e-05,0.05406862380756301,1.1050316001324741e-05,5.509020706975508e-08,0.0005662461480641986,3.16271201446645e-05,0.08252174946839981,0.7701391463919397
180,0.00815690570186852,0.000641384845802882,5.472512080112022e-07,0.0020828672302204386,1.962115659373798e-09,0.004225939095570665,0.0006694476688073237,0.006942185138226302,0.008373488012902199,0.968907233093278
181,0.011552336826762037,0.0002383529953705766,8.615758993152405e-06,0.0008103562722151526,1.1495947220664536e-06,1.7566107554297962e-09,1.6144891384643632e-05,8.855548190048092e-07,0.10637407545267248,0.8809980808964503
182,6.899266326899393e-05,0.0001698152044918809,1.8676216535730563e-06,0.5097135108197149,3.6049844436463073e-09,1.464054081592852e-05,2.110076973121661e-05,0.0004186011136657778,0.018130099946019922,0.4714613677156532
183,0.0284650134027298,0.004490535323128358,0.003506977108555705,0.017080662618876776,1.5800820664456754e-06,2.358192467455109e-05,0.00010970644785766523,0.08733370329534024,0.6376231620178041,0.22136507777896627
