,proba_0,proba_1,proba_2,proba_3,proba_4,proba_5
0,0.10727783052541733,0.2973130317966286,0.17264465065283346,0.05803194563954789,0.04114123126552816,0.32359131012004483
1,0.08864547210096142,0.1835127806899002,0.18739988601046303,0.069771837768639,0.04701687612517758,0.4236531473048584
2,0.07965454893802833,0.1543061423766755,0.4596510979929726,0.08399732068939623,0.05255631973649715,0.1698345702664301
3,0.030948905641025804,0.0417952402861635,0.09505704193707641,0.4183845230058235,0.3097438964854426,0.10407039264446823
4,0.08504003835422488,0.17569210948757955,0.4684308315438057,0.08288695727699544,0.05207621348631543,0.13587384985107842
5,0.05333105158645061,0.08522227167013248,0.1825685921271867,0.13319850797622473,0.07564087805453183,0.4700386985854734
6,0.038199299657489895,0.05373582700027116,0.12492955387094158,0.40620792374494435,0.25028926091767795,0.12663813480867459
7,0.0669670035062512,0.11894119365684659,0.4929014250103084,0.10358637978415179,0.06084966238438403,0.15675433565805855
8,0.05528773999264822,0.0900451324087273,0.18742813279613502,0.12302287918888519,0.07155484689520081,0.47266126871840336
9,0.03185247634164065,0.04330533118242827,0.09566096155815113,0.35075535605755576,0.37551333206047666,0.10291254279974762
10,0.7371384435979627,0.10245809584009254,0.05928468560663579,0.029534933522435428,0.02250533117502834,0.0490785102578452
11,0.08122642813550435,0.16013943803454836,0.483585431552738,0.08443089593041393,0.052789623151650755,0.1378281831951445
12,0.0745331402709113,0.6524529906947043,0.1050278512100317,0.04798077851831919,0.03505860414405653,0.08494663516197697
13,0.07313491419344169,0.13735500831823433,0.4782796337717364,0.09834560876510362,0.05883567285662847,0.1540491620948554
14,0.12222247816700126,0.6464094383511814,0.08252938296561992,0.04208876251633437,0.031222957841216585,0.07552698015864644
15,0.03283542192768772,0.04431207674697053,0.11295004842447155,0.48086424956472684,0.21510346840538536,0.11393473493075795
16,0.07654495427788702,0.14716361118004803,0.49747420156154704,0.09117636517938352,0.05562343282107816,0.13201743498005614
17,0.03312150934923072,0.04598308145598532,0.0977410606131618,0.41489064285786176,0.307621979629616,0.10064172609414423
18,0.3100553466251988,0.5092026712937902,0.06532950697120964,0.03272275077945202,0.02464511242373642,0.05804461190661301
19,0.7549148638873984,0.09112217721895645,0.05644247540185493,0.028207347868580528,0.021622630045664015,0.04769050557754568
20,0.75442243057494,0.09179892905775061,0.0543452077649025,0.02803206980967842,0.021508556489048185,0.049892806303680474
21,0.08371954865204029,0.16680388177569755,0.16366841131785495,0.07394718562051864,0.04952834844682379,0.46233262418706467
22,0.2785515673560066,0.5369966211729307,0.06921410679509962,0.03326870022290449,0.025042385314121132,0.05692661913893746
23,0.030177537246154136,0.04031071558918146,0.08578185165287505,0.3332602668210758,0.39660952107940933,0.11386010761130444
24,0.7811156652966041,0.07407849873359743,0.05081050824540155,0.026901169811578782,0.020727689304668426,0.04636646860814953
25,0.03484221073502501,0.04848150416270932,0.10455223034811449,0.3694049107370149,0.3265841885542347,0.11613495546290128
26,0.7272830909735097,0.11805496930178508,0.05562293019666092,0.02785920078215941,0.02136402467769702,0.049815784068187936
27,0.033611622356914436,0.046241018780318104,0.10936743764796272,0.49409902032169706,0.21167352716798665,0.10500737372512077
28,0.09700844122263279,0.21843451778388961,0.1684647939262818,0.06466735508289403,0.04460918767860633,0.4068157043056953
29,0.033844500555947475,0.047038296060179646,0.09923089818245666,0.42240308960998985,0.2877937587827119,0.1096894568087142
30,0.07642766388547012,0.1433403718016217,0.18399281990566804,0.08443277237823903,0.05428128507204389,0.45752508695695737
31,0.07729983239496493,0.14621140544974373,0.17679352033725784,0.08075646183021921,0.052809286316917205,0.466129493670897
32,0.0399580220942193,0.05709150568856608,0.14047569191364603,0.46641581107727786,0.17407592723218898,0.12198304199410137
33,0.028097822578178847,0.03734509794003875,0.08105629542892914,0.24975621849491342,0.5099434378624043,0.09380112769553524
34,0.24474504273039435,0.5455160293651049,0.07716027539613098,0.03739672019295291,0.02781629823044217,0.06736563408497484
35,0.06749509416078879,0.1201799516039552,0.4681400541056868,0.11334965763303159,0.06500682132234466,0.16582842117419289
36,0.0753945727807561,0.13848960343184072,0.20664832600109695,0.08152821077275649,0.05282945801357096,0.4451098289999789
37,0.08130917378612107,0.6414844144087987,0.10279475805089704,0.04863290267195786,0.03554035383756293,0.09023839724466276
38,0.03389089599693918,0.04605145099386178,0.11860078033842056,0.4586325942211167,0.21948778555656684,0.12333649289309466
39,0.07126839731218684,0.12908618489501006,0.19771521381256674,0.08900193826766864,0.05646482275336105,0.45646344295920654
40,0.14033767628971908,0.6403311404215133,0.08483203641148562,0.038940158130679005,0.029032742726189095,0.06652624602041379
41,0.09000510745125861,0.18916203180545033,0.1664340655549492,0.0697952496764887,0.04729718967263584,0.4373063558392175
42,0.02891384613605805,0.03835879516489832,0.09455119288810544,0.4687121303984108,0.27027832659877626,0.09918570881375131
43,0.06624842057651575,0.11682613161716311,0.4640766888654398,0.1137876065901203,0.065319774862687,0.17374137748807422
44,0.05995921511458671,0.10062305093798905,0.18574708459302477,0.1055471338339917,0.06458012640793986,0.4835433891124679
45,0.7632758417184579,0.08342440463348688,0.054255251497946945,0.028378147275143387,0.02173845262780097,0.04892790224716364
46,0.03517004130547462,0.048985149902955424,0.10441528452314137,0.3653343867731432,0.33537628477935055,0.11071885271593486
47,0.03152905895398749,0.04228661025842372,0.10203824151346302,0.4889541664355822,0.22827094349455776,0.10692097934398545
48,0.5273961522353721,0.2932720719826914,0.06386602537828248,0.03149913990152411,0.02378379736582861,0.06018281313630157
49,0.03680300108181906,0.05149912658869937,0.12534198855924353,0.48683726810701744,0.1829723328793838,0.1165462827838366
50,0.07644724177648794,0.6352604408068203,0.11315599024952823,0.04926319377402433,0.03591320979639535,0.08995992359674376
51,0.4458205152140657,0.3804354648757119,0.06086233646707957,0.03101648326643691,0.023498646340527507,0.05836655383617816
52,0.08662866140888574,0.1775775381562191,0.46520628397961283,0.08295417809569441,0.05239244408441761,0.1352408942751702
53,0.07040029652611837,0.12866064992333448,0.48721780218425803,0.10614844575376356,0.06201012496331293,0.14556268064921207
54,0.08968067249405383,0.18513961133907333,0.18466790441126393,0.07292687995885229,0.048993454768810785,0.4185914770279457
55,0.09271767859288846,0.1970309882602688,0.18713941981804563,0.06927418635947383,0.04687644222133502,0.4069612847479887
56,0.032527201624919955,0.04435382276436974,0.09626996253707519,0.3149652757050657,0.4022945447597157,0.10958919260885347
57,0.09181770340019489,0.1982907254696405,0.4410980539835922,0.07771307101123918,0.050076880806094515,0.14100356532923863
58,0.0760831026509432,0.1454390480328819,0.47307406102074884,0.09374516433090714,0.0568355886519416,0.15482303531257713
59,0.06636530117338767,0.11638927348198991,0.47173667679397463,0.10721914295470925,0.062405602430539206,0.17588400316539934
60,0.032429641571193796,0.04421154866715473,0.09110062356391074,0.3197773998837719,0.40647791756219587,0.10600286875177328
61,0.03666213035913513,0.051223973822754426,0.11996841606515415,0.4798706778040379,0.1922341519374525,0.12004065001146587
62,0.2604187485200591,0.543764755405369,0.07492083411495103,0.03493047846287934,0.02615510866558003,0.0598100748311609
63,0.26621387714085504,0.5449000480791133,0.0675813038553446,0.03452907199370435,0.02596087418087883,0.060814824750103934
64,0.041128985147301414,0.05884715984446698,0.14990355025259144,0.4678295000474215,0.1530391335450107,0.129251671163208
65,0.030551910928630487,0.04088704843288634,0.10377802405615738,0.474740371770492,0.23750393183325677,0.11253871297857711
66,0.07495021332909436,0.6590640831948995,0.09821917998944257,0.047278646913990495,0.03465265236587721,0.08583522420669586
67,0.033927171653200715,0.04714892190506058,0.10352754680085231,0.39780593753453386,0.30453372549915947,0.1130566966071933
68,0.03249071868634608,0.04473614559529005,0.10648133204855063,0.41832939054790647,0.28944238393821053,0.10852002918369673
69,0.11996837417201202,0.6474176781045067,0.08422405857732104,0.0420688941170753,0.031206247934086075,0.07511474709499862
70,0.10814216758598774,0.3104984777631386,0.15075318122032458,0.0577742436777796,0.04115668541203325,0.33167524434073625
71,0.030679853632975818,0.041414675737522846,0.09741294863026664,0.4778969479899352,0.24812637354207454,0.10446920046722509
72,0.08191663590093554,0.16156280452844854,0.47385015208741266,0.08095570327989043,0.05123626357535961,0.15047844062795335
73,0.09891500659929046,0.6466169643769234,0.10324715920946019,0.043750156274795456,0.03227784022407879,0.07519287331545207
74,0.11210917350100497,0.6439754561647426,0.09399117454246564,0.043031624144706404,0.03177336473211008,0.07511920691497
75,0.03157550375093387,0.04251200074562761,0.08866285875255231,0.2763711700835163,0.4576814739723998,0.1031969926949697
76,0.7569547333282952,0.09114208166399286,0.05306884741301567,0.027672502012671223,0.02129374130337953,0.04986809427864519
77,0.03251545416197447,0.04456585034373519,0.0933621888401911,0.31790589747138365,0.4142916009597944,0.0973590082229211
78,0.6038917173005748,0.2212446220514655,0.06287638419259267,0.030676976792659617,0.02326589358872496,0.05804440607398247
79,0.09196226955280654,0.6138721678561782,0.11457470860975232,0.05061265077543483,0.036727554223515375,0.09225064898231282
80,0.6097475915824141,0.2196743373071604,0.05989004220016984,0.02991383469734835,0.022782830726874793,0.05799136348603257
81,0.7663702274764389,0.0793815757825163,0.0563297397857784,0.028045871064860218,0.021504336201424373,0.048368249688981846
82,0.6267962615457144,0.20837335389691358,0.059752517110473156,0.02981780043813064,0.022662839865384973,0.052597227143383544
83,0.7120481656634703,0.12802156873424927,0.056105956041671845,0.029388612130390766,0.022420576462280222,0.05201512096793815
84,0.07009330474531827,0.12483619069683266,0.19531731762775356,0.09218010037292573,0.058294282235896396,0.45927880432127355
85,0.7400241376418702,0.09908537656523682,0.059224524436652506,0.029466820954857798,0.022461136519223518,0.04973800388215941
86,0.03579344218008515,0.050139446710439045,0.11484002096902295,0.3734848923636071,0.3113129182742232,0.11442927950262272
87,0.0867943038417539,0.17515487941473126,0.17942549857014123,0.0742136857476588,0.0494882568839204,0.4349233755417945
88,0.1170407137688732,0.6570938255328767,0.08104495451021908,0.04035557542099255,0.0300657331089559,0.07439919765808269
89,0.03720780460146234,0.05262220113366008,0.11966956118350848,0.4811047748994074,0.19559440780741127,0.11380125037455015
90,0.5246719631059312,0.31515273979192815,0.057128700076291415,0.029578464873326514,0.02248810784978947,0.05098002430273331
91,0.042050643698941965,0.05891347298596576,0.1686463702105317,0.422966385504854,0.14940159889040905,0.15802152870929767
92,0.03986382736498277,0.05612747080061358,0.14643971324367697,0.4505134567748421,0.16703184068077773,0.14002369113510688
93,0.037219412332758404,0.052323743223080484,0.12150303486741969,0.45804511996121455,0.20996550378630088,0.1209431858292259
94,0.7600988213105349,0.08723613263059184,0.05475063598931159,0.028304635142421077,0.021683075573214864,0.04792669935392548
95,0.07924385365195052,0.1537723269178174,0.47311562901624443,0.08771507508800666,0.05422512632644483,0.15192798899953636
96,0.155334402830771,0.6192350000829515,0.08496498019786657,0.04077038621340259,0.030211900276330354,0.06948333039867782
97,0.13540605464476557,0.6544890415625287,0.07943680119507099,0.037909052181361,0.02837454789043633,0.06438450252583713
98,0.08999132399513153,0.19009255942719272,0.43489670519489076,0.08000860408900067,0.05106497059868077,0.15394583669510334
99,0.03218220761280036,0.04377043095157243,0.08973128101744246,0.2493296664946098,0.4823442888071029,0.10264212511647178
100,0.03962610044493559,0.05530725243398904,0.152848089009066,0.4539258509871349,0.15187440063452634,0.14641830649034837
101,0.08748078417739134,0.18079382378016406,0.4404955318503756,0.08482308470753683,0.05338985152315036,0.15301692396138214
102,0.13575783291301646,0.6294939103039707,0.08462558895270132,0.04063680622608163,0.030235730878202926,0.07925013072602675
103,0.1075404720419991,0.30271195199075823,0.18421370907183993,0.060892161879388854,0.04277675189496463,0.30186495312104944
104,0.07835033043188265,0.15161355779685415,0.4894253646415365,0.08999363440385225,0.05510327671350071,0.1355138360123738
105,0.07124959006552727,0.13076702076290367,0.4912321071673013,0.09772786661313186,0.0583771021256367,0.150646313265499
106,0.07096112003995005,0.13022639843450187,0.48347113982309187,0.10597165421703889,0.06192290995150823,0.14744677753390903
107,0.07719312596049555,0.1470396981401485,0.47530577220180636,0.08741003527049131,0.053985284373647434,0.1590660840534108
108,0.5850286874619273,0.24741341817736207,0.06296206022422005,0.02997219889077004,0.022766788344581165,0.05185684690113992
109,0.038296942056837126,0.054605557469013556,0.11241442824450462,0.44956729947143725,0.20469695842239882,0.1404188143358085
110,0.05032707601124359,0.07891461105386441,0.1633787361314011,0.14239470881406102,0.08028151708816028,0.48470335090126965
111,0.061647897966383786,0.10367157053596336,0.4162360185330963,0.12688311186855836,0.07049292308137957,0.22106847801461882
112,0.09473996900360679,0.20638042821962818,0.1903388983583296,0.06587117684796173,0.04507230412609426,0.3975972234443794
113,0.03797580753394327,0.05280018581056937,0.1382444356626086,0.49120383169272486,0.15013336102021566,0.12964237827993824
114,0.08763478215149272,0.613993675930669,0.11257449986964349,0.05254374758873174,0.037972519986170704,0.09528077447329211
115,0.14223168760833813,0.6437628598383767,0.07719993421826826,0.03874053347770705,0.028938540439201597,0.06912644441810865
116,0.0315536591217412,0.04276476734141008,0.09606444661552722,0.4051686985406012,0.3121657927010785,0.11228263567964182
117,0.07442184970137711,0.1407745820871046,0.48524705641006605,0.09961039473070536,0.05931703116952973,0.14062908590121748
118,0.26383506052632094,0.5510286560613249,0.06585321104590519,0.033514507044005465,0.0252758615756125,0.06049270374683065
119,0.0276609245399612,0.03638535804333233,0.0700556698848015,0.13667281736728135,0.6370225844329742,0.09220264573164932
120,0.05769000883421044,0.09400230995098013,0.3473059552947133,0.17539337611628855,0.08658473106019461,0.239023618743613
121,0.036155247034837856,0.05075553532772713,0.11578144180336244,0.37793841791434934,0.3057076683991872,0.11366168952053611
122,0.033615055415551064,0.04567471176745871,0.10836492013410995,0.4596200495065366,0.2358362593467437,0.11688900382959984
123,0.07333438075956025,0.137052668743836,0.5113390968422805,0.09109221493344594,0.05545183172571329,0.1317298069951644
124,0.7046876896268099,0.13061959882487206,0.06008666179399881,0.0302054659462892,0.02295244081761755,0.0514481429904127
125,0.7214504588891048,0.12003565613238487,0.055831090918629776,0.029194956382904626,0.022311179968234823,0.0511766577087407
126,0.11210917350100497,0.6439754561647426,0.09399117454246564,0.043031624144706404,0.03177336473211008,0.07511920691497
127,0.15766022133271365,0.6020349793636277,0.09113105224922015,0.04267963215581009,0.03144780968528269,0.07504630521334589
128,0.1409493537357412,0.6202161306815346,0.09056364135919003,0.042310398913159034,0.031231367902130165,0.07472910740824468
129,0.0957461445179486,0.6746506110197662,0.0812427439950254,0.04182131823469632,0.031114281276403907,0.07542490095615975
130,0.03486357268048865,0.047408342227862346,0.11421977541461924,0.4711204209579403,0.2203850320658581,0.11200285665323097
131,0.0880587601424388,0.666000965497322,0.08980660257609462,0.04379501577685835,0.03244100484751768,0.07989765115976839
132,0.04223358311883196,0.06090277047109789,0.15883126109602952,0.4528255988359241,0.1502314271372392,0.13497535934087745
133,0.10823289985282335,0.6652016864262614,0.08060427027711148,0.04087590093433601,0.03043553569756959,0.07464970681189778
134,0.5031864766555768,0.32104577804092277,0.06501430403982181,0.03040210299944881,0.02305105762233056,0.05730028064189975
135,0.7664714304688715,0.07924489949396692,0.05553495578564556,0.02844638387476606,0.02179078599052269,0.04851154438622707
136,0.3603383379683846,0.45466156416173126,0.06497115374746983,0.032511613502730775,0.02451432210506197,0.0630030085146215
137,0.06230834130824707,0.10608650136246037,0.17558161264184036,0.09866349026366215,0.061459693990025,0.4959003604337651
138,0.24588970516523836,0.5345353147697285,0.0852986490410364,0.0386608088620504,0.028619870125378873,0.06699565203656736
139,0.03555037391025691,0.04975050529795801,0.11397388644204452,0.43733357372982734,0.24820401002622833,0.11518765059368495
140,0.08552860133181243,0.171994689571201,0.1808300177445053,0.07394645236983105,0.049361349236558896,0.43833888974609125
141,0.761168616049174,0.08641045380895161,0.053899871684437356,0.028021843548697217,0.021526861635209307,0.048972353273530764
142,0.5645877456109024,0.25901921324115706,0.06468685846792384,0.030374869321977485,0.02300569705881597,0.05832561629922296
143,0.6851021215509759,0.15379717004354268,0.05756007386883023,0.029176515254493322,0.022249793405956543,0.052114325876201247
144,0.6814237270516914,0.15144864487676404,0.058043675914800516,0.029556651275213675,0.02257951568683728,0.05694778519469297
145,0.031648836937921906,0.04292931219782844,0.08719120183281905,0.27717891778274434,0.4584800092479074,0.10257172200077869
146,0.06687956839376406,0.11930391758613147,0.47878687714018897,0.10798654722511686,0.06274685735829524,0.16429623229650372
147,0.035983270202417365,0.05039889828728784,0.11483765075250355,0.47380478793890224,0.20713891745944757,0.11783647535944122
148,0.08077404302154045,0.15519047733667252,0.1926827958319125,0.07912263651710237,0.051753427700034015,0.4404766195927375
149,0.08581988159478332,0.17208206785724955,0.19378261466576135,0.07466115762411968,0.04949730496878628,0.42415697328929963
150,0.02665866164091519,0.035312260416394424,0.07379014451077193,0.24883089357985466,0.5253636297333579,0.09004441011870612
151,0.7605049167895923,0.08612378198771162,0.05396232402996614,0.027844392850192416,0.021400548503952264,0.05016403583858524
152,0.03095828972970624,0.041883073995563874,0.09146126781018489,0.3873424496761887,0.3561995751156779,0.09215534367267862
153,0.7275148878923233,0.11480345558403945,0.05577474443027856,0.028073679858788985,0.02154642085607674,0.05228681137849292
154,0.7308642480693025,0.11152277815218928,0.057058136917242895,0.028592598040657863,0.021886867428837387,0.05007537139177049
155,0.7354056235104157,0.10776042187968274,0.057818487415967894,0.02876829911870826,0.021992395671826374,0.04825477240339855
156,0.07512932998010526,0.1416742510860552,0.46140242126550796,0.09179248499941385,0.055938436176300975,0.17406307649261651
157,0.09514038872883313,0.20890248414853843,0.1761041689472163,0.06666536919769782,0.045665342057965914,0.40752224691974825
158,0.07872360104216772,0.15195877741979916,0.4819697036035847,0.08834388230387631,0.05453800018455673,0.14446603544601583
159,0.09918043284963535,0.6617085916521647,0.08893630176089969,0.041933879409613885,0.03115495606053279,0.07708583826715394
160,0.09811360342929529,0.22189609038370944,0.19235053781336475,0.06879874020011285,0.04683900322542718,0.37200202494809037
161,0.026204342215602625,0.03460153496236615,0.06557804948473507,0.11642936344045028,0.6707421851606937,0.08644452473615198
162,0.029580785086951878,0.03927116831354677,0.0980714307437913,0.4274953750487568,0.2958065966679356,0.10977464413901787
163,0.033903067184097656,0.046467824296625916,0.09697730939056028,0.29615145553796046,0.41999959100782874,0.1065007525829268
164,0.07368213814780254,0.13487909833850817,0.17835951257649432,0.08164906311045127,0.0533969819344279,0.47803320589231524
165,0.7225954104452925,0.11724467421997936,0.05858121646740604,0.02947302498947002,0.022469539997732473,0.049636133880119726
166,0.09081708381618733,0.6319034176609759,0.09641396728546606,0.04736830988900144,0.03477879762784031,0.09871842372052893
167,0.07019145109068817,0.12780444502060578,0.47024306930282217,0.11572865114009022,0.06575977523065887,0.15027260821513455
168,0.0741009411447465,0.13807109271288803,0.4906709047502418,0.09151356767711134,0.05571620479441304,0.14992728892059948
169,0.07373078560495544,0.13557763970297804,0.47382034539346474,0.09527079793876794,0.057679618145631495,0.16392081321420213
170,0.7458390278786339,0.09593107456361155,0.05549268477157792,0.029088885301472526,0.022248692349887904,0.05139963513481616
171,0.029524313115638388,0.03927655211507178,0.07668277556351626,0.17286179066535295,0.5839506911910575,0.09770387734936335
172,0.09419387225054843,0.20590491497233138,0.1617262156517737,0.06789518078748617,0.046234778658601046,0.42404503767925944
173,0.7112356242795853,0.12745841095322996,0.0574289124446168,0.02950152677018075,0.022496268248992382,0.051879257303394447
174,0.09155377910918786,0.19555621113926422,0.42500092332787437,0.07916677442927661,0.050960864045658825,0.1577614479487384
175,0.08403928296019242,0.16827502849954026,0.46648502999255886,0.08489560984849544,0.05317689537458618,0.14312815332462683
176,0.060982557403663935,0.10287921816344633,0.1933029030018804,0.10297895976034441,0.06315825162973436,0.4766981100409303
177,0.06198414840838967,0.10622912655585262,0.16653142101875798,0.10233572658118742,0.0629287509133912,0.4999908265224213
178,0.06837028406934283,0.12082282962071303,0.1978291736887633,0.09032311926496243,0.05706321436232856,0.4655913789938897
179,0.06957493520750731,0.12651211942436769,0.510810882583088,0.0970621500707862,0.05796698553021525,0.13807292718403552
180,0.08690844135645795,0.17540155441090777,0.19295356962433088,0.07227882049772504,0.04819201268541082,0.42426560142516745
181,0.09528160732678453,0.2081102070452772,0.1839032690365259,0.06728400218738051,0.04589167546584735,0.3995292389381841
182,0.0379775833118582,0.05382040525725608,0.12806490893723904,0.42583177400333394,0.23299779327002815,0.12130753522028483
183,0.025621420194731123,0.03366499538281777,0.06079454538361576,0.11603314745298285,0.6790314367645425,0.08485445482131013
184,0.09648776787243613,0.21809192632951482,0.3978668879794455,0.07767541080624966,0.05037594278321399,0.15950206422913937
185,0.06578247479355988,0.114501310835185,0.20906104166350103,0.09730356134357464,0.06028439536839097,0.45306721599578853
186,0.028499932874084328,0.03810335543944974,0.0859445914179255,0.47999246769460496,0.27369576236164367,0.09376389021229221
187,0.07739984000456678,0.6233596539397829,0.11910132905480035,0.050654233502822436,0.036778946740281114,0.09270599675774638
188,0.08155793054832977,0.15818010593418066,0.18533911636275746,0.07602586470098358,0.05018385678708115,0.44871312566666766
189,0.03313271020153068,0.04515071271041688,0.1110128686215837,0.4699208716980016,0.2343761327750043,0.1064067039934627
190,0.06749509416078879,0.1201799516039552,0.4681400541056868,0.11334965763303159,0.06500682132234466,0.16582842117419289
191,0.03517004130547462,0.048985149902955424,0.10441528452314137,0.3653343867731432,0.33537628477935055,0.11071885271593486
192,0.029934929494930183,0.04010596389156818,0.08197727005557923,0.2240982780879827,0.5313979999274109,0.09248555854252888
193,0.7082548424373357,0.1290585556479515,0.06120878657535473,0.02902610027348786,0.022133293213220825,0.05031842185264961
194,0.09026416516124704,0.19335587835816773,0.44741002261090657,0.07964504865164483,0.050862801698618905,0.13846208351941475
195,0.02801450157856017,0.03705524452438045,0.07271211991194704,0.1792364714812599,0.5897562490393481,0.09322541346450461
196,0.6163394631447066,0.21173713511916886,0.06115918202773186,0.03056767487628112,0.023223381146271177,0.0569731636858403
197,0.7491122873785858,0.09802789947209724,0.05528897385111315,0.028094674348796377,0.021542116784488672,0.047934048164918704
198,0.06749509416078879,0.1201799516039552,0.4681400541056868,0.11334965763303159,0.06500682132234466,0.16582842117419289
199,0.6172955011145501,0.21451718356164431,0.0591015703709137,0.029502001981900658,0.022503733844894458,0.0570800091260962
200,0.09915958674471442,0.6130535034108483,0.10606595554939843,0.04939330544976288,0.03599587384938871,0.09633177499588705
201,0.7064396059429494,0.13617872962484687,0.054076267364624876,0.028583396560628575,0.02189019743681668,0.05283180307013377
202,0.09725569785906837,0.21700823261436095,0.18127259068231863,0.06763722156079273,0.046362513915123964,0.3904637433683354
203,0.7054206162142214,0.13021899681652552,0.06311040928413349,0.029500329365123718,0.022450567527266495,0.04929908079272955
204,0.7215451562533404,0.11968930236413491,0.056681178591207665,0.029065994191843785,0.022209601495188594,0.05080876710428449
205,0.09175419872809895,0.19352738761811222,0.1861967298903815,0.06965630903818322,0.047139458412000575,0.4117259163132237
206,0.06750461769745407,0.12018983284565594,0.5011317644998794,0.09957780978839004,0.05917856244357557,0.152417412725045
207,0.0838744977219821,0.16361946274777875,0.19997688912629205,0.07790145004238072,0.0511401848578074,0.42348751550375907
208,0.06354920759655257,0.1098493708289051,0.4755015005696534,0.11674176415640011,0.06611364881249801,0.16824450803599095
209,0.12980265472233826,0.6574239266906294,0.07372638169670065,0.03898740305824535,0.029171086024954596,0.07088854780713195
210,0.08922979819717525,0.19006914598220023,0.4575029500239977,0.07774876652873987,0.04984357145689811,0.13560576781098888
211,0.20010688952513783,0.574460008692395,0.0823284828455666,0.03960505378772063,0.029404915833310445,0.07409464931586905
212,0.05653823912045721,0.09344399412693567,0.17148481773656926,0.11294995704723,0.0676509614595182,0.49793203050928964
213,0.6955715750047343,0.1392550707865649,0.06015240763214735,0.02949807322741489,0.02252844219170495,0.05299443115743341
214,0.03092255136300579,0.041710535929110365,0.08830028809200209,0.2495376385461015,0.49080879994285265,0.09872018612692735
215,0.1643857402064794,0.6251043288846517,0.0773323031141167,0.036853597626127804,0.027649867563432722,0.06867416260519153
216,0.06448342960401648,0.1125889770121157,0.1685164909269349,0.09833464380177193,0.061048332860804105,0.49502812579435684
217,0.11164194688207917,0.6453207720535847,0.09449814203546895,0.0429775802845313,0.03170987558499237,0.07385168315934366
218,0.08211059254462107,0.15908903886061573,0.1987812311386839,0.07740324301323344,0.051051021090884004,0.4315648733519621
219,0.06114495949275629,0.1057079133980168,0.14695164327329152,0.10226002214231769,0.06316921541150333,0.5207662462821143
220,0.7524820334069295,0.09232504881807369,0.056160786079651345,0.02886832122593469,0.022053784227800553,0.048110026241610114
221,0.03349329015588932,0.04588404179851485,0.10494943285225246,0.3995966094589441,0.29693863315495683,0.11913799257944216
222,0.035344963598254606,0.0491369210418912,0.11584781111555965,0.4821471801855093,0.20504261762187365,0.11248050643691164
223,0.0783485810195576,0.15244388666852904,0.49478377809904617,0.08779529665195328,0.054153256311311605,0.13247520124960185
224,0.41069936223679815,0.4193208976938996,0.058970192093360074,0.03130604763090506,0.023678492795360752,0.05602500754967676
225,0.03518232133735263,0.048274427306822715,0.12216350240363592,0.4059700777070071,0.26173636503035075,0.12667330621483075
226,0.08538581045468069,0.17000758814765524,0.19737119234870282,0.07568387319168604,0.050142918547087856,0.42140861731018747
227,0.027248318207446515,0.03618819763114197,0.08344297229880443,0.31295145668219304,0.443258790670603,0.09691026450981141
228,0.07720918320707741,0.6620590941979958,0.09340142185583657,0.04713106701218505,0.03461694644835536,0.08558228727854998
229,0.10122031721653159,0.23934942177974816,0.16054261950072168,0.06524040400486966,0.04506699275873577,0.3885802447393927
230,0.06472031279323688,0.11288214090939733,0.48154540818556074,0.11383428416077172,0.06496067532200427,0.16205717862902924
231,0.0710618306158113,0.12877858124559055,0.17911103031420444,0.08714938408187069,0.05578496356548646,0.4781142101770367
232,0.6738002728983967,0.1685269827876051,0.059344457065003325,0.028583690347605464,0.021820547946920964,0.0479240489544684
233,0.04270736477737487,0.06209358386067771,0.15447521562229746,0.4610860579285107,0.1417856765110316,0.13785210130010736
234,0.05595234679388145,0.09043143666748489,0.40267236859500755,0.14664478530536265,0.0772634577671107,0.22703560487115274
235,0.17644962849912135,0.6293426284393537,0.07006137342563525,0.03545487538082625,0.026729853025645924,0.06196164122941732
236,0.03843821380793639,0.054384544341368225,0.13189901570729365,0.4702687975488532,0.18391362599192015,0.12109580260262817
237,0.7817182173031644,0.0720288555311128,0.05181737692485482,0.027100266249655114,0.020875627488244487,0.0464596565029682
238,0.08734996384175328,0.17654562423890413,0.1970681545417275,0.0734785656115959,0.048887431848358885,0.4166702599176604
239,0.08212436961492227,0.1573270632535441,0.20922550982418725,0.08049782696588442,0.05254651121031671,0.4182787191311452
240,0.6372155895112719,0.19444238811923592,0.058145883131544555,0.029778450178381558,0.02269801571207142,0.05771967334749477
241,0.7615391503556819,0.08359304537249385,0.056064895850628196,0.028369925583587075,0.0217455942471754,0.04868738859043344
242,0.12387266156309314,0.592350861380841,0.10903542631142939,0.04871916809908079,0.03529152451125896,0.09073035813429656
243,0.08342572488586779,0.16654201487545306,0.4809422193863498,0.08582811439316589,0.053459166572244574,0.12980275988691847
244,0.03517004130547462,0.048985149902955424,0.10441528452314137,0.3653343867731432,0.33537628477935055,0.11071885271593486
245,0.03486357268048865,0.047408342227862346,0.11421977541461924,0.4711204209579403,0.2203850320658581,0.11200285665323097
246,0.028968998568158044,0.038758626493393955,0.08866029923560007,0.42666384366926996,0.3232284412011315,0.09371979083244623
247,0.7440587080948057,0.10110386760737355,0.05648052179967409,0.028143295449588726,0.021592521331128055,0.04862108571743004
248,0.14257375965824134,0.6411068220737389,0.07639248862422846,0.039447622143019716,0.029431763788720495,0.07104754371205092
249,0.042860590952255376,0.06173962247070451,0.16114952992480508,0.42022142120475,0.1620512415246938,0.15197759392279134
250,0.034090973733766704,0.04746546504313148,0.10561048976517183,0.39160807429352723,0.31966343258501173,0.1015615645793911
251,0.07388849627660371,0.13821936130584409,0.5073874161202423,0.09042255879380512,0.05521694042503707,0.13486522707846796
252,0.04151640781402792,0.059688025664695776,0.1456388378167861,0.4711841710895963,0.15751712444973695,0.12445543316515684
253,0.03718774498476675,0.0525127602350594,0.12626559904842613,0.43000152311427176,0.22500279719011113,0.1290295754273645
254,0.030054445850827918,0.04029710187749545,0.08194474469829295,0.2323630124529887,0.5159937508720057,0.09934694424838933
255,0.0774718644974524,0.14806921599232323,0.4823261947128637,0.08596988929606227,0.0533716093747313,0.1527912261265669
256,0.06293274810734564,0.10765591411336595,0.43470611232886314,0.1314970541854503,0.07203411074802915,0.1911740605169455
257,0.6548512588045732,0.1783578353729537,0.06344443449852889,0.030186695006783802,0.022904492543356872,0.05025528377380371
258,0.10057727236142162,0.6621627868542852,0.08223670022315906,0.0422770908574264,0.03139865307247634,0.0813474966312306
259,0.6655772252941632,0.17019321820320693,0.0570337929541415,0.029255160603607454,0.022362975091119,0.05557762785376198
260,0.03325137076777894,0.04592077482215134,0.10446594476427404,0.469539052391157,0.2365654924317266,0.1102573648229125
261,0.09240987315041906,0.5499400799486501,0.14395293163816608,0.05843418354807931,0.041424043978978024,0.11383888773570751
262,0.070687362638552,0.12845896561281284,0.17203068110374514,0.08685584298439362,0.055516770386768846,0.48645037727372775
263,0.6889504450211754,0.14887993028081284,0.056746520249530905,0.028952640874722047,0.02216202214023584,0.05430844143352325
264,0.08451367808248042,0.16542660687937644,0.1915024797143519,0.0749519684873291,0.04980758382653792,0.4337976830099239
265,0.0354769261446479,0.04925753289794469,0.11866482177605497,0.4302917082503738,0.25101489681464056,0.11529411411633815
266,0.07461188948578705,0.13953287200054157,0.49271050967901414,0.09587192706328379,0.05758323196357882,0.13968956980779457
267,0.05848488986821178,0.0975607474156038,0.20233508377902917,0.1245194576109264,0.07171436826829723,0.4453854530579314
268,0.09860240974842939,0.6309621106058008,0.09663743294566227,0.046874437446105414,0.03438117739291572,0.09254243186108604
269,0.03366276274217713,0.0463000817697303,0.0981884331563371,0.34958163538528464,0.36115270823504586,0.11111437871142497
270,0.09615089529782496,0.21456138791966212,0.18025985828433855,0.06786348348541256,0.0461756242808446,0.3949887507319172
271,0.04374730545388789,0.06355791387846157,0.16324893270253235,0.45195962507228266,0.1448982862379939,0.13258793665484178
272,0.07406628915140133,0.1385259364717916,0.5052354172550702,0.08957483521217949,0.05488596109406652,0.13771156081549052
273,0.0322849909816597,0.04426082101700094,0.10258469597136945,0.41326786180597824,0.3105199000982965,0.09708173012569497
274,0.033844500555947475,0.047038296060179646,0.09923089818245666,0.42240308960998985,0.2877937587827119,0.1096894568087142
275,0.032901731281477366,0.045158326223074606,0.09912477732868283,0.36705954347243985,0.35522748611094596,0.10052813558337974
276,0.03843616856094149,0.05274315531074144,0.12305550997143888,0.36262762786387587,0.24010686415591653,0.18303067413708518
277,0.7324365153008262,0.11080123738817768,0.05610551297979947,0.028028072739464765,0.02149902807454329,0.05112963351718849
278,0.029625810440173792,0.03970735991122869,0.08131348260435756,0.24384195678939422,0.5078516691877605,0.09765972106708544
279,0.0340435869291752,0.04693735329498266,0.11221694954136761,0.4833964676672019,0.20840506576569473,0.11500057680157773
280,0.03335238854127516,0.04583079271741369,0.10589235274493872,0.4485628367659196,0.253538299907433,0.11282332932301979
281,0.026273020551450966,0.034672214373907724,0.08210847814000725,0.4382724669691849,0.3302889331001345,0.08838488686531475
282,0.03544184896701306,0.04950182092739506,0.11390767060135669,0.45750225435435204,0.2327418250912629,0.11090458005862004
283,0.06836819036297602,0.12186163413467442,0.44059622112957625,0.11470602466095892,0.0660179927686831,0.1884499369431311
284,0.12191061073476822,0.6395364092302115,0.08146968326520966,0.04217924972488785,0.03130553380793123,0.08359851323699168
285,0.11958551035507556,0.6487177967259411,0.08749222644642143,0.04213329723012688,0.0311834267898255,0.07088774245260943
286,0.03613332166528866,0.05074834592647794,0.11491454317352555,0.4717386846065687,0.21181592564815102,0.11464917897998798
287,0.07714450872298213,0.14764277140847304,0.4978407047563956,0.08733625612382155,0.05398678327439794,0.1360489757139301
288,0.04485126211083761,0.06568599908664091,0.16594581349419824,0.4555843162576037,0.1305382314443899,0.1373943776063291
289,0.3205696052729997,0.5038636690965065,0.0617305738421983,0.03228222241425787,0.02440872691380075,0.05714520246023736
290,0.07499972438923236,0.14179905514819793,0.48566140073934816,0.097263960374227,0.05829798820271027,0.14197787114628427
291,0.12570856630713576,0.6439714376123169,0.08418561565903226,0.04155424943957111,0.030873172137743404,0.07370695884420063
292,0.13671131993594557,0.6585231590915502,0.07330189033529134,0.037695180074305334,0.028278436988383768,0.06549001357452355
293,0.08967432630610259,0.19157600349094486,0.4601019811342557,0.0780932472476837,0.04998813034314921,0.13056631147786424
294,0.03135002553171842,0.042317594161195515,0.091185633691355,0.3179625182593229,0.41636638244789786,0.10081784590850992
295,0.7756831646726229,0.0752655066170421,0.053343779852375144,0.02757780372127944,0.021190510569984337,0.04693923456669566
296,0.08607737123960246,0.17628355643111715,0.4339187170756827,0.08099951316944755,0.05133483433109224,0.17138600775305787
297,0.07597863289251446,0.14321515907873744,0.4787918924725699,0.0912618729206104,0.055908040698406235,0.15484440193716167
298,0.04065121577609717,0.05774963339951346,0.14396422369914413,0.47033470737442856,0.1556179865554368,0.1316822331953796
299,0.032523168473843685,0.04484217670344481,0.1007864915263853,0.4116947822023492,0.3084093429490638,0.10174403814491373
300,0.07450238531847778,0.6622030944482307,0.10078066938399437,0.04659420923388568,0.03420498337543578,0.08171465823997605
301,0.1175882844206961,0.6691978919443666,0.07731659442212785,0.038938550705764303,0.029151649161419352,0.06780702934562538
302,0.10126497641016798,0.2420325012468267,0.17929452795173018,0.06315404774856047,0.04374773424979777,0.37050621239291676
303,0.1064018257037419,0.2846245881874415,0.18024133803649622,0.060431402217950674,0.04241018236513924,0.3258906634892308
304,0.1443909331881106,0.5971768320900077,0.09907725631760508,0.044849571428244715,0.032857706964252956,0.0816477000117791
305,0.07072676198989868,0.12753990851144684,0.18077156740078737,0.08606121728868917,0.055250683786147656,0.4796498610230304
306,0.6242931201464371,0.20885927140095117,0.059448010828671315,0.029347741912235503,0.022368688980041452,0.05568316673166327
307,0.2761229782738793,0.5340420494351604,0.06892974773816819,0.03457215043763953,0.02594311255054361,0.060389961564609
308,0.1560005259443583,0.5988318168444987,0.09133110989408048,0.04162210692539251,0.030774270373826355,0.08144017001784348
309,0.40497610984923954,0.40865966964544975,0.07337790355891227,0.032964358111508225,0.02466704640914026,0.05535491242574987
310,0.16163663175265633,0.6402774981137858,0.07181226213476893,0.03618235295875939,0.0272053288565822,0.06288592618344763
311,0.03252746305720833,0.043835409745686046,0.11498424360505838,0.49978962706875474,0.1999797000104307,0.10888355651286163
312,0.6511905771270128,0.1806014181627057,0.057513707526608435,0.030302023568511215,0.023057384942562625,0.057334888672599275
313,0.10146439417877426,0.4322786368608011,0.20843995398906592,0.07328900581909675,0.04970501831486258,0.1348229908373995
314,0.06934280988254272,0.12507376464145895,0.44461274782864024,0.1203595344245204,0.06804435439216552,0.17256678883067209
315,0.03388688154875007,0.04680996114403316,0.10351774996730868,0.3722394457929811,0.3421819778121901,0.10136398373473682
316,0.08914340767140971,0.18498615519521455,0.18482708019263414,0.07137424865788346,0.04790240484134068,0.42176670344151745
317,0.7693642500701082,0.07962395545769008,0.05333081149180884,0.028105707322329955,0.021569210515954593,0.0480060651421083
318,0.07737016934635815,0.1467351646899072,0.17254423884165623,0.079360077237616,0.051972076286797064,0.47201827359766535
319,0.08980713385923647,0.18482283813913444,0.18569169844036068,0.07330830038677466,0.048943780666918936,0.4174262485075746
320,0.05720374528947483,0.09496056620500089,0.17946476308041942,0.1169002609358813,0.06934138377313655,0.4821292807160868
321,0.6913474393763444,0.14925488318703203,0.05615552144860382,0.02848679440159302,0.021827964962459603,0.05292739662396729
322,0.7642984035201505,0.08203020324004952,0.05524835746086564,0.027943846783455593,0.021463648489457282,0.04901554050602138
323,0.09247777305875028,0.6678534019270933,0.08875180105613867,0.043098387586250626,0.03190292211483411,0.07591571425693272
324,0.05506310427232493,0.08955704213035823,0.16535439792128293,0.11907975515199404,0.0708360574668391,0.5001096430572008
