,proba_0,proba_1,proba_2,proba_3,proba_4,proba_5
0,0.04666323798693393,0.07788269756680011,0.08183642946584826,0.08676583480559188,0.07355418270388835,0.6332976174709376
1,0.05666371101349432,0.12697813194519092,0.13319194386728803,0.07759218715631692,0.0686988606449622,0.5368751653727476
2,0.09637512278580504,0.22454933928928567,0.46128276324062745,0.05460182473353033,0.05326544179058656,0.10992550816016476
3,0.031564795861007126,0.06299082624671007,0.05213450323585333,0.42067297088539823,0.3376192232395122,0.09501768053151906
4,0.10891293206117843,0.17753394226012545,0.5177235795233837,0.05218305551931022,0.04853824488541115,0.09510824575059118
5,0.06733166060160028,0.14834063687919596,0.14863635140363343,0.06936692440050776,0.06557039439707958,0.5007540323179828
6,0.03373792604824094,0.06833069972637358,0.06192256890803424,0.5118904331246447,0.21126277421133438,0.11285559798137224
7,0.0630556509740778,0.13066754699538422,0.5012501179889945,0.0671101379059534,0.06111419250083277,0.17680235363475735
8,0.0734996352366913,0.18008800035745692,0.2023389207679927,0.06338136455746116,0.05960401697227878,0.4210880621081192
9,0.030607846256777208,0.05702797526070246,0.051348809407299294,0.21250392846775726,0.5583447972144739,0.09016664339298937
10,0.7415837410685074,0.10398434759785143,0.06781776658801118,0.0262141321264027,0.027885584505029388,0.03251442811419765
11,0.11789522098684367,0.19726288236538128,0.5085039070266305,0.05104419862173797,0.04869583994818392,0.07659795105122282
12,0.08389016658383923,0.5289556441528137,0.14859206556446383,0.057535658933897255,0.05497455120843349,0.1260519135565525
13,0.1088508193281056,0.22438952262775083,0.45634465018618425,0.053327459553956645,0.049285148079853416,0.10780240022414887
14,0.12095518486904237,0.628813104147566,0.09188545209865664,0.04590154757309099,0.04546216114005124,0.06698255017159276
15,0.03470344814508461,0.07125282341160125,0.06790494622232639,0.4924939160026815,0.20235577228876972,0.1312890939295365
16,0.09770754592765461,0.17854715847956057,0.5399756208882474,0.055393275721362684,0.05290555246636038,0.07547084651681407
17,0.0336743078786991,0.06026930654366614,0.06571790743681483,0.6142761345229618,0.1159074134471824,0.110154930170676
18,0.2447729399863799,0.5254649447456251,0.10093262764429987,0.03707716104798696,0.038789149231323844,0.052963177344383876
19,0.7883249185882524,0.08232097932066962,0.05043671652664303,0.02456193182340145,0.02592841088467037,0.02842704285636256
20,0.735497721940219,0.1101834431516466,0.06637412673874592,0.026690280384206618,0.028589098598212476,0.03266532918696953
21,0.050365206903865735,0.07981782675084863,0.08417206712914674,0.07984114687929034,0.07416609676498656,0.6316376555718622
22,0.2570950205305871,0.49201216857301877,0.12099298238014812,0.036107616891801836,0.036735440681319814,0.057056770943124197
23,0.03700271935602684,0.08305981434015221,0.0739398690919881,0.40843319964405167,0.23077609675968674,0.1667883008080944
24,0.7851655699304111,0.07973640534905267,0.053980840925293976,0.024642058203804506,0.026460771491149757,0.030014354100287823
25,0.028619800399481237,0.051272109946235316,0.0499592797385473,0.32062258897607426,0.46717590630853745,0.08235031463112463
26,0.7597329622449885,0.09693373809395521,0.058986535439103094,0.02589767904512496,0.027240070105975595,0.03120901507085269
27,0.03090841724255031,0.05731401043362764,0.0573287848354535,0.5440401677923107,0.21382734593849284,0.09658127375756537
28,0.04983989205836859,0.08615514365658772,0.09764164932535192,0.08338166211887896,0.07296390256308877,0.6100177502777242
29,0.03368965903574913,0.06730265102661649,0.06257207343592827,0.5007247238578744,0.22324283475330797,0.11246805789052344
30,0.07029007273944461,0.11820260274203528,0.2120335972700878,0.05897152299673975,0.05718365381678958,0.48331855043490285
31,0.06024854594760651,0.10705093522422339,0.10349354632120113,0.07094202474710043,0.06668146173609178,0.5915834860237771
32,0.03387051109380911,0.06831691390921063,0.06459055729118357,0.5580341095269407,0.1543664372903687,0.12082147088848731
33,0.03426798760997684,0.06685061739454441,0.058033443873993,0.1309870118940504,0.5912648992487524,0.1185960399786831
34,0.1743739646882912,0.548293162397949,0.12762519367564548,0.04099654117135018,0.04214514946466121,0.06656598860210323
35,0.059393933927733136,0.12216135628033344,0.383632186599783,0.07247297538906643,0.06119503565385551,0.3011445121492283
36,0.06481979302219999,0.1497475419716182,0.16528665545390467,0.06989206524364443,0.06234830594759169,0.4879056383610405
37,0.08640335768663766,0.5296330803139078,0.14744282815026372,0.056776800270837896,0.05597134929757505,0.12377258428077802
38,0.03536931675143448,0.07562250844612979,0.06878170937376293,0.4366710272254582,0.24023426200208045,0.14332117620113366
39,0.06452521046226396,0.13291011679054568,0.13227542480062046,0.06947962422386794,0.06388900113018031,0.5369206225925219
40,0.18915576818946625,0.55272636056442,0.11681089299628643,0.03960605303845142,0.03880366364080992,0.06289726157056577
41,0.051262496494678636,0.09653358661996314,0.10617469802475707,0.0838684426342468,0.07555077520138455,0.58661000102497
42,0.034598607467418975,0.07082065022497205,0.06434489859566436,0.5286276042064929,0.1804015876587363,0.12120665184671546
43,0.07663577558094029,0.1382486350408232,0.5177250122946082,0.0632447202685983,0.05302082477010088,0.1511250320449289
44,0.052448558920350836,0.08969481309136133,0.08799618382860219,0.07959683515583947,0.07324280513844868,0.6170208038653974
45,0.7435337472195351,0.1009859063484711,0.06776536953705302,0.02599196882901226,0.02799204110572347,0.033730966960204944
46,0.0316825084929985,0.06442476820035381,0.05464157824500866,0.3947317232188149,0.35061723015072255,0.10390219169210155
47,0.03310559128847433,0.06889007240007497,0.06105370258829002,0.43846146127916563,0.2771562542184578,0.12133291822553718
48,0.5548808352463832,0.25141101300486457,0.0830392650643546,0.03092748428807637,0.03299455514575097,0.04674684725056996
49,0.033196975567961355,0.06534575290497036,0.06319025290634879,0.5518124758161457,0.1724930042810035,0.11396153852357041
50,0.09505162038387369,0.5664783532367199,0.13831469962323156,0.05235239519726731,0.05046884316521623,0.09733408839369119
51,0.5779557120788325,0.23605562009032996,0.0797511499336787,0.031238165458078743,0.03312235504507893,0.04187699739400098
52,0.1004871182185828,0.19837799445073467,0.49429846062553723,0.05562341011014561,0.052346641160089226,0.09886637543491032
53,0.07343861467093177,0.12222709152745256,0.5036695170422576,0.05836424136455013,0.05721214036579689,0.18508839502901117
54,0.07037888438778127,0.14476687573216862,0.16313298748341526,0.06428892625047615,0.06004996583436938,0.49738236031178945
55,0.06486977053806904,0.1340722186030866,0.14821176584501744,0.06845973485040897,0.062300789804025807,0.5220857203593917
56,0.03135791055672906,0.06222797734858948,0.04955223520948678,0.24381430873120316,0.5225998549196245,0.09044771323436707
57,0.057329465170052434,0.11199506443674474,0.37248163050533595,0.06700867488757863,0.061445628607448344,0.32973953639283987
58,0.08687570719768013,0.16231760525221525,0.49442549339741326,0.05619342000742049,0.05346665836642929,0.14672111577884234
59,0.06598611360961909,0.1564815342402884,0.49929043868787976,0.06866137639065131,0.06096839781229065,0.14861213925927097
60,0.03255630615016632,0.06747433945668632,0.05604218813734376,0.4149956093526315,0.3230397336226939,0.10589182328047815
61,0.03330187182753054,0.06806802580834125,0.06341365177980562,0.48188774739549783,0.23261683001955927,0.12071187316926549
62,0.22925563207632899,0.5220308461006613,0.12034497392800184,0.03738623502137147,0.03817227757071525,0.05281003530292113
63,0.26452679573661525,0.5162913553227609,0.0984079429984838,0.03593159709857991,0.03641905881089058,0.04842325003266991
64,0.03428804851693324,0.0690137310596569,0.06787634362104727,0.5279884910997936,0.17135082715914074,0.12948255854342827
65,0.03512819048295475,0.07441851255234216,0.06987948590478053,0.42224828740856785,0.25025517482250176,0.1480703488288529
66,0.09331285558357812,0.5791575183576292,0.1165519329966472,0.053011652061940834,0.052146555030764145,0.10581948596944055
67,0.03238604889776525,0.06455334147114147,0.05970554096009086,0.33779036094411646,0.3934709246383294,0.11209378308855647
68,0.03363309052496603,0.059269799997581744,0.06178364815606006,0.13541096896903013,0.5999280544692072,0.1099744378831551
69,0.12157403260905754,0.5750656829314276,0.12879143970380297,0.046148779850157216,0.04623542028350816,0.08218464462204685
70,0.04588449812446285,0.07189982113050353,0.0780508281100638,0.08913970957560281,0.07750461656578017,0.6375205264935869
71,0.03413095129740532,0.06841839258220513,0.06641873491180446,0.4919663869272888,0.21353638955792717,0.12552914472336943
72,0.09286346358979226,0.2028336836919957,0.48236702912180474,0.05528919619610737,0.052956305506437165,0.11369032189386304
73,0.12611064972297095,0.5783316327396684,0.12969865598850355,0.04596462477031256,0.04375481467461149,0.07613962210393332
74,0.12249837442290201,0.588786881281572,0.1292795555894418,0.046501482450837704,0.046125579696337224,0.06680812655890986
75,0.03150048213070562,0.06350650257612075,0.0533055960043813,0.32407100876930484,0.4255757069342556,0.10204070358523207
76,0.7757608609652413,0.08803354854861611,0.05354260486335822,0.025169398514540618,0.027139030394332547,0.03035455671391105
77,0.030341506423429577,0.059389855622495935,0.05005404170017905,0.281825661643752,0.4880014765162752,0.09038745809386826
78,0.6396635920917374,0.19132542260847818,0.0670586227561469,0.029311070955382486,0.03161202664734164,0.04102926494091354
79,0.07380291536599218,0.48690260826066023,0.1493949629643361,0.06435726125354574,0.06420941450907666,0.16133283764638862
80,0.6882644196358166,0.15715680683858668,0.06008997302194376,0.02838313327860953,0.03021571514508854,0.03588995207995496
81,0.7849585207434564,0.08189891812642894,0.05364571114740213,0.02468206749863859,0.026239867692559142,0.028574914791514448
82,0.6784909754402817,0.14577634823577695,0.07825903199939448,0.028331206830752662,0.029911197483179393,0.03923124001061466
83,0.7438385276685789,0.09671069947671122,0.07085368585491465,0.025909174604020434,0.028050474219761964,0.03463743817601288
84,0.06480112754922651,0.1439550364975819,0.147147381134447,0.0702897192328124,0.06529874093704838,0.5085079946488836
85,0.6462031652331255,0.17437627413017462,0.0817930328957306,0.029252237456640972,0.031328623604508124,0.03704666667982015
86,0.032251513422851,0.06347490986212048,0.05785880812976562,0.3138273081795966,0.4246739866287244,0.1079134737769417
87,0.06688713066976565,0.12079494191594153,0.17171297490570683,0.0630182792576108,0.05946896049456387,0.5181177127564116
88,0.1507335385279695,0.5814878329324744,0.10503573213612682,0.04306937258493352,0.04285520665714127,0.07681831716135484
89,0.032310388490449496,0.06181622726035534,0.06180255167113978,0.5003515177683534,0.23035588759211148,0.11336342721759031
90,0.3965435111012486,0.39463381213675647,0.09415038542675976,0.03337508017912895,0.03442756666123879,0.0468696444948675
91,0.03499938194412428,0.07860392661382024,0.06666746391718657,0.3410406785165884,0.3205243598726809,0.1581641891355995
92,0.03439543050476251,0.07021887606581,0.0687142097968982,0.5272822523720604,0.16458054379166231,0.1348086874688067
93,0.03417262764425834,0.07452711512954284,0.06243841866357812,0.475961182497429,0.2284003491775818,0.12450030688760981
94,0.7675470128117999,0.08482180235267898,0.0641419257495583,0.025053117984814702,0.027143158437243433,0.0312929826639046
95,0.09472664767667337,0.2921370088903568,0.4089713317739637,0.05645296757724626,0.05535627663061862,0.09235576745114099
96,0.12974727094729058,0.6052268982206502,0.11070875385201563,0.04510166882925957,0.04472533693324428,0.06449007121753968
97,0.17058659666499695,0.557012471488111,0.12591709995773404,0.040665140984812866,0.04039094578453753,0.06542774511980798
98,0.13808244072311596,0.20153039426673766,0.4863476584184337,0.04707084161545626,0.046291978196064905,0.08067668678019164
99,0.035142482697884274,0.07665228141486162,0.06868382582418431,0.3512857105137883,0.3180899714372151,0.15014572811206628
100,0.03482030692628033,0.0717287745621328,0.06817758677012115,0.5179047002417397,0.17722210221453605,0.13014652928518938
101,0.05247885702247081,0.09549491794153363,0.20024940377604536,0.0800831985411979,0.06666779811352945,0.5050258246052227
102,0.2058922985089238,0.5405730807987634,0.11753403104194256,0.03864585649413197,0.040271370558200806,0.057083362598037674
103,0.05643368707625556,0.09727934429384026,0.11428119679408148,0.07234164722404204,0.06400852455411236,0.595655600057668
104,0.07150280240483664,0.172035576567998,0.49934755580162027,0.06384942715382438,0.05982179417109785,0.13344284390062267
105,0.09455651709676322,0.17403740984958088,0.5372572150062795,0.05662461929721896,0.05253752640058356,0.08498671234957397
106,0.06772707870602125,0.164885604266729,0.5146809268995892,0.06845566059237855,0.061800241448818884,0.12245048808646337
107,0.087631461038696,0.18294006817552322,0.46502586725151773,0.05598755749912589,0.053732866637519604,0.1546821793976176
108,0.656707001806976,0.17005191006573872,0.07627277927111785,0.029126316786547788,0.030682792859166502,0.037159199210453034
109,0.033574385257830394,0.06374784580440941,0.06723759388381707,0.40888516229158944,0.2983844187495081,0.12817059401284545
110,0.06360601037563988,0.12182432456790196,0.13144526524692382,0.07035999316764444,0.06709416411870676,0.545670242523183
111,0.0707177028245401,0.2004070706833709,0.4438023546927276,0.06799063541820279,0.06176334026606342,0.15531889611509497
112,0.05271426139437832,0.11849256193786055,0.13290720270430928,0.08349843444335026,0.07240844239883353,0.5399790971212679
113,0.034936238310006335,0.07366091293505093,0.07013527158130367,0.4753662377522598,0.20241611474318066,0.1434852246781985
114,0.07304097251269757,0.5347291334092331,0.13455541844753974,0.06519872035299853,0.06328522121328373,0.12919053406424713
115,0.14763400891769193,0.5909521751883012,0.10649597296945867,0.04298058311709987,0.0430428799311749,0.06889437987627349
116,0.03168831634025612,0.06271628713647827,0.05861222746971757,0.4002871408903077,0.3327127328471345,0.11398329531610531
117,0.11198245976948737,0.195610086699226,0.49575521208318934,0.05271200714361206,0.050326911404392605,0.09361332290009244
118,0.2810248596652921,0.509597931684034,0.08671320657544912,0.035660393520029296,0.03669000137560241,0.050313607179593045
119,0.03577705784512763,0.07012213645759303,0.06906975187487714,0.1596111112980747,0.5215518035950278,0.1438681389292995
120,0.060550198496668935,0.09080126895806152,0.5519655050505187,0.06832148870266236,0.05947994137036803,0.16888159742172057
121,0.03088451743225038,0.06038253951032356,0.054236076166023564,0.2998325527569958,0.4544330782058659,0.10023123592854055
122,0.036357272211356234,0.08178706433323257,0.06929093348661293,0.33449719660630245,0.31741601027716454,0.16065152308533098
123,0.07744172208230601,0.1494184163119979,0.5306418563752349,0.06133836115494038,0.056516842081182954,0.12464280199433786
124,0.6763118464557587,0.14548633704588285,0.08296957933593417,0.02836444654708362,0.03036341107421441,0.036504379541126564
125,0.7521581410986561,0.10466237829318742,0.05537814281473674,0.026007721380269085,0.028424778077478126,0.033368838335672675
126,0.12249837442290201,0.588786881281572,0.1292795555894418,0.046501482450837704,0.046125579696337224,0.06680812655890986
127,0.12723862497328506,0.5764637879466876,0.1334861024269172,0.04561666460016239,0.045313914057200325,0.07188090599574766
128,0.1066474942865153,0.5786713643224529,0.13610540980034547,0.05008843206309857,0.049803057286674494,0.07868424224091354
129,0.10124036944998241,0.5793280606168565,0.12749630857082556,0.05081961088395917,0.05077562648553138,0.09034002399284487
130,0.03283187902118986,0.0704248801411076,0.057034775601889964,0.3863479788164351,0.3379509322165964,0.11540955420278058
131,0.09524051268992045,0.6342752467925582,0.09627916144716754,0.05180865346239238,0.051127775099713446,0.07126865050824788
132,0.038905218967155056,0.07819027867173134,0.07834366285453569,0.2959610331768636,0.3343034534647482,0.17429635286496603
133,0.13482798054354347,0.5902681544986496,0.10360173415300403,0.044848734960880016,0.046361460010846726,0.08009193583307625
134,0.5801059615202664,0.24699362312421427,0.0706038432021139,0.031340786085432636,0.0324849951661128,0.0384707909018597
135,0.7863581412498309,0.0812523501198346,0.052023285990212574,0.02448081209725575,0.026009880444098632,0.029875530098767443
136,0.44670019605233285,0.3359011214986417,0.09956607998532677,0.033120176785311435,0.03452767561569876,0.05018475006268883
137,0.05929890561179956,0.13153254024506097,0.14085809113309192,0.07580730007917708,0.06877447805836484,0.5237286848725057
138,0.21183610687908153,0.5895302907710553,0.06831702078723023,0.03821292057294583,0.03827475025316743,0.05382891073651945
139,0.03415612348418198,0.06936337289999771,0.06318502740529779,0.4013547161718737,0.31646272374911527,0.11547803628953335
140,0.06354909823328624,0.14249851984793643,0.17112088553717825,0.06918299520099588,0.06407628509486975,0.4895722160857337
141,0.7627445724070964,0.0958451828085124,0.05669031669194196,0.025656260313887822,0.0275226905568972,0.03154097722166441
142,0.6697304000229256,0.16017256035058042,0.07231128479587842,0.028876696069499025,0.0311344927432176,0.03777456601789849
143,0.6689685062091016,0.1512443730226548,0.0836605194464414,0.02878954970744103,0.030969278531090882,0.036367773083270376
144,0.7566471176693925,0.09905431222587831,0.057304910421461686,0.025937773272123425,0.02781630377988257,0.03323958263126169
145,0.03308622881058729,0.06964760625208256,0.055674707017617175,0.32441686436532624,0.4073350154422508,0.10983957811213613
146,0.0677505850710267,0.13927820536726318,0.4128202191163905,0.06399509086010689,0.05859669818585053,0.25755920139936195
147,0.031529803604812785,0.05951860827068846,0.05704761178988851,0.5824016803356562,0.17484717211277714,0.09465512388617711
148,0.06625357706730178,0.1133265006454784,0.19585514277347468,0.06159450303694937,0.057327299368486996,0.5056429771083086
149,0.07015748433603307,0.13713295615712712,0.1666197203033536,0.06283624551889333,0.05797927744519554,0.5052743162393973
150,0.03580607952967769,0.07020959434170783,0.061061484836073966,0.12237290803355327,0.5820220055121986,0.12852792774678815
151,0.7593887177426549,0.0981449773024955,0.05734317020155408,0.02583624296919564,0.027227364962762984,0.03205952682133652
152,0.03468805250560421,0.07431719891827475,0.06336727627359336,0.29742016347741784,0.39330250698810154,0.13690480183700857
153,0.79280109592768,0.08166169209821315,0.04631259957553236,0.024803950816204467,0.026026205479330707,0.02839445610303884
154,0.7213258834902535,0.11815826256896003,0.07083140360337262,0.027053229392147975,0.028643936870556948,0.03398728407470918
155,0.7892752543119911,0.080260440675973,0.05199286655839481,0.024410856895540053,0.025731101915954433,0.028329479642146785
156,0.0779264672001153,0.1542970760428692,0.46951929360519745,0.058484464120312364,0.05752077349089809,0.18225192554060768
157,0.05837368114486246,0.10157649797236865,0.1250805777987576,0.07002814952164561,0.06348734385763875,0.5814537497047269
158,0.09477647030963224,0.24688205596434787,0.4508882690199847,0.05557242010735866,0.05322701754586599,0.09865376705281073
159,0.13074632907050257,0.5980064700660349,0.11109189102248977,0.044781408849412875,0.044536443065278083,0.07083745792628172
160,0.06846629746415155,0.12034076005685816,0.17051538243574796,0.06223407879070898,0.056830172887048676,0.521613308365485
161,0.03613992151558947,0.07683465414805296,0.06564995743332631,0.16746265987715975,0.5118602152784084,0.14205259174746332
162,0.036650068104765544,0.08165654506158163,0.070343266493399,0.43758770280528103,0.22184908833845762,0.15191332919651532
163,0.032006865952118296,0.06424406485105032,0.05519364816863276,0.42346543268579734,0.32292937148970724,0.10216061685269437
164,0.05573092941167312,0.13485194703740744,0.12016575193231537,0.08429449808370032,0.07327744010372442,0.5316794334311795
165,0.7161913832111451,0.12459274794452449,0.06904716849553551,0.02734316150554711,0.029120755944674837,0.03370478289857273
166,0.19151899202776398,0.5661453811457782,0.08833237163201718,0.039294417553736964,0.04307179884104232,0.07163703879966135
167,0.08275177591801708,0.19378247340409666,0.49129843040682,0.060884100741877764,0.05721445296507236,0.11406876656411634
168,0.09443988631473825,0.23953048653772227,0.45296064845122835,0.056356369513773756,0.054152306544814385,0.10256030263772299
169,0.06635615880057667,0.12659208946783443,0.4296485340020322,0.06146576736714254,0.05531254380509963,0.2606249065573144
170,0.6677183788251267,0.15243671436887976,0.08094734691434606,0.028716197778628987,0.030912435962436074,0.03926892615058244
171,0.034900528394115414,0.06971203982053151,0.05579858899441221,0.15360864123367884,0.570722657168457,0.11525754438880512
172,0.04732414739640638,0.0756696226986812,0.08139775917418757,0.08845427152297344,0.07917033088461681,0.6279838683231342
173,0.6756922699804058,0.14419184826792497,0.08248907802611007,0.028312788245312834,0.030486140117634546,0.03882787536261221
174,0.1020105665536074,0.2564704287739413,0.4159877731912689,0.05349162134951509,0.05109400755149466,0.12094560258017283
175,0.07259097582745959,0.16335482753541433,0.500892351925119,0.06210128864972417,0.05580667519682454,0.14525388086545865
176,0.06232712736474682,0.15847200093809863,0.15313390476102887,0.07413713600899638,0.06727938841325627,0.4846504425138726
177,0.05702638717320945,0.11182256640409939,0.12161678116322426,0.07927972635001526,0.07566420477908059,0.5545903341303708
178,0.06180210067013458,0.15843019182407786,0.15354896778903515,0.07501104813145837,0.06743285686019937,0.4837748347250942
179,0.06760561623897784,0.1204852678981387,0.5326880367808491,0.06317807974400433,0.05901413610207826,0.15702886323595225
180,0.06871488818463879,0.13864703735298872,0.14092784605197872,0.06607796820402745,0.06029456387555064,0.5253376963308155
181,0.0540564060556872,0.10083337131158344,0.09534799480554815,0.07929515828929644,0.06980544910286597,0.6006616204350184
182,0.033095672110594304,0.06593926891730004,0.059245326529435274,0.2752843493811862,0.4532050449084826,0.11323033815300194
183,0.03462398774573669,0.07204548119035743,0.06139478695742667,0.19851970285240697,0.5003009689554908,0.13311507229858105
184,0.1018726050159914,0.1889118764833502,0.4978693996854465,0.052411849220267766,0.050358784110609324,0.10857548548433524
185,0.06787812913908667,0.14978374154989127,0.1655424497962887,0.06724239840555853,0.06162348052807466,0.4879298005811001
186,0.033668920268523014,0.07191535436772445,0.062060158970443056,0.41387157711262484,0.28901916904473407,0.1294648202359509
187,0.08250829282935244,0.5575360689240199,0.13663042319704283,0.05802739234311359,0.05413218065754887,0.11116564204892183
188,0.06458023608346065,0.12547366768793541,0.13018200078007972,0.06848029848644546,0.062398068244995136,0.5488857287170833
189,0.032641881515227386,0.06380305526969934,0.059492093942531424,0.5650580189554557,0.17399012483545753,0.10501482548162881
190,0.059393933927733136,0.12216135628033344,0.383632186599783,0.07247297538906643,0.06119503565385551,0.3011445121492283
191,0.0316825084929985,0.06442476820035381,0.05464157824500866,0.3947317232188149,0.35061723015072255,0.10390219169210155
192,0.030164276669925633,0.056995679862905,0.05486794536392152,0.2717247306729489,0.4865328275571228,0.09971453987317608
193,0.7975672329769599,0.0710982929353826,0.05561684360497593,0.023892758720062683,0.02552423889767265,0.026300632864945783
194,0.10297350451105605,0.14476133390062837,0.559659152665578,0.05160277068875027,0.048101372334656736,0.09290186589933047
195,0.033341696091819514,0.06433527722430146,0.06152652065162652,0.2013906717069793,0.5214432462443086,0.11796258808096462
196,0.7435032108024833,0.09998213704862155,0.06763230430143852,0.02629077717664774,0.028126756380401224,0.03446481429040765
197,0.7575446414900056,0.09763609246547014,0.06003532805996803,0.02584438023655291,0.027192099926546993,0.03174745782145662
198,0.059393933927733136,0.12216135628033344,0.383632186599783,0.07247297538906643,0.06119503565385551,0.3011445121492283
199,0.6607256924132376,0.16101616425861448,0.07819678874049724,0.029251353319192788,0.030664791476735325,0.040145209791722904
200,0.11717097439259848,0.6365518613737755,0.07346574956042233,0.04768148732526103,0.047171605857330705,0.07795832149061167
201,0.7465327071182524,0.10319854405560988,0.06121451963768402,0.02633853089591594,0.028355023238726424,0.03436067505381134
202,0.06399380082295575,0.14137044744961086,0.1426764033831401,0.07079869008373167,0.06371706620611056,0.5174435920544511
203,0.7782103059363804,0.08198242195039386,0.06030547797454422,0.024637855169196792,0.02601716960110227,0.028846769368382395
204,0.7485476973501176,0.09846352333029464,0.06588274683891213,0.025933341015001055,0.02793881301077913,0.0332338784548952
205,0.06408323287013375,0.11847680096464996,0.1372674121380269,0.06708729129259199,0.06086264308860951,0.5522226196459876
206,0.05616120508910429,0.08925285662188713,0.34446046717748513,0.06551499739245795,0.06083993505236489,0.38377053866670074
207,0.06295184438397518,0.1827281996844988,0.15497111529877836,0.07548854475738616,0.06747997637342051,0.456380319501941
208,0.0667822731715562,0.136227602124007,0.5199714506111095,0.06618902769693821,0.06112554160354735,0.14970410479284102
209,0.13520407070079754,0.5920130844248797,0.11137367569739522,0.044424727382087005,0.045264789575146666,0.0717196522196941
210,0.06957463098617975,0.11264297643541706,0.5376880097037247,0.05929847032896319,0.05454450228813194,0.16625141025758355
211,0.2795489403811723,0.45734721215201846,0.131217028592082,0.035428834550109534,0.036330663732384035,0.06012732059223369
212,0.056267995344750556,0.11375859566248922,0.11734728771189629,0.0791552746092615,0.0724714254064178,0.560999421265185
213,0.7249915890270965,0.12986805587898462,0.05726186769009364,0.027204621072036632,0.028804244344364766,0.03186962198742369
214,0.036062553937087835,0.08170918677884047,0.06849731199185072,0.3259826904054658,0.32956765602742316,0.15818060085933214
215,0.2364175993251892,0.525387435516934,0.10881860824418646,0.03726933913050353,0.037350118262968295,0.05475689952021833
216,0.06409296018514649,0.12603929671435082,0.12609207985697057,0.06926308065980599,0.0667351445663749,0.5477774380173513
217,0.10528176316765737,0.6052878964488244,0.11463356729551832,0.049654022783352444,0.04941454552453467,0.07572820478011227
218,0.06419552729239049,0.12493153075068691,0.14262088452467506,0.06827416252130086,0.06240939633161169,0.5375684985793349
219,0.058798709726089124,0.10013267335037318,0.1155994366630679,0.07162515386012935,0.07291657797349829,0.580927448426842
220,0.7402465908303346,0.10106194747470056,0.07146459078390985,0.02609110872682607,0.028111325363441037,0.033024436820787796
221,0.03597811161397927,0.08286474611508308,0.06854522638010403,0.3647947028622005,0.2909556966276573,0.15686151640097568
222,0.03331096374208723,0.0668993994326831,0.06332710131941297,0.5377996216359849,0.1795264533874985,0.1191364604823334
223,0.11347689177612749,0.19793659903773592,0.5130678630792834,0.05161122499772355,0.05027964486668322,0.07362777624244657
224,0.32222681739856246,0.45985163921413524,0.09454298998971539,0.03459589822973368,0.03618878839695345,0.052593866770899826
225,0.034942774784296936,0.07187636668271265,0.06833826870524039,0.44933474226805714,0.23968271412194375,0.13582513343774943
226,0.07121381040007643,0.13590872843300045,0.1940801448247352,0.06124907021926706,0.05681936474684216,0.4807288813760786
227,0.032635644390735095,0.062060375292313126,0.057526827801552737,0.13237061419690285,0.6020464992258555,0.11336003909264075
228,0.08707373192974585,0.6021994526694964,0.10496778278252689,0.055396834918753905,0.054000831880949056,0.09636136581852786
229,0.052465139873231335,0.08324082191437067,0.10031685248537317,0.07569580111465343,0.06895476097510257,0.6193266236372688
230,0.05991717606824552,0.11075892089077069,0.5044276927160701,0.06770083294484928,0.06186585032861695,0.19532952705144738
231,0.060611040771057584,0.11907350810406776,0.14383104650061274,0.07088047813277779,0.06565679165275867,0.5399471348387255
232,0.6663129653116886,0.16330699852495625,0.07546254898549512,0.028719640779779985,0.03047527937231017,0.0357225670257698
233,0.034690014362380554,0.06891512876080488,0.06841502769224475,0.5412503081661286,0.1569596865229778,0.12976983449546314
234,0.05428193508855309,0.1121191140920528,0.38420876040541174,0.07663030248991459,0.06802371521793758,0.30473617270612985
235,0.16595805449315398,0.5843327625079077,0.11032931214305473,0.04136144008930747,0.04118740308477535,0.056831027681800844
236,0.0334996191213668,0.06721544430888865,0.06442626937747149,0.5579796934727106,0.15543186231862388,0.12144711140093889
237,0.7980732487744449,0.07286310234049964,0.050924349860183675,0.023996682413661725,0.025688688502673182,0.028453928108536735
238,0.06465837820973894,0.10955427470380291,0.18520235067705448,0.062278333576682374,0.05749575896958047,0.5208109038631412
239,0.05662687739336378,0.14435214371852081,0.12734355779874795,0.08342941239751364,0.07317297858370365,0.5150750301081505
240,0.731726290745258,0.11543904041474295,0.06234630997676983,0.02689810619141399,0.02859047689173355,0.03499977578008211
241,0.801984621217105,0.07339468451514897,0.047164881985767064,0.023906038955393942,0.025839316775100814,0.02771045655148434
242,0.0885033712110081,0.5699759234858286,0.11115377021836194,0.055930700736670155,0.058358968298282986,0.11607726604984828
243,0.10694509526870617,0.34130381736797794,0.3771656402594573,0.0540765121776156,0.051734882786580554,0.06877405213966246
244,0.0316825084929985,0.06442476820035381,0.05464157824500866,0.3947317232188149,0.35061723015072255,0.10390219169210155
245,0.03283187902118986,0.0704248801411076,0.057034775601889964,0.3863479788164351,0.3379509322165964,0.11540955420278058
246,0.031648700507726446,0.06206682815171874,0.057481817726585935,0.45301326968298433,0.28566001888172915,0.11012936504925527
247,0.7937044884975318,0.07636526914135935,0.05130154812850512,0.024364499426164015,0.025678116373870873,0.028586078432569065
248,0.16058575701558142,0.6107200012020569,0.08383554503893874,0.04197533884208461,0.04337022501727205,0.05951313288406624
249,0.03558912522603394,0.07255109880622998,0.06424171830580004,0.16115974412107484,0.5277055496642447,0.1387527638766167
250,0.03133226120490445,0.05949636175187298,0.05278587364271674,0.2239276301272456,0.5360540399889742,0.09640383328428583
251,0.07919253762770756,0.1473368826573188,0.5205431962381202,0.05961986969691006,0.05611174218802969,0.13719577159191376
252,0.03165774273426205,0.061203671564010576,0.06115788719213192,0.4655347780029963,0.26403838172597305,0.11640753878062628
253,0.0343833284739024,0.07066046059221544,0.0674849652778906,0.3351821692083919,0.3478139174843031,0.14447515896329613
254,0.03612658588244604,0.0832970316024848,0.06771171158997068,0.3200662985378367,0.33670078023559574,0.15609759215166602
255,0.062178629203378216,0.14718515568591928,0.3664866008775895,0.06786118207867221,0.06209285541808878,0.294195576736352
256,0.08414865316677735,0.14585521226358283,0.5490704322017855,0.0592011119314825,0.0554077596619656,0.10631683077440648
257,0.7181505243109322,0.12120028010567294,0.07205005924140923,0.027263651306936393,0.028745366326093088,0.03259011870895604
258,0.14718493249382836,0.6034754993210901,0.09040472500764482,0.0430315449954952,0.04443942636848895,0.07146387181345268
259,0.6924303054025623,0.1378318343114052,0.07406007340660038,0.028007511842654684,0.03004953646132586,0.03762073857545205
260,0.032622498474530755,0.06719166551172077,0.06157587099951807,0.46186484998958616,0.2555333354944152,0.12121177953022885
261,0.07031135770932621,0.46979853230958607,0.15122339427020348,0.07027209862520964,0.0721347305079881,0.1662598865776865
262,0.059905895582470906,0.1087620783501184,0.11906856211988115,0.07132751456012232,0.0661270099777483,0.5748089394096586
263,0.746086316139255,0.10685126422301809,0.05906064453670307,0.026563678140470726,0.02813107255664906,0.03330702440390431
264,0.06304459184813603,0.13549365638681474,0.13293690037692754,0.07190023628942213,0.06421602327561678,0.5324085918230829
265,0.032473475567035684,0.06044153983792817,0.06232489733916749,0.5656308435884886,0.16983259809402712,0.10929664557335303
266,0.09309712958537203,0.22841350009672728,0.49220839116974735,0.05693237580190778,0.054404988671617624,0.07494361467462812
267,0.07619994558003439,0.16789234631301908,0.2264552288513182,0.062029593134414945,0.05817958015257058,0.4092433059686424
268,0.11170176630406756,0.5790220757812302,0.11970626438700911,0.04933394210559508,0.051746559545514416,0.08848939187658403
269,0.0344631833060926,0.07422075475192709,0.05507282145284658,0.40238684889915893,0.32333464640961374,0.11052174518036112
270,0.05816950023612313,0.08943228851156819,0.1208905489708223,0.06670092291675175,0.061404063522061715,0.6034026758426733
271,0.034968232272449946,0.06925668139051636,0.07015990725419458,0.5299508863013348,0.15969979924734126,0.13596449353416304
272,0.0635938527540354,0.11197907177536366,0.48467830136452983,0.06328307589456923,0.05906504926297065,0.21740064894853112
273,0.030788415421890737,0.05376180901479173,0.05375893608569526,0.1941969191504419,0.5771734038398778,0.09032051648730229
274,0.03368965903574913,0.06730265102661649,0.06257207343592827,0.5007247238578744,0.22324283475330797,0.11246805789052344
275,0.029678120247310365,0.05588643603791632,0.04816633673434117,0.3505044669297442,0.43492613045521467,0.08083850959547342
276,0.04786009813737454,0.13454974220565225,0.1084609470037272,0.2152749879985426,0.1522771216211335,0.34157710303357003
277,0.7696372776032816,0.08897351553540181,0.058904537179512266,0.025362402349787476,0.027022076453420637,0.030100190878596063
278,0.03254141744496235,0.06406847939589697,0.05290061391925283,0.1597939160328979,0.5860125023230576,0.10468307088393201
279,0.03549834822793543,0.0745559535397817,0.06962503606297842,0.4855388537007275,0.19056758817107894,0.14421422029749822
280,0.03418913810328854,0.07296462014832522,0.06383834058571382,0.42731491102908203,0.2633922828964148,0.13830070723717522
281,0.03356867401903248,0.07064765987733453,0.06116562854693862,0.40182853583550776,0.3066009820001753,0.1261885197210111
282,0.03330492709046773,0.06857433865918741,0.06326608689836985,0.5151297043040215,0.20002429549138057,0.11970064755657274
283,0.07667262177246852,0.14857397124849642,0.5443866830346296,0.061653259830502224,0.054714167302657254,0.11399929681124586
284,0.22808707678661763,0.5497763180986287,0.08301083230835944,0.037419103986613377,0.039753955398200085,0.06195271342158095
285,0.0991426725378331,0.5959892669477947,0.12220461894717127,0.05089448764808182,0.049895254932966523,0.08187369898615253
286,0.03449302531206974,0.06923787702378698,0.06854766813711773,0.5372990141572762,0.16167043942015238,0.12875197594959722
287,0.06941038972650307,0.11818857030068701,0.5139430780405606,0.05991545804297889,0.05531934892760869,0.18322315496166183
288,0.03498725596637301,0.0742088044252755,0.06993293117056394,0.4819421000852784,0.19498047711652847,0.14394843123598086
289,0.29678430618765866,0.4987089777057824,0.08626889303436235,0.03513532228100086,0.035803289056663405,0.04729921173453251
290,0.11474214088874486,0.19430162120731648,0.5248743276636723,0.052105567499309446,0.05021031919753815,0.06376602354341858
291,0.12120439437559379,0.6075586077431172,0.10993218029157693,0.04582090479661663,0.045278159565553845,0.07020575322754145
292,0.1445607793427804,0.5759901568933475,0.1204565415865283,0.043474015215182495,0.04353644163468972,0.0719820653274715
293,0.08670982422936664,0.14207700061670783,0.539804662985193,0.054144131220241594,0.05060795250351726,0.12665642844497332
294,0.03097325672206878,0.061390470519441354,0.04947503478991288,0.3508200524452422,0.4181113374219748,0.08922984810135982
295,0.7693968820358115,0.08797561058479647,0.059645267007883626,0.025223974784369173,0.026595099521607733,0.031163166065531364
296,0.06435337579692042,0.12966700553681776,0.3356060142792147,0.06299224006512878,0.05813666176835985,0.3492447025535585
297,0.07863138095994279,0.23886710680548473,0.4361758833399553,0.06133770842045653,0.05712481550458564,0.1278631049695746
298,0.03403441997330049,0.06900281840382386,0.06592095755444004,0.5396231205883814,0.16702267631542986,0.12439600716462466
299,0.03071279602484302,0.05879763793151854,0.05745163930442563,0.41419208033160476,0.329005759198437,0.10984008720917104
300,0.08258876947533096,0.5641393396385642,0.12827775676811917,0.05755708855258639,0.054808302904822255,0.11262874266057729
301,0.12580059320307058,0.586423781542075,0.12550515151147948,0.045883558499707926,0.04518332946111774,0.07120358578254896
302,0.05272876258505903,0.08695697418243808,0.09026332758283781,0.07748849092372476,0.06881778310096373,0.6237446616249767
303,0.052904411255243554,0.09093250666032658,0.09506988525377501,0.07730379731659416,0.06715195112945754,0.6166374483846031
304,0.11701241518069798,0.5625582792605346,0.14709867041061314,0.048527727154592894,0.04829532974497793,0.0765075782485832
305,0.05912442163072796,0.12323512011118105,0.13100173010104557,0.07440357022297855,0.06729116509879172,0.5449439928352747
306,0.7027569713151438,0.14599308375537942,0.05871386626473958,0.028360680900167558,0.029771059319753535,0.03440433844481643
307,0.21491410419485635,0.5631774482159377,0.09503369464628782,0.038067375926538194,0.038952965221191876,0.04985441179518805
308,0.24737548582362107,0.5432200322893376,0.08276366692021216,0.037043088087958476,0.03897174760217615,0.050625979276694696
309,0.30143858638250737,0.4564388425963498,0.12560080608615443,0.03480989501107758,0.03664506735399315,0.04506680256991716
310,0.21386631253660793,0.560523568174851,0.09526938873924445,0.03816464040577726,0.03817683884328294,0.05399925130023667
311,0.036101675713179446,0.07671835861448052,0.07213008542016962,0.47890327937203797,0.18417260267436225,0.15197399820577007
312,0.7402819081810783,0.10629877008069819,0.062396167621386896,0.02651787046304436,0.02860900424540058,0.0358962794083916
313,0.057523236216169636,0.3190281911173945,0.26481156312260196,0.07770350257943366,0.07688973257004643,0.2040437743943537
314,0.07871534477811651,0.1735102002923222,0.5244284261170168,0.06461417706586794,0.05694574586360626,0.10178610588307042
315,0.029073220405358625,0.053340522372701864,0.04708089304938865,0.29461624280304505,0.49738113462173444,0.07850798674777106
316,0.06484426171093503,0.12828645157392438,0.14267412898577833,0.06658513868172196,0.06148453316064115,0.5361254858869989
317,0.7826596277427089,0.08248151915114633,0.053362265513342645,0.02460389322117271,0.026675585562220074,0.030217108809409622
318,0.053034586830290636,0.10492750046685319,0.1346002605067883,0.08166072382448235,0.07360872382330179,0.5521682045482833
319,0.07036107694685079,0.13715568144031448,0.16279223643515814,0.06337967262330661,0.05922873043325577,0.5070826021211138
320,0.06307022967863608,0.1433270062175057,0.14734143305423306,0.0726924070846531,0.0684464314220461,0.5051224925429266
321,0.7450656711977721,0.10544102366548852,0.0616643376534651,0.026533626603436816,0.028231371511923946,0.033063969367913754
322,0.7780231250032699,0.08622440281375751,0.05458083846167762,0.024964977562974555,0.026976111778546093,0.029230544379774227
323,0.11230499541661271,0.609450531350419,0.1076969094772544,0.04799998861688882,0.04703184445171691,0.07551573068710855
324,0.054397206783875024,0.13455992365895103,0.114884013247435,0.08939935445989411,0.08040093435797166,0.5263585674918734
