,proba_0,proba_1,proba_2,proba_3,proba_4,proba_5
0,0.18219689104380843,0.0843788638493961,0.01655697202625941,0.004379295232335748,0.007955336359540195,0.7045326414886602
1,0.04982982534330104,0.02714053272013467,0.009763442607585073,0.005675588289568304,0.004655501430410826,0.902935109609
2,0.0007804787390483908,0.0068878199903659966,0.8984797762645188,0.010689975172218126,0.011516827523352442,0.07164512231049623
3,3.355481477141206e-10,0.0056776499042074215,0.005922788481777933,0.368844207502669,0.6149344075030065,0.004620946272791131
4,0.0007578601717095656,0.01668726396403789,0.9315477222382772,0.012458009955384318,0.010976691183119886,0.02757245248747117
5,0.002948802557315545,0.009582649880364957,0.005356863078646699,0.0133258488798981,0.002214757229148628,0.9665710783746261
6,1.5053754169532752e-08,0.012412332899513209,0.00524125878810724,0.2764848797841837,0.6961313150267349,0.009730198447706806
7,0.0003379339285945294,0.011865081825377337,0.9621065100358209,0.015474909870043962,0.004951228386215549,0.005264335953947824
8,0.004649290633446948,0.01183959974908267,0.007355557111352563,0.01062360147466336,0.002013868358542673,0.9635180826729117
9,1.0431547194193688e-09,0.006822940706973947,0.002708141923491084,0.30411725847423143,0.6783002994972054,0.008051358354943364
10,0.8952205283029772,0.07466292929283821,0.009417650837475162,0.003855488436380171,0.002411476392722167,0.01443192673760725
11,0.0007581200032062766,0.01893691202549154,0.9346967274221586,0.013199671464537939,0.007173378554753181,0.025235190529852597
12,0.02958235222513225,0.9114683477259236,0.015398918354749632,0.014187500847282012,0.012413346563447513,0.016949534283465052
13,0.00012397683421475877,0.020189376020043868,0.9260034018421501,0.024345978530954604,0.007909773258470499,0.021427493514166306
14,0.21690175189154567,0.7454072152197375,0.008686234685887178,0.01047219255341694,0.0063746180188630035,0.012157987630549837
15,5.036683296953309e-10,0.010144911428081197,0.00993820584619567,0.883675747318977,0.0892844691181417,0.006956665784936145
16,0.00034676007593935923,0.021925824857584743,0.9408554990568138,0.018457809135858018,0.004255008133232005,0.014159098740572279
17,1.011743219743482e-09,0.059428350844805945,0.007291092319285124,0.6767725328961126,0.248673872705607,0.007834150222445997
18,0.35892525352115096,0.5985552909947315,0.011854517542812335,0.005517999570866307,0.006709893205532588,0.018437045164906338
19,0.8878711070659003,0.08084115128074525,0.009687298763825954,0.0032265549617646397,0.002956368357948091,0.015417519569815857
20,0.8491210228624838,0.11451300179764573,0.008084061054540188,0.0025344735940481373,0.003935697947757402,0.021811742743524723
21,0.1431261792261199,0.029703482101847617,0.003011710059370972,0.00698731085672552,0.003469654472308624,0.8137016632836275
22,0.4066697690107113,0.5570222903389487,0.01253357342358439,0.00602121737520604,0.006014805307434515,0.01173834454411511
23,1.6470895635667187e-09,0.06848031989443636,0.02478167666139,0.7312098261756573,0.06500859484681332,0.11051958077461345
24,0.8537084891559882,0.1165615848663799,0.006972879858535424,0.0028993741996796766,0.0037341200637828875,0.016123551855633893
25,1.2189729976199101e-09,0.005253534898061582,0.0058381041451808415,0.16156443930313522,0.8192806219114076,0.008063298523241844
26,0.8331282158225886,0.12387855371074726,0.009623371158630599,0.002946932136129472,0.005266786594281924,0.025156140577622027
27,2.1426703776635488e-10,0.015098111087673075,0.009047059256168256,0.7327124708440828,0.23923489106459395,0.0039074675332150316
28,0.16113055281139804,0.02040882347026846,0.005010110984845424,0.0045468573400998325,0.005958874159282522,0.8029447812341057
29,1.3334767719466795e-09,0.017279692452670654,0.007419899539584366,0.1437027507299189,0.8246528015449828,0.006944854399366435
30,0.021675399008100064,0.017774226193552255,0.006882446194742112,0.009156330030299299,0.0049874035337121436,0.9395241950395942
31,0.08267622860732608,0.02995071164031162,0.004228251073915054,0.007921994417353572,0.003247007852828224,0.8719758064082654
32,4.764478539106645e-10,0.011378342774956387,0.006661138626885233,0.6904825704726787,0.2877890322623487,0.003688915386683212
33,2.667806513776428e-10,0.009625133596670998,0.007637850453302888,0.22076185570392431,0.7544310008398104,0.007544159139510811
34,0.6021398477493721,0.324628891450603,0.016756806217803188,0.02325431373969355,0.009520437615352529,0.023699703227175687
35,0.0002559731272665655,0.0076742705988149555,0.9653573156155083,0.014861412306305175,0.005393824251666654,0.006457204100438438
36,0.02889693992497008,0.027411628318589794,0.008387368076568305,0.004249012302747098,0.0034663802316295803,0.9275886711454951
37,0.06706947373487887,0.8729841177884284,0.01395702612440146,0.011149401155485714,0.013487186123392454,0.021352795073413193
38,1.7407270914048562e-09,0.005388300346656442,0.012312682036355849,0.7828863267719072,0.18719832799414446,0.012214361110209031
39,0.018163207499774476,0.027078163633451433,0.00870824653507543,0.00894088232683512,0.003378195973584727,0.9337313040312788
40,0.2281125660085346,0.7224192552082193,0.02094794221867854,0.00867017013658343,0.008129347893027147,0.01172071853495701
41,0.106810305094573,0.03488178914074354,0.0041994946813443445,0.006819145451813602,0.0034796353311467854,0.8438096303003787
42,1.8092769164308956e-10,0.008759808027312296,0.009877859775888674,0.8337096933798287,0.1415599676477391,0.006092670988303544
43,0.00014797858388420165,0.0236083376648264,0.9559948553013222,0.009326598100130028,0.007023175834260726,0.0038990545155764226
44,0.022344343628548653,0.015258420482878845,0.005366065693327577,0.00824908852973908,0.002406636573672186,0.9463754450918337
45,0.8959140713195481,0.07089674152919513,0.006702084737390789,0.0030120220684835427,0.004055508257299596,0.019419572088082687
46,9.70423305247968e-10,0.006718787082845034,0.0035818473980348347,0.23396891282869703,0.7507653719681089,0.004965079751890885
47,3.505508074084421e-10,0.008029814634120554,0.00850813128571549,0.8737061529327405,0.1049494971518873,0.004806403644985453
48,0.7806931755729865,0.1602368554437144,0.008360060709150583,0.005072360760060368,0.014310196397958051,0.03132735111613022
49,2.7246410639598267e-10,0.017678298182533254,0.00990639569468053,0.7219125407818465,0.24490558654901784,0.005597178519457698
50,0.0285690094122648,0.9083378789137655,0.016405769981316237,0.00807882645306605,0.014690575154383712,0.023917940085203808
51,0.6476720619599746,0.32390869155611357,0.007619487963706174,0.005887316296979603,0.003646597230381922,0.011265844992844063
52,0.0016258460553505388,0.020831835557368825,0.9312799805284551,0.011128300443696986,0.009545628692639583,0.025588408722489048
53,0.00035100434725934625,0.00620648690867446,0.9579229398535013,0.02131024483503534,0.0048467427856542,0.009362581269875206
54,0.18219379873664113,0.045503747715407696,0.004852138985412996,0.00815329711150538,0.002735929385578721,0.7565610880654541
55,0.08047095503552436,0.033820749758161114,0.007598055238297502,0.005614502457242339,0.004760928551764612,0.8677348089590101
56,8.689643330246298e-10,0.005941702366903857,0.005785826455169627,0.16957100006366757,0.8149008384897287,0.003800631755565994
57,0.005411000671119476,0.007348993039607725,0.9214749845504202,0.007964152706600919,0.010230140269580173,0.0475707287626716
58,0.0002740723149654427,0.0070528454600542944,0.9188704190168273,0.03897114462619565,0.009363859894330126,0.02546765868762714
59,0.0002738959831068746,0.012785196771836168,0.9522663262759552,0.026832724432494022,0.004959885658937436,0.002881970877670224
60,2.6589803519410126e-10,0.00723357720862463,0.003547562398142123,0.25780674699283884,0.7263979129466948,0.0050142001878016
61,6.196629857517347e-10,0.016316624217233268,0.012516587982282645,0.7659859479398224,0.19691085564963481,0.008269983591363904
62,0.3201029437727628,0.6411415802293374,0.017336843221829597,0.005730959485954584,0.0048279312231352895,0.01085974206698022
63,0.5128341076087888,0.45452926968001645,0.0077353631128084955,0.007540921973203738,0.004386347554444811,0.012973990070737747
64,5.868234362067425e-10,0.017033902369173334,0.010078242400358954,0.740284300112152,0.225273602365942,0.007329952165550343
65,6.074158403321999e-10,0.006232665611526509,0.011079527065683875,0.8865384308829478,0.08532208448742218,0.010827291345003796
66,0.038938111320111345,0.9057324280158715,0.009812133742636309,0.013275454118542506,0.011600236658599028,0.020641636144239393
67,9.58463519113266e-10,0.00522854622487123,0.009513767953778127,0.21432781648172486,0.7674158272847954,0.00351404109636694
68,2.012135570778673e-09,0.02392133999040776,0.0230490480911605,0.18048706527123645,0.7656991820780807,0.006843362556979006
69,0.3421673587945188,0.6203509707413751,0.008297627956783089,0.013193130283696244,0.004542609810078353,0.011448302413548505
70,0.28977917750222926,0.023977324169289355,0.005001328483505008,0.004087073040949555,0.005380748332125954,0.671774348471901
71,7.430046000637675e-10,0.008016347578946838,0.007433148002379351,0.9260142669385782,0.0375525558487419,0.020983680888349038
72,0.0011751048151589054,0.009964164643464822,0.9229864487389711,0.011707588006739213,0.008032718319999818,0.04613397547566608
73,0.24154690900306322,0.6583851430291838,0.04089097458677538,0.012695133011935143,0.015845204602507275,0.030636635766535057
74,0.1354709006232213,0.7905946465440157,0.01858346320547437,0.015733048325417852,0.010160314427995634,0.02945762687387519
75,3.289443458496829e-10,0.0030094279244146202,0.0024430546824358423,0.36437584098768083,0.6235340993414057,0.006637576735118676
76,0.8314224311282905,0.13521617139950062,0.0059937396948135805,0.002316466865953877,0.004406626472351021,0.02064456443909063
77,2.3786738808440514e-10,0.008269718856956411,0.002872351862739897,0.20655036645979735,0.7791011170931268,0.0032064454895120594
78,0.8213359827851532,0.12740524764064473,0.008701165251715614,0.004558167737086923,0.009338437869525852,0.028660998715873763
79,0.31545578551388964,0.602938156103744,0.020797632500250202,0.02727325832924581,0.013670452100512173,0.01986471545235803
80,0.7319255283202776,0.2227578277365114,0.0073786749611856346,0.003246408271313484,0.008232627620290334,0.026458933090421518
81,0.9016099862124931,0.06214893869913295,0.009903172708358965,0.002897574242648002,0.0030989432204558296,0.020341384916911284
82,0.8225950171861424,0.14558896237440577,0.009730999899053886,0.005478323932774098,0.004310960248006785,0.012295736359617074
83,0.8676135336427068,0.10464881841877786,0.006868258245829472,0.004004503531161436,0.003379210535521283,0.013485675626003259
84,0.0677167884289933,0.031815818303972815,0.0044036098505162045,0.009886038209099926,0.0018772040621503332,0.8843005411452673
85,0.888240773556061,0.06904341741767024,0.009794202584140493,0.0039593434358178,0.0031570373487292956,0.025805225657581414
86,1.1122527266519624e-09,0.010814033870072853,0.005959554649981129,0.17644117901730372,0.801374550064511,0.005410681285878675
87,0.10703016012505699,0.035242214722444584,0.0048743094256325815,0.007322531995222976,0.003306525574115295,0.8422242581575275
88,0.14030203584035736,0.8175817682170556,0.009790877231658814,0.009982193767261737,0.009701242667834462,0.012641882275832026
89,8.396731417704195e-10,0.016828445073215244,0.01477020692049352,0.5755180299101306,0.3858576062731815,0.007025710983305997
90,0.6564516984327171,0.31519370275581643,0.006152673427802696,0.004618023121138147,0.004279290011340095,0.013304612251185422
91,3.84693293592555e-08,0.010854000085638079,0.025093631249911524,0.4833223902168882,0.45144337033704945,0.029286569641183435
92,5.780216222820357e-10,0.0184767856434069,0.007546647754485647,0.8132003690982195,0.15482734955209468,0.0059488473737715555
93,1.4488622602740146e-09,0.02024682672482702,0.007856489662609469,0.4017064516642807,0.5595920752317863,0.010598155267634213
94,0.8747257695877299,0.092163865048008,0.007374578974585257,0.0032721623500108587,0.002933626653339727,0.019529997386326544
95,0.0005609370988560458,0.012886560698077093,0.9298440171455087,0.019928936669976784,0.006306556436293278,0.030472991951288133
96,0.3812616804171617,0.5547064403407325,0.016529599028328186,0.01853217813302135,0.007850251249545154,0.021119850831211155
97,0.17937802909387063,0.7799261698296738,0.015351968404735194,0.005997241765393147,0.0077031128135767925,0.011643478092750367
98,0.0023662468204549134,0.010380718079144797,0.9038272282952963,0.009816730089549624,0.013452852301832288,0.060156224413722204
99,1.2674676087466084e-09,0.009567095789602284,0.006838491396606208,0.16420196625139855,0.8142147531718003,0.0051776921231251145
100,7.538907730791035e-10,0.011834975959497118,0.008075579322089672,0.7623157905700054,0.2088946687080774,0.008878984686439485
101,0.0038780318344739787,0.015750916399470544,0.9349384441430458,0.020038075125944424,0.00597952699226496,0.01941500550480035
102,0.16642593228309413,0.7655909524604568,0.01064391373357991,0.006335486023698135,0.010312625809103694,0.04069108969006727
103,0.1537626272127872,0.10157124709909585,0.023348816507504404,0.005116321761234729,0.014770703290971804,0.701430284128406
104,0.0008655596951405467,0.007816714019536077,0.9529236606447419,0.0213940942798732,0.0034168852016787927,0.013583086159029523
105,0.00035731486663891825,0.018215730529475224,0.9562384577645403,0.014987752120771428,0.004976930142942529,0.00522381457563151
106,0.0001711740470217153,0.018678204806120632,0.9462031854930035,0.022075370049445715,0.0038658613157702233,0.009006204288638256
107,0.0007483140429051635,0.004485704198145771,0.9223723826613812,0.01798155390015308,0.00993831052106152,0.044473734676353356
108,0.7635287264914795,0.20801600394085182,0.01187460079210521,0.004696470625228899,0.002874086101486669,0.009010112048848
109,1.0151434055172418e-08,0.03969230822280362,0.006737730109428247,0.4369351205262935,0.49159692933473137,0.025037901655309187
110,0.008415928846734384,0.006743222031057694,0.0029084509254832178,0.008689773063393282,0.001930771747323797,0.9713118533860077
111,0.00020856396102777333,0.009794815004125887,0.958038175651774,0.021225387953991613,0.009383612934005709,0.001349444495075006
112,0.08482186135585348,0.061159059706805456,0.010183206031523548,0.004914496293817185,0.004145417539087782,0.8347759590729125
113,3.8580090255442087e-10,0.014502912980766182,0.012357858571856508,0.8829159189258238,0.08198092226712068,0.008242386868632032
114,0.12955823385757714,0.7606801378164167,0.020124047873106333,0.03628662315006966,0.02095640433888715,0.03239455296394289
115,0.18362651715744288,0.7703989515277055,0.010060805041335026,0.011054922082737832,0.008354571401977352,0.016504232788801233
116,7.034462830138358e-10,0.014259189343836352,0.0029730973631758085,0.8905720397440248,0.07979010676881947,0.012405566076697246
117,0.00029948432573913015,0.013883621468319698,0.9533127971552879,0.019387924425988405,0.00493645195933172,0.008179720665333068
118,0.34618671318408994,0.606294322474664,0.009346914481971872,0.006267993249382065,0.009224633816153589,0.02267942279373873
119,1.252417857808536e-10,0.012184162656523875,0.0031263983540582127,0.41527291018897045,0.5377948840625678,0.0316216446126378
120,1.2737723842092124e-05,0.011159416430882,0.917805105194769,0.06181229840435164,0.0072127992642940925,0.001997642981861199
121,9.831019424350795e-10,0.008451200123798297,0.006602599099157352,0.17778486692957768,0.802443618674145,0.00471771419021972
122,1.8885121841305623e-09,0.05336534584400883,0.012069348079558758,0.13015881817279645,0.796860198695854,0.007546287319269734
123,0.0004588699158895051,0.014249095423287063,0.949353023596723,0.015437772168930629,0.007476784574861502,0.013024454320308352
124,0.8564899290425086,0.1154015833418443,0.008846012142056985,0.004432006579078978,0.002470941645796778,0.012359527248714188
125,0.8736881021062026,0.09491881257755876,0.005764349914612291,0.0030425828830345984,0.004803245908613231,0.01778290660997851
126,0.1354709006232213,0.7905946465440157,0.01858346320547437,0.015733048325417852,0.010160314427995634,0.02945762687387519
127,0.6123441582220089,0.30907300704113394,0.018982628191951165,0.023590155287433086,0.011190225393196186,0.024819825864276737
128,0.2823578624361608,0.6318667931825213,0.020159076099684488,0.029892341728824205,0.010866623033720492,0.02485730351908886
129,0.1317069163697453,0.8327464767575032,0.007234931482476811,0.005811626003444832,0.008616231045887018,0.01388381834094277
130,3.6326890400647017e-10,0.03707441383068603,0.005700348560122293,0.3837532545277778,0.5701219121546078,0.003350070563537088
131,0.08160422690544115,0.869143571622404,0.01017995241036191,0.00679530735787506,0.011513259867948324,0.020763681835969595
132,1.6326001145588728e-08,0.036379216559136764,0.08673014413183319,0.45440008576026464,0.4156777299291822,0.0068128072935820395
133,0.12435704269351928,0.8333888650556391,0.009352930471441118,0.007944604876845089,0.00970088132152034,0.015255675581035107
134,0.6772269822780289,0.2776151325899185,0.01245577472914147,0.0029155379069830656,0.0062514460752786305,0.023535126420649574
135,0.910556323880437,0.05499151780496898,0.007337731163845462,0.0028562311292609378,0.004103582110294276,0.02015461391119329
136,0.5748960271948975,0.38210816083026694,0.0094125792513666,0.009563825175527122,0.006531617949668539,0.017487789598273358
137,0.040687920625313,0.014446856955861913,0.003615924970117745,0.007151333768317035,0.0014401411423602703,0.93265782253803
138,0.7088173855413165,0.23105834094992692,0.01797595781180815,0.015619214585282799,0.007648319050181172,0.018880782061484483
139,1.4952494066675803e-09,0.0832562857803075,0.012215553504044583,0.7797801533610232,0.12256225362273031,0.0021857522366448773
140,0.08475593906920062,0.03378865835358387,0.005980142911285785,0.008295436856235005,0.0027539164280481255,0.8644259063816466
141,0.8515185786924563,0.12215068215371475,0.007009138043232782,0.003280588860992567,0.003376285614925718,0.012664726634677971
142,0.7947744718645858,0.11209579284016363,0.010651107442798267,0.003763824775357757,0.009985362743978456,0.06872944033311616
143,0.7992088961504928,0.16679917909658204,0.008207691338711012,0.0033254946889609244,0.0033571190970804418,0.019101619628172858
144,0.807514718003337,0.15277854245416056,0.006650350825460848,0.002711939283986221,0.005786099451256727,0.024558349981798788
145,2.38724641630507e-10,0.004911065290748708,0.0027064461360131334,0.24761868565258321,0.7393097527573602,0.005454049924570046
146,0.00011606476647381953,0.005658829666024568,0.9343200705826693,0.02489594769544255,0.013292291099321887,0.021716796190067954
147,6.753788923322236e-10,0.011205828355480653,0.005751854332090221,0.6836837903888393,0.2949974901906191,0.0043610360575919
148,0.034430098201180384,0.03396634614970063,0.00726100808616803,0.005687066685753126,0.007542180959669277,0.9111132999175285
149,0.050003957967265436,0.03867216223610537,0.009167575530641965,0.008580573140872842,0.00496602305486052,0.888609708070254
150,1.1796927626114826e-10,0.03508727390352642,0.008588637912969103,0.33069216270154256,0.6175625195436093,0.00806940582038339
151,0.8759032264770173,0.0858227725267379,0.0069223887328960275,0.0025115373635647737,0.005096154999807415,0.023743919899976512
152,3.734029084094366e-11,0.17111069406755286,0.003366063870398602,0.19914690612959413,0.6244819627869521,0.001894373108161893
153,0.8214550181215488,0.13722608055465654,0.007596339090053359,0.0023208082211867514,0.0058518436445891085,0.025549910367965604
154,0.881700324248308,0.08673317273455375,0.01038192919256489,0.003985710346784179,0.003299188171113553,0.013899675306675541
155,0.8886743744179381,0.0779146614541586,0.009415724278835615,0.003197141886389125,0.0032752308632095915,0.01752286709946915
156,0.0002681808457384865,0.004719627225875505,0.8588418466339723,0.03711349693713091,0.015114932294341504,0.08394191606294135
157,0.13998923087725737,0.04073376160214869,0.006344534630386936,0.00604343013162038,0.0037079561284196444,0.8031810866301671
158,0.0005472723262305903,0.014251514669994907,0.9441776096837166,0.014535968739660926,0.0037219615877048823,0.022765672992692228
159,0.0768204955824041,0.8674551167810568,0.013484281479353134,0.0077117695361093325,0.011195775180123544,0.023332561440953192
160,0.11795812873352861,0.10576084233180387,0.011472585157071434,0.007436942274310583,0.006845043477257667,0.7505264580260279
161,4.3332387451568904e-11,0.016968031093056914,0.0030967681655437638,0.1038604283161441,0.8665528663147838,0.009521906067139017
162,1.3056676479315333e-09,0.005655844711333118,0.009682820966167887,0.7960429861443287,0.16862388956135113,0.01999445731115151
163,1.1660142785632742e-09,0.004284667697676961,0.0029541317743962264,0.24955449056554294,0.7368645880594041,0.006342120736965464
164,0.09264171795207135,0.02226159862869623,0.003962619946102386,0.005246243735453665,0.0019561268740917767,0.8739316928635846
165,0.8927603537854464,0.07532051686532788,0.009915026578132582,0.00402156293507627,0.0026136838082953862,0.015368856027721402
166,0.15650043725705357,0.7756255222907418,0.009693618709749385,0.010955520884036613,0.016032109560181654,0.031192791298236888
167,8.097928340801194e-05,0.00878200986138525,0.9337578944393814,0.039563922992055175,0.007888112735723157,0.009927080688047063
168,0.00043354755766942366,0.010929782861448068,0.9453975360389949,0.015002853090857865,0.005629755294686134,0.02260652515634368
169,0.0006741012728866884,0.0076985721701409915,0.9245867703629513,0.010240423365115799,0.015494452959819752,0.04130567986908535
170,0.8877500858777552,0.0765367735905253,0.007296434234905014,0.003312550744569221,0.00427850585209075,0.02082564970015432
171,3.1740098280693203e-10,0.003187246471979187,0.003029044477985069,0.19502417594803106,0.7867612240711644,0.011998308713439208
172,0.10385469517763127,0.03144936050462386,0.0043911635078227726,0.00646926311588735,0.0031093366197407967,0.8507261810742941
173,0.8692742445540033,0.1036990056075837,0.0073516953691469605,0.0041429690413195075,0.0029648794131984764,0.012567206014747935
174,0.003721959096570864,0.010367703383878529,0.9038267795374402,0.008186548154096628,0.009754072942973034,0.0641429368850408
175,0.0013575781908540553,0.015322901541645114,0.9499439097223673,0.007763579557915189,0.00705750236393904,0.01855452862327936
176,0.020602569032888592,0.02129603037898113,0.005664813473258218,0.006898466228369764,0.0017536531406361596,0.9437844677458661
177,0.012031374355666914,0.009094390877199529,0.004083824146374318,0.0051859549734109495,0.007033155117437542,0.9625713005299108
178,0.017355044823707356,0.01979479130358989,0.007247649263480682,0.004806793353251947,0.0030769596305180893,0.9477187616254521
179,0.00036435778845584634,0.011818611462941428,0.9546603477862996,0.017643263411835797,0.005481852868981018,0.010031566681486257
180,0.045795043200202445,0.022088335104769156,0.008771636832656188,0.005692794883208259,0.004476948699108041,0.9131752412800559
181,0.11804058538787944,0.051237456811595666,0.007518192175826968,0.005397647744694242,0.003804917046903018,0.8140012008331007
182,2.423995781096724e-09,0.008858774740707087,0.015326189882795561,0.16482930719276276,0.8056426092476325,0.005343116512106156
183,8.054149100244302e-11,0.0027072099703149086,0.0019762062732701035,0.3173169232287451,0.6647849042360106,0.013214756211117791
184,0.00543500173828125,0.012118381286862972,0.8563623233530891,0.006540550651777299,0.021011399853811803,0.09853234311617756
185,0.010582463109456207,0.02562007694846215,0.00985585504386653,0.007522927300349807,0.0031131494208800972,0.9433055281769852
186,5.264232721801578e-10,0.008523095255137416,0.007917512069345493,0.9379911412854256,0.028757389138175438,0.016810861725492805
187,0.02738266581477332,0.8987357950013415,0.023841659764075727,0.014455751555764526,0.016301138262603043,0.019282989601441817
188,0.04614249766101266,0.019231969056914343,0.006684393796861584,0.005354763104222334,0.004304058320519015,0.91828231806047
189,2.508499829071026e-10,0.016487723656181726,0.004069305341923229,0.7820829876593887,0.19358470993332094,0.003775273158335541
190,0.0002559731272665655,0.0076742705988149555,0.9653573156155083,0.014861412306305175,0.005393824251666654,0.006457204100438438
191,9.70423305247968e-10,0.006718787082845034,0.0035818473980348347,0.23396891282869703,0.7507653719681089,0.004965079751890885
192,2.8888046204138396e-10,0.009994127634456156,0.001677781843942346,0.5279964950667436,0.4504501465718973,0.009881448594079998
193,0.8571427061417702,0.09496400645905591,0.014306481249442355,0.0035634262676544587,0.0032284525221780796,0.02679492735989886
194,0.002746402753079585,0.02528834622564765,0.9398237648608264,0.012609283105789676,0.006414696264501769,0.013117506790154814
195,8.177971146621869e-11,0.03513271748376089,0.00392285511959318,0.2789344985480771,0.6731155203691523,0.008894408397636711
196,0.8101659184317191,0.16427517444845852,0.007671035936844811,0.004628776636456509,0.003084014327157867,0.01017508021936315
197,0.8672002432101672,0.10002090504751471,0.007843875713124887,0.002995826664681182,0.0036191585835189163,0.018319990780993247
198,0.0002559731272665655,0.0076742705988149555,0.9653573156155083,0.014861412306305175,0.005393824251666654,0.006457204100438438
199,0.8211118401518398,0.14459402802839944,0.007962325977417264,0.0034011334608651045,0.005274186873292318,0.01765648550818614
200,0.06172800309202514,0.8868370160060665,0.009208032316851378,0.015186314757760064,0.013445484053149262,0.013595149774147781
201,0.7944679806029658,0.17108709137818187,0.00611271750699062,0.0031045952720961246,0.00551980882687226,0.0197078064128935
202,0.2347004271572298,0.053484385662273475,0.005488912461787305,0.005850360951234421,0.0033442054455047423,0.6971317083219702
203,0.9044016820581694,0.05573168369935652,0.014501838413805795,0.003885935625041408,0.0028362681970337342,0.018642592006593014
204,0.8709205165109952,0.1027344156622744,0.007861236137234658,0.0038918179067807756,0.0025270312007820836,0.012064982581933018
205,0.10558425963742121,0.046046698707547455,0.007478080912797821,0.006242483761295229,0.0038470671388119077,0.8308014098421264
206,0.0007874560170309054,0.004758984472380327,0.9629625667585382,0.014849897880685222,0.007130782831210103,0.00951031204015518
207,0.06575263760090623,0.046829649785975265,0.006279711160744609,0.008036944732083717,0.0026169525918057733,0.8704841041284844
208,0.00013101237814241775,0.012856665818229045,0.9523751379606995,0.025427982234549982,0.005364179332268397,0.0038450222761107667
209,0.22112849406791446,0.7491835281783334,0.006183550542805702,0.006094564570796194,0.0065555926774617385,0.010854269962688583
210,0.005821825574012153,0.00889034162502988,0.9528048047723154,0.019483228699624898,0.004679083953742393,0.008320715375275069
211,0.6017389540677492,0.3523610550899372,0.012936472468349784,0.017702526075525235,0.0057833614099742775,0.009477630888464319
212,0.007835465434658257,0.00953963419711472,0.0056008719895241955,0.005291201060600414,0.0025874765856415843,0.9691453507324608
213,0.8489981175912672,0.12021157766147549,0.009801157695368426,0.003464611804997287,0.004289521576274473,0.013235013670616955
214,2.55760828880945e-10,0.01390687896115237,0.005370852728420525,0.2300612337920717,0.7461817607774415,0.004479273485153153
215,0.18917886357963523,0.7640839746806504,0.011571710799686406,0.005559955830862415,0.009544773882195953,0.02006072122696959
216,0.019206529871692316,0.014307598125885213,0.00486998125513649,0.009387040560447573,0.0034814667723558046,0.9487473834144825
217,0.09255077831896966,0.8542884769035299,0.022444482642193255,0.009030820549840654,0.008313659009230711,0.01337178257623587
218,0.07220952995981861,0.07386470520599597,0.006787772339823131,0.006762637904606701,0.0037397125685767803,0.8366356420211788
219,0.029701893746825768,0.010879039487997762,0.002833618783065033,0.01258532150573258,0.0024438272723857554,0.9415562992039931
220,0.8858799516317284,0.0840659168750411,0.008026025442880261,0.003753917430406298,0.002677013833387281,0.01559717478655665
221,2.276573826913802e-09,0.08304856729833114,0.024101391969320624,0.3909185235340013,0.46296812814844635,0.038963386773326794
222,1.8946443161851587e-10,0.01588588925675949,0.007297577535394771,0.7359296220427081,0.23824813983061058,0.0026387711450627134
223,0.0004883149731126188,0.01933403801143502,0.9442184923160508,0.01611821237722682,0.0043376212396670985,0.01550332108250746
224,0.5667754207089943,0.39955915226540917,0.00605140297862574,0.006635294117904305,0.006032750752229369,0.014945979176836958
225,1.7587546202828272e-08,0.02225045639199605,0.004031017591442909,0.784394890791624,0.1582633798780044,0.03106023775938636
226,0.05737645753875166,0.07135847858140387,0.008752392259293262,0.00800058356960935,0.004050101968208678,0.850461986082733
227,2.1063199599912227e-10,0.04720589754977776,0.01940118363099396,0.26786450633845654,0.6586303579426067,0.006898054327532919
228,0.06644353575901948,0.8966567085916735,0.007998739778072925,0.010569936262485676,0.00845050689792297,0.009880572710825507
229,0.24274870762403136,0.04219608462409836,0.004429627406327107,0.009732346221647575,0.0030526047409699638,0.6978406293829257
230,0.0002044513531239444,0.008974164468990319,0.9604696421939448,0.020745012299089746,0.004986730744978804,0.004619998939872271
231,0.02889979027083598,0.021351386322736372,0.005266789219714014,0.005488488046506467,0.0059573799115797965,0.9330361662286273
232,0.7807799108500714,0.1837539474614389,0.012577421840028937,0.003195664840519235,0.0035028121411074167,0.01619024286683412
233,1.460157475266802e-09,0.015362538507434579,0.010911471942198431,0.737659776304575,0.2272307832946673,0.00883542849096715
234,4.943813402776323e-05,0.004934704155188892,0.9430100517978974,0.0427251059530826,0.007624757813500861,0.0016559421463024065
235,0.23461258382430633,0.7333958422946093,0.00991345423143134,0.005121310081084644,0.006121252976896323,0.010835556591672058
236,3.0762417557403916e-10,0.015795670981824907,0.006130980918399817,0.7299105580986347,0.2444189697343091,0.0037438199592073917
237,0.8703359320255736,0.10099872582272629,0.007586670753011716,0.0030862324796085226,0.0032169471482728805,0.014775491770806793
238,0.04061985389947495,0.04496523193123353,0.009811000481402064,0.006085070605776507,0.005639985493195835,0.8928788575889172
239,0.09578637834284694,0.07281395320103111,0.005978467684172968,0.005953004740181856,0.0030808758691320878,0.8163873201626352
240,0.7784176176877626,0.18288263002315502,0.00615928501023516,0.003065275086528319,0.007440575771691978,0.022034616420626946
241,0.8889020353017958,0.07452778877783912,0.0077727782924629524,0.0026697596189833523,0.0034838428679442195,0.022643795140974688
242,0.35847160653821225,0.47247871924014145,0.0280308017478398,0.03427186680371084,0.03610994524213009,0.07063706042796543
243,0.0009839115019629914,0.01846199304061786,0.9498784763889723,0.011515343491033865,0.0033744707061105607,0.0157858048713024
244,9.70423305247968e-10,0.006718787082845034,0.0035818473980348347,0.23396891282869703,0.7507653719681089,0.004965079751890885
245,3.6326890400647017e-10,0.03707441383068603,0.005700348560122293,0.3837532545277778,0.5701219121546078,0.003350070563537088
246,8.680332403572604e-11,0.022970521063004012,0.006317781360407025,0.7728571194050541,0.1936594049095933,0.004195173175138192
247,0.8630128831442901,0.10695714348188057,0.009962971095699779,0.0032567445599238107,0.0031424006209566186,0.013667857097249169
248,0.19184299721785356,0.7739706340062505,0.007944621256858414,0.008295533613762715,0.007707295939569943,0.010238917965704957
249,5.816260546951793e-08,0.008476276102125717,0.030085384942661796,0.1992459735483385,0.7457171740970868,0.01647513314718166
250,9.50589446641152e-10,0.009201830964224344,0.007830099217460584,0.16043877051237862,0.8173833036147831,0.005145994740563902
251,0.0005666391907978211,0.014680311562343782,0.9515466560721522,0.013845011213868752,0.008342248207245781,0.011019133753591653
252,4.7566912182219675e-09,0.03538019217471257,0.015752773886285733,0.5796031243241154,0.35502533263926844,0.014238572218926826
253,2.7695014228116565e-09,0.010308560370907644,0.015162932291589487,0.24136023211020013,0.7250114531251218,0.008156819332679439
254,1.9445252894439854e-10,0.01747348260712416,0.006811599997255063,0.23170090407205923,0.7387737964230805,0.005240216706028602
255,0.0009006193412403491,0.005186438255262981,0.9360093892230094,0.009658399681211492,0.010634419617452878,0.037610733881823066
256,6.888872112922755e-05,0.01095535909581956,0.9542517814531447,0.02457490763803654,0.007385715105171943,0.0027633479866981574
257,0.8886688345174473,0.07502548294228581,0.013817600286890556,0.004999024962705088,0.0025239474401443154,0.014965109850527035
258,0.09327010380664623,0.857299257311452,0.006584718987835605,0.008900319060742769,0.013045439616377474,0.020900161216945802
259,0.7794157238655509,0.1860956657848641,0.00670115865378411,0.0030748780700738713,0.005449770264982424,0.019262803360744485
260,2.459351524614336e-10,0.015746069454123404,0.008396254179256352,0.708094741706026,0.2628483150957571,0.0049146193189019555
261,0.27340876234866857,0.42254743225966784,0.04298781992333802,0.12712951042258133,0.033189087882704464,0.10073738716303983
262,0.022032337916275294,0.014715128493851252,0.0060314673692274555,0.006332061264514119,0.0037889320785177674,0.9471000728776141
263,0.8158800856200952,0.15462810840707825,0.0069807716801691694,0.002795789637936057,0.004302889141989945,0.015412355512731506
264,0.11976248464622558,0.034731079390301615,0.0049255652092780435,0.004539378512102059,0.003412798548379022,0.8326286936937136
265,6.826676600216997e-10,0.04297385475140055,0.004141037353348859,0.853936199453819,0.0926778756790521,0.006271032079711808
266,0.0004040721334128726,0.012919089321101949,0.957191039649602,0.015884163450961802,0.003220558460797515,0.01038107698412383
267,0.001922644614299818,0.017810562976613965,0.010855491535666959,0.019152671701033807,0.0037415567470399586,0.9465170724253456
268,0.10606301452077013,0.803160448331737,0.014583683351195047,0.01116692681279461,0.019801150588371157,0.045224776395132005
269,1.8950448239405127e-09,0.021727875231794067,0.008220481700016222,0.2662724350692896,0.6983402988294768,0.0054389072743783904
270,0.06968647524802118,0.04850500374416837,0.009331644067817817,0.007787161873145448,0.006926967100304982,0.8577627479665422
271,1.0302581476996655e-09,0.007805912244060677,0.01190213585458664,0.6453901051229366,0.3300630985109139,0.004838747237244053
272,0.000829902540067802,0.01220035755452209,0.9500768641199485,0.018806970778010104,0.005952144318487426,0.01213376068896398
273,6.406217562432462e-10,0.05089018743588307,0.009781812775587984,0.059106592565218795,0.876491755918967,0.0037296506637213072
274,1.3334767719466795e-09,0.017279692452670654,0.007419899539584366,0.1437027507299189,0.8246528015449828,0.006944854399366435
275,2.6873147256187074e-10,0.008071240393071045,0.0066584501387699935,0.19654845482177263,0.7850727884745086,0.003649065903146322
276,2.653590228281473e-08,0.5654311366187984,0.003008054114041214,0.4044832511667707,0.006648780757280209,0.020428750807207186
277,0.8147424269255156,0.14526966984949127,0.009117491071842416,0.0023880176435357565,0.004189431780130662,0.024292962729484054
278,4.567719564289963e-11,0.015967005722590598,0.004593608549930243,0.17486284130890226,0.8019486075153484,0.0026279368575515025
279,1.5139720179283325e-10,0.04211404915172997,0.012489790666921779,0.6080707149645347,0.33403346129405875,0.003291983771357674
280,1.2131240661283922e-10,0.029297693155840035,0.008281663975055012,0.2828964991981705,0.6764435523867204,0.003080591162901733
281,6.61357965712608e-11,0.012737852694741281,0.010672795736798225,0.6968504783015979,0.2736856108011723,0.0060532623995545945
282,1.7869288979124531e-10,0.02374471234455122,0.0060766112291903325,0.637696923544304,0.3295214151252044,0.00296033757805716
283,0.00022028380299403538,0.016733449906527025,0.95633531652197,0.018827764331097254,0.0045668958276983244,0.003316289609713406
284,0.20247969384367576,0.7528919389649993,0.005892630580632673,0.007783431407753582,0.010790833472706415,0.02016147173023237
285,0.23559321217364562,0.6994484693858402,0.0165345991542408,0.014154161373563678,0.01072353883687028,0.023546019075839336
286,3.2601769845785055e-10,0.029476328709291264,0.010367577381451613,0.8060051316084208,0.1504362605147066,0.0037147014601119667
287,0.000891298981245337,0.013424195628681376,0.9491439267572253,0.014427266740763067,0.0069594516464686505,0.015153860245616312
288,3.056177419414622e-09,0.02210334971218157,0.015069162217272171,0.7342645342448343,0.21756606193116174,0.010996888838372673
289,0.41720158986434414,0.5538661697969427,0.006202266760875359,0.005198861857366925,0.004714856119408696,0.012816255601062209
290,0.00024321885772362426,0.027039340878104258,0.9413621927583696,0.018527875135455396,0.0041999328036228375,0.008627439566724196
291,0.2812517672521511,0.6806112694916114,0.008715514512745085,0.008071736812212743,0.0065060157257133796,0.014843696205566257
292,0.19291119870216736,0.7736513488481283,0.00816061458785433,0.0054860661493793955,0.007289272704859492,0.012501499007610953
293,0.0023551551689029344,0.011641114807666997,0.9375278907895134,0.010052737024359397,0.00909435349765463,0.029328748711902688
294,2.962051263669512e-10,0.01840707057764299,0.004334918395278386,0.14576420366469128,0.827270218860104,0.004223588206078275
295,0.8948897840532203,0.07269386306040376,0.008224452834635283,0.0031699084425600064,0.0033491979338799165,0.01767279367530086
296,0.0015205856922853736,0.006821873964811575,0.8393360818545392,0.01699100005363239,0.009577678013525317,0.12575278042120602
297,0.00040189088251134456,0.01591203618766557,0.9279523896286742,0.016130379208163428,0.007052766393040808,0.0325505376999446
298,5.938238735530066e-10,0.011384794437115263,0.015463517779463821,0.7661937450214663,0.2024237238812922,0.004534218286838526
299,7.294274431347396e-11,0.05505227623915232,0.012069952947414588,0.3030278295203541,0.62672419195619,0.0031257492639461884
300,0.039905883262490206,0.9052046287850495,0.016233779717725577,0.008559713230335397,0.013928748401042336,0.016167246603356954
301,0.1660993535479973,0.800722921000619,0.009869296872808365,0.005879170379334859,0.006973210673489315,0.010456047525751015
302,0.16360067420213537,0.046467877407714776,0.009849063722242535,0.00704334008759304,0.004050027786359514,0.7689890167939548
303,0.132477647544289,0.10798944343303658,0.019312917238804597,0.005838352085993148,0.008126331417725192,0.7262553082801514
304,0.487094999718179,0.39891526339878236,0.0294199224941298,0.040380699096450076,0.015646594573908573,0.02854252071855024
305,0.036547389215472174,0.021235748419587055,0.005402503723041535,0.006032835764067244,0.002516014563098797,0.9282655083147332
306,0.7185309949674319,0.2356130021574663,0.00856183141147689,0.003057545923956843,0.006541615344324003,0.027695010195344157
307,0.4525615488323422,0.4981867991410499,0.010167728184573106,0.009191067790419472,0.006837869371575714,0.02305498668003951
308,0.29230717066503603,0.5940220795975374,0.018000491340344885,0.01049978860915114,0.016048225337186577,0.06912224445074411
309,0.5963633595594913,0.3558831646186163,0.022397429995767302,0.007527510140089935,0.003597889656347065,0.014230646029688024
310,0.2221988033920553,0.740190545775348,0.010185122179613032,0.006727749214324602,0.006638502617290864,0.014059276821368193
311,8.02557656446673e-10,0.006742512915243261,0.020107067537660603,0.9014341044699878,0.06775481570731597,0.003961498567234694
312,0.8385942046329502,0.1333085185025775,0.006092735484219429,0.003658375088176216,0.004404835652388437,0.013941330639688268
313,0.06821879205715582,0.533576769025951,0.1994816157989704,0.027352528017897757,0.0807498038327007,0.09062049126732429
314,8.604875847282018e-05,0.023673119664596624,0.9464475817126977,0.02071321190435128,0.004392385391705691,0.004687652568175897
