,proba_0,proba_1,proba_2,proba_3,proba_4,proba_5
0,0.9565294706867975,0.007006018256239248,0.002763315766875305,0.006610762437242451,0.0045106572576148795,0.022579775595230545
1,0.9539316128015919,0.009039755406408294,0.011415275677072326,0.0027677683836842036,0.018713012480807922,0.004132575250435238
2,0.9615876411578945,0.015298043589941098,0.005030494636805827,0.005054177394460229,0.00601362943457316,0.007016013786325623
3,0.9345462480047909,0.014034392132241955,0.009135745833000053,0.015417084963469305,0.011334011771638126,0.015532517294859823
4,0.9410126068345938,0.011334238995716131,0.008382610030451381,0.004936747152647177,0.024825774549674,0.00950802243691745
5,0.9555583898545343,0.010167784635216386,0.009977814996412804,0.002545026295954876,0.017743708584229304,0.004007275633652297
6,0.9103562838195847,0.06612112949785384,0.006702266444584377,0.0050473477981664945,0.006948455737967606,0.004824516701842873
7,0.8088180268335073,0.15493842959562323,0.009894964252228073,0.006158859800429404,0.012671955444987311,0.0075177640732247645
8,0.9064950280135204,0.06327902332648708,0.008183642697937782,0.003060053695920817,0.014651987724269967,0.004330264541863793
9,0.945780464043298,0.03655371126740081,0.0032713178399845716,0.001883929686651928,0.008009740432946262,0.0045008367297183285
10,0.938326149328269,0.02968331289368826,0.004193908614820173,0.007035343224466906,0.006957883609643922,0.013803402329111841
11,0.9137980988399226,0.037817189093793536,0.01774573129135444,0.006488540413668063,0.017474107143351448,0.006676333217909939
12,0.9628885852477448,0.020057985649530752,0.005539959732091662,0.002964119487607195,0.004811565459393392,0.0037377844236321043
13,0.9042081692870236,0.06547017977727682,0.010086806205512512,0.0041267430788065225,0.01085510900022079,0.00525299265115987
14,0.9565092076691794,0.00783419553296447,0.010438078640083757,0.003036382197969072,0.017134782930268926,0.005047353029534085
15,0.9354821609741013,0.015842355001903362,0.011444940808704151,0.007884410142527847,0.018541390093374303,0.01080474297938927
16,0.6308669125319956,0.32701550273979846,0.00849861762988526,0.008904272980006045,0.011755679690352511,0.0129590144279622
17,0.9243562731592821,0.04726921208065532,0.008244314869316068,0.0022424078332194063,0.014628504402448773,0.003259287655078245
18,0.959984250786423,0.01740412862305207,0.0037356540947678656,0.004944289433531674,0.005583419180402715,0.008348257881822809
19,0.9509159535847475,0.01929600384459474,0.005677438918981815,0.00415737261818756,0.011965231508311948,0.00798799952517664
20,0.7430442810467481,0.07239115281193427,0.008588019451724329,0.05785865993561283,0.012081661681651475,0.10603622507232952
21,0.9251189390878094,0.014646972231097835,0.0038271917808433953,0.013146797545395737,0.006279163620088189,0.03698093573476559
22,0.960491435415456,0.012879664151820886,0.00432424991711845,0.002259674007441176,0.015895845565672563,0.004149130942490837
23,0.91957944629912,0.05127018987483575,0.00265386850789888,0.00783184494270255,0.004913263310425288,0.013751387065017726
24,0.8151429098413866,0.05360936573853843,0.04462298842011919,0.010606535091304924,0.062013331677980225,0.014004869230670375
25,0.8391451499056821,0.038700854517306156,0.06194934340151396,0.009098996806842067,0.04024413353989044,0.01086152182876496
26,0.978007099324346,0.005386586691614853,0.0031160643656771582,0.0032281349527113028,0.003636514511021036,0.006625600154629443
27,0.9030747041907365,0.04683198003083948,0.006377024193822138,0.019580003003784666,0.00586367285514833,0.018272615725668573
28,0.641967050444353,0.2922195923755918,0.01896562583714449,0.021260555937877228,0.013891719855785481,0.011695455549247624
29,0.9121195870565707,0.019832843477314375,0.01851396950440903,0.005329348345507804,0.035799684977721125,0.00840456663847733
30,0.9318138664928318,0.040630392504673374,0.00856839835224635,0.0038246355277342815,0.009928409317008212,0.005234297805505896
31,0.9522010082536831,0.0324226838314749,0.0033687979717949043,0.0021226126107272867,0.005524707777179469,0.004360189555139952
32,0.920773492361899,0.020584484938770665,0.007584310070767564,0.01625511424948795,0.009114695001269615,0.025687903377804706
33,0.9032532574394405,0.014733199100443378,0.03171781659004138,0.01264378710855645,0.02510732312374836,0.01254461663776965
34,0.9456111225004448,0.020709803568601796,0.015266186746129833,0.002542843104160411,0.012599540682701707,0.0032705033979614864
35,0.9669864254291063,0.013085089826294551,0.0028984375551877185,0.0030812306491956984,0.006484928861590816,0.007463887678624759
36,0.7990540171898614,0.028616160601682674,0.029981424756482945,0.009502104023978431,0.1163079540864038,0.01653833934159118
37,0.9619578194229301,0.006856915011258932,0.0035356386294613487,0.006340619809135359,0.007010769918398196,0.014298237208816364
38,0.915971906444563,0.021555101203180136,0.017378165879028813,0.004832108577350053,0.033443016877506324,0.006819701018371314
39,0.9125368685299136,0.014075070671915844,0.022122313551135458,0.00408611353311533,0.04085506465968124,0.0063245690542385845
40,0.9321478049391345,0.04153511005765973,0.00488547928318494,0.0061961303178820325,0.007021979342331991,0.008213496059806945
41,0.9692607925857881,0.005732810331203749,0.005528509049727037,0.0030082941788956434,0.010925096986553678,0.005544496867832099
42,0.6320519299752249,0.24367571061821378,0.0519754163887097,0.012224260018076446,0.04732209214173698,0.012750590858038178
43,0.9583384741148836,0.009102880190600635,0.0028904933982303155,0.0082858411861598,0.0054430885876013985,0.01593922252252411
44,0.9381577791626925,0.024758334451276,0.009677039947631586,0.0034327901726651446,0.01925419319941795,0.004719863066316598
45,0.8633648298658904,0.021853298826122164,0.026372561778213604,0.006170339707528747,0.07275499400483516,0.009483975817410001
46,0.9610699506811439,0.02068229271416318,0.002856326598719068,0.003988327117769104,0.0037578792163698144,0.007645223671835052
47,0.8705650309539232,0.02525271788228682,0.030834372892668053,0.006087960144857345,0.05854948266414778,0.008710435462116632
48,0.9432001921413539,0.04078895103433202,0.0028706754851259538,0.0021718552839032155,0.006585001346699136,0.004383324708586035
49,0.9744158110133682,0.009261847000327651,0.004133753472129899,0.0025185939715678613,0.005578009310931546,0.004091985231675344
50,0.015067615017712732,0.960043817475049,0.00462647478188942,0.005567587927766614,0.0069063271456601205,0.007788177651921894
51,0.00950591670303035,0.9577632369638175,0.00770780046943963,0.005731874340162315,0.009842392169590689,0.009448779353959843
52,0.05866798413312366,0.8942735679418852,0.01133624158139534,0.0072939991712205,0.017113030118674055,0.011315177053701235
53,0.05099320739448141,0.8939947473272418,0.012590564571123817,0.007545319357230121,0.02276746751229886,0.01210869383762372
54,0.03459655694656973,0.9308379821720708,0.004699362416254475,0.007778450697149456,0.008653487779052551,0.013434159988902848
55,0.01600133597420422,0.9467452375161366,0.007557672929866276,0.0069048215924076995,0.011499144263945644,0.011291787723439669
56,0.03603206614060615,0.8830770050650142,0.02472985864020108,0.00777238982141066,0.036121151039692434,0.012267529293075447
57,0.1484435076354214,0.7827409586618131,0.008599560673053968,0.022911098974699413,0.01144940549131246,0.025855468563699302
58,0.016799274828719245,0.9533574888940225,0.006587445715784422,0.005141153429591798,0.009687244478129856,0.008427392653752176
59,0.09835261770501982,0.835935509797525,0.01306214547984719,0.013405814709800783,0.0185357051401198,0.020708207167687398
60,0.24514735025531806,0.6814117589048853,0.0076361826832015535,0.020289797767076706,0.012555390197172884,0.032959520192345396
61,0.00856321655279734,0.9663604575945524,0.005797705846127126,0.005057387304098954,0.007640049367551336,0.006581183334872938
62,0.008257224229064117,0.9719675830482449,0.004860255245060988,0.003223455473144784,0.007093457474009932,0.0045980245304751465
63,0.021086554259724978,0.9376498327028026,0.009928334521381185,0.008233840392479461,0.012919158208340602,0.010182279915271457
64,0.013406706599260666,0.9551236431059302,0.0057042640528566805,0.00623651448453719,0.008247856198435388,0.011281015558979719
65,0.01335113562833067,0.9544667514037238,0.007725275129633694,0.0056243762647664565,0.009851487828344016,0.008980973745201244
66,0.02642484492167435,0.9281514454080142,0.013675551491455572,0.005650703535185854,0.018112433732687422,0.00798502091098255
67,0.022473694630867166,0.947189708154223,0.007006288927903736,0.006762635183669787,0.008980053934939954,0.007587619168396194
68,0.012347530017343867,0.9639931582350552,0.005991734370693746,0.0032034586071329773,0.009145011545166108,0.005319107224608142
69,0.015224066452258052,0.9621152558819879,0.0051425733319605815,0.003878301672227048,0.00803446419648544,0.005605338465081048
70,0.029712430395721835,0.9309085659356606,0.006696619267893443,0.00822277494688063,0.011131269041376615,0.013328340412467044
71,0.03879741965753014,0.9064369777617809,0.015217470897634797,0.00824684217426523,0.020235403902858277,0.011065885605930435
72,0.022206946454674442,0.9469620999991416,0.0054002345415936305,0.006166820942064919,0.008264328658837024,0.010999569403688209
73,0.011761630849044365,0.961955681482164,0.004653945168652542,0.00604747829080093,0.006610578931628522,0.008970685277709209
74,0.00915777613722568,0.9686372022520351,0.0042824670512379695,0.00522103309535414,0.005959507543149643,0.006742013920997495
75,0.01645720110068273,0.9546120638367429,0.006008687472655777,0.006890073958341312,0.007629073257332494,0.008402900374244703
76,0.05186709667349088,0.9112982441036709,0.008026329959175682,0.006138668920159775,0.01262356779825349,0.010046092545248906
77,0.006787079191831411,0.9726875548241027,0.004502598371074107,0.004330737130240893,0.0062770079178035825,0.005415022564947543
78,0.02434541784125277,0.9220993752682564,0.01774526757522047,0.006387122268801557,0.02088223329950996,0.008540583746958529
79,0.008055614670979703,0.966223953789125,0.00439513393313022,0.007541850533106744,0.005717182555572722,0.008066264518085788
80,0.025714563649460002,0.9448308144010089,0.005462434887701994,0.005432168059237765,0.009567129894611403,0.008992889107979931
81,0.025403840284385453,0.9407233474490215,0.00805231261047309,0.005403414590763118,0.011697289069377103,0.008719795995979593
82,0.01679351708306448,0.9577577294357645,0.005782140934120548,0.0040510364499109315,0.009174051696753992,0.0064415244003859125
83,0.24916701401988756,0.6528221768217215,0.014113203758370342,0.03503437114124511,0.016845037352891376,0.032018196905884325
84,0.044433647852057584,0.9162255257442279,0.008674976212335582,0.005673316004792518,0.01506971647402641,0.009922817712560096
85,0.009378504144901517,0.9605309599427015,0.007892712740846868,0.010510443011713758,0.006356745416142165,0.005330634743694233
86,0.0230325852597666,0.93993918793959,0.008714213809489165,0.007372295674449654,0.0108028132450485,0.010138904071656013
87,0.013248464902631287,0.9589587800394667,0.00703114473350506,0.003704457922107512,0.01083188767471494,0.006225264727574474
88,0.034510818295170304,0.9116776250610874,0.006645138383940267,0.01730683492810641,0.0094100842688012,0.02044949906289444
89,0.015649681192367145,0.9373692256836716,0.005370482685678668,0.013990121882580739,0.007778935974537242,0.019841552581164573
90,0.04450938507097157,0.9060911673493565,0.006623831670914427,0.012350384639211537,0.010901743299663137,0.019523487969883655
91,0.011815404226324893,0.966144687868502,0.004818857083283111,0.003812822998155174,0.007225685515059415,0.006182542308675505
92,0.030988627250034106,0.9350254857009687,0.0069023700031952675,0.005981863434659726,0.011576778444934679,0.009524875166207713
93,0.01294019836751762,0.9567055027202269,0.007994846939272366,0.005313686164107894,0.010359768323772297,0.0066859974851028025
94,0.02657036323024757,0.9178260367869122,0.006034785825343636,0.021948091760962383,0.0075673324537679195,0.020053389942766637
95,0.01649852326144715,0.9538311126352598,0.004559166576226398,0.006436375212113765,0.008590801580820468,0.010084020734132131
96,0.006888136362432777,0.9685237027474065,0.005581773292790439,0.003994606619590704,0.0085406605721041,0.006471120405675473
97,0.07053199208312916,0.874538792325164,0.009887898507267196,0.014507401195194999,0.012897882626328372,0.017636033262916358
98,0.022224692102738246,0.941551629100087,0.006316088352308986,0.007999692009726864,0.00958340729961161,0.012324491135527398
99,0.03175482104004288,0.9214445655981524,0.006474034541869651,0.015412664891555754,0.008089702410931432,0.01682421151744797
100,0.013927329917249362,0.009720482515494906,0.9367261040485884,0.006544364709199989,0.026186225067002557,0.006895493742464488
101,0.001518253630891743,0.0014682054787970378,0.9890095639117212,0.001992081343391039,0.0037151773587575368,0.0022967182764416466
102,0.008278023011192289,0.0042413269686574,0.8985681476487716,0.0037297388069220698,0.0801073172896031,0.005075446274853908
103,0.005823818930265336,0.0036568698150598513,0.9667617919368885,0.003690985260551795,0.01575639444593535,0.0043101396112990124
104,0.0015172098040036365,0.002018960090331573,0.9893573191246898,0.001937894267099165,0.002933598339643714,0.002235018374232208
105,0.008395187883782485,0.00484365921184159,0.9385655488006179,0.00410727757671401,0.03901492522290124,0.005073401304142919
106,0.02246012993853335,0.017475401410132197,0.9237463323414322,0.008540698032305985,0.018723852454099278,0.00905358582349682
107,0.0017260420295951645,0.0017938820923183861,0.9913929905870462,0.0024341094715707202,0.0005030315384795398,0.002149944280989906
108,0.0025546267435654657,0.0024145458581127316,0.9827503657430399,0.0022317733755253337,0.007285204620577233,0.002763483659179539
109,0.002642220211056424,0.002350371760045404,0.9773887072460267,0.002316578683740773,0.01260036840911352,0.002701753690017075
110,0.11757560780567845,0.026888002015828572,0.5989813122715313,0.01036989740551202,0.2326183894941941,0.013566791007255687
111,0.019531698721032435,0.011784199220303913,0.9380536698061113,0.006996977155558373,0.01529903021909134,0.00833442487790262
112,0.0022484455722311036,0.0017689867863692067,0.9841709290526708,0.001956275310718746,0.007508750106934414,0.002346613171075732
113,0.002877264201372756,0.002502552478258527,0.9728795135476286,0.002443183018731416,0.01618504834098249,0.0031124384130265313
114,0.0040349009607231765,0.00301878298821877,0.9838972736800634,0.0031173403733607465,0.002681046147044403,0.003250655850589819
115,0.004405320290777482,0.002972725536447461,0.9659920706789447,0.0031766191312091194,0.019489957632678783,0.003963306729942655
116,0.004397380722573321,0.0035318553168808744,0.9817140337281136,0.003521260555868006,0.003235235105659731,0.0036002345709042626
117,0.010458404957573605,0.009132684005255623,0.9637795390098419,0.005764314793730551,0.005105308329936581,0.005759748903661488
118,0.00276459994967406,0.0024806328645408217,0.9832525859104146,0.0027346072305333593,0.00553358081343561,0.003233993231401474
119,0.005778686994648382,0.006140731770086675,0.9724597448812913,0.005727478902067827,0.004737256558326064,0.005156100893579661
120,0.011962363059693636,0.00764343208348984,0.9613614582378744,0.005915960465385148,0.006816864864849397,0.006299921288707955
121,0.0025906077131397716,0.0017104488347315047,0.9294024258987102,0.0015591050950661666,0.06254832305973393,0.0021890893986183015
122,0.0015018608778423542,0.0017661772870522761,0.9872951870140148,0.002656412648744101,0.003887973900789803,0.0028923882715566006
123,0.009654959437470585,0.006224333069960296,0.9669215279020993,0.004694888204036755,0.007412575587381689,0.00509171579905128
124,0.19077340330761003,0.047557816687402346,0.5711248313638309,0.015374253458173663,0.15498297018966245,0.020186724993321054
125,0.04965242671868257,0.024099107862094453,0.7987067644786703,0.00946580188597977,0.10623041140072143,0.011845487653850953
126,0.002724656493633044,0.001972965533232047,0.9550977008363473,0.0022212336139170166,0.03507797954107374,0.002905463981796946
127,0.1678105955792096,0.051287849113209105,0.6086791182363138,0.01763803471816126,0.13282550726148779,0.021758895091618435
128,0.013551082048803814,0.009688983306982542,0.959875624876809,0.007160770125427531,0.003885603069190234,0.005837936572787073
129,0.021002369018065483,0.012528011433786736,0.925653473843661,0.008683910959001818,0.02292853683194037,0.009203697913544272
130,0.002350128953368259,0.0023792895330877273,0.983858298036859,0.003001814536120212,0.005151069508600747,0.003259399431964048
131,0.002296576695981325,0.001945836154401142,0.9855747163744983,0.0024669014259130254,0.004968435361143255,0.0027475339880630874
132,0.006160982434254648,0.0032659373538811484,0.8838847045297646,0.002911794263534901,0.09970428363717944,0.004072297781385341
133,0.008390876501474485,0.005734902533870106,0.9491944131418996,0.004523806810981504,0.02642142361560932,0.005734577396165305
134,0.006346602582261716,0.003881998270518659,0.926824744836237,0.0033760364140029823,0.05504593544771261,0.004524682449266871
135,0.007669417313094392,0.005428871635004229,0.9230786330769903,0.0030513836856578447,0.05667511424295059,0.004096580046302622
136,0.07122868520478598,0.0343410724413523,0.7957102681934719,0.013187581842808304,0.07017872793112419,0.01535366438645725
137,0.03970742556417064,0.024543541725871962,0.8880187862602714,0.012241743759064084,0.022418210359306728,0.01307029233131508
138,0.0028481765841804484,0.0026269650070832014,0.9879135094391606,0.0024759610064788522,0.0015757335499193546,0.0025596544131773454
139,0.0067928643793056425,0.005496772108487728,0.958753232875186,0.003954778880440287,0.02037905865768856,0.0046232930988920565
140,0.005877653524539294,0.004508189802239052,0.9697099900226059,0.0033592164219889958,0.012457102548999252,0.004087847679627642
141,0.003723963771731063,0.0031437385516198944,0.9816283490430415,0.00345486413431227,0.004386712539639047,0.0036623719596559647
142,0.029091426387816918,0.017604248631906697,0.920585791747889,0.009495092703136091,0.012937469713184982,0.010285970816066305
143,0.0033123421128844026,0.0032779685706908635,0.9856643416597508,0.0030750012381140193,0.0016591198924007942,0.0030112265261592157
144,0.013424695658436193,0.007866410492730366,0.9234873762151591,0.004664286481028817,0.04478638268727676,0.0057708484653688505
145,0.00873620659427673,0.008810302010494729,0.9613099611877804,0.005390092368888913,0.009670056710122766,0.006083381128436306
146,0.02390406055968514,0.010739599866605252,0.9160167479783955,0.006738535721971285,0.03389711743013967,0.008703938443203305
147,0.0263180283297422,0.009326307288453907,0.8112655963855107,0.006112334110229609,0.1385508866592442,0.008426847226819582
148,0.013718357062134586,0.009192317038306986,0.9548544204782506,0.006388863526897688,0.009225436830043846,0.006620605064366002
149,0.0026601299298122925,0.002505735957687584,0.9871977526303335,0.002505871188824687,0.0024847474049351967,0.0026457628884068887
150,0.022000320036363635,0.019990995658033948,0.004572487102146261,0.8872931265687126,0.006186402225417815,0.05995666840932599
151,0.0037997885728298453,0.003300888692215309,0.002866060144742301,0.9508756689747814,0.0035094157404464725,0.03564817787498459
152,0.008379539116466737,0.0046453251518915415,0.003983496343594304,0.9111494977761114,0.004926847410042962,0.06691529420189289
153,0.00945733303448115,0.006173574879709798,0.004338140053499478,0.9556962468886757,0.004993565278807193,0.019341139864826783
154,0.0028463215094584582,0.0023498092200751716,0.0026731979038496782,0.9870411949466342,0.0028858498823502348,0.0022036265376321243
155,0.0016200444147584712,0.0017085023359155538,0.0021709154924919607,0.9886420707561066,0.0023471285920417992,0.0035113384086858474
156,0.004633764875478336,0.0053373882455112305,0.0034600301327730003,0.9808105914096649,0.0035277875716974044,0.002230437764874875
157,0.0030012351741929423,0.0031485934648884766,0.002746450783006468,0.9874899936427474,0.002709279527690028,0.0009044474074746614
158,0.011158284944122542,0.008324153732386595,0.003346795005449786,0.9603105247588108,0.004276545124317114,0.012583696434913168
159,0.006995634491092358,0.006019618233682382,0.0037613977263145863,0.9753951378846627,0.004055444338376069,0.003772767325871837
160,0.004652150949667416,0.004117090294584359,0.002930817919585001,0.9775298877232556,0.0034119855855777024,0.007358067527330031
161,0.031785503049836634,0.023562383865045184,0.006373700640627057,0.8758391985863679,0.008330301034571488,0.05410891282355157
162,0.004827288592605475,0.005294162706824024,0.004048318924841485,0.9782023555095518,0.004021133621829013,0.0036067406443479133
163,0.007782748463413633,0.005583220870695183,0.0045680021639628405,0.9380076086743989,0.005245095180239132,0.03881332464729042
164,0.019385426466272948,0.01281938704080325,0.006773396882433638,0.9491084519544248,0.005958429161830736,0.005954908494234595
165,0.0297737936877092,0.01518612781452789,0.006060069227899353,0.9252591726074206,0.007488184779906515,0.01623265188253608
166,0.03126367340922037,0.010008499949204861,0.004943328532119969,0.8865857708241466,0.007434705440061493,0.059764021845246866
167,0.0070286397591735736,0.004266957990952125,0.003356023020828244,0.9483989868900631,0.004397843277788858,0.032551549061194236
168,0.004808890228815478,0.0033018721305277097,0.002382432913303944,0.9547011366173567,0.0034188128055630297,0.03138685530443324
169,0.005032333120448777,0.0036291182338273,0.002725641196235153,0.979920707087815,0.0033437994243248866,0.005348400937349215
170,0.002280410026972575,0.002460033813187632,0.0024925881592064917,0.9883094973033565,0.0025890737644285585,0.00186839693284852
171,0.004806413534378528,0.0035703545815416043,0.0032135994810482574,0.9823475593314562,0.0033701547643458594,0.0026919183072294734
172,0.008994099466009667,0.0036598980219930653,0.0034855141623748548,0.840913048732818,0.004810367129476511,0.1381370724873278
173,0.0036918609453992102,0.003218568657125386,0.0031599494575469227,0.9817428866176546,0.0034371168269592307,0.004749617495314466
174,0.003054181272068489,0.0020409508369099794,0.002561072923871125,0.959079278438419,0.0031839428140655376,0.03008057371466559
175,0.008595148230988803,0.00748518093332737,0.003936694807889911,0.9719778164244348,0.004177160900959548,0.003827998702399496
176,0.015198208305075919,0.007985554698743357,0.003907324345449311,0.8691986698519145,0.005518966239715145,0.09819127655910215
177,0.0026807992000430297,0.004927134584092681,0.002843167125725083,0.9861160493056508,0.00260491205034185,0.0008279377341463012
178,0.0023195849711421857,0.0021835487936061803,0.0027500355648025507,0.9886982204784135,0.0027202252610485506,0.0013283849309869125
179,0.004970078678152574,0.00448021814016732,0.0035400297913483997,0.9749311304315635,0.003895178882991889,0.008183364075776104
180,0.03586641417094753,0.013297153305777116,0.007304868097691396,0.06850457906966086,0.009067997361096578,0.8659589879948262
181,0.008045240244064078,0.009750508479481529,0.0038457862221485677,0.9640477419678537,0.004312140007986999,0.009998583078465314
182,0.027215990804813427,0.025576349738236814,0.008530802814088263,0.8795662004707069,0.009577759517715074,0.04953289665443999
183,0.002825119397657218,0.0023649753352561914,0.002618281937343033,0.9829749935380985,0.002938257839850538,0.0062783719517948075
184,0.004965170768260198,0.003978159836929931,0.003319193464382362,0.9801344856147184,0.0036309185233683377,0.0039720717923405775
185,0.0035270771838471072,0.002571653583061922,0.0032378614428189524,0.8802230712215734,0.004044926517828319,0.10639541005087035
186,0.0018519178373036173,0.0025389301273197585,0.0027972048911750697,0.9892642302445266,0.0025372678824653236,0.001010449017209852
187,0.16117793047253767,0.05460964870534704,0.011500049392676214,0.6822446244045652,0.01428925783724659,0.07617848918762704
188,0.017042918054020226,0.008320613090015304,0.005331908819351252,0.8519651576513051,0.006785875386484653,0.11055352699882355
189,0.0023315713019896817,0.0021091054978548637,0.0023782444512068742,0.9742149594730054,0.00272117120739053,0.016244948068552714
190,0.007537315343509175,0.006091612270478682,0.0035634947836382324,0.9740376688468962,0.004006684340209954,0.004763224415267651
191,0.01857608869415566,0.012312169167226503,0.005746869879451601,0.9363135775114139,0.006814178203573677,0.020237116544179024
192,0.0028685412340585304,0.002434767602769062,0.002414134914107534,0.9825757648200544,0.0028460373509466164,0.006860754078063871
193,0.0016223888159776858,0.0013741811423906168,0.0024607886405387737,0.9883799390180527,0.0025337413367577245,0.003628961046282272
194,0.050568502625473064,0.03540107445253256,0.00659679728358368,0.8338185811229233,0.008682708862061152,0.06493233565342675
195,0.011366754543948993,0.007848376436049038,0.004380172278407631,0.9408259623309746,0.005314376661620884,0.03026435774899912
196,0.008106340040322239,0.004781650133345005,0.004366744400748992,0.961452529524201,0.005059771681677605,0.016232964219704837
197,0.014227803317708024,0.009721839230772283,0.004717169916779458,0.955590105406819,0.00510471562564787,0.010638366502273325
198,0.0023038070202836512,0.002307272827472462,0.0027106645342974945,0.9881750064000346,0.002680000861944561,0.0018232483559672192
199,0.008259349803910694,0.0057567891100812245,0.003804736570133258,0.9460900684870123,0.004976453234397752,0.031112602794464678
200,0.03221565991647785,0.010685488073858286,0.04356747416248049,0.005923475584090875,0.8997933998726126,0.0078145023904801
201,0.004425433525983848,0.003262530367112542,0.1457173497513281,0.0023565580132111612,0.8413150679547804,0.002923060387583571
202,0.014714125463653919,0.004083455005296427,0.005802572222410425,0.003477056209831253,0.9667406359771633,0.005182155121644648
203,0.0026079225084247636,0.0018038392042328153,0.008445539921300966,0.0016845847675940368,0.9830875232991771,0.0023705902992699986
204,0.0067240476822412135,0.004630797564196075,0.08313330198360967,0.002968744299597034,0.8987525279102381,0.003790580560118047
205,0.0029736973401864224,0.0013969433622659409,0.0019430616230005212,0.002049452925989222,0.9885533667103846,0.0030834780381729754
206,0.002856665159836325,0.0012458230304809971,0.0010283651577185794,0.0018503994945429565,0.990045640758816,0.00297310639860556
207,0.002747605863083252,0.0011921714716748473,0.009344152474511513,0.0015551578319469752,0.9829634554641754,0.0021974568946077594
208,0.0023500803153194026,0.001163787557014535,0.0017889037074575768,0.0018253082033722018,0.9901602144360089,0.002711705780827618
209,0.01033232615121776,0.0037522322497650557,0.05625225166277031,0.0032123345836681427,0.9224861729027645,0.003964682449815201
210,0.0037762518630504774,0.0017955194542103416,0.003361597988198998,0.001999994714114965,0.9861141923014363,0.002952443678989034
211,0.0019091432806686642,0.001197247436994292,0.00394179766516471,0.0013333784257744722,0.9896478456919169,0.001970587499480998
212,0.020274991746326593,0.006581009498323008,0.07422423258756879,0.004307096424722539,0.8896087392675603,0.0050039304754982104
213,0.01651408094478735,0.006061389202948545,0.039978225959997685,0.003849524596022007,0.9286076900752938,0.004989089220950281
214,0.01520532300299068,0.005543644447274966,0.10833667527218477,0.0032953103119408205,0.8636924103362802,0.003926636629328666
215,0.09917894405062858,0.02131246898384214,0.21534716181846938,0.00711168628401577,0.6473648621223604,0.009684876740683484
216,0.0081076920466664,0.003421673145162924,0.004501726510078106,0.002682318311150266,0.9773568583933937,0.003929731593548631
217,0.08214834012699086,0.024452647888706495,0.07104759860421855,0.01108702113318871,0.7971782509986505,0.014086141248244885
218,0.37578126161383824,0.03522184800028516,0.05437334856263941,0.01214635049237775,0.5025592848771764,0.019917906453683222
219,0.023587923661188316,0.008950845081805561,0.09466657720904573,0.004867282293475924,0.8616750217347162,0.006252350019768523
220,0.13166650010439634,0.02823663442243228,0.09144183569916564,0.011712056952471803,0.7218958313499341,0.015047141471599652
221,0.01035228737389808,0.003566840241127127,0.029625206082851303,0.002407897839050544,0.9504194678163441,0.003628300646728515
222,0.007616340802223876,0.0026023633790233755,0.0053131166462653074,0.003340037109617368,0.976584699628457,0.004543442434413086
223,0.002497001615171651,0.0008487047491322827,0.002270969939632474,0.0015189112330344617,0.9904056932368903,0.0024587192261388132
224,0.006074883810266092,0.00347830447505109,0.022240616635754662,0.0025977785974187996,0.9622077937785636,0.003400622702945888
225,0.021587157657853826,0.01019388537978121,0.095721977710567,0.004866411054253303,0.8613814322427196,0.006249135954825362
226,0.059951174223964725,0.012436670527762995,0.035298193374464513,0.006515489721517217,0.8764441525793247,0.00935431957296577
227,0.006650184173655802,0.004697894048008879,0.011087159664877902,0.0032842864262621163,0.9700165747744967,0.004263900912698613
228,0.001713726178324248,0.001114276610321247,0.005495673608322201,0.001450570172717854,0.9882941655629657,0.0019315878673489017
229,0.013080577458063188,0.004996712959233197,0.06032619418815564,0.0038310740319912957,0.9129333676040039,0.004832073758553029
230,0.0073770351078242865,0.0022051390007860354,0.006646769728336674,0.002959694309310702,0.9766858466826054,0.004125515171136952
231,0.0057104649717028555,0.00413434983352069,0.02242325333985079,0.003016763117247348,0.9609099549620814,0.003805213775596812
232,0.017474900841117497,0.00625647876221505,0.021289725776036963,0.004687902539275612,0.9441769824490438,0.0061140096323108765
233,0.008633957154451507,0.0038174752220099762,0.005554216025136322,0.00297368960182776,0.9748393672477764,0.004181294748797684
234,0.003449782271021486,0.001544576331212481,0.009582148475583741,0.002109087278218443,0.9805297871066585,0.002784618537305223
235,0.029810583286028647,0.007368164887722812,0.01876930957077218,0.00582930412890536,0.9295095902999265,0.00871304782664419
236,0.013130424226519702,0.004691412810727009,0.020875919620828364,0.003838523710388096,0.9525737224192732,0.0048899972122635445
237,0.005972109814832059,0.002288459345573184,0.0015732845603480157,0.003047758102826726,0.9826234147490267,0.004494973427393623
238,0.009868301492852947,0.0032138549207956354,0.028649782831540092,0.0028684253835542144,0.9514859851247526,0.003913650246504637
239,0.04576052017059564,0.015227355310512322,0.4137439521861631,0.0068621592137113885,0.5088588765228366,0.009547136596180615
240,0.003765698057972661,0.0019467429899016912,0.010980268479835853,0.0021435098518287517,0.978140763543215,0.003023017077245859
241,0.004527066481791042,0.0023132919440493143,0.0059039876950835206,0.0019391592150460298,0.9824170446296779,0.002899450034352259
242,0.009541569585443587,0.005696866810953529,0.1358649585088548,0.0031070174781096466,0.8417891657837537,0.004000421832884781
243,0.00529739386811387,0.0023066491751267816,0.006922699643311259,0.002960400148938579,0.9784334393351747,0.004079417829334669
244,0.0037435539595026186,0.0020120158348818774,0.05707609168793524,0.0018466737780573168,0.9329815384377199,0.002340126301902979
245,0.00420581872271918,0.0020782487983130532,0.0019060340393852303,0.002455502846058268,0.9857232808069093,0.0036311147866149264
246,0.007920541051565281,0.0033767611770706245,0.004817475439633373,0.0033080124365427116,0.9763227173743368,0.004254492520851097
247,0.016544211811651683,0.005889597385236635,0.009869930217963152,0.0042659250808603005,0.957644708536039,0.005785626968249431
248,0.012336785608409657,0.007171001169903348,0.04719683868148017,0.004172339057542058,0.9239060842425204,0.005216951240144281
249,0.008322592400919695,0.004391216903685248,0.0048498278546267645,0.003636512217172201,0.9738108403193674,0.004989010304228838
250,0.004170671577449163,0.0040220613269522825,0.0026280483574689273,0.004765139227823664,0.0032968753517032155,0.9811172041586025
251,0.014958327039165787,0.008122353053436077,0.006106215773610465,0.27824702006223545,0.006520505293323296,0.6860455787782288
252,0.015504279066447779,0.008434715724677015,0.0056287476233177315,0.05312507635011855,0.005932162383453386,0.9113750188519852
253,0.021317807634380084,0.01023478292049059,0.00519251118261048,0.006224521380396008,0.007296751639330637,0.949733625242792
254,0.007854822188877479,0.00441113849783207,0.003891520846584936,0.0035929948635383905,0.0050825939245878506,0.9751669296785793
255,0.035682370393931614,0.017141748614341167,0.008155697316268213,0.0824231503425595,0.00855296926521966,0.8480440640676801
256,0.007827154939041825,0.005456959731633752,0.0031806944490786774,0.013013065800673537,0.003650237177063966,0.966871887902508
257,0.001501152815606698,0.001540453087955732,0.001925181019851082,0.0021659872415522572,0.002210328418406783,0.9906568974166274
258,0.01266032415684847,0.0059464660509507775,0.004438906348202821,0.01663149407204112,0.005303053223410618,0.9550197561485463
259,0.004711547037519719,0.0031427782275774757,0.0030303316417983543,0.0039038804279893776,0.0036201620694163417,0.9815913005956984
260,0.003885031390787835,0.003249327949525064,0.002612544239067945,0.0023406295379572555,0.0035525602071840153,0.9843599066754776
261,0.07579179378032616,0.02082666843581092,0.008329935198988801,0.025719291111215993,0.012004077837581525,0.8573282336360765
262,0.0177268135096425,0.012580111795433833,0.003934329548514875,0.050451000223697966,0.005747254265608272,0.9095604906571022
263,0.008477823859512035,0.0061135792578143715,0.0035626123128763144,0.09018559670463572,0.004059844374935415,0.8876005434902261
264,0.02347337180053323,0.01026561564020215,0.005850718203210756,0.11463480984754369,0.006720345389005962,0.8390551391195039
265,0.039467631786931585,0.01614485339924884,0.006054439580222883,0.047842340691108265,0.007894167313398167,0.8825965672290903
266,0.004073608088155018,0.004419215170462345,0.002287565160628567,0.017289934119655348,0.002794225213880205,0.9691354522472185
267,0.009964074851784585,0.006326087815937359,0.0046337090923072735,0.019462576318790434,0.004549266591739915,0.9550642853294403
268,0.0066430977294978525,0.0053486087024616595,0.0029324610076658054,0.006928501242187283,0.0038948795091246413,0.9742524518090627
269,0.013135854730054065,0.01035226467938452,0.003933315512191883,0.005125740070381225,0.005973207438739468,0.9614796175692492
270,0.004070209481034374,0.002132393980486078,0.0032547514183611155,0.0028614803533484126,0.0035412528315285534,0.9841399119352416
271,0.0024140386061334107,0.0020610383557596113,0.0022796847895271513,0.006342143884263312,0.0026490460173687795,0.984254048346948
272,0.0994355225712095,0.0366636471677441,0.00847729212845622,0.0547509977124908,0.012558794755008295,0.7881137456650913
273,0.021959287762058678,0.009198351393491214,0.0052893120317693745,0.059227494497802805,0.006635231607836404,0.8976903227070415
274,0.004172356249731908,0.0030937744259075914,0.0024675418231109233,0.14274545161340724,0.003035327274152651,0.8444855486136894
275,0.00264119064688543,0.002208846710552877,0.0023986130909382447,0.009252394290297773,0.0026200071238195945,0.980878948137506
276,0.009178452371658517,0.005274875891628887,0.00448897429013413,0.009694849595958824,0.0048003628877939285,0.9665624849628258
277,0.007666535654602162,0.00485795651711498,0.003524838038795742,0.010421821745396251,0.0036980522309172366,0.9698307958131736
278,0.13598904897844155,0.041425185052094575,0.010717861073845626,0.06846507545827124,0.016747816810080814,0.7266550126272661
279,0.0052054168932594526,0.004031845106312434,0.002104139486722114,0.1286871154552233,0.0027471269901293994,0.8572243560683533
280,0.004257876264588881,0.003637845442181962,0.0026112420437737044,0.0011799839181363399,0.0034406062454508304,0.9848724460858682
281,0.0032069485602284242,0.0026682002398206706,0.002860425023762828,0.0078109736470189815,0.00268500341072216,0.9807684491184467
282,0.016593496057819013,0.009529949085637809,0.003909511729672932,0.0371174461491841,0.004479488822184747,0.9283701081555015
283,0.0036880457357068405,0.003874371860385586,0.002344504254747693,0.003920832440799986,0.002871436134903323,0.9833008095734567
284,0.013175784464339728,0.005915312687219543,0.005920167571147101,0.0416325286315155,0.0061334146247660724,0.9272227920210121
285,0.006619439126317458,0.004102395525700885,0.004760635000919316,0.027002388736792372,0.004550788230074551,0.9529643533801953
286,0.004363625956357218,0.004024839495051361,0.0025330400773425667,0.0017770087017588627,0.003670336552274741,0.9836311492172151
287,0.029430020390678713,0.012473849854412626,0.004261593256570523,0.22978331389294362,0.0064833236227580995,0.7175678989826365
288,0.007329830182767535,0.003969937490337478,0.0045043628691210395,0.04324235099961936,0.0045655223683444355,0.9363879960898099
289,0.008899501164804426,0.006584866502668006,0.003366374062133083,0.004686893269330849,0.005066227481733289,0.9713961375193303
290,0.01597895956649063,0.008115616137117875,0.00694173794867121,0.0196217536399202,0.007291734676448489,0.9420501980313517
291,0.01449238726817846,0.008603600901887245,0.0037594169204076063,0.025257045400608153,0.005914113045717047,0.9419734364632013
292,0.004745102472269098,0.003365326691958237,0.0033744251873619726,0.14837975923634872,0.0032993181923963756,0.8368360682196657
293,0.020014497084274052,0.012441045871695026,0.00465940683568458,0.023106617593410064,0.006909313928531228,0.9328691186864049
294,0.017072046443902544,0.010602549113737965,0.004349992613161344,0.02279819509418881,0.007092881844846162,0.9380843348901631
295,0.014271048257830895,0.008000103588062277,0.004574438201380744,0.004019477388055556,0.006649524844645724,0.9624854077200248
296,0.0088629998769217,0.006276014151875432,0.003638301037620317,0.005940648586613964,0.005043214998354381,0.9702388213486138
297,0.03782400459867829,0.019362913870175823,0.005465104916993812,0.08991801058830685,0.006505369102163985,0.840924596923681
298,0.027975636495458516,0.013505666688048507,0.006795603889751338,0.49339460005493413,0.00800687755829353,0.45032161531351395
299,0.0028710094130093857,0.0018570235090066265,0.0029161396935713556,0.002455428800382585,0.0029487893245784776,0.9869516092594515
