,proba_0,proba_1,proba_2,proba_3,proba_4,proba_5
0,0.6648896696062784,0.13541288237362742,0.016053015535437285,0.017665727808661227,0.13955639000168485,0.026422314674310797
1,0.691749733823623,0.11207879377552402,0.031014060774763305,0.031059038146577372,0.0776638809331534,0.056434492546358836
2,0.6500767678054196,0.18314002101977234,0.026627460121431242,0.024328859618909952,0.04723725858532341,0.0685896328491436
3,0.4585533459156599,0.21383869943208494,0.06028836374508293,0.07795623061060987,0.116173176345814,0.07319018395074851
4,0.6178204404983851,0.09646715999623819,0.0354884069975126,0.037201043232251874,0.09428402332841299,0.11873892594719926
5,0.7384502113815483,0.09731544388673559,0.02289440609405931,0.024366120245002582,0.06735392270402119,0.049619895688632974
6,0.5145542162488215,0.24733606965701027,0.034213479947329144,0.05870427950546196,0.09793526513949083,0.04725668950188628
7,0.4887397619888064,0.29124505617633445,0.032870132793955155,0.036614114757322506,0.1276287620306084,0.022902172252972898
8,0.5659893356983247,0.270102411429915,0.025196410626082542,0.0234633850860684,0.0894101523114445,0.025838304848164944
9,0.6151327621237531,0.23081889045158568,0.02375754415515869,0.020973202569619542,0.07096430911652847,0.03835329158335454
10,0.6798877511345768,0.15415020430576618,0.019599496503289824,0.027364602900076293,0.0485514906915682,0.07044645446472263
11,0.6419352731127566,0.10878830264758405,0.024757639737180467,0.058770412959621404,0.07957259906726785,0.0861757724755897
12,0.7187691009375214,0.16083236254359257,0.013114872841495836,0.020834749284642764,0.03308864934597109,0.053360265046776476
13,0.664289000722817,0.19024459302282173,0.02133385662790671,0.028976644146553026,0.05016668416156852,0.044989221318332814
14,0.5566765649621949,0.23076446012349913,0.026699192938448267,0.051084536496160675,0.0638276843975964,0.07094756108210071
15,0.515668430541814,0.13823183111478463,0.07146496334564034,0.0734950688398796,0.09121414342883226,0.10992556272904912
16,0.633884128506611,0.21884566038650355,0.01883955847371134,0.025533186527187442,0.04240716007504041,0.06049030603094632
17,0.639659274657221,0.17538974400218946,0.04324325050501426,0.03605051417681748,0.055896939311655194,0.04976027734710269
18,0.5976364310348786,0.15747659857197963,0.05351141786957035,0.05836985408268016,0.08031533705938408,0.05269036138150723
19,0.5132668631835285,0.26422578381923734,0.04115940846860397,0.029041572539589385,0.08583096710165022,0.06647540488739052
20,0.5318957469472436,0.21545957920871658,0.05494685886543863,0.06763811468413064,0.06544678713136669,0.06461291316310376
21,0.6254875525236416,0.12142677721948507,0.02659843563038845,0.045322447972605526,0.04724635389589428,0.13391843275798493
22,0.5227197937929708,0.18989470779655082,0.06172400041880027,0.04398663437361519,0.08299688829738332,0.09867797532067962
23,0.6266845571148116,0.22751669588171322,0.013886282602166289,0.020597594677866333,0.04499181332033159,0.06632305640311095
24,0.522533562156745,0.2733317943344828,0.03923550618574879,0.027353325493690347,0.10199776218612792,0.03554804964320506
25,0.5566027078486959,0.1416844138462024,0.08339170255243634,0.06306229393206217,0.037186484207167456,0.1180723976134357
26,0.6211342085949166,0.18723490325766964,0.021699304013446694,0.03173430242776417,0.060255337365459585,0.07794194434074332
27,0.6316688021205011,0.19577285938303032,0.020971710555575847,0.04544050032989822,0.04080498878564837,0.06534113882534603
28,0.6482676579784277,0.22383334329212146,0.01701114640505647,0.018045221152549286,0.030065321204234784,0.06277730996761026
29,0.6973320583165963,0.1131935783276489,0.02414878603963055,0.02190464074321101,0.04743232756308259,0.09598860900983079
30,0.7591897224536113,0.13261162646804092,0.011543071357633022,0.015123398964565504,0.02806218189297461,0.0534699988631747
31,0.6888988439052138,0.20136629216627133,0.014744058681042066,0.017660079464823928,0.0445047289566358,0.03282599682601309
32,0.5852060982835843,0.12543256674536166,0.05106181726364206,0.04246596811560292,0.10765647535565542,0.08817707423615362
33,0.6090866953697458,0.12724927337835149,0.049966983138717086,0.0416957219575257,0.08495955607928704,0.0870417700763729
34,0.5730468975797216,0.15181167226075656,0.04640108562204497,0.03903706723251996,0.14988109530290514,0.039822182002051794
35,0.6679926949786902,0.13311998629045976,0.033050569863046865,0.031087455622266086,0.09009917738023758,0.044650115865299586
36,0.43607518421413116,0.22278038359536342,0.07246407635953488,0.039999317079447205,0.1692924460708149,0.05938859268070841
37,0.6568803937531823,0.10174272526049907,0.026245131452808733,0.04081180667952647,0.08253211551047858,0.09178782734350478
38,0.6054746509156905,0.20922220885400739,0.023313020403882796,0.02696035528110688,0.04540489826541238,0.08962486627990005
39,0.5579273180998712,0.17088625242384684,0.041663394634134536,0.022311349640282988,0.14308052901712406,0.06413115618474037
40,0.5176616053362396,0.2825386617945368,0.03069142815043582,0.0405840449191886,0.08553714404465507,0.04298711575494404
41,0.4207562407858201,0.21916776370369348,0.07321149799791088,0.040906779110870616,0.21915825209448705,0.026799466307217957
42,0.523412277496702,0.2932745626063927,0.03159656071990719,0.0160681345620659,0.0858661371398848,0.04978232747504733
43,0.4683002387057296,0.08738518438653324,0.05800572661048463,0.10897983426195637,0.08989716636318273,0.1874318496721134
44,0.5817850066191457,0.1883277232662985,0.026522244838489112,0.05548408615824903,0.04638907191938892,0.10149186719842869
45,0.635985103188462,0.16586359836642936,0.03255194972765464,0.020336810747652135,0.10681380143467331,0.03844873653512838
46,0.5713084963339979,0.1646985059969878,0.03224365536461129,0.02448347634104206,0.17517042163149976,0.032095444331861074
47,0.6781436460537658,0.12302090871913277,0.04293903611229543,0.025551437161607654,0.08272054544526836,0.04762442650792992
48,0.6559119729935697,0.16978114950396944,0.04013696709135103,0.03016650335529023,0.05377710223933083,0.05022630481648872
49,0.7583358815972082,0.10888781453544936,0.01952883364747985,0.020670861212731144,0.05224979435064563,0.04032681465648581
50,0.19655636318939096,0.6407804677471546,0.031422328251088705,0.03925289549654412,0.04120114339338444,0.050786801922437265
51,0.13410758218426286,0.7057324777033208,0.036433638378061184,0.02642330798086049,0.055886184052893514,0.04141680970060112
52,0.30738686805599963,0.5273893790436528,0.03238337418382748,0.024267090817948252,0.07443528565123222,0.03413800224733961
53,0.14474199246343034,0.6605034429209687,0.043005592825815106,0.04280735407005839,0.0578568211049016,0.05108479661482614
54,0.16168370336094617,0.6712184832312346,0.037869429330843356,0.03355635514842908,0.041186180033500164,0.05448584889504654
55,0.13960519618933973,0.6965948130816113,0.029075480772766466,0.03476642282861493,0.058836699253615496,0.041121387874052014
56,0.12638281162733955,0.6839462327609253,0.04623081376545636,0.03296039955465177,0.06837052209205163,0.04210922019957546
57,0.19470206394382122,0.6277209806932129,0.03655085716335705,0.045467355443360565,0.0585352791601135,0.03702346359613465
58,0.28707648855489093,0.579263839770693,0.026652878131467255,0.018608801156292612,0.04618681892080351,0.0422111734658525
59,0.20772003252409046,0.6196343054559157,0.036045644003242,0.0376515778611369,0.04911898195934031,0.04982945819627472
60,0.20557557499456477,0.5942748868772519,0.04421003927118198,0.040061380683022105,0.0419774384292595,0.07390067974471962
61,0.21409906345021315,0.6408502267411765,0.03177309460421295,0.024600625456223033,0.04338536603600099,0.04529162371217323
62,0.22111616303523812,0.6292633059211343,0.028254866494748215,0.02978261400629242,0.05944609832281201,0.032136952219774965
63,0.3328033363419546,0.551101206008893,0.021235519387150743,0.018638658594696454,0.03801434039114206,0.038206939276163386
64,0.29251416503989935,0.5551665238859038,0.03387745351822532,0.027727254136604474,0.051504968852834565,0.039209634566532515
65,0.21970596272031423,0.6019873285967068,0.031648034057747305,0.040578635435860835,0.04736169130740714,0.05871834788196365
66,0.13844868302618113,0.698472432484387,0.03077010181328915,0.03008646373561096,0.0677761914310585,0.03444612750947331
67,0.2500532701799043,0.6155012839028939,0.022780392117263917,0.024847361685255077,0.05924103234203296,0.027576659772649698
68,0.3204790787515458,0.5805663734985043,0.01820732069247797,0.015260929787344972,0.036859214373156896,0.02862708289697023
69,0.20922427891192683,0.652953789650306,0.02126221396778797,0.028313729843887702,0.05501008512368056,0.033235902502410854
70,0.11763571699234433,0.694209110941958,0.04434512584206157,0.038308829265688994,0.060634838555956666,0.04486637840199023
71,0.15597046642489468,0.6644979407708362,0.047027819566841,0.032705343490534604,0.0573726978178244,0.04242573192906885
72,0.3223798223821928,0.5549085702307168,0.02532614570865984,0.019997824050950956,0.04000428599075652,0.03738335163672304
73,0.2427439195808136,0.6335269567526881,0.019724868614083645,0.021424449944733342,0.04079973423102946,0.04178007087665193
74,0.29464123812463106,0.6036932481230125,0.01770789713463507,0.016632828618546695,0.037510333662194875,0.029814454336979802
75,0.18686935504408694,0.6588937634489888,0.03196862544518968,0.02581925644566356,0.0518945352986511,0.044554464317420064
76,0.21119022474381208,0.6387355829757319,0.02523315545251281,0.028702375746216084,0.06634549199120532,0.029793169090521814
77,0.22278508815672116,0.6364072104831388,0.020054561815631963,0.024971322497876487,0.06154117102056684,0.03424064602606477
78,0.17127521060209822,0.6764597568375524,0.035301489963038876,0.025592975476423113,0.050251474726403476,0.041119092394484046
79,0.23675214457783708,0.6247143779637324,0.025047744630829,0.024061761520937294,0.04378510241076689,0.04563886889589727
80,0.17685741506249103,0.6633756301454862,0.035931197177875095,0.034115595980746274,0.043919152603830405,0.045801009029571106
81,0.2722927127057331,0.6061410235881824,0.02050578475424915,0.019748317031050025,0.048931092181749604,0.03238106973903575
82,0.2133203091199415,0.6320552829669522,0.028655058226161375,0.027687889603188992,0.06892307784448198,0.029358382239273968
83,0.1818072420917339,0.6188671691108292,0.039699987922830436,0.051061214751668346,0.0491875911474581,0.05937679497548024
84,0.29256899956096627,0.5711719820331945,0.02271139416886554,0.021040952912606534,0.07353490015727683,0.018971771167090323
85,0.19109538586947314,0.6586765821383669,0.03025319607732423,0.03411844403336934,0.042055580836069216,0.043800811045397174
86,0.1952426774906561,0.6552586377736842,0.02343946471258135,0.02498973964427339,0.06547521314346995,0.035594267235335056
87,0.16744878850358674,0.7030716389680436,0.026123138318686512,0.01859034468608089,0.05575162948584889,0.029014460037753684
88,0.13731438086630654,0.6633099856239678,0.043300811637866206,0.0486845189203048,0.057907274769728095,0.04948302818182638
89,0.1299287790276489,0.6822984221553904,0.04311328324516339,0.05050022722716696,0.04501061316549392,0.049148675179136375
90,0.1328460667496099,0.6843370517548379,0.046866790005360696,0.04032019707264588,0.03670576955025483,0.05892412486729082
91,0.24193242201425502,0.6211082122863966,0.023431276197759858,0.020720436152841897,0.049118361059212676,0.04368929228953406
92,0.374257744724171,0.5107128797280936,0.02071346350295444,0.02067816004919757,0.028280685206770132,0.04535706678881316
93,0.2495293950285652,0.6062004849561843,0.03197556015698812,0.023941535194266984,0.05290164830341482,0.03545137636058066
94,0.3505870012320511,0.5168878594905639,0.021823453781258207,0.029821968113424392,0.03704363795519244,0.04383607942750976
95,0.13466500779820334,0.6908947879141909,0.03213849930036517,0.043232284053573065,0.04166745569100445,0.05740196524266308
96,0.3155700715971745,0.5404565094435159,0.031165516472103336,0.03140014787859222,0.04207758916499746,0.03933016544361658
97,0.1497611624689409,0.6604870792068005,0.03620241935046194,0.04466003675451934,0.047845017847039345,0.06104428437223794
98,0.1442306297745004,0.6854918827931109,0.041838825979007725,0.030714386882006797,0.049593350340945044,0.04813092423042912
99,0.18046917826434786,0.6232243489711291,0.03634013468138104,0.04887853908473463,0.04894130683135335,0.062146492167053834
100,0.05753217444641823,0.019507262846679748,0.48994333619230707,0.09155230392085938,0.2974345653231782,0.04403035727055727
101,0.021558804189025206,0.007021021620372775,0.5680460897297199,0.149742462316875,0.2183593644204609,0.035272257723546384
102,0.045446600685679434,0.02765968396491357,0.527808988928992,0.1340508232514612,0.21359861721824894,0.05143528595070487
103,0.04491952452743656,0.02202421257938926,0.5032677221594734,0.1066743605453102,0.28249050960441224,0.04062367058397836
104,0.022810255620650883,0.012322576065972157,0.5861962536832843,0.15425244505524247,0.17649253582129168,0.04792593375355845
105,0.05649042001267893,0.027041188342378827,0.4810881893062931,0.15401894980085684,0.21582580049202615,0.06553545204576598
106,0.0607393023225021,0.03530348255521736,0.46241350212189153,0.135401786549894,0.26051406005945393,0.04562786639104111
107,0.01361975472174407,0.006783724461108469,0.606487190675189,0.1572562759178795,0.17567615212090604,0.04017690210317288
108,0.036098082438165376,0.014868854864522886,0.5026494217984598,0.12490364652552771,0.2822409904976532,0.03923900387567095
109,0.019494370472090156,0.009165892873070645,0.5323405057566601,0.1833133423438768,0.21681104379304575,0.038874844761256605
110,0.18694224493300923,0.05523059770943113,0.3078632474505765,0.09224471732765112,0.27164995929651736,0.08606923328281474
111,0.04934712172396964,0.0192594777109024,0.5677287446622636,0.1678280504587579,0.1657004748730878,0.03013613057101847
112,0.03304157697837038,0.01364043663605334,0.5165832869113891,0.14493854077979287,0.24254025532135626,0.04925590337303786
113,0.039195241825881785,0.020411013303318133,0.4972966654983363,0.12475838277461088,0.2762409187925288,0.04209777780532407
114,0.02304963998505142,0.009794806873586068,0.5765424789470863,0.1327157846070532,0.22756870849795377,0.030328581089269346
115,0.04113522493558951,0.018721955743108646,0.518771478762924,0.15199238055314188,0.22191217146477074,0.0474667885404651
116,0.02642530848745109,0.017928301166172743,0.5635383550505094,0.14642211146169415,0.20790917731235423,0.03777674652181838
117,0.1338014053912744,0.0454122722160858,0.4017546777434138,0.1292227346598357,0.18443189232118068,0.10537701766820974
118,0.031011623726325283,0.00996046451018491,0.5810622770222794,0.14673636958084257,0.20249410290728945,0.028735162253078296
119,0.05120090579941438,0.022211725706017843,0.5382623644790268,0.13838793018526405,0.18450622658094748,0.06543084724932956
120,0.039258397217136254,0.011896166399192396,0.5557085356189403,0.12966971694836568,0.22399751964179554,0.039469664174569846
121,0.029077013354960952,0.005463849412807755,0.4873744251337932,0.15098139115717427,0.29809896537306135,0.029004355568202585
122,0.02054766562165934,0.007886583395693732,0.5636519623082549,0.14344972556010605,0.23530925345554446,0.029154809658741503
123,0.055465206906113014,0.026285780419333937,0.4637535348831133,0.15114183127199976,0.19427569548081988,0.10907795103862014
124,0.23752207724357083,0.04932630751917804,0.3203505761503536,0.11940698123263967,0.19603082434757815,0.07736323350667974
125,0.0717679755356009,0.04039625649985427,0.4272229355861492,0.12495980807023183,0.2876540567519247,0.047998967556239176
126,0.033924205881564626,0.011349302017247575,0.5565633100630489,0.1428080223243678,0.22250259381124618,0.0328525659025248
127,0.17314382050211014,0.04605274394174945,0.36409515516058033,0.10661789059932868,0.2869111884388255,0.023179201357405994
128,0.05642538042013751,0.0225958424697891,0.513153895802415,0.1153413766027999,0.23626041381213597,0.05622309089272243
129,0.052690552569812144,0.018152265459084205,0.5286704532929072,0.15323377989639184,0.21134371459773377,0.035909234184070944
130,0.0337443955840725,0.011039004476611094,0.5497128596899973,0.16022678736633825,0.20926009321877326,0.03601685966420768
131,0.02529416590684847,0.01576479301163083,0.5686866579424412,0.15232782612031362,0.20497192781485105,0.03295462920391473
132,0.05294105747909349,0.013040202754415689,0.42586912076785854,0.13089187533324229,0.3362573255614616,0.04100041810392843
133,0.060105626234431116,0.024331975530176842,0.5092390465373908,0.1904771600515164,0.16500584997850923,0.050840341667975596
134,0.02978993627507282,0.013857612967430913,0.5478070042357442,0.15960668888884236,0.2122325116044841,0.036706246028425746
135,0.1322433946218106,0.026306183065791015,0.3979098842251029,0.11877136987632678,0.186756591393135,0.13801257681783377
136,0.1112849792264628,0.05302949409108051,0.4239914610660595,0.1616210143156125,0.1838398030494437,0.06623324825134107
137,0.09649517009540338,0.03514603395457376,0.5297467176161346,0.138869742540602,0.1593587676058908,0.040383568187395545
138,0.017355059863529056,0.007748816866709381,0.5745368648941608,0.13270119474946543,0.2362339947186866,0.03142406890744858
139,0.045706237224287766,0.026147391342942458,0.512026944316085,0.1288089124633941,0.24955617136377986,0.0377543432895109
140,0.055056360761667124,0.0205911379689886,0.4881098717844081,0.13245814533389866,0.2558491163393485,0.047935367811688875
141,0.028172215399077816,0.014231193074232101,0.5257998440932717,0.1297839862501759,0.272286691501105,0.029726069682137375
142,0.08704317683494336,0.03953669985441747,0.5028221168705003,0.11164958572125666,0.2250563579301923,0.03389206278868995
143,0.029585035424017355,0.012745023458795565,0.5591451218817475,0.14825916978184986,0.2064507001880467,0.04381494926554313
144,0.06705430260587213,0.035424737447376606,0.4244314688616657,0.12038096606567979,0.29853208349238003,0.0541764415270258
145,0.05520455361707306,0.028178520558828725,0.5506027802896377,0.12244513468877197,0.19189987335265146,0.05166913749303706
146,0.0641317607160345,0.019098078445682332,0.516875452053925,0.13545027583643102,0.20108561112646853,0.06335882182145865
147,0.09113444942786537,0.023930045566038515,0.4896068631618751,0.1359577208289679,0.19437276696262384,0.06499815405262924
148,0.06689881191331004,0.018766800843258758,0.5059780844245019,0.11347878149453426,0.2579861873791569,0.0368913339452382
149,0.02496504672914214,0.011448227802458482,0.5398944942400045,0.13196502882623526,0.2623622295658702,0.029364972836289523
150,0.1016469159208646,0.03842527876556875,0.15711667221903397,0.4387981316518896,0.06125643255561023,0.20275656888703286
151,0.03512420098346381,0.014391248301242075,0.1904121217710734,0.49564817430799635,0.058115162819168835,0.20630909181705556
152,0.05962560567746587,0.01768928724623976,0.14798536151611144,0.4313244959711523,0.06304163697377274,0.2803336126152579
153,0.05936181069687781,0.015955057081161707,0.1313879178034874,0.4855710165815848,0.030982953962614457,0.2767412438742739
154,0.03353639828848939,0.007845471665148257,0.1555331888571743,0.5478537150899522,0.037655737953198216,0.21757548814603772
155,0.028100962818540333,0.008494175381594587,0.14751067360561604,0.4964459963213311,0.03322639691105343,0.2862217949618644
156,0.028708966386459027,0.00890940717234646,0.18825816516318009,0.48236274553566627,0.047229014049255176,0.24453170169309296
157,0.02122422669697405,0.008717631326422821,0.18486381276432634,0.5359925910203351,0.04130575437731442,0.2078959838146273
158,0.04338246515195284,0.03433851017976932,0.10832717100635914,0.5220971556624745,0.03015440756475259,0.26170029043469173
159,0.02837551939647571,0.010911190940633123,0.138265326550003,0.5550260493292168,0.03668356438255642,0.23073834940111476
160,0.06032123393195595,0.01870674538515971,0.11837999733395262,0.5318879527336553,0.0704921125215168,0.2002119580937596
161,0.09555673274113072,0.02996120160424952,0.14029313973952043,0.4719767341126495,0.04098093107081267,0.22123126073163712
162,0.028197181299234424,0.013506368280545373,0.14735807508238655,0.5471220910262158,0.04774271931977858,0.21607356499183922
163,0.04308142668267951,0.022323696364192097,0.13900389568946203,0.462002167428079,0.04716300692417063,0.28642580691141667
164,0.06361881051963666,0.03478102952057811,0.15550144310252434,0.5234444726137422,0.060436907466624466,0.16221733677689446
165,0.058390492077605174,0.019166744623619572,0.11597073774293636,0.5514949239445416,0.02946115939700811,0.22551594221428933
166,0.14970538737251177,0.02516422411838507,0.09204780592425314,0.4050570732120093,0.050455884127818165,0.2775696252450226
167,0.04092732218223518,0.009174631152880424,0.17015593275928076,0.5238325495064875,0.0428248814080425,0.21308468299107367
168,0.026787944577364137,0.011633376563271972,0.13251141990111068,0.478635880336516,0.024639106782051157,0.3257922718396861
169,0.0350819484366566,0.01654572561825102,0.1304536783733618,0.5399041472155891,0.055901675969227134,0.22211282438691432
170,0.024531305495351884,0.006394462539768585,0.14593593989863543,0.53515049475455,0.034902332946368346,0.25308546436532553
171,0.02689463021148327,0.008417406222848369,0.145891189221087,0.5722603757791329,0.03586984183152857,0.21066655673392004
172,0.09096379910978414,0.0200989900502798,0.08969579002981184,0.3489069583410448,0.0464344951976064,0.403899967271473
173,0.0571503083589363,0.009343959597882309,0.12390609018432382,0.49105870546781577,0.04091257275088462,0.2776283636401573
174,0.033747453664114496,0.009540271129598309,0.15486018157117717,0.4945075572204739,0.039816936435186245,0.2675275999794498
175,0.03518155466358955,0.017700950971096616,0.12400708223204177,0.5718151971917691,0.0403400726701419,0.21095514227136108
176,0.05147794986702618,0.01546495512418315,0.1774693808748111,0.45072287261770083,0.06570926814763647,0.2391555733686423
177,0.018358968932015496,0.010378630471773403,0.17116193090212542,0.592375963547757,0.045813788819003616,0.161910717327325
178,0.01825772342649932,0.005140758267905009,0.15138825564951672,0.5713281810866776,0.03450249320097454,0.21938258836842678
179,0.03462508975025293,0.014376655134178216,0.14299028366188052,0.5253712163080942,0.06246930968743251,0.22016744545816155
180,0.2968704555634096,0.028692890536098917,0.08603330078241786,0.25237718984866997,0.06777478106417276,0.26825138220523087
181,0.05176298202647041,0.019960170395790816,0.1422662566006528,0.5056514497272717,0.056671874053246314,0.223687267196568
182,0.1526736273478985,0.043764761620754676,0.10976414205126023,0.3779730280198426,0.058024010658347745,0.25780043030189637
183,0.024627505240047476,0.008627558003144657,0.12273261660029398,0.5173813118867454,0.03325610722018383,0.29337490104958464
184,0.038846069414796625,0.008490123787058124,0.1482107913156318,0.5453402971141946,0.03972085169106595,0.21939186667725288
185,0.032387591692594,0.007412926621969236,0.17757407114810045,0.49428486326555865,0.04295105009911321,0.24538949717266445
186,0.02063575550152349,0.008836934623542032,0.15712583199606586,0.5642164611806704,0.044031301916153065,0.20515371478204528
187,0.21705298575534765,0.0724851514904496,0.10027588659704986,0.36601089548334237,0.06754182871496546,0.17663325195884522
188,0.07593416268998891,0.024553024163544636,0.13217000859643574,0.4506444748761894,0.05152294049615763,0.2651753891776836
189,0.03549857466936512,0.010532921788893637,0.1284357826284034,0.48771012387538054,0.029959282185122293,0.30786331485283486
190,0.024244945360491134,0.014615383366210393,0.1541158204796293,0.5716522002542757,0.03787702925534397,0.19749462128404952
191,0.052147494013544654,0.013998249605166968,0.14443271310653089,0.5462880764465552,0.04884344706827951,0.19429001975992274
192,0.020653523739947697,0.009680753616969625,0.16307628597454257,0.5229123542869385,0.03771202170525483,0.2459650606763468
193,0.020281191699360487,0.005081085180834122,0.17801052473741746,0.5037428152939902,0.030383017747551925,0.2625013653408458
194,0.16419336398319256,0.06636105700907087,0.11923748031778635,0.37846391967266724,0.07696975109379856,0.19477442792348443
195,0.060914677994903035,0.018598541586769435,0.13895976759863993,0.4989226005039371,0.052876269124585894,0.22972814319116447
196,0.04006705457090323,0.008801436302403844,0.16961564677192584,0.5313681918184082,0.05155520234075914,0.19859246819559973
197,0.05961794392881631,0.026349508183121588,0.13491469402084916,0.4429910979996603,0.07579841122467501,0.26032834464287774
198,0.012773013819240023,0.006284969355564308,0.18578864020091143,0.5624283151628723,0.034735618762794594,0.19798944269861732
199,0.030789024962329468,0.017488491173658915,0.16672042249244806,0.5261787883657253,0.060005306571557795,0.19881796643428054
200,0.15985376327918052,0.07123244592537067,0.17888735991083116,0.0511514858877078,0.4922638353780279,0.04661110961888199
201,0.05609262125620939,0.032968668546152255,0.2795769882697207,0.07352304426684762,0.5461749589749911,0.01166371868607892
202,0.07527917894421508,0.027936923080877047,0.22992067444265782,0.0833923527485311,0.5500005428702662,0.033470327913452724
203,0.044509778247259865,0.02120536551241198,0.23692915834561393,0.06257917206715705,0.6204510588405227,0.014325466987034548
204,0.05433586302340352,0.02714669861675403,0.296031005202992,0.07396984111768085,0.5317083785882953,0.016808213450874285
205,0.05545169557112375,0.0319990725963543,0.19465064718224698,0.05034306049515205,0.6529425580920971,0.014612966063025905
206,0.055775806562466015,0.022791185531212833,0.2026869593038101,0.048498265202933453,0.6538071172155792,0.01644066618399845
207,0.05950742168501012,0.021676476613505656,0.26823000602510827,0.05425457651716716,0.5692408014068111,0.027090717752397638
208,0.0585471659550164,0.028053560338630844,0.2035502357926774,0.04840839368844797,0.6443495653807423,0.01709107884448504
209,0.09731838199186597,0.039881113454577,0.17252897341162043,0.05902436972336916,0.6042939345564957,0.02695322686207158
210,0.08554186279060803,0.028869509621990114,0.20540244531929075,0.049045377706664624,0.6147717796211697,0.01636902494027687
211,0.04456640671988647,0.024363424476509198,0.239976581995809,0.05416262346290318,0.6249516535128908,0.011979309832001435
212,0.05544730713072766,0.031615214676064596,0.1930572152295538,0.036179523401612276,0.6644191630754793,0.019281576486562355
213,0.10485965083156455,0.030975130005091063,0.28828206370890164,0.11928445655606218,0.40663229647231913,0.0499664024260615
214,0.11259435730469332,0.04565807959197195,0.2109726295427061,0.06124904127284271,0.5381520680805012,0.03137382420728474
215,0.22174908756105252,0.04342532767554273,0.2126744624848795,0.14865760030108185,0.2707536342604565,0.10273988771698689
216,0.053755298464160085,0.03614241621584604,0.2702083874427812,0.05873389791786341,0.5539552010615822,0.02720479889776704
217,0.20738965399039247,0.06587253505732733,0.17700780199534913,0.05365338241769447,0.46025376419372044,0.03582286234551611
218,0.2924593440143306,0.10258140804231716,0.10913724885038487,0.044042060600203395,0.4238556204443073,0.02792431804845668
219,0.10522131997583628,0.03740773519923296,0.19941862798624005,0.08831011051411204,0.5534576729631824,0.016184533361396428
220,0.20037941695119907,0.0878776349696677,0.15585291001548882,0.060143982220609314,0.4695674380478271,0.026178617795208043
221,0.0712832617730686,0.01783238570370223,0.4126086598259967,0.12154513241696978,0.2971484260591574,0.07958213422110517
222,0.11145339199128233,0.04359811912333103,0.1576903957669082,0.04747682026940665,0.619577248963442,0.020204023885629738
223,0.06487684881904257,0.023693705193893445,0.20236915550353687,0.07048910173205608,0.5890862722617513,0.04948491648971973
224,0.06311315605295667,0.027490545721840606,0.23615292107589014,0.07335017353829969,0.5795738080968569,0.020319395514156173
225,0.13640432283244175,0.060067668219996984,0.19629224909606005,0.059292196800218695,0.5361514969410651,0.01179206611021734
226,0.21269096112533828,0.05441704827035595,0.16099790234383443,0.05046363188483715,0.4829447350323624,0.03848572134327193
227,0.044415886369558115,0.025828939942463904,0.26812431633371503,0.06526873233288835,0.5847415173737857,0.01162060764758885
228,0.05335340747464508,0.04090543653536333,0.1909664531532769,0.057821688019522956,0.6385110667227089,0.018441948094482782
229,0.06487087498568336,0.0400265058231211,0.251105512774009,0.045548437867189755,0.5669889936922734,0.03145967485772343
230,0.08641017056752916,0.025870070643708856,0.21113605052638268,0.06667053793774787,0.5699719158339941,0.039941254490637415
231,0.04300363265367098,0.02451505123978277,0.2990276121704799,0.056474368615742614,0.5645528027733361,0.012426532546987688
232,0.07760670611182974,0.03820045340344078,0.21936248427908933,0.0813349694542675,0.5655898946581989,0.017905492093173925
233,0.10328065123556637,0.04655426254317938,0.2428753844319754,0.05306241845012105,0.5049591203514379,0.0492681629877199
234,0.05133159654264861,0.019259088742096087,0.23172646879396772,0.08390372107363374,0.59784710237408,0.015932022473573833
235,0.11524328572536054,0.037914814494343196,0.18642004935439357,0.05480606143259545,0.564522535794442,0.04109325319886531
236,0.08234840361133425,0.03212734696452274,0.21880666839974847,0.04884192627383534,0.5892924084547968,0.02858324629576252
237,0.04464312424983719,0.032474755138040115,0.2289177281600875,0.041402835034104406,0.6354917315892462,0.017069825828684656
238,0.08236320726425618,0.0620792006901221,0.2084862836102426,0.05360107614335532,0.5685336214685441,0.02493661082347959
239,0.10057155238953165,0.04733208911270791,0.45373134676240556,0.10480380784846771,0.2597360413830139,0.03382516250387317
240,0.06902401484130671,0.05882941338044645,0.2014619951811878,0.057819885895034104,0.5966563696242612,0.016208321077763918
241,0.05277654713396561,0.019358557892870377,0.2811589879384773,0.06218154015274175,0.5629273924970933,0.021596974384851596
242,0.059357770458611805,0.03312967919443652,0.36837338876277514,0.1115624425538685,0.4016288424639366,0.025947876566371365
243,0.050070792736860874,0.027399259066379987,0.24042082282757374,0.053802603371358886,0.6042808510684351,0.0240256709293915
244,0.05262454042386434,0.027153732525731413,0.3204149844951762,0.09095068476700036,0.4838477886321246,0.025008269156102953
245,0.05996224543347636,0.0316253397289456,0.19424852347212673,0.05268144282901111,0.629966837208132,0.03151561132830837
246,0.0746552474101204,0.0295250151095456,0.1941354231510139,0.03892079749256877,0.6358173991414192,0.02694611769533203
247,0.08810146339667936,0.053157524472909175,0.18351187814931055,0.06504564448222601,0.5928913950006233,0.017292094498251472
248,0.0803382121584353,0.03811613710019811,0.21023243716013737,0.06451822704332336,0.5879030619029267,0.018891924634979088
249,0.0929989375043531,0.05767208600936441,0.1551556396201793,0.04921175023684922,0.6325147903591543,0.012446796270099777
250,0.07020224261012999,0.021963303576995274,0.04727529011293448,0.2259535775556568,0.024378645763170618,0.6102269403811128
251,0.11106769805941881,0.03157003384350855,0.0985586414527001,0.32944229332273534,0.07143304124537755,0.35792829207625976
252,0.09498761280876832,0.018079708214537814,0.07150721071600155,0.3172912494299233,0.024000724321610406,0.4741334945091586
253,0.10924151448344445,0.02051913823560144,0.06506732298175298,0.2335395189170233,0.03301329056017064,0.5386192148220073
254,0.12144176393868082,0.019415160715617007,0.04686852707272065,0.18828436131272072,0.02182952106915168,0.6021606658911092
255,0.12039741652934798,0.04203659951824186,0.05626299246117512,0.26910779291307635,0.0344567193196369,0.47773847925852186
256,0.10878041218911098,0.030922650532120302,0.06705178762931537,0.27965955858359065,0.04053934873024692,0.47304624233561576
257,0.05713507525532194,0.012270639017807889,0.04475173814376573,0.23761181218567126,0.013097989074670984,0.6351327463227622
258,0.061211417402012025,0.012866222510742558,0.11631523872834656,0.36014834164049475,0.06991038461950902,0.3795483950988952
259,0.08641987610373301,0.021359334720991816,0.0637646997701253,0.2101349437525547,0.03794415239742334,0.5803769932551718
260,0.060624638099393884,0.017661699711748066,0.04452990416384897,0.22085281454123915,0.01762586726593549,0.6387050762178343
261,0.25047927345650123,0.04539111850070072,0.06103194638157676,0.16707544186053339,0.03765318397488075,0.43836903582580716
262,0.050325585876439406,0.01875321473240983,0.06899515123123473,0.2861991220266198,0.020297317105635114,0.5554296090276611
263,0.09970606537376497,0.02602774821761234,0.06204821167163507,0.2672426999500123,0.024934250014263144,0.5200410247727121
264,0.087852314819154,0.02428573617707522,0.13255441690510705,0.3639908318575848,0.04793767204655045,0.3433790281945285
265,0.17676811026407763,0.03520314662587467,0.05943715542486143,0.2476631388912827,0.028448187461529145,0.45248026133237446
266,0.05711097060071887,0.025809508130773935,0.045628130635835686,0.24187565994818494,0.02958564083850077,0.5999900898459858
267,0.08756099452049061,0.023664708226788074,0.07276054830702927,0.2861333607599091,0.02169845198951282,0.5081819361962701
268,0.09741170179250397,0.023402239756246813,0.060374287439147516,0.2525978364593895,0.022038629346165777,0.5441753052065464
269,0.08463460467492502,0.03649670656947094,0.045091712834453956,0.18680737153084812,0.013488223264521293,0.6334813811257807
270,0.08100232044904335,0.019840491841823422,0.04777223367172624,0.19862183917464837,0.02098433301372909,0.6317787818490295
271,0.05096932876537909,0.01576463198257025,0.06536033992001283,0.24673553377914234,0.022637520900560672,0.5985326446523348
272,0.2539981896415838,0.06660391940235989,0.04616994724397329,0.19876659197293298,0.054828413425913394,0.3796329383132368
273,0.16897321510816016,0.03717643518337146,0.09431782740666328,0.26695405943468525,0.08503181735409052,0.34754664551302933
274,0.0816911568236339,0.016138535588149584,0.07484451987764636,0.3973372642663489,0.0557044440855427,0.3742840793586785
275,0.06739108209724361,0.01662544010577486,0.06119043149153786,0.2540407681149794,0.022396381766100665,0.5783558964243636
276,0.11151098088702349,0.022243718871628532,0.06260318278501664,0.2729453542327534,0.02287752791334852,0.5078192353102294
277,0.09455694844434663,0.02984574107736988,0.10028131256606569,0.331293037327691,0.0515176164169419,0.3925053441675849
278,0.11021112609282141,0.036645174689340115,0.12956286717551752,0.41645491017216807,0.09280829757384233,0.2143176242963106
279,0.05040896183326835,0.016457807964136734,0.0691489741527504,0.32366220428850023,0.02166979215144907,0.5186522596098954
280,0.07764071210665177,0.015926363135418873,0.05332905564150475,0.23150593726767218,0.03216810801040548,0.5894298238383471
281,0.06032533333970421,0.02007312408237296,0.05981294638625811,0.25805532521498636,0.016808310559300505,0.5849249604173777
282,0.11091273040670797,0.036275717065774114,0.07649702096135055,0.36256387877316437,0.032407184282046274,0.3813434685109568
283,0.08255712512194521,0.022063469047276893,0.04827049102018174,0.2213854716056203,0.014468365367262362,0.6112550778377136
284,0.06763391173565882,0.013040531206583113,0.05801540656225275,0.3572218969327838,0.02813104752292108,0.47595720603980046
285,0.059051678952698305,0.014268666059622345,0.05106919001105071,0.2945143955146817,0.013753538981937655,0.5673425304800092
286,0.059509273188737874,0.021892357438705254,0.049452239037051156,0.21672232439512645,0.017938124792733903,0.6344856811476454
287,0.06677520110655209,0.021808666666532157,0.10869460189112352,0.3956522978344522,0.08173491880234689,0.32533431369899307
288,0.07899163318096082,0.017009058932563846,0.07066034141532297,0.31159125207096827,0.027280666258769258,0.4944670481414149
289,0.08260197321071092,0.021704868941247582,0.03916526109143899,0.20228746446594642,0.021078275087638848,0.6331621572030173
290,0.07153208132628495,0.014422776486576184,0.08139736469918464,0.29363632153434593,0.02558781667537569,0.5134236392782326
291,0.06526589667175231,0.023234210673285273,0.05777696190847897,0.2231558993347087,0.0227287240397221,0.6078383073720526
292,0.10366170807096405,0.017497579281247323,0.05241619722488861,0.25859040178189296,0.01815431529338571,0.5496797983476213
293,0.0921172324055407,0.0187834474995338,0.07978097536851313,0.33826699090629886,0.04152017937021349,0.4295311744499001
294,0.0548685726806356,0.021386934215506713,0.05002737959890234,0.25383316024066377,0.01595732712542836,0.6039266261388632
295,0.1418424744298314,0.02660792757915033,0.043670644840029145,0.17758068358340362,0.028484104349596393,0.5818141652179891
296,0.0762683616897887,0.02459443668584588,0.05787004021161272,0.22952329216378572,0.0295415184316118,0.582202350817355
297,0.11648740634868404,0.031428012006319964,0.06575640477132756,0.29798823684278025,0.0319492063311205,0.4563907336997678
298,0.08346889670865776,0.028471953880168797,0.09223006490383073,0.34776146473920017,0.04224812442108383,0.40581949534705875
299,0.0991780973879381,0.01802678889765738,0.044586371863052476,0.20942290335566946,0.01882669465122398,0.6099591438444585
