,proba_0,proba_1,proba_2,proba_3,proba_4,proba_5
0,0.9892385777192636,0.001507234192823626,0.000487794089962693,0.0020516581822273582,0.0042379983225966705,0.002476737493125993
1,0.9739659069752367,0.0052959238013884375,0.009437177836040133,0.0009972278238072963,0.010097855197407201,0.00020590836612031794
2,0.974891362828157,0.003466121013202353,0.011624345487864536,0.008653525145888019,0.0011716528341871916,0.00019299269070072642
3,0.9649381884448187,0.019155087889155525,0.003969562839078455,0.008377923214016328,0.0019233628140676625,0.0016358747988632937
4,0.7659854815617677,0.01193637260069541,6.146822115669256e-05,6.445595583568196e-05,0.18131333906762043,0.040638882592924044
5,0.9775549179258767,0.002321065953353152,0.004778043927757051,0.00026840018840099106,0.014252471811581168,0.0008251001930310153
6,0.9369700163797313,0.027178406898925717,0.0002624565260720094,0.003225538441723586,0.03186752337407469,0.0004960583794725269
7,0.9158122528775972,0.07352079991899536,0.0015949371666824177,0.0020401193384703706,0.003694610457856888,0.003337280240397888
8,0.9727880620713508,0.007722243419071909,0.0009078672896676429,0.0011707919602064242,0.016213734337441367,0.0011973009222620084
9,0.9713164601168488,0.010092881812453339,0.0015438845528873307,0.00015287883728760276,0.015327732084156167,0.0015661625963667382
10,0.9812772152967411,0.002808128000873238,0.002146540177095291,0.0039018851069131714,0.003488555591736122,0.006377675826641155
11,0.8976416991812703,0.009879167765125116,0.08897591797762505,0.0011255759619477914,0.0007644979864039905,0.0016131411276276654
12,0.9814156019629346,0.006047195337208997,0.0020328237149154905,0.007708024138954882,0.002482829615342369,0.0003135252306433631
13,0.9422647315963949,0.04352092751078732,0.0014573525140933994,0.001052453669209045,0.011134782172112518,0.00056975253740287
14,0.9746590748114121,0.006972203844925033,0.0034151756987112194,9.458940802372094e-05,0.00999765569705644,0.004861300539871505
15,0.8471277364958387,0.020670673647743425,0.000252869207397196,0.00015318179821185098,0.12113153124137638,0.010664007609432365
16,0.9610789898441295,0.009997220154574589,0.024422093697133728,0.0020831861793788073,0.000799538736871508,0.0016189713879118293
17,0.9673192885141952,0.011451019226400082,0.0016247123526211603,0.0065184988306922174,0.012971224249065123,0.0001152568270261539
18,0.9701265839683693,0.01622941987939318,0.0007319160310521343,0.0013931336156546097,0.011135016588026687,0.00038392991750408766
19,0.8063576266636542,0.09739900340203518,0.00015841919518492037,0.00015135236622251246,0.08890949582594336,0.0070241025469598185
20,0.9606434010599927,0.014296119206939621,0.0020848432977577103,0.0041435707035242545,0.0006558765092827729,0.01817618922250293
21,0.8586800520547008,0.0010079582997615617,1.0638119264420817e-05,0.0030122680362900615,0.13412855004538013,0.0031605334446029067
22,0.9466103006288202,0.021032715242291267,0.0004967700481687293,0.00015862953110045658,0.030287551461367045,0.0014140330882521151
23,0.9845558728707261,0.007015915804895942,0.000685957156718956,0.002453733202640465,0.0032220810087085056,0.002066439956310213
24,0.8199589723672601,0.09183688201973357,0.08300448311807618,0.00033746672506837564,0.0002531905099759087,0.004609005259885615
25,0.8398133145661255,0.002001832702608092,0.15428399622765637,0.002765019183307227,0.000922030068464984,0.00021380725183783484
26,0.9882276598769588,0.003373460167022667,0.003210962807169576,0.0015515755004251557,0.0028172796442465565,0.0008190620041771985
27,0.9237619676166875,0.00479158356329551,0.002008996680569819,0.06829177897131114,0.0006745569090756174,0.00047111625906037254
28,0.8335388978991665,0.09964953203481876,0.02064594482211436,0.045143787817349824,0.0008320924039207019,0.00018974502262980057
29,0.9770850569679329,0.005199969950770416,0.011239574743528873,0.001289422404821435,0.00471079193376291,0.0004751839991836673
30,0.9845382027334078,0.003461826053219276,0.006842640917819792,0.0009072724510648616,0.0030757567464105595,0.0011743010980778234
31,0.9820240366787149,0.002415072488442934,0.0012457970466589214,0.0003931353622076228,0.010564348614914225,0.003357609809061454
32,0.956081709705943,0.011438742717460725,0.0008137795726694942,0.0006738580359777917,0.02521949030467919,0.00577241966326981
33,0.9675303920832308,0.01516989116663134,0.002852806226435903,0.0021219123582071797,0.010949894829054403,0.0013751033364403974
34,0.9566780583462909,0.007122587134350682,0.0008835619701296352,0.0018673241842100277,0.03307979286833604,0.0003686754966826678
35,0.9430734697384346,0.0014714411199187162,0.0004210473199260181,0.002463831523782928,0.0522179027076658,0.00035230759027174007
36,0.9119561181512871,0.010665037142084626,0.006639548900173623,0.00010324413240736773,0.03908172754289293,0.03155432413115444
37,0.9667979205944212,0.008011258169585131,0.000245147829147018,0.0008213044225822977,0.01647364560702288,0.00765072337724153
38,0.9145724429591711,0.028787753261479865,0.020444029828135923,0.0012381811114956108,0.034145625269064075,0.0008119675706534155
39,0.922462537371584,0.0021986104477854196,0.002505766997378637,0.00013042958712943027,0.07169387900996466,0.0010087765861578832
40,0.9475157814231004,0.004110923696837299,0.00016982550731105148,0.004809294014043511,0.0407344935391353,0.0026596818195724747
41,0.941650516731738,0.001099267441087298,0.0002869596279211444,0.0009191148332441431,0.05511362040494993,0.0009305209610595016
42,0.926301388462509,0.010896723683769935,0.05476695723308559,0.0025222367756416765,0.005114317982811624,0.0003983758621822186
43,0.9571675286840509,0.006526035511619343,0.00023306280410545315,0.0007094437401657485,0.012624931838843556,0.02273899742121494
44,0.8591156990226948,0.060796863825507294,0.0004627615834175936,2.3768087813696158e-05,0.06326020930780779,0.016340698172758867
45,0.951569072364734,0.0035770607403170143,0.027419698147071892,0.00018021112856961418,0.013638664799025682,0.0036152928202817743
46,0.9700580716798674,0.0012643846423112978,0.0005907433290082551,0.0012407374918411347,0.026144112015818902,0.0007019508411529851
47,0.9144039257574987,0.000576200538643146,0.08024784277220494,0.0013575110241303323,0.002839084229194658,0.0005754356783279817
48,0.9860403156043728,0.0058735393634062735,0.0016701707675581164,0.003175409708795874,0.002313421875321369,0.0009271426805456409
49,0.9392931591453446,0.0009628177303852457,8.100776011097177e-05,0.0009993892747957684,0.05551061043881437,0.003153015650549217
50,0.040129191059039046,0.9532809971955291,0.0021378330512985327,0.0019637742406314516,0.000477646916382704,0.0020105575371191556
51,0.006994442077988493,0.986139206847678,0.003287202337937357,0.001030014896818348,0.0004737044726752365,0.0020754293669024895
52,0.10706661475114737,0.8885589539912253,0.0003006451774484339,0.001155930737308773,0.0019615984063489867,0.0009562569365212131
53,0.015328499638244206,0.9758317493406669,0.005583783903247577,0.0002678503155830056,0.0010373297076038885,0.001950787094654428
54,0.07572017970179169,0.9139861452881022,0.0011584514658852718,0.0001641224376419125,0.0005344506741833449,0.008436650432395757
55,0.03216992142998857,0.9589824714872066,0.0015062832980355606,0.0003279479958067314,0.0015127868854952385,0.005500588903467304
56,0.0061831320785729815,0.9693446296560716,0.020592634519251134,0.00015855264726949322,0.0007636115328859934,0.002957439565948939
57,0.27194964080519524,0.7181727156751546,0.005120168717398054,0.0025911157658805527,9.526006134201038e-05,0.002071098975029439
58,0.07491684844205862,0.9140186905129322,0.0064884908854265415,0.003640032995928602,0.00014117407338942178,0.0007947630902644156
59,0.21534584333350423,0.7698708849601303,0.008264086892675108,0.00023705037507371283,0.000214538489874089,0.006067595948742306
60,0.032049136807519876,0.9562966073524212,0.0017156163527883247,0.0012144694503550895,0.00016361313259042338,0.008560556904324954
61,0.02305077168770286,0.9684760858629262,0.002315587100852588,0.003820280868477476,0.000302909918095921,0.0020343645619451036
62,0.024081093422026623,0.9699464117052837,0.0006624910211136213,0.003046427055270983,0.001137649862997669,0.001125926933307092
63,0.07641141284347484,0.9155644883285993,0.0022205699547538154,0.00471211071133708,0.000594406766256336,0.0004970113955786908
64,0.0961234791994782,0.8984290427127374,0.000628242999272738,0.003709558260376354,0.000375849982430629,0.000733826845704767
65,0.03254047781727875,0.9602321837911445,0.002285533225054974,0.003793156187307087,0.0007995475719382321,0.0003491014072764351
66,0.01196150668816543,0.9822254742372103,0.0033002119190799597,0.0007485705011475184,0.0008287332118488373,0.0009355034425479051
67,0.057089433563928114,0.9338198766914927,0.0015140231584371922,0.005752225632208085,0.0006578539761982533,0.001166586977735418
68,0.1133806696913901,0.882941700137115,0.0013743590979083712,0.0011566904988768857,0.0007773832060549401,0.00036919736865461035
69,0.025141230297013133,0.9700138433875523,0.0009584428701450932,0.0021357418215829723,0.001236306403975229,0.000514435219731369
70,0.1745496408551242,0.8159777505563597,0.006581176219686649,0.0003360070497966807,0.0003809021211967019,0.00217452319783617
71,0.04554594522327492,0.9373119250323344,0.014371498818850683,0.0009739035472002403,0.0005361355429392502,0.0012605918354004597
72,0.06873570710778645,0.9262063751523818,0.0004941509492172476,0.0027292026991665953,0.0007594787891230077,0.0010750853023250126
73,0.031038651408881155,0.9601594429644924,0.001568844078501471,0.00634272967700928,0.0002469372040272511,0.0006433946670885437
74,0.014494101277131494,0.9731158530149407,0.0008733031223323759,0.011012008746017977,0.00036737767267416946,0.00013735616690325556
75,0.021624315547181756,0.9675587399977535,0.0020206211687257072,0.007495333584082031,0.0002123078733824234,0.0010886818288744873
76,0.023779120872194998,0.9661008465359298,0.003620380834564389,0.0005467557449132374,0.0005442611838809644,0.005408634828516619
77,0.06743785475549079,0.9270883123533411,0.000704977565030178,0.0021181305887081974,0.0014788250402366066,0.0011718996971932293
78,0.00315293371856867,0.9789304662943472,0.015318342781359124,0.0013589675712211387,0.00016011722553510932,0.001079172408968919
79,0.03233670904714104,0.9466938973035299,0.0022673408731726744,0.018171046192235325,0.00014496435909458453,0.00038604222482642106
80,0.2646091317497307,0.7306774088346236,0.00297298000188181,0.0006124360313139454,0.0003041097103226335,0.0008239336721273091
81,0.06670697128714372,0.9289143451413909,0.0019705258107746123,0.0017685207291345628,0.00027821169393577006,0.0003614253376203131
82,0.042576706781151316,0.9521538822624135,0.0011768375160480695,0.0018433921010135605,0.0014671504306407945,0.0007820309087327002
83,0.0891588285731557,0.8923019963194618,0.012595083326626405,0.0047257413260330125,0.00013661498927208942,0.001081735465451059
84,0.17268848772543285,0.8227503927213117,0.0008014605895594758,0.002152246674906975,0.001306016605231738,0.00030139568355719905
85,0.0038040655949279586,0.9479379711284068,0.0005215880441640748,0.04719129364763063,0.00044366589218988457,0.00010141569268061926
86,0.026886474344182454,0.9649120190868211,0.0017777303273262368,0.0032985948614563994,0.0005411072587709452,0.0025840741214427387
87,0.015129941631171815,0.9742441627311276,0.0013069126570985023,0.00011355496269869836,0.00113409056856783,0.008071337449335575
88,0.1458795047018655,0.8481941479508834,0.0015043321028058252,0.0008132882564865817,0.0004925283808858142,0.003116198607072734
89,0.018222697001484475,0.9734388418609952,0.0012052262050031288,0.0005934277133338459,0.000481009048058766,0.006058798171124652
90,0.1769528779564897,0.8132951406548171,0.004443724613308059,0.0002288014694733408,0.00041559988834738237,0.004663855417564506
91,0.059037031371929206,0.9366454672922606,0.0008943679237983235,0.002123863396501838,0.0006389060534457078,0.0006603639620644709
92,0.16444019860767647,0.8283825833683273,0.0004729872136129874,0.004729933196273094,0.001611865165220226,0.000362432448889945
93,0.031769241529549776,0.9351800297776304,0.0029376955220222945,0.02979271558044501,0.00024023263440648134,8.008495594629569e-05
94,0.12489982581771635,0.8542349151521815,0.0006650293044788261,0.017661357054495456,0.001804523504537884,0.0007343491665899933
95,0.0190541455065595,0.9741863884584564,0.0004091481253439403,0.0009297126495365746,0.0007347867726431994,0.004685818487460261
96,0.21676084907497756,0.7695790045082207,0.0004393688812967598,0.00353652687080791,0.008569450711210999,0.0011147999534861074
97,0.17165906434051256,0.8155726900655528,0.006128781937513213,0.0004111067716693409,0.0002315950148357985,0.005996761869916199
98,0.01291442669864902,0.9804140931629761,0.0014824602714518828,0.0007234278282558872,0.0007177508538810858,0.0037478411847859092
99,0.010507739674481901,0.9779316417451679,0.0005765814723541215,0.00428918689172536,0.0015834472703891635,0.005111402945881584
100,0.009207067709904433,0.0057726894264002945,0.9790188148424188,0.0005294780207100787,0.005079062228128491,0.0003928877724378699
101,0.0022257194925891055,0.0003508872439015768,0.9919596879707077,0.00017625974772874614,0.004893866332334761,0.000393579212738313
102,0.0019459405904707293,0.0005919010756754225,0.9226499634296269,2.2148975342795378e-05,0.07404723866459796,0.0007428072642860806
103,0.0009952124038953372,0.001451489208798198,0.9810287920830865,9.595643105621775e-05,0.01607943075721699,0.00034911911594681563
104,0.0019304791053454395,0.006504669468036765,0.9877570513429658,0.00012406228936489032,0.0035318739381726885,0.00015186385611452012
105,0.0011188925786143995,0.0005944023997121631,0.9875970920160122,9.614146948608618e-05,0.010136090902348576,0.00045738063382654676
106,0.000683142374429093,0.002226822354678542,0.958731476064115,0.0015653895464988975,0.03670878624721223,8.438341306615827e-05
107,0.0037216663042486933,0.0005356121594553464,0.9939513669069078,0.0004846947666785671,0.000919682591966463,0.0003869772707432717
108,0.0014379801647104902,0.0004393478702802041,0.9066729817785888,2.813536160896366e-05,0.09106892129224713,0.00035263353256453873
109,0.001812160516569313,0.00012866414202361516,0.9533345580091316,0.0001586664029610189,0.04408632588724851,0.0004796250420661066
110,0.3479541581367091,0.0001316082038759577,0.6070442468136009,0.00026553139884438667,0.04390816302415507,0.0006962924228145162
111,0.07116792216989834,0.003378450578837671,0.9216426111946707,0.00011599820105192723,0.003331643934665818,0.00036337392087548405
112,0.0007922314207179571,0.00016442115916972925,0.9583918818059813,6.793631945678382e-05,0.04013793826538858,0.00044559102928567047
113,0.00038032754444407676,0.002452490926328654,0.988299594740459,8.543982272103828e-05,0.008592729301050187,0.00018941766499679498
114,0.019594136491509994,0.0005478833804770276,0.974823501539953,0.0005415983546480955,0.004370676085049773,0.00012220414836191105
115,0.0049405543625093,0.002330726245374908,0.9862047025397969,0.00012862078910463298,0.006138477910623901,0.0002569181525902786
116,0.002660909542864501,0.0011320522873147563,0.991884429293899,0.0005647882585092126,0.0034883998239183265,0.000269420793494164
117,0.0008031858660994124,0.014956175226994576,0.9765810558972781,0.0003449293736154282,0.006673652077300638,0.0006410015587118094
118,0.004129255617960783,0.00046446047946766727,0.9775483269290837,0.0003121077054050163,0.01746755217268558,7.829709539707071e-05
119,0.0007720576246557089,0.003439146032842147,0.9796442878326808,0.0001467988766201657,0.013661754342441856,0.0023359552907593157
120,0.03512729533846363,0.0007330027086122548,0.95830191603269,0.00037432054118089646,0.005282427074045957,0.0001810383050072073
121,0.003485175398150081,2.4276057069529186e-05,0.779286374340616,3.8466265321473085e-05,0.2169983183310473,0.0001673896077957958
122,0.000503987362254545,0.00045633854674255984,0.9953667818928098,0.00014584068027482787,0.0027473311713061815,0.0007797203466120388
123,0.001453070131267318,0.0025944890862405973,0.9750811515897224,0.00041028213571154236,0.019022313965802954,0.001438693091255099
124,0.21664278409683585,0.0004375248754342224,0.6321849127748121,0.002106023660569455,0.14851445547133227,0.00011429912101591965
125,0.0021364266929897306,0.0059423876032349094,0.9599654039630761,0.0004141533796261457,0.030495220500264278,0.0010464078608090302
126,0.0032920193199367288,0.000173466900689197,0.9719194547293148,5.826799361892296e-05,0.02434802987922262,0.00020876117721784624
127,0.44414097716221096,0.010631950789674124,0.5408009360581706,0.0011369244654234013,0.003239811945861404,4.939957865961054e-05
128,0.007630647855728278,0.0026094365212080664,0.9763316435730882,0.0015448787385626808,0.011644694137443297,0.00023869917396952286
129,0.11958297673107433,0.0006195640037159439,0.8668165397295333,0.002724523212935018,0.010203798599041183,5.2597723700107347e-05
130,0.00172671045541825,0.0015092853002823066,0.9908612368887976,0.0005224686337887993,0.00522513860659873,0.00015516011511439054
131,0.00943739891366577,0.0005324627419369798,0.9829778673623336,0.00020207510317115344,0.006590135429300638,0.0002600604495917729
132,0.0015210122643224441,0.00010099326269627044,0.8839377073921506,4.5872831739565524e-05,0.11427245615000757,0.00012195809908350116
133,0.023719842795271392,0.002512172298282537,0.9703798783395633,0.00014185669668682205,0.0022981763187830437,0.0009480735514126583
134,0.00032254889870259577,0.00018192442797316074,0.8672670117784906,2.4457222427876932e-05,0.13131054243339976,0.0008935152390059566
135,0.0002204249103215685,0.0004358645196006916,0.7116328674144571,6.701069823172142e-05,0.28747080942326175,0.00017302303412708577
136,0.015144575097142454,0.02746571263310535,0.9384611465464431,0.0009398276233506708,0.017659835080839383,0.0003289030191191831
137,0.06787859393257802,0.011377120254562905,0.9180674175848665,0.00045091173983620523,0.0020033518778308514,0.00022260461032566137
138,0.012578239453928265,0.00018453626842505755,0.9800524585666459,0.0009628310532818517,0.006019698245408417,0.00020223641231045429
139,0.0019074316499285836,0.00042987167828889425,0.9869584756817946,0.0003027924773294871,0.010037714367937857,0.0003637141447204077
140,0.0017377883616842627,0.0005712805171960277,0.9478790998492648,0.00014330473346535447,0.049439785671928894,0.0002287408664608012
141,0.010466771853786213,0.001009448433075943,0.9839530918747772,0.0007480851965412902,0.003673929291268308,0.0001486733505509235
142,0.22153253151975003,0.00163546574055388,0.7633947082066602,0.003449985175611954,0.009876137784649294,0.00011117157277465744
143,0.008211644452271915,0.0022324150095061708,0.9859496280124895,0.0001365593260283613,0.0030246731284196866,0.0004450800712846538
144,0.0064099075304711465,0.0007302128600146165,0.9789925109472678,0.00043386514665033594,0.01282975659317353,0.0006037469224226867
145,0.0005844178439933079,0.022348905632028328,0.9716801629568129,0.0004198717825231953,0.0045855495253685425,0.00038109225927373494
146,0.01996556478657011,0.0006077560956512491,0.9661091514037203,0.0001879333335915611,0.012663520601459954,0.00046607377900682287
147,0.025068548074719123,0.00013791746337003992,0.9506772984396341,8.448926833877568e-05,0.02302126856438495,0.0010104781895529814
148,0.018138207802531947,0.0023076149875547913,0.9627702895819342,0.0008873281357406666,0.015632992664186524,0.0002635668280518275
149,0.00931735292352537,0.0002633051380985428,0.9717554003503189,0.0007137261662547448,0.01773019805739301,0.00022001736440945474
150,0.005439694239661879,0.00983411001335744,7.603322959478547e-06,0.975100218200473,0.00025657574758616305,0.009361798475961934
151,0.0004126344449180766,0.0007210881083954182,5.645536870387384e-07,0.7404439442433852,0.0005369953356738263,0.2578847733139405
152,0.00020504831302873847,0.00031503328903494424,4.1498400124297504e-07,0.7371894271757606,0.0005135480777895508,0.2617765281603849
153,0.001343289602038741,0.0008031147263293959,5.441716553010352e-06,0.9008956578443368,0.000588551808587246,0.09636394430215503
154,0.0014812558963745762,0.0003517105396800166,4.2967644587944386e-07,0.9901488143704804,0.00040885349434698184,0.007608936022671978
155,0.00030722019630495583,0.0019078528666069705,8.522709740147135e-07,0.9827761303389553,0.00032511383362646373,0.014682830493532391
156,0.0002986864154538202,0.002289522800720088,1.855910390785672e-06,0.9899739003363475,0.00017566630038026222,0.007260368236707529
157,0.0010068917325103336,0.0005608246767410245,4.933566819531251e-06,0.9961036457838837,0.000154965477424605,0.0021687387626208423
158,0.005012202769758615,0.0017851064388313472,1.0888130585573354e-05,0.9896764127682653,0.0005389526116597287,0.0029764372808993105
159,0.0016546992778588856,0.0016422788052045045,3.053146805187708e-05,0.9896106302505342,8.275134437749281e-05,0.006979108853973192
160,0.00022967677848770236,0.0021220944548406566,1.4623272045331007e-06,0.9720944911081886,0.00019305495543343827,0.02535922037584526
161,0.0014794819928025517,0.015854952133095963,1.6203224514044617e-05,0.9568303883091329,0.0003076718148797777,0.025511302525574795
162,0.0034115040579361083,0.0010940637063804172,0.00010287218576929307,0.9923434952907715,5.3434041058234785e-05,0.0029946307180846047
163,0.0019488864793325822,0.001448849205586668,5.60728198898259e-05,0.7815848601878947,0.00010864937814368167,0.2148526819291526
164,0.052255636151999525,0.004026489491425399,0.0001596116834723421,0.9417482414553715,2.0404196088721398e-05,0.0017896170216425878
165,0.05237145674253225,0.00033666677322291886,6.5162117156022555e-06,0.943536258072389,0.0007595401883282448,0.002989562011812002
166,0.004626006358755129,0.001421097762841988,9.10410727515948e-07,0.9538722779453265,0.001479221870867757,0.03860048565148113
167,0.0005562618772072092,0.0010244848529716813,8.251867638047136e-07,0.9534885779507831,0.0007399679871936339,0.04418988214508054
168,0.0003149535853778553,0.001692919742849517,1.3239026373350762e-07,0.9346549232417938,0.00038786827843958495,0.06294920276127555
169,0.0013513966073177733,0.0013750221024028475,7.648578109328962e-07,0.8978417788917311,0.00013884054940568823,0.09929219699133161
170,0.0022008867365091267,0.0009992948197649401,1.0802895937360516e-06,0.9871504764704064,0.0001709523635802874,0.009477309320145563
171,0.0028581610004697845,0.001225013763689138,1.8970072960891873e-06,0.9831936708669731,0.00013660261324105946,0.012584654748331177
172,0.00025125110400719877,0.0006189203780053867,6.50870876001852e-08,0.6373479836171796,0.0008588717671551101,0.36092290804656507
173,0.001604196675761037,0.0009034137926205566,5.611405244398861e-07,0.8615343421472798,0.0009689330877861151,0.13498855315602806
174,0.00033255044966088164,0.00030853513892394074,7.869906362472612e-08,0.8547917689864744,0.0014669881585299231,0.14310007856734738
175,0.007914475632379991,0.0021995217705154655,1.682024576720654e-05,0.9867749423176125,0.0001014933803015459,0.0029927466534231816
176,0.0016760832019885928,0.0016439030627179272,4.0055259471416e-06,0.9825077135310422,0.00034620888433333624,0.0138220857939708
177,0.0002944807218048642,0.00514877919948964,1.2235414218666237e-05,0.9927824564557125,3.4289410392649114e-05,0.0017277587983816033
178,0.000474037276851908,0.00047879439316878876,2.629282602442512e-06,0.9862160192533456,0.00016869988837733528,0.012659819905654025
179,0.0005674811407284701,0.0014743984378251477,5.785013112954221e-06,0.9858576784288549,0.00015828140742138756,0.011936375572057078
180,0.010969163707199074,0.0010002505304540518,1.7397563704555673e-06,0.8115314304912933,0.011155053936923091,0.1653423615777601
181,0.0005783967199332566,0.02720569805071205,1.5037865719249648e-05,0.949072682212833,0.000123067995330812,0.023005117155471613
182,0.0002001391274686999,0.029101943544470973,7.932440954649892e-05,0.9546056752382227,0.0004034044994248848,0.015609513180866208
183,0.0001502386860580409,0.0013004491660735821,9.817225147714736e-07,0.9366429955304927,0.00020290066165912316,0.061702434233201826
184,0.0017830583549117423,0.0004909992973998083,4.0348178331942404e-06,0.9827786777383529,8.069646297632552e-05,0.014862533328526044
185,0.00015217149270032866,0.0002223872192498479,1.305891384912282e-07,0.7863533625631368,0.002933179500680807,0.21033876863509374
186,0.00022402576148893244,0.004343990095941223,8.126757612648879e-06,0.9819900419964045,5.0059604438014806e-05,0.013383755784114763
187,0.2883712515902072,0.0011501175417632872,1.1992203183373216e-05,0.7053215987875597,0.0008013561555200177,0.004343683721766366
188,0.009851614405329842,0.004080454660078417,1.4922520235148004e-05,0.9186988155959586,0.0016789362820538284,0.06567525653634412
189,0.00016648728251701322,0.0009818723033093724,2.6617047163015156e-07,0.8958692549629976,0.0010935649864547896,0.10188855429424959
190,0.006932945028149718,0.0032297337652380555,2.0553043946086233e-05,0.987371788069289,9.537444118115821e-05,0.0023496056521958505
191,0.005853941613695787,0.002788419726907864,7.103816722470436e-05,0.9851396139740785,0.00017163536875238752,0.005975351149340852
192,9.37994772803342e-05,0.0024100828932375534,3.631205772573691e-07,0.9404850796953906,0.0003184944949220481,0.05669218031859215
193,0.00015849061269880275,0.0006857004800482285,9.903274065925141e-08,0.8557693709986222,0.0010315974364022832,0.14235474143948776
194,0.0026343382079266346,0.03506840002230602,9.000881111035591e-07,0.8941224144940328,0.0004019431096201918,0.06777200407800331
195,0.0017428835708862122,0.0005901200918857591,5.7518097630378315e-06,0.8351159673182984,0.00010667368433755078,0.16243860352482895
196,0.0017350594579082729,0.0008535577880491629,1.1388437349467436e-05,0.9884731800791395,0.00022881773363233587,0.008697996503921236
197,0.005112727240007593,0.002512811390508392,3.923590878330145e-06,0.966477999413886,0.00016995724802783716,0.025722581116691914
198,0.0005119936217491942,0.0005741191486072314,4.28479195489654e-06,0.9731762634816824,0.00012538165576091073,0.025607957300245395
199,0.02410321892780872,0.00033366975552218613,1.664678873789558e-05,0.965418919368645,0.0001805842806119803,0.009946960878674032
200,0.03271743141328496,1.8800175347049156e-05,0.00823670320382993,0.00030711465062409197,0.9523522250458292,0.0063677255110848536
201,0.0030146264066639858,0.010385290711590932,0.2971325592250177,5.434580193180014e-07,0.6606212152234384,0.02884576497526973
202,0.00029604806119903156,5.035389288608224e-05,0.013895858105601712,3.4086111060440035e-06,0.9851550397513887,0.000599291577818497
203,0.0006641829301780438,0.0004872802494442336,0.007521418495514578,1.2138801759043092e-07,0.9686142273195616,0.022712769617283846
204,0.00448852260439664,0.008791416367886166,0.13617411050381273,5.729277200708364e-07,0.8176841971191832,0.032861180477001276
205,1.4194057734810404e-06,3.0916362364810325e-05,0.006623818310102267,8.610750374995435e-07,0.9919614128391917,0.001381572007530229
206,3.7531206628648404e-06,3.224573147646005e-05,0.006371311599963746,3.6008978567071256e-07,0.9914857914976416,0.0021065379604695727
207,0.000632026845757145,2.4245416432134936e-06,0.009911675842929847,3.2105537488731162e-06,0.9475538859129375,0.04189677630298336
208,6.3072619336367134e-06,3.8603550017321994e-05,0.011828439513686461,6.170378467187365e-07,0.9863772520077786,0.001748780628737348
209,0.0008055569976073515,3.7283944151713803e-05,0.006430734032952801,9.226805528260692e-05,0.980928604635953,0.011705552334052596
210,1.917115327205506e-05,0.00013794720533162063,0.015083672538107346,1.171091564229581e-06,0.9833283178858088,0.0014297201259159252
211,3.343080962748107e-05,0.00012797741914516726,0.03615520631500287,2.9706524719771847e-07,0.961241342154209,0.002441746236768412
212,0.03286629493916938,6.090843414453709e-06,0.002077351999937166,0.003342931692497148,0.9594400643016219,0.00226726622335996
213,0.0006132262368869786,0.0008804505918438415,0.03403694479175644,2.148350863519196e-06,0.9618381206810961,0.002629109347553149
214,0.004745854746543218,2.497979846582596e-05,0.017063999137108217,8.449458601270998e-05,0.9729197859076518,0.005160885824218262
215,0.05352672440657545,0.0021800421534288973,0.013931891867922066,5.9231317463537115e-06,0.9273664667229281,0.002988951717399249
216,0.0004281207895265073,0.0003576667355403287,0.009011210760941643,2.080069186633707e-06,0.988652380440271,0.0015485412045337923
217,0.14756838566685007,4.207712410322459e-05,0.0021487269850266055,0.0002856076216053376,0.8438093285301267,0.006145874072288117
218,0.2504767831960555,3.95405907925388e-05,0.0004897080759120414,0.0006759173908705144,0.737918302906111,0.01039974784025837
219,0.029163655752533407,0.0094990519266854,0.017981167419222923,2.855478032104679e-06,0.9398287700396054,0.0035244993839207597
220,0.07039740693565763,0.0005609855206998362,0.08885103174298302,0.004513006906786944,0.828786862806309,0.006890706087563568
221,0.0038400573625560906,9.19516159558007e-05,0.10549797886883042,1.7690851645690646e-06,0.887432414204066,0.0031358288634271573
222,0.01319005822395403,8.089704617902228e-06,0.0018817860636998255,5.505168149628282e-05,0.9646268022389792,0.02023821208725293
223,3.8710969730562134e-05,3.8923164065385524e-06,0.01031150739468715,1.294064613966087e-06,0.9760125864461139,0.013632008808447773
224,0.0006241041269550961,0.0007096487773150896,0.00418081554572286,3.3851031304486956e-07,0.9854847697513421,0.009000323288351842
225,0.04622732084790118,0.005600178403304116,0.04223209970300932,3.7591380791574968e-06,0.8971334972479794,0.00880314465972681
226,0.039268219081574296,6.580830380011322e-05,0.008687979580911998,0.00010088809707631449,0.9383455010049809,0.013531603931656236
227,0.0002577776518928332,0.0023458946555941548,0.002897687978583652,6.775326498182454e-07,0.9848190826245768,0.009678879556702732
228,4.849261037196622e-05,4.399343012686684e-06,0.004231812281567467,4.593457284107115e-06,0.9375020915925527,0.05820861071521098
229,0.005196391922885928,3.440526214217985e-06,0.03959353796869614,0.00047452748229123216,0.9431278380407518,0.011604264059160574
230,8.01743320712029e-05,2.04283254731692e-05,0.008744766374269566,9.815550502648785e-06,0.988339751930333,0.0028050634873504287
231,0.01421487768003849,0.008540355615808744,0.026573991193038857,4.906801820096958e-07,0.9380167766632115,0.012653508167720446
232,0.00010598794678496396,0.0008225289228266635,0.000939225081588576,2.2697587640764123e-06,0.9965406113987567,0.0015893768912790811
233,0.00015354465828114325,4.806966825055187e-05,0.040208468447179464,6.407873290890711e-06,0.9583763551166475,0.0012071542363502432
234,6.3386604960837815e-06,1.025523507251219e-05,0.021664593552895923,2.883255779291508e-06,0.9765935519237043,0.001722377372052049
235,0.018501562113905287,2.1623167929256932e-05,0.004150436326918165,9.458331546587778e-05,0.9286229129166303,0.04860888215915101
236,0.10449460967293137,5.24465709561526e-06,0.0026506065388726403,0.0005578442302226635,0.8840689473462078,0.008222747554669764
237,2.490316794217164e-05,2.571897474995439e-05,0.0015642840147802072,1.4397206163615323e-05,0.997209812336269,0.0011608843000950823
238,1.8115613632683324e-05,3.4269334371826234e-05,0.04496018991278027,1.173861760803932e-05,0.940346063744033,0.01462962277757414
239,0.050567504229086506,0.009894817056351883,0.7308180051111784,6.54884840483615e-06,0.19757664900994681,0.011136475745031606
240,8.64547069332139e-06,3.2011089686284673e-05,0.09855281220940366,3.636496752615652e-06,0.8938581802704711,0.007544714462992967
241,0.0018691763797429976,0.00019122379101072377,0.009214427979231133,1.0441883705638827e-07,0.9750301996473884,0.013694867783789763
242,0.007299105075665133,0.003528046694523165,0.09813945244627041,7.058300727134575e-07,0.8815435441522973,0.00948914580117135
243,0.0003877047262096707,1.0396231242965613e-05,0.006343097301571922,0.00010493363091719915,0.958229760769759,0.03492410734029925
244,0.0008565640920561053,6.669190471753262e-05,0.24630099347109627,4.3335690231521134e-07,0.7512302302058953,0.0015450869693323952
245,0.0008166614525461122,2.122621416462976e-06,0.00030020355761869403,1.9246846941957957e-05,0.9631400784551378,0.03572168706633888
246,0.015072925499566502,4.156362780647785e-06,0.0011307668246945991,0.0011008106066716728,0.9797430611873073,0.0029482795189794387
247,4.4711877808792864e-05,0.0009022599725830605,0.016662591477095732,9.319697592930454e-06,0.9819517027398542,0.00042941423506534775
248,0.005079234448538123,0.018112012618742453,0.003993274797755977,1.4317588261909497e-06,0.9618542351690242,0.010959811207113118
249,8.058989263457555e-06,0.0006603155701261972,0.00398588949815444,1.780917445266397e-06,0.9947214245632037,0.0006225304618069339
250,0.00010782394620118616,0.0002395696167525312,4.475897203752205e-09,0.008536253293063907,0.001436527584340931,0.9896798210837442
251,0.008775452606124178,0.002220761692949545,1.866042494966748e-05,0.04409587626796774,0.003061385231024378,0.9418278637769846
252,0.0007502843671901815,0.0025770614334575982,0.0003992018791917551,0.004040507383368777,0.0037942890449909152,0.9884386558918008
253,0.010626676871093935,2.0613100900295898e-05,4.72987570197516e-08,0.0047764818676074355,0.0028002450723252363,0.981775935789316
254,0.00020600993583178278,6.378168783894301e-05,1.4374637606801557e-08,0.03307620637965516,0.03276809181988,0.9338858958021565
255,0.030272641824726537,0.0043158106256149,0.0007183938425024967,0.007143522713897356,0.002429489456489025,0.9551201415367697
256,0.0017672215696985154,0.0006543166026456516,3.4660344822486587e-07,0.033564951620551405,0.0018568068543499262,0.9621563567493062
257,2.3347087500842928e-05,0.0001706856812381597,1.3533770133798228e-09,0.005261877158687148,0.02193603705976685,0.97260805165943
258,0.0013299336855695976,0.00011947780461286486,7.802213735439419e-07,0.015278207249275514,0.035846919669530505,0.9474246813696379
259,6.230207483431831e-05,3.238014250977625e-05,1.9308384515938247e-09,0.016183240782595868,0.0380304846633015,0.94569159040592
260,0.0004532276514634253,2.704737453423399e-05,2.5975621678732866e-08,0.005206942765383814,0.0010947011280994377,0.9932180551048975
261,0.007855521446164197,0.00037344040693482845,5.126885432520802e-07,0.02740955217807628,0.05119412679615291,0.9131668464841286
262,0.0010905344129427323,0.0001641979536904335,1.5294010031569313e-07,0.13924075919940734,0.0053209435128062435,0.8541834119810529
263,0.00025357880814133235,0.00013325851529473814,4.245511755317754e-09,0.14931690726723085,0.006646986343963088,0.8436492648198582
264,0.003918394482043557,0.001970395075326055,8.913777716273939e-05,0.03617350286826804,0.0034096758838275455,0.9544388939133721
265,0.010042409532666953,0.00014584511573890882,3.223802909728846e-08,0.2815897799678104,0.015513203533572923,0.6927087296121817
266,9.014859057421184e-05,0.00017436895833382028,1.2617904939162714e-08,0.012149254198741015,0.0008681892847450441,0.9867180263497011
267,0.0034908442741428125,0.0013452743624704617,8.151033810696662e-05,0.004290054716560573,0.003956762717263198,0.9868355535914559
268,0.00026852844130023125,9.951861152390557e-05,1.1247998146901976e-08,0.030014808396344794,0.004159516543215977,0.965457616759617
269,0.0022161005484249456,6.150854973460255e-05,1.1370032772344817e-07,0.003165336885892419,0.002307067989360644,0.9922498723262597
270,0.00017996305438792705,0.00022563872181375385,1.2653610902009362e-07,0.0015096289891897317,0.0018085978541887353,0.9962760448443109
271,7.412045459456327e-06,0.00024850204004101407,1.6393828167037902e-09,0.01564104466319384,0.05256141274726857,0.9315416268646542
272,0.11013485167481994,0.00014527382359901623,1.4399658299224516e-07,0.0152176107651035,0.0043173853934768865,0.8701847343464176
273,0.003446933168222614,0.0004937843443792525,1.1463658555503194e-07,0.12042498997024247,0.0018754441572754346,0.8737587337232946
274,0.00044044167292652247,0.0002185076143299479,1.4380836134282395e-08,0.17547466269386655,0.0013609491620991657,0.8225054244759417
275,9.003408724056605e-06,0.00020412284724371209,4.579947052205867e-09,0.01920432837166121,0.05247569591255219,0.9281068448798717
276,0.002217018698836717,0.0006574686049777152,3.0960546192391054e-05,0.0018362488539630751,0.014867608680938766,0.9803906946150912
277,0.004788563643768787,0.00016656721510733042,8.410505788156125e-06,0.006038363259567375,0.006851862058681168,0.9821462333170871
278,0.8248315626661816,0.00039982973231580737,6.039615485720664e-05,0.08475942796133254,0.0022765834540320936,0.08767220003128058
279,0.00012963455723682268,9.148292093437165e-05,8.165141362083048e-09,0.3012556700672406,0.0034403284813665207,0.6950828758080803
280,0.00018708341947813194,7.667778661082031e-05,5.752222749907645e-09,0.0027098673229507047,0.0017732827207567496,0.995253082997981
281,0.00013711964892930165,0.0001188799194706381,1.507569822342966e-07,0.00281384121616613,0.0003606832362717534,0.99656932522218
282,0.0037900043191781536,0.0008148597133166797,4.8976185435178546e-08,0.18754734672668566,0.0009556902596874965,0.8068920500049466
283,1.5668207313635683e-05,0.0001186458244214638,1.4159569759456263e-08,0.023271162544911538,0.0017406692103068059,0.9748538400534769
284,0.0034635779748604946,0.001121560068865593,0.00015655712048529122,0.009905985743043829,0.004498679473991269,0.9808536396187535
285,0.0015914805228377689,0.002465250537687647,0.0005157960912019785,0.0008510677965028658,0.001391917237694712,0.9931844878140751
286,0.00031829456666816183,0.00012332803632609718,6.622036973513659e-09,0.0033641237316656054,0.0024577325590240564,0.993736514484279
287,0.0159727371170445,0.00014037875879924303,3.781746981612835e-07,0.7555320994560857,0.008253193541385274,0.22010121295198706
288,0.0007010099546436781,0.0002270282100243613,2.648968624449546e-05,0.02585132587117085,0.0033835079652667546,0.9698106383126498
289,0.0011259735671111366,8.935715910145063e-05,5.282093449371462e-08,0.0016714337766451266,0.003990178219637452,0.9931230044565704
290,0.012635418042772715,0.0013332066323918737,0.0006484524094459588,0.002077949973899132,0.010628632459794458,0.9726763404816959
291,0.0018075849876025788,5.289716556947677e-05,4.382614888910233e-07,0.03367456749322493,0.004421138354363572,0.9600433737377505
292,0.0016091048209837132,0.001648383777305963,3.413958323871425e-05,0.026674482570083143,0.00015888218865644152,0.9698750070597321
293,0.0018319291826122315,7.087614379344765e-05,2.921617949001672e-07,0.01789574133218322,0.00434188458800389,0.9758592765916123
294,0.0015849268875062056,0.00012508980755791932,3.3968823048653454e-07,0.010228747971962179,0.003157544711846569,0.9849033509328966
295,0.007078073816273439,3.882380712182875e-05,1.7165299592182814e-07,0.0006632529145875728,0.003452311484181054,0.9887673663248401
296,0.000513751793784308,6.103968669338038e-05,4.5408409655351813e-08,0.01614706015952816,0.004240054314534537,0.9790380486370499
297,0.006313553014306854,0.0024539197996894776,2.138462025862325e-06,0.12668129675314557,0.0013494585327061361,0.8631996334381261
298,0.009452231601453755,0.007190247209399835,0.0006259019531074735,0.2919270091814357,2.3234843041075122e-05,0.6907813752115621
299,0.0008860980943238319,9.045254354927367e-05,4.996790369964933e-07,0.0023601687889311163,0.0012417039457601133,0.9954210769483988
